0 0 100 0.0 0.0 0.0
1 0 5 0.0 5.0 0.0
2 0 5 0.0 5.0 0.0
3 1 35 1.0 88.18685030395203 88.18685030395203
4 1 9 1.0 15.931997307697284 15.931997307697284
5 5 50 312.35291035940236 1222.4564081968258 381837.8168877801
6 2 28 13.494214179327372 122.22584512913716 1649.341732421874
7 0 100 0.0 0.0 0.0
8 3 119 57.02181064673912 107.12598084817145 6108.517395270634
9 1 112 1.0 22.891970023971037 22.891970023971037
10 0 100 0.0 0.0 0.0
11 0 100 0.0 0.0 0.0
12 6 44 552.5626438069447 1392.5534457950612 769473.0136509899
13 0 100 0.0 0.0 0.0
14 1 10 1.0 18.1937008646705 18.1937008646705
15 1 115 1.0 30.323695983612147 30.323695983612147
16 0 6 0.0 6.0 0.0
17 1 101 1.0 1.0 1.0
18 0 100 0.0 0.0 0.0
19 1 17 1.0 35.503281577765854 35.503281577765854
20 1 10 1.0 18.1937008646705 18.1937008646705
21 0 6 0.0 6.0 0.0
22 21 358 14374.256054893494 14324540.068106024 205904606807.53748
23 8 93 1300.1508247099457 12433.962042190109 16166026.003565632
24 0 100 0.0 0.0 0.0
25 1 26 1.0 60.63937356224698 60.63937356224698
26 0 5 0.0 5.0 0.0
27 0 100 0.0 0.0 0.0
28 1 9 1.0 15.931997307697284 15.931997307697284
29 2 29 13.494214179327372 128.5709592386038 1734.9640612072888
30 1 9 1.0 15.931997307697284 15.931997307697284
31 6 75 552.5626438069447 3862.4525781644106 2134247.0081694764
32 2 129 13.494214179327372 128.5709592386038 1734.9640612072888
33 0 100 0.0 0.0 0.0
34 5 54 312.35291035940236 1405.9451433371921 439151.0573270391
35 0 8 0.0 8.0 0.0
36 1 14 1.0 27.799106543625292 27.799106543625292
37 1 9 1.0 15.931997307697284 15.931997307697284
38 4 47 151.22372397683895 723.181183304868 109362.15164933914
39 1 8 1.0 13.734791927877684 13.734791927877684
40 2 111 13.494214179327372 31.76494829034237 428.6430156251388
41 2 40 13.494214179327372 204.4421003683832 2758.785489642506
42 0 100 0.0 0.0 0.0
43 0 100 0.0 0.0 0.0
44 0 100 0.0 0.0 0.0
45 1 12 1.0 22.891970023971037 22.891970023971037
46 0 100 0.0 0.0 0.0
47 1 112 1.0 22.891970023971037 22.891970023971037
48 1 25 1.0 57.71571011139208 57.71571011139208
49 0 100 0.0 0.0 0.0
50 1 21 1.0 46.33316012586883 46.33316012586883
51 0 5 0.0 5.0 0.0
52 0 11 0.0 11.0 0.0
53 0 100 0.0 0.0 0.0
54 3 58 57.02181064673912 629.8939717412368 35917.694784151245
55 0 5 0.0 5.0 0.0
56 24 324 18776.370315488246 21921897.481523827 411613665131.2605
57 0 100 0.0 0.0 0.0
58 0 100 0.0 0.0 0.0
59 2 130 13.494214179327372 135.01359299654277 1821.9023410158823
60 0 5 0.0 5.0 0.0
61 1 19 1.0 40.84402933782601 40.84402933782601
62 0 100 0.0 0.0 0.0
63 0 100 0.0 0.0 0.0
64 13 339 4801.088521889328 1253548.753707869 6018398533.055522
65 1 19 1.0 40.84402933782601 40.84402933782601
66 16 221 7916.453847805617 1066823.7968401734 8445461351.425989
67 0 100 0.0 0.0 0.0
68 0 100 0.0 0.0 0.0
69 0 100 0.0 0.0 0.0
70 0 100 0.0 0.0 0.0
71 1 23 1.0 51.960050539976365 51.960050539976365
72 1 13 1.0 25.320989780782124 25.320989780782124
73 2 23 13.494214179327372 92.0346545141889 1241.9353399348638
74 0 5 0.0 5.0 0.0
75 12 119 3920.792982031498 75911.14922867471 297631901.15373355
76 0 10 0.0 10.0 0.0
77 0 5 0.0 5.0 0.0
78 1 9 1.0 15.931997307697284 15.931997307697284
79 14 166 5763.781188419757 298715.23506545 1721729252.5646267
80 0 100 0.0 0.0 0.0
81 0 6 0.0 6.0 0.0
82 0 6 0.0 6.0 0.0
83 0 100 0.0 0.0 0.0
84 0 5 0.0 5.0 0.0
85 0 7 0.0 7.0 0.0
86 7 224 880.1589317377488 15376.0 13533323.734399626
87 14 200 5763.781188419757 472963.862071704 2726060211.0112443
88 0 11 0.0 11.0 0.0
89 0 100 0.0 0.0 0.0
90 0 100 0.0 0.0 0.0
91 0 100 0.0 0.0 0.0
92 2 19 13.494214179327372 69.8685662777562 942.821397754572
93 0 100 0.0 0.0 0.0
94 0 100 0.0 0.0 0.0
95 0 100 0.0 0.0 0.0
96 0 10 0.0 10.0 0.0
97 20 391 12981.212045421978 14178135.593302423 184049384545.4035
98 0 100 0.0 0.0 0.0
99 19 355 11633.622691025432 8363436.577630473 97297065544.47395
100 19 223 11633.622691025432 2367446.0414158762 27541973987.194073
101 0 100 0.0 0.0 0.0
102 21 319 14374.256054893494 10368596.396678822 149040859535.70743
103 10 108 2424.408141701412 33288.478681365275 80704858.73995586
104 14 273 5763.781188419757 1018811.257612624 5872205161.1779175
105 17 387 9095.850952291546 6049524.53280437 55025573482.6197
106 0 100 0.0 0.0 0.0
107 17 186 9095.850952291546 886760.8634756532 8065844644.499894
108 1 115 1.0 30.323695983612147 30.323695983612147
109 4 78 151.22372397683895 1719.6349352173313 260049.59878423504
110 10 183 2424.408141701412 107558.85724916201 260766569.22696835
111 1 19 1.0 40.84402933782601 40.84402933782601
112 17 410 9095.850952291546 3382320.197332155 30765080387.858612
113 20 260 12981.212045421978 4599687.797131067 59709522637.298294
114 18 284 10336.717591947081 3519157.4942347417 36376537179.48866
115 9 185 1814.8473014962385 76643.16309111417 139095637.71404466
116 0 100 0.0 0.0 0.0
117 2 36 13.494214179327372 175.6210676402407 2369.868301139548
118 12 187 3920.792982031498 219715.13514294155 861457559.9145474
119 24 334 18776.370315488246 23959592.959195837 449874190010.2259
120 0 100 0.0 0.0 0.0
121 11 163 3127.3197986346404 116050.04572860713 362925605.63952845
122 15 232 6803.971395961631 913389.9123655237 6214678837.094925
123 11 164 3127.3197986346404 117686.48609129344 368043277.9850422
124 18 260 10336.717591947081 2780474.1598489312 28740976162.064728
125 19 383 11633.622691025432 4520352.396124986 52588074206.99082
126 2 14 13.494214179327372 44.97826169706515 606.9462967540338
127 9 161 1814.8473014962385 56814.89680416015 103110362.1498173
128 16 193 7916.453847805617 753028.5341855927 5961315636.960959
129 12 236 3920.792982031498 379760.94856701704 1488964061.9911852
130 21 467 14374.256054893494 30166914.00852866 433626946344.5445
131 4 165 151.22372397683895 1259.0362466163215 190396.14983514193
132 9 176 1814.8473014962385 68835.16986212213 124925322.27230754
133 10 239 2424.408141701412 194764.40083257138 472188399.09208333
134 11 175 3127.3197986346404 136544.81137309276 427019292.0079054
135 5 95 312.35291035940236 3924.3008107112732 1225766.7793514284
136 11 223 3127.3197986346404 237835.15281631702 743786582.2137635
137 13 317 4801.088521889328 1066371.7542199977 5119745189.252619
138 16 282 7916.453847805617 1996551.0755601001 15805604444.458199
139 9 117 1814.8473014962385 28560.865627887746 51833609.91316875
140 16 455 7916.453847805617 3608736.865240595 28568398842.551888
141 13 298 4801.088521889328 342996.6210458748 1646757140.350173
142 9 206 1814.8473014962385 96621.95214237898 175354089.11089522
143 6 168 552.5626438069447 3202.3105181925803 1769477.1662232792
144 20 331 12981.212045421978 8953943.968459813 116233045297.40399
145 17 204 9095.850952291546 1129648.6433362283 10275115688.244686
146 9 217 1814.8473014962385 28560.865627887746 51833609.91316875
147 14 212 5763.781188419757 546056.5101359754 3147350240.935878
148 24 354 18776.370315488246 28400811.73215694 533264158343.4419
149 6 131 552.5626438069447 11225.205072627472 6202628.992206163
150 6 109 552.5626438069447 7896.900764171442 4363532.364131654
151 7 257 880.1589317377488 24649.0 21695037.50840377
152 18 220 10336.717591947081 1780428.524292685 18403786848.26058
153 12 206 3920.792982031498 275852.07684250775 1081558886.9629178
154 20 277 12981.212045421978 5477930.086954805 71110172028.75719
155 7 197 880.1589317377488 9409.0 8281415.388720479
156 0 100 0.0 0.0 0.0
157 12 180 3920.792982031498 200863.24359139695 787543195.8212324
158 14 383 5763.781188419757 1113333.5868109402 6417011184.096791
159 15 181 6803.971395961631 488645.0691792353 3324727073.4732094
160 3 51 57.02181064673912 513.5688732735056 29284.627045860994
161 9 146 1814.8473014962385 46021.08717513291 83521245.87171312
162 14 287 5763.781188419757 1152545.3184725586 6643019025.413391
163 16 205 7916.453847805617 879366.9620197421 6961467970.114324
164 16 400 7916.453847805617 2340864.524934954 18531345975.612984
165 12 246 3920.792982031498 418686.2065047056 1641581940.1370401
166 6 179 552.5626438069447 4266.090224510861 2357282.093174684
167 18 308 10336.717591947081 4369712.206329453 45168481034.911545
168 10 284 2424.408141701412 108870.3820957398 263946240.74305522
169 16 282 7916.453847805617 1996551.0755601001 15805604444.458199
170 21 302 14374.256054893494 8893587.75014144 127838707567.1972
171 10 306 2424.408141701412 139957.00179851436 339312894.64843744
172 19 155 11633.622691025432 882012.9217067932 10261005539.745787
173 11 189 3127.3197986346404 162853.276134606 509294274.72826755
174 6 218 552.5626438069447 9191.104391557652 5078660.942104716
175 19 264 11633.622691025432 3743211.440295205 43547109549.12428
176 12 222 3920.792982031498 328897.9287204573 1289540690.731865
177 16 219 7916.453847805617 1042175.5170884337 8250334382.34354
178 16 265 7916.453847805617 1701560.9309244899 13470328578.892887
179 5 59 312.35291035940236 1651.3976308733363 515818.85616390867
180 12 183 3920.792982031498 208823.67119914887 818754384.519676
181 8 197 1300.1508247099457 59249.14390518709 77032823.31168725
182 12 344 3920.792982031498 410726.2989583608 1610372790.491712
183 14 256 5763.781188419757 869421.7094878121 5011156493.949598
184 11 235 3127.3197986346404 75378.38222771238 235732307.12977445
185 4 151 151.22372397683895 831.5797944458234 125754.59329999167
186 13 266 4801.088521889328 224272.65998029782 1076752893.604996
187 17 203 9095.850952291546 1115193.8956847088 10143637458.053478
188 20 334 12981.212045421978 9179629.27581257 119162714127.68637
189 21 319 14374.256054893494 10368596.396678822 149040859535.70743
190 9 239 1814.8473014962385 41398.5782979627 75132098.10983834
191 14 340 5763.781188419757 741490.6921805334 4273790102.978503
192 13 215 4801.088521889328 418319.8863488232 2008390804.8273833
193 16 305 7916.453847805617 2442499.2699785414 19335932744.084034
194 11 155 3127.3197986346404 103420.77350456103 323429832.57092255
195 10 106 2424.408141701412 31933.014755119944 77418660.96138412
196 11 250 3127.3197986346404 95941.23722419069 300038930.6767143
197 4 136 151.22372397683895 458.3949685466225 69320.19419586622
198 22 409 15807.685316481819 26754305.148911238 422923636655.1181
199 8 114 1300.1508247099457 18990.417242658223 24690406.63962806
