0 1 11 1.0 20.51504931294799 20.51504931294799
1 1 38 1.0 97.81435774219185 97.81435774219185
2 1 9 1.0 15.931997307697284 15.931997307697284
3 0 100 0.0 0.0 0.0
4 1 100 1.0 0.0 0.0
5 1 108 1.0 13.734791927877684 13.734791927877684
6 0 100 0.0 0.0 0.0
7 1 14 1.0 27.799106543625292 27.799106543625292
8 0 8 0.0 8.0 0.0
9 2 30 13.494214179327372 135.01359299654277 1821.9023410158823
10 0 100 0.0 0.0 0.0
11 5 46 312.35291035940236 1050.58572833688 328153.50982807693
12 0 5 0.0 5.0 0.0
13 0 5 0.0 5.0 0.0
14 1 10 1.0 18.1937008646705 18.1937008646705
15 1 102 1.0 2.3948263510722025 2.3948263510722025
16 1 102 1.0 2.3948263510722025 2.3948263510722025
17 0 100 0.0 0.0 0.0
18 0 100 0.0 0.0 0.0
19 1 11 1.0 20.51504931294799 20.51504931294799
20 0 100 0.0 0.0 0.0
21 0 8 0.0 8.0 0.0
22 0 100 0.0 0.0 0.0
23 0 100 0.0 0.0 0.0
24 0 100 0.0 0.0 0.0
25 0 100 0.0 0.0 0.0
26 2 24 13.494214179327372 97.86086952638261 1320.555533164218
27 3 36 57.02181064673912 295.444715883087 16846.792645665024
28 1 9 1.0 15.931997307697284 15.931997307697284
29 0 6 0.0 6.0 0.0
30 3 42 57.02181064673912 377.3528472077043 21517.342600485594
31 0 5 0.0 5.0 0.0
32 0 100 0.0 0.0 0.0
33 0 6 0.0 6.0 0.0
34 0 6 0.0 6.0 0.0
35 2 9 13.494214179327372 23.78240930402918 320.92492484899776
36 1 105 1.0 7.59708563275366 7.59708563275366
37 0 100 0.0 0.0 0.0
38 2 117 13.494214179327372 59.51335422080222 803.0859483856818
39 1 21 1.0 46.33316012586883 46.33316012586883
40 0 100 0.0 0.0 0.0
41 0 5 0.0 5.0 0.0
42 0 100 0.0 0.0 0.0
43 0 5 0.0 5.0 0.0
44 0 100 0.0 0.0 0.0
45 4 69 151.22372397683895 1394.4010936602072 210866.52610067354
46 1 28 1.0 66.57403288693754 66.57403288693754
47 5 80 312.35291035940236 2871.732646582133 896994.0499340383
48 10 229 2424.408141701412 177103.49418596612 429371153.228225
49 1 28 1.0 66.57403288693754 66.57403288693754
50 3 135 57.02181064673912 282.5239294230334 16110.026006732896
51 1 26 1.0 60.63937356224698 60.63937356224698
52 1 11 1.0 20.51504931294799 20.51504931294799
53 0 5 0.0 5.0 0.0
54 0 7 0.0 7.0 0.0
55 2 30 13.494214179327372 135.01359299654277 1821.9023410158823
56 1 12 1.0 22.891970023971037 22.891970023971037
57 2 18 13.494214179327372 64.62733255388774 872.0950673207774
58 1 19 1.0 40.84402933782601 40.84402933782601
59 0 100 0.0 0.0 0.0
60 0 8 0.0 8.0 0.0
61 2 14 13.494214179327372 44.97826169706515 606.9462967540338
62 0 100 0.0 0.0 0.0
63 0 100 0.0 0.0 0.0
64 0 5 0.0 5.0 0.0
65 0 100 0.0 0.0 0.0
66 0 6 0.0 6.0 0.0
67 0 100 0.0 0.0 0.0
68 0 100 0.0 0.0 0.0
69 3 36 57.02181064673912 295.444715883087 16846.792645665024
70 1 17 1.0 35.503281577765854 35.503281577765854
71 0 100 0.0 0.0 0.0
72 0 6 0.0 6.0 0.0
73 0 100 0.0 0.0 0.0
74 0 5 0.0 5.0 0.0
75 0 5 0.0 5.0 0.0
76 3 21 57.02181064673912 125.57185196799401 7160.33436547931
77 1 13 1.0 25.320989780782124 25.320989780782124
78 0 100 0.0 0.0 0.0
79 1 17 1.0 35.503281577765854 35.503281577765854
80 0 100 0.0 0.0 0.0
81 0 100 0.0 0.0 0.0
82 0 100 0.0 0.0 0.0
83 1 108 1.0 13.734791927877684 13.734791927877684
84 1 18 1.0 38.15436697768484 38.15436697768484
85 0 8 0.0 8.0 0.0
86 0 100 0.0 0.0 0.0
87 0 9 0.0 9.0 0.0
88 0 10 0.0 10.0 0.0
89 0 9 0.0 9.0 0.0
90 0 5 0.0 5.0 0.0
91 0 5 0.0 5.0 0.0
92 0 5 0.0 5.0 0.0
93 0 8 0.0 8.0 0.0
94 0 100 0.0 0.0 0.0
95 0 9 0.0 9.0 0.0
96 2 17 13.494214179327372 59.51335422080222 803.0859483856818
97 0 5 0.0 5.0 0.0
98 0 6 0.0 6.0 0.0
99 0 5 0.0 5.0 0.0
100 4 25 151.22372397683895 245.72185754407212 37158.974360320906
101 0 100 0.0 0.0 0.0
102 2 12 13.494214179327372 36.01211998010309 485.95526006314566
103 0 100 0.0 0.0 0.0
104 2 8 13.494214179327372 20.066939702021244 270.7875822627225
105 2 17 13.494214179327372 59.51335422080222 803.0859483856818
106 6 85 552.5626438069447 4907.334112484054 2711609.5112381955
107 0 5 0.0 5.0 0.0
108 1 9 1.0 15.931997307697284 15.931997307697284
109 1 17 1.0 35.503281577765854 35.503281577765854
110 4 86 151.22372397683895 2032.1034843472744 307302.2564093049
111 1 16 1.0 32.892441635375256 32.892441635375256
112 1 30 1.0 72.61998620345668 72.61998620345668
113 0 100 0.0 0.0 0.0
114 3 127 57.02181064673912 187.1321231368427 10670.612491431313
115 2 29 13.494214179327372 128.5709592386038 1734.9640612072888
116 2 27 13.494214179327372 115.98017876588344 1565.0613728235076
117 0 100 0.0 0.0 0.0
118 1 11 1.0 20.51504931294799 20.51504931294799
119 1 100 1.0 0.0 0.0
120 3 52 57.02181064673912 529.6457757489877 30201.361134604027
121 1 21 1.0 46.33316012586883 46.33316012586883
122 1 108 1.0 13.734791927877684 13.734791927877684
123 2 31 13.494214179327372 141.5519192260369 1910.1319155309898
124 0 100 0.0 0.0 0.0
125 6 181 552.5626438069447 4475.076918624486 2472760.3333945815
126 4 61 151.22372397683895 1129.4605717070829 170801.2337385546
127 0 5 0.0 5.0 0.0
128 1 16 1.0 32.892441635375256 32.892441635375256
129 1 21 1.0 46.33316012586883 46.33316012586883
130 4 117 151.22372397683895 3439.917895154233 520197.1942797926
131 1 9 1.0 15.931997307697284 15.931997307697284
132 2 28 13.494214179327372 122.22584512913716 1649.341732421874
133 6 54 552.5626438069447 2060.392896912961 1138496.1463992754
134 8 85 1300.1508247099457 10312.241978741979 13407469.913269905
135 4 73 151.22372397683895 1535.4556318691968 232197.31865247028
136 0 100 0.0 0.0 0.0
137 1 101 1.0 1.0 1.0
138 6 180 552.5626438069447 4369.987349380403 2414691.7631765385
139 2 113 13.494214179327372 40.41888428935346 545.4210814899858
140 4 82 151.22372397683895 1873.1633591984112 283266.73879494896
141 2 24 13.494214179327372 97.86086952638261 1320.555533164218
142 2 21 13.494214179327372 80.71796600694597 1089.2255214173952
143 1 13 1.0 25.320989780782124 25.320989780782124
144 0 100 0.0 0.0 0.0
145 2 37 13.494214179327372 182.69988024795316 2465.3913146033424
146 1 35 1.0 88.18685030395203 88.18685030395203
147 0 10 0.0 10.0 0.0
148 1 11 1.0 20.51504931294799 20.51504931294799
149 0 100 0.0 0.0 0.0
150 9 131 1814.8473014962385 36435.331696668785 66124563.40881971
151 2 30 13.494214179327372 135.01359299654277 1821.9023410158823
152 7 109 880.1589317377488 11881.0 10457168.267976195
153 1 10 1.0 18.1937008646705 18.1937008646705
154 1 30 1.0 72.61998620345668 72.61998620345668
155 3 61 57.02181064673912 682.3928350558612 38911.2750272468
156 2 10 13.494214179327372 27.685321443873434 373.59165718715303
157 4 84 151.22372397683895 1951.9617083430758 295182.9185958323
158 0 100 0.0 0.0 0.0
159 1 39 1.0 101.06849300292524 101.06849300292524
160 2 31 13.494214179327372 141.5519192260369 1910.1319155309898
161 0 100 0.0 0.0 0.0
162 1 20 1.0 43.57075425423803 43.57075425423803
163 1 104 1.0 5.735193251789799 5.735193251789799
164 2 59 13.494214179327372 358.10513855020525 4832.347438314173
165 2 19 13.494214179327372 69.8685662777562 942.821397754572
166 1 103 1.0 3.9914906122521803 3.9914906122521803
167 1 21 1.0 46.33316012586883 46.33316012586883
168 1 102 1.0 2.3948263510722025 2.3948263510722025
169 2 119 13.494214179327372 69.8685662777562 942.821397754572
170 2 19 13.494214179327372 69.8685662777562 942.821397754572
171 4 45 151.22372397683895 671.3571728121805 101525.13179122015
172 1 9 1.0 15.931997307697284 15.931997307697284
173 2 27 13.494214179327372 115.98017876588344 1565.0613728235076
174 1 30 1.0 72.61998620345668 72.61998620345668
175 0 100 0.0 0.0 0.0
176 1 17 1.0 35.503281577765854 35.503281577765854
177 5 79 312.35291035940236 2806.8374672292675 876723.8517948753
178 2 57 13.494214179327372 340.72951581223015 4597.877063588746
179 3 117 57.02181064673912 89.78750677036001 5119.846209502275
180 2 50 13.494214179327372 282.0582186126376 3806.1540129984737
181 0 100 0.0 0.0 0.0
182 2 39 13.494214179327372 197.11162840858907 2659.8665309814905
183 1 10 1.0 18.1937008646705 18.1937008646705
184 2 36 13.494214179327372 175.6210676402407 2369.868301139548
185 2 120 13.494214179327372 75.23327232919837 1015.2138902218663
186 4 66 151.22372397683895 1292.338741426653 195432.27711807963
187 5 55 312.35291035940236 1453.6132803589628 454040.3386571999
188 1 6 1.0 9.55892689827884 9.55892689827884
189 2 24 13.494214179327372 97.86086952638261 1320.555533164218
190 4 60 151.22372397683895 1097.9836363389938 166041.17435281392
191 1 5 1.0 7.59708563275366 7.59708563275366
192 0 100 0.0 0.0 0.0
193 1 13 1.0 25.320989780782124 25.320989780782124
194 8 172 1300.1508247099457 7301.419138371939 9492946.114307258
195 3 75 57.02181064673912 947.2709566120693 54015.10511908885
196 9 130 1814.8473014962385 35838.75307275326 65041864.303076275
197 1 21 1.0 46.33316012586883 46.33316012586883
198 3 17 57.02181064673912 89.78750677036001 5119.846209502275
199 0 8 0.0 8.0 0.0
