0 0 100 0.0 0.0 0.0
1 10 127 2424.408141701412 47732.874639030575 115723969.90167858
2 0 5 0.0 5.0 0.0
3 11 203 3127.3197986346404 191799.3621175754 599817942.5157883
4 0 100 0.0 0.0 0.0
5 25 442 20302.483562333644 68715240.71834683 1395090045166.0361
6 0 6 0.0 6.0 0.0
7 10 142 2424.408141701412 61185.206070824126 148337911.74978468
8 0 100 0.0 0.0 0.0
9 0 100 0.0 0.0 0.0
10 0 10 0.0 10.0 0.0
11 0 6 0.0 6.0 0.0
12 1 8 1.0 13.734791927877684 13.734791927877684
13 0 100 0.0 0.0 0.0
14 0 100 0.0 0.0 0.0
15 0 100 0.0 0.0 0.0
16 11 284 3127.3197986346404 153157.55954963647 478972668.29014206
17 0 100 0.0 0.0 0.0
18 3 11 57.02181064673912 44.98915580191157 2565.363123293246
19 0 100 0.0 0.0 0.0
20 1 15 1.0 30.323695983612147 30.323695983612147
21 13 217 4801.088521889328 427760.1792612994 2053714486.7727458
22 1 108 1.0 13.734791927877684 13.734791927877684
23 1 110 1.0 18.1937008646705 18.1937008646705
24 11 242 3127.3197986346404 286797.13073296356 896906345.1328043
25 0 100 0.0 0.0 0.0
26 19 375 11633.622691025432 9705006.236082466 112904380764.6323
27 0 100 0.0 0.0 0.0
28 21 356 14374.256054893494 14101432.877788752 202697606926.22916
29 0 10 0.0 10.0 0.0
30 0 100 0.0 0.0 0.0
31 0 9 0.0 9.0 0.0
32 0 100 0.0 0.0 0.0
33 11 121 3127.3197986346404 58666.226571061445 183468051.86686605
34 0 7 0.0 7.0 0.0
35 0 100 0.0 0.0 0.0
36 1 14 1.0 27.799106543625292 27.799106543625292
37 6 90 552.5626438069447 5474.33581455389 3024913.4707769416
38 0 100 0.0 0.0 0.0
39 0 100 0.0 0.0 0.0
40 0 100 0.0 0.0 0.0
41 0 100 0.0 0.0 0.0
42 0 6 0.0 6.0 0.0
43 9 131 1814.8473014962385 36435.331696668785 66124563.40881971
44 0 100 0.0 0.0 0.0
45 6 65 552.5626438069447 2937.504168606418 1623155.0695990834
46 0 100 0.0 0.0 0.0
47 0 100 0.0 0.0 0.0
48 0 10 0.0 10.0 0.0
49 0 10 0.0 10.0 0.0
50 26 453 21850.715853258855 92959677.0 2031235487937.7224
51 3 70 57.02181064673912 849.0056290582019 48411.838218172416
52 3 27 57.02181064673912 187.1321231368427 10670.612491431313
53 0 100 0.0 0.0 0.0
54 13 237 4801.088521889328 529031.2851182016 2539926030.7013583
55 0 100 0.0 0.0 0.0
56 5 68 312.35291035940236 2137.419079796989 667629.0702323052
57 18 235 10336.717591947081 2123055.722253137 21945427432.897915
58 8 182 1300.1508247099457 50250.2160212472 65332859.80187748
59 0 100 0.0 0.0 0.0
60 0 100 0.0 0.0 0.0
61 1 19 1.0 40.84402933782601 40.84402933782601
62 13 289 4801.088521889328 853323.878522873 4096883478.630249
63 13 199 4801.088521889328 347186.6030127656 1666873614.6783357
64 0 6 0.0 6.0 0.0
65 1 17 1.0 35.503281577765854 35.503281577765854
66 0 100 0.0 0.0 0.0
67 15 208 6803.971395961631 693671.0685191004 4719718108.4101
68 5 179 312.35291035940236 2806.8374672292675 876723.8517948753
69 1 111 1.0 20.51504931294799 20.51504931294799
70 1 9 1.0 15.931997307697284 15.931997307697284
71 2 14 13.494214179327372 44.97826169706515 606.9462967540338
72 0 100 0.0 0.0 0.0
73 1 7 1.0 11.607984241186918 11.607984241186918
74 1 23 1.0 51.960050539976365 51.960050539976365
75 0 100 0.0 0.0 0.0
76 0 100 0.0 0.0 0.0
77 1 16 1.0 32.892441635375256 32.892441635375256
78 0 5 0.0 5.0 0.0
79 2 160 13.494214179327372 366.8916913478798 4950.9150636639615
80 0 100 0.0 0.0 0.0
81 0 6 0.0 6.0 0.0
82 0 100 0.0 0.0 0.0
83 0 100 0.0 0.0 0.0
84 0 5 0.0 5.0 0.0
85 0 100 0.0 0.0 0.0
86 7 101 880.1589317377488 10201.0 8978501.262656776
87 0 100 0.0 0.0 0.0
88 0 100 0.0 0.0 0.0
89 0 100 0.0 0.0 0.0
90 1 12 1.0 22.891970023971037 22.891970023971037
91 0 100 0.0 0.0 0.0
92 0 100 0.0 0.0 0.0
93 0 100 0.0 0.0 0.0
94 8 293 1300.1508247099457 56774.16885989784 73814982.4654179
95 0 5 0.0 5.0 0.0
96 9 137 1814.8473014962385 40125.91166909431 72822402.51273224
97 11 140 3127.3197986346404 81923.15277315897 256199897.6340704
98 30 481 28187.918329013766 266464065.55809346 7511067317568.509
99 0 5 0.0 5.0 0.0
100 1 28 1.0 66.57403288693754 66.57403288693754
101 10 87 2424.408141701412 20580.323783810163 49895104.540320575
102 19 295 11633.622691025432 5059742.205266074 58863131729.92246
103 15 235 6803.971395961631 943445.0730592516 6419173290.75608
104 14 237 5763.781188419757 718841.3389030525 4143244186.6278853
105 17 251 9095.850952291546 1945020.81997725 17691619477.616955
106 18 389 10336.717591947081 8147526.586164821 84218681394.06645
107 6 117 552.5626438069447 9042.681338614557 4996647.907568581
108 17 324 9095.850952291546 3797425.219187417 34540813796.201805
109 16 211 7916.453847805617 947075.6893985047 7497480985.50195
110 11 239 3127.3197986346404 80589.62366227401 252029525.6435442
111 28 448 24997.705637318726 139818955.0218779 3495153080154.411
112 4 105 151.22372397683895 2858.808634191098 432319.6877995186
113 27 490 23417.05273547914 147577364.00287306 3455826915418.28
114 12 156 3920.792982031498 143472.92176020972 562527624.7489845
115 17 332 9095.850952291546 1582458.317989518 14393804998.646635
116 17 371 9095.850952291546 5415824.245013857 49261530116.45294
117 23 372 17276.616480405057 25985369.75921633 448939267431.49603
118 18 339 10336.717591947081 5644026.527050734 58340708291.58131
119 15 295 6803.971395961631 1673252.5473727717 11384762470.544271
120 14 277 5763.781188419757 1056022.3206510819 6086681586.320083
121 20 352 12981.212045421978 10610066.855406556 137731527666.13608
122 19 397 11633.622691025432 11329291.034680726 131800697254.29268
123 21 306 14374.256054893494 9227609.38470213 132640020070.24661
124 26 454 21850.715853258855 93576664.0 2044717095559.8772
125 25 411 20302.483562333644 55398259.55716499 1124722254041.2349
126 14 239 5763.781188419757 733894.4795303408 4230007195.4020867
127 7 106 880.1589317377488 11236.0 9889465.757005347
128 16 246 7916.453847805617 1405294.7550427103 11124951070.858917
129 11 183 3127.3197986346404 151258.56329001058 473033899.6898809
130 21 382 14374.256054893494 7339971.46272728 105506629240.85307
131 9 182 1814.8473014962385 73990.54056378055 134281532.87842512
132 16 213 7916.453847805617 970330.3386653488 7681575343.169828
133 17 249 9095.850952291546 1904665.949099036 17324557586.909748
134 29 415 26589.10945763286 136421917.0982748 3627337286146.1445
135 21 439 14374.256054893494 25368191.97524618 364648887101.88293
136 14 212 5763.781188419757 546056.5101359754 3147350240.935878
137 12 219 3920.792982031498 318542.5349918841 1248939335.674702
138 17 237 9095.850952291546 1673405.8820999332 15221050486.268953
139 11 216 3127.3197986346404 221087.86970014448 691412472.1512175
140 23 409 17276.616480405057 34159667.71442179 590163478200.14
141 12 312 3920.792982031498 295116.9848141019 1157092602.9374268
142 18 296 10336.717591947081 3930057.2443779106 40623891855.32022
143 12 281 3920.792982031498 203496.96985951904 797869491.2898775
144 16 265 7916.453847805617 1701560.9309244899 13470328578.892887
145 12 188 3920.792982031498 222487.8177576797 872328674.4518135
146 15 247 6803.971395961631 1069592.9085283494 7277479554.9502945
147 17 299 9095.850952291546 3076762.415026566 27985772342.69423
148 13 340 4801.088521889328 545315.3356418483 2618107198.760304
149 12 335 3920.792982031498 375988.1101704417 1474171543.6835535
150 23 366 17276.616480405057 24794707.412177995 428368650704.0558
151 13 267 4801.088521889328 705078.2947892806 3385143308.1461153
152 17 221 9095.850952291546 1393303.9743108987 12673285281.567385
153 20 268 12981.212045421978 5000803.464374123 64916490168.521324
154 22 359 15807.685316481819 18464975.370927818 291888520040.2141
155 21 348 14374.256054893494 13231375.76920928 190191183265.12756
156 16 381 7916.453847805617 4327976.3290645825 34262224863.434944
157 17 379 9095.850952291546 5727254.976855975 52094257635.251915
158 13 153 4801.088521889328 184254.09621895975 884620226.4679395
159 12 286 3920.792982031498 216962.41681964806 850664721.2310687
160 16 285 7916.453847805617 2051622.2315091447 16241572708.874115
161 22 339 15807.685316481819 15687414.583907524 247981713171.59772
162 11 154 3127.3197986346404 101899.54622880445 318672468.39322597
163 12 215 3920.792982031498 305030.63425581815 1195961970.0948284
164 16 309 7916.453847805617 2525715.3266363554 19994708816.011997
165 11 185 3127.3197986346404 155069.9102871652 484953200.61354923
166 24 337 18776.370315488246 24594311.300665144 461791896635.6861
167 23 445 17276.616480405057 43570463.07401536 752750180403.4137
168 26 401 21850.715853258855 64481201.0 1408960400927.8706
169 23 388 17276.616480405057 29341538.884173915 506922514246.76483
170 15 211 6803.971395961631 719158.772822779 4893135719.441057
171 13 200 4801.088521889328 351406.3812696562 1687133143.6324112
172 18 311 10336.717591947081 4484209.88753331 46352011230.44861
173 13 286 4801.088521889328 295018.3746080933 1416409332.0773628
174 15 287 6803.971395961631 1561256.5726585807 10622745062.126076
175 15 212 6803.971395961631 727778.1968317925 4951782033.84805
176 16 375 7916.453847805617 4154886.9585269336 32891970850.027924
177 16 220 7916.453847805617 1054455.6464504753 8347549459.683225
178 12 133 3920.792982031498 98602.0705884187 386598306.37684643
179 14 193 5763.781188419757 433180.6334596087 2496758386.3222466
180 15 205 6803.971395961631 668736.0004280698 4550060618.362372
181 10 126 2424.408141701412 46901.01863245811 113707211.42662106
182 13 259 4801.088521889328 655232.9932536905 3145831603.073481
183 13 283 4801.088521889328 283680.1788009205 1361973650.3286116
184 19 280 11633.622691025432 4391459.388953295 51088581594.043724
185 16 293 7916.453847805617 2202983.776159344 17439819391.429985
186 21 485 14374.256054893494 17561542.212646578 252434104483.40277
187 15 268 6803.971395961631 1313760.7356072676 8938790466.20936
188 0 100 0.0 0.0 0.0
189 15 388 6803.971395961631 1575000.625354255 10716259203.532032
190 28 491 24997.705637318726 185291265.53257066 4631856512949.463
191 14 293 5763.781188419757 1212882.4474531729 6990789034.395112
192 13 187 4801.088521889328 298855.6518209848 1434832439.6594834
193 23 319 17276.616480405057 16679463.3557904 288164691496.9607
194 16 227 7916.453847805617 1142893.8972792348 9047666790.749756
195 17 331 9095.850952291546 4016220.324193155 36530941460.42497
196 25 366 20302.483562333644 39291864.43006164 797722431724.7684
197 18 285 10336.717591947081 3552319.924994193 36719327860.91161
198 14 271 5763.781188419757 1000502.6462075082 5766678331.175023
199 26 436 21850.715853258855 82881856.0 1811027884846.7175
