0 2 10 13.494214179327372 27.685321443873434 373.59165718715303
1 0 100 0.0 0.0 0.0
2 0 5 0.0 5.0 0.0
3 0 100 0.0 0.0 0.0
4 1 9 1.0 15.931997307697284 15.931997307697284
5 0 100 0.0 0.0 0.0
6 1 103 1.0 3.9914906122521803 3.9914906122521803
7 1 16 1.0 32.892441635375256 32.892441635375256
8 0 9 0.0 9.0 0.0
9 2 29 13.494214179327372 128.5709592386038 1734.9640612072888
10 1 17 1.0 35.503281577765854 35.503281577765854
11 0 100 0.0 0.0 0.0
12 0 9 0.0 9.0 0.0
13 1 106 1.0 9.55892689827884 9.55892689827884
14 0 100 0.0 0.0 0.0
15 3 33 57.02181064673912 257.33012181535685 14673.42947985759
16 0 100 0.0 0.0 0.0
17 0 100 0.0 0.0 0.0
18 4 42 151.22372397683895 596.6466987883373 90227.1356892597
19 1 8 1.0 13.734791927877684 13.734791927877684
20 2 11 13.494214179327372 31.76494829034237 428.6430156251388
21 2 15 13.494214179327372 49.68406405407534 670.4474016451129
22 0 100 0.0 0.0 0.0
23 0 100 0.0 0.0 0.0
24 0 100 0.0 0.0 0.0
25 1 18 1.0 38.15436697768484 38.15436697768484
26 0 100 0.0 0.0 0.0
27 2 14 13.494214179327372 44.97826169706515 606.9462967540338
28 0 100 0.0 0.0 0.0
29 0 5 0.0 5.0 0.0
30 1 14 1.0 27.799106543625292 27.799106543625292
31 0 5 0.0 5.0 0.0
32 1 15 1.0 30.323695983612147 30.323695983612147
33 0 100 0.0 0.0 0.0
34 1 29 1.0 69.58346013935528 69.58346013935528
35 0 6 0.0 6.0 0.0
36 0 100 0.0 0.0 0.0
37 0 100 0.0 0.0 0.0
38 2 30 13.494214179327372 135.01359299654277 1821.9023410158823
39 0 100 0.0 0.0 0.0
40 1 19 1.0 40.84402933782601 40.84402933782601
41 0 10 0.0 10.0 0.0
42 2 22 13.494214179327372 86.31942417916456 1164.8127977098563
43 1 8 1.0 13.734791927877684 13.734791927877684
44 0 100 0.0 0.0 0.0
45 1 6 1.0 9.55892689827884 9.55892689827884
46 0 5 0.0 5.0 0.0
47 0 100 0.0 0.0 0.0
48 1 14 1.0 27.799106543625292 27.799106543625292
49 0 100 0.0 0.0 0.0
50 1 8 1.0 13.734791927877684 13.734791927877684
51 0 100 0.0 0.0 0.0
52 2 17 13.494214179327372 59.51335422080222 803.0859483856818
53 0 5 0.0 5.0 0.0
54 1 101 1.0 1.0 1.0
55 0 5 0.0 5.0 0.0
56 1 19 1.0 40.84402933782601 40.84402933782601
57 0 5 0.0 5.0 0.0
58 0 100 0.0 0.0 0.0
59 1 16 1.0 32.892441635375256 32.892441635375256
60 0 100 0.0 0.0 0.0
61 0 100 0.0 0.0 0.0
62 0 100 0.0 0.0 0.0
63 0 100 0.0 0.0 0.0
64 1 28 1.0 66.57403288693754 66.57403288693754
65 0 6 0.0 6.0 0.0
66 0 5 0.0 5.0 0.0
67 0 100 0.0 0.0 0.0
68 1 9 1.0 15.931997307697284 15.931997307697284
69 0 100 0.0 0.0 0.0
70 1 11 1.0 20.51504931294799 20.51504931294799
71 0 100 0.0 0.0 0.0
72 1 101 1.0 1.0 1.0
73 0 6 0.0 6.0 0.0
74 0 100 0.0 0.0 0.0
75 0 100 0.0 0.0 0.0
76 2 110 13.494214179327372 27.685321443873434 373.59165718715303
77 0 100 0.0 0.0 0.0
78 0 100 0.0 0.0 0.0
79 0 7 0.0 7.0 0.0
80 0 6 0.0 6.0 0.0
81 0 100 0.0 0.0 0.0
82 0 100 0.0 0.0 0.0
83 3 42 57.02181064673912 377.3528472077043 21517.342600485594
84 1 12 1.0 22.891970023971037 22.891970023971037
85 0 5 0.0 5.0 0.0
86 1 9 1.0 15.931997307697284 15.931997307697284
87 0 100 0.0 0.0 0.0
88 2 10 13.494214179327372 27.685321443873434 373.59165718715303
89 0 5 0.0 5.0 0.0
90 0 5 0.0 5.0 0.0
91 1 11 1.0 20.51504931294799 20.51504931294799
92 0 100 0.0 0.0 0.0
93 0 7 0.0 7.0 0.0
94 1 31 1.0 75.68293941204132 75.68293941204132
95 2 27 13.494214179327372 115.98017876588344 1565.0613728235076
96 1 109 1.0 15.931997307697284 15.931997307697284
97 0 10 0.0 10.0 0.0
98 0 100 0.0 0.0 0.0
99 0 100 0.0 0.0 0.0
100 1 12 1.0 22.891970023971037 22.891970023971037
101 1 8 1.0 13.734791927877684 13.734791927877684
102 0 5 0.0 5.0 0.0
103 1 110 1.0 18.1937008646705 18.1937008646705
104 3 54 57.02181064673912 562.3460860297637 32065.99203552405
105 0 100 0.0 0.0 0.0
106 0 7 0.0 7.0 0.0
107 1 10 1.0 18.1937008646705 18.1937008646705
108 0 100 0.0 0.0 0.0
109 2 22 13.494214179327372 86.31942417916456 1164.8127977098563
110 1 10 1.0 18.1937008646705 18.1937008646705
111 1 10 1.0 18.1937008646705 18.1937008646705
112 0 8 0.0 8.0 0.0
113 0 100 0.0 0.0 0.0
114 0 100 0.0 0.0 0.0
115 1 19 1.0 40.84402933782601 40.84402933782601
116 1 21 1.0 46.33316012586883 46.33316012586883
117 0 13 0.0 13.0 0.0
118 0 100 0.0 0.0 0.0
119 1 11 1.0 20.51504931294799 20.51504931294799
120 1 107 1.0 11.607984241186918 11.607984241186918
121 1 107 1.0 11.607984241186918 11.607984241186918
122 1 107 1.0 11.607984241186918 11.607984241186918
123 1 29 1.0 69.58346013935528 69.58346013935528
124 1 12 1.0 22.891970023971037 22.891970023971037
125 1 28 1.0 66.57403288693754 66.57403288693754
126 0 100 0.0 0.0 0.0
127 1 19 1.0 40.84402933782601 40.84402933782601
128 3 19 57.02181064673912 107.12598084817145 6108.517395270634
129 0 5 0.0 5.0 0.0
130 1 10 1.0 18.1937008646705 18.1937008646705
131 4 31 151.22372397683895 354.97079584466536 53680.00565065253
132 0 5 0.0 5.0 0.0
133 0 9 0.0 9.0 0.0
134 9 86 1814.8473014962385 14714.671503515654 26704881.870558985
135 2 31 13.494214179327372 141.5519192260369 1910.1319155309898
136 0 100 0.0 0.0 0.0
137 0 100 0.0 0.0 0.0
138 5 61 312.35291035940236 1754.5251914699081 548031.0498545135
139 1 10 1.0 18.1937008646705 18.1937008646705
140 0 100 0.0 0.0 0.0
141 1 16 1.0 32.892441635375256 32.892441635375256
142 1 10 1.0 18.1937008646705 18.1937008646705
143 1 6 1.0 9.55892689827884 9.55892689827884
144 0 100 0.0 0.0 0.0
145 0 100 0.0 0.0 0.0
146 0 100 0.0 0.0 0.0
147 1 14 1.0 27.799106543625292 27.799106543625292
148 3 39 57.02181064673912 335.47304520277595 19129.280460637645
149 2 29 13.494214179327372 128.5709592386038 1734.9640612072888
150 0 100 0.0 0.0 0.0
151 2 22 13.494214179327372 86.31942417916456 1164.8127977098563
152 1 13 1.0 25.320989780782124 25.320989780782124
153 0 100 0.0 0.0 0.0
154 1 16 1.0 32.892441635375256 32.892441635375256
155 5 63 312.35291035940236 1860.4532693243248 581117.9932611178
156 1 16 1.0 32.892441635375256 32.892441635375256
157 4 86 151.22372397683895 2032.1034843472744 307302.2564093049
158 1 13 1.0 25.320989780782124 25.320989780782124
159 1 12 1.0 22.891970023971037 22.891970023971037
160 0 100 0.0 0.0 0.0
161 1 9 1.0 15.931997307697284 15.931997307697284
162 4 93 151.22372397683895 2323.049658002374 351300.2202662412
163 1 108 1.0 13.734791927877684 13.734791927877684
164 3 10 57.02181064673912 38.67239348588604 2205.169898608381
165 0 5 0.0 5.0 0.0
166 3 35 57.02181064673912 282.5239294230334 16110.026006732896
167 1 12 1.0 22.891970023971037 22.891970023971037
168 2 18 13.494214179327372 64.62733255388774 872.0950673207774
169 2 20 13.494214179327372 75.23327232919837 1015.2138902218663
170 3 35 57.02181064673912 282.5239294230334 16110.026006732896
171 2 36 13.494214179327372 175.6210676402407 2369.868301139548
172 2 31 13.494214179327372 141.5519192260369 1910.1319155309898
173 3 32 57.02181064673912 245.06238675558936 13973.901014215166
174 1 5 1.0 7.59708563275366 7.59708563275366
175 1 18 1.0 38.15436697768484 38.15436697768484
176 2 20 13.494214179327372 75.23327232919837 1015.2138902218663
177 1 12 1.0 22.891970023971037 22.891970023971037
178 6 155 552.5626438069447 2133.9982456992793 1179167.7125229759
179 2 28 13.494214179327372 122.22584512913716 1649.341732421874
180 1 11 1.0 20.51504931294799 20.51504931294799
181 4 34 151.22372397683895 415.7115691523703 62865.45158747665
182 2 111 13.494214179327372 31.76494829034237 428.6430156251388
183 1 12 1.0 22.891970023971037 22.891970023971037
184 0 5 0.0 5.0 0.0
185 3 8 57.02181064673912 27.137259985193985 1547.4157003470618
186 1 8 1.0 13.734791927877684 13.734791927877684
187 2 16 13.494214179327372 54.53075711894446 735.8497159239173
188 3 42 57.02181064673912 377.3528472077043 21517.342600485594
189 1 14 1.0 27.799106543625292 27.799106543625292
190 0 100 0.0 0.0 0.0
191 3 29 57.02181064673912 209.61005902119368 11952.345095158316
192 1 15 1.0 30.323695983612147 30.323695983612147
193 1 15 1.0 30.323695983612147 30.323695983612147
194 3 27 57.02181064673912 187.1321231368427 10670.612491431313
195 6 78 552.5626438069447 4163.386850757332 2300532.045445541
196 3 35 57.02181064673912 282.5239294230334 16110.026006732896
197 2 15 13.494214179327372 49.68406405407534 670.4474016451129
198 1 25 1.0 57.71571011139208 57.71571011139208
199 2 13 13.494214179327372 40.41888428935346 545.4210814899858
