0 1 6 1.0 9.55892689827884 9.55892689827884
1 1 13 1.0 25.320989780782124 25.320989780782124
2 1 10 1.0 18.1937008646705 18.1937008646705
3 0 100 0.0 0.0 0.0
4 1 14 1.0 27.799106543625292 27.799106543625292
5 0 100 0.0 0.0 0.0
6 2 27 13.494214179327372 115.98017876588344 1565.0613728235076
7 2 22 13.494214179327372 86.31942417916456 1164.8127977098563
8 0 6 0.0 6.0 0.0
9 0 5 0.0 5.0 0.0
10 1 18 1.0 38.15436697768484 38.15436697768484
11 1 15 1.0 30.323695983612147 30.323695983612147
12 2 23 13.494214179327372 92.0346545141889 1241.9353399348638
13 2 30 13.494214179327372 135.01359299654277 1821.9023410158823
14 0 100 0.0 0.0 0.0
15 0 100 0.0 0.0 0.0
16 0 5 0.0 5.0 0.0
17 0 100 0.0 0.0 0.0
18 1 24 1.0 54.8222930413608 54.8222930413608
19 0 100 0.0 0.0 0.0
20 0 100 0.0 0.0 0.0
21 0 100 0.0 0.0 0.0
22 0 5 0.0 5.0 0.0
23 0 100 0.0 0.0 0.0
24 0 5 0.0 5.0 0.0
25 1 22 1.0 49.12998068819353 49.12998068819353
26 0 5 0.0 5.0 0.0
27 0 5 0.0 5.0 0.0
28 2 21 13.494214179327372 80.71796600694597 1089.2255214173952
29 1 19 1.0 40.84402933782601 40.84402933782601
30 4 46 151.22372397683895 697.0692055589992 105413.40113420851
31 0 100 0.0 0.0 0.0
32 0 100 0.0 0.0 0.0
33 2 26 13.494214179327372 109.8359986590007 1482.1504905048694
34 2 33 13.494214179327372 154.90879557685506 2090.372465775723
35 1 105 1.0 7.59708563275366 7.59708563275366
36 0 6 0.0 6.0 0.0
37 0 5 0.0 5.0 0.0
38 0 5 0.0 5.0 0.0
39 0 100 0.0 0.0 0.0
40 1 5 1.0 7.59708563275366 7.59708563275366
41 2 17 13.494214179327372 59.51335422080222 803.0859483856818
42 0 100 0.0 0.0 0.0
43 0 100 0.0 0.0 0.0
44 1 16 1.0 32.892441635375256 32.892441635375256
45 1 14 1.0 27.799106543625292 27.799106543625292
46 1 105 1.0 7.59708563275366 7.59708563275366
47 0 100 0.0 0.0 0.0
48 0 100 0.0 0.0 0.0
49 0 100 0.0 0.0 0.0
50 0 6 0.0 6.0 0.0
51 1 9 1.0 15.931997307697284 15.931997307697284
52 0 100 0.0 0.0 0.0
53 0 100 0.0 0.0 0.0
54 3 19 57.02181064673912 107.12598084817145 6108.517395270634
55 0 100 0.0 0.0 0.0
56 1 21 1.0 46.33316012586883 46.33316012586883
57 0 5 0.0 5.0 0.0
58 1 9 1.0 15.931997307697284 15.931997307697284
59 1 19 1.0 40.84402933782601 40.84402933782601
60 0 100 0.0 0.0 0.0
61 0 100 0.0 0.0 0.0
62 1 28 1.0 66.57403288693754 66.57403288693754
63 2 25 13.494214179327372 103.79546451213633 1400.6382289695412
64 0 100 0.0 0.0 0.0
65 1 14 1.0 27.799106543625292 27.799106543625292
66 2 55 13.494214179327372 323.62148105306557 4367.017578361202
67 3 17 57.02181064673912 89.78750677036001 5119.846209502275
68 1 8 1.0 13.734791927877684 13.734791927877684
69 2 8 13.494214179327372 20.066939702021244 270.7875822627225
70 0 11 0.0 11.0 0.0
71 1 9 1.0 15.931997307697284 15.931997307697284
72 1 9 1.0 15.931997307697284 15.931997307697284
73 0 100 0.0 0.0 0.0
74 0 100 0.0 0.0 0.0
75 1 13 1.0 25.320989780782124 25.320989780782124
76 3 27 57.02181064673912 187.1321231368427 10670.612491431313
77 1 6 1.0 9.55892689827884 9.55892689827884
78 1 14 1.0 27.799106543625292 27.799106543625292
79 2 12 13.494214179327372 36.01211998010309 485.95526006314566
80 1 7 1.0 11.607984241186918 11.607984241186918
81 0 100 0.0 0.0 0.0
82 2 54 13.494214179327372 315.16948038953416 4252.964471163692
83 0 100 0.0 0.0 0.0
84 0 100 0.0 0.0 0.0
85 0 5 0.0 5.0 0.0
86 3 42 57.02181064673912 377.3528472077043 21517.342600485594
87 0 100 0.0 0.0 0.0
88 2 41 13.494214179327372 211.85407612585806 2858.8042780058545
89 1 14 1.0 27.799106543625292 27.799106543625292
90 3 37 57.02181064673912 308.57807572808247 17595.680603901845
91 1 10 1.0 18.1937008646705 18.1937008646705
92 0 100 0.0 0.0 0.0
93 0 100 0.0 0.0 0.0
94 1 102 1.0 2.3948263510722025 2.3948263510722025
95 1 101 1.0 1.0 1.0
96 2 33 13.494214179327372 154.90879557685506 2090.372465775723
97 1 10 1.0 18.1937008646705 18.1937008646705
98 0 100 0.0 0.0 0.0
99 0 100 0.0 0.0 0.0
100 0 6 0.0 6.0 0.0
101 0 5 0.0 5.0 0.0
102 1 102 1.0 2.3948263510722025 2.3948263510722025
103 1 13 1.0 25.320989780782124 25.320989780782124
104 5 60 312.35291035940236 1702.6102917613564 531815.2798395308
105 0 5 0.0 5.0 0.0
106 0 9 0.0 9.0 0.0
107 2 17 13.494214179327372 59.51335422080222 803.0859483856818
108 1 27 1.0 63.59241768810072 63.59241768810072
109 1 13 1.0 25.320989780782124 25.320989780782124
110 1 6 1.0 9.55892689827884 9.55892689827884
111 4 79 151.22372397683895 1757.505455801544 265776.51993592124
112 0 100 0.0 0.0 0.0
113 0 100 0.0 0.0 0.0
114 1 15 1.0 30.323695983612147 30.323695983612147
115 0 100 0.0 0.0 0.0
116 4 51 151.22372397683895 831.5797944458234 125754.59329999167
117 0 100 0.0 0.0 0.0
118 0 5 0.0 5.0 0.0
119 0 100 0.0 0.0 0.0
120 0 100 0.0 0.0 0.0
121 0 100 0.0 0.0 0.0
122 0 100 0.0 0.0 0.0
123 0 9 0.0 9.0 0.0
124 2 15 13.494214179327372 49.68406405407534 670.4474016451129
125 2 37 13.494214179327372 182.69988024795316 2465.3913146033424
126 5 32 312.35291035940236 543.2991441606081 169701.06887433844
127 1 6 1.0 9.55892689827884 9.55892689827884
128 2 22 13.494214179327372 86.31942417916456 1164.8127977098563
129 0 5 0.0 5.0 0.0
130 1 9 1.0 15.931997307697284 15.931997307697284
131 0 100 0.0 0.0 0.0
132 1 10 1.0 18.1937008646705 18.1937008646705
133 0 100 0.0 0.0 0.0
134 0 100 0.0 0.0 0.0
135 1 66 1.0 196.10185669705535 196.10185669705535
136 2 121 13.494214179327372 80.71796600694597 1089.2255214173952
137 1 11 1.0 20.51504931294799 20.51504931294799
138 2 37 13.494214179327372 182.69988024795316 2465.3913146033424
139 0 100 0.0 0.0 0.0
140 0 100 0.0 0.0 0.0
141 1 8 1.0 13.734791927877684 13.734791927877684
142 4 121 151.22372397683895 182.37411197845725 27579.292370351337
143 3 52 57.02181064673912 529.6457757489877 30201.361134604027
144 0 5 0.0 5.0 0.0
145 1 15 1.0 30.323695983612147 30.323695983612147
146 0 7 0.0 7.0 0.0
147 0 100 0.0 0.0 0.0
148 1 10 1.0 18.1937008646705 18.1937008646705
149 2 36 13.494214179327372 175.6210676402407 2369.868301139548
150 1 12 1.0 22.891970023971037 22.891970023971037
151 1 6 1.0 9.55892689827884 9.55892689827884
152 1 106 1.0 9.55892689827884 9.55892689827884
153 3 29 57.02181064673912 209.61005902119368 11952.345095158316
154 3 19 57.02181064673912 107.12598084817145 6108.517395270634
155 3 73 57.02181064673912 907.48753481702 51746.58237461219
156 2 137 13.494214179327372 182.69988024795316 2465.3913146033424
157 1 103 1.0 3.9914906122521803 3.9914906122521803
158 3 40 57.02181064673912 349.23013798641597 19913.734800395985
159 3 40 57.02181064673912 349.23013798641597 19913.734800395985
160 3 38 57.02181064673912 321.92161897300775 18356.553600170548
161 3 22 57.02181064673912 135.19579244279535 7709.10887690892
162 1 16 1.0 32.892441635375256 32.892441635375256
163 5 53 312.35291035940236 1358.9929081032851 424485.39000384894
164 2 41 13.494214179327372 211.85407612585806 2858.8042780058545
165 2 120 13.494214179327372 75.23327232919837 1015.2138902218663
166 0 100 0.0 0.0 0.0
167 2 22 13.494214179327372 86.31942417916456 1164.8127977098563
168 3 37 57.02181064673912 308.57807572808247 17595.680603901845
169 0 100 0.0 0.0 0.0
170 0 6 0.0 6.0 0.0
171 2 15 13.494214179327372 49.68406405407534 670.4474016451129
172 2 10 13.494214179327372 27.685321443873434 373.59165718715303
173 2 38 13.494214179327372 189.8638195218893 2562.0630455335317
174 2 112 13.494214179327372 36.01211998010309 485.95526006314566
175 0 5 0.0 5.0 0.0
176 1 13 1.0 25.320989780782124 25.320989780782124
177 4 48 151.22372397683895 749.6906189831174 113371.00723312848
178 0 100 0.0 0.0 0.0
179 6 73 552.5626438069447 3667.8232800781016 2026702.1286566157
180 1 7 1.0 11.607984241186918 11.607984241186918
181 2 28 13.494214179327372 122.22584512913716 1649.341732421874
182 0 100 0.0 0.0 0.0
183 2 35 13.494214179327372 168.62869283493262 2275.511697894588
184 1 30 1.0 72.61998620345668 72.61998620345668
185 2 15 13.494214179327372 49.68406405407534 670.4474016451129
186 0 8 0.0 8.0 0.0
187 2 19 13.494214179327372 69.8685662777562 942.821397754572
188 2 31 13.494214179327372 141.5519192260369 1910.1319155309898
189 1 11 1.0 20.51504931294799 20.51504931294799
190 2 16 13.494214179327372 54.53075711894446 735.8497159239173
191 1 6 1.0 9.55892689827884 9.55892689827884
192 1 105 1.0 7.59708563275366 7.59708563275366
193 2 15 13.494214179327372 49.68406405407534 670.4474016451129
194 4 63 151.22372397683895 1193.5182370479756 180488.2724406665
195 1 8 1.0 13.734791927877684 13.734791927877684
196 2 33 13.494214179327372 154.90879557685506 2090.372465775723
197 3 12 57.02181064673912 51.65274962739505 2945.333308636745
198 1 17 1.0 35.503281577765854 35.503281577765854
199 3 130 57.02181064673912 221.1993434691573 12613.187078481296
