0 1 6 1.0 9.55892689827884 9.55892689827884
1 0 100 0.0 0.0 0.0
2 1 22 1.0 49.12998068819353 49.12998068819353
3 0 100 0.0 0.0 0.0
4 2 29 13.494214179327372 128.5709592386038 1734.9640612072888
5 0 6 0.0 6.0 0.0
6 1 10 1.0 18.1937008646705 18.1937008646705
7 0 100 0.0 0.0 0.0
8 0 100 0.0 0.0 0.0
9 0 5 0.0 5.0 0.0
10 0 100 0.0 0.0 0.0
11 0 100 0.0 0.0 0.0
12 0 5 0.0 5.0 0.0
13 0 100 0.0 0.0 0.0
14 0 5 0.0 5.0 0.0
15 1 7 1.0 11.607984241186918 11.607984241186918
16 0 100 0.0 0.0 0.0
17 1 16 1.0 32.892441635375256 32.892441635375256
18 0 100 0.0 0.0 0.0
19 2 9 13.494214179327372 23.78240930402918 320.92492484899776
20 0 100 0.0 0.0 0.0
21 2 20 13.494214179327372 75.23327232919837 1015.2138902218663
22 1 14 1.0 27.799106543625292 27.799106543625292
23 0 100 0.0 0.0 0.0
24 1 24 1.0 54.8222930413608 54.8222930413608
25 0 100 0.0 0.0 0.0
26 0 100 0.0 0.0 0.0
27 0 100 0.0 0.0 0.0
28 0 5 0.0 5.0 0.0
29 0 100 0.0 0.0 0.0
30 0 100 0.0 0.0 0.0
31 1 16 1.0 32.892441635375256 32.892441635375256
32 0 6 0.0 6.0 0.0
33 1 23 1.0 51.960050539976365 51.960050539976365
34 0 10 0.0 10.0 0.0
35 1 40 1.0 104.3443904241405 104.3443904241405
36 0 6 0.0 6.0 0.0
37 0 5 0.0 5.0 0.0
38 0 11 0.0 11.0 0.0
39 0 5 0.0 5.0 0.0
40 0 100 0.0 0.0 0.0
41 0 11 0.0 11.0 0.0
42 1 24 1.0 54.8222930413608 54.8222930413608
43 0 100 0.0 0.0 0.0
44 0 100 0.0 0.0 0.0
45 0 100 0.0 0.0 0.0
46 2 20 13.494214179327372 75.23327232919837 1015.2138902218663
47 1 10 1.0 18.1937008646705 18.1937008646705
48 0 6 0.0 6.0 0.0
49 0 100 0.0 0.0 0.0
50 0 5 0.0 5.0 0.0
51 0 9 0.0 9.0 0.0
52 0 5 0.0 5.0 0.0
53 0 100 0.0 0.0 0.0
54 2 18 13.494214179327372 64.62733255388774 872.0950673207774
55 0 100 0.0 0.0 0.0
56 1 13 1.0 25.320989780782124 25.320989780782124
57 0 7 0.0 7.0 0.0
58 0 100 0.0 0.0 0.0
59 1 108 1.0 13.734791927877684 13.734791927877684
60 0 100 0.0 0.0 0.0
61 2 113 13.494214179327372 40.41888428935346 545.4210814899858
62 0 100 0.0 0.0 0.0
63 2 10 13.494214179327372 27.685321443873434 373.59165718715303
64 3 117 57.02181064673912 89.78750677036001 5119.846209502275
65 0 100 0.0 0.0 0.0
66 5 62 312.35291035940236 1807.1402103142602 564465.5041191616
67 1 11 1.0 20.51504931294799 20.51504931294799
68 0 6 0.0 6.0 0.0
69 1 5 1.0 7.59708563275366 7.59708563275366
70 0 100 0.0 0.0 0.0
71 1 6 1.0 9.55892689827884 9.55892689827884
72 0 100 0.0 0.0 0.0
73 1 34 1.0 85.02419427196995 85.02419427196995
74 0 100 0.0 0.0 0.0
75 0 6 0.0 6.0 0.0
76 0 100 0.0 0.0 0.0
77 0 100 0.0 0.0 0.0
78 0 100 0.0 0.0 0.0
79 0 100 0.0 0.0 0.0
80 0 5 0.0 5.0 0.0
81 1 16 1.0 32.892441635375256 32.892441635375256
82 1 28 1.0 66.57403288693754 66.57403288693754
83 1 14 1.0 27.799106543625292 27.799106543625292
84 0 5 0.0 5.0 0.0
85 0 100 0.0 0.0 0.0
86 1 21 1.0 46.33316012586883 46.33316012586883
87 0 19 0.0 19.0 0.0
88 0 100 0.0 0.0 0.0
89 3 13 57.02181064673912 58.65092275827274 3344.3818117787505
90 0 100 0.0 0.0 0.0
91 0 5 0.0 5.0 0.0
92 1 11 1.0 20.51504931294799 20.51504931294799
93 0 6 0.0 6.0 0.0
94 0 100 0.0 0.0 0.0
95 0 100 0.0 0.0 0.0
96 0 6 0.0 6.0 0.0
97 2 16 13.494214179327372 54.53075711894446 735.8497159239173
98 1 103 1.0 3.9914906122521803 3.9914906122521803
99 0 100 0.0 0.0 0.0
100 1 8 1.0 13.734791927877684 13.734791927877684
101 1 106 1.0 9.55892689827884 9.55892689827884
102 2 14 13.494214179327372 44.97826169706515 606.9462967540338
103 0 100 0.0 0.0 0.0
104 0 100 0.0 0.0 0.0
105 0 100 0.0 0.0 0.0
106 2 125 13.494214179327372 103.79546451213633 1400.6382289695412
107 0 100 0.0 0.0 0.0
108 1 100 1.0 0.0 0.0
109 0 100 0.0 0.0 0.0
110 1 34 1.0 85.02419427196995 85.02419427196995
111 1 8 1.0 13.734791927877684 13.734791927877684
112 1 6 1.0 9.55892689827884 9.55892689827884
113 1 21 1.0 46.33316012586883 46.33316012586883
114 1 11 1.0 20.51504931294799 20.51504931294799
115 0 100 0.0 0.0 0.0
116 0 100 0.0 0.0 0.0
117 0 100 0.0 0.0 0.0
118 2 24 13.494214179327372 97.86086952638261 1320.555533164218
119 0 5 0.0 5.0 0.0
120 3 133 57.02181064673912 257.33012181535685 14673.42947985759
121 0 100 0.0 0.0 0.0
122 0 100 0.0 0.0 0.0
123 2 24 13.494214179327372 97.86086952638261 1320.555533164218
124 0 100 0.0 0.0 0.0
125 1 22 1.0 49.12998068819353 49.12998068819353
126 1 8 1.0 13.734791927877684 13.734791927877684
127 2 113 13.494214179327372 40.41888428935346 545.4210814899858
128 2 24 13.494214179327372 97.86086952638261 1320.555533164218
129 1 22 1.0 49.12998068819353 49.12998068819353
130 0 100 0.0 0.0 0.0
131 0 6 0.0 6.0 0.0
132 4 36 151.22372397683895 458.3949685466225 69320.19419586622
133 1 10 1.0 18.1937008646705 18.1937008646705
134 0 100 0.0 0.0 0.0
135 5 64 312.35291035940236 1914.4623288244568 597987.8801817582
136 0 9 0.0 9.0 0.0
137 1 13 1.0 25.320989780782124 25.320989780782124
138 1 17 1.0 35.503281577765854 35.503281577765854
139 1 18 1.0 38.15436697768484 38.15436697768484
140 1 105 1.0 7.59708563275366 7.59708563275366
141 0 8 0.0 8.0 0.0
142 1 9 1.0 15.931997307697284 15.931997307697284
143 0 100 0.0 0.0 0.0
144 0 5 0.0 5.0 0.0
145 1 7 1.0 11.607984241186918 11.607984241186918
146 3 25 57.02181064673912 165.61186212092687 9443.48824271336
147 1 11 1.0 20.51504931294799 20.51504931294799
148 1 8 1.0 13.734791927877684 13.734791927877684
149 0 5 0.0 5.0 0.0
150 0 6 0.0 6.0 0.0
151 1 10 1.0 18.1937008646705 18.1937008646705
152 0 100 0.0 0.0 0.0
153 0 5 0.0 5.0 0.0
154 1 12 1.0 22.891970023971037 22.891970023971037
155 1 14 1.0 27.799106543625292 27.799106543625292
156 4 38 151.22372397683895 502.796158813779 76034.7075370698
157 1 20 1.0 43.57075425423803 43.57075425423803
158 2 23 13.494214179327372 92.0346545141889 1241.9353399348638
159 3 28 57.02181064673912 198.25318874016915 11304.755788454157
160 0 100 0.0 0.0 0.0
161 4 28 151.22372397683895 298.26715011537044 45105.06918040517
162 2 32 13.494214179327372 148.1842032776824 1999.6293770220316
163 1 25 1.0 57.71571011139208 57.71571011139208
164 2 24 13.494214179327372 97.86086952638261 1320.555533164218
165 3 40 57.02181064673912 349.23013798641597 19913.734800395985
166 2 33 13.494214179327372 154.90879557685506 2090.372465775723
167 0 5 0.0 5.0 0.0
168 1 102 1.0 2.3948263510722025 2.3948263510722025
169 0 11 0.0 11.0 0.0
170 0 5 0.0 5.0 0.0
171 2 8 13.494214179327372 20.066939702021244 270.7875822627225
172 1 104 1.0 5.735193251789799 5.735193251789799
173 0 11 0.0 11.0 0.0
174 0 100 0.0 0.0 0.0
175 3 50 57.02181064673912 497.6760852315066 28378.391495481366
176 3 121 57.02181064673912 125.57185196799401 7160.33436547931
177 0 100 0.0 0.0 0.0
178 1 18 1.0 38.15436697768484 38.15436697768484
179 2 117 13.494214179327372 59.51335422080222 803.0859483856818
180 1 9 1.0 15.931997307697284 15.931997307697284
181 0 7 0.0 7.0 0.0
182 1 9 1.0 15.931997307697284 15.931997307697284
183 1 36 1.0 91.37308344663872 91.37308344663872
184 3 26 57.02181064673912 176.25042831919396 10050.118550023744
185 0 6 0.0 6.0 0.0
186 2 25 13.494214179327372 103.79546451213633 1400.6382289695412
187 2 10 13.494214179327372 27.685321443873434 373.59165718715303
188 1 14 1.0 27.799106543625292 27.799106543625292
189 1 26 1.0 60.63937356224698 60.63937356224698
190 1 18 1.0 38.15436697768484 38.15436697768484
191 1 10 1.0 18.1937008646705 18.1937008646705
192 2 16 13.494214179327372 54.53075711894446 735.8497159239173
193 1 21 1.0 46.33316012586883 46.33316012586883
194 0 100 0.0 0.0 0.0
195 1 9 1.0 15.931997307697284 15.931997307697284
196 1 105 1.0 7.59708563275366 7.59708563275366
197 2 17 13.494214179327372 59.51335422080222 803.0859483856818
198 2 46 13.494214179327372 250.0988923255542 3374.8880190535633
199 3 16 57.02181064673912 81.54950460903234 4650.100410151621
