0 0 100 0.0 0.0 0.0
1 18 336 10336.717591947081 5511729.468689084 56973190961.05159
2 0 6 0.0 6.0 0.0
3 0 100 0.0 0.0 0.0
4 1 10 1.0 18.1937008646705 18.1937008646705
5 0 5 0.0 5.0 0.0
6 0 100 0.0 0.0 0.0
7 0 5 0.0 5.0 0.0
8 2 11 13.494214179327372 31.76494829034237 428.6430156251388
9 0 100 0.0 0.0 0.0
10 0 10 0.0 10.0 0.0
11 0 6 0.0 6.0 0.0
12 13 211 4801.088521889328 399807.9074474108 1919513155.406355
13 1 7 1.0 11.607984241186918 11.607984241186918
14 0 10 0.0 10.0 0.0
15 24 505 18776.370315488246 80254970.82041991 1506897051782.9077
16 15 348 6803.971395961631 1080538.2653407964 7351951449.620778
17 1 26 1.0 60.63937356224698 60.63937356224698
18 15 260 6803.971395961631 1217170.7636398226 8281595059.8061285
19 0 9 0.0 9.0 0.0
20 11 171 3127.3197986346404 129504.5127612809 405002026.7708862
21 1 16 1.0 32.892441635375256 32.892441635375256
22 0 100 0.0 0.0 0.0
23 23 529 17276.616480405057 39203134.90077299 677297526510.2373
24 0 5 0.0 5.0 0.0
25 0 5 0.0 5.0 0.0
26 0 100 0.0 0.0 0.0
27 0 100 0.0 0.0 0.0
28 13 189 4801.088521889328 306617.40730741044 1472097314.8350732
29 3 134 57.02181064673912 269.81820202916316 15385.522425150542
30 0 100 0.0 0.0 0.0
31 0 100 0.0 0.0 0.0
32 0 100 0.0 0.0 0.0
33 0 5 0.0 5.0 0.0
34 0 100 0.0 0.0 0.0
35 1 19 1.0 40.84402933782601 40.84402933782601
36 0 5 0.0 5.0 0.0
37 0 100 0.0 0.0 0.0
38 0 100 0.0 0.0 0.0
39 0 10 0.0 10.0 0.0
40 0 100 0.0 0.0 0.0
41 22 482 15807.685316481819 42680438.962600656 674678948290.1008
42 0 100 0.0 0.0 0.0
43 0 100 0.0 0.0 0.0
44 1 9 1.0 15.931997307697284 15.931997307697284
45 0 6 0.0 6.0 0.0
46 0 100 0.0 0.0 0.0
47 0 6 0.0 6.0 0.0
48 1 106 1.0 9.55892689827884 9.55892689827884
49 10 183 2424.408141701412 107558.85724916201 260766569.22696835
50 15 279 6803.971395961631 1453906.341556328 9892337160.356478
51 9 163 1814.8473014962385 58346.35307910868 105889721.43776713
52 0 100 0.0 0.0 0.0
53 1 13 1.0 25.320989780782124 25.320989780782124
54 16 195 7916.453847805617 773256.9607788421 6121453042.500142
55 20 361 12981.212045421978 11375446.457049781 147667082570.3074
56 2 13 13.494214179327372 40.41888428935346 545.4210814899858
57 0 6 0.0 6.0 0.0
58 14 303 5763.781188419757 490653.14865003707 2828017388.2280064
59 4 48 151.22372397683895 749.6906189831174 113371.00723312848
60 0 100 0.0 0.0 0.0
61 6 96 552.5626438069447 6193.675591281851 3422393.759601241
62 0 100 0.0 0.0 0.0
63 0 11 0.0 11.0 0.0
64 2 37 13.494214179327372 182.69988024795316 2465.3913146033424
65 0 100 0.0 0.0 0.0
66 2 48 13.494214179327372 265.93129728965954 3588.5338826130464
67 1 111 1.0 20.51504931294799 20.51504931294799
68 21 368 14374.256054893494 15474139.38162811 222429241700.63373
69 16 258 7916.453847805617 1588376.1362783175 12574306375.803106
70 16 259 7916.453847805617 1604254.4628505823 12700006415.292826
71 23 414 17276.616480405057 35378159.44807114 611214892566.9437
72 4 21 151.22372397683895 182.37411197845725 27579.292370351337
73 0 5 0.0 5.0 0.0
74 0 100 0.0 0.0 0.0
75 0 100 0.0 0.0 0.0
76 0 100 0.0 0.0 0.0
77 5 70 312.35291035940236 2253.023098877021 703738.322041197
78 4 144 151.22372397683895 646.0476428878335 97697.73042395715
79 13 198 4801.088521889328 342996.6210458748 1646757140.350173
80 2 111 13.494214179327372 31.76494829034237 428.6430156251388
81 9 189 1814.8473014962385 80257.99045879758 145655997.40765965
82 1 55 1.0 155.85458639063 155.85458639063
83 1 9 1.0 15.931997307697284 15.931997307697284
84 7 92 880.1589317377488 8464.0 7449665.198228306
85 11 191 3127.3197986346404 166825.62725766937 521717087.0425522
86 0 100 0.0 0.0 0.0
87 21 350 14374.256054893494 13445554.584447855 193269844396.90057
88 13 203 4801.088521889328 364245.1060790388 1748772997.950434
89 0 100 0.0 0.0 0.0
90 0 100 0.0 0.0 0.0
91 0 100 0.0 0.0 0.0
92 0 5 0.0 5.0 0.0
93 1 19 1.0 40.84402933782601 40.84402933782601
94 0 6 0.0 6.0 0.0
95 0 100 0.0 0.0 0.0
96 0 100 0.0 0.0 0.0
97 2 16 13.494214179327372 54.53075711894446 735.8497159239173
98 2 18 13.494214179327372 64.62733255388774 872.0950673207774
99 0 100 0.0 0.0 0.0
100 17 299 9095.850952291546 3076762.415026566 27985772342.69423
101 11 270 3127.3197986346404 127777.17882671817 399600101.1584747
102 16 312 7916.453847805617 2589248.8489619996 20497669013.29149
103 10 148 2424.408141701412 67083.98395005375 162638956.86627716
104 21 318 14374.256054893494 10277777.51734792 147735405709.58658
105 13 282 4801.088521889328 279958.44476236077 1344105275.7545578
106 20 346 12981.212045421978 10118553.554781266 131351089287.57394
107 21 379 14374.256054893494 16805385.757991973 241564917986.63702
108 19 341 11633.622691025432 7498132.400639471 87230443236.39233
109 0 5 0.0 5.0 0.0
110 15 354 6803.971395961631 1147628.281289161 7808429999.088059
111 28 457 24997.705637318726 148629595.6850118 3715398881927.6226
112 12 195 3920.792982031498 242458.72541212823 950630469.0281744
113 22 349 15807.685316481819 17039516.49416873 269355314684.82077
114 19 303 11633.622691025432 5440910.541569818 63297500336.2461
115 17 365 9095.850952291546 5189278.437624522 47200903218.57299
116 12 107 3920.792982031498 59123.54568820388 231811183.0071284
117 12 193 3920.792982031498 236652.0012546562 927863505.7029653
118 22 435 15807.685316481819 31879571.44319928 503942233398.39435
119 1 101 1.0 1.0 1.0
120 17 279 9095.850952291546 2566233.4961421206 23342077389.68677
121 17 355 9095.850952291546 4824907.6976362355 43886641276.26337
122 18 299 10336.717591947081 4037244.7701126314 41731859038.21959
123 19 285 11633.622691025432 4607593.256776979 53603001463.056435
124 16 365 7916.453847805617 3875934.883929561 30683659625.72819
125 21 350 14374.256054893494 13445554.584447855 193269844396.90057
126 17 313 9095.850952291546 3468776.7251113593 31551476078.390907
127 30 461 28187.918329013766 233183894.18876332 6572968565034.248
128 25 447 20302.483562333644 71043707.46975325 1442363703111.9053
129 15 306 6803.971395961631 1834955.3406037358 12484983650.33485
130 22 347 15807.685316481819 16763284.328119326 264988723529.62167
131 10 175 2424.408141701412 97380.49160672564 236090056.6942317
132 19 316 11633.622691025432 6098101.560651035 70943012688.16748
133 21 391 14374.256054893494 18339235.448233128 263612866183.88245
134 20 374 12981.212045421978 12541736.325631611 162806938660.79544
135 7 138 880.1589317377488 19044.0 16761746.696013689
136 23 332 17276.616480405057 18716327.49588969 323354812068.1461
137 21 394 14374.256054893494 18736242.386038322 269319545563.46347
138 25 400 20302.483562333644 51120194.09155698 1037866900247.1411
139 18 281 10336.717591947081 3420833.8521182523 35360193458.31884
140 19 267 11633.622691025432 3859801.003666806 44903468539.10089
141 10 122 2424.408141701412 43653.86742578588 105834791.60382935
142 15 240 6803.971395961631 994847.4549542126 6768913626.85369
143 10 146 2424.408141701412 65084.513101468925 157791423.4618735
144 0 100 0.0 0.0 0.0
145 19 327 11633.622691025432 6691642.296580273 77848041661.72179
146 18 313 10336.717591947081 4561572.951562551 47151691375.36659
147 14 279 5763.781188419757 1074926.1176771463 6195638936.008618
148 15 225 6803.971395961631 845529.0542821898 5752955499.790508
149 16 269 7916.453847805617 1768386.974866151 13999353871.588478
150 13 253 4801.088521889328 619244.7509951711 2973048866.243131
151 20 237 12981.212045421978 3562465.1508144513 46245115527.14858
152 11 247 3127.3197986346404 300544.34518186696 939898281.054936
153 14 272 5763.781188419757 1009632.2788785915 5819299536.221796
154 1 117 1.0 35.503281577765854 35.503281577765854
155 0 100 0.0 0.0 0.0
156 22 256 15807.685316481819 7058527.59502481 111578983019.85542
157 23 451 17276.616480405057 45286624.8051258 782399648450.1569
158 10 152 2424.408141701412 71183.06768899111 172576808.8564728
159 14 304 5763.781188419757 496635.5526186232 2862498655.683671
160 16 224 7916.453847805617 1104458.6554188346 8743395972.432652
161 10 199 2424.408141701412 129599.54388675165 314202189.3598302
162 16 357 7916.453847805617 1572594.2186823196 12449369553.524517
163 18 331 10336.717591947081 5295575.60794222 54738869546.1022
164 18 294 10336.717591947081 3859598.119143505 39895575775.99654
165 18 413 10336.717591947081 9558845.250616442 98807083860.74678
166 17 383 9095.850952291546 2663779.0645129196 24229337340.644123
167 16 317 7916.453847805617 2697289.9739892757 21352971593.234917
168 8 147 1300.1508247099457 32225.65307789171 41898209.426037505
169 20 385 12981.212045421978 13585953.184259 176362139124.042
170 18 320 10336.717591947081 4838896.4937262535 50018306512.31121
171 20 297 12981.212045421978 6639686.135470377 86191173639.58937
172 22 401 15807.685316481819 25292765.940879833 399820084776.8576
173 14 197 5763.781188419757 455659.37602342636 2626320939.850909
174 15 260 6803.971395961631 1217170.7636398226 8281595059.8061285
175 18 287 10336.717591947081 3619229.353791052 37410951730.62323
176 22 282 15807.685316481819 9293569.082572857 146909815524.29636
177 16 225 7916.453847805617 1117181.1689614262 8844113163.720661
178 21 425 14374.256054893494 23165898.984535787 332992563745.5146
179 17 287 9095.850952291546 2763585.0131305465 25137157373.422127
180 22 491 15807.685316481819 44986043.15561187 711125213837.5833
181 22 575 15807.685316481819 40941200.35493899 647185611689.9093
182 11 162 3127.3197986346404 114426.4995589995 357848257.55931705
183 15 219 6803.971395961631 789859.0758876483 5374178559.180246
184 17 359 9095.850952291546 4968688.693965171 45194451788.64335
185 26 405 21850.715853258855 66430125.0 1451545785471.4673
186 21 348 14374.256054893494 13231375.76920928 190191183265.12756
187 29 495 26589.10945763286 235920057.19892478 6272904224113.217
188 11 213 3127.3197986346404 214120.66733750328 669623802.2614356
189 18 337 10336.717591947081 2171612.8448398258 22447348696.154076
190 22 386 15807.685316481819 22693956.928053644 358738929704.4644
191 12 223 3920.792982031498 332392.0912128828 1303240578.5102444
192 19 331 11633.622691025432 6916167.410080336 80460082116.84119
193 15 355 6803.971395961631 1159047.5718977372 7886126525.750986
194 17 279 9095.850952291546 2566233.4961421206 23342077389.68677
195 19 387 11633.622691025432 4695890.052775098 54630213072.524994
196 10 277 2424.408141701412 99872.9294110967 242132743.19983327
197 18 340 10336.717591947081 2245740.657708373 23213586963.484947
198 21 257 14374.256054893494 5658839.753824747 81341611595.08739
199 15 243 6803.971395961631 1026481.4884919698 6984150686.18348
