0 4 77 151.22372397683895 1682.1075637745857 254374.56992360097
1 0 100 0.0 0.0 0.0
2 1 12 1.0 22.891970023971037 22.891970023971037
3 0 100 0.0 0.0 0.0
4 0 8 0.0 8.0 0.0
5 0 100 0.0 0.0 0.0
6 1 11 1.0 20.51504931294799 20.51504931294799
7 2 39 13.494214179327372 197.11162840858907 2659.8665309814905
8 1 6 1.0 9.55892689827884 9.55892689827884
9 1 102 1.0 2.3948263510722025 2.3948263510722025
10 1 7 1.0 11.607984241186918 11.607984241186918
11 0 100 0.0 0.0 0.0
12 0 100 0.0 0.0 0.0
13 0 100 0.0 0.0 0.0
14 0 100 0.0 0.0 0.0
15 0 100 0.0 0.0 0.0
16 0 6 0.0 6.0 0.0
17 0 100 0.0 0.0 0.0
18 1 12 1.0 22.891970023971037 22.891970023971037
19 0 9 0.0 9.0 0.0
20 0 100 0.0 0.0 0.0
21 10 128 2424.408141701412 48572.78656303952 117760259.20855796
22 0 6 0.0 6.0 0.0
23 0 100 0.0 0.0 0.0
24 0 100 0.0 0.0 0.0
25 0 100 0.0 0.0 0.0
26 0 100 0.0 0.0 0.0
27 0 5 0.0 5.0 0.0
28 0 100 0.0 0.0 0.0
29 0 100 0.0 0.0 0.0
30 1 28 1.0 66.57403288693754 66.57403288693754
31 3 47 57.02181064673912 451.11773253603667 25723.549924056188
32 0 100 0.0 0.0 0.0
33 0 5 0.0 5.0 0.0
34 2 22 13.494214179327372 86.31942417916456 1164.8127977098563
35 0 100 0.0 0.0 0.0
36 0 6 0.0 6.0 0.0
37 1 105 1.0 7.59708563275366 7.59708563275366
38 0 100 0.0 0.0 0.0
39 0 100 0.0 0.0 0.0
40 0 100 0.0 0.0 0.0
41 1 105 1.0 7.59708563275366 7.59708563275366
42 1 10 1.0 18.1937008646705 18.1937008646705
43 0 100 0.0 0.0 0.0
44 0 100 0.0 0.0 0.0
45 0 100 0.0 0.0 0.0
46 2 19 13.494214179327372 69.8685662777562 942.821397754572
47 0 5 0.0 5.0 0.0
48 1 105 1.0 7.59708563275366 7.59708563275366
49 0 100 0.0 0.0 0.0
50 1 102 1.0 2.3948263510722025 2.3948263510722025
51 1 19 1.0 40.84402933782601 40.84402933782601
52 3 114 57.02181064673912 65.97278979840442 3761.8879277217393
53 0 10 0.0 10.0 0.0
54 0 5 0.0 5.0 0.0
55 0 5 0.0 5.0 0.0
56 0 5 0.0 5.0 0.0
57 4 139 151.22372397683895 525.6324972119714 79488.10367163974
58 0 100 0.0 0.0 0.0
59 4 23 151.22372397683895 213.06977413856453 32221.2047121377
60 0 100 0.0 0.0 0.0
61 1 105 1.0 7.59708563275366 7.59708563275366
62 0 6 0.0 6.0 0.0
63 0 100 0.0 0.0 0.0
64 0 100 0.0 0.0 0.0
65 0 100 0.0 0.0 0.0
66 4 150 151.22372397683895 803.8922494719358 121567.57964126418
67 0 6 0.0 6.0 0.0
68 1 10 1.0 18.1937008646705 18.1937008646705
69 1 19 1.0 40.84402933782601 40.84402933782601
70 0 100 0.0 0.0 0.0
71 0 100 0.0 0.0 0.0
72 0 6 0.0 6.0 0.0
73 0 100 0.0 0.0 0.0
74 0 9 0.0 9.0 0.0
75 1 16 1.0 32.892441635375256 32.892441635375256
76 0 100 0.0 0.0 0.0
77 5 140 312.35291035940236 814.9598274436516 254555.07392802092
78 3 33 57.02181064673912 257.33012181535685 14673.42947985759
79 0 100 0.0 0.0 0.0
80 0 100 0.0 0.0 0.0
81 1 13 1.0 25.320989780782124 25.320989780782124
82 0 100 0.0 0.0 0.0
83 2 24 13.494214179327372 97.86086952638261 1320.555533164218
84 0 5 0.0 5.0 0.0
85 0 100 0.0 0.0 0.0
86 11 159 3127.3197986346404 109632.99624762133 342857439.7488234
87 0 100 0.0 0.0 0.0
88 1 108 1.0 13.734791927877684 13.734791927877684
89 0 100 0.0 0.0 0.0
90 0 100 0.0 0.0 0.0
91 0 6 0.0 6.0 0.0
92 1 6 1.0 9.55892689827884 9.55892689827884
93 1 20 1.0 43.57075425423803 43.57075425423803
94 1 12 1.0 22.891970023971037 22.891970023971037
95 0 100 0.0 0.0 0.0
96 0 100 0.0 0.0 0.0
97 0 100 0.0 0.0 0.0
98 0 5 0.0 5.0 0.0
99 0 100 0.0 0.0 0.0
100 1 15 1.0 30.323695983612147 30.323695983612147
101 2 41 13.494214179327372 211.85407612585806 2858.8042780058545
102 3 24 57.02181064673912 155.22039240905832 8850.947824461866
103 0 100 0.0 0.0 0.0
104 1 14 1.0 27.799106543625292 27.799106543625292
105 3 48 57.02181064673912 466.4489382157433 26597.763031310627
106 1 17 1.0 35.503281577765854 35.503281577765854
107 0 100 0.0 0.0 0.0
108 2 20 13.494214179327372 75.23327232919837 1015.2138902218663
109 0 100 0.0 0.0 0.0
110 7 123 880.1589317377488 15129.0 13315924.478260402
111 1 8 1.0 13.734791927877684 13.734791927877684
112 0 100 0.0 0.0 0.0
113 2 44 13.494214179327372 234.56808185291177 3165.3119361571858
114 1 14 1.0 27.799106543625292 27.799106543625292
115 1 108 1.0 13.734791927877684 13.734791927877684
116 0 100 0.0 0.0 0.0
117 6 113 552.5626438069447 8460.534002517481 4674975.036449611
118 0 100 0.0 0.0 0.0
119 1 105 1.0 7.59708563275366 7.59708563275366
120 7 113 880.1589317377488 12769.0 11238749.399359316
121 0 100 0.0 0.0 0.0
122 4 89 151.22372397683895 2154.8151586700715 325859.1727758313
123 2 16 13.494214179327372 54.53075711894446 735.8497159239173
124 1 11 1.0 20.51504931294799 20.51504931294799
125 4 44 151.22372397683895 646.0476428878335 97697.73042395715
126 0 100 0.0 0.0 0.0
127 1 104 1.0 5.735193251789799 5.735193251789799
128 0 5 0.0 5.0 0.0
129 4 92 151.22372397683895 2280.4993308091553 344865.60133164964
130 2 45 13.494214179327372 242.29532664846576 3269.585032444484
131 0 100 0.0 0.0 0.0
132 4 51 151.22372397683895 831.5797944458234 125754.59329999167
133 0 11 0.0 11.0 0.0
134 1 107 1.0 11.607984241186918 11.607984241186918
135 2 28 13.494214179327372 122.22584512913716 1649.341732421874
136 4 63 151.22372397683895 1193.5182370479756 180488.2724406665
137 1 7 1.0 11.607984241186918 11.607984241186918
138 0 100 0.0 0.0 0.0
139 0 100 0.0 0.0 0.0
140 2 116 13.494214179327372 54.53075711894446 735.8497159239173
141 1 14 1.0 27.799106543625292 27.799106543625292
142 2 14 13.494214179327372 44.97826169706515 606.9462967540338
143 0 5 0.0 5.0 0.0
144 2 13 13.494214179327372 40.41888428935346 545.4210814899858
145 2 113 13.494214179327372 40.41888428935346 545.4210814899858
146 0 8 0.0 8.0 0.0
147 0 100 0.0 0.0 0.0
148 0 100 0.0 0.0 0.0
149 2 35 13.494214179327372 168.62869283493262 2275.511697894588
150 3 140 57.02181064673912 349.23013798641597 19913.734800395985
151 3 54 57.02181064673912 562.3460860297637 32065.99203552405
152 0 100 0.0 0.0 0.0
153 4 40 151.22372397683895 548.8883970182196 83004.94744477284
154 4 60 151.22372397683895 1097.9836363389938 166041.17435281392
155 2 17 13.494214179327372 59.51335422080222 803.0859483856818
156 1 103 1.0 3.9914906122521803 3.9914906122521803
157 4 107 151.22372397683895 2952.551261146638 446495.7969431069
158 2 22 13.494214179327372 86.31942417916456 1164.8127977098563
159 1 104 1.0 5.735193251789799 5.735193251789799
160 6 80 552.5626438069447 4369.987349380403 2414691.7631765385
161 3 32 57.02181064673912 245.06238675558936 13973.901014215166
162 3 42 57.02181064673912 377.3528472077043 21517.342600485594
163 9 142 1814.8473014962385 43347.5615654562 78669205.13351025
164 1 11 1.0 20.51504931294799 20.51504931294799
165 1 18 1.0 38.15436697768484 38.15436697768484
166 6 62 552.5626438069447 2683.6257759841665 1482871.3537662746
167 1 17 1.0 35.503281577765854 35.503281577765854
168 1 30 1.0 72.61998620345668 72.61998620345668
169 9 104 1814.8473014962385 22159.83881577813 40216723.67640654
170 5 144 312.35291035940236 969.0623078155637 302689.43216579035
171 0 100 0.0 0.0 0.0
172 0 100 0.0 0.0 0.0
173 14 203 5763.781188419757 490653.14865003707 2828017388.2280064
174 2 28 13.494214179327372 122.22584512913716 1649.341732421874
175 2 32 13.494214179327372 148.1842032776824 1999.6293770220316
176 0 8 0.0 8.0 0.0
177 14 227 5763.781188419757 646337.5928102317 3725348458.8081226
178 3 64 57.02181064673912 736.4308795040106 41992.62216548924
179 3 27 57.02181064673912 187.1321231368427 10670.612491431313
180 1 108 1.0 13.734791927877684 13.734791927877684
181 0 6 0.0 6.0 0.0
182 2 31 13.494214179327372 141.5519192260369 1910.1319155309898
183 6 68 552.5626438069447 3202.3105181925803 1769477.1662232792
184 4 38 151.22372397683895 502.796158813779 76034.7075370698
185 1 26 1.0 60.63937356224698 60.63937356224698
186 1 34 1.0 85.02419427196995 85.02419427196995
187 3 66 57.02181064673912 773.2963448216119 44094.75774823344
188 1 105 1.0 7.59708563275366 7.59708563275366
189 2 38 13.494214179327372 189.8638195218893 2562.0630455335317
190 5 87 312.35291035940236 3344.5706484424895 1044686.3759436451
191 2 17 13.494214179327372 59.51335422080222 803.0859483856818
192 0 6 0.0 6.0 0.0
193 7 131 880.1589317377488 17161.0 15104407.427551508
194 0 7 0.0 7.0 0.0
195 4 84 151.22372397683895 1951.9617083430758 295182.9185958323
196 1 18 1.0 38.15436697768484 38.15436697768484
197 1 10 1.0 18.1937008646705 18.1937008646705
198 3 44 57.02181064673912 406.27351121486885 23166.451227280093
199 2 14 13.494214179327372 44.97826169706515 606.9462967540338
