0 2 107 13.494214179327372 16.551687764173284 223.3520197191065
1 0 100 0.0 0.0 0.0
2 0 100 0.0 0.0 0.0
3 0 100 0.0 0.0 0.0
4 1 20 1.0 43.57075425423803 43.57075425423803
5 1 16 1.0 32.892441635375256 32.892441635375256
6 1 104 1.0 5.735193251789799 5.735193251789799
7 0 11 0.0 11.0 0.0
8 1 11 1.0 20.51504931294799 20.51504931294799
9 1 14 1.0 27.799106543625292 27.799106543625292
10 1 6 1.0 9.55892689827884 9.55892689827884
11 2 19 13.494214179327372 69.8685662777562 942.821397754572
12 0 100 0.0 0.0 0.0
13 0 100 0.0 0.0 0.0
14 0 5 0.0 5.0 0.0
15 1 14 1.0 27.799106543625292 27.799106543625292
16 0 100 0.0 0.0 0.0
17 0 100 0.0 0.0 0.0
18 1 102 1.0 2.3948263510722025 2.3948263510722025
19 1 12 1.0 22.891970023971037 22.891970023971037
20 0 100 0.0 0.0 0.0
21 0 100 0.0 0.0 0.0
22 1 9 1.0 15.931997307697284 15.931997307697284
23 2 13 13.494214179327372 40.41888428935346 545.4210814899858
24 0 100 0.0 0.0 0.0
25 1 6 1.0 9.55892689827884 9.55892689827884
26 0 100 0.0 0.0 0.0
27 1 6 1.0 9.55892689827884 9.55892689827884
28 0 6 0.0 6.0 0.0
29 0 5 0.0 5.0 0.0
30 0 100 0.0 0.0 0.0
31 2 26 13.494214179327372 109.8359986590007 1482.1504905048694
32 1 17 1.0 35.503281577765854 35.503281577765854
33 0 100 0.0 0.0 0.0
34 0 5 0.0 5.0 0.0
35 1 102 1.0 2.3948263510722025 2.3948263510722025
36 0 100 0.0 0.0 0.0
37 4 75 151.22372397683895 1608.0874365260645 243180.97063184011
38 0 100 0.0 0.0 0.0
39 4 32 151.22372397683895 374.7746947170294 56674.82498739214
40 2 8 13.494214179327372 20.066939702021244 270.7875822627225
41 1 9 1.0 15.931997307697284 15.931997307697284
42 1 10 1.0 18.1937008646705 18.1937008646705
43 1 108 1.0 13.734791927877684 13.734791927877684
44 1 9 1.0 15.931997307697284 15.931997307697284
45 1 109 1.0 15.931997307697284 15.931997307697284
46 0 100 0.0 0.0 0.0
47 0 5 0.0 5.0 0.0
48 1 104 1.0 5.735193251789799 5.735193251789799
49 2 103 13.494214179327372 4.87672116324372 65.80751986966928
50 1 12 1.0 22.891970023971037 22.891970023971037
51 1 6 1.0 9.55892689827884 9.55892689827884
52 0 100 0.0 0.0 0.0
53 2 117 13.494214179327372 59.51335422080222 803.0859483856818
54 1 13 1.0 25.320989780782124 25.320989780782124
55 1 104 1.0 5.735193251789799 5.735193251789799
56 0 6 0.0 6.0 0.0
57 0 100 0.0 0.0 0.0
58 0 100 0.0 0.0 0.0
59 1 101 1.0 1.0 1.0
60 0 100 0.0 0.0 0.0
61 0 100 0.0 0.0 0.0
62 0 100 0.0 0.0 0.0
63 1 19 1.0 40.84402933782601 40.84402933782601
64 0 100 0.0 0.0 0.0
65 0 10 0.0 10.0 0.0
66 1 22 1.0 49.12998068819353 49.12998068819353
67 0 100 0.0 0.0 0.0
68 2 11 13.494214179327372 31.76494829034237 428.6430156251388
69 1 9 1.0 15.931997307697284 15.931997307697284
70 0 100 0.0 0.0 0.0
71 2 30 13.494214179327372 135.01359299654277 1821.9023410158823
72 0 5 0.0 5.0 0.0
73 0 100 0.0 0.0 0.0
74 1 18 1.0 38.15436697768484 38.15436697768484
75 0 9 0.0 9.0 0.0
76 2 26 13.494214179327372 109.8359986590007 1482.1504905048694
77 0 100 0.0 0.0 0.0
78 1 10 1.0 18.1937008646705 18.1937008646705
79 1 8 1.0 13.734791927877684 13.734791927877684
80 0 5 0.0 5.0 0.0
81 0 100 0.0 0.0 0.0
82 1 10 1.0 18.1937008646705 18.1937008646705
83 0 5 0.0 5.0 0.0
84 0 6 0.0 6.0 0.0
85 0 100 0.0 0.0 0.0
86 1 9 1.0 15.931997307697284 15.931997307697284
87 0 100 0.0 0.0 0.0
88 2 19 13.494214179327372 69.8685662777562 942.821397754572
89 1 6 1.0 9.55892689827884 9.55892689827884
90 3 73 57.02181064673912 907.48753481702 51746.58237461219
91 0 100 0.0 0.0 0.0
92 0 100 0.0 0.0 0.0
93 1 107 1.0 11.607984241186918 11.607984241186918
94 1 20 1.0 43.57075425423803 43.57075425423803
95 0 5 0.0 5.0 0.0
96 1 10 1.0 18.1937008646705 18.1937008646705
97 1 16 1.0 32.892441635375256 32.892441635375256
98 0 100 0.0 0.0 0.0
99 0 5 0.0 5.0 0.0
100 0 100 0.0 0.0 0.0
101 3 33 57.02181064673912 257.33012181535685 14673.42947985759
102 0 100 0.0 0.0 0.0
103 0 100 0.0 0.0 0.0
104 1 11 1.0 20.51504931294799 20.51504931294799
105 0 100 0.0 0.0 0.0
106 1 110 1.0 18.1937008646705 18.1937008646705
107 1 8 1.0 13.734791927877684 13.734791927877684
108 3 23 57.02181064673912 145.08021796711313 8272.736717508364
109 2 32 13.494214179327372 148.1842032776824 1999.6293770220316
110 0 100 0.0 0.0 0.0
111 0 6 0.0 6.0 0.0
112 2 14 13.494214179327372 44.97826169706515 606.9462967540338
113 0 10 0.0 10.0 0.0
114 0 5 0.0 5.0 0.0
115 0 5 0.0 5.0 0.0
116 1 8 1.0 13.734791927877684 13.734791927877684
117 1 12 1.0 22.891970023971037 22.891970023971037
118 1 11 1.0 20.51504931294799 20.51504931294799
119 1 8 1.0 13.734791927877684 13.734791927877684
120 3 51 57.02181064673912 513.5688732735056 29284.627045860994
121 2 29 13.494214179327372 128.5709592386038 1734.9640612072888
122 3 39 57.02181064673912 335.47304520277595 19129.280460637645
123 1 20 1.0 43.57075425423803 43.57075425423803
124 1 9 1.0 15.931997307697284 15.931997307697284
125 0 9 0.0 9.0 0.0
126 1 19 1.0 40.84402933782601 40.84402933782601
127 2 17 13.494214179327372 59.51335422080222 803.0859483856818
128 0 100 0.0 0.0 0.0
129 0 11 0.0 11.0 0.0
130 0 6 0.0 6.0 0.0
131 1 13 1.0 25.320989780782124 25.320989780782124
132 0 100 0.0 0.0 0.0
133 1 9 1.0 15.931997307697284 15.931997307697284
134 0 100 0.0 0.0 0.0
135 0 5 0.0 5.0 0.0
136 1 11 1.0 20.51504931294799 20.51504931294799
137 0 5 0.0 5.0 0.0
138 0 100 0.0 0.0 0.0
139 4 26 151.22372397683895 262.7667382888815 39736.564701292096
140 0 100 0.0 0.0 0.0
141 0 100 0.0 0.0 0.0
142 1 14 1.0 27.799106543625292 27.799106543625292
143 2 119 13.494214179327372 69.8685662777562 942.821397754572
144 2 120 13.494214179327372 75.23327232919837 1015.2138902218663
145 0 100 0.0 0.0 0.0
146 0 100 0.0 0.0 0.0
147 1 21 1.0 46.33316012586883 46.33316012586883
148 5 51 312.35291035940236 1267.2460047423704 395827.9777226044
149 1 5 1.0 7.59708563275366 7.59708563275366
150 2 8 13.494214179327372 20.066939702021244 270.7875822627225
151 1 14 1.0 27.799106543625292 27.799106543625292
152 0 100 0.0 0.0 0.0
153 1 107 1.0 11.607984241186918 11.607984241186918
154 0 100 0.0 0.0 0.0
155 1 7 1.0 11.607984241186918 11.607984241186918
156 4 63 151.22372397683895 1193.5182370479756 180488.2724406665
157 2 29 13.494214179327372 128.5709592386038 1734.9640612072888
158 2 33 13.494214179327372 154.90879557685506 2090.372465775723
159 3 76 57.02181064673912 967.3986454236635 55162.82237926006
160 3 21 57.02181064673912 125.57185196799401 7160.33436547931
161 1 8 1.0 13.734791927877684 13.734791927877684
162 6 71 552.5626438069447 3478.001961782023 1921813.959168015
163 0 10 0.0 10.0 0.0
164 2 108 13.494214179327372 20.066939702021244 270.7875822627225
165 1 32 1.0 78.7716859795011 78.7716859795011
166 5 61 312.35291035940236 1754.5251914699081 548031.0498545135
167 0 5 0.0 5.0 0.0
168 0 100 0.0 0.0 0.0
169 1 11 1.0 20.51504931294799 20.51504931294799
170 5 57 312.35291035940236 1551.0877169304622 484486.7626059507
171 0 5 0.0 5.0 0.0
172 0 100 0.0 0.0 0.0
173 2 13 13.494214179327372 40.41888428935346 545.4210814899858
174 1 107 1.0 11.607984241186918 11.607984241186918
175 2 22 13.494214179327372 86.31942417916456 1164.8127977098563
176 1 17 1.0 35.503281577765854 35.503281577765854
177 1 24 1.0 54.8222930413608 54.8222930413608
178 1 15 1.0 30.323695983612147 30.323695983612147
179 1 8 1.0 13.734791927877684 13.734791927877684
180 1 101 1.0 1.0 1.0
181 1 8 1.0 13.734791927877684 13.734791927877684
182 1 25 1.0 57.71571011139208 57.71571011139208
183 1 106 1.0 9.55892689827884 9.55892689827884
184 0 100 0.0 0.0 0.0
185 0 100 0.0 0.0 0.0
186 0 100 0.0 0.0 0.0
187 2 13 13.494214179327372 40.41888428935346 545.4210814899858
188 4 66 151.22372397683895 1292.338741426653 195432.27711807963
189 4 36 151.22372397683895 458.3949685466225 69320.19419586622
190 1 8 1.0 13.734791927877684 13.734791927877684
191 1 21 1.0 46.33316012586883 46.33316012586883
192 1 12 1.0 22.891970023971037 22.891970023971037
193 6 96 552.5626438069447 6193.675591281851 3422393.759601241
194 4 56 151.22372397683895 975.7969952136767 147563.65546162188
195 2 7 13.494214179327372 16.551687764173284 223.3520197191065
196 0 7 0.0 7.0 0.0
197 1 19 1.0 40.84402933782601 40.84402933782601
198 1 30 1.0 72.61998620345668 72.61998620345668
199 5 46 312.35291035940236 1050.58572833688 328153.50982807693
