0 1 105 1.0 7.59708563275366 7.59708563275366
1 1 6 1.0 9.55892689827884 9.55892689827884
2 1 14 1.0 27.799106543625292 27.799106543625292
3 0 6 0.0 6.0 0.0
4 3 16 57.02181064673912 81.54950460903234 4650.100410151621
5 1 100 1.0 0.0 0.0
6 0 5 0.0 5.0 0.0
7 2 20 13.494214179327372 75.23327232919837 1015.2138902218663
8 0 5 0.0 5.0 0.0
9 1 13 1.0 25.320989780782124 25.320989780782124
10 0 100 0.0 0.0 0.0
11 0 100 0.0 0.0 0.0
12 1 105 1.0 7.59708563275366 7.59708563275366
13 1 16 1.0 32.892441635375256 32.892441635375256
14 1 8 1.0 13.734791927877684 13.734791927877684
15 0 5 0.0 5.0 0.0
16 0 100 0.0 0.0 0.0
17 5 39 312.35291035940236 778.3165439750189 243109.43769146892
18 0 100 0.0 0.0 0.0
19 1 104 1.0 5.735193251789799 5.735193251789799
20 0 100 0.0 0.0 0.0
21 3 21 57.02181064673912 125.57185196799401 7160.33436547931
22 2 59 13.494214179327372 358.10513855020525 4832.347438314173
23 2 10 13.494214179327372 27.685321443873434 373.59165718715303
24 1 103 1.0 3.9914906122521803 3.9914906122521803
25 2 26 13.494214179327372 109.8359986590007 1482.1504905048694
26 2 12 13.494214179327372 36.01211998010309 485.95526006314566
27 2 28 13.494214179327372 122.22584512913716 1649.341732421874
28 0 100 0.0 0.0 0.0
29 0 6 0.0 6.0 0.0
30 2 104 13.494214179327372 7.384494371244687 99.64794865161322
31 0 5 0.0 5.0 0.0
32 0 100 0.0 0.0 0.0
33 6 69 552.5626438069447 3293.0002682054314 1819588.9342565713
34 1 9 1.0 15.931997307697284 15.931997307697284
35 0 100 0.0 0.0 0.0
36 0 100 0.0 0.0 0.0
37 0 5 0.0 5.0 0.0
38 5 34 312.35291035940236 606.571327772905 189464.31957043384
39 0 5 0.0 5.0 0.0
40 1 13 1.0 25.320989780782124 25.320989780782124
41 1 9 1.0 15.931997307697284 15.931997307697284
42 2 32 13.494214179327372 148.1842032776824 1999.6293770220316
43 4 67 151.22372397683895 1326.001420918201 200522.87286983026
44 3 21 57.02181064673912 125.57185196799401 7160.33436547931
45 7 51 880.1589317377488 2601.0 2289293.3814498847
46 3 31 57.02181064673912 233.0178128969552 13287.097604327464
47 1 28 1.0 66.57403288693754 66.57403288693754
48 1 19 1.0 40.84402933782601 40.84402933782601
49 0 5 0.0 5.0 0.0
50 0 5 0.0 5.0 0.0
51 2 27 13.494214179327372 115.98017876588344 1565.0613728235076
52 1 5 1.0 7.59708563275366 7.59708563275366
53 1 104 1.0 5.735193251789799 5.735193251789799
54 3 25 57.02181064673912 165.61186212092687 9443.48824271336
55 1 11 1.0 20.51504931294799 20.51504931294799
56 0 100 0.0 0.0 0.0
57 1 13 1.0 25.320989780782124 25.320989780782124
58 0 8 0.0 8.0 0.0
59 1 7 1.0 11.607984241186918 11.607984241186918
60 0 100 0.0 0.0 0.0
61 1 14 1.0 27.799106543625292 27.799106543625292
62 0 6 0.0 6.0 0.0
63 0 5 0.0 5.0 0.0
64 1 101 1.0 1.0 1.0
65 1 7 1.0 11.607984241186918 11.607984241186918
66 1 18 1.0 38.15436697768484 38.15436697768484
67 0 100 0.0 0.0 0.0
68 0 8 0.0 8.0 0.0
69 0 100 0.0 0.0 0.0
70 0 6 0.0 6.0 0.0
71 3 44 57.02181064673912 406.27351121486885 23166.451227280093
72 0 6 0.0 6.0 0.0
73 0 5 0.0 5.0 0.0
74 1 8 1.0 13.734791927877684 13.734791927877684
75 0 5 0.0 5.0 0.0
76 2 121 13.494214179327372 80.71796600694597 1089.2255214173952
77 1 105 1.0 7.59708563275366 7.59708563275366
78 0 9 0.0 9.0 0.0
79 3 70 57.02181064673912 849.0056290582019 48411.838218172416
80 0 100 0.0 0.0 0.0
81 2 40 13.494214179327372 204.4421003683832 2758.785489642506
82 3 8 57.02181064673912 27.137259985193985 1547.4157003470618
83 4 55 151.22372397683895 946.1899645328139 143086.37002616527
84 5 78 312.35291035940236 2742.610069160227 856662.2370831986
85 0 100 0.0 0.0 0.0
86 0 10 0.0 10.0 0.0
87 2 17 13.494214179327372 59.51335422080222 803.0859483856818
88 0 100 0.0 0.0 0.0
89 1 16 1.0 32.892441635375256 32.892441635375256
90 0 5 0.0 5.0 0.0
91 2 10 13.494214179327372 27.685321443873434 373.59165718715303
92 4 52 151.22372397683895 859.6554919481086 130000.30482953448
93 0 5 0.0 5.0 0.0
94 1 30 1.0 72.61998620345668 72.61998620345668
95 0 100 0.0 0.0 0.0
96 0 6 0.0 6.0 0.0
97 0 5 0.0 5.0 0.0
98 0 100 0.0 0.0 0.0
99 4 149 151.22372397683895 776.5950928818146 117439.60196772714
100 1 103 1.0 3.9914906122521803 3.9914906122521803
101 2 27 13.494214179327372 115.98017876588344 1565.0613728235076
102 0 5 0.0 5.0 0.0
103 2 24 13.494214179327372 97.86086952638261 1320.555533164218
104 2 39 13.494214179327372 197.11162840858907 2659.8665309814905
105 0 11 0.0 11.0 0.0
106 1 9 1.0 15.931997307697284 15.931997307697284
107 1 14 1.0 27.799106543625292 27.799106543625292
108 1 8 1.0 13.734791927877684 13.734791927877684
109 4 65 151.22372397683895 1259.0362466163215 190396.14983514193
110 1 10 1.0 18.1937008646705 18.1937008646705
111 0 100 0.0 0.0 0.0
112 0 100 0.0 0.0 0.0
113 3 39 57.02181064673912 335.47304520277595 19129.280460637645
114 3 31 57.02181064673912 233.0178128969552 13287.097604327464
115 2 12 13.494214179327372 36.01211998010309 485.95526006314566
116 0 5 0.0 5.0 0.0
117 1 9 1.0 15.931997307697284 15.931997307697284
118 0 100 0.0 0.0 0.0
119 2 27 13.494214179327372 115.98017876588344 1565.0613728235076
120 3 52 57.02181064673912 529.6457757489877 30201.361134604027
121 0 100 0.0 0.0 0.0
122 3 45 57.02181064673912 421.0282951259743 24007.7957215927
123 2 24 13.494214179327372 97.86086952638261 1320.555533164218
124 1 22 1.0 49.12998068819353 49.12998068819353
125 2 19 13.494214179327372 69.8685662777562 942.821397754572
126 2 31 13.494214179327372 141.5519192260369 1910.1319155309898
127 0 6 0.0 6.0 0.0
128 1 13 1.0 25.320989780782124 25.320989780782124
129 0 100 0.0 0.0 0.0
130 0 100 0.0 0.0 0.0
131 0 6 0.0 6.0 0.0
132 3 26 57.02181064673912 176.25042831919396 10050.118550023744
133 1 10 1.0 18.1937008646705 18.1937008646705
134 0 100 0.0 0.0 0.0
135 1 11 1.0 20.51504931294799 20.51504931294799
136 1 9 1.0 15.931997307697284 15.931997307697284
137 0 6 0.0 6.0 0.0
138 2 20 13.494214179327372 75.23327232919837 1015.2138902218663
139 4 44 151.22372397683895 646.0476428878335 97697.73042395715
140 0 100 0.0 0.0 0.0
141 2 29 13.494214179327372 128.5709592386038 1734.9640612072888
142 2 21 13.494214179327372 80.71796600694597 1089.2255214173952
143 4 53 151.22372397683895 888.1171619831025 134304.38456282625
144 0 100 0.0 0.0 0.0
145 1 108 1.0 13.734791927877684 13.734791927877684
146 0 11 0.0 11.0 0.0
147 0 100 0.0 0.0 0.0
148 1 104 1.0 5.735193251789799 5.735193251789799
149 1 19 1.0 40.84402933782601 40.84402933782601
150 2 13 13.494214179327372 40.41888428935346 545.4210814899858
151 1 110 1.0 18.1937008646705 18.1937008646705
152 0 100 0.0 0.0 0.0
153 1 105 1.0 7.59708563275366 7.59708563275366
154 1 10 1.0 18.1937008646705 18.1937008646705
155 2 18 13.494214179327372 64.62733255388774 872.0950673207774
156 1 23 1.0 51.960050539976365 51.960050539976365
157 1 15 1.0 30.323695983612147 30.323695983612147
158 3 42 57.02181064673912 377.3528472077043 21517.342600485594
159 5 95 312.35291035940236 3924.3008107112732 1225766.7793514284
160 3 42 57.02181064673912 377.3528472077043 21517.342600485594
161 3 18 57.02181064673912 98.31525163284788 5606.113662294761
162 0 7 0.0 7.0 0.0
163 0 5 0.0 5.0 0.0
164 2 29 13.494214179327372 128.5709592386038 1734.9640612072888
165 0 100 0.0 0.0 0.0
166 2 23 13.494214179327372 92.0346545141889 1241.9353399348638
167 2 17 13.494214179327372 59.51335422080222 803.0859483856818
168 3 46 57.02181064673912 435.9769523615719 24860.195223903953
169 1 7 1.0 11.607984241186918 11.607984241186918
170 2 8 13.494214179327372 20.066939702021244 270.7875822627225
171 2 30 13.494214179327372 135.01359299654277 1821.9023410158823
172 1 107 1.0 11.607984241186918 11.607984241186918
173 0 7 0.0 7.0 0.0
174 1 13 1.0 25.320989780782124 25.320989780782124
175 2 54 13.494214179327372 315.16948038953416 4252.964471163692
176 1 103 1.0 3.9914906122521803 3.9914906122521803
177 0 5 0.0 5.0 0.0
178 1 28 1.0 66.57403288693754 66.57403288693754
179 2 22 13.494214179327372 86.31942417916456 1164.8127977098563
180 2 26 13.494214179327372 109.8359986590007 1482.1504905048694
181 0 100 0.0 0.0 0.0
182 5 75 312.35291035940236 2553.9502583266267 797733.7961014693
183 4 52 151.22372397683895 859.6554919481086 130000.30482953448
184 1 8 1.0 13.734791927877684 13.734791927877684
185 1 24 1.0 54.8222930413608 54.8222930413608
186 2 105 13.494214179327372 10.188005914414083 137.47913386935764
187 2 35 13.494214179327372 168.62869283493262 2275.511697894588
188 1 18 1.0 38.15436697768484 38.15436697768484
189 1 106 1.0 9.55892689827884 9.55892689827884
190 3 22 57.02181064673912 135.19579244279535 7709.10887690892
191 7 70 880.1589317377488 4900.0 4312778.765514969
192 3 19 57.02181064673912 107.12598084817145 6108.517395270634
193 2 32 13.494214179327372 148.1842032776824 1999.6293770220316
194 2 43 13.494214179327372 226.91812071099523 3062.081722044632
195 1 8 1.0 13.734791927877684 13.734791927877684
196 1 12 1.0 22.891970023971037 22.891970023971037
197 3 29 57.02181064673912 209.61005902119368 11952.345095158316
198 1 12 1.0 22.891970023971037 22.891970023971037
199 1 17 1.0 35.503281577765854 35.503281577765854
