0 0 5 0.0 5.0 0.0
1 2 15 13.494214179327372 49.68406405407534 670.4474016451129
2 0 5 0.0 5.0 0.0
3 1 9 1.0 15.931997307697284 15.931997307697284
4 1 107 1.0 11.607984241186918 11.607984241186918
5 1 10 1.0 18.1937008646705 18.1937008646705
6 2 7 13.494214179327372 16.551687764173284 223.3520197191065
7 2 9 13.494214179327372 23.78240930402918 320.92492484899776
8 2 30 13.494214179327372 135.01359299654277 1821.9023410158823
9 1 9 1.0 15.931997307697284 15.931997307697284
10 0 5 0.0 5.0 0.0
11 1 10 1.0 18.1937008646705 18.1937008646705
12 0 5 0.0 5.0 0.0
13 2 20 13.494214179327372 75.23327232919837 1015.2138902218663
14 2 38 13.494214179327372 189.8638195218893 2562.0630455335317
15 0 100 0.0 0.0 0.0
16 1 105 1.0 7.59708563275366 7.59708563275366
17 0 100 0.0 0.0 0.0
18 1 13 1.0 25.320989780782124 25.320989780782124
19 0 6 0.0 6.0 0.0
20 0 100 0.0 0.0 0.0
21 0 100 0.0 0.0 0.0
22 0 5 0.0 5.0 0.0
23 1 15 1.0 30.323695983612147 30.323695983612147
24 0 100 0.0 0.0 0.0
25 0 100 0.0 0.0 0.0
26 1 28 1.0 66.57403288693754 66.57403288693754
27 0 6 0.0 6.0 0.0
28 0 100 0.0 0.0 0.0
29 1 14 1.0 27.799106543625292 27.799106543625292
30 0 100 0.0 0.0 0.0
31 1 13 1.0 25.320989780782124 25.320989780782124
32 0 100 0.0 0.0 0.0
33 5 61 312.35291035940236 1754.5251914699081 548031.0498545135
34 0 9 0.0 9.0 0.0
35 0 100 0.0 0.0 0.0
36 0 100 0.0 0.0 0.0
37 1 13 1.0 25.320989780782124 25.320989780782124
38 1 9 1.0 15.931997307697284 15.931997307697284
39 0 100 0.0 0.0 0.0
40 2 12 13.494214179327372 36.01211998010309 485.95526006314566
41 0 100 0.0 0.0 0.0
42 0 100 0.0 0.0 0.0
43 1 47 1.0 127.85310766976465 127.85310766976465
44 0 100 0.0 0.0 0.0
45 0 5 0.0 5.0 0.0
46 0 7 0.0 7.0 0.0
47 0 100 0.0 0.0 0.0
48 1 5 1.0 7.59708563275366 7.59708563275366
49 2 28 13.494214179327372 122.22584512913716 1649.341732421874
50 0 5 0.0 5.0 0.0
51 1 109 1.0 15.931997307697284 15.931997307697284
52 0 6 0.0 6.0 0.0
53 0 100 0.0 0.0 0.0
54 1 7 1.0 11.607984241186918 11.607984241186918
55 0 100 0.0 0.0 0.0
56 1 14 1.0 27.799106543625292 27.799106543625292
57 1 20 1.0 43.57075425423803 43.57075425423803
58 0 100 0.0 0.0 0.0
59 0 100 0.0 0.0 0.0
60 1 5 1.0 7.59708563275366 7.59708563275366
61 1 9 1.0 15.931997307697284 15.931997307697284
62 0 5 0.0 5.0 0.0
63 0 5 0.0 5.0 0.0
64 0 100 0.0 0.0 0.0
65 0 6 0.0 6.0 0.0
66 0 6 0.0 6.0 0.0
67 0 100 0.0 0.0 0.0
68 1 8 1.0 13.734791927877684 13.734791927877684
69 0 100 0.0 0.0 0.0
70 0 5 0.0 5.0 0.0
71 0 5 0.0 5.0 0.0
72 1 20 1.0 43.57075425423803 43.57075425423803
73 0 100 0.0 0.0 0.0
74 0 5 0.0 5.0 0.0
75 0 100 0.0 0.0 0.0
76 3 37 57.02181064673912 308.57807572808247 17595.680603901845
77 1 24 1.0 54.8222930413608 54.8222930413608
78 2 54 13.494214179327372 315.16948038953416 4252.964471163692
79 2 110 13.494214179327372 27.685321443873434 373.59165718715303
80 1 103 1.0 3.9914906122521803 3.9914906122521803
81 1 7 1.0 11.607984241186918 11.607984241186918
82 0 6 0.0 6.0 0.0
83 0 5 0.0 5.0 0.0
84 0 100 0.0 0.0 0.0
85 0 6 0.0 6.0 0.0
86 6 75 552.5626438069447 3862.4525781644106 2134247.0081694764
87 0 6 0.0 6.0 0.0
88 1 106 1.0 9.55892689827884 9.55892689827884
89 0 100 0.0 0.0 0.0
90 0 100 0.0 0.0 0.0
91 0 11 0.0 11.0 0.0
92 3 53 57.02181064673912 545.90532331836 31128.509977306425
93 1 107 1.0 11.607984241186918 11.607984241186918
94 0 5 0.0 5.0 0.0
95 0 5 0.0 5.0 0.0
96 1 11 1.0 20.51504931294799 20.51504931294799
97 1 102 1.0 2.3948263510722025 2.3948263510722025
98 0 6 0.0 6.0 0.0
99 3 123 57.02181064673912 145.08021796711313 8272.736717508364
100 0 9 0.0 9.0 0.0
101 1 26 1.0 60.63937356224698 60.63937356224698
102 1 21 1.0 46.33316012586883 46.33316012586883
103 2 30 13.494214179327372 135.01359299654277 1821.9023410158823
104 0 100 0.0 0.0 0.0
105 4 36 151.22372397683895 458.3949685466225 69320.19419586622
106 0 100 0.0 0.0 0.0
107 0 100 0.0 0.0 0.0
108 1 12 1.0 22.891970023971037 22.891970023971037
109 0 100 0.0 0.0 0.0
110 1 16 1.0 32.892441635375256 32.892441635375256
111 0 5 0.0 5.0 0.0
112 0 100 0.0 0.0 0.0
113 2 11 13.494214179327372 31.76494829034237 428.6430156251388
114 1 21 1.0 46.33316012586883 46.33316012586883
115 0 100 0.0 0.0 0.0
116 1 105 1.0 7.59708563275366 7.59708563275366
117 3 43 57.02181064673912 391.71440685113555 22336.26473506518
118 0 100 0.0 0.0 0.0
119 0 100 0.0 0.0 0.0
120 0 7 0.0 7.0 0.0
121 1 17 1.0 35.503281577765854 35.503281577765854
122 0 100 0.0 0.0 0.0
123 2 21 13.494214179327372 80.71796600694597 1089.2255214173952
124 1 8 1.0 13.734791927877684 13.734791927877684
125 0 100 0.0 0.0 0.0
126 0 100 0.0 0.0 0.0
127 0 100 0.0 0.0 0.0
128 3 149 57.02181064673912 481.96892224029307 27482.74062159892
129 1 103 1.0 3.9914906122521803 3.9914906122521803
130 0 6 0.0 6.0 0.0
131 1 7 1.0 11.607984241186918 11.607984241186918
132 0 6 0.0 6.0 0.0
133 0 100 0.0 0.0 0.0
134 3 50 57.02181064673912 497.6760852315066 28378.391495481366
135 1 8 1.0 13.734791927877684 13.734791927877684
136 2 12 13.494214179327372 36.01211998010309 485.95526006314566
137 0 100 0.0 0.0 0.0
138 1 34 1.0 85.02419427196995 85.02419427196995
139 0 100 0.0 0.0 0.0
140 5 71 312.35291035940236 2311.8500842163953 722113.1021196205
141 3 143 57.02181064673912 391.71440685113555 22336.26473506518
142 3 35 57.02181064673912 282.5239294230334 16110.026006732896
143 1 104 1.0 5.735193251789799 5.735193251789799
144 0 100 0.0 0.0 0.0
145 1 14 1.0 27.799106543625292 27.799106543625292
146 4 76 151.22372397683895 1644.92462809159 248751.62792122707
147 4 76 151.22372397683895 1644.92462809159 248751.62792122707
148 5 90 312.35291035940236 3557.085524945249 1111066.016113951
149 0 5 0.0 5.0 0.0
150 0 5 0.0 5.0 0.0
151 0 10 0.0 10.0 0.0
152 0 5 0.0 5.0 0.0
153 1 102 1.0 2.3948263510722025 2.3948263510722025
154 2 10 13.494214179327372 27.685321443873434 373.59165718715303
155 5 104 312.35291035940236 4625.863540566592 1444901.9398214242
156 0 100 0.0 0.0 0.0
157 0 100 0.0 0.0 0.0
158 2 42 13.494214179327372 219.34644070399202 2959.9078503327996
159 2 23 13.494214179327372 92.0346545141889 1241.9353399348638
160 4 49 151.22372397683895 776.5950928818146 117439.60196772714
161 1 27 1.0 63.59241768810072 63.59241768810072
162 3 29 57.02181064673912 209.61005902119368 11952.345095158316
163 1 17 1.0 35.503281577765854 35.503281577765854
164 2 20 13.494214179327372 75.23327232919837 1015.2138902218663
165 2 21 13.494214179327372 80.71796600694597 1089.2255214173952
166 1 102 1.0 2.3948263510722025 2.3948263510722025
167 2 33 13.494214179327372 154.90879557685506 2090.372465775723
168 1 11 1.0 20.51504931294799 20.51504931294799
169 1 19 1.0 40.84402933782601 40.84402933782601
170 2 18 13.494214179327372 64.62733255388774 872.0950673207774
171 5 60 312.35291035940236 1702.6102917613564 531815.2798395308
172 3 25 57.02181064673912 165.61186212092687 9443.48824271336
173 4 67 151.22372397683895 1326.001420918201 200522.87286983026
174 1 21 1.0 46.33316012586883 46.33316012586883
175 0 100 0.0 0.0 0.0
176 4 59 151.22372397683895 1066.8769814059906 161337.11015338267
177 2 46 13.494214179327372 250.0988923255542 3374.8880190535633
178 1 101 1.0 1.0 1.0
179 0 100 0.0 0.0 0.0
180 5 103 312.35291035940236 4545.356706035842 1419755.3957519217
181 7 112 880.1589317377488 12544.0 11040713.639718322
182 2 32 13.494214179327372 148.1842032776824 1999.6293770220316
183 7 201 880.1589317377488 10201.0 8978501.262656776
184 5 65 312.35291035940236 1969.1653870843556 615074.5396347976
185 4 31 151.22372397683895 354.97079584466536 53680.00565065253
186 2 13 13.494214179327372 40.41888428935346 545.4210814899858
187 4 75 151.22372397683895 1608.0874365260645 243180.97063184011
188 1 22 1.0 49.12998068819353 49.12998068819353
189 1 24 1.0 54.8222930413608 54.8222930413608
190 3 21 57.02181064673912 125.57185196799401 7160.33436547931
191 4 86 151.22372397683895 2032.1034843472744 307302.2564093049
192 1 106 1.0 9.55892689827884 9.55892689827884
193 1 106 1.0 9.55892689827884 9.55892689827884
194 1 29 1.0 69.58346013935528 69.58346013935528
195 2 10 13.494214179327372 27.685321443873434 373.59165718715303
196 4 75 151.22372397683895 1608.0874365260645 243180.97063184011
197 9 189 1814.8473014962385 80257.99045879758 145655997.40765965
198 2 16 13.494214179327372 54.53075711894446 735.8497159239173
199 2 33 13.494214179327372 154.90879557685506 2090.372465775723
