0 17 324 9095.850952291546 3797425.219187417 34540813796.201805
1 16 291 7916.453847805617 2164525.387281327 17135365330.816206
2 0 9 0.0 9.0 0.0
3 2 24 13.494214179327372 97.86086952638261 1320.555533164218
4 0 100 0.0 0.0 0.0
5 1 8 1.0 13.734791927877684 13.734791927877684
6 0 5 0.0 5.0 0.0
7 0 100 0.0 0.0 0.0
8 1 15 1.0 30.323695983612147 30.323695983612147
9 0 5 0.0 5.0 0.0
10 3 32 57.02181064673912 245.06238675558936 13973.901014215166
11 2 9 13.494214179327372 23.78240930402918 320.92492484899776
12 7 116 880.1589317377488 13456.0 11843418.585463148
13 0 100 0.0 0.0 0.0
14 1 106 1.0 9.55892689827884 9.55892689827884
15 0 100 0.0 0.0 0.0
16 0 100 0.0 0.0 0.0
17 0 5 0.0 5.0 0.0
18 0 100 0.0 0.0 0.0
19 0 100 0.0 0.0 0.0
20 5 86 312.35291035940236 3275.042744200361 1022969.1327024265
21 6 80 552.5626438069447 4369.987349380403 2414691.7631765385
22 0 100 0.0 0.0 0.0
23 8 306 1300.1508247099457 65018.6239355122 84534017.53126201
24 0 100 0.0 0.0 0.0
25 1 34 1.0 85.02419427196995 85.02419427196995
26 8 304 1300.1508247099457 63712.45626749692 82835802.56048247
27 2 17 13.494214179327372 59.51335422080222 803.0859483856818
28 15 269 6803.971395961631 1326148.282625493 9023074981.787495
29 2 18 13.494214179327372 64.62733255388774 872.0950673207774
30 0 100 0.0 0.0 0.0
31 0 100 0.0 0.0 0.0
32 3 175 57.02181064673912 947.2709566120693 54015.10511908885
33 0 100 0.0 0.0 0.0
34 0 100 0.0 0.0 0.0
35 0 100 0.0 0.0 0.0
36 0 100 0.0 0.0 0.0
37 8 204 1300.1508247099457 15689.114034349886 20398214.550728388
38 2 131 13.494214179327372 141.5519192260369 1910.1319155309898
39 12 327 3920.792982031498 346581.45704656374 1358874144.4904182
40 0 100 0.0 0.0 0.0
41 0 100 0.0 0.0 0.0
42 1 10 1.0 18.1937008646705 18.1937008646705
43 15 392 6803.971395961631 1630705.3693295505 11095272688.15931
44 0 100 0.0 0.0 0.0
45 0 5 0.0 5.0 0.0
46 1 111 1.0 20.51504931294799 20.51504931294799
47 3 126 57.02181064673912 176.25042831919396 10050.118550023744
48 0 100 0.0 0.0 0.0
49 2 9 13.494214179327372 23.78240930402918 320.92492484899776
50 1 20 1.0 43.57075425423803 43.57075425423803
51 0 100 0.0 0.0 0.0
52 10 276 2424.408141701412 98622.37714481588 239100894.1038389
53 0 100 0.0 0.0 0.0
54 9 142 1814.8473014962385 43347.5615654562 78669205.13351025
55 0 100 0.0 0.0 0.0
56 1 20 1.0 43.57075425423803 43.57075425423803
57 10 197 2424.408141701412 126720.59559637398 307222443.6851012
58 10 320 2424.408141701412 161994.92378026844 392741812.1271825
59 0 6 0.0 6.0 0.0
60 1 16 1.0 32.892441635375256 32.892441635375256
61 2 9 13.494214179327372 23.78240930402918 320.92492484899776
62 0 5 0.0 5.0 0.0
63 2 110 13.494214179327372 27.685321443873434 373.59165718715303
64 1 33 1.0 81.88562674252243 81.88562674252243
65 0 5 0.0 5.0 0.0
66 0 100 0.0 0.0 0.0
67 1 9 1.0 15.931997307697284 15.931997307697284
68 10 169 2424.408141701412 90110.55718762161 218464768.49892056
69 1 32 1.0 78.7716859795011 78.7716859795011
70 0 5 0.0 5.0 0.0
71 0 5 0.0 5.0 0.0
72 0 6 0.0 6.0 0.0
73 1 107 1.0 11.607984241186918 11.607984241186918
74 7 165 880.1589317377488 27225.0 23962326.916560214
75 4 160 151.22372397683895 1097.9836363389938 166041.17435281392
76 0 6 0.0 6.0 0.0
77 0 100 0.0 0.0 0.0
78 6 97 552.5626438069447 6317.679695554275 3490913.7953009238
79 0 100 0.0 0.0 0.0
80 0 100 0.0 0.0 0.0
81 1 101 1.0 1.0 1.0
82 0 100 0.0 0.0 0.0
83 0 11 0.0 11.0 0.0
84 13 322 4801.088521889328 451902.215379468 2169622539.2747226
85 17 339 9095.850952291546 4275619.850354932 38890400887.48755
86 0 5 0.0 5.0 0.0
87 0 5 0.0 5.0 0.0
88 0 100 0.0 0.0 0.0
89 0 100 0.0 0.0 0.0
90 0 100 0.0 0.0 0.0
91 0 100 0.0 0.0 0.0
92 0 100 0.0 0.0 0.0
93 0 10 0.0 10.0 0.0
94 1 103 1.0 3.9914906122521803 3.9914906122521803
95 1 27 1.0 63.59241768810072 63.59241768810072
96 17 240 9095.850952291546 1729490.2901913503 15731185903.015976
97 0 5 0.0 5.0 0.0
98 1 24 1.0 54.8222930413608 54.8222930413608
99 0 5 0.0 5.0 0.0
100 24 387 18776.370315488246 36856387.30798228 692029176585.7362
101 0 100 0.0 0.0 0.0
102 11 163 3127.3197986346404 116050.04572860713 362925605.63952845
103 18 329 10336.717591947081 5210623.385138517 53860742410.172165
104 3 27 57.02181064673912 187.1321231368427 10670.612491431313
105 0 100 0.0 0.0 0.0
106 3 70 57.02181064673912 849.0056290582019 48411.838218172416
107 16 305 7916.453847805617 2442499.2699785414 19335932744.084034
108 8 119 1300.1508247099457 20764.03051150532 26996371.39383612
109 14 287 5763.781188419757 1152545.3184725586 6643019025.413391
110 6 180 552.5626438069447 4369.987349380403 2414691.7631765385
111 23 261 17276.616480405057 9349695.490335029 161531103195.091
112 15 241 6803.971395961631 1005325.7957397868 6840207957.835875
113 27 492 23417.05273547914 149414086.4312278 3498837541383.5
114 0 5 0.0 5.0 0.0
115 15 308 6803.971395961631 1865326.5118843 12691628230.98966
116 0 100 0.0 0.0 0.0
117 7 204 880.1589317377488 10816.0 9519799.005675491
118 19 307 11633.622691025432 5638092.81888376 65591444551.87365
119 18 356 10336.717591947081 2667789.101034627 27576182532.269318
120 21 347 14374.256054893494 13125114.51279478 188663756756.71085
121 16 211 7916.453847805617 947075.6893985047 7497480985.50195
122 7 244 880.1589317377488 20736.0 18250975.60851396
123 7 71 880.1589317377488 5041.0 4436881.174889992
124 10 195 2424.408141701412 123877.20055911093 300328893.6066873
125 4 147 151.22372397683895 723.181183304868 109362.15164933914
126 10 184 2424.408141701412 108870.3820957398 263946240.74305522
127 21 377 14374.256054893494 16558072.98185693 238009980816.82535
128 20 290 12981.212045421978 6216835.390701198 80702058458.17604
129 15 244 6803.971395961631 1037159.1258669969 7056801025.459616
130 16 214 7916.453847805617 982087.162262702 7774647694.5750675
131 13 210 4801.088521889328 395256.36191619065 1897660782.399557
132 14 231 5763.781188419757 674789.6362210688 3889339811.3916078
133 10 222 2424.408141701412 43653.86742578588 105834791.60382935
134 21 348 14374.256054893494 13231375.76920928 190191183265.12756
135 17 390 9095.850952291546 6173198.908189871 56150497167.74397
136 2 122 13.494214179327372 86.31942417916456 1164.8127977098563
137 14 247 5763.781188419757 795972.5966918325 4587811879.310011
138 8 248 1300.1508247099457 32683.32902098925 42493257.18090568
139 8 156 1300.1508247099457 36465.56936906108 47410740.0887025
140 10 195 2424.408141701412 25027.52609192426 60676938.0239057
141 6 136 552.5626438069447 12059.050322553525 6663380.728031165
142 2 45 13.494214179327372 242.29532664846576 3269.585032444484
143 29 565 26589.10945763286 355839696.3962355 9461460636850.352
144 18 249 10336.717591947081 2477549.204842223 25609726450.60711
145 10 173 2424.408141701412 94922.67645061052 230131309.61894906
146 8 127 1300.1508247099457 23773.224239432624 30908777.1009128
147 13 243 4801.088521889328 561888.9684414291 2697678676.96038
148 15 338 6803.971395961631 2357603.5034913844 16041066800.774307
149 5 179 312.35291035940236 2806.8374672292675 876723.8517948753
150 14 265 5763.781188419757 946756.3646287718 5456896524.463991
151 23 519 17276.616480405057 67904399.08945757 1173158260400.9248
152 9 251 1814.8473014962385 49483.85481657476 89805640.38149236
153 12 255 3920.792982031498 455597.5748377864 1786303774.054563
154 9 126 1814.8473014962385 33505.118966499955 60806674.742662884
155 14 255 5763.781188419757 861069.9838108779 4963018974.602043
156 2 117 13.494214179327372 59.51335422080222 803.0859483856818
157 10 289 2424.408141701412 115559.52004722142 280163441.2535912
158 1 19 1.0 40.84402933782601 40.84402933782601
159 2 130 13.494214179327372 135.01359299654277 1821.9023410158823
160 1 42 1.0 110.9598727978785 110.9598727978785
161 13 213 4801.088521889328 409002.6193028316 1963657780.9574952
162 14 299 5763.781188419757 1275058.6936311622 7349159312.482363
163 13 265 4801.088521889328 692416.3228329758 3324352059.9222155
164 11 294 3127.3197986346404 172885.45162861623 540668095.774063
165 7 105 880.1589317377488 11025.0 9703752.22240868
166 13 227 4801.088521889328 476823.32726528787 2289271003.5024524
167 9 283 1814.8473014962385 74869.18614488025 135876140.4402555
168 0 100 0.0 0.0 0.0
169 23 351 17276.616480405057 21975369.69686179 379660034267.79626
170 18 295 10336.717591947081 3894728.059858422 40258704052.18847
171 21 353 14374.256054893494 13770982.618961489 197947630292.44025
172 12 201 3920.792982031498 260366.30656647639 1020842387.5433022
173 11 302 3127.3197986346404 189643.12073882896 593074686.1613994
174 17 337 9095.850952291546 4209827.594113514 38291964330.900635
175 14 273 5763.781188419757 1018811.257612624 5872205161.1779175
176 10 181 2424.408141701412 104962.02514306911 254470788.3263251
177 15 231 6803.971395961631 903501.7009304481 6147399729.333449
178 17 268 9095.850952291546 2309475.532027967 21006645217.290607
179 27 438 23417.05273547914 104971439.64935707 2458121737988.1606
180 0 100 0.0 0.0 0.0
181 12 398 3920.792982031498 657219.6301098579 2576822113.3880677
182 6 109 552.5626438069447 7896.900764171442 4363532.364131654
183 15 236 6803.971395961631 953594.1193390678 6488227111.34024
184 10 171 2424.408141701412 92499.39491944655 224256286.14516047
185 0 100 0.0 0.0 0.0
186 13 233 4801.088521889328 507767.10188706696 2437834804.6630063
187 9 264 1814.8473014962385 59120.271421214304 107294265.05251597
188 21 406 14374.256054893494 20379453.848822743 292939487881.86285
189 12 248 3920.792982031498 426734.047733562 1673135859.5476441
190 17 236 9095.850952291546 1654964.609250074 15053311417.056093
191 15 291 6803.971395961631 1616669.641481379 10999773997.358849
192 22 224 15807.685316481819 4828283.1816817615 76323981154.8869
193 12 272 3920.792982031498 180499.32518890905 707700487.4620957
194 9 262 1814.8473014962385 57577.89660287633 104495090.27555954
195 9 224 1814.8473014962385 32369.82111547107 58746282.50132863
196 22 373 15807.685316481819 20587225.833118886 325436387509.2886
197 24 332 18776.370315488246 23542494.47846634 442042594478.0213
198 14 333 5763.781188419757 689289.6488249365 3972914711.2696295
199 19 463 11633.622691025432 17198873.431377083 200085204211.34286
