0 2 22 13.494214179327372 86.31942417916456 1164.8127977098563
1 0 100 0.0 0.0 0.0
2 0 100 0.0 0.0 0.0
3 1 10 1.0 18.1937008646705 18.1937008646705
4 0 5 0.0 5.0 0.0
5 1 103 1.0 3.9914906122521803 3.9914906122521803
6 0 6 0.0 6.0 0.0
7 1 101 1.0 1.0 1.0
8 0 5 0.0 5.0 0.0
9 3 30 57.02181064673912 221.1993434691573 12613.187078481296
10 0 100 0.0 0.0 0.0
11 1 8 1.0 13.734791927877684 13.734791927877684
12 0 6 0.0 6.0 0.0
13 3 21 57.02181064673912 125.57185196799401 7160.33436547931
14 0 100 0.0 0.0 0.0
15 1 104 1.0 5.735193251789799 5.735193251789799
16 3 16 57.02181064673912 81.54950460903234 4650.100410151621
17 0 100 0.0 0.0 0.0
18 2 45 13.494214179327372 242.29532664846576 3269.585032444484
19 0 100 0.0 0.0 0.0
20 1 6 1.0 9.55892689827884 9.55892689827884
21 0 100 0.0 0.0 0.0
22 2 34 13.494214179327372 161.72412498062124 2182.3399804528112
23 0 6 0.0 6.0 0.0
24 0 100 0.0 0.0 0.0
25 0 100 0.0 0.0 0.0
26 0 5 0.0 5.0 0.0
27 0 7 0.0 7.0 0.0
28 0 100 0.0 0.0 0.0
29 1 5 1.0 7.59708563275366 7.59708563275366
30 5 139 312.35291035940236 778.3165439750189 243109.43769146892
31 1 101 1.0 1.0 1.0
32 2 10 13.494214179327372 27.685321443873434 373.59165718715303
33 0 11 0.0 11.0 0.0
34 0 11 0.0 11.0 0.0
35 1 20 1.0 43.57075425423803 43.57075425423803
36 1 11 1.0 20.51504931294799 20.51504931294799
37 0 5 0.0 5.0 0.0
38 1 17 1.0 35.503281577765854 35.503281577765854
39 0 100 0.0 0.0 0.0
40 0 6 0.0 6.0 0.0
41 2 32 13.494214179327372 148.1842032776824 1999.6293770220316
42 2 22 13.494214179327372 86.31942417916456 1164.8127977098563
43 0 5 0.0 5.0 0.0
44 0 100 0.0 0.0 0.0
45 0 11 0.0 11.0 0.0
46 0 6 0.0 6.0 0.0
47 0 100 0.0 0.0 0.0
48 1 109 1.0 15.931997307697284 15.931997307697284
49 1 13 1.0 25.320989780782124 25.320989780782124
50 0 100 0.0 0.0 0.0
51 3 8 57.02181064673912 27.137259985193985 1547.4157003470618
52 3 14 57.02181064673912 65.97278979840442 3761.8879277217393
53 0 5 0.0 5.0 0.0
54 4 37 151.22372397683895 480.38255499420245 72645.23889973194
55 1 101 1.0 1.0 1.0
56 0 100 0.0 0.0 0.0
57 0 100 0.0 0.0 0.0
58 2 124 13.494214179327372 97.86086952638261 1320.555533164218
59 0 100 0.0 0.0 0.0
60 0 100 0.0 0.0 0.0
61 2 113 13.494214179327372 40.41888428935346 545.4210814899858
62 1 12 1.0 22.891970023971037 22.891970023971037
63 1 106 1.0 9.55892689827884 9.55892689827884
64 0 100 0.0 0.0 0.0
65 1 10 1.0 18.1937008646705 18.1937008646705
66 0 100 0.0 0.0 0.0
67 0 11 0.0 11.0 0.0
68 2 16 13.494214179327372 54.53075711894446 735.8497159239173
69 0 100 0.0 0.0 0.0
70 2 35 13.494214179327372 168.62869283493262 2275.511697894588
71 0 5 0.0 5.0 0.0
72 7 81 880.1589317377488 6561.0 5774722.75113137
73 2 121 13.494214179327372 80.71796600694597 1089.2255214173952
74 0 7 0.0 7.0 0.0
75 0 100 0.0 0.0 0.0
76 1 11 1.0 20.51504931294799 20.51504931294799
77 0 6 0.0 6.0 0.0
78 0 6 0.0 6.0 0.0
79 0 8 0.0 8.0 0.0
80 0 100 0.0 0.0 0.0
81 0 100 0.0 0.0 0.0
82 1 9 1.0 15.931997307697284 15.931997307697284
83 1 26 1.0 60.63937356224698 60.63937356224698
84 1 14 1.0 27.799106543625292 27.799106543625292
85 1 104 1.0 5.735193251789799 5.735193251789799
86 0 100 0.0 0.0 0.0
87 0 100 0.0 0.0 0.0
88 0 100 0.0 0.0 0.0
89 0 100 0.0 0.0 0.0
90 0 100 0.0 0.0 0.0
91 1 19 1.0 40.84402933782601 40.84402933782601
92 1 10 1.0 18.1937008646705 18.1937008646705
93 0 100 0.0 0.0 0.0
94 2 31 13.494214179327372 141.5519192260369 1910.1319155309898
95 1 104 1.0 5.735193251789799 5.735193251789799
96 1 19 1.0 40.84402933782601 40.84402933782601
97 0 9 0.0 9.0 0.0
98 2 32 13.494214179327372 148.1842032776824 1999.6293770220316
99 1 11 1.0 20.51504931294799 20.51504931294799
100 2 23 13.494214179327372 92.0346545141889 1241.9353399348638
101 2 20 13.494214179327372 75.23327232919837 1015.2138902218663
102 1 15 1.0 30.323695983612147 30.323695983612147
103 7 63 880.1589317377488 3969.0 3493350.8000671254
104 0 100 0.0 0.0 0.0
105 6 48 552.5626438069447 1644.745810135621 908825.0932389338
106 1 106 1.0 9.55892689827884 9.55892689827884
107 4 55 151.22372397683895 946.1899645328139 143086.37002616527
108 3 48 57.02181064673912 466.4489382157433 26597.763031310627
109 1 14 1.0 27.799106543625292 27.799106543625292
110 1 7 1.0 11.607984241186918 11.607984241186918
111 0 100 0.0 0.0 0.0
112 2 33 13.494214179327372 154.90879557685506 2090.372465775723
113 3 41 57.02181064673912 363.1907597716439 20709.794732343995
114 1 110 1.0 18.1937008646705 18.1937008646705
115 3 26 57.02181064673912 176.25042831919396 10050.118550023744
116 2 111 13.494214179327372 31.76494829034237 428.6430156251388
117 0 100 0.0 0.0 0.0
118 1 108 1.0 13.734791927877684 13.734791927877684
119 2 38 13.494214179327372 189.8638195218893 2562.0630455335317
120 5 33 312.35291035940236 574.5435462484656 179460.34879892014
121 8 76 1300.1508247099457 8170.524328429558 10622913.943920366
122 0 5 0.0 5.0 0.0
123 2 24 13.494214179327372 97.86086952638261 1320.555533164218
124 2 38 13.494214179327372 189.8638195218893 2562.0630455335317
125 2 29 13.494214179327372 128.5709592386038 1734.9640612072888
126 1 11 1.0 20.51504931294799 20.51504931294799
127 1 12 1.0 22.891970023971037 22.891970023971037
128 0 5 0.0 5.0 0.0
129 4 63 151.22372397683895 1193.5182370479756 180488.2724406665
130 7 91 880.1589317377488 8281.0 7288596.113720298
131 2 22 13.494214179327372 86.31942417916456 1164.8127977098563
132 1 109 1.0 15.931997307697284 15.931997307697284
133 3 26 57.02181064673912 176.25042831919396 10050.118550023744
134 2 36 13.494214179327372 175.6210676402407 2369.868301139548
135 0 100 0.0 0.0 0.0
136 1 29 1.0 69.58346013935528 69.58346013935528
137 0 100 0.0 0.0 0.0
138 1 10 1.0 18.1937008646705 18.1937008646705
139 1 100 1.0 0.0 0.0
140 4 61 151.22372397683895 1129.4605717070829 170801.2337385546
141 1 14 1.0 27.799106543625292 27.799106543625292
142 1 13 1.0 25.320989780782124 25.320989780782124
143 1 32 1.0 78.7716859795011 78.7716859795011
144 2 30 13.494214179327372 135.01359299654277 1821.9023410158823
145 5 152 312.35291035940236 1312.7590262571498 410044.10245199583
146 1 23 1.0 51.960050539976365 51.960050539976365
147 1 24 1.0 54.8222930413608 54.8222930413608
148 0 5 0.0 5.0 0.0
149 4 58 151.22372397683895 1036.142416344768 156689.31477001615
150 1 110 1.0 18.1937008646705 18.1937008646705
151 1 7 1.0 11.607984241186918 11.607984241186918
152 1 108 1.0 13.734791927877684 13.734791927877684
153 1 17 1.0 35.503281577765854 35.503281577765854
154 0 100 0.0 0.0 0.0
155 2 32 13.494214179327372 148.1842032776824 1999.6293770220316
156 0 100 0.0 0.0 0.0
157 2 20 13.494214179327372 75.23327232919837 1015.2138902218663
158 1 13 1.0 25.320989780782124 25.320989780782124
159 1 109 1.0 15.931997307697284 15.931997307697284
160 1 11 1.0 20.51504931294799 20.51504931294799
161 0 100 0.0 0.0 0.0
162 0 100 0.0 0.0 0.0
163 1 110 1.0 18.1937008646705 18.1937008646705
164 0 100 0.0 0.0 0.0
165 1 54 1.0 152.29279760785363 152.29279760785363
166 1 18 1.0 38.15436697768484 38.15436697768484
167 0 6 0.0 6.0 0.0
168 2 33 13.494214179327372 154.90879557685506 2090.372465775723
169 4 71 151.22372397683895 1464.2230773075796 221425.26648327915
170 1 14 1.0 27.799106543625292 27.799106543625292
171 2 18 13.494214179327372 64.62733255388774 872.0950673207774
172 3 35 57.02181064673912 282.5239294230334 16110.026006732896
173 2 18 13.494214179327372 64.62733255388774 872.0950673207774
174 0 6 0.0 6.0 0.0
175 0 100 0.0 0.0 0.0
176 4 42 151.22372397683895 596.6466987883373 90227.1356892597
177 1 39 1.0 101.06849300292524 101.06849300292524
178 4 50 151.22372397683895 803.8922494719358 121567.57964126418
179 0 5 0.0 5.0 0.0
180 4 66 151.22372397683895 1292.338741426653 195432.27711807963
181 2 33 13.494214179327372 154.90879557685506 2090.372465775723
182 3 27 57.02181064673912 187.1321231368427 10670.612491431313
183 1 9 1.0 15.931997307697284 15.931997307697284
184 7 60 880.1589317377488 3600.0 3168572.154255896
185 1 10 1.0 18.1937008646705 18.1937008646705
186 3 46 57.02181064673912 435.9769523615719 24860.195223903953
187 3 69 57.02181064673912 829.8335342600375 47318.61065889016
188 0 100 0.0 0.0 0.0
189 4 46 151.22372397683895 697.0692055589992 105413.40113420851
190 3 76 57.02181064673912 967.3986454236635 55162.82237926006
191 6 62 552.5626438069447 2683.6257759841665 1482871.3537662746
192 1 24 1.0 54.8222930413608 54.8222930413608
193 1 12 1.0 22.891970023971037 22.891970023971037
194 4 68 151.22372397683895 1360.0227175454593 205667.70004032494
195 0 7 0.0 7.0 0.0
196 3 46 57.02181064673912 435.9769523615719 24860.195223903953
197 2 29 13.494214179327372 128.5709592386038 1734.9640612072888
198 2 31 13.494214179327372 141.5519192260369 1910.1319155309898
199 2 36 13.494214179327372 175.6210676402407 2369.868301139548
