0 2 28 13.494214179327372 122.22584512913716 1649.341732421874
1 1 10 1.0 18.1937008646705 18.1937008646705
2 0 100 0.0 0.0 0.0
3 6 117 552.5626438069447 9042.681338614557 4996647.907568581
4 0 100 0.0 0.0 0.0
5 0 6 0.0 6.0 0.0
6 20 307 12981.212045421978 7274886.032563275 94436838194.98248
7 0 100 0.0 0.0 0.0
8 17 257 9095.850952291546 2069242.9946733783 18821525863.62246
9 0 6 0.0 6.0 0.0
10 0 100 0.0 0.0 0.0
11 1 105 1.0 7.59708563275366 7.59708563275366
12 0 100 0.0 0.0 0.0
13 0 100 0.0 0.0 0.0
14 0 100 0.0 0.0 0.0
15 0 100 0.0 0.0 0.0
16 0 100 0.0 0.0 0.0
17 12 298 3920.792982031498 251320.85466166472 985377043.1956131
18 2 128 13.494214179327372 122.22584512913716 1649.341732421874
19 0 100 0.0 0.0 0.0
20 0 100 0.0 0.0 0.0
21 1 103 1.0 3.9914906122521803 3.9914906122521803
22 1 17 1.0 35.503281577765854 35.503281577765854
23 0 6 0.0 6.0 0.0
24 4 70 151.22372397683895 1429.1350405139644 216119.12289231233
25 0 10 0.0 10.0 0.0
26 0 100 0.0 0.0 0.0
27 1 107 1.0 11.607984241186918 11.607984241186918
28 3 145 57.02181064673912 421.0282951259743 24007.7957215927
29 21 321 14374.256054893494 10551778.918847682 151673972014.14383
30 1 10 1.0 18.1937008646705 18.1937008646705
31 1 24 1.0 54.8222930413608 54.8222930413608
32 0 6 0.0 6.0 0.0
33 0 100 0.0 0.0 0.0
34 0 5 0.0 5.0 0.0
35 7 91 880.1589317377488 8281.0 7288596.113720298
36 0 100 0.0 0.0 0.0
37 0 100 0.0 0.0 0.0
38 4 76 151.22372397683895 1644.92462809159 248751.62792122707
39 0 100 0.0 0.0 0.0
40 4 75 151.22372397683895 1608.0874365260645 243180.97063184011
41 0 8 0.0 8.0 0.0
42 1 20 1.0 43.57075425423803 43.57075425423803
43 0 100 0.0 0.0 0.0
44 1 20 1.0 43.57075425423803 43.57075425423803
45 0 100 0.0 0.0 0.0
46 1 107 1.0 11.607984241186918 11.607984241186918
47 1 19 1.0 40.84402933782601 40.84402933782601
48 1 11 1.0 20.51504931294799 20.51504931294799
49 5 61 312.35291035940236 1754.5251914699081 548031.0498545135
50 2 34 13.494214179327372 161.72412498062124 2182.3399804528112
51 1 10 1.0 18.1937008646705 18.1937008646705
52 13 227 4801.088521889328 476823.32726528787 2289271003.5024524
53 0 100 0.0 0.0 0.0
54 0 5 0.0 5.0 0.0
55 1 16 1.0 32.892441635375256 32.892441635375256
56 1 21 1.0 46.33316012586883 46.33316012586883
57 0 5 0.0 5.0 0.0
58 11 207 3127.3197986346404 200561.92047813235 627221264.7634497
59 1 100 1.0 0.0 0.0
60 0 100 0.0 0.0 0.0
61 21 337 14374.256054893494 12092564.02807177 173821611699.6979
62 2 22 13.494214179327372 86.31942417916456 1164.8127977098563
63 3 49 57.02181064673912 481.96892224029307 27482.74062159892
64 14 196 5763.781188419757 449976.2588730935 2593564696.1282353
65 5 130 312.35291035940236 483.17833180921616 150922.15816320968
66 0 7 0.0 7.0 0.0
67 1 30 1.0 72.61998620345668 72.61998620345668
68 0 100 0.0 0.0 0.0
69 0 10 0.0 10.0 0.0
70 1 30 1.0 72.61998620345668 72.61998620345668
71 0 100 0.0 0.0 0.0
72 0 5 0.0 5.0 0.0
73 0 100 0.0 0.0 0.0
74 0 100 0.0 0.0 0.0
75 0 100 0.0 0.0 0.0
76 1 15 1.0 30.323695983612147 30.323695983612147
77 0 100 0.0 0.0 0.0
78 18 327 10336.717591947081 5126528.416085452 52991476464.16709
79 0 100 0.0 0.0 0.0
80 0 11 0.0 11.0 0.0
81 1 100 1.0 0.0 0.0
82 0 100 0.0 0.0 0.0
83 0 5 0.0 5.0 0.0
84 1 6 1.0 9.55892689827884 9.55892689827884
85 10 196 2424.408141701412 125294.45897893675 303764906.45860785
86 0 100 0.0 0.0 0.0
87 0 8 0.0 8.0 0.0
88 0 100 0.0 0.0 0.0
89 0 11 0.0 11.0 0.0
90 1 17 1.0 35.503281577765854 35.503281577765854
91 18 344 10336.717591947081 5868900.278254742 60665164751.61891
92 0 100 0.0 0.0 0.0
93 0 6 0.0 6.0 0.0
94 0 100 0.0 0.0 0.0
95 0 100 0.0 0.0 0.0
96 2 14 13.494214179327372 44.97826169706515 606.9462967540338
97 9 165 1814.8473014962385 59899.656790704736 108708730.48716132
98 4 46 151.22372397683895 697.0692055589992 105413.40113420851
99 0 6 0.0 6.0 0.0
100 2 24 13.494214179327372 97.86086952638261 1320.555533164218
101 2 115 13.494214179327372 49.68406405407534 670.4474016451129
102 3 153 57.02181064673912 545.90532331836 31128.509977306425
103 3 126 57.02181064673912 176.25042831919396 10050.118550023744
104 2 24 13.494214179327372 97.86086952638261 1320.555533164218
105 3 57 57.02181064673912 612.7419199112477 34939.653732498555
106 11 144 3127.3197986346404 87380.91148351728 273268054.5051446
107 1 106 1.0 9.55892689827884 9.55892689827884
108 14 206 5763.781188419757 508729.9161000203 2932207920.4036584
109 1 19 1.0 40.84402933782601 40.84402933782601
110 1 20 1.0 43.57075425423803 43.57075425423803
111 5 193 312.35291035940236 3775.468945982596 1179278.713249209
112 15 271 6803.971395961631 1351134.0744003414 9193077594.329018
113 11 322 3127.3197986346404 235400.47553003722 736172567.7330946
114 1 38 1.0 97.81435774219185 97.81435774219185
115 0 100 0.0 0.0 0.0
116 7 150 880.1589317377488 22500.0 19803575.964099348
117 0 100 0.0 0.0 0.0
118 4 145 151.22372397683895 671.3571728121805 101525.13179122015
119 0 5 0.0 5.0 0.0
120 11 213 3127.3197986346404 214120.66733750328 669623802.2614356
121 21 298 14374.256054893494 8567444.19900784 123150636652.5506
122 0 100 0.0 0.0 0.0
123 10 99 2424.408141701412 27431.71378523401 66505670.2417442
124 9 188 1814.8473014962385 79345.91287443922 144000715.86493167
125 10 191 2424.408141701412 118296.7449298396 286799591.5446784
126 0 100 0.0 0.0 0.0
127 6 192 552.5626438069447 5709.4065807799225 3154804.7948445226
128 7 208 880.1589317377488 11664.0 10266173.779789103
129 0 100 0.0 0.0 0.0
130 16 252 7916.453847805617 1495123.27495047 11836074402.925385
131 21 331 14374.256054893494 11498922.449787343 165288455648.60645
132 13 205 4801.088521889328 372954.3568141739 1790586881.6891475
133 3 45 57.02181064673912 421.0282951259743 24007.7957215927
134 7 158 880.1589317377488 24964.0 21972287.57190116
135 11 273 3127.3197986346404 132998.42546222862 415928609.13526106
136 19 533 11633.622691025432 14339340.969989518 166818482482.82068
137 3 151 57.02181064673912 513.5688732735056 29284.627045860994
138 0 100 0.0 0.0 0.0
139 0 100 0.0 0.0 0.0
140 6 106 552.5626438069447 7486.36063642395 4136683.225754659
141 4 24 151.22372397683895 229.15430718595061 34653.56769799196
142 13 314 4801.088521889328 1042211.0549167081 5003747533.146776
143 0 100 0.0 0.0 0.0
144 9 166 1814.8473014962385 60684.51432254732 110133127.06088485
145 9 270 1814.8473014962385 63878.767860182066 115930209.47395608
146 15 237 6803.971395961631 963808.7365263248 6557727074.503034
147 4 85 151.22372397683895 1991.8652456125124 301217.2801015651
148 9 239 1814.8473014962385 41398.5782979627 75132098.10983834
149 3 14 57.02181064673912 65.97278979840442 3761.8879277217393
150 5 185 312.35291035940236 3206.1723328082135 1001457.2592664398
151 10 219 2424.408141701412 160361.87093189912 388782625.5057672
152 0 100 0.0 0.0 0.0
153 15 295 6803.971395961631 1673252.5473727717 11384762470.544271
154 16 301 7916.453847805617 2360980.5065731737 18690593215.855255
155 23 425 17276.616480405057 38158000.550136365 659241141163.7911
156 9 254 1814.8473014962385 51626.24357981338 93693748.84721182
157 7 91 880.1589317377488 8281.0 7288596.113720298
158 16 292 7916.453847805617 2183702.8447015383 17287182787.401566
159 12 233 3920.792982031498 368507.2998204369 1444840834.9633462
160 20 293 12981.212045421978 6395886.0505124545 83026353040.05869
161 17 271 9095.850952291546 2377843.848818664 21628513236.67784
162 1 110 1.0 18.1937008646705 18.1937008646705
163 13 323 4801.088521889328 456823.8815468923 2193251894.2197146
164 22 434 15807.685316481819 31671596.182296257 500654625920.42615
165 10 287 2424.408141701412 112857.51981217459 273612689.8848645
166 3 38 57.02181064673912 321.92161897300775 18356.553600170548
167 6 171 552.5626438069447 3478.001961782023 1921813.959168015
168 11 230 3127.3197986346404 255274.23409808215 798324166.3762263
169 16 323 7916.453847805617 2830520.163046145 22407682236.038036
170 13 242 4801.088521889328 556332.1568343635 2670999932.535396
171 13 272 4801.088521889328 244310.19630067714 1172954879.2397096
172 5 99 312.35291035940236 4229.702363015084 1321159.843041803
173 0 100 0.0 0.0 0.0
174 15 294 6803.971395961631 581968.0131202299 3959693714.634668
175 12 233 3920.792982031498 368507.2998204369 1444840834.9633462
176 10 215 2424.408141701412 153920.58217438465 373166312.5989994
177 9 229 1814.8473014962385 35247.44879474361 63968737.32976728
178 0 100 0.0 0.0 0.0
179 9 148 1814.8473014962385 47390.045546024034 86005696.27698556
180 18 357 10336.717591947081 6479538.527190129 66977159881.705086
181 11 241 3127.3197986346404 284091.1267628438 888443805.3418648
182 6 89 552.5626438069447 5358.570280584671 2960945.7612651875
183 17 311 9095.850952291546 3410989.145308508 31025848865.610523
184 14 353 5763.781188419757 1920227.7479300846 11067772571.001057
185 19 213 11633.622691025432 2090232.5847400043 24316977227.35205
186 16 211 7916.453847805617 947075.6893985047 7497480985.50195
187 15 362 6803.971395961631 2802473.90327711 19067952275.826397
188 22 403 15807.685316481819 25653167.28217421 405517195767.67706
189 18 323 10336.717591947081 4960896.285159671 51279383902.634895
190 8 113 1300.1508247099457 18645.55254126269 24242030.513695307
191 10 216 2424.408141701412 155517.2846853203 377037371.1663869
192 11 118 3127.3197986346404 55389.275596865285 173219978.20610735
193 12 199 3920.792982031498 254315.5879600347 997118772.4949182
194 13 169 4801.088521889328 234166.03728660895 1124251873.8330467
195 19 425 11633.622691025432 13631549.187405197 158584299940.4264
196 16 299 7916.453847805617 2320853.6274755825 18372930629.4227
197 11 223 3127.3197986346404 237835.15281631702 743786582.2137635
198 19 351 11633.622691025432 8110104.992584567 94349901468.33046
199 18 207 10336.717591947081 1513348.9794200708 15643061018.326607
