0 0 100 0.0 0.0 0.0
1 1 13 1.0 25.320989780782124 25.320989780782124
2 0 100 0.0 0.0 0.0
3 2 25 13.494214179327372 103.79546451213633 1400.6382289695412
4 0 100 0.0 0.0 0.0
5 0 6 0.0 6.0 0.0
6 1 19 1.0 40.84402933782601 40.84402933782601
7 0 100 0.0 0.0 0.0
8 0 8 0.0 8.0 0.0
9 16 251 7916.453847805617 1479915.3119356786 11715681265.599653
10 0 100 0.0 0.0 0.0
11 0 100 0.0 0.0 0.0
12 2 125 13.494214179327372 103.79546451213633 1400.6382289695412
13 1 105 1.0 7.59708563275366 7.59708563275366
14 6 202 552.5626438069447 6955.268535289175 3843221.5702466425
15 0 10 0.0 10.0 0.0
16 0 6 0.0 6.0 0.0
17 3 32 57.02181064673912 245.06238675558936 13973.901014215166
18 1 19 1.0 40.84402933782601 40.84402933782601
19 0 100 0.0 0.0 0.0
20 0 100 0.0 0.0 0.0
21 0 10 0.0 10.0 0.0
22 14 167 5763.781188419757 303172.775008611 1747421537.4356475
23 0 100 0.0 0.0 0.0
24 0 100 0.0 0.0 0.0
25 0 100 0.0 0.0 0.0
26 1 11 1.0 20.51504931294799 20.51504931294799
27 1 104 1.0 5.735193251789799 5.735193251789799
28 1 19 1.0 40.84402933782601 40.84402933782601
29 0 100 0.0 0.0 0.0
30 10 185 2424.408141701412 110190.66039047457 267147134.19012186
31 0 6 0.0 6.0 0.0
32 1 17 1.0 35.503281577765854 35.503281577765854
33 0 6 0.0 6.0 0.0
34 0 100 0.0 0.0 0.0
35 4 29 151.22372397683895 316.71264325745693 47894.465343940734
36 1 17 1.0 35.503281577765854 35.503281577765854
37 0 9 0.0 9.0 0.0
38 0 100 0.0 0.0 0.0
39 1 107 1.0 11.607984241186918 11.607984241186918
40 0 100 0.0 0.0 0.0
41 1 21 1.0 46.33316012586883 46.33316012586883
42 0 10 0.0 10.0 0.0
43 4 138 151.22372397683895 502.796158813779 76034.7075370698
44 1 10 1.0 18.1937008646705 18.1937008646705
45 0 100 0.0 0.0 0.0
46 0 100 0.0 0.0 0.0
47 0 100 0.0 0.0 0.0
48 2 29 13.494214179327372 128.5709592386038 1734.9640612072888
49 3 112 57.02181064673912 51.65274962739505 2945.333308636745
50 0 100 0.0 0.0 0.0
51 0 100 0.0 0.0 0.0
52 2 28 13.494214179327372 122.22584512913716 1649.341732421874
53 4 32 151.22372397683895 374.7746947170294 56674.82498739214
54 2 19 13.494214179327372 69.8685662777562 942.821397754572
55 13 273 4801.088521889328 743872.593067653 3571398168.32516
56 2 37 13.494214179327372 182.69988024795316 2465.3913146033424
57 0 100 0.0 0.0 0.0
58 0 6 0.0 6.0 0.0
59 0 100 0.0 0.0 0.0
60 16 252 7916.453847805617 1495123.27495047 11836074402.925385
61 1 9 1.0 15.931997307697284 15.931997307697284
62 0 100 0.0 0.0 0.0
63 3 146 57.02181064673912 435.9769523615719 24860.195223903953
64 0 100 0.0 0.0 0.0
65 0 100 0.0 0.0 0.0
66 1 104 1.0 5.735193251789799 5.735193251789799
67 0 100 0.0 0.0 0.0
68 0 100 0.0 0.0 0.0
69 12 354 3920.792982031498 451407.67214080825 1769876032.9648564
70 0 100 0.0 0.0 0.0
71 0 100 0.0 0.0 0.0
72 0 100 0.0 0.0 0.0
73 1 7 1.0 11.607984241186918 11.607984241186918
74 1 26 1.0 60.63937356224698 60.63937356224698
75 24 397 18776.370315488246 39710882.60257802 745626237300.8846
76 2 104 13.494214179327372 7.384494371244687 99.64794865161322
77 1 107 1.0 11.607984241186918 11.607984241186918
78 5 79 312.35291035940236 2806.8374672292675 876723.8517948753
79 0 6 0.0 6.0 0.0
80 3 53 57.02181064673912 545.90532331836 31128.509977306425
81 0 19 0.0 19.0 0.0
82 1 9 1.0 15.931997307697284 15.931997307697284
83 2 22 13.494214179327372 86.31942417916456 1164.8127977098563
84 0 100 0.0 0.0 0.0
85 0 100 0.0 0.0 0.0
86 0 100 0.0 0.0 0.0
87 4 181 151.22372397683895 1834.2709028460106 277385.2767107323
88 0 100 0.0 0.0 0.0
89 0 100 0.0 0.0 0.0
90 0 7 0.0 7.0 0.0
91 0 100 0.0 0.0 0.0
92 0 100 0.0 0.0 0.0
93 0 100 0.0 0.0 0.0
94 0 100 0.0 0.0 0.0
95 1 17 1.0 35.503281577765854 35.503281577765854
96 2 38 13.494214179327372 189.8638195218893 2562.0630455335317
97 11 209 3127.3197986346404 205026.02748631078 641181954.9933497
98 1 9 1.0 15.931997307697284 15.931997307697284
99 4 120 151.22372397683895 167.77606276002984 25371.721004743562
100 2 38 13.494214179327372 189.8638195218893 2562.0630455335317
101 5 107 312.35291035940236 4871.189817186799 1521530.3163113818
102 18 282 10336.717591947081 3453414.915497477 35696974709.315216
103 0 100 0.0 0.0 0.0
104 0 100 0.0 0.0 0.0
105 0 100 0.0 0.0 0.0
106 2 111 13.494214179327372 31.76494829034237 428.6430156251388
107 0 100 0.0 0.0 0.0
108 0 100 0.0 0.0 0.0
109 0 100 0.0 0.0 0.0
110 0 100 0.0 0.0 0.0
111 1 26 1.0 60.63937356224698 60.63937356224698
112 5 81 312.35291035940236 2937.2940727723303 917472.3522118595
113 0 100 0.0 0.0 0.0
114 1 19 1.0 40.84402933782601 40.84402933782601
115 0 100 0.0 0.0 0.0
116 2 21 13.494214179327372 80.71796600694597 1089.2255214173952
117 4 106 151.22372397683895 2905.522977389894 439384.00474117266
118 0 100 0.0 0.0 0.0
119 26 423 21850.715853258855 75686967.0 1653814409711.9797
120 14 207 5763.781188419757 514842.0723364665 2967437051.5399694
121 0 100 0.0 0.0 0.0
122 16 218 7916.453847805617 1029983.1799632799 8153814308.195373
123 0 9 0.0 9.0 0.0
124 0 100 0.0 0.0 0.0
125 0 100 0.0 0.0 0.0
126 16 307 7916.453847805617 2483894.342420824 19663634924.599934
127 0 100 0.0 0.0 0.0
128 7 107 880.1589317377488 11449.0 10076939.609465487
129 10 109 2424.408141701412 33977.85568453712 82376189.95914741
130 0 100 0.0 0.0 0.0
131 4 151 151.22372397683895 831.5797944458234 125754.59329999167
132 0 100 0.0 0.0 0.0
133 0 100 0.0 0.0 0.0
134 7 109 880.1589317377488 11881.0 10457168.267976195
135 2 24 13.494214179327372 97.86086952638261 1320.555533164218
136 19 265 11633.622691025432 3781823.790500406 43996311062.625336
137 10 248 2424.408141701412 67083.98395005375 162638956.86627716
138 9 110 1814.8473014962385 25006.172162451465 45382384.0697754
139 2 23 13.494214179327372 92.0346545141889 1241.9353399348638
140 0 100 0.0 0.0 0.0
141 6 110 552.5626438069447 8036.070233330496 4440432.21394739
142 5 82 312.35291035940236 3003.520233876968 938158.2863748239
143 20 303 12981.212045421978 7016363.167855428 91080898069.62
144 22 313 15807.685316481819 12502479.131090205 197635255780.155
145 0 100 0.0 0.0 0.0
146 4 49 151.22372397683895 776.5950928818146 117439.60196772714
147 16 307 7916.453847805617 2483894.342420824 19663634924.599934
148 1 13 1.0 25.320989780782124 25.320989780782124
149 1 11 1.0 20.51504931294799 20.51504931294799
150 15 213 6803.971395961631 736459.6361503325 5010850298.647173
151 11 199 3127.3197986346404 183256.63859483125 573102114.1088487
152 4 62 151.22372397683895 1161.3060165688764 175617.02050225413
153 2 31 13.494214179327372 141.5519192260369 1910.1319155309898
154 3 26 57.02181064673912 176.25042831919396 10050.118550023744
155 0 100 0.0 0.0 0.0
156 5 80 312.35291035940236 2871.732646582133 896994.0499340383
157 0 100 0.0 0.0 0.0
158 2 49 13.494214179327372 273.9583678426836 3696.8528918881248
159 10 235 2424.408141701412 54678.91489606342 132564006.45341478
160 22 349 15807.685316481819 17039516.49416873 269355314684.82077
161 17 320 9095.850952291546 3675786.2332266755 33434403709.915012
162 21 259 14374.256054893494 5783102.044429444 83127789578.20688
163 16 252 7916.453847805617 1495123.27495047 11836074402.925385
164 21 318 14374.256054893494 10277777.51734792 147735405709.58658
165 10 120 2424.408141701412 42078.2525506963 102014858.07247633
166 21 322 14374.256054893494 10644145.147177879 153001667830.98682
167 2 26 13.494214179327372 109.8359986590007 1482.1504905048694
168 22 342 15807.685316481819 16085448.297777934 254273704865.8117
169 11 162 3127.3197986346404 114426.4995589995 357848257.55931705
170 1 10 1.0 18.1937008646705 18.1937008646705
171 3 45 57.02181064673912 421.0282951259743 24007.7957215927
172 16 398 7916.453847805617 2300947.6139428327 18215345591.99689
173 9 121 1814.8473014962385 30706.127839836652 55726933.24952607
174 16 223 7916.453847805617 1091825.0736413943 8643382805.359068
175 15 259 6803.971395961631 1205408.7646549423 8201566755.153673
176 13 246 4801.088521889328 578753.6627263078 2778647567.1166835
177 17 291 9095.850952291546 2865671.121395722 26065717398.501663
178 7 69 880.1589317377488 4761.0 4190436.6740034223
179 4 172 151.22372397683895 1499.6637502850892 226784.73703118347
180 1 18 1.0 38.15436697768484 38.15436697768484
181 21 362 14374.256054893494 14777536.82680694 212416098209.14127
182 10 193 2424.408141701412 121069.27760859807 293521342.34419364
183 9 183 1814.8473014962385 74869.18614488025 135876140.4402555
184 9 175 1814.8473014962385 67995.31391785582 123401111.97821027
185 16 209 7916.453847805617 924164.8217374968 7316108159.050399
186 9 162 1814.8473014962385 57577.89660287633 104495090.27555954
187 3 33 57.02181064673912 257.33012181535685 14673.42947985759
188 10 145 2424.408141701412 64097.25121371274 155397897.70320588
189 10 122 2424.408141701412 43653.86742578588 105834791.60382935
190 14 229 5763.781188419757 660472.5308888281 3806819149.0050144
191 16 225 7916.453847805617 1117181.1689614262 8844113163.720661
192 15 276 6803.971395961631 1414833.9312940382 9626489598.56058
193 21 260 14374.256054893494 5845885.48210383 84030254787.34496
194 13 207 4801.088521889328 381784.2534940421 1832979997.288331
195 4 141 151.22372397683895 572.5607883495287 86584.77461733043
196 1 103 1.0 3.9914906122521803 3.9914906122521803
197 1 20 1.0 43.57075425423803 43.57075425423803
198 15 143 6803.971395961631 269840.0983051208 1835984310.3515162
199 6 185 552.5626438069447 4907.334112484054 2711609.5112381955
