0 0 5 0.0 5.0 0.0
1 0 100 0.0 0.0 0.0
2 0 100 0.0 0.0 0.0
3 1 39 1.0 101.06849300292524 101.06849300292524
4 1 12 1.0 22.891970023971037 22.891970023971037
5 0 100 0.0 0.0 0.0
6 0 100 0.0 0.0 0.0
7 2 113 13.494214179327372 40.41888428935346 545.4210814899858
8 0 100 0.0 0.0 0.0
9 0 100 0.0 0.0 0.0
10 1 101 1.0 1.0 1.0
11 1 109 1.0 15.931997307697284 15.931997307697284
12 0 100 0.0 0.0 0.0
13 1 101 1.0 1.0 1.0
14 1 13 1.0 25.320989780782124 25.320989780782124
15 5 62 312.35291035940236 1807.1402103142602 564465.5041191616
16 0 100 0.0 0.0 0.0
17 0 5 0.0 5.0 0.0
18 0 100 0.0 0.0 0.0
19 0 100 0.0 0.0 0.0
20 2 21 13.494214179327372 80.71796600694597 1089.2255214173952
21 5 72 312.35291035940236 2371.3580183097592 740700.5785231582
22 1 13 1.0 25.320989780782124 25.320989780782124
23 1 28 1.0 66.57403288693754 66.57403288693754
24 1 6 1.0 9.55892689827884 9.55892689827884
25 1 10 1.0 18.1937008646705 18.1937008646705
26 1 15 1.0 30.323695983612147 30.323695983612147
27 4 55 151.22372397683895 946.1899645328139 143086.37002616527
28 0 6 0.0 6.0 0.0
29 0 100 0.0 0.0 0.0
30 0 100 0.0 0.0 0.0
31 0 100 0.0 0.0 0.0
32 3 54 57.02181064673912 562.3460860297637 32065.99203552405
33 0 100 0.0 0.0 0.0
34 0 17 0.0 17.0 0.0
35 0 100 0.0 0.0 0.0
36 2 23 13.494214179327372 92.0346545141889 1241.9353399348638
37 1 23 1.0 51.960050539976365 51.960050539976365
38 0 6 0.0 6.0 0.0
39 0 6 0.0 6.0 0.0
40 0 6 0.0 6.0 0.0
41 2 20 13.494214179327372 75.23327232919837 1015.2138902218663
42 1 8 1.0 13.734791927877684 13.734791927877684
43 1 107 1.0 11.607984241186918 11.607984241186918
44 1 30 1.0 72.61998620345668 72.61998620345668
45 2 30 13.494214179327372 135.01359299654277 1821.9023410158823
46 4 27 151.22372397683895 280.28354879760207 42385.52201861745
47 1 9 1.0 15.931997307697284 15.931997307697284
48 1 103 1.0 3.9914906122521803 3.9914906122521803
49 0 100 0.0 0.0 0.0
50 0 100 0.0 0.0 0.0
51 2 13 13.494214179327372 40.41888428935346 545.4210814899858
52 1 103 1.0 3.9914906122521803 3.9914906122521803
53 0 100 0.0 0.0 0.0
54 0 100 0.0 0.0 0.0
55 0 7 0.0 7.0 0.0
56 0 6 0.0 6.0 0.0
57 0 7 0.0 7.0 0.0
58 0 100 0.0 0.0 0.0
59 1 10 1.0 18.1937008646705 18.1937008646705
60 0 6 0.0 6.0 0.0
61 0 100 0.0 0.0 0.0
62 0 100 0.0 0.0 0.0
63 1 11 1.0 20.51504931294799 20.51504931294799
64 0 5 0.0 5.0 0.0
65 1 13 1.0 25.320989780782124 25.320989780782124
66 0 100 0.0 0.0 0.0
67 0 100 0.0 0.0 0.0
68 2 20 13.494214179327372 75.23327232919837 1015.2138902218663
69 0 100 0.0 0.0 0.0
70 1 10 1.0 18.1937008646705 18.1937008646705
71 1 18 1.0 38.15436697768484 38.15436697768484
72 0 100 0.0 0.0 0.0
73 2 35 13.494214179327372 168.62869283493262 2275.511697894588
74 0 100 0.0 0.0 0.0
75 1 11 1.0 20.51504931294799 20.51504931294799
76 1 13 1.0 25.320989780782124 25.320989780782124
77 0 10 0.0 10.0 0.0
78 0 6 0.0 6.0 0.0
79 0 6 0.0 6.0 0.0
80 1 9 1.0 15.931997307697284 15.931997307697284
81 0 100 0.0 0.0 0.0
82 0 100 0.0 0.0 0.0
83 2 26 13.494214179327372 109.8359986590007 1482.1504905048694
84 0 5 0.0 5.0 0.0
85 0 100 0.0 0.0 0.0
86 0 100 0.0 0.0 0.0
87 2 10 13.494214179327372 27.685321443873434 373.59165718715303
88 0 9 0.0 9.0 0.0
89 1 21 1.0 46.33316012586883 46.33316012586883
90 0 5 0.0 5.0 0.0
91 1 111 1.0 20.51504931294799 20.51504931294799
92 3 27 57.02181064673912 187.1321231368427 10670.612491431313
93 1 11 1.0 20.51504931294799 20.51504931294799
94 1 13 1.0 25.320989780782124 25.320989780782124
95 0 100 0.0 0.0 0.0
96 3 44 57.02181064673912 406.27351121486885 23166.451227280093
97 0 5 0.0 5.0 0.0
98 1 10 1.0 18.1937008646705 18.1937008646705
99 1 101 1.0 1.0 1.0
100 0 5 0.0 5.0 0.0
101 3 44 57.02181064673912 406.27351121486885 23166.451227280093
102 2 22 13.494214179327372 86.31942417916456 1164.8127977098563
103 0 100 0.0 0.0 0.0
104 4 21 151.22372397683895 182.37411197845725 27579.292370351337
105 1 23 1.0 51.960050539976365 51.960050539976365
106 0 100 0.0 0.0 0.0
107 0 100 0.0 0.0 0.0
108 0 100 0.0 0.0 0.0
109 1 11 1.0 20.51504931294799 20.51504931294799
110 0 7 0.0 7.0 0.0
111 1 15 1.0 30.323695983612147 30.323695983612147
112 0 100 0.0 0.0 0.0
113 0 100 0.0 0.0 0.0
114 2 24 13.494214179327372 97.86086952638261 1320.555533164218
115 1 13 1.0 25.320989780782124 25.320989780782124
116 0 100 0.0 0.0 0.0
117 1 107 1.0 11.607984241186918 11.607984241186918
118 1 110 1.0 18.1937008646705 18.1937008646705
119 1 16 1.0 32.892441635375256 32.892441635375256
120 3 49 57.02181064673912 481.96892224029307 27482.74062159892
121 1 21 1.0 46.33316012586883 46.33316012586883
122 0 100 0.0 0.0 0.0
123 0 100 0.0 0.0 0.0
124 0 11 0.0 11.0 0.0
125 0 5 0.0 5.0 0.0
126 0 6 0.0 6.0 0.0
127 0 100 0.0 0.0 0.0
128 5 42 312.35291035940236 890.5118703159138 278153.97440277034
129 1 106 1.0 9.55892689827884 9.55892689827884
130 3 22 57.02181064673912 135.19579244279535 7709.10887690892
131 0 100 0.0 0.0 0.0
132 3 45 57.02181064673912 421.0282951259743 24007.7957215927
133 1 11 1.0 20.51504931294799 20.51504931294799
134 0 10 0.0 10.0 0.0
135 5 130 312.35291035940236 483.17833180921616 150922.15816320968
136 1 20 1.0 43.57075425423803 43.57075425423803
137 1 14 1.0 27.799106543625292 27.799106543625292
138 0 100 0.0 0.0 0.0
139 0 100 0.0 0.0 0.0
140 2 24 13.494214179327372 97.86086952638261 1320.555533164218
141 2 28 13.494214179327372 122.22584512913716 1649.341732421874
142 8 88 1300.1508247099457 11083.755846199128 14410554.304319479
143 0 100 0.0 0.0 0.0
144 1 18 1.0 38.15436697768484 38.15436697768484
145 2 13 13.494214179327372 40.41888428935346 545.4210814899858
146 1 10 1.0 18.1937008646705 18.1937008646705
147 0 100 0.0 0.0 0.0
148 1 11 1.0 20.51504931294799 20.51504931294799
149 2 5 13.494214179327372 10.188005914414083 137.47913386935764
150 2 7 13.494214179327372 16.551687764173284 223.3520197191065
151 0 100 0.0 0.0 0.0
152 0 100 0.0 0.0 0.0
153 1 15 1.0 30.323695983612147 30.323695983612147
154 0 11 0.0 11.0 0.0
155 1 11 1.0 20.51504931294799 20.51504931294799
156 0 100 0.0 0.0 0.0
157 1 7 1.0 11.607984241186918 11.607984241186918
158 0 100 0.0 0.0 0.0
159 2 37 13.494214179327372 182.69988024795316 2465.3913146033424
160 1 15 1.0 30.323695983612147 30.323695983612147
161 0 100 0.0 0.0 0.0
162 0 100 0.0 0.0 0.0
163 3 52 57.02181064673912 529.6457757489877 30201.361134604027
164 2 25 13.494214179327372 103.79546451213633 1400.6382289695412
165 3 54 57.02181064673912 562.3460860297637 32065.99203552405
166 1 11 1.0 20.51504931294799 20.51504931294799
167 3 48 57.02181064673912 466.4489382157433 26597.763031310627
168 4 43 151.22372397683895 621.143248020611 93931.59508874611
169 1 105 1.0 7.59708563275366 7.59708563275366
170 3 23 57.02181064673912 145.08021796711313 8272.736717508364
171 2 11 13.494214179327372 31.76494829034237 428.6430156251388
172 0 100 0.0 0.0 0.0
173 3 52 57.02181064673912 529.6457757489877 30201.361134604027
174 1 8 1.0 13.734791927877684 13.734791927877684
175 2 34 13.494214179327372 161.72412498062124 2182.3399804528112
176 2 41 13.494214179327372 211.85407612585806 2858.8042780058545
177 0 100 0.0 0.0 0.0
178 1 10 1.0 18.1937008646705 18.1937008646705
179 0 100 0.0 0.0 0.0
180 1 15 1.0 30.323695983612147 30.323695983612147
181 3 33 57.02181064673912 257.33012181535685 14673.42947985759
182 1 101 1.0 1.0 1.0
183 0 100 0.0 0.0 0.0
184 5 47 312.35291035940236 1092.4547337912052 341231.4155355891
185 0 5 0.0 5.0 0.0
186 1 19 1.0 40.84402933782601 40.84402933782601
187 0 100 0.0 0.0 0.0
188 1 27 1.0 63.59241768810072 63.59241768810072
189 2 10 13.494214179327372 27.685321443873434 373.59165718715303
190 3 29 57.02181064673912 209.61005902119368 11952.345095158316
191 4 59 151.22372397683895 1066.8769814059906 161337.11015338267
192 2 8 13.494214179327372 20.066939702021244 270.7875822627225
193 3 27 57.02181064673912 187.1321231368427 10670.612491431313
194 0 100 0.0 0.0 0.0
195 1 35 1.0 88.18685030395203 88.18685030395203
196 1 13 1.0 25.320989780782124 25.320989780782124
197 3 26 57.02181064673912 176.25042831919396 10050.118550023744
198 2 33 13.494214179327372 154.90879557685506 2090.372465775723
199 3 35 57.02181064673912 282.5239294230334 16110.026006732896
