0 0 100 0.0 0.0 0.0
1 0 100 0.0 0.0 0.0
2 0 100 0.0 0.0 0.0
3 1 9 1.0 15.931997307697284 15.931997307697284
4 0 6 0.0 6.0 0.0
5 0 7 0.0 7.0 0.0
6 0 5 0.0 5.0 0.0
7 0 100 0.0 0.0 0.0
8 1 6 1.0 9.55892689827884 9.55892689827884
9 0 5 0.0 5.0 0.0
10 0 100 0.0 0.0 0.0
11 0 6 0.0 6.0 0.0
12 0 6 0.0 6.0 0.0
13 0 6 0.0 6.0 0.0
14 1 8 1.0 13.734791927877684 13.734791927877684
15 0 7 0.0 7.0 0.0
16 0 100 0.0 0.0 0.0
17 1 7 1.0 11.607984241186918 11.607984241186918
18 0 6 0.0 6.0 0.0
19 0 7 0.0 7.0 0.0
20 0 100 0.0 0.0 0.0
21 0 6 0.0 6.0 0.0
22 0 10 0.0 10.0 0.0
23 0 6 0.0 6.0 0.0
24 0 8 0.0 8.0 0.0
25 0 10 0.0 10.0 0.0
26 0 100 0.0 0.0 0.0
27 0 7 0.0 7.0 0.0
28 0 6 0.0 6.0 0.0
29 0 6 0.0 6.0 0.0
30 0 8 0.0 8.0 0.0
31 0 6 0.0 6.0 0.0
32 1 9 1.0 15.931997307697284 15.931997307697284
33 0 6 0.0 6.0 0.0
34 0 6 0.0 6.0 0.0
35 0 6 0.0 6.0 0.0
36 0 5 0.0 5.0 0.0
37 0 100 0.0 0.0 0.0
38 0 6 0.0 6.0 0.0
39 0 8 0.0 8.0 0.0
40 1 13 1.0 25.320989780782124 25.320989780782124
41 0 100 0.0 0.0 0.0
42 0 6 0.0 6.0 0.0
43 0 6 0.0 6.0 0.0
44 1 9 1.0 15.931997307697284 15.931997307697284
45 0 9 0.0 9.0 0.0
46 0 6 0.0 6.0 0.0
47 0 6 0.0 6.0 0.0
48 0 8 0.0 8.0 0.0
49 0 5 0.0 5.0 0.0
50 1 5 1.0 7.59708563275366 7.59708563275366
51 0 6 0.0 6.0 0.0
52 0 6 0.0 6.0 0.0
53 0 5 0.0 5.0 0.0
54 0 6 0.0 6.0 0.0
55 0 100 0.0 0.0 0.0
56 0 100 0.0 0.0 0.0
57 0 5 0.0 5.0 0.0
58 0 100 0.0 0.0 0.0
59 0 11 0.0 11.0 0.0
60 0 6 0.0 6.0 0.0
61 0 100 0.0 0.0 0.0
62 0 100 0.0 0.0 0.0
63 0 6 0.0 6.0 0.0
64 0 6 0.0 6.0 0.0
65 0 5 0.0 5.0 0.0
66 0 9 0.0 9.0 0.0
67 0 11 0.0 11.0 0.0
68 0 9 0.0 9.0 0.0
69 0 6 0.0 6.0 0.0
70 1 9 1.0 15.931997307697284 15.931997307697284
71 0 7 0.0 7.0 0.0
72 0 6 0.0 6.0 0.0
73 0 100 0.0 0.0 0.0
74 0 6 0.0 6.0 0.0
75 0 100 0.0 0.0 0.0
76 1 8 1.0 13.734791927877684 13.734791927877684
77 0 5 0.0 5.0 0.0
78 0 100 0.0 0.0 0.0
79 0 5 0.0 5.0 0.0
80 0 6 0.0 6.0 0.0
81 0 6 0.0 6.0 0.0
82 0 5 0.0 5.0 0.0
83 0 9 0.0 9.0 0.0
84 0 8 0.0 8.0 0.0
85 0 100 0.0 0.0 0.0
86 0 5 0.0 5.0 0.0
87 1 6 1.0 9.55892689827884 9.55892689827884
88 0 5 0.0 5.0 0.0
89 0 100 0.0 0.0 0.0
90 0 9 0.0 9.0 0.0
91 0 7 0.0 7.0 0.0
92 0 6 0.0 6.0 0.0
93 0 100 0.0 0.0 0.0
94 0 100 0.0 0.0 0.0
95 0 5 0.0 5.0 0.0
96 0 6 0.0 6.0 0.0
97 1 8 1.0 13.734791927877684 13.734791927877684
98 0 100 0.0 0.0 0.0
99 0 100 0.0 0.0 0.0
100 0 5 0.0 5.0 0.0
101 0 8 0.0 8.0 0.0
102 0 11 0.0 11.0 0.0
103 1 11 1.0 20.51504931294799 20.51504931294799
104 0 5 0.0 5.0 0.0
105 1 6 1.0 9.55892689827884 9.55892689827884
106 0 6 0.0 6.0 0.0
107 0 5 0.0 5.0 0.0
108 1 9 1.0 15.931997307697284 15.931997307697284
109 0 6 0.0 6.0 0.0
110 0 5 0.0 5.0 0.0
111 0 100 0.0 0.0 0.0
112 0 7 0.0 7.0 0.0
113 0 5 0.0 5.0 0.0
114 0 11 0.0 11.0 0.0
115 0 10 0.0 10.0 0.0
116 0 6 0.0 6.0 0.0
117 0 9 0.0 9.0 0.0
118 0 100 0.0 0.0 0.0
119 0 6 0.0 6.0 0.0
120 0 100 0.0 0.0 0.0
121 0 8 0.0 8.0 0.0
122 0 7 0.0 7.0 0.0
123 0 6 0.0 6.0 0.0
124 0 5 0.0 5.0 0.0
125 0 6 0.0 6.0 0.0
126 0 100 0.0 0.0 0.0
127 0 100 0.0 0.0 0.0
128 0 8 0.0 8.0 0.0
129 0 6 0.0 6.0 0.0
130 0 11 0.0 11.0 0.0
131 0 100 0.0 0.0 0.0
132 0 6 0.0 6.0 0.0
133 0 100 0.0 0.0 0.0
134 0 6 0.0 6.0 0.0
135 0 8 0.0 8.0 0.0
136 0 7 0.0 7.0 0.0
137 0 6 0.0 6.0 0.0
138 0 5 0.0 5.0 0.0
139 0 10 0.0 10.0 0.0
140 1 104 1.0 5.735193251789799 5.735193251789799
141 0 7 0.0 7.0 0.0
142 2 9 13.494214179327372 23.78240930402918 320.92492484899776
143 1 104 1.0 5.735193251789799 5.735193251789799
144 0 6 0.0 6.0 0.0
145 0 100 0.0 0.0 0.0
146 0 6 0.0 6.0 0.0
147 1 9 1.0 15.931997307697284 15.931997307697284
148 0 6 0.0 6.0 0.0
149 0 6 0.0 6.0 0.0
150 0 10 0.0 10.0 0.0
151 0 6 0.0 6.0 0.0
152 0 6 0.0 6.0 0.0
153 0 6 0.0 6.0 0.0
154 0 6 0.0 6.0 0.0
155 0 100 0.0 0.0 0.0
156 0 6 0.0 6.0 0.0
157 0 6 0.0 6.0 0.0
158 0 6 0.0 6.0 0.0
159 0 6 0.0 6.0 0.0
160 0 6 0.0 6.0 0.0
161 0 10 0.0 10.0 0.0
162 0 6 0.0 6.0 0.0
163 0 100 0.0 0.0 0.0
164 0 9 0.0 9.0 0.0
165 1 6 1.0 9.55892689827884 9.55892689827884
166 0 5 0.0 5.0 0.0
167 0 9 0.0 9.0 0.0
168 0 6 0.0 6.0 0.0
169 0 6 0.0 6.0 0.0
170 1 9 1.0 15.931997307697284 15.931997307697284
171 0 7 0.0 7.0 0.0
172 0 100 0.0 0.0 0.0
173 0 100 0.0 0.0 0.0
174 0 100 0.0 0.0 0.0
175 0 6 0.0 6.0 0.0
176 0 6 0.0 6.0 0.0
177 0 100 0.0 0.0 0.0
178 1 105 1.0 7.59708563275366 7.59708563275366
179 0 6 0.0 6.0 0.0
180 1 10 1.0 18.1937008646705 18.1937008646705
181 0 6 0.0 6.0 0.0
182 0 5 0.0 5.0 0.0
183 0 100 0.0 0.0 0.0
184 0 8 0.0 8.0 0.0
185 0 100 0.0 0.0 0.0
186 0 100 0.0 0.0 0.0
187 0 100 0.0 0.0 0.0
188 1 103 1.0 3.9914906122521803 3.9914906122521803
189 0 10 0.0 10.0 0.0
190 0 6 0.0 6.0 0.0
191 0 100 0.0 0.0 0.0
192 0 10 0.0 10.0 0.0
193 1 17 1.0 35.503281577765854 35.503281577765854
194 1 7 1.0 11.607984241186918 11.607984241186918
195 0 6 0.0 6.0 0.0
196 0 7 0.0 7.0 0.0
197 0 10 0.0 10.0 0.0
198 1 6 1.0 9.55892689827884 9.55892689827884
199 0 5 0.0 5.0 0.0
