0 0 8 0.0 8.0 0.0
1 0 100 0.0 0.0 0.0
2 0 100 0.0 0.0 0.0
3 1 101 1.0 1.0 1.0
4 1 15 1.0 30.323695983612147 30.323695983612147
5 3 145 57.02181064673912 421.0282951259743 24007.7957215927
6 0 100 0.0 0.0 0.0
7 0 100 0.0 0.0 0.0
8 1 22 1.0 49.12998068819353 49.12998068819353
9 10 164 2424.408141701412 84288.55756198421 204349865.20554265
10 0 100 0.0 0.0 0.0
11 0 100 0.0 0.0 0.0
12 3 35 57.02181064673912 282.5239294230334 16110.026006732896
13 0 100 0.0 0.0 0.0
14 1 105 1.0 7.59708563275366 7.59708563275366
15 0 9 0.0 9.0 0.0
16 7 233 880.1589317377488 17689.0 15569131.343509039
17 0 100 0.0 0.0 0.0
18 4 30 151.22372397683895 335.61535000671915 50753.00305180629
19 1 14 1.0 27.799106543625292 27.799106543625292
20 0 100 0.0 0.0 0.0
21 3 37 57.02181064673912 308.57807572808247 17595.680603901845
22 0 100 0.0 0.0 0.0
23 0 100 0.0 0.0 0.0
24 2 31 13.494214179327372 141.5519192260369 1910.1319155309898
25 0 6 0.0 6.0 0.0
26 1 102 1.0 2.3948263510722025 2.3948263510722025
27 0 100 0.0 0.0 0.0
28 0 100 0.0 0.0 0.0
29 4 157 151.22372397683895 1005.7817905983286 152098.06788237247
30 0 100 0.0 0.0 0.0
31 0 6 0.0 6.0 0.0
32 6 170 552.5626438069447 3384.897920195671 1870368.1437999485
33 0 100 0.0 0.0 0.0
34 1 10 1.0 18.1937008646705 18.1937008646705
35 1 8 1.0 13.734791927877684 13.734791927877684
36 3 128 57.02181064673912 198.25318874016915 11304.755788454157
37 0 11 0.0 11.0 0.0
38 0 100 0.0 0.0 0.0
39 0 100 0.0 0.0 0.0
40 0 100 0.0 0.0 0.0
41 1 104 1.0 5.735193251789799 5.735193251789799
42 0 100 0.0 0.0 0.0
43 0 10 0.0 10.0 0.0
44 1 14 1.0 27.799106543625292 27.799106543625292
45 0 100 0.0 0.0 0.0
46 0 6 0.0 6.0 0.0
47 0 6 0.0 6.0 0.0
48 0 100 0.0 0.0 0.0
49 0 100 0.0 0.0 0.0
50 0 11 0.0 11.0 0.0
51 13 278 4801.088521889328 777133.5494315446 3731086964.150902
52 2 25 13.494214179327372 103.79546451213633 1400.6382289695412
53 4 126 151.22372397683895 262.7667382888815 39736.564701292096
54 0 100 0.0 0.0 0.0
55 1 9 1.0 15.931997307697284 15.931997307697284
56 5 146 312.35291035940236 1050.58572833688 328153.50982807693
57 0 100 0.0 0.0 0.0
58 0 10 0.0 10.0 0.0
59 0 10 0.0 10.0 0.0
60 1 12 1.0 22.891970023971037 22.891970023971037
61 2 34 13.494214179327372 161.72412498062124 2182.3399804528112
62 0 5 0.0 5.0 0.0
63 0 100 0.0 0.0 0.0
64 2 26 13.494214179327372 109.8359986590007 1482.1504905048694
65 1 23 1.0 51.960050539976365 51.960050539976365
66 0 100 0.0 0.0 0.0
67 0 100 0.0 0.0 0.0
68 2 29 13.494214179327372 128.5709592386038 1734.9640612072888
69 0 100 0.0 0.0 0.0
70 0 9 0.0 9.0 0.0
71 0 100 0.0 0.0 0.0
72 1 20 1.0 43.57075425423803 43.57075425423803
73 3 123 57.02181064673912 145.08021796711313 8272.736717508364
74 2 10 13.494214179327372 27.685321443873434 373.59165718715303
75 0 100 0.0 0.0 0.0
76 2 9 13.494214179327372 23.78240930402918 320.92492484899776
77 1 8 1.0 13.734791927877684 13.734791927877684
78 1 103 1.0 3.9914906122521803 3.9914906122521803
79 0 10 0.0 10.0 0.0
80 0 100 0.0 0.0 0.0
81 0 6 0.0 6.0 0.0
82 0 100 0.0 0.0 0.0
83 0 100 0.0 0.0 0.0
84 2 25 13.494214179327372 103.79546451213633 1400.6382289695412
85 6 86 552.5626438069447 5018.366904356723 2772962.084264624
86 1 37 1.0 94.5824071263594 94.5824071263594
87 1 101 1.0 1.0 1.0
88 0 100 0.0 0.0 0.0
89 0 100 0.0 0.0 0.0
90 4 36 151.22372397683895 458.3949685466225 69320.19419586622
91 1 13 1.0 25.320989780782124 25.320989780782124
92 0 100 0.0 0.0 0.0
93 1 10 1.0 18.1937008646705 18.1937008646705
94 4 72 151.22372397683895 1499.6637502850892 226784.73703118347
95 1 15 1.0 30.323695983612147 30.323695983612147
96 1 11 1.0 20.51504931294799 20.51504931294799
97 1 16 1.0 32.892441635375256 32.892441635375256
98 0 100 0.0 0.0 0.0
99 3 33 57.02181064673912 257.33012181535685 14673.42947985759
100 4 27 151.22372397683895 280.28354879760207 42385.52201861745
101 2 13 13.494214179327372 40.41888428935346 545.4210814899858
102 0 100 0.0 0.0 0.0
103 0 100 0.0 0.0 0.0
104 2 18 13.494214179327372 64.62733255388774 872.0950673207774
105 2 11 13.494214179327372 31.76494829034237 428.6430156251388
106 3 44 57.02181064673912 406.27351121486885 23166.451227280093
107 1 13 1.0 25.320989780782124 25.320989780782124
108 0 100 0.0 0.0 0.0
109 1 105 1.0 7.59708563275366 7.59708563275366
110 0 100 0.0 0.0 0.0
111 0 100 0.0 0.0 0.0
112 1 7 1.0 11.607984241186918 11.607984241186918
113 0 100 0.0 0.0 0.0
114 2 61 13.494214179327372 375.74324992186104 5070.359890882126
115 0 11 0.0 11.0 0.0
116 1 10 1.0 18.1937008646705 18.1937008646705
117 2 14 13.494214179327372 44.97826169706515 606.9462967540338
118 0 5 0.0 5.0 0.0
119 0 100 0.0 0.0 0.0
120 0 5 0.0 5.0 0.0
121 0 9 0.0 9.0 0.0
122 0 100 0.0 0.0 0.0
123 0 6 0.0 6.0 0.0
124 0 8 0.0 8.0 0.0
125 0 5 0.0 5.0 0.0
126 0 100 0.0 0.0 0.0
127 0 100 0.0 0.0 0.0
128 0 8 0.0 8.0 0.0
129 1 19 1.0 40.84402933782601 40.84402933782601
130 1 104 1.0 5.735193251789799 5.735193251789799
131 0 5 0.0 5.0 0.0
132 0 5 0.0 5.0 0.0
133 2 31 13.494214179327372 141.5519192260369 1910.1319155309898
134 1 11 1.0 20.51504931294799 20.51504931294799
135 0 8 0.0 8.0 0.0
136 0 100 0.0 0.0 0.0
137 5 75 312.35291035940236 2553.9502583266267 797733.7961014693
138 1 22 1.0 49.12998068819353 49.12998068819353
139 2 27 13.494214179327372 115.98017876588344 1565.0613728235076
140 0 100 0.0 0.0 0.0
141 0 100 0.0 0.0 0.0
142 0 100 0.0 0.0 0.0
143 0 5 0.0 5.0 0.0
144 0 7 0.0 7.0 0.0
145 3 155 57.02181064673912 578.9666715492328 33013.72791585315
146 1 106 1.0 9.55892689827884 9.55892689827884
147 3 21 57.02181064673912 125.57185196799401 7160.33436547931
148 2 47 13.494214179327372 257.9778488812911 3481.2083463262925
149 7 140 880.1589317377488 19600.0 17251115.062059876
150 4 69 151.22372397683895 1394.4010936602072 210866.52610067354
151 0 7 0.0 7.0 0.0
152 0 100 0.0 0.0 0.0
153 1 18 1.0 38.15436697768484 38.15436697768484
154 3 71 57.02181064673912 868.3392862126454 49514.278355542076
155 1 108 1.0 13.734791927877684 13.734791927877684
156 0 100 0.0 0.0 0.0
157 3 36 57.02181064673912 295.444715883087 16846.792645665024
158 0 100 0.0 0.0 0.0
159 0 8 0.0 8.0 0.0
160 0 100 0.0 0.0 0.0
161 4 91 151.22372397683895 2238.2761103848434 338480.4487007903
162 0 10 0.0 10.0 0.0
163 1 19 1.0 40.84402933782601 40.84402933782601
164 3 117 57.02181064673912 89.78750677036001 5119.846209502275
165 0 100 0.0 0.0 0.0
166 0 10 0.0 10.0 0.0
167 6 63 552.5626438069447 2767.0349550527303 1528960.150270167
168 1 14 1.0 27.799106543625292 27.799106543625292
169 2 28 13.494214179327372 122.22584512913716 1649.341732421874
170 8 175 1300.1508247099457 7948.489433150588 10334235.091709027
171 2 19 13.494214179327372 69.8685662777562 942.821397754572
172 4 38 151.22372397683895 502.796158813779 76034.7075370698
173 1 103 1.0 3.9914906122521803 3.9914906122521803
174 1 102 1.0 2.3948263510722025 2.3948263510722025
175 2 12 13.494214179327372 36.01211998010309 485.95526006314566
176 4 50 151.22372397683895 803.8922494719358 121567.57964126418
177 8 140 1300.1508247099457 29115.631170703473 37854711.878540725
178 0 6 0.0 6.0 0.0
179 1 104 1.0 5.735193251789799 5.735193251789799
180 1 35 1.0 88.18685030395203 88.18685030395203
181 0 100 0.0 0.0 0.0
182 2 41 13.494214179327372 211.85407612585806 2858.8042780058545
183 8 194 1300.1508247099457 12713.68154955962 16529703.551759562
184 2 39 13.494214179327372 197.11162840858907 2659.8665309814905
185 11 141 3127.3197986346404 83269.02073017742 260408857.14240214
186 1 25 1.0 57.71571011139208 57.71571011139208
187 3 42 57.02181064673912 377.3528472077043 21517.342600485594
188 5 167 312.35291035940236 2080.6456750556 649895.73203032
189 4 40 151.22372397683895 548.8883970182196 83004.94744477284
190 2 24 13.494214179327372 97.86086952638261 1320.555533164218
191 2 21 13.494214179327372 80.71796600694597 1089.2255214173952
192 6 49 552.5626438069447 1710.916389083443 945388.4832845785
193 0 6 0.0 6.0 0.0
194 0 6 0.0 6.0 0.0
195 1 8 1.0 13.734791927877684 13.734791927877684
196 2 30 13.494214179327372 135.01359299654277 1821.9023410158823
197 2 17 13.494214179327372 59.51335422080222 803.0859483856818
198 2 50 13.494214179327372 282.0582186126376 3806.1540129984737
199 0 100 0.0 0.0 0.0
