0 1 6 1.0 9.55892689827884 9.55892689827884
1 0 100 0.0 0.0 0.0
2 0 6 0.0 6.0 0.0
3 0 6 0.0 6.0 0.0
4 0 100 0.0 0.0 0.0
5 0 100 0.0 0.0 0.0
6 1 18 1.0 38.15436697768484 38.15436697768484
7 0 11 0.0 11.0 0.0
8 0 100 0.0 0.0 0.0
9 0 6 0.0 6.0 0.0
10 0 6 0.0 6.0 0.0
11 0 6 0.0 6.0 0.0
12 1 8 1.0 13.734791927877684 13.734791927877684
13 0 5 0.0 5.0 0.0
14 0 9 0.0 9.0 0.0
15 0 9 0.0 9.0 0.0
16 0 6 0.0 6.0 0.0
17 0 100 0.0 0.0 0.0
18 0 100 0.0 0.0 0.0
19 0 5 0.0 5.0 0.0
20 0 11 0.0 11.0 0.0
21 1 14 1.0 27.799106543625292 27.799106543625292
22 1 105 1.0 7.59708563275366 7.59708563275366
23 0 100 0.0 0.0 0.0
24 0 100 0.0 0.0 0.0
25 1 9 1.0 15.931997307697284 15.931997307697284
26 0 6 0.0 6.0 0.0
27 1 105 1.0 7.59708563275366 7.59708563275366
28 0 100 0.0 0.0 0.0
29 0 5 0.0 5.0 0.0
30 0 100 0.0 0.0 0.0
31 0 6 0.0 6.0 0.0
32 1 102 1.0 2.3948263510722025 2.3948263510722025
33 1 16 1.0 32.892441635375256 32.892441635375256
34 0 6 0.0 6.0 0.0
35 0 7 0.0 7.0 0.0
36 0 100 0.0 0.0 0.0
37 0 6 0.0 6.0 0.0
38 0 6 0.0 6.0 0.0
39 0 11 0.0 11.0 0.0
40 0 100 0.0 0.0 0.0
41 0 100 0.0 0.0 0.0
42 0 100 0.0 0.0 0.0
43 0 100 0.0 0.0 0.0
44 0 7 0.0 7.0 0.0
45 1 20 1.0 43.57075425423803 43.57075425423803
46 0 6 0.0 6.0 0.0
47 1 17 1.0 35.503281577765854 35.503281577765854
48 1 104 1.0 5.735193251789799 5.735193251789799
49 0 6 0.0 6.0 0.0
50 1 15 1.0 30.323695983612147 30.323695983612147
51 0 5 0.0 5.0 0.0
52 2 4 13.494214179327372 7.384494371244687 99.64794865161322
53 1 8 1.0 13.734791927877684 13.734791927877684
54 0 6 0.0 6.0 0.0
55 2 12 13.494214179327372 36.01211998010309 485.95526006314566
56 2 9 13.494214179327372 23.78240930402918 320.92492484899776
57 1 7 1.0 11.607984241186918 11.607984241186918
58 1 5 1.0 7.59708563275366 7.59708563275366
59 1 7 1.0 11.607984241186918 11.607984241186918
60 1 7 1.0 11.607984241186918 11.607984241186918
61 0 6 0.0 6.0 0.0
62 0 6 0.0 6.0 0.0
63 0 100 0.0 0.0 0.0
64 0 10 0.0 10.0 0.0
65 0 6 0.0 6.0 0.0
66 1 10 1.0 18.1937008646705 18.1937008646705
67 0 100 0.0 0.0 0.0
68 0 100 0.0 0.0 0.0
69 0 11 0.0 11.0 0.0
70 0 100 0.0 0.0 0.0
71 0 5 0.0 5.0 0.0
72 0 11 0.0 11.0 0.0
73 0 9 0.0 9.0 0.0
74 1 17 1.0 35.503281577765854 35.503281577765854
75 1 5 1.0 7.59708563275366 7.59708563275366
76 0 100 0.0 0.0 0.0
77 0 6 0.0 6.0 0.0
78 0 8 0.0 8.0 0.0
79 0 5 0.0 5.0 0.0
80 0 6 0.0 6.0 0.0
81 0 100 0.0 0.0 0.0
82 0 100 0.0 0.0 0.0
83 1 7 1.0 11.607984241186918 11.607984241186918
84 0 100 0.0 0.0 0.0
85 0 6 0.0 6.0 0.0
86 0 100 0.0 0.0 0.0
87 0 100 0.0 0.0 0.0
88 0 100 0.0 0.0 0.0
89 0 9 0.0 9.0 0.0
90 0 100 0.0 0.0 0.0
91 1 6 1.0 9.55892689827884 9.55892689827884
92 0 5 0.0 5.0 0.0
93 1 6 1.0 9.55892689827884 9.55892689827884
94 0 6 0.0 6.0 0.0
95 0 100 0.0 0.0 0.0
96 1 9 1.0 15.931997307697284 15.931997307697284
97 1 8 1.0 13.734791927877684 13.734791927877684
98 0 100 0.0 0.0 0.0
99 1 6 1.0 9.55892689827884 9.55892689827884
100 0 6 0.0 6.0 0.0
101 0 9 0.0 9.0 0.0
102 1 105 1.0 7.59708563275366 7.59708563275366
103 1 16 1.0 32.892441635375256 32.892441635375256
104 0 100 0.0 0.0 0.0
105 0 100 0.0 0.0 0.0
106 2 13 13.494214179327372 40.41888428935346 545.4210814899858
107 0 9 0.0 9.0 0.0
108 0 100 0.0 0.0 0.0
109 0 100 0.0 0.0 0.0
110 0 100 0.0 0.0 0.0
111 0 6 0.0 6.0 0.0
112 0 8 0.0 8.0 0.0
113 0 100 0.0 0.0 0.0
114 1 7 1.0 11.607984241186918 11.607984241186918
115 0 10 0.0 10.0 0.0
116 1 17 1.0 35.503281577765854 35.503281577765854
117 0 100 0.0 0.0 0.0
118 1 11 1.0 20.51504931294799 20.51504931294799
119 0 100 0.0 0.0 0.0
120 0 100 0.0 0.0 0.0
121 0 100 0.0 0.0 0.0
122 0 100 0.0 0.0 0.0
123 0 100 0.0 0.0 0.0
124 0 5 0.0 5.0 0.0
125 0 100 0.0 0.0 0.0
126 0 5 0.0 5.0 0.0
127 0 100 0.0 0.0 0.0
128 0 5 0.0 5.0 0.0
129 0 11 0.0 11.0 0.0
130 0 100 0.0 0.0 0.0
131 0 100 0.0 0.0 0.0
132 0 100 0.0 0.0 0.0
133 0 100 0.0 0.0 0.0
134 1 10 1.0 18.1937008646705 18.1937008646705
135 0 5 0.0 5.0 0.0
136 0 100 0.0 0.0 0.0
137 0 6 0.0 6.0 0.0
138 0 100 0.0 0.0 0.0
139 0 100 0.0 0.0 0.0
140 0 100 0.0 0.0 0.0
141 0 100 0.0 0.0 0.0
142 0 100 0.0 0.0 0.0
143 1 11 1.0 20.51504931294799 20.51504931294799
144 0 100 0.0 0.0 0.0
145 0 6 0.0 6.0 0.0
146 0 11 0.0 11.0 0.0
147 0 7 0.0 7.0 0.0
148 0 11 0.0 11.0 0.0
149 0 100 0.0 0.0 0.0
150 0 5 0.0 5.0 0.0
151 0 6 0.0 6.0 0.0
152 1 6 1.0 9.55892689827884 9.55892689827884
153 2 43 13.494214179327372 226.91812071099523 3062.081722044632
154 0 6 0.0 6.0 0.0
155 0 9 0.0 9.0 0.0
156 0 100 0.0 0.0 0.0
157 1 15 1.0 30.323695983612147 30.323695983612147
158 1 11 1.0 20.51504931294799 20.51504931294799
159 0 11 0.0 11.0 0.0
160 0 100 0.0 0.0 0.0
161 0 6 0.0 6.0 0.0
162 0 6 0.0 6.0 0.0
163 1 9 1.0 15.931997307697284 15.931997307697284
164 0 100 0.0 0.0 0.0
165 1 6 1.0 9.55892689827884 9.55892689827884
166 0 6 0.0 6.0 0.0
167 0 7 0.0 7.0 0.0
168 0 100 0.0 0.0 0.0
169 0 10 0.0 10.0 0.0
170 2 9 13.494214179327372 23.78240930402918 320.92492484899776
171 1 8 1.0 13.734791927877684 13.734791927877684
172 1 103 1.0 3.9914906122521803 3.9914906122521803
173 0 100 0.0 0.0 0.0
174 0 100 0.0 0.0 0.0
175 0 100 0.0 0.0 0.0
176 0 100 0.0 0.0 0.0
177 1 9 1.0 15.931997307697284 15.931997307697284
178 0 9 0.0 9.0 0.0
179 1 18 1.0 38.15436697768484 38.15436697768484
180 0 100 0.0 0.0 0.0
181 0 6 0.0 6.0 0.0
182 0 11 0.0 11.0 0.0
183 0 100 0.0 0.0 0.0
184 0 6 0.0 6.0 0.0
185 0 100 0.0 0.0 0.0
186 2 28 13.494214179327372 122.22584512913716 1649.341732421874
187 0 100 0.0 0.0 0.0
188 1 8 1.0 13.734791927877684 13.734791927877684
189 1 6 1.0 9.55892689827884 9.55892689827884
190 0 100 0.0 0.0 0.0
191 0 100 0.0 0.0 0.0
192 1 16 1.0 32.892441635375256 32.892441635375256
193 2 18 13.494214179327372 64.62733255388774 872.0950673207774
194 0 100 0.0 0.0 0.0
195 1 12 1.0 22.891970023971037 22.891970023971037
196 1 106 1.0 9.55892689827884 9.55892689827884
197 1 9 1.0 15.931997307697284 15.931997307697284
198 0 100 0.0 0.0 0.0
199 1 12 1.0 22.891970023971037 22.891970023971037
