0 0 100 0.0 0.0 0.0
1 16 220 7916.453847805617 1054455.6464504753 8347549459.683225
2 11 213 3127.3197986346404 214120.66733750328 669623802.2614356
3 0 5 0.0 5.0 0.0
4 0 5 0.0 5.0 0.0
5 0 6 0.0 6.0 0.0
6 0 5 0.0 5.0 0.0
7 1 9 1.0 15.931997307697284 15.931997307697284
8 0 100 0.0 0.0 0.0
9 1 25 1.0 57.71571011139208 57.71571011139208
10 2 13 13.494214179327372 40.41888428935346 545.4210814899858
11 2 45 13.494214179327372 242.29532664846576 3269.585032444484
12 1 19 1.0 40.84402933782601 40.84402933782601
13 0 100 0.0 0.0 0.0
14 0 6 0.0 6.0 0.0
15 0 100 0.0 0.0 0.0
16 2 16 13.494214179327372 54.53075711894446 735.8497159239173
17 0 100 0.0 0.0 0.0
18 4 138 151.22372397683895 502.796158813779 76034.7075370698
19 1 19 1.0 40.84402933782601 40.84402933782601
20 0 100 0.0 0.0 0.0
21 0 6 0.0 6.0 0.0
22 0 100 0.0 0.0 0.0
23 7 103 880.1589317377488 10609.0 9337606.106805777
24 10 207 2424.408141701412 32606.87042819775 79052362.14152564
25 5 121 312.35291035940236 6090.769816183153 1902469.67841401
26 0 100 0.0 0.0 0.0
27 1 104 1.0 5.735193251789799 5.735193251789799
28 3 130 57.02181064673912 221.1993434691573 12613.187078481296
29 0 6 0.0 6.0 0.0
30 1 11 1.0 20.51504931294799 20.51504931294799
31 0 11 0.0 11.0 0.0
32 0 8 0.0 8.0 0.0
33 0 100 0.0 0.0 0.0
34 21 364 14374.256054893494 15007446.602457665 215720880193.8679
35 0 5 0.0 5.0 0.0
36 16 273 7916.453847805617 1836792.7908832894 14540885357.009636
37 0 5 0.0 5.0 0.0
38 0 100 0.0 0.0 0.0
39 0 100 0.0 0.0 0.0
40 0 100 0.0 0.0 0.0
41 0 100 0.0 0.0 0.0
42 0 5 0.0 5.0 0.0
43 0 100 0.0 0.0 0.0
44 8 101 1300.1508247099457 14762.38290447426 19193324.307936214
45 0 100 0.0 0.0 0.0
46 0 100 0.0 0.0 0.0
47 0 100 0.0 0.0 0.0
48 3 25 57.02181064673912 165.61186212092687 9443.48824271336
49 0 5 0.0 5.0 0.0
50 1 17 1.0 35.503281577765854 35.503281577765854
51 0 5 0.0 5.0 0.0
52 0 100 0.0 0.0 0.0
53 1 106 1.0 9.55892689827884 9.55892689827884
54 0 100 0.0 0.0 0.0
55 0 100 0.0 0.0 0.0
56 0 100 0.0 0.0 0.0
57 1 6 1.0 9.55892689827884 9.55892689827884
58 0 10 0.0 10.0 0.0
59 0 100 0.0 0.0 0.0
60 0 100 0.0 0.0 0.0
61 5 169 312.35291035940236 2194.8788310889477 685576.7907768759
62 0 100 0.0 0.0 0.0
63 0 100 0.0 0.0 0.0
64 0 100 0.0 0.0 0.0
65 1 108 1.0 13.734791927877684 13.734791927877684
66 0 8 0.0 8.0 0.0
67 1 29 1.0 69.58346013935528 69.58346013935528
68 0 100 0.0 0.0 0.0
69 10 249 2424.408141701412 213353.43576813847 517255806.7362442
70 0 100 0.0 0.0 0.0
71 0 100 0.0 0.0 0.0
72 0 5 0.0 5.0 0.0
73 0 5 0.0 5.0 0.0
74 12 157 3920.792982031498 145644.81340415878 571043162.2643127
75 5 42 312.35291035940236 890.5118703159138 278153.97440277034
76 9 186 1814.8473014962385 77538.50379806156 140720544.37996787
77 1 106 1.0 9.55892689827884 9.55892689827884
78 0 100 0.0 0.0 0.0
79 0 5 0.0 5.0 0.0
80 0 5 0.0 5.0 0.0
81 1 6 1.0 9.55892689827884 9.55892689827884
82 14 226 5763.781188419757 639338.2042911381 3685005514.9313293
83 0 5 0.0 5.0 0.0
84 0 100 0.0 0.0 0.0
85 16 303 7916.453847805617 2401528.5219665733 19011589708.337215
86 3 35 57.02181064673912 282.5239294230334 16110.026006732896
87 0 100 0.0 0.0 0.0
88 2 58 13.494214179327372 349.384203814786 4714.66527715049
89 1 15 1.0 30.323695983612147 30.323695983612147
90 0 5 0.0 5.0 0.0
91 0 100 0.0 0.0 0.0
92 0 100 0.0 0.0 0.0
93 0 100 0.0 0.0 0.0
94 1 9 1.0 15.931997307697284 15.931997307697284
95 0 100 0.0 0.0 0.0
96 0 5 0.0 5.0 0.0
97 0 100 0.0 0.0 0.0
98 1 40 1.0 104.3443904241405 104.3443904241405
99 0 100 0.0 0.0 0.0
100 3 141 57.02181064673912 363.1907597716439 20709.794732343995
101 0 100 0.0 0.0 0.0
102 4 66 151.22372397683895 1292.338741426653 195432.27711807963
103 21 416 14374.256054893494 21817376.339549676 313608553950.662
104 0 100 0.0 0.0 0.0
105 1 14 1.0 27.799106543625292 27.799106543625292
106 0 100 0.0 0.0 0.0
107 18 265 10336.717591947081 2925454.078418944 30239592636.826435
108 23 434 17276.616480405057 40535623.55973487 700318422035.611
109 0 100 0.0 0.0 0.0
110 13 283 4801.088521889328 811248.8814220636 3894877692.991026
111 5 63 312.35291035940236 1860.4532693243248 581117.9932611178
112 0 100 0.0 0.0 0.0
113 9 101 1814.8473014962385 20805.564213111866 37758922.06827278
114 11 199 3127.3197986346404 183256.63859483125 573102114.1088487
115 3 69 57.02181064673912 829.8335342600375 47318.61065889016
116 0 100 0.0 0.0 0.0
117 5 111 312.35291035940236 5207.131000429813 1626462.5226069186
118 19 285 11633.622691025432 4607593.256776979 53603001463.056435
119 16 156 7916.453847805617 435653.197358697 3448828430.539077
120 0 100 0.0 0.0 0.0
121 14 173 5763.781188419757 330747.3113173676 1906355131.0914564
122 10 215 2424.408141701412 153920.58217438465 373166312.5989994
123 8 248 1300.1508247099457 32683.32902098925 42493257.18090568
124 17 297 9095.850952291546 3023118.594423324 27497836145.975674
125 6 150 552.5626438069447 1778.3314122697193 982639.5067286938
126 2 20 13.494214179327372 75.23327232919837 1015.2138902218663
127 9 103 1814.8473014962385 21703.328419167574 39388227.0150129
128 16 309 7916.453847805617 924164.8217374968 7316108159.050399
129 18 327 10336.717591947081 5126528.416085452 52991476464.16709
130 11 189 3127.3197986346404 162853.276134606 509294274.72826755
131 17 401 9095.850952291546 6640002.034371136 60396468827.5525
132 11 223 3127.3197986346404 237835.15281631702 743786582.2137635
133 28 416 24997.705637318726 111348535.07218474 2783457902881.1343
134 11 190 3127.3197986346404 164832.7121547771 515484604.1842792
135 13 222 4801.088521889328 451902.215379468 2169622539.2747226
136 0 100 0.0 0.0 0.0
137 12 181 3920.792982031498 203496.96985951904 797869491.2898775
138 18 257 10336.717591947081 2695687.3436093205 27864558787.075558
139 8 186 1300.1508247099457 10566.202609933729 13737657.037357718
140 12 199 3920.792982031498 254315.5879600347 997118772.4949182
141 15 238 6803.971395961631 974089.068909004 6627674161.975761
142 0 100 0.0 0.0 0.0
143 18 298 10336.717591947081 4001315.149074396 41360464692.361664
144 15 177 6803.971395961631 461889.0598138677 3142679951.0811667
145 20 312 12981.212045421978 7606474.419353879 98741257355.71072
146 5 241 312.35291035940236 8042.485898893719 2512093.8770439075
147 2 108 13.494214179327372 20.066939702021244 270.7875822627225
148 11 172 3127.3197986346404 131244.92094536053 410444839.74266416
149 11 178 3127.3197986346404 141963.15962971188 443964199.78672785
150 20 431 12981.212045421978 18549108.124653067 240789905819.5811
151 10 295 2424.408141701412 311053.42720352975 754120461.416365
152 1 103 1.0 3.9914906122521803 3.9914906122521803
153 4 151 151.22372397683895 831.5797944458234 125754.59329999167
154 13 338 4801.088521889328 534427.2179083251 2565832381.6849065
155 16 293 7916.453847805617 2202983.776159344 17439819391.429985
156 13 290 4801.088521889328 860457.6220058261 4131133212.5843577
157 14 231 5763.781188419757 674789.6362210688 3889339811.3916078
158 16 264 7916.453847805617 1685099.6835025016 13340013873.399406
159 11 276 3127.3197986346404 138337.73648198933 432626342.1984268
160 0 5 0.0 5.0 0.0
161 0 100 0.0 0.0 0.0
162 18 285 10336.717591947081 3552319.924994193 36719327860.91161
163 15 257 6803.971395961631 1182091.0845372677 8042913926.612832
164 16 199 7916.453847805617 814701.6483497729 6449547998.8921385
165 14 214 5763.781188419757 558849.138813278 3221084153.4565535
166 10 272 2424.408141701412 93706.72457701275 227183345.99668154
167 15 336 6803.971395961631 2322608.812514486 15802963924.356972
168 20 446 12981.212045421978 20385153.828411985 264624004425.16162
169 14 285 5763.781188419757 1132838.5888993952 6529433748.214316
170 6 215 552.5626438069447 8749.296958158795 4834534.658652283
171 18 230 10336.717591947081 2004649.506690901 20721495821.499874
172 17 327 9095.850952291546 3890266.7662725043 35385286670.667915
173 12 287 3920.792982031498 601593.2602146287 2358722632.686965
174 6 81 552.5626438069447 4475.076918624486 2472760.3333945815
175 16 275 7916.453847805617 1871592.2972534716 14816374043.1156
176 25 450 20302.483562333644 72465557.99916378 1471230800113.358
177 13 167 4801.088521889328 227542.7006881112 1092452648.5133896
178 20 330 12981.212045421978 8879509.930736454 115266801270.32014
179 10 286 2424.408141701412 111519.70276643366 270369275.3470633
180 26 449 21850.715853258855 90518849.0 1977901648863.0444
181 11 301 3127.3197986346404 187500.599499175 586374337.0696343
182 10 206 2424.408141701412 139957.00179851436 339312894.64843744
183 13 239 4801.088521889328 539855.2163528436 2591892682.713717
184 9 259 1814.8473014962385 55305.24634977481 100370577.09647352
185 13 253 4801.088521889328 619244.7509951711 2973048866.243131
186 10 167 2424.408141701412 87756.07261047284 212756536.92057064
187 13 231 4801.088521889328 497325.9591017296 2387705953.8809156
188 19 265 11633.622691025432 3781823.790500406 43996311062.625336
189 18 232 10336.717591947081 2051502.4450723694 21205801413.90201
190 0 100 0.0 0.0 0.0
191 2 27 13.494214179327372 115.98017876588344 1565.0613728235076
192 8 99 1300.1508247099457 14160.822691605603 18411205.301062338
193 13 237 4801.088521889328 141188.8970662578 677860393.1230242
194 9 270 1814.8473014962385 63878.767860182066 115930209.47395608
195 9 267 1814.8473014962385 61474.84912546133 111567464.0452319
196 16 279 7916.453847805617 1942392.8283766496 15376863180.152365
197 23 412 17276.616480405057 34887413.478888854 602736462668.0767
198 15 357 6803.971395961631 2705956.6682382473 18411251769.40467
199 21 305 14374.256054893494 9143360.831213478 131429009790.14635
