0 0 6 0.0 6.0 0.0
1 3 15 57.02181064673912 73.60859052492496 4197.295110885627
2 0 100 0.0 0.0 0.0
3 1 20 1.0 43.57075425423803 43.57075425423803
4 0 6 0.0 6.0 0.0
5 0 100 0.0 0.0 0.0
6 3 28 57.02181064673912 198.25318874016915 11304.755788454157
7 0 100 0.0 0.0 0.0
8 3 31 57.02181064673912 233.0178128969552 13287.097604327464
9 0 5 0.0 5.0 0.0
10 0 6 0.0 6.0 0.0
11 0 10 0.0 10.0 0.0
12 3 70 57.02181064673912 849.0056290582019 48411.838218172416
13 1 18 1.0 38.15436697768484 38.15436697768484
14 1 12 1.0 22.891970023971037 22.891970023971037
15 0 9 0.0 9.0 0.0
16 0 100 0.0 0.0 0.0
17 0 100 0.0 0.0 0.0
18 1 102 1.0 2.3948263510722025 2.3948263510722025
19 2 17 13.494214179327372 59.51335422080222 803.0859483856818
20 0 9 0.0 9.0 0.0
21 0 100 0.0 0.0 0.0
22 1 109 1.0 15.931997307697284 15.931997307697284
23 5 206 312.35291035940236 4788.781200314608 1495789.7449926601
24 1 26 1.0 60.63937356224698 60.63937356224698
25 7 175 880.1589317377488 5625.0 4950893.991024837
26 0 5 0.0 5.0 0.0
27 1 105 1.0 7.59708563275366 7.59708563275366
28 2 21 13.494214179327372 80.71796600694597 1089.2255214173952
29 2 60 13.494214179327372 366.8916913478798 4950.9150636639615
30 0 100 0.0 0.0 0.0
31 0 5 0.0 5.0 0.0
32 0 5 0.0 5.0 0.0
33 0 7 0.0 7.0 0.0
34 1 107 1.0 11.607984241186918 11.607984241186918
35 0 8 0.0 8.0 0.0
36 0 100 0.0 0.0 0.0
37 0 100 0.0 0.0 0.0
38 3 55 57.02181064673912 578.9666715492328 33013.72791585315
39 0 6 0.0 6.0 0.0
40 0 100 0.0 0.0 0.0
41 3 55 57.02181064673912 578.9666715492328 33013.72791585315
42 0 6 0.0 6.0 0.0
43 0 100 0.0 0.0 0.0
44 0 100 0.0 0.0 0.0
45 4 26 151.22372397683895 262.7667382888815 39736.564701292096
46 0 6 0.0 6.0 0.0
47 0 100 0.0 0.0 0.0
48 0 100 0.0 0.0 0.0
49 4 152 151.22372397683895 859.6554919481086 130000.30482953448
50 0 6 0.0 6.0 0.0
51 0 100 0.0 0.0 0.0
52 2 112 13.494214179327372 36.01211998010309 485.95526006314566
53 0 100 0.0 0.0 0.0
54 12 227 3920.792982031498 346581.45704656374 1358874144.4904182
55 0 7 0.0 7.0 0.0
56 0 5 0.0 5.0 0.0
57 2 117 13.494214179327372 59.51335422080222 803.0859483856818
58 2 20 13.494214179327372 75.23327232919837 1015.2138902218663
59 0 100 0.0 0.0 0.0
60 0 10 0.0 10.0 0.0
61 3 68 57.02181064673912 810.8239638778247 46234.65053607976
62 0 100 0.0 0.0 0.0
63 0 100 0.0 0.0 0.0
64 0 5 0.0 5.0 0.0
65 0 100 0.0 0.0 0.0
66 0 100 0.0 0.0 0.0
67 0 100 0.0 0.0 0.0
68 0 100 0.0 0.0 0.0
69 0 100 0.0 0.0 0.0
70 0 6 0.0 6.0 0.0
71 1 14 1.0 27.799106543625292 27.799106543625292
72 0 5 0.0 5.0 0.0
73 0 100 0.0 0.0 0.0
74 10 214 2424.408141701412 37541.82989714119 91016718.0569986
75 1 10 1.0 18.1937008646705 18.1937008646705
76 1 102 1.0 2.3948263510722025 2.3948263510722025
77 3 50 57.02181064673912 497.6760852315066 28378.391495481366
78 3 128 57.02181064673912 198.25318874016915 11304.755788454157
79 1 107 1.0 11.607984241186918 11.607984241186918
80 2 8 13.494214179327372 20.066939702021244 270.7875822627225
81 0 6 0.0 6.0 0.0
82 4 141 151.22372397683895 572.5607883495287 86584.77461733043
83 0 100 0.0 0.0 0.0
84 0 100 0.0 0.0 0.0
85 0 100 0.0 0.0 0.0
86 3 40 57.02181064673912 349.23013798641597 19913.734800395985
87 1 103 1.0 3.9914906122521803 3.9914906122521803
88 3 56 57.02181064673912 595.765723501293 33971.640275308266
89 0 5 0.0 5.0 0.0
90 2 23 13.494214179327372 92.0346545141889 1241.9353399348638
91 3 59 57.02181064673912 647.2206215128941 36905.69172657306
92 1 9 1.0 15.931997307697284 15.931997307697284
93 0 100 0.0 0.0 0.0
94 0 100 0.0 0.0 0.0
95 0 7 0.0 7.0 0.0
96 0 100 0.0 0.0 0.0
97 0 100 0.0 0.0 0.0
98 0 6 0.0 6.0 0.0
99 15 223 6803.971395961631 826718.1208666635 5624966446.899929
100 2 60 13.494214179327372 366.8916913478798 4950.9150636639615
101 13 267 4801.088521889328 705078.2947892806 3385143308.1461153
102 9 236 1814.8473014962385 39497.557201796815 71682035.10337427
103 0 100 0.0 0.0 0.0
104 2 52 13.494214179327372 298.47302352672085 4027.6589062209887
105 14 187 5763.781188419757 400722.0136188303 2309674003.8819
106 5 83 312.35291035940236 3070.409639894098 959051.387016486
107 3 77 57.02181064673912 987.6825062906825 56319.444852804016
108 0 100 0.0 0.0 0.0
109 0 5 0.0 5.0 0.0
110 0 100 0.0 0.0 0.0
111 5 177 312.35291035940236 2679.0520099722326 836809.6923190334
112 5 97 312.35291035940236 4075.7152237055247 1273061.5119205434
113 6 191 552.5626438069447 5591.281626292221 3089533.357693223
114 4 72 151.22372397683895 1499.6637502850892 226784.73703118347
115 16 259 7916.453847805617 1604254.4628505823 12700006415.292826
116 8 143 1300.1508247099457 30428.435598390966 39561555.63788149
117 1 22 1.0 49.12998068819353 49.12998068819353
118 0 100 0.0 0.0 0.0
119 1 6 1.0 9.55892689827884 9.55892689827884
120 1 14 1.0 27.799106543625292 27.799106543625292
121 11 135 3127.3197986346404 75378.38222771238 235732307.12977445
122 8 124 1300.1508247099457 22619.999038655253 29409410.405045807
123 2 114 13.494214179327372 44.97826169706515 606.9462967540338
124 4 65 151.22372397683895 1259.0362466163215 190396.14983514193
125 1 104 1.0 5.735193251789799 5.735193251789799
126 13 271 4801.088521889328 730806.0186361094 3508664387.8014636
127 17 315 9095.850952291546 3527165.8735808763 32082575070.100857
128 1 35 1.0 88.18685030395203 88.18685030395203
129 0 100 0.0 0.0 0.0
130 2 31 13.494214179327372 141.5519192260369 1910.1319155309898
131 21 337 14374.256054893494 12092564.02807177 173821611699.6979
132 2 39 13.494214179327372 197.11162840858907 2659.8665309814905
133 1 7 1.0 11.607984241186918 11.607984241186918
134 1 107 1.0 11.607984241186918 11.607984241186918
135 2 33 13.494214179327372 154.90879557685506 2090.372465775723
136 0 100 0.0 0.0 0.0
137 1 103 1.0 3.9914906122521803 3.9914906122521803
138 18 357 10336.717591947081 6479538.527190129 66977159881.705086
139 3 30 57.02181064673912 221.1993434691573 12613.187078481296
140 15 266 6803.971395961631 1289195.660515439 8771650397.944908
141 3 141 57.02181064673912 363.1907597716439 20709.794732343995
142 14 226 5763.781188419757 639338.2042911381 3685005514.9313293
143 3 156 57.02181064673912 595.765723501293 33971.640275308266
144 1 106 1.0 9.55892689827884 9.55892689827884
145 2 22 13.494214179327372 86.31942417916456 1164.8127977098563
146 12 183 3920.792982031498 208823.67119914887 818754384.519676
147 14 218 5763.781188419757 584964.6739750648 3371608383.747575
148 16 233 7916.453847805617 1222189.922001164 9675410110.775362
149 3 128 57.02181064673912 198.25318874016915 11304.755788454157
150 4 54 151.22372397683895 916.9626779842689 138666.51091255614
151 4 167 151.22372397683895 1326.001420918201 200522.87286983026
152 6 103 552.5626438069447 7086.292798564201 3915620.683564748
153 2 21 13.494214179327372 80.71796600694597 1089.2255214173952
154 1 10 1.0 18.1937008646705 18.1937008646705
155 15 365 6803.971395961631 1277017.860193162 8688792992.886404
156 1 11 1.0 20.51504931294799 20.51504931294799
157 8 132 1300.1508247099457 25761.522721704056 33493865.012407534
158 12 229 3920.792982031498 353804.2348984099 1387193161.2027092
159 11 298 3127.3197986346404 181155.15933402994 566530116.4101248
160 14 199 5763.781188419757 467153.07741970307 2692568119.744083
161 7 122 880.1589317377488 14884.0 13100285.539984655
162 2 31 13.494214179327372 141.5519192260369 1910.1319155309898
163 3 47 57.02181064673912 451.11773253603667 25723.549924056188
164 8 173 1300.1508247099457 7513.940270393182 9769255.639372967
165 8 141 1300.1508247099457 29549.892713290425 38419317.38127496
166 2 23 13.494214179327372 92.0346545141889 1241.9353399348638
167 3 43 57.02181064673912 391.71440685113555 22336.26473506518
168 13 201 4801.088521889328 355656.01713656815 1707536021.6152515
169 4 50 151.22372397683895 803.8922494719358 121567.57964126418
170 5 79 312.35291035940236 2806.8374672292675 876723.8517948753
171 2 9 13.494214179327372 23.78240930402918 320.92492484899776
172 4 71 151.22372397683895 1464.2230773075796 221425.26648327915
173 3 29 57.02181064673912 209.61005902119368 11952.345095158316
174 4 51 151.22372397683895 831.5797944458234 125754.59329999167
175 4 53 151.22372397683895 888.1171619831025 134304.38456282625
176 5 98 312.35291035940236 4152.387807071904 1297010.4164798057
177 2 17 13.494214179327372 59.51335422080222 803.0859483856818
178 3 48 57.02181064673912 466.4489382157433 26597.763031310627
179 3 50 57.02181064673912 497.6760852315066 28378.391495481366
180 8 212 1300.1508247099457 18303.96846388381 23797919.693783376
181 10 177 2424.408141701412 99872.9294110967 242132743.19983327
182 18 232 10336.717591947081 2051502.4450723694 21205801413.90201
183 6 160 552.5626438069447 2520.4667612931225 1392715.7772476552
184 3 56 57.02181064673912 595.765723501293 33971.640275308266
185 18 261 10336.717591947081 2809102.033610651 29036894408.397533
186 4 175 151.22372397683895 1608.0874365260645 243180.97063184011
187 3 76 57.02181064673912 967.3986454236635 55162.82237926006
188 2 33 13.494214179327372 154.90879557685506 2090.372465775723
189 14 362 5763.781188419757 920542.5000537641 5305805544.950779
190 2 34 13.494214179327372 161.72412498062124 2182.3399804528112
191 9 158 1814.8473014962385 54558.58518037661 99015501.08805917
192 17 277 9095.850952291546 2518302.144471244 22906100958.94661
193 7 173 880.1589317377488 5329.0 4690366.947230464
194 13 196 4801.088521889328 334705.799790386 1606952173.5834098
195 8 218 1300.1508247099457 20402.728323412415 26526624.05601762
196 12 190 3920.792982031498 228093.22550877134 894306317.8237185
197 4 36 151.22372397683895 458.3949685466225 69320.19419586622
198 13 179 4801.088521889328 268965.33153854305 1291326366.0358567
199 11 141 3127.3197986346404 83269.02073017742 260408857.14240214
