0 0 7 0.0 7.0 0.0
1 1 20 1.0 43.57075425423803 43.57075425423803
2 0 100 0.0 0.0 0.0
3 0 6 0.0 6.0 0.0
4 10 187 2424.408141701412 112857.51981217459 273612689.8848645
5 0 100 0.0 0.0 0.0
6 5 173 312.35291035940236 2431.5451615879456 759500.2078923181
7 0 100 0.0 0.0 0.0
8 2 34 13.494214179327372 161.72412498062124 2182.3399804528112
9 1 108 1.0 13.734791927877684 13.734791927877684
10 0 6 0.0 6.0 0.0
11 0 6 0.0 6.0 0.0
12 0 5 0.0 5.0 0.0
13 0 100 0.0 0.0 0.0
14 0 10 0.0 10.0 0.0
15 0 6 0.0 6.0 0.0
16 0 5 0.0 5.0 0.0
17 0 8 0.0 8.0 0.0
18 1 10 1.0 18.1937008646705 18.1937008646705
19 0 100 0.0 0.0 0.0
20 0 6 0.0 6.0 0.0
21 4 57 151.22372397683895 1005.7817905983286 152098.06788237247
22 0 6 0.0 6.0 0.0
23 2 14 13.494214179327372 44.97826169706515 606.9462967540338
24 0 10 0.0 10.0 0.0
25 1 14 1.0 27.799106543625292 27.799106543625292
26 0 100 0.0 0.0 0.0
27 1 6 1.0 9.55892689827884 9.55892689827884
28 10 104 2424.408141701412 30608.495879073467 74207486.61445984
29 9 180 1814.8473014962385 72249.91166878767 131122557.22544089
30 0 5 0.0 5.0 0.0
31 6 111 552.5626438069447 8176.399536993932 4517972.944983246
32 0 100 0.0 0.0 0.0
33 0 100 0.0 0.0 0.0
34 1 8 1.0 13.734791927877684 13.734791927877684
35 0 100 0.0 0.0 0.0
36 4 63 151.22372397683895 1193.5182370479756 180488.2724406665
37 0 100 0.0 0.0 0.0
38 0 9 0.0 9.0 0.0
39 0 100 0.0 0.0 0.0
40 1 108 1.0 13.734791927877684 13.734791927877684
41 0 6 0.0 6.0 0.0
42 1 10 1.0 18.1937008646705 18.1937008646705
43 1 22 1.0 49.12998068819353 49.12998068819353
44 1 101 1.0 1.0 1.0
45 1 17 1.0 35.503281577765854 35.503281577765854
46 10 127 2424.408141701412 47732.874639030575 115723969.90167858
47 1 5 1.0 7.59708563275366 7.59708563275366
48 2 119 13.494214179327372 69.8685662777562 942.821397754572
49 1 18 1.0 38.15436697768484 38.15436697768484
50 3 43 57.02181064673912 391.71440685113555 22336.26473506518
51 1 7 1.0 11.607984241186918 11.607984241186918
52 0 100 0.0 0.0 0.0
53 1 10 1.0 18.1937008646705 18.1937008646705
54 0 9 0.0 9.0 0.0
55 0 100 0.0 0.0 0.0
56 1 102 1.0 2.3948263510722025 2.3948263510722025
57 0 100 0.0 0.0 0.0
58 0 10 0.0 10.0 0.0
59 0 100 0.0 0.0 0.0
60 6 111 552.5626438069447 8176.399536993932 4517972.944983246
61 2 13 13.494214179327372 40.41888428935346 545.4210814899858
62 0 100 0.0 0.0 0.0
63 0 100 0.0 0.0 0.0
64 0 100 0.0 0.0 0.0
65 0 6 0.0 6.0 0.0
66 1 10 1.0 18.1937008646705 18.1937008646705
67 1 18 1.0 38.15436697768484 38.15436697768484
68 0 100 0.0 0.0 0.0
69 2 20 13.494214179327372 75.23327232919837 1015.2138902218663
70 0 100 0.0 0.0 0.0
71 0 9 0.0 9.0 0.0
72 0 6 0.0 6.0 0.0
73 0 10 0.0 10.0 0.0
74 3 36 57.02181064673912 295.444715883087 16846.792645665024
75 12 186 3920.792982031498 216962.41681964806 850664721.2310687
76 0 6 0.0 6.0 0.0
77 0 100 0.0 0.0 0.0
78 0 6 0.0 6.0 0.0
79 0 100 0.0 0.0 0.0
80 0 100 0.0 0.0 0.0
81 4 53 151.22372397683895 888.1171619831025 134304.38456282625
82 1 104 1.0 5.735193251789799 5.735193251789799
83 1 107 1.0 11.607984241186918 11.607984241186918
84 0 10 0.0 10.0 0.0
85 1 10 1.0 18.1937008646705 18.1937008646705
86 1 10 1.0 18.1937008646705 18.1937008646705
87 1 101 1.0 1.0 1.0
88 1 106 1.0 9.55892689827884 9.55892689827884
89 0 100 0.0 0.0 0.0
90 3 44 57.02181064673912 406.27351121486885 23166.451227280093
91 0 100 0.0 0.0 0.0
92 0 100 0.0 0.0 0.0
93 0 5 0.0 5.0 0.0
94 0 6 0.0 6.0 0.0
95 0 100 0.0 0.0 0.0
96 0 100 0.0 0.0 0.0
97 0 100 0.0 0.0 0.0
98 0 9 0.0 9.0 0.0
99 0 10 0.0 10.0 0.0
100 2 33 13.494214179327372 154.90879557685506 2090.372465775723
101 0 10 0.0 10.0 0.0
102 2 13 13.494214179327372 40.41888428935346 545.4210814899858
103 1 10 1.0 18.1937008646705 18.1937008646705
104 1 22 1.0 49.12998068819353 49.12998068819353
105 7 115 880.1589317377488 13225.0 11640101.87223173
106 1 16 1.0 32.892441635375256 32.892441635375256
107 13 113 4801.088521889328 88758.73997014023 426138567.6879998
108 1 103 1.0 3.9914906122521803 3.9914906122521803
109 1 101 1.0 1.0 1.0
110 5 64 312.35291035940236 1914.4623288244568 597987.8801817582
111 0 100 0.0 0.0 0.0
112 3 146 57.02181064673912 435.9769523615719 24860.195223903953
113 7 193 880.1589317377488 8649.0 7612494.60059979
114 0 100 0.0 0.0 0.0
115 1 28 1.0 66.57403288693754 66.57403288693754
116 1 13 1.0 25.320989780782124 25.320989780782124
117 3 112 57.02181064673912 51.65274962739505 2945.333308636745
118 0 100 0.0 0.0 0.0
119 5 121 312.35291035940236 6090.769816183153 1902469.67841401
120 8 230 1300.1508247099457 24956.252438948613 32446892.190168634
121 0 100 0.0 0.0 0.0
122 5 161 312.35291035940236 1754.5251914699081 548031.0498545135
123 1 103 1.0 3.9914906122521803 3.9914906122521803
124 0 6 0.0 6.0 0.0
125 1 9 1.0 15.931997307697284 15.931997307697284
126 7 111 880.1589317377488 12321.0 10844438.197940804
127 0 100 0.0 0.0 0.0
128 0 100 0.0 0.0 0.0
129 3 23 57.02181064673912 145.08021796711313 8272.736717508364
130 3 149 57.02181064673912 481.96892224029307 27482.74062159892
131 1 14 1.0 27.799106543625292 27.799106543625292
132 5 162 312.35291035940236 1807.1402103142602 564465.5041191616
133 2 25 13.494214179327372 103.79546451213633 1400.6382289695412
134 0 100 0.0 0.0 0.0
135 13 188 4801.088521889328 302721.97485228034 1453394998.786953
136 13 168 4801.088521889328 230840.47046310757 1108285533.1279583
137 0 100 0.0 0.0 0.0
138 1 16 1.0 32.892441635375256 32.892441635375256
139 3 28 57.02181064673912 198.25318874016915 11304.755788454157
140 0 100 0.0 0.0 0.0
141 1 11 1.0 20.51504931294799 20.51504931294799
142 0 100 0.0 0.0 0.0
143 11 141 3127.3197986346404 83269.02073017742 260408857.14240214
144 9 107 1814.8473014962385 23559.974173081857 42757755.55133868
145 2 9 13.494214179327372 23.78240930402918 320.92492484899776
146 0 100 0.0 0.0 0.0
147 2 42 13.494214179327372 219.34644070399202 2959.9078503327996
148 13 257 4801.088521889328 643104.6864199162 3087602528.3438954
149 2 28 13.494214179327372 122.22584512913716 1649.341732421874
150 1 7 1.0 11.607984241186918 11.607984241186918
151 12 233 3920.792982031498 368507.2998204369 1444840834.9633462
152 7 144 880.1589317377488 20736.0 18250975.60851396
153 8 119 1300.1508247099457 20764.03051150532 26996371.39383612
154 8 114 1300.1508247099457 18990.417242658223 24690406.63962806
155 7 106 880.1589317377488 11236.0 9889465.757005347
156 2 119 13.494214179327372 69.8685662777562 942.821397754572
157 6 108 552.5626438069447 7758.892052145152 4287273.9053460155
158 10 152 2424.408141701412 71183.06768899111 172576808.8564728
159 0 6 0.0 6.0 0.0
160 5 178 312.35291035940236 2742.610069160227 856662.2370831986
161 12 215 3920.792982031498 305030.63425581815 1195961970.0948284
162 0 100 0.0 0.0 0.0
163 13 255 4801.088521889328 631108.7468210144 3030008960.4263306
164 2 118 13.494214179327372 64.62733255388774 872.0950673207774
165 0 100 0.0 0.0 0.0
166 7 83 880.1589317377488 6889.0 6063414.880741352
167 9 87 1814.8473014962385 15085.772699605997 27378373.87486557
168 0 100 0.0 0.0 0.0
169 2 111 13.494214179327372 31.76494829034237 428.6430156251388
170 0 100 0.0 0.0 0.0
171 1 13 1.0 25.320989780782124 25.320989780782124
172 7 112 880.1589317377488 12544.0 11040713.639718322
173 0 100 0.0 0.0 0.0
174 0 100 0.0 0.0 0.0
175 2 36 13.494214179327372 175.6210676402407 2369.868301139548
176 7 115 880.1589317377488 13225.0 11640101.87223173
177 0 100 0.0 0.0 0.0
178 3 74 57.02181064673912 927.3002957027797 52876.3418742291
179 3 129 57.02181064673912 209.61005902119368 11952.345095158316
180 6 69 552.5626438069447 3293.0002682054314 1819588.9342565713
181 2 43 13.494214179327372 226.91812071099523 3062.081722044632
182 8 66 1300.1508247099457 6092.617388755455 7921321.522632561
183 2 25 13.494214179327372 103.79546451213633 1400.6382289695412
184 2 20 13.494214179327372 75.23327232919837 1015.2138902218663
185 5 60 312.35291035940236 1702.6102917613564 531815.2798395308
186 5 91 312.35291035940236 3629.2296992039956 1133600.4589091465
187 1 32 1.0 78.7716859795011 78.7716859795011
188 4 54 151.22372397683895 916.9626779842689 138666.51091255614
189 4 163 151.22372397683895 1193.5182370479756 180488.2724406665
190 0 100 0.0 0.0 0.0
191 3 52 57.02181064673912 529.6457757489877 30201.361134604027
192 2 111 13.494214179327372 31.76494829034237 428.6430156251388
193 2 130 13.494214179327372 135.01359299654277 1821.9023410158823
194 2 23 13.494214179327372 92.0346545141889 1241.9353399348638
195 6 121 552.5626438069447 9643.286769790522 5328520.032503983
196 16 263 7916.453847805617 1668736.119595552 13210472474.944424
197 1 40 1.0 104.3443904241405 104.3443904241405
198 9 158 1814.8473014962385 54558.58518037661 99015501.08805917
199 2 120 13.494214179327372 75.23327232919837 1015.2138902218663
