0 0 100 0.0 0.0 0.0
1 20 287 12981.212045421978 6041013.240299733 78419673841.53256
2 1 105 1.0 7.59708563275366 7.59708563275366
3 3 40 57.02181064673912 349.23013798641597 19913.734800395985
4 2 36 13.494214179327372 175.6210676402407 2369.868301139548
5 0 100 0.0 0.0 0.0
6 0 6 0.0 6.0 0.0
7 7 180 880.1589317377488 6400.0 5633017.163121592
8 8 204 1300.1508247099457 63712.45626749692 82835802.56048247
9 0 100 0.0 0.0 0.0
10 0 100 0.0 0.0 0.0
11 1 9 1.0 15.931997307697284 15.931997307697284
12 0 100 0.0 0.0 0.0
13 3 31 57.02181064673912 233.0178128969552 13287.097604327464
14 0 100 0.0 0.0 0.0
15 1 36 1.0 91.37308344663872 91.37308344663872
16 0 5 0.0 5.0 0.0
17 0 10 0.0 10.0 0.0
18 0 6 0.0 6.0 0.0
19 10 183 2424.408141701412 107558.85724916201 260766569.22696835
20 1 9 1.0 15.931997307697284 15.931997307697284
21 1 10 1.0 18.1937008646705 18.1937008646705
22 0 100 0.0 0.0 0.0
23 0 100 0.0 0.0 0.0
24 1 5 1.0 7.59708563275366 7.59708563275366
25 0 5 0.0 5.0 0.0
26 0 100 0.0 0.0 0.0
27 1 5 1.0 7.59708563275366 7.59708563275366
28 3 124 57.02181064673912 155.22039240905832 8850.947824461866
29 1 17 1.0 35.503281577765854 35.503281577765854
30 1 109 1.0 15.931997307697284 15.931997307697284
31 2 9 13.494214179327372 23.78240930402918 320.92492484899776
32 1 115 1.0 30.323695983612147 30.323695983612147
33 1 105 1.0 7.59708563275366 7.59708563275366
34 0 100 0.0 0.0 0.0
35 7 113 880.1589317377488 12769.0 11238749.399359316
36 15 239 6803.971395961631 984435.2604830556 6698069353.502748
37 0 11 0.0 11.0 0.0
38 2 129 13.494214179327372 128.5709592386038 1734.9640612072888
39 2 53 13.494214179327372 306.7864203576611 4139.841663615438
40 0 100 0.0 0.0 0.0
41 1 115 1.0 30.323695983612147 30.323695983612147
42 1 103 1.0 3.9914906122521803 3.9914906122521803
43 0 100 0.0 0.0 0.0
44 0 100 0.0 0.0 0.0
45 1 20 1.0 43.57075425423803 43.57075425423803
46 0 100 0.0 0.0 0.0
47 0 5 0.0 5.0 0.0
48 0 7 0.0 7.0 0.0
49 5 73 312.35291035940236 2431.5451615879456 759500.2078923181
50 0 100 0.0 0.0 0.0
51 0 100 0.0 0.0 0.0
52 1 9 1.0 15.931997307697284 15.931997307697284
53 0 6 0.0 6.0 0.0
54 0 5 0.0 5.0 0.0
55 10 340 2424.408141701412 196581.39513148382 476593534.8637917
56 2 124 13.494214179327372 97.86086952638261 1320.555533164218
57 1 20 1.0 43.57075425423803 43.57075425423803
58 9 239 1814.8473014962385 41398.5782979627 75132098.10983834
59 0 100 0.0 0.0 0.0
60 0 6 0.0 6.0 0.0
61 0 100 0.0 0.0 0.0
62 21 405 14374.256054893494 20239115.459723867 290922227942.6243
63 0 5 0.0 5.0 0.0
64 13 175 4801.088521889328 254706.95345711283 1222870630.6883438
65 1 21 1.0 46.33316012586883 46.33316012586883
66 1 113 1.0 25.320989780782124 25.320989780782124
67 0 100 0.0 0.0 0.0
68 22 379 15807.685316481819 21543035.75164036 340545529923.6482
69 0 5 0.0 5.0 0.0
70 0 5 0.0 5.0 0.0
71 0 12 0.0 12.0 0.0
72 0 10 0.0 10.0 0.0
73 0 6 0.0 6.0 0.0
74 0 100 0.0 0.0 0.0
75 0 5 0.0 5.0 0.0
76 1 100 1.0 0.0 0.0
77 16 296 7916.453847805617 2261449.4362102253 17902660090.90428
78 13 181 4801.088521889328 276265.43546600867 1326374811.210611
79 0 100 0.0 0.0 0.0
80 0 100 0.0 0.0 0.0
81 0 100 0.0 0.0 0.0
82 5 167 312.35291035940236 2080.6456750556 649895.73203032
83 0 100 0.0 0.0 0.0
84 0 100 0.0 0.0 0.0
85 0 100 0.0 0.0 0.0
86 0 19 0.0 19.0 0.0
87 0 100 0.0 0.0 0.0
88 2 122 13.494214179327372 86.31942417916456 1164.8127977098563
89 1 19 1.0 40.84402933782601 40.84402933782601
90 1 34 1.0 85.02419427196995 85.02419427196995
91 1 24 1.0 54.8222930413608 54.8222930413608
92 14 316 5763.781188419757 571818.2710448676 3295835393.8431177
93 0 100 0.0 0.0 0.0
94 0 100 0.0 0.0 0.0
95 0 100 0.0 0.0 0.0
96 0 100 0.0 0.0 0.0
97 1 12 1.0 22.891970023971037 22.891970023971037
98 11 172 3127.3197986346404 131244.92094536053 410444839.74266416
99 0 100 0.0 0.0 0.0
100 21 398 14374.256054893494 19274122.862397317 277051177257.57574
101 18 307 10336.717591947081 4331957.0464325 44778216609.41794
102 16 227 7916.453847805617 1142893.8972792348 9047666790.749756
103 9 140 1814.8473014962385 42042.90237411894 76301447.92073955
104 1 16 1.0 32.892441635375256 32.892441635375256
105 14 247 5763.781188419757 795972.5966918325 4587811879.310011
106 18 344 10336.717591947081 5868900.278254742 60665164751.61891
107 1 108 1.0 13.734791927877684 13.734791927877684
108 0 100 0.0 0.0 0.0
109 0 100 0.0 0.0 0.0
110 22 309 15807.685316481819 12053431.408925803 190536850696.09717
111 22 327 15807.685316481819 14159219.783414356 223824490663.118
112 0 100 0.0 0.0 0.0
113 24 301 18776.370315488246 17675528.107116397 331882261261.03845
114 13 208 4801.088521889328 386244.5945999156 1854394489.7754517
115 13 299 4801.088521889328 347186.6030127656 1666873614.6783357
116 14 285 5763.781188419757 1132838.5888993952 6529433748.214316
117 12 231 3920.792982031498 361112.7616981537 1415848381.7881336
118 19 534 11633.622691025432 14429410.387491357 167866316102.0375
119 19 347 11633.622691025432 7861674.857273578 91459759009.04202
120 12 202 3920.792982031498 263422.36369249143 1032824554.8756692
121 25 347 20302.483562333644 33551819.8700805 681185271398.6887
122 10 209 2424.408141701412 144530.3809950766 350400632.40767074
123 6 105 552.5626438069447 7351.839824949449 4062352.0505192536
124 17 269 9095.850952291546 2332127.9713618937 21212688429.177834
125 16 245 7916.453847805617 1390652.9767282873 11009040108.582985
126 13 171 4801.088521889328 240900.83281529308 1156586223.3430836
127 18 208 10336.717591947081 1532936.0049281158 15845526569.469532
128 2 130 13.494214179327372 135.01359299654277 1821.9023410158823
129 9 121 1814.8473014962385 30706.127839836652 55726933.24952607
130 12 255 3920.792982031498 141319.76270431234 554085533.8334244
131 14 247 5763.781188419757 795972.5966918325 4587811879.310011
132 15 278 6803.971395961631 1440810.8508489362 9803235816.167301
133 2 119 13.494214179327372 69.8685662777562 942.821397754572
134 6 156 552.5626438069447 2208.835584533681 1220520.030324789
135 5 93 312.35291035940236 3775.468945982596 1179278.713249209
136 17 319 9095.850952291546 3645758.403526386 33161275046.540386
137 18 221 10336.717591947081 1802105.484326511 18627855462.38216
138 30 504 28187.918329013766 308576608.59177184 8698132241228.912
139 17 300 9095.850952291546 3103803.444211487 28231733513.756836
140 11 186 3127.3197986346404 156995.63646857248 490975562.2274133
141 20 431 12981.212045421978 18549108.124653067 240789905819.5811
142 10 141 2424.408141701412 60231.061452958435 146024675.76987052
143 18 311 10336.717591947081 4484209.88753331 46352011230.44861
144 12 231 3920.792982031498 361112.7616981537 1415848381.7881336
145 22 384 15807.685316481819 22361155.10165713 353478103160.0379
146 26 491 21850.715853258855 118370771.0 2586486082452.1733
147 24 332 18776.370315488246 23542494.47846634 442042594478.0213
148 22 363 15807.685316481819 19056095.58003003 301232762289.9148
149 6 44 552.5626438069447 1392.5534457950612 769473.0136509899
150 0 100 0.0 0.0 0.0
151 16 304 7916.453847805617 2421960.954801773 19173342119.875465
152 8 189 1300.1508247099457 54353.98280559448 70668375.57096387
153 21 305 14374.256054893494 9143360.831213478 131429009790.14635
154 32 472 31395.42919579807 377364252.26295376 11847512662946.848
155 15 232 6803.971395961631 913389.9123655237 6214678837.094925
156 16 277 7916.453847805617 1906791.7567046778 15095028939.32878
157 17 325 9095.850952291546 3828218.357814258 34820903595.5048
158 11 286 3127.3197986346404 156995.63646857248 490975562.2274133
159 12 300 3920.792982031498 667638.1297964411 2617670893.8425207
160 13 205 4801.088521889328 372954.3568141739 1790586881.6891475
161 11 175 3127.3197986346404 136544.81137309276 427019292.0079054
162 13 148 4801.088521889328 170074.61033155065 816543259.5276079
163 16 247 7916.453847805617 1420030.354501834 11241604763.896818
164 16 308 7916.453847805617 2504751.4965214226 19828749622.433895
165 16 275 7916.453847805617 1871592.2972534716 14816374043.1156
166 19 307 11633.622691025432 5638092.81888376 65591444551.87365
167 21 303 14374.256054893494 8976351.31987282 129028372310.5331
168 15 292 6803.971395961631 1630705.3693295505 11095272688.15931
169 15 325 6803.971395961631 845529.0542821898 5752955499.790508
170 16 286 7916.453847805617 2070183.1096032152 16388509043.680573
171 5 184 312.35291035940236 3137.9608221632784 980151.1953964831
172 27 440 23417.05273547914 106433720.85956226 2492364054201.6357
173 15 339 6803.971395961631 2375219.3378292667 16160924433.725256
174 13 257 4801.088521889328 643104.6864199162 3087602528.3438954
175 12 279 3920.792982031498 562903.5603798062 2207028329.0976877
176 19 346 11633.622691025432 7800328.493780204 90746078562.6936
177 18 370 10336.717591947081 7128427.135633949 73684538175.82039
178 23 319 17276.616480405057 16679463.3557904 288164691496.9607
179 21 358 14374.256054893494 14324540.068106024 205904606807.53748
180 15 208 6803.971395961631 693671.0685191004 4719718108.4101
181 13 319 4801.088521889328 437323.9661405178 2099631074.1843572
182 20 368 12981.212045421978 11994429.050666729 155702226870.47424
183 16 239 7916.453847805617 1304760.3121149486 10329074793.306444
184 14 227 5763.781188419757 646337.5928102317 3725348458.8081226
185 31 443 29791.0 252236608.20738408 7514380795106.179
186 21 361 14374.256054893494 14663436.68118662 210775993500.09415
187 14 347 5763.781188419757 795972.5966918325 4587811879.310011
188 20 308 12981.212045421978 7340450.864034526 95287949175.03316
189 12 161 3920.792982031498 154520.54529329904 605843069.5656471
190 14 392 5763.781188419757 1202699.0172221942 6932093970.796213
191 7 91 880.1589317377488 8281.0 7288596.113720298
192 29 455 26589.10945763286 181576404.81732538 4827954902611.319
193 16 315 7916.453847805617 2653749.5571873826 21008285893.10851
194 14 241 5763.781188419757 749133.4538221197 4317841308.755855
195 12 289 3920.792982031498 225280.5021079264 883278211.6532899
196 18 243 10336.717591947081 2321430.6473812955 23995973011.27134
197 17 263 9095.850952291546 2198255.6710417396 19995005938.8253
198 14 209 5763.781188419757 527196.8237004351 3038647135.039215
199 12 169 3920.792982031498 173183.80963665945 679017865.4248933
