0 0 100 0.0 0.0 0.0
1 0 100 0.0 0.0 0.0
2 16 315 7916.453847805617 2653749.5571873826 21008285893.10851
3 1 9 1.0 15.931997307697284 15.931997307697284
4 1 10 1.0 18.1937008646705 18.1937008646705
5 0 100 0.0 0.0 0.0
6 0 6 0.0 6.0 0.0
7 0 100 0.0 0.0 0.0
8 0 100 0.0 0.0 0.0
9 1 10 1.0 18.1937008646705 18.1937008646705
10 0 100 0.0 0.0 0.0
11 1 105 1.0 7.59708563275366 7.59708563275366
12 16 215 7916.453847805617 993930.6273588623 7868405939.406917
13 2 109 13.494214179327372 23.78240930402918 320.92492484899776
14 1 12 1.0 22.891970023971037 22.891970023971037
15 1 5 1.0 7.59708563275366 7.59708563275366
16 1 16 1.0 32.892441635375256 32.892441635375256
17 0 10 0.0 10.0 0.0
18 0 100 0.0 0.0 0.0
19 0 6 0.0 6.0 0.0
20 0 11 0.0 11.0 0.0
21 0 100 0.0 0.0 0.0
22 2 5 13.494214179327372 10.188005914414083 137.47913386935764
23 0 5 0.0 5.0 0.0
24 5 190 312.35291035940236 3557.085524945249 1111066.016113951
25 14 320 5763.781188419757 598289.1109657976 3448407523.0210447
26 0 100 0.0 0.0 0.0
27 0 10 0.0 10.0 0.0
28 2 39 13.494214179327372 197.11162840858907 2659.8665309814905
29 1 17 1.0 35.503281577765854 35.503281577765854
30 0 100 0.0 0.0 0.0
31 1 102 1.0 2.3948263510722025 2.3948263510722025
32 1 110 1.0 18.1937008646705 18.1937008646705
33 0 100 0.0 0.0 0.0
34 1 6 1.0 9.55892689827884 9.55892689827884
35 1 115 1.0 30.323695983612147 30.323695983612147
36 1 101 1.0 1.0 1.0
37 0 100 0.0 0.0 0.0
38 0 100 0.0 0.0 0.0
39 0 10 0.0 10.0 0.0
40 1 9 1.0 15.931997307697284 15.931997307697284
41 0 100 0.0 0.0 0.0
42 0 100 0.0 0.0 0.0
43 2 44 13.494214179327372 234.56808185291177 3165.3119361571858
44 0 100 0.0 0.0 0.0
45 0 100 0.0 0.0 0.0
46 11 213 3127.3197986346404 214120.66733750328 669623802.2614356
47 1 107 1.0 11.607984241186918 11.607984241186918
48 2 112 13.494214179327372 36.01211998010309 485.95526006314566
49 2 27 13.494214179327372 115.98017876588344 1565.0613728235076
50 0 100 0.0 0.0 0.0
51 0 5 0.0 5.0 0.0
52 0 100 0.0 0.0 0.0
53 0 11 0.0 11.0 0.0
54 0 100 0.0 0.0 0.0
55 0 6 0.0 6.0 0.0
56 0 100 0.0 0.0 0.0
57 2 16 13.494214179327372 54.53075711894446 735.8497159239173
58 0 100 0.0 0.0 0.0
59 0 100 0.0 0.0 0.0
60 1 22 1.0 49.12998068819353 49.12998068819353
61 3 121 57.02181064673912 125.57185196799401 7160.33436547931
62 0 100 0.0 0.0 0.0
63 0 100 0.0 0.0 0.0
64 0 6 0.0 6.0 0.0
65 0 100 0.0 0.0 0.0
66 0 100 0.0 0.0 0.0
67 5 140 312.35291035940236 814.9598274436516 254555.07392802092
68 0 100 0.0 0.0 0.0
69 3 58 57.02181064673912 629.8939717412368 35917.694784151245
70 17 291 9095.850952291546 2865671.121395722 26065717398.501663
71 0 5 0.0 5.0 0.0
72 6 128 552.5626438069447 10738.599848141443 5933749.12287389
73 4 77 151.22372397683895 1682.1075637745857 254374.56992360097
74 16 293 7916.453847805617 2202983.776159344 17439819391.429985
75 1 5 1.0 7.59708563275366 7.59708563275366
76 1 17 1.0 35.503281577765854 35.503281577765854
77 0 5 0.0 5.0 0.0
78 2 123 13.494214179327372 92.0346545141889 1241.9353399348638
79 14 330 5763.781188419757 667608.2663166124 3847947966.6292176
80 0 100 0.0 0.0 0.0
81 1 6 1.0 9.55892689827884 9.55892689827884
82 0 100 0.0 0.0 0.0
83 0 100 0.0 0.0 0.0
84 1 8 1.0 13.734791927877684 13.734791927877684
85 0 100 0.0 0.0 0.0
86 0 100 0.0 0.0 0.0
87 2 38 13.494214179327372 189.8638195218893 2562.0630455335317
88 0 100 0.0 0.0 0.0
89 2 50 13.494214179327372 282.0582186126376 3806.1540129984737
90 0 100 0.0 0.0 0.0
91 0 6 0.0 6.0 0.0
92 0 100 0.0 0.0 0.0
93 2 18 13.494214179327372 64.62733255388774 872.0950673207774
94 0 100 0.0 0.0 0.0
95 0 6 0.0 6.0 0.0
96 3 26 57.02181064673912 176.25042831919396 10050.118550023744
97 1 105 1.0 7.59708563275366 7.59708563275366
98 5 174 312.35291035940236 2492.4098028308917 778511.4557225333
99 0 5 0.0 5.0 0.0
100 1 107 1.0 11.607984241186918 11.607984241186918
101 17 315 9095.850952291546 3527165.8735808763 32082575070.100857
102 14 326 5763.781188419757 1578074.8217758955 9095677971.670767
103 2 25 13.494214179327372 103.79546451213633 1400.6382289695412
104 15 325 6803.971395961631 2135745.2185837487 14531549376.305647
105 15 314 6803.971395961631 1958251.40778253 13323886564.653929
106 2 132 13.494214179327372 148.1842032776824 1999.6293770220316
107 11 316 3127.3197986346404 221087.86970014448 691412472.1512175
108 13 346 4801.088521889328 578753.6627263078 2778647567.1166835
109 20 355 12981.212045421978 10861421.27029272 140994412624.32635
110 18 327 10336.717591947081 5126528.416085452 52991476464.16709
111 5 205 312.35291035940236 4707.005408790302 1470246.8385130991
112 15 205 6803.971395961631 668736.0004280698 4550060618.362372
113 17 250 9095.850952291546 1924777.9799244525 17507493621.64563
114 1 24 1.0 54.8222930413608 54.8222930413608
115 13 279 4801.088521889328 783888.0642039899 3763515987.4958205
116 0 100 0.0 0.0 0.0
117 15 279 6803.971395961631 1453906.341556328 9892337160.356478
118 24 330 18776.370315488246 23130202.457195267 434301246808.5145
119 17 273 9095.850952291546 2424109.826939973 22049341677.83125
120 12 302 3920.792982031498 263422.36369249143 1032824554.8756692
121 10 246 2424.408141701412 65084.513101468925 157791423.4618735
122 16 309 7916.453847805617 2525715.3266363554 19994708816.011997
123 17 375 9095.850952291546 5570193.643141664 50665651153.41842
124 18 304 10336.717591947081 4219917.534448581 43620095814.9006
125 0 100 0.0 0.0 0.0
126 0 100 0.0 0.0 0.0
127 13 185 4801.088521889328 291210.07940722397 1398125369.7005029
128 8 156 1300.1508247099457 36465.56936906108 47410740.0887025
129 19 278 11633.622691025432 4306835.159134324 50104095233.811195
130 6 135 552.5626438069447 11890.001118337372 6569970.452816027
131 21 298 14374.256054893494 8567444.19900784 123150636652.5506
132 19 282 11633.622691025432 4477126.285964728 52085197950.98568
133 8 220 1300.1508247099457 21128.626944217714 27470401.74651344
134 0 100 0.0 0.0 0.0
135 10 187 2424.408141701412 112857.51981217459 273612689.8848645
136 22 403 15807.685316481819 25653167.28217421 405517195767.67706
137 10 280 2424.408141701412 103676.69639096252 251354626.83495495
138 18 314 10336.717591947081 4600565.196647451 47554743201.08519
139 23 475 17276.616480405057 52592088.390941784 908613341033.8643
140 8 192 1300.1508247099457 56163.98943503071 73021657.18295585
141 13 209 4801.088521889328 390735.2774924319 1875954655.8661563
142 10 155 2424.408141701412 74345.3976110817 180243587.2663352
143 5 101 312.35291035940236 4386.2526434047795 1370058.7787391047
144 10 272 2424.408141701412 93706.72457701275 227183345.99668154
145 30 456 28187.918329013766 225330879.66381067 6351608432968.324
146 16 355 7916.453847805617 1541318.755448807 12201778792.267673
147 20 407 12981.212045421978 15837006.908122513 205583544839.15106
148 17 259 9095.850952291546 2111711.516257531 19207813206.11609
149 10 261 2424.408141701412 80897.81870740736 196129330.32012323
150 21 372 14374.256054893494 15950063.584047021 229270298048.92413
151 1 106 1.0 9.55892689827884 9.55892689827884
152 21 386 14374.256054893494 17689654.873087224 254275628668.45023
153 10 129 2424.408141701412 49420.76856899131 119816113.68780379
154 14 169 5763.781188419757 312205.8893252206 1799486431.8065672
155 12 213 3920.792982031498 298400.62452988257 1169967074.4905796
156 14 293 5763.781188419757 433180.6334596087 2496758386.3222466
157 17 315 9095.850952291546 3527165.8735808763 32082575070.100857
158 11 163 3127.3197986346404 116050.04572860713 362925605.63952845
159 14 373 5763.781188419757 1018811.257612624 5872205161.1779175
160 12 385 3920.792982031498 591782.1649457864 2320255359.2108455
161 17 362 9095.850952291546 2176417.9436832084 19796373225.635323
162 1 105 1.0 7.59708563275366 7.59708563275366
163 0 100 0.0 0.0 0.0
164 5 44 312.35291035940236 969.0623078155637 302689.43216579035
165 0 100 0.0 0.0 0.0
166 14 311 5763.781188419757 1404998.2064103112 8098102231.87125
167 14 293 5763.781188419757 1212882.4474531729 6990789034.395112
168 22 406 15807.685316481819 26199985.621107586 414161127994.81714
169 13 163 4801.088521889328 214628.2288246865 1030449125.8836386
170 15 393 6803.971395961631 1644814.3427691713 11191269739.868872
171 8 144 1300.1508247099457 30872.72070965809 40139193.291701786
172 15 275 6803.971395961631 1401952.2349622357 9538842905.18753
173 7 111 880.1589317377488 12321.0 10844438.197940804
174 10 262 2424.408141701412 82019.5537684662 198848873.9349862
175 18 355 10336.717591947081 6383127.831626122 65980589748.81676
176 15 302 6803.971395961631 1775112.5834180268 12077815242.187809
177 17 361 9095.850952291546 5041560.579189018 45857283595.25195
178 13 263 4801.088521889328 214628.2288246865 1030449125.8836386
179 21 460 14374.256054893494 28916929.247523844 415659345325.1464
180 15 222 6803.971395961631 817408.2298790872 5561622214.9209385
181 18 231 10336.717591947081 2027991.377158349 20962774144.58969
182 20 313 12981.212045421978 7673925.984554215 99616860426.3719
183 14 245 5763.781188419757 780171.793783506 4496739508.74507
184 16 181 7916.453847805617 638450.6848864182 5054265381.003217
185 6 140 552.5626438069447 12746.625951622225 7043309.33544659
186 15 263 6803.971395961631 1252871.0515300073 8524498797.43854
187 19 353 11633.622691025432 8236155.61081683 95816326800.8151
188 22 297 15807.685316481819 10769372.908384323 170238857991.58395
189 16 332 7916.453847805617 1208747.8329140423 9568996432.89907
190 8 254 1300.1508247099457 35499.84558585349 46155153.515523136
191 19 349 11633.622691025432 7985279.738815311 92897731563.66743
192 9 208 1814.8473014962385 24036.912268699078 43623325.36715035
193 20 472 12981.212045421978 12357569.546037748 160416230643.16504
194 17 332 9095.850952291546 4048097.2424651496 36820889157.84541
195 21 353 14374.256054893494 13770982.618961489 197947630292.44025
196 20 389 12981.212045421978 13978950.618189404 181463722147.1993
197 16 272 7916.453847805617 1819542.5002071268 14404324227.010563
198 0 100 0.0 0.0 0.0
199 15 307 6803.971395961631 1850103.3372293164 12588050186.081425
