0 0 100 0.0 0.0 0.0
1 0 100 0.0 0.0 0.0
2 4 51 151.22372397683895 831.5797944458234 125754.59329999167
3 0 100 0.0 0.0 0.0
4 2 26 13.494214179327372 109.8359986590007 1482.1504905048694
5 1 105 1.0 7.59708563275366 7.59708563275366
6 2 22 13.494214179327372 86.31942417916456 1164.8127977098563
7 2 31 13.494214179327372 141.5519192260369 1910.1319155309898
8 1 104 1.0 5.735193251789799 5.735193251789799
9 0 6 0.0 6.0 0.0
10 2 38 13.494214179327372 189.8638195218893 2562.0630455335317
11 5 59 312.35291035940236 1651.3976308733363 515818.85616390867
12 0 5 0.0 5.0 0.0
13 0 100 0.0 0.0 0.0
14 2 107 13.494214179327372 16.551687764173284 223.3520197191065
15 2 41 13.494214179327372 211.85407612585806 2858.8042780058545
16 0 100 0.0 0.0 0.0
17 1 104 1.0 5.735193251789799 5.735193251789799
18 2 30 13.494214179327372 135.01359299654277 1821.9023410158823
19 0 5 0.0 5.0 0.0
20 0 5 0.0 5.0 0.0
21 6 72 552.5626438069447 3572.3109038912485 1973925.5575545246
22 0 100 0.0 0.0 0.0
23 1 9 1.0 15.931997307697284 15.931997307697284
24 1 102 1.0 2.3948263510722025 2.3948263510722025
25 2 17 13.494214179327372 59.51335422080222 803.0859483856818
26 2 105 13.494214179327372 10.188005914414083 137.47913386935764
27 0 5 0.0 5.0 0.0
28 1 12 1.0 22.891970023971037 22.891970023971037
29 2 7 13.494214179327372 16.551687764173284 223.3520197191065
30 0 5 0.0 5.0 0.0
31 0 5 0.0 5.0 0.0
32 1 11 1.0 20.51504931294799 20.51504931294799
33 1 8 1.0 13.734791927877684 13.734791927877684
34 2 14 13.494214179327372 44.97826169706515 606.9462967540338
35 1 105 1.0 7.59708563275366 7.59708563275366
36 4 54 151.22372397683895 916.9626779842689 138666.51091255614
37 0 100 0.0 0.0 0.0
38 0 100 0.0 0.0 0.0
39 0 100 0.0 0.0 0.0
40 0 100 0.0 0.0 0.0
41 7 91 880.1589317377488 8281.0 7288596.113720298
42 0 11 0.0 11.0 0.0
43 2 19 13.494214179327372 69.8685662777562 942.821397754572
44 1 108 1.0 13.734791927877684 13.734791927877684
45 0 100 0.0 0.0 0.0
46 0 100 0.0 0.0 0.0
47 0 5 0.0 5.0 0.0
48 0 100 0.0 0.0 0.0
49 1 11 1.0 20.51504931294799 20.51504931294799
50 0 100 0.0 0.0 0.0
51 2 25 13.494214179327372 103.79546451213633 1400.6382289695412
52 0 5 0.0 5.0 0.0
53 2 39 13.494214179327372 197.11162840858907 2659.8665309814905
54 4 58 151.22372397683895 1036.142416344768 156689.31477001615
55 0 6 0.0 6.0 0.0
56 0 6 0.0 6.0 0.0
57 2 10 13.494214179327372 27.685321443873434 373.59165718715303
58 0 6 0.0 6.0 0.0
59 0 100 0.0 0.0 0.0
60 1 16 1.0 32.892441635375256 32.892441635375256
61 1 20 1.0 43.57075425423803 43.57075425423803
62 0 100 0.0 0.0 0.0
63 4 48 151.22372397683895 749.6906189831174 113371.00723312848
64 1 103 1.0 3.9914906122521803 3.9914906122521803
65 0 100 0.0 0.0 0.0
66 1 8 1.0 13.734791927877684 13.734791927877684
67 1 11 1.0 20.51504931294799 20.51504931294799
68 2 19 13.494214179327372 69.8685662777562 942.821397754572
69 0 100 0.0 0.0 0.0
70 0 100 0.0 0.0 0.0
71 1 31 1.0 75.68293941204132 75.68293941204132
72 2 35 13.494214179327372 168.62869283493262 2275.511697894588
73 0 5 0.0 5.0 0.0
74 0 100 0.0 0.0 0.0
75 0 100 0.0 0.0 0.0
76 1 103 1.0 3.9914906122521803 3.9914906122521803
77 0 11 0.0 11.0 0.0
78 0 100 0.0 0.0 0.0
79 3 21 57.02181064673912 125.57185196799401 7160.33436547931
80 1 103 1.0 3.9914906122521803 3.9914906122521803
81 0 100 0.0 0.0 0.0
82 0 100 0.0 0.0 0.0
83 0 100 0.0 0.0 0.0
84 0 100 0.0 0.0 0.0
85 0 100 0.0 0.0 0.0
86 1 102 1.0 2.3948263510722025 2.3948263510722025
87 3 30 57.02181064673912 221.1993434691573 12613.187078481296
88 7 60 880.1589317377488 3600.0 3168572.154255896
89 0 100 0.0 0.0 0.0
90 2 16 13.494214179327372 54.53075711894446 735.8497159239173
91 0 100 0.0 0.0 0.0
92 0 100 0.0 0.0 0.0
93 1 21 1.0 46.33316012586883 46.33316012586883
94 1 11 1.0 20.51504931294799 20.51504931294799
95 4 63 151.22372397683895 1193.5182370479756 180488.2724406665
96 2 15 13.494214179327372 49.68406405407534 670.4474016451129
97 0 100 0.0 0.0 0.0
98 0 6 0.0 6.0 0.0
99 0 100 0.0 0.0 0.0
100 0 100 0.0 0.0 0.0
101 1 28 1.0 66.57403288693754 66.57403288693754
102 1 12 1.0 22.891970023971037 22.891970023971037
103 0 5 0.0 5.0 0.0
104 2 108 13.494214179327372 20.066939702021244 270.7875822627225
105 4 156 151.22372397683895 975.7969952136767 147563.65546162188
106 0 100 0.0 0.0 0.0
107 5 81 312.35291035940236 2937.2940727723303 917472.3522118595
108 0 5 0.0 5.0 0.0
109 1 14 1.0 27.799106543625292 27.799106543625292
110 1 14 1.0 27.799106543625292 27.799106543625292
111 0 100 0.0 0.0 0.0
112 3 35 57.02181064673912 282.5239294230334 16110.026006732896
113 1 10 1.0 18.1937008646705 18.1937008646705
114 1 109 1.0 15.931997307697284 15.931997307697284
115 1 106 1.0 9.55892689827884 9.55892689827884
116 1 17 1.0 35.503281577765854 35.503281577765854
117 1 104 1.0 5.735193251789799 5.735193251789799
118 0 100 0.0 0.0 0.0
119 4 49 151.22372397683895 776.5950928818146 117439.60196772714
120 5 46 312.35291035940236 1050.58572833688 328153.50982807693
121 0 100 0.0 0.0 0.0
122 6 83 552.5626438069447 4688.828251009056 2590871.3347342564
123 7 121 880.1589317377488 14641.0 12886406.919572381
124 2 18 13.494214179327372 64.62733255388774 872.0950673207774
125 2 24 13.494214179327372 97.86086952638261 1320.555533164218
126 1 22 1.0 49.12998068819353 49.12998068819353
127 0 100 0.0 0.0 0.0
128 1 8 1.0 13.734791927877684 13.734791927877684
129 2 16 13.494214179327372 54.53075711894446 735.8497159239173
130 5 26 312.35291035940236 372.54368744490466 116365.10500943952
131 0 100 0.0 0.0 0.0
132 0 100 0.0 0.0 0.0
133 2 10 13.494214179327372 27.685321443873434 373.59165718715303
134 5 52 312.35291035940236 1312.7590262571498 410044.10245199583
135 0 6 0.0 6.0 0.0
136 0 100 0.0 0.0 0.0
137 1 29 1.0 69.58346013935528 69.58346013935528
138 2 19 13.494214179327372 69.8685662777562 942.821397754572
139 1 14 1.0 27.799106543625292 27.799106543625292
140 1 10 1.0 18.1937008646705 18.1937008646705
141 2 10 13.494214179327372 27.685321443873434 373.59165718715303
142 2 35 13.494214179327372 168.62869283493262 2275.511697894588
143 1 11 1.0 20.51504931294799 20.51504931294799
144 1 21 1.0 46.33316012586883 46.33316012586883
145 5 52 312.35291035940236 1312.7590262571498 410044.10245199583
146 1 17 1.0 35.503281577765854 35.503281577765854
147 0 5 0.0 5.0 0.0
148 2 43 13.494214179327372 226.91812071099523 3062.081722044632
149 1 19 1.0 40.84402933782601 40.84402933782601
150 3 119 57.02181064673912 107.12598084817145 6108.517395270634
151 2 27 13.494214179327372 115.98017876588344 1565.0613728235076
152 7 78 880.1589317377488 6084.0 5354886.940692464
153 5 62 312.35291035940236 1807.1402103142602 564465.5041191616
154 3 78 57.02181064673912 1008.1216991286578 57484.92463658323
155 4 34 151.22372397683895 415.7115691523703 62865.45158747665
156 4 62 151.22372397683895 1161.3060165688764 175617.02050225413
157 4 57 151.22372397683895 1005.7817905983286 152098.06788237247
158 7 93 880.1589317377488 8649.0 7612494.60059979
159 1 19 1.0 40.84402933782601 40.84402933782601
160 2 16 13.494214179327372 54.53075711894446 735.8497159239173
161 3 38 57.02181064673912 321.92161897300775 18356.553600170548
162 3 24 57.02181064673912 155.22039240905832 8850.947824461866
163 2 37 13.494214179327372 182.69988024795316 2465.3913146033424
164 1 26 1.0 60.63937356224698 60.63937356224698
165 3 22 57.02181064673912 135.19579244279535 7709.10887690892
166 7 107 880.1589317377488 11449.0 10076939.609465487
167 0 100 0.0 0.0 0.0
168 4 56 151.22372397683895 975.7969952136767 147563.65546162188
169 4 57 151.22372397683895 1005.7817905983286 152098.06788237247
170 4 64 151.22372397683895 1226.095534977771 185414.73275071313
171 0 100 0.0 0.0 0.0
172 5 45 312.35291035940236 1009.4539298642129 315305.87286682293
173 0 100 0.0 0.0 0.0
174 0 100 0.0 0.0 0.0
175 2 27 13.494214179327372 115.98017876588344 1565.0613728235076
176 6 51 552.5626438069447 1846.9886924473915 1020576.9549802626
177 2 40 13.494214179327372 204.4421003683832 2758.785489642506
178 0 8 0.0 8.0 0.0
179 0 100 0.0 0.0 0.0
180 0 100 0.0 0.0 0.0
181 3 117 57.02181064673912 89.78750677036001 5119.846209502275
182 1 22 1.0 49.12998068819353 49.12998068819353
183 2 16 13.494214179327372 54.53075711894446 735.8497159239173
184 2 23 13.494214179327372 92.0346545141889 1241.9353399348638
185 1 9 1.0 15.931997307697284 15.931997307697284
186 5 34 312.35291035940236 606.571327772905 189464.31957043384
187 1 101 1.0 1.0 1.0
188 0 5 0.0 5.0 0.0
189 2 17 13.494214179327372 59.51335422080222 803.0859483856818
190 0 100 0.0 0.0 0.0
191 6 68 552.5626438069447 3202.3105181925803 1769477.1662232792
192 0 8 0.0 8.0 0.0
193 1 18 1.0 38.15436697768484 38.15436697768484
194 1 108 1.0 13.734791927877684 13.734791927877684
195 5 133 312.35291035940236 574.5435462484656 179460.34879892014
196 2 25 13.494214179327372 103.79546451213633 1400.6382289695412
197 4 51 151.22372397683895 831.5797944458234 125754.59329999167
198 3 40 57.02181064673912 349.23013798641597 19913.734800395985
199 2 25 13.494214179327372 103.79546451213633 1400.6382289695412
