0 1 12 1.0 22.891970023971037 22.891970023971037
1 1 27 1.0 63.59241768810072 63.59241768810072
2 0 5 0.0 5.0 0.0
3 0 100 0.0 0.0 0.0
4 3 29 57.02181064673912 209.61005902119368 11952.345095158316
5 0 100 0.0 0.0 0.0
6 1 9 1.0 15.931997307697284 15.931997307697284
7 2 26 13.494214179327372 109.8359986590007 1482.1504905048694
8 0 6 0.0 6.0 0.0
9 0 100 0.0 0.0 0.0
10 0 5 0.0 5.0 0.0
11 1 10 1.0 18.1937008646705 18.1937008646705
12 0 100 0.0 0.0 0.0
13 1 108 1.0 13.734791927877684 13.734791927877684
14 0 100 0.0 0.0 0.0
15 0 100 0.0 0.0 0.0
16 5 60 312.35291035940236 1702.6102917613564 531815.2798395308
17 0 5 0.0 5.0 0.0
18 0 8 0.0 8.0 0.0
19 3 77 57.02181064673912 987.6825062906825 56319.444852804016
20 0 100 0.0 0.0 0.0
21 3 36 57.02181064673912 295.444715883087 16846.792645665024
22 0 100 0.0 0.0 0.0
23 0 6 0.0 6.0 0.0
24 0 5 0.0 5.0 0.0
25 1 102 1.0 2.3948263510722025 2.3948263510722025
26 1 7 1.0 11.607984241186918 11.607984241186918
27 0 100 0.0 0.0 0.0
28 0 8 0.0 8.0 0.0
29 1 17 1.0 35.503281577765854 35.503281577765854
30 0 100 0.0 0.0 0.0
31 2 24 13.494214179327372 97.86086952638261 1320.555533164218
32 1 16 1.0 32.892441635375256 32.892441635375256
33 0 9 0.0 9.0 0.0
34 0 100 0.0 0.0 0.0
35 0 100 0.0 0.0 0.0
36 0 100 0.0 0.0 0.0
37 1 7 1.0 11.607984241186918 11.607984241186918
38 0 100 0.0 0.0 0.0
39 2 16 13.494214179327372 54.53075711894446 735.8497159239173
40 0 100 0.0 0.0 0.0
41 4 77 151.22372397683895 1682.1075637745857 254374.56992360097
42 2 27 13.494214179327372 115.98017876588344 1565.0613728235076
43 1 100 1.0 0.0 0.0
44 7 59 880.1589317377488 3481.0 3063833.2413791036
45 0 100 0.0 0.0 0.0
46 3 166 57.02181064673912 773.2963448216119 44094.75774823344
47 0 100 0.0 0.0 0.0
48 0 5 0.0 5.0 0.0
49 0 100 0.0 0.0 0.0
50 0 100 0.0 0.0 0.0
51 1 12 1.0 22.891970023971037 22.891970023971037
52 1 22 1.0 49.12998068819353 49.12998068819353
53 3 31 57.02181064673912 233.0178128969552 13287.097604327464
54 1 105 1.0 7.59708563275366 7.59708563275366
55 0 100 0.0 0.0 0.0
56 3 34 57.02181064673912 269.81820202916316 15385.522425150542
57 2 40 13.494214179327372 204.4421003683832 2758.785489642506
58 0 8 0.0 8.0 0.0
59 2 19 13.494214179327372 69.8685662777562 942.821397754572
60 1 102 1.0 2.3948263510722025 2.3948263510722025
61 2 7 13.494214179327372 16.551687764173284 223.3520197191065
62 1 25 1.0 57.71571011139208 57.71571011139208
63 0 100 0.0 0.0 0.0
64 2 30 13.494214179327372 135.01359299654277 1821.9023410158823
65 0 5 0.0 5.0 0.0
66 0 100 0.0 0.0 0.0
67 0 10 0.0 10.0 0.0
68 3 43 57.02181064673912 391.71440685113555 22336.26473506518
69 0 5 0.0 5.0 0.0
70 0 100 0.0 0.0 0.0
71 0 6 0.0 6.0 0.0
72 2 9 13.494214179327372 23.78240930402918 320.92492484899776
73 0 100 0.0 0.0 0.0
74 0 5 0.0 5.0 0.0
75 0 100 0.0 0.0 0.0
76 0 100 0.0 0.0 0.0
77 1 10 1.0 18.1937008646705 18.1937008646705
78 0 100 0.0 0.0 0.0
79 3 48 57.02181064673912 466.4489382157433 26597.763031310627
80 0 6 0.0 6.0 0.0
81 0 6 0.0 6.0 0.0
82 2 43 13.494214179327372 226.91812071099523 3062.081722044632
83 6 88 552.5626438069447 5243.986173197856 2897630.86394927
84 0 7 0.0 7.0 0.0
85 0 100 0.0 0.0 0.0
86 0 100 0.0 0.0 0.0
87 0 6 0.0 6.0 0.0
88 0 5 0.0 5.0 0.0
89 0 6 0.0 6.0 0.0
90 1 9 1.0 15.931997307697284 15.931997307697284
91 0 5 0.0 5.0 0.0
92 0 5 0.0 5.0 0.0
93 0 100 0.0 0.0 0.0
94 1 11 1.0 20.51504931294799 20.51504931294799
95 0 8 0.0 8.0 0.0
96 0 6 0.0 6.0 0.0
97 1 10 1.0 18.1937008646705 18.1937008646705
98 0 100 0.0 0.0 0.0
99 1 18 1.0 38.15436697768484 38.15436697768484
100 0 100 0.0 0.0 0.0
101 0 5 0.0 5.0 0.0
102 0 5 0.0 5.0 0.0
103 0 5 0.0 5.0 0.0
104 0 5 0.0 5.0 0.0
105 2 16 13.494214179327372 54.53075711894446 735.8497159239173
106 0 100 0.0 0.0 0.0
107 1 104 1.0 5.735193251789799 5.735193251789799
108 2 32 13.494214179327372 148.1842032776824 1999.6293770220316
109 1 6 1.0 9.55892689827884 9.55892689827884
110 1 103 1.0 3.9914906122521803 3.9914906122521803
111 0 6 0.0 6.0 0.0
112 0 100 0.0 0.0 0.0
113 0 5 0.0 5.0 0.0
114 1 10 1.0 18.1937008646705 18.1937008646705
115 0 100 0.0 0.0 0.0
116 0 5 0.0 5.0 0.0
117 1 105 1.0 7.59708563275366 7.59708563275366
118 6 108 552.5626438069447 7758.892052145152 4287273.9053460155
119 1 110 1.0 18.1937008646705 18.1937008646705
120 2 14 13.494214179327372 44.97826169706515 606.9462967540338
121 4 43 151.22372397683895 621.143248020611 93931.59508874611
122 1 9 1.0 15.931997307697284 15.931997307697284
123 0 5 0.0 5.0 0.0
124 0 5 0.0 5.0 0.0
125 0 100 0.0 0.0 0.0
126 1 9 1.0 15.931997307697284 15.931997307697284
127 2 118 13.494214179327372 64.62733255388774 872.0950673207774
128 2 33 13.494214179327372 154.90879557685506 2090.372465775723
129 3 130 57.02181064673912 221.1993434691573 12613.187078481296
130 1 18 1.0 38.15436697768484 38.15436697768484
131 0 100 0.0 0.0 0.0
132 2 26 13.494214179327372 109.8359986590007 1482.1504905048694
133 1 18 1.0 38.15436697768484 38.15436697768484
134 0 100 0.0 0.0 0.0
135 0 10 0.0 10.0 0.0
136 0 6 0.0 6.0 0.0
137 3 24 57.02181064673912 155.22039240905832 8850.947824461866
138 2 26 13.494214179327372 109.8359986590007 1482.1504905048694
139 1 19 1.0 40.84402933782601 40.84402933782601
140 2 13 13.494214179327372 40.41888428935346 545.4210814899858
141 1 16 1.0 32.892441635375256 32.892441635375256
142 3 114 57.02181064673912 65.97278979840442 3761.8879277217393
143 2 27 13.494214179327372 115.98017876588344 1565.0613728235076
144 0 100 0.0 0.0 0.0
145 4 158 151.22372397683895 1036.142416344768 156689.31477001615
146 0 100 0.0 0.0 0.0
147 3 28 57.02181064673912 198.25318874016915 11304.755788454157
148 0 100 0.0 0.0 0.0
149 1 10 1.0 18.1937008646705 18.1937008646705
150 0 5 0.0 5.0 0.0
151 1 20 1.0 43.57075425423803 43.57075425423803
152 1 105 1.0 7.59708563275366 7.59708563275366
153 1 15 1.0 30.323695983612147 30.323695983612147
154 1 108 1.0 13.734791927877684 13.734791927877684
155 1 103 1.0 3.9914906122521803 3.9914906122521803
156 0 100 0.0 0.0 0.0
157 0 100 0.0 0.0 0.0
158 1 10 1.0 18.1937008646705 18.1937008646705
159 0 100 0.0 0.0 0.0
160 2 35 13.494214179327372 168.62869283493262 2275.511697894588
161 1 19 1.0 40.84402933782601 40.84402933782601
162 1 16 1.0 32.892441635375256 32.892441635375256
163 0 100 0.0 0.0 0.0
164 1 106 1.0 9.55892689827884 9.55892689827884
165 2 23 13.494214179327372 92.0346545141889 1241.9353399348638
166 1 24 1.0 54.8222930413608 54.8222930413608
167 2 11 13.494214179327372 31.76494829034237 428.6430156251388
168 1 11 1.0 20.51504931294799 20.51504931294799
169 1 34 1.0 85.02419427196995 85.02419427196995
170 0 100 0.0 0.0 0.0
171 1 48 1.0 131.28987200165307 131.28987200165307
172 3 32 57.02181064673912 245.06238675558936 13973.901014215166
173 0 100 0.0 0.0 0.0
174 1 110 1.0 18.1937008646705 18.1937008646705
175 0 100 0.0 0.0 0.0
176 3 50 57.02181064673912 497.6760852315066 28378.391495481366
177 2 19 13.494214179327372 69.8685662777562 942.821397754572
178 2 29 13.494214179327372 128.5709592386038 1734.9640612072888
179 1 17 1.0 35.503281577765854 35.503281577765854
180 3 35 57.02181064673912 282.5239294230334 16110.026006732896
181 2 25 13.494214179327372 103.79546451213633 1400.6382289695412
182 0 100 0.0 0.0 0.0
183 1 11 1.0 20.51504931294799 20.51504931294799
184 5 62 312.35291035940236 1807.1402103142602 564465.5041191616
185 2 36 13.494214179327372 175.6210676402407 2369.868301139548
186 2 50 13.494214179327372 282.0582186126376 3806.1540129984737
187 5 81 312.35291035940236 2937.2940727723303 917472.3522118595
188 1 30 1.0 72.61998620345668 72.61998620345668
189 5 145 312.35291035940236 1009.4539298642129 315305.87286682293
190 2 26 13.494214179327372 109.8359986590007 1482.1504905048694
191 1 27 1.0 63.59241768810072 63.59241768810072
192 2 24 13.494214179327372 97.86086952638261 1320.555533164218
193 6 67 552.5626438069447 3112.8302065571443 1720033.6886573334
194 2 31 13.494214179327372 141.5519192260369 1910.1319155309898
195 2 15 13.494214179327372 49.68406405407534 670.4474016451129
196 5 85 312.35291035940236 3206.1723328082135 1001457.2592664398
197 3 36 57.02181064673912 295.444715883087 16846.792645665024
198 0 100 0.0 0.0 0.0
199 1 26 1.0 60.63937356224698 60.63937356224698
