0 0 5 0.0 5.0 0.0
1 1 110 1.0 18.1937008646705 18.1937008646705
2 1 108 1.0 13.734791927877684 13.734791927877684
3 0 100 0.0 0.0 0.0
4 0 100 0.0 0.0 0.0
5 1 8 1.0 13.734791927877684 13.734791927877684
6 0 100 0.0 0.0 0.0
7 1 6 1.0 9.55892689827884 9.55892689827884
8 0 100 0.0 0.0 0.0
9 0 10 0.0 10.0 0.0
10 1 15 1.0 30.323695983612147 30.323695983612147
11 1 11 1.0 20.51504931294799 20.51504931294799
12 5 52 312.35291035940236 1312.7590262571498 410044.10245199583
13 0 5 0.0 5.0 0.0
14 0 100 0.0 0.0 0.0
15 2 40 13.494214179327372 204.4421003683832 2758.785489642506
16 2 20 13.494214179327372 75.23327232919837 1015.2138902218663
17 0 6 0.0 6.0 0.0
18 0 100 0.0 0.0 0.0
19 0 100 0.0 0.0 0.0
20 1 104 1.0 5.735193251789799 5.735193251789799
21 0 5 0.0 5.0 0.0
22 1 9 1.0 15.931997307697284 15.931997307697284
23 0 100 0.0 0.0 0.0
24 0 5 0.0 5.0 0.0
25 0 100 0.0 0.0 0.0
26 0 100 0.0 0.0 0.0
27 3 54 57.02181064673912 562.3460860297637 32065.99203552405
28 0 100 0.0 0.0 0.0
29 0 100 0.0 0.0 0.0
30 0 5 0.0 5.0 0.0
31 0 8 0.0 8.0 0.0
32 0 100 0.0 0.0 0.0
33 0 100 0.0 0.0 0.0
34 2 19 13.494214179327372 69.8685662777562 942.821397754572
35 1 9 1.0 15.931997307697284 15.931997307697284
36 3 34 57.02181064673912 269.81820202916316 15385.522425150542
37 1 8 1.0 13.734791927877684 13.734791927877684
38 1 105 1.0 7.59708563275366 7.59708563275366
39 0 100 0.0 0.0 0.0
40 0 6 0.0 6.0 0.0
41 0 100 0.0 0.0 0.0
42 2 20 13.494214179327372 75.23327232919837 1015.2138902218663
43 0 100 0.0 0.0 0.0
44 0 100 0.0 0.0 0.0
45 0 100 0.0 0.0 0.0
46 1 13 1.0 25.320989780782124 25.320989780782124
47 2 10 13.494214179327372 27.685321443873434 373.59165718715303
48 1 9 1.0 15.931997307697284 15.931997307697284
49 0 6 0.0 6.0 0.0
50 3 36 57.02181064673912 295.444715883087 16846.792645665024
51 0 5 0.0 5.0 0.0
52 0 100 0.0 0.0 0.0
53 1 104 1.0 5.735193251789799 5.735193251789799
54 1 9 1.0 15.931997307697284 15.931997307697284
55 1 17 1.0 35.503281577765854 35.503281577765854
56 0 6 0.0 6.0 0.0
57 1 11 1.0 20.51504931294799 20.51504931294799
58 4 37 151.22372397683895 480.38255499420245 72645.23889973194
59 0 11 0.0 11.0 0.0
60 0 5 0.0 5.0 0.0
61 1 105 1.0 7.59708563275366 7.59708563275366
62 1 107 1.0 11.607984241186918 11.607984241186918
63 0 5 0.0 5.0 0.0
64 0 6 0.0 6.0 0.0
65 0 11 0.0 11.0 0.0
66 0 6 0.0 6.0 0.0
67 2 11 13.494214179327372 31.76494829034237 428.6430156251388
68 0 100 0.0 0.0 0.0
69 1 10 1.0 18.1937008646705 18.1937008646705
70 4 55 151.22372397683895 946.1899645328139 143086.37002616527
71 0 100 0.0 0.0 0.0
72 2 17 13.494214179327372 59.51335422080222 803.0859483856818
73 0 5 0.0 5.0 0.0
74 0 7 0.0 7.0 0.0
75 0 5 0.0 5.0 0.0
76 0 5 0.0 5.0 0.0
77 2 10 13.494214179327372 27.685321443873434 373.59165718715303
78 0 5 0.0 5.0 0.0
79 0 100 0.0 0.0 0.0
80 0 100 0.0 0.0 0.0
81 2 29 13.494214179327372 128.5709592386038 1734.9640612072888
82 0 8 0.0 8.0 0.0
83 0 5 0.0 5.0 0.0
84 2 75 13.494214179327372 506.1815384350477 6830.522093263964
85 0 100 0.0 0.0 0.0
86 0 15 0.0 15.0 0.0
87 1 18 1.0 38.15436697768484 38.15436697768484
88 0 100 0.0 0.0 0.0
89 0 100 0.0 0.0 0.0
90 1 106 1.0 9.55892689827884 9.55892689827884
91 0 5 0.0 5.0 0.0
92 0 100 0.0 0.0 0.0
93 0 100 0.0 0.0 0.0
94 0 5 0.0 5.0 0.0
95 0 6 0.0 6.0 0.0
96 0 5 0.0 5.0 0.0
97 0 6 0.0 6.0 0.0
98 0 6 0.0 6.0 0.0
99 1 19 1.0 40.84402933782601 40.84402933782601
100 1 19 1.0 40.84402933782601 40.84402933782601
101 0 100 0.0 0.0 0.0
102 1 101 1.0 1.0 1.0
103 1 105 1.0 7.59708563275366 7.59708563275366
104 1 105 1.0 7.59708563275366 7.59708563275366
105 5 75 312.35291035940236 2553.9502583266267 797733.7961014693
106 3 53 57.02181064673912 545.90532331836 31128.509977306425
107 0 100 0.0 0.0 0.0
108 1 109 1.0 15.931997307697284 15.931997307697284
109 1 18 1.0 38.15436697768484 38.15436697768484
110 1 13 1.0 25.320989780782124 25.320989780782124
111 0 6 0.0 6.0 0.0
112 0 100 0.0 0.0 0.0
113 6 84 552.5626438069447 4797.4874870676995 2650912.3694848637
114 1 13 1.0 25.320989780782124 25.320989780782124
115 1 29 1.0 69.58346013935528 69.58346013935528
116 1 47 1.0 127.85310766976465 127.85310766976465
117 0 11 0.0 11.0 0.0
118 2 22 13.494214179327372 86.31942417916456 1164.8127977098563
119 1 102 1.0 2.3948263510722025 2.3948263510722025
120 1 23 1.0 51.960050539976365 51.960050539976365
121 1 14 1.0 27.799106543625292 27.799106543625292
122 1 105 1.0 7.59708563275366 7.59708563275366
123 3 38 57.02181064673912 321.92161897300775 18356.553600170548
124 0 100 0.0 0.0 0.0
125 5 60 312.35291035940236 1702.6102917613564 531815.2798395308
126 2 25 13.494214179327372 103.79546451213633 1400.6382289695412
127 3 42 57.02181064673912 377.3528472077043 21517.342600485594
128 0 100 0.0 0.0 0.0
129 0 100 0.0 0.0 0.0
130 0 5 0.0 5.0 0.0
131 1 13 1.0 25.320989780782124 25.320989780782124
132 2 20 13.494214179327372 75.23327232919837 1015.2138902218663
133 1 15 1.0 30.323695983612147 30.323695983612147
134 0 100 0.0 0.0 0.0
135 1 20 1.0 43.57075425423803 43.57075425423803
136 1 20 1.0 43.57075425423803 43.57075425423803
137 2 35 13.494214179327372 168.62869283493262 2275.511697894588
138 0 100 0.0 0.0 0.0
139 0 7 0.0 7.0 0.0
140 1 13 1.0 25.320989780782124 25.320989780782124
141 1 5 1.0 7.59708563275366 7.59708563275366
142 2 31 13.494214179327372 141.5519192260369 1910.1319155309898
143 3 50 57.02181064673912 497.6760852315066 28378.391495481366
144 4 44 151.22372397683895 646.0476428878335 97697.73042395715
145 1 11 1.0 20.51504931294799 20.51504931294799
146 0 8 0.0 8.0 0.0
147 4 54 151.22372397683895 916.9626779842689 138666.51091255614
148 0 100 0.0 0.0 0.0
149 3 23 57.02181064673912 145.08021796711313 8272.736717508364
150 0 100 0.0 0.0 0.0
151 1 9 1.0 15.931997307697284 15.931997307697284
152 1 23 1.0 51.960050539976365 51.960050539976365
153 1 6 1.0 9.55892689827884 9.55892689827884
154 0 100 0.0 0.0 0.0
155 2 45 13.494214179327372 242.29532664846576 3269.585032444484
156 0 100 0.0 0.0 0.0
157 4 58 151.22372397683895 1036.142416344768 156689.31477001615
158 1 12 1.0 22.891970023971037 22.891970023971037
159 1 14 1.0 27.799106543625292 27.799106543625292
160 0 100 0.0 0.0 0.0
161 3 43 57.02181064673912 391.71440685113555 22336.26473506518
162 3 40 57.02181064673912 349.23013798641597 19913.734800395985
163 2 46 13.494214179327372 250.0988923255542 3374.8880190535633
164 1 105 1.0 7.59708563275366 7.59708563275366
165 2 37 13.494214179327372 182.69988024795316 2465.3913146033424
166 1 20 1.0 43.57075425423803 43.57075425423803
167 6 92 552.5626438069447 5709.4065807799225 3154804.7948445226
168 0 100 0.0 0.0 0.0
169 0 100 0.0 0.0 0.0
170 1 14 1.0 27.799106543625292 27.799106543625292
171 2 35 13.494214179327372 168.62869283493262 2275.511697894588
172 5 64 312.35291035940236 1914.4623288244568 597987.8801817582
173 3 128 57.02181064673912 198.25318874016915 11304.755788454157
174 2 16 13.494214179327372 54.53075711894446 735.8497159239173
175 0 100 0.0 0.0 0.0
176 1 16 1.0 32.892441635375256 32.892441635375256
177 8 71 1300.1508247099457 7092.062323978532 9220750.679415023
178 1 109 1.0 15.931997307697284 15.931997307697284
179 5 61 312.35291035940236 1754.5251914699081 548031.0498545135
180 0 100 0.0 0.0 0.0
181 3 33 57.02181064673912 257.33012181535685 14673.42947985759
182 2 42 13.494214179327372 219.34644070399202 2959.9078503327996
183 1 15 1.0 30.323695983612147 30.323695983612147
184 2 35 13.494214179327372 168.62869283493262 2275.511697894588
185 2 12 13.494214179327372 36.01211998010309 485.95526006314566
186 2 18 13.494214179327372 64.62733255388774 872.0950673207774
187 5 55 312.35291035940236 1453.6132803589628 454040.3386571999
188 6 81 552.5626438069447 4475.076918624486 2472760.3333945815
189 2 11 13.494214179327372 31.76494829034237 428.6430156251388
190 0 100 0.0 0.0 0.0
191 5 33 312.35291035940236 574.5435462484656 179460.34879892014
192 2 14 13.494214179327372 44.97826169706515 606.9462967540338
193 3 37 57.02181064673912 308.57807572808247 17595.680603901845
194 2 11 13.494214179327372 31.76494829034237 428.6430156251388
195 1 22 1.0 49.12998068819353 49.12998068819353
196 3 36 57.02181064673912 295.444715883087 16846.792645665024
197 6 183 552.5626438069447 4688.828251009056 2590871.3347342564
198 2 18 13.494214179327372 64.62733255388774 872.0950673207774
199 2 15 13.494214179327372 49.68406405407534 670.4474016451129
