0 0 5 0.0 5.0 0.0
1 8 139 1300.1508247099457 28684.707028409903 37294445.49955031
2 0 5 0.0 5.0 0.0
3 2 53 13.494214179327372 306.7864203576611 4139.841663615438
4 2 120 13.494214179327372 75.23327232919837 1015.2138902218663
5 0 5 0.0 5.0 0.0
6 1 14 1.0 27.799106543625292 27.799106543625292
7 5 99 312.35291035940236 4229.702363015084 1321159.843041803
8 0 100 0.0 0.0 0.0
9 7 152 880.1589317377488 2704.0 2379949.7514188727
10 1 107 1.0 11.607984241186918 11.607984241186918
11 0 100 0.0 0.0 0.0
12 13 150 4801.088521889328 175666.7288200174 843391515.4156307
13 1 104 1.0 5.735193251789799 5.735193251789799
14 4 76 151.22372397683895 1644.92462809159 248751.62792122707
15 0 100 0.0 0.0 0.0
16 2 25 13.494214179327372 103.79546451213633 1400.6382289695412
17 2 27 13.494214179327372 115.98017876588344 1565.0613728235076
18 0 100 0.0 0.0 0.0
19 0 100 0.0 0.0 0.0
20 10 293 2424.408141701412 121069.27760859807 293521342.34419364
21 12 227 3920.792982031498 346581.45704656374 1358874144.4904182
22 2 109 13.494214179327372 23.78240930402918 320.92492484899776
23 0 100 0.0 0.0 0.0
24 1 7 1.0 11.607984241186918 11.607984241186918
25 1 6 1.0 9.55892689827884 9.55892689827884
26 0 100 0.0 0.0 0.0
27 12 278 3920.792982031498 195654.84795872527 767122154.7770098
28 0 100 0.0 0.0 0.0
29 0 100 0.0 0.0 0.0
30 0 100 0.0 0.0 0.0
31 1 14 1.0 27.799106543625292 27.799106543625292
32 0 100 0.0 0.0 0.0
33 0 5 0.0 5.0 0.0
34 0 100 0.0 0.0 0.0
35 0 18 0.0 18.0 0.0
36 1 19 1.0 40.84402933782601 40.84402933782601
37 6 77 552.5626438069447 4061.8785529685815 2244442.352051046
38 2 138 13.494214179327372 189.8638195218893 2562.0630455335317
39 2 15 13.494214179327372 49.68406405407534 670.4474016451129
40 1 15 1.0 30.323695983612147 30.323695983612147
41 0 100 0.0 0.0 0.0
42 0 5 0.0 5.0 0.0
43 0 6 0.0 6.0 0.0
44 27 324 23417.05273547914 42023603.61808717 984068942059.6194
45 0 10 0.0 10.0 0.0
46 14 213 5763.781188419757 552430.8096260881 3184090308.426343
47 0 100 0.0 0.0 0.0
48 0 100 0.0 0.0 0.0
49 0 100 0.0 0.0 0.0
50 0 10 0.0 10.0 0.0
51 0 100 0.0 0.0 0.0
52 0 100 0.0 0.0 0.0
53 2 37 13.494214179327372 182.69988024795316 2465.3913146033424
54 0 100 0.0 0.0 0.0
55 11 216 3127.3197986346404 221087.86970014448 691412472.1512175
56 0 10 0.0 10.0 0.0
57 0 100 0.0 0.0 0.0
58 0 5 0.0 5.0 0.0
59 2 32 13.494214179327372 148.1842032776824 1999.6293770220316
60 0 100 0.0 0.0 0.0
61 0 100 0.0 0.0 0.0
62 0 100 0.0 0.0 0.0
63 0 100 0.0 0.0 0.0
64 8 206 1300.1508247099457 16323.225002619285 21222654.44908147
65 0 9 0.0 9.0 0.0
66 3 79 57.02181064673912 1028.715399126087 58659.21469835239
67 0 100 0.0 0.0 0.0
68 0 100 0.0 0.0 0.0
69 1 13 1.0 25.320989780782124 25.320989780782124
70 14 228 5763.781188419757 653382.3373284853 3765952824.739656
71 3 148 57.02181064673912 466.4489382157433 26597.763031310627
72 0 100 0.0 0.0 0.0
73 8 193 1300.1508247099457 12433.962042190109 16166026.003565632
74 1 19 1.0 40.84402933782601 40.84402933782601
75 0 100 0.0 0.0 0.0
76 1 8 1.0 13.734791927877684 13.734791927877684
77 0 100 0.0 0.0 0.0
78 3 31 57.02181064673912 233.0178128969552 13287.097604327464
79 0 5 0.0 5.0 0.0
80 0 100 0.0 0.0 0.0
81 2 11 13.494214179327372 31.76494829034237 428.6430156251388
82 0 5 0.0 5.0 0.0
83 1 9 1.0 15.931997307697284 15.931997307697284
84 4 119 151.22372397683895 153.68727113727346 23241.161469216648
85 0 10 0.0 10.0 0.0
86 1 10 1.0 18.1937008646705 18.1937008646705
87 0 100 0.0 0.0 0.0
88 0 100 0.0 0.0 0.0
89 0 10 0.0 10.0 0.0
90 7 249 880.1589317377488 22201.0 19540408.44350976
91 2 111 13.494214179327372 31.76494829034237 428.6430156251388
92 1 19 1.0 40.84402933782601 40.84402933782601
93 8 125 1300.1508247099457 23001.09948770076 29904898.468169656
94 0 100 0.0 0.0 0.0
95 2 17 13.494214179327372 59.51335422080222 803.0859483856818
96 0 10 0.0 10.0 0.0
97 0 100 0.0 0.0 0.0
98 3 119 57.02181064673912 107.12598084817145 6108.517395270634
99 2 58 13.494214179327372 349.384203814786 4714.66527715049
100 20 364 12981.212045421978 11638165.412810624 151077493043.39072
101 10 166 2424.408141701412 86591.68420024101 209933584.17870185
102 21 323 14374.256054893494 10737029.74267018 154336814790.14838
103 22 497 15807.685316481819 46567068.589626804 736117566375.8453
104 0 100 0.0 0.0 0.0
105 0 100 0.0 0.0 0.0
106 8 130 1300.1508247099457 24956.252438948613 32446892.190168634
107 10 151 2424.408141701412 70145.74766118835 170061921.73551783
108 14 391 5763.781188419757 1192566.592649721 6873692892.652309
109 8 137 1300.1508247099457 27832.86327038359 36186920.135028385
110 11 215 3127.3197986346404 218751.50513045487 684105912.9755986
111 10 267 2424.408141701412 87756.07261047284 212756536.92057064
112 5 140 312.35291035940236 814.9598274436516 254555.07392802092
113 17 249 9095.850952291546 1904665.949099036 17324557586.909748
114 6 119 552.5626438069447 9340.680210924138 5161310.9523034515
115 11 273 3127.3197986346404 132998.42546222862 415928609.13526106
116 8 146 1300.1508247099457 31771.327600928158 41307517.782476604
117 6 120 552.5626438069447 9491.407950004868 5244597.470304944
118 15 215 6803.971395961631 754009.1679551424 5130256811.059619
119 10 161 2424.408141701412 80897.81870740736 196129330.32012323
120 0 100 0.0 0.0 0.0
121 9 173 1814.8473014962385 66332.16348879764 120382747.91005172
122 17 295 9095.850952291546 2970057.0644257143 27015196377.816868
123 7 111 880.1589317377488 12321.0 10844438.197940804
124 15 227 6803.971395961631 864595.8430902208 5882685385.453193
125 13 246 4801.088521889328 578753.6627263078 2778647567.1166835
126 16 389 7916.453847805617 4565514.544050261 36142685179.4592
127 6 243 552.5626438069447 13274.235413461822 7334846.614578236
128 12 273 3920.792982031498 534852.1389097257 2097044512.6617885
129 8 153 1300.1508247099457 35022.02902356311 45533919.918001235
130 15 224 6803.971395961631 836091.6795815025 5688743872.27406
131 5 232 312.35291035940236 7134.089591711757 2228353.646735888
132 4 135 151.22372397683895 436.83679879622173 66060.08748408577
133 4 73 151.22372397683895 1535.4556318691968 232197.31865247028
134 19 280 11633.622691025432 4391459.388953295 51088581594.043724
135 2 26 13.494214179327372 109.8359986590007 1482.1504905048694
136 16 365 7916.453847805617 1701560.9309244899 13470328578.892887
137 5 176 312.35291035940236 2616.164871066153 817166.7114575435
138 1 106 1.0 9.55892689827884 9.55892689827884
139 0 100 0.0 0.0 0.0
140 7 232 880.1589317377488 17424.0 15335889.226598537
141 23 507 17276.616480405057 63473600.49410685 1096609052367.1329
142 8 291 1300.1508247099457 55557.2329062685 72232782.18168753
143 13 334 4801.088521889328 513035.32671345456 2463128018.407708
144 9 219 1814.8473014962385 110238.67663619728 200066364.81371906
145 14 245 5763.781188419757 780171.793783506 4496739508.74507
146 19 243 11633.622691025432 2989039.782586669 34773361039.077995
147 24 453 18776.370315488246 58408796.40964918 1096705191069.5333
148 0 100 0.0 0.0 0.0
149 8 196 1300.1508247099457 13282.821141836259 17269670.862033114
150 8 235 1300.1508247099457 26994.34596231654 35096721.16541144
151 9 288 1814.8473014962385 79345.91287443922 144000715.86493167
152 18 351 10336.717591947081 6193008.927729825 64015384330.350204
153 19 327 11633.622691025432 6691642.296580273 77848041661.72179
154 6 104 552.5626438069447 7218.483555423629 3988664.3576618345
155 0 100 0.0 0.0 0.0
156 12 298 3920.792982031498 251320.85466166472 985377043.1956131
157 0 100 0.0 0.0 0.0
158 7 190 880.1589317377488 8100.0 7129287.347075766
159 20 337 12981.212045421978 9408908.442438457 122139035607.25464
160 22 370 15807.685316481819 20119819.520221483 318047775600.0694
161 11 327 3127.3197986346404 247715.2302592055 774684744.0129521
162 15 201 6803.971395961631 636341.7083681207 4329650781.794051
163 1 30 1.0 72.61998620345668 72.61998620345668
164 9 179 1814.8473014962385 71387.91888231963 129558171.94301015
165 0 100 0.0 0.0 0.0
166 13 198 4801.088521889328 342996.6210458748 1646757140.350173
167 11 233 3127.3197986346404 262961.44645937043 822364537.7899921
168 13 198 4801.088521889328 342996.6210458748 1646757140.350173
169 14 231 5763.781188419757 674789.6362210688 3889339811.3916078
170 21 574 14374.256054893494 31451122.741035715 452086491493.5311
171 11 111 3127.3197986346404 48152.70500470695 150588907.7190334
172 20 382 12981.212045421978 13295878.471949195 172596617774.53366
173 14 158 5763.781188419757 264456.7492210006 1524270836.3106444
174 17 256 9095.850952291546 2048208.5007801168 18630199242.312466
175 24 472 18776.370315488246 65864869.390490346 1236703178457.1133
176 16 250 7916.453847805617 1464802.2547620444 11596039445.98533
177 15 218 6803.971395961631 780802.3667996523 5312556969.603976
178 17 277 9095.850952291546 2518302.144471244 22906100958.94661
179 18 326 10336.717591947081 5084801.312382443 52560155177.2592
180 18 327 10336.717591947081 5126528.416085452 52991476464.16709
181 17 305 9095.850952291546 3241211.8990082243 29481580338.17265
182 22 429 15807.685316481819 30644911.332811538 484425114900.5722
183 14 362 5763.781188419757 920542.5000537641 5305805544.950779
184 4 43 151.22372397683895 621.143248020611 93931.59508874611
185 10 143 2424.408141701412 62147.61058651166 150671173.09322774
186 19 299 11633.622691025432 5248140.902351561 61054891087.29581
187 14 253 5763.781188419757 844510.0950808555 4867571399.457616
188 12 166 3920.792982031498 166041.6949118759 651015112.1350981
189 18 255 10336.717591947081 2640072.0856061205 27289679571.293205
190 26 428 21850.715853258855 78402752.0 1713156256065.5225
191 16 325 7916.453847805617 2875805.0629486707 22766178056.11888
192 17 237 9095.850952291546 1673405.8820999332 15221050486.268953
193 13 223 4801.088521889328 456823.8815468923 2193251894.2197146
194 9 200 1814.8473014962385 90660.65355167646 164535242.4501454
195 20 297 12981.212045421978 6639686.135470377 86191173639.58937
196 17 403 9095.850952291546 6727144.84812483 61189106873.01941
197 10 263 2424.408141701412 83149.79614194512 201589042.7473444
198 11 201 3127.3197986346404 187500.599499175 586374337.0696343
199 16 183 7916.453847805617 656748.1177850121 5199116164.078256
