0 2 28 13.494214179327372 122.22584512913716 1649.341732421874
1 0 9 0.0 9.0 0.0
2 0 10 0.0 10.0 0.0
3 1 6 1.0 9.55892689827884 9.55892689827884
4 1 106 1.0 9.55892689827884 9.55892689827884
5 0 100 0.0 0.0 0.0
6 0 6 0.0 6.0 0.0
7 0 5 0.0 5.0 0.0
8 2 35 13.494214179327372 168.62869283493262 2275.511697894588
9 1 107 1.0 11.607984241186918 11.607984241186918
10 0 100 0.0 0.0 0.0
11 0 5 0.0 5.0 0.0
12 1 105 1.0 7.59708563275366 7.59708563275366
13 0 100 0.0 0.0 0.0
14 0 5 0.0 5.0 0.0
15 0 100 0.0 0.0 0.0
16 1 9 1.0 15.931997307697284 15.931997307697284
17 0 5 0.0 5.0 0.0
18 1 19 1.0 40.84402933782601 40.84402933782601
19 0 100 0.0 0.0 0.0
20 1 106 1.0 9.55892689827884 9.55892689827884
21 1 12 1.0 22.891970023971037 22.891970023971037
22 5 128 312.35291035940236 426.24633698085364 133139.28388600418
23 0 100 0.0 0.0 0.0
24 0 100 0.0 0.0 0.0
25 0 6 0.0 6.0 0.0
26 1 18 1.0 38.15436697768484 38.15436697768484
27 0 100 0.0 0.0 0.0
28 0 11 0.0 11.0 0.0
29 1 6 1.0 9.55892689827884 9.55892689827884
30 0 5 0.0 5.0 0.0
31 1 25 1.0 57.71571011139208 57.71571011139208
32 0 100 0.0 0.0 0.0
33 0 100 0.0 0.0 0.0
34 0 100 0.0 0.0 0.0
35 1 11 1.0 20.51504931294799 20.51504931294799
36 0 100 0.0 0.0 0.0
37 1 24 1.0 54.8222930413608 54.8222930413608
38 0 100 0.0 0.0 0.0
39 0 100 0.0 0.0 0.0
40 0 100 0.0 0.0 0.0
41 0 100 0.0 0.0 0.0
42 1 14 1.0 27.799106543625292 27.799106543625292
43 0 100 0.0 0.0 0.0
44 2 64 13.494214179327372 402.6820690045564 5433.878085322169
45 1 24 1.0 54.8222930413608 54.8222930413608
46 3 154 57.02181064673912 562.3460860297637 32065.99203552405
47 0 100 0.0 0.0 0.0
48 1 10 1.0 18.1937008646705 18.1937008646705
49 1 20 1.0 43.57075425423803 43.57075425423803
50 0 6 0.0 6.0 0.0
51 1 25 1.0 57.71571011139208 57.71571011139208
52 1 12 1.0 22.891970023971037 22.891970023971037
53 1 10 1.0 18.1937008646705 18.1937008646705
54 0 100 0.0 0.0 0.0
55 0 100 0.0 0.0 0.0
56 2 51 13.494214179327372 290.23003402420613 3916.426240396108
57 0 100 0.0 0.0 0.0
58 0 100 0.0 0.0 0.0
59 0 100 0.0 0.0 0.0
60 4 44 151.22372397683895 646.0476428878335 97697.73042395715
61 9 133 1814.8473014962385 37644.33692394514 68318723.28303705
62 1 16 1.0 32.892441635375256 32.892441635375256
63 1 14 1.0 27.799106543625292 27.799106543625292
64 1 16 1.0 32.892441635375256 32.892441635375256
65 2 13 13.494214179327372 40.41888428935346 545.4210814899858
66 2 49 13.494214179327372 273.9583678426836 3696.8528918881248
67 0 6 0.0 6.0 0.0
68 1 10 1.0 18.1937008646705 18.1937008646705
69 6 90 552.5626438069447 5474.33581455389 3024913.4707769416
70 0 100 0.0 0.0 0.0
71 0 100 0.0 0.0 0.0
72 0 10 0.0 10.0 0.0
73 1 103 1.0 3.9914906122521803 3.9914906122521803
74 0 100 0.0 0.0 0.0
75 0 10 0.0 10.0 0.0
76 0 100 0.0 0.0 0.0
77 0 100 0.0 0.0 0.0
78 0 100 0.0 0.0 0.0
79 12 196 3920.792982031498 245392.4596504624 962133033.6409806
80 2 113 13.494214179327372 40.41888428935346 545.4210814899858
81 0 100 0.0 0.0 0.0
82 0 100 0.0 0.0 0.0
83 0 6 0.0 6.0 0.0
84 1 13 1.0 25.320989780782124 25.320989780782124
85 0 100 0.0 0.0 0.0
86 1 28 1.0 66.57403288693754 66.57403288693754
87 0 100 0.0 0.0 0.0
88 0 100 0.0 0.0 0.0
89 4 32 151.22372397683895 374.7746947170294 56674.82498739214
90 3 29 57.02181064673912 209.61005902119368 11952.345095158316
91 10 200 2424.408141701412 131052.37569186091 317724446.6166598
92 0 100 0.0 0.0 0.0
93 1 102 1.0 2.3948263510722025 2.3948263510722025
94 2 114 13.494214179327372 44.97826169706515 606.9462967540338
95 4 46 151.22372397683895 697.0692055589992 105413.40113420851
96 0 100 0.0 0.0 0.0
97 0 6 0.0 6.0 0.0
98 5 36 312.35291035940236 672.9601112794846 210201.0493139343
99 1 19 1.0 40.84402933782601 40.84402933782601
100 1 29 1.0 69.58346013935528 69.58346013935528
101 0 100 0.0 0.0 0.0
102 4 75 151.22372397683895 1608.0874365260645 243180.97063184011
103 4 57 151.22372397683895 1005.7817905983286 152098.06788237247
104 0 6 0.0 6.0 0.0
105 0 100 0.0 0.0 0.0
106 0 100 0.0 0.0 0.0
107 0 100 0.0 0.0 0.0
108 4 54 151.22372397683895 916.9626779842689 138666.51091255614
109 3 29 57.02181064673912 209.61005902119368 11952.345095158316
110 3 65 57.02181064673912 754.7803226662346 43038.94063895869
111 0 6 0.0 6.0 0.0
112 0 9 0.0 9.0 0.0
113 5 83 312.35291035940236 3070.409639894098 959051.387016486
114 6 101 552.5626438069447 6825.411756924657 3771467.565477292
115 0 8 0.0 8.0 0.0
116 1 26 1.0 60.63937356224698 60.63937356224698
117 0 100 0.0 0.0 0.0
118 2 33 13.494214179327372 154.90879557685506 2090.372465775723
119 3 133 57.02181064673912 257.33012181535685 14673.42947985759
120 0 100 0.0 0.0 0.0
121 5 89 312.35291035940236 3485.593399577667 1088735.2426876074
122 0 100 0.0 0.0 0.0
123 0 100 0.0 0.0 0.0
124 4 92 151.22372397683895 2280.4993308091553 344865.60133164964
125 1 26 1.0 60.63937356224698 60.63937356224698
126 1 30 1.0 72.61998620345668 72.61998620345668
127 2 117 13.494214179327372 59.51335422080222 803.0859483856818
128 2 38 13.494214179327372 189.8638195218893 2562.0630455335317
129 0 100 0.0 0.0 0.0
130 0 100 0.0 0.0 0.0
131 0 100 0.0 0.0 0.0
132 0 100 0.0 0.0 0.0
133 1 102 1.0 2.3948263510722025 2.3948263510722025
134 0 100 0.0 0.0 0.0
135 1 39 1.0 101.06849300292524 101.06849300292524
136 0 100 0.0 0.0 0.0
137 1 24 1.0 54.8222930413608 54.8222930413608
138 2 120 13.494214179327372 75.23327232919837 1015.2138902218663
139 1 11 1.0 20.51504931294799 20.51504931294799
140 8 104 1300.1508247099457 15689.114034349886 20398214.550728388
141 0 100 0.0 0.0 0.0
142 0 100 0.0 0.0 0.0
143 3 15 57.02181064673912 73.60859052492496 4197.295110885627
144 0 100 0.0 0.0 0.0
145 0 100 0.0 0.0 0.0
146 1 14 1.0 27.799106543625292 27.799106543625292
147 9 190 1814.8473014962385 81175.65618270171 147321420.57036266
148 0 100 0.0 0.0 0.0
149 0 100 0.0 0.0 0.0
150 0 100 0.0 0.0 0.0
151 1 13 1.0 25.320989780782124 25.320989780782124
152 8 119 1300.1508247099457 20764.03051150532 26996371.39383612
153 1 10 1.0 18.1937008646705 18.1937008646705
154 3 133 57.02181064673912 257.33012181535685 14673.42947985759
155 1 7 1.0 11.607984241186918 11.607984241186918
156 0 100 0.0 0.0 0.0
157 14 189 5763.781188419757 411374.7091086738 2371073809.752224
158 1 23 1.0 51.960050539976365 51.960050539976365
159 0 11 0.0 11.0 0.0
160 1 106 1.0 9.55892689827884 9.55892689827884
161 6 68 552.5626438069447 3202.3105181925803 1769477.1662232792
162 2 27 13.494214179327372 115.98017876588344 1565.0613728235076
163 4 55 151.22372397683895 946.1899645328139 143086.37002616527
164 0 100 0.0 0.0 0.0
165 6 174 552.5626438069447 3764.5376458742294 2080142.874315036
166 0 100 0.0 0.0 0.0
167 3 133 57.02181064673912 257.33012181535685 14673.42947985759
168 11 161 3127.3197986346404 112815.8246369091 352811161.9862995
169 6 207 552.5626438069447 7622.045029127996 4211657.352510546
170 6 83 552.5626438069447 4688.828251009056 2590871.3347342564
171 11 279 3127.3197986346404 143795.70085563886 449695142.2443835
172 1 13 1.0 25.320989780782124 25.320989780782124
173 0 100 0.0 0.0 0.0
174 7 199 880.1589317377488 9801.0 8626437.689961676
175 1 10 1.0 18.1937008646705 18.1937008646705
176 2 26 13.494214179327372 109.8359986590007 1482.1504905048694
177 1 9 1.0 15.931997307697284 15.931997307697284
178 1 106 1.0 9.55892689827884 9.55892689827884
179 10 180 2424.408141701412 103676.69639096252 251354626.83495495
180 1 21 1.0 46.33316012586883 46.33316012586883
181 1 7 1.0 11.607984241186918 11.607984241186918
182 1 18 1.0 38.15436697768484 38.15436697768484
183 1 102 1.0 2.3948263510722025 2.3948263510722025
184 1 107 1.0 11.607984241186918 11.607984241186918
185 7 218 880.1589317377488 13924.0 12255332.965516414
186 1 106 1.0 9.55892689827884 9.55892689827884
187 1 7 1.0 11.607984241186918 11.607984241186918
188 5 94 312.35291035940236 3849.5614363989175 1202421.7182665232
189 1 24 1.0 54.8222930413608 54.8222930413608
190 4 55 151.22372397683895 946.1899645328139 143086.37002616527
191 4 150 151.22372397683895 803.8922494719358 121567.57964126418
192 5 60 312.35291035940236 1702.6102917613564 531815.2798395308
193 8 141 1300.1508247099457 29549.892713290425 38419317.38127496
194 0 100 0.0 0.0 0.0
195 3 39 57.02181064673912 335.47304520277595 19129.280460637645
196 4 44 151.22372397683895 646.0476428878335 97697.73042395715
197 7 176 880.1589317377488 5776.0 5083797.989717238
198 5 62 312.35291035940236 1807.1402103142602 564465.5041191616
199 1 12 1.0 22.891970023971037 22.891970023971037
