0 0 100 0.0 0.0 0.0
1 2 13 13.494214179327372 40.41888428935346 545.4210814899858
2 1 101 1.0 1.0 1.0
3 1 11 1.0 20.51504931294799 20.51504931294799
4 0 100 0.0 0.0 0.0
5 0 100 0.0 0.0 0.0
6 1 104 1.0 5.735193251789799 5.735193251789799
7 2 31 13.494214179327372 141.5519192260369 1910.1319155309898
8 0 100 0.0 0.0 0.0
9 1 11 1.0 20.51504931294799 20.51504931294799
10 2 105 13.494214179327372 10.188005914414083 137.47913386935764
11 1 6 1.0 9.55892689827884 9.55892689827884
12 6 39 552.5626438069447 1105.597633882476 610911.9515648035
13 1 8 1.0 13.734791927877684 13.734791927877684
14 3 19 57.02181064673912 107.12598084817145 6108.517395270634
15 5 59 312.35291035940236 1651.3976308733363 515818.85616390867
16 1 16 1.0 32.892441635375256 32.892441635375256
17 5 90 312.35291035940236 3557.085524945249 1111066.016113951
18 0 100 0.0 0.0 0.0
19 0 100 0.0 0.0 0.0
20 1 6 1.0 9.55892689827884 9.55892689827884
21 0 5 0.0 5.0 0.0
22 0 6 0.0 6.0 0.0
23 1 101 1.0 1.0 1.0
24 2 25 13.494214179327372 103.79546451213633 1400.6382289695412
25 0 10 0.0 10.0 0.0
26 2 57 13.494214179327372 340.72951581223015 4597.877063588746
27 2 10 13.494214179327372 27.685321443873434 373.59165718715303
28 1 9 1.0 15.931997307697284 15.931997307697284
29 1 5 1.0 7.59708563275366 7.59708563275366
30 0 100 0.0 0.0 0.0
31 0 6 0.0 6.0 0.0
32 5 69 312.35291035940236 2194.8788310889477 685576.7907768759
33 0 100 0.0 0.0 0.0
34 2 20 13.494214179327372 75.23327232919837 1015.2138902218663
35 1 25 1.0 57.71571011139208 57.71571011139208
36 0 100 0.0 0.0 0.0
37 5 107 312.35291035940236 4871.189817186799 1521530.3163113818
38 0 5 0.0 5.0 0.0
39 2 32 13.494214179327372 148.1842032776824 1999.6293770220316
40 0 100 0.0 0.0 0.0
41 0 100 0.0 0.0 0.0
42 0 100 0.0 0.0 0.0
43 5 45 312.35291035940236 1009.4539298642129 315305.87286682293
44 0 100 0.0 0.0 0.0
45 0 6 0.0 6.0 0.0
46 0 100 0.0 0.0 0.0
47 1 102 1.0 2.3948263510722025 2.3948263510722025
48 2 30 13.494214179327372 135.01359299654277 1821.9023410158823
49 1 105 1.0 7.59708563275366 7.59708563275366
50 0 5 0.0 5.0 0.0
51 1 29 1.0 69.58346013935528 69.58346013935528
52 0 5 0.0 5.0 0.0
53 1 36 1.0 91.37308344663872 91.37308344663872
54 3 15 57.02181064673912 73.60859052492496 4197.295110885627
55 0 100 0.0 0.0 0.0
56 1 9 1.0 15.931997307697284 15.931997307697284
57 0 100 0.0 0.0 0.0
58 3 56 57.02181064673912 595.765723501293 33971.640275308266
59 2 28 13.494214179327372 122.22584512913716 1649.341732421874
60 1 30 1.0 72.61998620345668 72.61998620345668
61 5 26 312.35291035940236 372.54368744490466 116365.10500943952
62 0 100 0.0 0.0 0.0
63 0 100 0.0 0.0 0.0
64 2 7 13.494214179327372 16.551687764173284 223.3520197191065
65 0 5 0.0 5.0 0.0
66 1 105 1.0 7.59708563275366 7.59708563275366
67 0 6 0.0 6.0 0.0
68 1 6 1.0 9.55892689827884 9.55892689827884
69 2 17 13.494214179327372 59.51335422080222 803.0859483856818
70 0 100 0.0 0.0 0.0
71 0 7 0.0 7.0 0.0
72 1 27 1.0 63.59241768810072 63.59241768810072
73 2 32 13.494214179327372 148.1842032776824 1999.6293770220316
74 1 8 1.0 13.734791927877684 13.734791927877684
75 2 29 13.494214179327372 128.5709592386038 1734.9640612072888
76 1 13 1.0 25.320989780782124 25.320989780782124
77 0 100 0.0 0.0 0.0
78 1 105 1.0 7.59708563275366 7.59708563275366
79 0 100 0.0 0.0 0.0
80 7 110 880.1589317377488 12100.0 10649923.074026762
81 0 100 0.0 0.0 0.0
82 3 33 57.02181064673912 257.33012181535685 14673.42947985759
83 1 104 1.0 5.735193251789799 5.735193251789799
84 1 102 1.0 2.3948263510722025 2.3948263510722025
85 0 6 0.0 6.0 0.0
86 2 18 13.494214179327372 64.62733255388774 872.0950673207774
87 0 100 0.0 0.0 0.0
88 0 100 0.0 0.0 0.0
89 0 10 0.0 10.0 0.0
90 2 34 13.494214179327372 161.72412498062124 2182.3399804528112
91 1 7 1.0 11.607984241186918 11.607984241186918
92 2 24 13.494214179327372 97.86086952638261 1320.555533164218
93 0 100 0.0 0.0 0.0
94 0 5 0.0 5.0 0.0
95 0 9 0.0 9.0 0.0
96 0 6 0.0 6.0 0.0
97 0 5 0.0 5.0 0.0
98 1 104 1.0 5.735193251789799 5.735193251789799
99 0 5 0.0 5.0 0.0
100 0 100 0.0 0.0 0.0
101 1 104 1.0 5.735193251789799 5.735193251789799
102 1 104 1.0 5.735193251789799 5.735193251789799
103 1 105 1.0 7.59708563275366 7.59708563275366
104 1 5 1.0 7.59708563275366 7.59708563275366
105 0 100 0.0 0.0 0.0
106 1 12 1.0 22.891970023971037 22.891970023971037
107 1 14 1.0 27.799106543625292 27.799106543625292
108 5 39 312.35291035940236 778.3165439750189 243109.43769146892
109 2 17 13.494214179327372 59.51335422080222 803.0859483856818
110 2 29 13.494214179327372 128.5709592386038 1734.9640612072888
111 1 8 1.0 13.734791927877684 13.734791927877684
112 1 21 1.0 46.33316012586883 46.33316012586883
113 1 63 1.0 184.93837367838248 184.93837367838248
114 1 25 1.0 57.71571011139208 57.71571011139208
115 1 8 1.0 13.734791927877684 13.734791927877684
116 0 100 0.0 0.0 0.0
117 1 28 1.0 66.57403288693754 66.57403288693754
118 1 14 1.0 27.799106543625292 27.799106543625292
119 1 11 1.0 20.51504931294799 20.51504931294799
120 2 29 13.494214179327372 128.5709592386038 1734.9640612072888
121 0 100 0.0 0.0 0.0
122 2 34 13.494214179327372 161.72412498062124 2182.3399804528112
123 6 70 552.5626438069447 3384.897920195671 1870368.1437999485
124 0 100 0.0 0.0 0.0
125 0 100 0.0 0.0 0.0
126 0 100 0.0 0.0 0.0
127 1 22 1.0 49.12998068819353 49.12998068819353
128 4 36 151.22372397683895 458.3949685466225 69320.19419586622
129 1 19 1.0 40.84402933782601 40.84402933782601
130 1 106 1.0 9.55892689827884 9.55892689827884
131 5 80 312.35291035940236 2871.732646582133 896994.0499340383
132 0 100 0.0 0.0 0.0
133 1 10 1.0 18.1937008646705 18.1937008646705
134 1 101 1.0 1.0 1.0
135 0 100 0.0 0.0 0.0
136 3 39 57.02181064673912 335.47304520277595 19129.280460637645
137 3 56 57.02181064673912 595.765723501293 33971.640275308266
138 4 136 151.22372397683895 458.3949685466225 69320.19419586622
139 2 14 13.494214179327372 44.97826169706515 606.9462967540338
140 0 5 0.0 5.0 0.0
141 0 100 0.0 0.0 0.0
142 2 29 13.494214179327372 128.5709592386038 1734.9640612072888
143 1 13 1.0 25.320989780782124 25.320989780782124
144 1 15 1.0 30.323695983612147 30.323695983612147
145 4 44 151.22372397683895 646.0476428878335 97697.73042395715
146 4 133 151.22372397683895 395.0229353848392 59736.83934515761
147 3 57 57.02181064673912 612.7419199112477 34939.653732498555
148 1 110 1.0 18.1937008646705 18.1937008646705
149 0 100 0.0 0.0 0.0
150 0 100 0.0 0.0 0.0
151 5 48 312.35291035940236 1135.058052192084 354538.68602907186
152 0 10 0.0 10.0 0.0
153 1 15 1.0 30.323695983612147 30.323695983612147
154 2 18 13.494214179327372 64.62733255388774 872.0950673207774
155 2 10 13.494214179327372 27.685321443873434 373.59165718715303
156 2 10 13.494214179327372 27.685321443873434 373.59165718715303
157 2 19 13.494214179327372 69.8685662777562 942.821397754572
158 3 29 57.02181064673912 209.61005902119368 11952.345095158316
159 0 100 0.0 0.0 0.0
160 1 9 1.0 15.931997307697284 15.931997307697284
161 1 19 1.0 40.84402933782601 40.84402933782601
162 0 100 0.0 0.0 0.0
163 4 42 151.22372397683895 596.6466987883373 90227.1356892597
164 2 16 13.494214179327372 54.53075711894446 735.8497159239173
165 2 40 13.494214179327372 204.4421003683832 2758.785489642506
166 2 17 13.494214179327372 59.51335422080222 803.0859483856818
167 5 65 312.35291035940236 1969.1653870843556 615074.5396347976
168 1 36 1.0 91.37308344663872 91.37308344663872
169 3 28 57.02181064673912 198.25318874016915 11304.755788454157
170 2 34 13.494214179327372 161.72412498062124 2182.3399804528112
171 3 29 57.02181064673912 209.61005902119368 11952.345095158316
172 5 42 312.35291035940236 890.5118703159138 278153.97440277034
173 3 24 57.02181064673912 155.22039240905832 8850.947824461866
174 2 13 13.494214179327372 40.41888428935346 545.4210814899858
175 3 38 57.02181064673912 321.92161897300775 18356.553600170548
176 3 23 57.02181064673912 145.08021796711313 8272.736717508364
177 1 17 1.0 35.503281577765854 35.503281577765854
178 4 40 151.22372397683895 548.8883970182196 83004.94744477284
179 0 8 0.0 8.0 0.0
180 2 13 13.494214179327372 40.41888428935346 545.4210814899858
181 1 7 1.0 11.607984241186918 11.607984241186918
182 4 57 151.22372397683895 1005.7817905983286 152098.06788237247
183 2 23 13.494214179327372 92.0346545141889 1241.9353399348638
184 1 14 1.0 27.799106543625292 27.799106543625292
185 4 22 151.22372397683895 197.47425973648444 29862.792946920727
186 3 64 57.02181064673912 736.4308795040106 41992.62216548924
187 2 31 13.494214179327372 141.5519192260369 1910.1319155309898
188 7 76 880.1589317377488 5776.0 5083797.989717238
189 2 22 13.494214179327372 86.31942417916456 1164.8127977098563
190 2 29 13.494214179327372 128.5709592386038 1734.9640612072888
191 3 60 57.02181064673912 664.7206420100937 37903.574581678426
192 3 66 57.02181064673912 773.2963448216119 44094.75774823344
193 2 30 13.494214179327372 135.01359299654277 1821.9023410158823
194 3 123 57.02181064673912 145.08021796711313 8272.736717508364
195 0 5 0.0 5.0 0.0
196 5 58 312.35291035940236 1600.889370701534 500042.45410205633
197 5 83 312.35291035940236 3070.409639894098 959051.387016486
198 3 39 57.02181064673912 335.47304520277595 19129.280460637645
199 7 70 880.1589317377488 4900.0 4312778.765514969
