0 1 17 1.0 35.503281577765854 35.503281577765854
1 1 102 1.0 2.3948263510722025 2.3948263510722025
2 0 5 0.0 5.0 0.0
3 0 100 0.0 0.0 0.0
4 0 6 0.0 6.0 0.0
5 0 100 0.0 0.0 0.0
6 1 10 1.0 18.1937008646705 18.1937008646705
7 0 100 0.0 0.0 0.0
8 0 100 0.0 0.0 0.0
9 1 13 1.0 25.320989780782124 25.320989780782124
10 1 8 1.0 13.734791927877684 13.734791927877684
11 0 5 0.0 5.0 0.0
12 0 6 0.0 6.0 0.0
13 0 100 0.0 0.0 0.0
14 0 100 0.0 0.0 0.0
15 0 9 0.0 9.0 0.0
16 0 100 0.0 0.0 0.0
17 16 233 7916.453847805617 1222189.922001164 9675410110.775362
18 1 7 1.0 11.607984241186918 11.607984241186918
19 0 6 0.0 6.0 0.0
20 1 8 1.0 13.734791927877684 13.734791927877684
21 0 5 0.0 5.0 0.0
22 0 100 0.0 0.0 0.0
23 0 6 0.0 6.0 0.0
24 0 100 0.0 0.0 0.0
25 0 100 0.0 0.0 0.0
26 0 100 0.0 0.0 0.0
27 0 100 0.0 0.0 0.0
28 0 100 0.0 0.0 0.0
29 0 100 0.0 0.0 0.0
30 0 6 0.0 6.0 0.0
31 1 108 1.0 13.734791927877684 13.734791927877684
32 1 20 1.0 43.57075425423803 43.57075425423803
33 0 5 0.0 5.0 0.0
34 0 5 0.0 5.0 0.0
35 1 15 1.0 30.323695983612147 30.323695983612147
36 0 100 0.0 0.0 0.0
37 8 152 1300.1508247099457 34547.573678850335 44917056.41028488
38 6 105 552.5626438069447 7351.839824949449 4062352.0505192536
39 2 9 13.494214179327372 23.78240930402918 320.92492484899776
40 12 331 3920.792982031498 361112.7616981537 1415848381.7881336
41 1 105 1.0 7.59708563275366 7.59708563275366
42 0 100 0.0 0.0 0.0
43 0 100 0.0 0.0 0.0
44 0 5 0.0 5.0 0.0
45 1 106 1.0 9.55892689827884 9.55892689827884
46 0 100 0.0 0.0 0.0
47 5 137 312.35291035940236 707.3130102314473 220931.2772808623
48 0 6 0.0 6.0 0.0
49 0 100 0.0 0.0 0.0
50 2 123 13.494214179327372 92.0346545141889 1241.9353399348638
51 0 100 0.0 0.0 0.0
52 14 235 5763.781188419757 703973.305306163 4057548094.273341
53 20 237 12981.212045421978 3562465.1508144513 46245115527.14858
54 1 11 1.0 20.51504931294799 20.51504931294799
55 15 272 6803.971395961631 1363732.5899489343 9278797533.753222
56 3 31 57.02181064673912 233.0178128969552 13287.097604327464
57 14 292 5763.781188419757 1202699.0172221942 6932093970.796213
58 0 100 0.0 0.0 0.0
59 1 9 1.0 15.931997307697284 15.931997307697284
60 1 102 1.0 2.3948263510722025 2.3948263510722025
61 1 15 1.0 30.323695983612147 30.323695983612147
62 0 100 0.0 0.0 0.0
63 0 7 0.0 7.0 0.0
64 2 107 13.494214179327372 16.551687764173284 223.3520197191065
65 0 100 0.0 0.0 0.0
66 5 93 312.35291035940236 3775.468945982596 1179278.713249209
67 0 100 0.0 0.0 0.0
68 0 10 0.0 10.0 0.0
69 1 103 1.0 3.9914906122521803 3.9914906122521803
70 2 35 13.494214179327372 168.62869283493262 2275.511697894588
71 0 100 0.0 0.0 0.0
72 0 100 0.0 0.0 0.0
73 0 100 0.0 0.0 0.0
74 0 11 0.0 11.0 0.0
75 2 129 13.494214179327372 128.5709592386038 1734.9640612072888
76 1 32 1.0 78.7716859795011 78.7716859795011
77 0 9 0.0 9.0 0.0
78 3 54 57.02181064673912 562.3460860297637 32065.99203552405
79 0 6 0.0 6.0 0.0
80 0 6 0.0 6.0 0.0
81 1 11 1.0 20.51504931294799 20.51504931294799
82 2 48 13.494214179327372 265.93129728965954 3588.5338826130464
83 0 6 0.0 6.0 0.0
84 3 23 57.02181064673912 145.08021796711313 8272.736717508364
85 0 6 0.0 6.0 0.0
86 1 106 1.0 9.55892689827884 9.55892689827884
87 0 100 0.0 0.0 0.0
88 1 29 1.0 69.58346013935528 69.58346013935528
89 1 104 1.0 5.735193251789799 5.735193251789799
90 0 100 0.0 0.0 0.0
91 1 109 1.0 15.931997307697284 15.931997307697284
92 0 100 0.0 0.0 0.0
93 1 100 1.0 0.0 0.0
94 0 6 0.0 6.0 0.0
95 0 9 0.0 9.0 0.0
96 0 5 0.0 5.0 0.0
97 0 100 0.0 0.0 0.0
98 3 47 57.02181064673912 451.11773253603667 25723.549924056188
99 0 100 0.0 0.0 0.0
100 7 199 880.1589317377488 9801.0 8626437.689961676
101 1 21 1.0 46.33316012586883 46.33316012586883
102 1 106 1.0 9.55892689827884 9.55892689827884
103 12 182 3920.792982031498 206150.43298129964 808273170.8758343
104 1 10 1.0 18.1937008646705 18.1937008646705
105 2 124 13.494214179327372 97.86086952638261 1320.555533164218
106 0 5 0.0 5.0 0.0
107 0 100 0.0 0.0 0.0
108 16 304 7916.453847805617 2421960.954801773 19173342119.875465
109 12 231 3920.792982031498 361112.7616981537 1415848381.7881336
110 0 5 0.0 5.0 0.0
111 3 38 57.02181064673912 321.92161897300775 18356.553600170548
112 0 100 0.0 0.0 0.0
113 6 226 552.5626438069447 10419.918236435944 5757657.568977242
114 2 29 13.494214179327372 128.5709592386038 1734.9640612072888
115 2 17 13.494214179327372 59.51335422080222 803.0859483856818
116 12 202 3920.792982031498 263422.36369249143 1032824554.8756692
117 1 104 1.0 5.735193251789799 5.735193251789799
118 2 45 13.494214179327372 242.29532664846576 3269.585032444484
119 0 100 0.0 0.0 0.0
120 0 5 0.0 5.0 0.0
121 0 6 0.0 6.0 0.0
122 12 188 3920.792982031498 222487.8177576797 872328674.4518135
123 0 100 0.0 0.0 0.0
124 3 128 57.02181064673912 198.25318874016915 11304.755788454157
125 2 33 13.494214179327372 154.90879557685506 2090.372465775723
126 2 17 13.494214179327372 59.51335422080222 803.0859483856818
127 8 161 1300.1508247099457 38938.82165695482 50626341.0905233
128 6 169 552.5626438069447 3293.0002682054314 1819588.9342565713
129 1 10 1.0 18.1937008646705 18.1937008646705
130 1 21 1.0 46.33316012586883 46.33316012586883
131 4 135 151.22372397683895 436.83679879622173 66060.08748408577
132 1 106 1.0 9.55892689827884 9.55892689827884
133 9 129 1814.8473014962385 35247.44879474361 63968737.32976728
134 16 266 7916.453847805617 1718120.0730722018 13601418263.4645
135 1 103 1.0 3.9914906122521803 3.9914906122521803
136 20 353 12981.212045421978 10693434.919909036 138813746189.2592
137 15 370 6803.971395961631 1338606.0170510584 9107837050.477528
138 1 32 1.0 78.7716859795011 78.7716859795011
139 2 123 13.494214179327372 92.0346545141889 1241.9353399348638
140 0 19 0.0 19.0 0.0
141 0 100 0.0 0.0 0.0
142 6 164 552.5626438069447 17252.17528105875 9532907.584722642
143 18 237 10336.717591947081 2171612.8448398258 22447348696.154076
144 6 154 552.5626438069447 15295.955091199346 8451973.384745408
145 2 112 13.494214179327372 36.01211998010309 485.95526006314566
146 5 52 312.35291035940236 1312.7590262571498 410044.10245199583
147 10 292 2424.408141701412 119678.59262434934 290149754.34583914
148 1 16 1.0 32.892441635375256 32.892441635375256
149 0 100 0.0 0.0 0.0
150 12 192 3920.792982031498 233778.93808446685 916598819.7883537
151 10 172 2424.408141701412 93706.72457701275 227183345.99668154
152 0 100 0.0 0.0 0.0
153 2 139 13.494214179327372 197.11162840858907 2659.8665309814905
154 3 119 57.02181064673912 107.12598084817145 6108.517395270634
155 2 26 13.494214179327372 109.8359986590007 1482.1504905048694
156 15 253 6803.971395961631 1136277.115516111 7731196991.8574095
157 0 100 0.0 0.0 0.0
158 2 130 13.494214179327372 135.01359299654277 1821.9023410158823
159 4 165 151.22372397683895 1259.0362466163215 190396.14983514193
160 17 223 9095.850952291546 1426591.9229522045 12976067500.916237
161 14 149 5763.781188419757 228843.30690871205 1319002747.4562037
162 15 287 6803.971395961631 1561256.5726585807 10622745062.126076
163 10 130 2424.408141701412 50276.83473577485 121891567.47238891
164 2 55 13.494214179327372 323.62148105306557 4367.017578361202
165 8 163 1300.1508247099457 39951.73547253033 51943281.8232039
166 15 220 6803.971395961631 798978.8564513772 5436229285.273304
167 3 39 57.02181064673912 335.47304520277595 19129.280460637645
168 6 101 552.5626438069447 6825.411756924657 3771467.565477292
169 6 91 552.5626438069447 5591.281626292221 3089533.357693223
170 3 36 57.02181064673912 295.444715883087 16846.792645665024
171 2 42 13.494214179327372 219.34644070399202 2959.9078503327996
172 5 31 312.35291035940236 512.8425432350123 160187.86093557373
173 4 129 151.22372397683895 316.71264325745693 47894.465343940734
174 10 104 2424.408141701412 30608.495879073467 74207486.61445984
175 2 17 13.494214179327372 59.51335422080222 803.0859483856818
176 5 98 312.35291035940236 4152.387807071904 1297010.4164798057
177 4 79 151.22372397683895 1757.505455801544 265776.51993592124
178 9 190 1814.8473014962385 81175.65618270171 147321420.57036266
179 2 30 13.494214179327372 135.01359299654277 1821.9023410158823
180 2 38 13.494214179327372 189.8638195218893 2562.0630455335317
181 4 49 151.22372397683895 776.5950928818146 117439.60196772714
182 2 28 13.494214179327372 122.22584512913716 1649.341732421874
183 0 100 0.0 0.0 0.0
184 1 29 1.0 69.58346013935528 69.58346013935528
185 10 154 2424.408141701412 73282.88036813155 177667611.8118287
186 5 75 312.35291035940236 2553.9502583266267 797733.7961014693
187 13 269 4801.088521889328 717874.7226662058 3446580091.1472054
188 2 33 13.494214179327372 154.90879557685506 2090.372465775723
189 16 202 7916.453847805617 846657.0640706863 6702521572.634192
190 15 240 6803.971395961631 994847.4549542126 6768913626.85369
191 13 198 4801.088521889328 342996.6210458748 1646757140.350173
192 6 59 552.5626438069447 2440.720411610211 1348650.9234329127
193 6 81 552.5626438069447 4475.076918624486 2472760.3333945815
194 12 229 3920.792982031498 353804.2348984099 1387193161.2027092
195 7 136 880.1589317377488 18496.0 16279419.601421403
196 13 229 4801.088521889328 487011.5179200852 2338185408.7140203
197 18 275 10336.717591947081 3229381.715439529 33381206789.096024
198 7 115 880.1589317377488 13225.0 11640101.87223173
199 7 81 880.1589317377488 6561.0 5774722.75113137
