0 2 125 13.494214179327372 103.79546451213633 1400.6382289695412
1 2 117 13.494214179327372 59.51335422080222 803.0859483856818
2 1 101 1.0 1.0 1.0
3 0 100 0.0 0.0 0.0
4 4 44 151.22372397683895 646.0476428878335 97697.73042395715
5 1 100 1.0 0.0 0.0
6 17 279 9095.850952291546 2566233.4961421206 23342077389.68677
7 0 100 0.0 0.0 0.0
8 0 5 0.0 5.0 0.0
9 8 91 1300.1508247099457 11884.209766134405 15451265.128465638
10 1 102 1.0 2.3948263510722025 2.3948263510722025
11 0 100 0.0 0.0 0.0
12 8 86 1300.1508247099457 10566.202609933729 13737657.037357718
13 0 100 0.0 0.0 0.0
14 0 100 0.0 0.0 0.0
15 14 155 5763.781188419757 252244.95028603496 1453884699.3325253
16 0 100 0.0 0.0 0.0
17 0 100 0.0 0.0 0.0
18 0 5 0.0 5.0 0.0
19 1 14 1.0 27.799106543625292 27.799106543625292
20 0 100 0.0 0.0 0.0
21 0 100 0.0 0.0 0.0
22 6 200 552.5626438069447 6696.723465418967 3700359.222895909
23 0 6 0.0 6.0 0.0
24 0 100 0.0 0.0 0.0
25 0 100 0.0 0.0 0.0
26 0 100 0.0 0.0 0.0
27 1 6 1.0 9.55892689827884 9.55892689827884
28 0 100 0.0 0.0 0.0
29 0 100 0.0 0.0 0.0
30 0 100 0.0 0.0 0.0
31 0 100 0.0 0.0 0.0
32 0 100 0.0 0.0 0.0
33 0 100 0.0 0.0 0.0
34 0 100 0.0 0.0 0.0
35 0 100 0.0 0.0 0.0
36 0 100 0.0 0.0 0.0
37 25 461 20302.483562333644 77840123.96131112 1580347837214.5322
38 1 13 1.0 25.320989780782124 25.320989780782124
39 2 113 13.494214179327372 40.41888428935346 545.4210814899858
40 1 102 1.0 2.3948263510722025 2.3948263510722025
41 6 65 552.5626438069447 2937.504168606418 1623155.0695990834
42 0 10 0.0 10.0 0.0
43 1 108 1.0 13.734791927877684 13.734791927877684
44 0 100 0.0 0.0 0.0
45 0 100 0.0 0.0 0.0
46 0 100 0.0 0.0 0.0
47 1 103 1.0 3.9914906122521803 3.9914906122521803
48 0 100 0.0 0.0 0.0
49 3 123 57.02181064673912 145.08021796711313 8272.736717508364
50 2 21 13.494214179327372 80.71796600694597 1089.2255214173952
51 0 100 0.0 0.0 0.0
52 0 10 0.0 10.0 0.0
53 1 10 1.0 18.1937008646705 18.1937008646705
54 1 19 1.0 40.84402933782601 40.84402933782601
55 1 10 1.0 18.1937008646705 18.1937008646705
56 9 192 1814.8473014962385 17015.80966866946 30881096.25995837
57 0 100 0.0 0.0 0.0
58 0 100 0.0 0.0 0.0
59 0 100 0.0 0.0 0.0
60 2 112 13.494214179327372 36.01211998010309 485.95526006314566
61 0 100 0.0 0.0 0.0
62 0 100 0.0 0.0 0.0
63 1 17 1.0 35.503281577765854 35.503281577765854
64 0 100 0.0 0.0 0.0
65 1 105 1.0 7.59708563275366 7.59708563275366
66 15 345 6803.971395961631 1047903.4803767416 7129905306.21199
67 0 100 0.0 0.0 0.0
68 0 6 0.0 6.0 0.0
69 1 20 1.0 43.57075425423803 43.57075425423803
70 0 100 0.0 0.0 0.0
71 0 100 0.0 0.0 0.0
72 0 100 0.0 0.0 0.0
73 0 100 0.0 0.0 0.0
74 18 264 10336.717591947081 2896089.0462376727 29936054592.090195
75 0 100 0.0 0.0 0.0
76 0 6 0.0 6.0 0.0
77 1 6 1.0 9.55892689827884 9.55892689827884
78 1 11 1.0 20.51504931294799 20.51504931294799
79 0 5 0.0 5.0 0.0
80 0 100 0.0 0.0 0.0
81 0 100 0.0 0.0 0.0
82 0 5 0.0 5.0 0.0
83 0 5 0.0 5.0 0.0
84 13 265 4801.088521889328 692416.3228329758 3324352059.9222155
85 0 100 0.0 0.0 0.0
86 0 100 0.0 0.0 0.0
87 0 100 0.0 0.0 0.0
88 22 295 15807.685316481819 10564410.722837614 166998880260.68323
89 18 227 10336.717591947081 1935634.1771526416 20008103850.54772
90 17 249 9095.850952291546 1904665.949099036 17324557586.909748
91 0 100 0.0 0.0 0.0
92 1 106 1.0 9.55892689827884 9.55892689827884
93 2 127 13.494214179327372 115.98017876588344 1565.0613728235076
94 2 103 13.494214179327372 4.87672116324372 65.80751986966928
95 4 38 151.22372397683895 502.796158813779 76034.7075370698
96 1 18 1.0 38.15436697768484 38.15436697768484
97 0 5 0.0 5.0 0.0
98 1 102 1.0 2.3948263510722025 2.3948263510722025
99 6 164 552.5626438069447 2851.6616420490063 1575721.696173452
100 2 115 13.494214179327372 49.68406405407534 670.4474016451129
101 2 16 13.494214179327372 54.53075711894446 735.8497159239173
102 11 181 3127.3197986346404 147500.54993418368 461281390.11867005
103 4 118 151.22372397683895 140.11537396227234 21188.76863698224
104 0 100 0.0 0.0 0.0
105 0 100 0.0 0.0 0.0
106 19 263 11633.622691025432 3704849.0265910737 43100815702.573395
107 0 100 0.0 0.0 0.0
108 3 38 57.02181064673912 321.92161897300775 18356.553600170548
109 1 29 1.0 69.58346013935528 69.58346013935528
110 17 278 9095.850952291546 2542197.9604708296 23123453739.662224
111 0 100 0.0 0.0 0.0
112 7 211 880.1589317377488 12321.0 10844438.197940804
113 13 234 4801.088521889328 513035.32671345456 2463128018.407708
114 0 100 0.0 0.0 0.0
115 16 202 7916.453847805617 846657.0640706863 6702521572.634192
116 3 164 57.02181064673912 736.4308795040106 41992.62216548924
117 10 201 2424.408141701412 132514.12595962713 321268325.8669665
118 2 122 13.494214179327372 86.31942417916456 1164.8127977098563
119 14 177 5763.781188419757 349928.0948298758 2016908970.280003
120 12 193 3920.792982031498 236652.0012546562 927863505.7029653
121 5 88 312.35291035940236 3414.7546568712237 1066608.555237049
122 14 187 5763.781188419757 400722.0136188303 2309674003.8819
123 8 181 1300.1508247099457 49677.608577221006 64588383.761291765
124 2 112 13.494214179327372 36.01211998010309 485.95526006314566
125 0 100 0.0 0.0 0.0
126 22 383 15807.685316481819 22195947.84622381 350866558854.1484
127 5 76 312.35291035940236 2616.164871066153 817166.7114575435
128 6 87 552.5626438069447 5130.584655325767 2834969.421422148
129 1 102 1.0 2.3948263510722025 2.3948263510722025
130 23 368 17276.616480405057 25187544.334022824 435155543542.11176
131 2 109 13.494214179327372 23.78240930402918 320.92492484899776
132 15 223 6803.971395961631 826718.1208666635 5624966446.899929
133 0 100 0.0 0.0 0.0
134 23 409 17276.616480405057 34159667.71442179 590163478200.14
135 16 276 7916.453847805617 1889141.929026906 14955304893.095976
136 9 208 1814.8473014962385 24036.912268699078 43623325.36715035
137 24 330 18776.370315488246 23130202.457195267 434301246808.5145
138 4 85 151.22372397683895 1991.8652456125124 301217.2801015651
139 1 105 1.0 7.59708563275366 7.59708563275366
140 0 100 0.0 0.0 0.0
141 0 100 0.0 0.0 0.0
142 11 192 3127.3197986346404 168832.0419378618 527991787.3961891
143 14 220 5763.781188419757 598289.1109657976 3448407523.0210447
144 14 215 5763.781188419757 565311.5939489864 3258332330.798756
145 0 100 0.0 0.0 0.0
146 23 310 17276.616480405057 15357858.603858458 265331833059.15164
147 22 308 15807.685316481819 11942828.898672976 188788481018.80753
148 12 183 3920.792982031498 208823.67119914887 818754384.519676
149 0 100 0.0 0.0 0.0
150 7 207 880.1589317377488 11449.0 10076939.609465487
151 15 191 6803.971395961631 559556.4546438516 3807206111.8224683
152 13 194 4801.088521889328 326533.42327590974 1567715870.5031998
153 16 208 7916.453847805617 912837.723374365 7226437707.629111
154 1 9 1.0 15.931997307697284 15.931997307697284
155 13 236 4801.088521889328 523667.36265542824 2514173364.133033
156 12 195 3920.792982031498 242458.72541212823 950630469.0281744
157 14 166 5763.781188419757 298715.23506545 1721729252.5646267
158 22 383 15807.685316481819 22195947.84622381 350866558854.1484
159 20 325 12981.212045421978 8513256.778301371 110512391436.25607
160 16 272 7916.453847805617 1819542.5002071268 14404324227.010563
161 0 100 0.0 0.0 0.0
162 7 211 880.1589317377488 12321.0 10844438.197940804
163 0 100 0.0 0.0 0.0
164 12 219 3920.792982031498 318542.5349918841 1248939335.674702
165 8 173 1300.1508247099457 45219.26451860866 58791864.056646235
166 3 146 57.02181064673912 435.9769523615719 24860.195223903953
167 5 191 312.35291035940236 3629.2296992039956 1133600.4589091465
168 0 100 0.0 0.0 0.0
169 16 191 7916.453847805617 733126.8154029138 5803764598.725876
170 18 289 10336.717591947081 3686921.245433308 38110663697.793915
171 9 98 1814.8473014962385 19496.94350076754 35383975.299792595
172 12 157 3920.792982031498 145644.81340415878 571043162.2643127
173 11 280 3127.3197986346404 145641.49049735971 455467516.7350519
174 5 81 312.35291035940236 2937.2940727723303 917472.3522118595
175 16 248 7916.453847805617 1434859.9927956641 11359002911.029575
176 0 100 0.0 0.0 0.0
177 10 119 2424.408141701412 41302.383909052856 100133835.82078515
178 12 171 3920.792982031498 178041.48661609797 698063811.2348518
179 22 369 15807.685316481819 19965561.066806056 315609306511.07117
180 12 188 3920.792982031498 222487.8177576797 872328674.4518135
181 9 141 1814.8473014962385 42692.5615074584 77480480.04577306
182 12 158 3920.792982031498 147835.47973745366 579632311.4498681
183 2 132 13.494214179327372 148.1842032776824 1999.6293770220316
184 9 162 1814.8473014962385 57577.89660287633 104495090.27555954
185 4 132 151.22372397683895 374.7746947170294 56674.82498739214
186 7 112 880.1589317377488 12544.0 11040713.639718322
187 8 126 1300.1508247099457 23385.5071842533 30404686.45186729
188 0 100 0.0 0.0 0.0
189 10 157 2424.408141701412 76495.71491932069 185456834.05567124
190 18 328 10336.717591947081 5168468.9616496805 53425004039.31672
191 4 78 151.22372397683895 1719.6349352173313 260049.59878423504
192 11 175 3127.3197986346404 136544.81137309276 427019292.0079054
193 16 260 7916.453847805617 1620229.4116977807 12826471360.562729
194 10 219 2424.408141701412 41302.383909052856 100133835.82078515
195 5 89 312.35291035940236 3485.593399577667 1088735.2426876074
196 3 36 57.02181064673912 295.444715883087 16846.792645665024
197 18 342 10336.717591947081 5778291.396221359 59728566326.71779
198 10 138 2424.408141701412 57418.05598112961 139204802.4013181
199 16 265 7916.453847805617 1701560.9309244899 13470328578.892887
