0 1 109 1.0 15.931997307697284 15.931997307697284
1 1 113 1.0 25.320989780782124 25.320989780782124
2 0 100 0.0 0.0 0.0
3 5 73 312.35291035940236 2431.5451615879456 759500.2078923181
4 1 14 1.0 27.799106543625292 27.799106543625292
5 3 61 57.02181064673912 682.3928350558612 38911.2750272468
6 0 100 0.0 0.0 0.0
7 0 100 0.0 0.0 0.0
8 0 8 0.0 8.0 0.0
9 1 110 1.0 18.1937008646705 18.1937008646705
10 0 100 0.0 0.0 0.0
11 11 226 3127.3197986346404 245223.9691790364 766893773.9133713
12 0 100 0.0 0.0 0.0
13 0 100 0.0 0.0 0.0
14 0 100 0.0 0.0 0.0
15 1 9 1.0 15.931997307697284 15.931997307697284
16 1 15 1.0 30.323695983612147 30.323695983612147
17 5 77 312.35291035940236 2679.0520099722326 836809.6923190334
18 1 16 1.0 32.892441635375256 32.892441635375256
19 0 100 0.0 0.0 0.0
20 2 103 13.494214179327372 4.87672116324372 65.80751986966928
21 0 100 0.0 0.0 0.0
22 0 100 0.0 0.0 0.0
23 0 100 0.0 0.0 0.0
24 0 5 0.0 5.0 0.0
25 0 100 0.0 0.0 0.0
26 0 100 0.0 0.0 0.0
27 4 134 151.22372397683895 415.7115691523703 62865.45158747665
28 4 147 151.22372397683895 723.181183304868 109362.15164933914
29 0 5 0.0 5.0 0.0
30 1 105 1.0 7.59708563275366 7.59708563275366
31 1 10 1.0 18.1937008646705 18.1937008646705
32 0 100 0.0 0.0 0.0
33 0 5 0.0 5.0 0.0
34 1 10 1.0 18.1937008646705 18.1937008646705
35 0 6 0.0 6.0 0.0
36 0 8 0.0 8.0 0.0
37 1 15 1.0 30.323695983612147 30.323695983612147
38 0 5 0.0 5.0 0.0
39 2 120 13.494214179327372 75.23327232919837 1015.2138902218663
40 0 5 0.0 5.0 0.0
41 0 100 0.0 0.0 0.0
42 0 100 0.0 0.0 0.0
43 0 100 0.0 0.0 0.0
44 0 100 0.0 0.0 0.0
45 0 100 0.0 0.0 0.0
46 0 5 0.0 5.0 0.0
47 1 5 1.0 7.59708563275366 7.59708563275366
48 2 34 13.494214179327372 161.72412498062124 2182.3399804528112
49 14 276 5763.781188419757 1046645.1143396281 6032633420.982195
50 0 100 0.0 0.0 0.0
51 2 32 13.494214179327372 148.1842032776824 1999.6293770220316
52 0 5 0.0 5.0 0.0
53 0 6 0.0 6.0 0.0
54 0 5 0.0 5.0 0.0
55 1 15 1.0 30.323695983612147 30.323695983612147
56 0 100 0.0 0.0 0.0
57 0 100 0.0 0.0 0.0
58 0 100 0.0 0.0 0.0
59 0 100 0.0 0.0 0.0
60 0 100 0.0 0.0 0.0
61 1 18 1.0 38.15436697768484 38.15436697768484
62 0 100 0.0 0.0 0.0
63 2 28 13.494214179327372 122.22584512913716 1649.341732421874
64 1 30 1.0 72.61998620345668 72.61998620345668
65 0 5 0.0 5.0 0.0
66 20 371 12981.212045421978 12266136.615978345 159229320390.12967
67 0 100 0.0 0.0 0.0
68 4 48 151.22372397683895 749.6906189831174 113371.00723312848
69 2 116 13.494214179327372 54.53075711894446 735.8497159239173
70 1 105 1.0 7.59708563275366 7.59708563275366
71 2 14 13.494214179327372 44.97826169706515 606.9462967540338
72 1 109 1.0 15.931997307697284 15.931997307697284
73 0 100 0.0 0.0 0.0
74 2 40 13.494214179327372 204.4421003683832 2758.785489642506
75 0 100 0.0 0.0 0.0
76 0 6 0.0 6.0 0.0
77 0 6 0.0 6.0 0.0
78 0 100 0.0 0.0 0.0
79 0 100 0.0 0.0 0.0
80 6 118 552.5626438069447 9191.104391557652 5078660.942104716
81 0 100 0.0 0.0 0.0
82 1 107 1.0 11.607984241186918 11.607984241186918
83 0 6 0.0 6.0 0.0
84 0 6 0.0 6.0 0.0
85 0 100 0.0 0.0 0.0
86 0 100 0.0 0.0 0.0
87 4 175 151.22372397683895 1608.0874365260645 243180.97063184011
88 0 100 0.0 0.0 0.0
89 0 100 0.0 0.0 0.0
90 1 107 1.0 11.607984241186918 11.607984241186918
91 0 100 0.0 0.0 0.0
92 0 5 0.0 5.0 0.0
93 11 146 3127.3197986346404 90184.32931477204 282035238.592673
94 6 115 552.5626438069447 8749.296958158795 4834534.658652283
95 0 5 0.0 5.0 0.0
96 9 172 1814.8473014962385 65508.859210178634 118888576.3616897
97 0 100 0.0 0.0 0.0
98 0 100 0.0 0.0 0.0
99 0 100 0.0 0.0 0.0
100 17 223 9095.850952291546 1426591.9229522045 12976067500.916237
101 11 335 3127.3197986346404 268157.71975980385 838614946.1615541
102 2 122 13.494214179327372 86.31942417916456 1164.8127977098563
103 0 100 0.0 0.0 0.0
104 13 151 4801.088521889328 178502.55358571856 857006561.1483281
105 5 91 312.35291035940236 3629.2296992039956 1133600.4589091465
106 16 278 7916.453847805617 1924541.9875177636 15235547822.34847
107 8 148 1300.1508247099457 32683.32902098925 42493257.18090568
108 11 370 3127.3197986346404 368496.5781123595 1152406644.4598982
109 2 25 13.494214179327372 103.79546451213633 1400.6382289695412
110 4 150 151.22372397683895 803.8922494719358 121567.57964126418
111 14 289 5763.781188419757 1172454.4342860898 6757770812.617493
112 14 284 5763.781188419757 385053.4875313153 2219364047.9684167
113 18 264 10336.717591947081 2896089.0462376727 29936054592.090195
114 15 299 6803.971395961631 1731013.6222401606 11777767171.741985
115 6 67 552.5626438069447 3112.8302065571443 1720033.6886573334
116 17 253 9095.850952291546 1985900.2254718659 18063452457.014267
117 2 103 13.494214179327372 4.87672116324372 65.80751986966928
118 7 202 880.1589317377488 10404.0 9157173.525799539
119 10 230 2424.408141701412 178828.0688431483 433552226.0680694
120 3 53 57.02181064673912 545.90532331836 31128.509977306425
121 1 109 1.0 15.931997307697284 15.931997307697284
122 4 47 151.22372397683895 723.181183304868 109362.15164933914
123 6 211 552.5626438069447 8176.399536993932 4517972.944983246
124 18 304 10336.717591947081 4219917.534448581 43620095814.9006
125 0 100 0.0 0.0 0.0
126 19 254 11633.622691025432 3370722.54155573 39213714244.59366
127 13 306 4801.088521889328 979359.7852598962 4701993023.811285
128 23 401 17276.616480405057 32267677.350820687 557476286303.5817
129 1 103 1.0 3.9914906122521803 3.9914906122521803
130 6 145 552.5626438069447 13631.644416136303 7532337.478016451
131 14 153 5763.781188419757 244293.76643817127 1408055815.4445415
132 4 95 151.22372397683895 2409.1275506493207 364317.239744391
133 3 129 57.02181064673912 209.61005902119368 11952.345095158316
134 9 150 1814.8473014962385 48780.52804290304 88529209.68422417
135 14 161 5763.781188419757 277013.30028338014 1596644049.1154199
136 11 153 3127.3197986346404 100391.00291225547 313954771.0122844
137 3 51 57.02181064673912 513.5688732735056 29284.627045860994
138 14 229 5763.781188419757 660472.5308888281 3806819149.0050144
139 5 83 312.35291035940236 3070.409639894098 959051.387016486
140 10 235 2424.408141701412 54678.91489606342 132564006.45341478
141 4 167 151.22372397683895 1326.001420918201 200522.87286983026
142 1 21 1.0 46.33316012586883 46.33316012586883
143 0 100 0.0 0.0 0.0
144 5 169 312.35291035940236 2194.8788310889477 685576.7907768759
145 18 232 10336.717591947081 2051502.4450723694 21205801413.90201
146 18 325 10336.717591947081 5043287.214034844 52131035666.555756
147 8 123 1300.1508247099457 22242.203710402715 28918219.497446705
148 3 49 57.02181064673912 481.96892224029307 27482.74062159892
149 5 45 312.35291035940236 1009.4539298642129 315305.87286682293
150 19 344 11633.622691025432 7678544.792234537 89329292928.99487
151 2 37 13.494214179327372 182.69988024795316 2465.3913146033424
152 1 13 1.0 25.320989780782124 25.320989780782124
153 2 107 13.494214179327372 16.551687764173284 223.3520197191065
154 1 28 1.0 66.57403288693754 66.57403288693754
155 8 203 1300.1508247099457 15376.94813547303 19992351.799857322
156 12 127 3920.792982031498 88459.94504660563 346833131.7296233
157 0 100 0.0 0.0 0.0
158 20 326 12981.212045421978 8585721.508355737 111453071462.90605
159 17 287 9095.850952291546 2763585.0131305465 25137157373.422127
160 9 126 1814.8473014962385 33505.118966499955 60806674.742662884
161 21 393 14374.256054893494 18603298.958281174 267408582692.06702
162 10 312 2424.408141701412 149184.821393251 361684895.60406876
163 8 207 1300.1508247099457 16645.17504715694 21641238.065002505
164 8 166 1300.1508247099457 6092.617388755455 7921321.522632561
165 4 67 151.22372397683895 1326.001420918201 200522.87286983026
166 2 26 13.494214179327372 109.8359986590007 1482.1504905048694
167 17 293 9095.850952291546 2917575.38788949 26537830870.316998
168 14 181 5763.781188419757 369755.0901266186 2131187432.7942564
169 16 306 7916.453847805617 2463143.6663327124 19499363155.037636
170 3 37 57.02181064673912 308.57807572808247 17595.680603901845
171 1 9 1.0 15.931997307697284 15.931997307697284
172 24 390 18776.370315488246 37698048.75731982 707832523638.7684
173 19 255 11633.622691025432 3406866.0684544975 39634194399.25684
174 12 246 3920.792982031498 418686.2065047056 1641581940.1370401
175 14 215 5763.781188419757 565311.5939489864 3258332330.798756
176 11 144 3127.3197986346404 87380.91148351728 273268054.5051446
177 18 287 10336.717591947081 3619229.353791052 37410951730.62323
178 21 341 14374.256054893494 12499060.920724748 179664702120.21036
179 9 264 1814.8473014962385 59120.271421214304 107294265.05251597
180 1 103 1.0 3.9914906122521803 3.9914906122521803
181 13 187 4801.088521889328 298855.6518209848 1434832439.6594834
182 1 28 1.0 66.57403288693754 66.57403288693754
183 10 165 2424.408141701412 85435.8497069907 207131369.62280646
184 13 173 4801.088521889328 247747.62639934281 1189458285.4312103
185 13 173 4801.088521889328 247747.62639934281 1189458285.4312103
186 4 88 151.22372397683895 2113.579549242958 319623.3703578088
187 15 142 6803.971395961631 265110.4098181292 1803803645.1742167
188 18 271 10336.717591947081 3105555.3001002325 32101248103.31057
189 7 91 880.1589317377488 8281.0 7288596.113720298
190 12 110 3920.792982031498 63095.36134301125 247383849.95242
191 18 277 10336.717591947081 3292433.7336776685 34032957695.225967
192 18 329 10336.717591947081 5210623.385138517 53860742410.172165
193 13 249 4801.088521889328 595910.8869723005 2861020919.5116005
194 8 250 1300.1508247099457 33608.73957278992 43696430.47302461
195 19 369 11633.622691025432 9289270.093900293 108067863347.46239
196 5 54 312.35291035940236 1405.9451433371921 439151.0573270391
197 15 207 6803.971395961631 685298.1798703804 4662749213.542637
198 20 366 12981.212045421978 11815441.171250308 153378747254.20926
199 15 217 6803.971395961631 771808.5793093643 5251363496.778699
