0 2 51 13.494214179327372 290.23003402420613 3916.426240396108
1 4 15 151.22372397683895 102.58592153130833 15513.425081560232
2 0 100 0.0 0.0 0.0
3 0 6 0.0 6.0 0.0
4 2 38 13.494214179327372 189.8638195218893 2562.0630455335317
5 0 5 0.0 5.0 0.0
6 0 5 0.0 5.0 0.0
7 0 100 0.0 0.0 0.0
8 2 31 13.494214179327372 141.5519192260369 1910.1319155309898
9 1 9 1.0 15.931997307697284 15.931997307697284
10 2 24 13.494214179327372 97.86086952638261 1320.555533164218
11 0 6 0.0 6.0 0.0
12 0 100 0.0 0.0 0.0
13 0 100 0.0 0.0 0.0
14 0 100 0.0 0.0 0.0
15 0 100 0.0 0.0 0.0
16 0 100 0.0 0.0 0.0
17 2 7 13.494214179327372 16.551687764173284 223.3520197191065
18 0 6 0.0 6.0 0.0
19 0 100 0.0 0.0 0.0
20 2 45 13.494214179327372 242.29532664846576 3269.585032444484
21 1 6 1.0 9.55892689827884 9.55892689827884
22 1 9 1.0 15.931997307697284 15.931997307697284
23 0 8 0.0 8.0 0.0
24 0 100 0.0 0.0 0.0
25 4 37 151.22372397683895 480.38255499420245 72645.23889973194
26 0 5 0.0 5.0 0.0
27 0 100 0.0 0.0 0.0
28 0 5 0.0 5.0 0.0
29 4 64 151.22372397683895 1226.095534977771 185414.73275071313
30 1 13 1.0 25.320989780782124 25.320989780782124
31 0 100 0.0 0.0 0.0
32 0 6 0.0 6.0 0.0
33 0 6 0.0 6.0 0.0
34 0 100 0.0 0.0 0.0
35 1 107 1.0 11.607984241186918 11.607984241186918
36 0 100 0.0 0.0 0.0
37 6 35 552.5626438069447 898.8679807213463 496680.8678607969
38 0 10 0.0 10.0 0.0
39 0 5 0.0 5.0 0.0
40 1 110 1.0 18.1937008646705 18.1937008646705
41 1 15 1.0 30.323695983612147 30.323695983612147
42 0 6 0.0 6.0 0.0
43 0 10 0.0 10.0 0.0
44 0 100 0.0 0.0 0.0
45 1 9 1.0 15.931997307697284 15.931997307697284
46 1 11 1.0 20.51504931294799 20.51504931294799
47 0 100 0.0 0.0 0.0
48 0 6 0.0 6.0 0.0
49 1 102 1.0 2.3948263510722025 2.3948263510722025
50 0 10 0.0 10.0 0.0
51 4 64 151.22372397683895 1226.095534977771 185414.73275071313
52 0 100 0.0 0.0 0.0
53 2 44 13.494214179327372 234.56808185291177 3165.3119361571858
54 1 7 1.0 11.607984241186918 11.607984241186918
55 0 10 0.0 10.0 0.0
56 0 100 0.0 0.0 0.0
57 1 17 1.0 35.503281577765854 35.503281577765854
58 1 9 1.0 15.931997307697284 15.931997307697284
59 0 5 0.0 5.0 0.0
60 0 100 0.0 0.0 0.0
61 0 100 0.0 0.0 0.0
62 0 100 0.0 0.0 0.0
63 1 104 1.0 5.735193251789799 5.735193251789799
64 3 37 57.02181064673912 308.57807572808247 17595.680603901845
65 1 107 1.0 11.607984241186918 11.607984241186918
66 0 100 0.0 0.0 0.0
67 2 22 13.494214179327372 86.31942417916456 1164.8127977098563
68 1 10 1.0 18.1937008646705 18.1937008646705
69 0 100 0.0 0.0 0.0
70 2 20 13.494214179327372 75.23327232919837 1015.2138902218663
71 0 100 0.0 0.0 0.0
72 1 104 1.0 5.735193251789799 5.735193251789799
73 1 12 1.0 22.891970023971037 22.891970023971037
74 1 16 1.0 32.892441635375256 32.892441635375256
75 2 9 13.494214179327372 23.78240930402918 320.92492484899776
76 0 10 0.0 10.0 0.0
77 1 9 1.0 15.931997307697284 15.931997307697284
78 0 100 0.0 0.0 0.0
79 0 100 0.0 0.0 0.0
80 0 100 0.0 0.0 0.0
81 5 80 312.35291035940236 2871.732646582133 896994.0499340383
82 0 100 0.0 0.0 0.0
83 1 10 1.0 18.1937008646705 18.1937008646705
84 0 100 0.0 0.0 0.0
85 0 9 0.0 9.0 0.0
86 0 9 0.0 9.0 0.0
87 1 8 1.0 13.734791927877684 13.734791927877684
88 1 8 1.0 13.734791927877684 13.734791927877684
89 0 5 0.0 5.0 0.0
90 0 100 0.0 0.0 0.0
91 0 100 0.0 0.0 0.0
92 0 5 0.0 5.0 0.0
93 1 104 1.0 5.735193251789799 5.735193251789799
94 1 102 1.0 2.3948263510722025 2.3948263510722025
95 2 20 13.494214179327372 75.23327232919837 1015.2138902218663
96 3 62 57.02181064673912 700.2360303580608 39928.72633110161
97 1 32 1.0 78.7716859795011 78.7716859795011
98 0 100 0.0 0.0 0.0
99 2 11 13.494214179327372 31.76494829034237 428.6430156251388
100 1 20 1.0 43.57075425423803 43.57075425423803
101 1 101 1.0 1.0 1.0
102 0 100 0.0 0.0 0.0
103 2 31 13.494214179327372 141.5519192260369 1910.1319155309898
104 1 103 1.0 3.9914906122521803 3.9914906122521803
105 1 15 1.0 30.323695983612147 30.323695983612147
106 1 22 1.0 49.12998068819353 49.12998068819353
107 0 100 0.0 0.0 0.0
108 2 14 13.494214179327372 44.97826169706515 606.9462967540338
109 1 6 1.0 9.55892689827884 9.55892689827884
110 1 24 1.0 54.8222930413608 54.8222930413608
111 1 16 1.0 32.892441635375256 32.892441635375256
112 2 28 13.494214179327372 122.22584512913716 1649.341732421874
113 1 6 1.0 9.55892689827884 9.55892689827884
114 1 14 1.0 27.799106543625292 27.799106543625292
115 2 22 13.494214179327372 86.31942417916456 1164.8127977098563
116 1 14 1.0 27.799106543625292 27.799106543625292
117 0 6 0.0 6.0 0.0
118 4 39 151.22372397683895 525.6324972119714 79488.10367163974
119 1 9 1.0 15.931997307697284 15.931997307697284
120 0 100 0.0 0.0 0.0
121 5 64 312.35291035940236 1914.4623288244568 597987.8801817582
122 2 6 13.494214179327372 13.252209915340185 178.8281589470063
123 0 100 0.0 0.0 0.0
124 0 6 0.0 6.0 0.0
125 0 100 0.0 0.0 0.0
126 2 15 13.494214179327372 49.68406405407534 670.4474016451129
127 0 100 0.0 0.0 0.0
128 1 13 1.0 25.320989780782124 25.320989780782124
129 0 100 0.0 0.0 0.0
130 2 36 13.494214179327372 175.6210676402407 2369.868301139548
131 1 19 1.0 40.84402933782601 40.84402933782601
132 2 24 13.494214179327372 97.86086952638261 1320.555533164218
133 2 16 13.494214179327372 54.53075711894446 735.8497159239173
134 1 15 1.0 30.323695983612147 30.323695983612147
135 1 22 1.0 49.12998068819353 49.12998068819353
136 0 7 0.0 7.0 0.0
137 0 100 0.0 0.0 0.0
138 1 49 1.0 134.74529814364382 134.74529814364382
139 1 17 1.0 35.503281577765854 35.503281577765854
140 1 25 1.0 57.71571011139208 57.71571011139208
141 1 35 1.0 88.18685030395203 88.18685030395203
142 2 10 13.494214179327372 27.685321443873434 373.59165718715303
143 2 37 13.494214179327372 182.69988024795316 2465.3913146033424
144 0 100 0.0 0.0 0.0
145 2 39 13.494214179327372 197.11162840858907 2659.8665309814905
146 1 34 1.0 85.02419427196995 85.02419427196995
147 1 13 1.0 25.320989780782124 25.320989780782124
148 0 100 0.0 0.0 0.0
149 1 101 1.0 1.0 1.0
150 3 42 57.02181064673912 377.3528472077043 21517.342600485594
151 1 44 1.0 117.65777237975428 117.65777237975428
152 5 57 312.35291035940236 1551.0877169304622 484486.7626059507
153 0 100 0.0 0.0 0.0
154 5 47 312.35291035940236 1092.4547337912052 341231.4155355891
155 1 18 1.0 38.15436697768484 38.15436697768484
156 2 20 13.494214179327372 75.23327232919837 1015.2138902218663
157 2 20 13.494214179327372 75.23327232919837 1015.2138902218663
158 0 100 0.0 0.0 0.0
159 0 100 0.0 0.0 0.0
160 1 16 1.0 32.892441635375256 32.892441635375256
161 2 29 13.494214179327372 128.5709592386038 1734.9640612072888
162 2 12 13.494214179327372 36.01211998010309 485.95526006314566
163 0 5 0.0 5.0 0.0
164 2 33 13.494214179327372 154.90879557685506 2090.372465775723
165 6 56 552.5626438069447 2208.835584533681 1220520.030324789
166 2 7 13.494214179327372 16.551687764173284 223.3520197191065
167 1 25 1.0 57.71571011139208 57.71571011139208
168 7 111 880.1589317377488 12321.0 10844438.197940804
169 2 47 13.494214179327372 257.9778488812911 3481.2083463262925
170 2 14 13.494214179327372 44.97826169706515 606.9462967540338
171 0 100 0.0 0.0 0.0
172 2 23 13.494214179327372 92.0346545141889 1241.9353399348638
173 1 19 1.0 40.84402933782601 40.84402933782601
174 1 13 1.0 25.320989780782124 25.320989780782124
175 0 100 0.0 0.0 0.0
176 1 21 1.0 46.33316012586883 46.33316012586883
177 1 24 1.0 54.8222930413608 54.8222930413608
178 2 11 13.494214179327372 31.76494829034237 428.6430156251388
179 2 14 13.494214179327372 44.97826169706515 606.9462967540338
180 8 110 1300.1508247099457 17630.632823740572 22922481.805944543
181 2 29 13.494214179327372 128.5709592386038 1734.9640612072888
182 1 23 1.0 51.960050539976365 51.960050539976365
183 0 100 0.0 0.0 0.0
184 4 46 151.22372397683895 697.0692055589992 105413.40113420851
185 4 30 151.22372397683895 335.61535000671915 50753.00305180629
186 3 28 57.02181064673912 198.25318874016915 11304.755788454157
187 2 36 13.494214179327372 175.6210676402407 2369.868301139548
188 2 21 13.494214179327372 80.71796600694597 1089.2255214173952
189 2 115 13.494214179327372 49.68406405407534 670.4474016451129
190 3 20 57.02181064673912 116.21344721391306 6626.701181636562
191 1 19 1.0 40.84402933782601 40.84402933782601
192 0 100 0.0 0.0 0.0
193 4 45 151.22372397683895 671.3571728121805 101525.13179122015
194 4 14 151.22372397683895 91.16987782736926 13787.04843956822
195 4 32 151.22372397683895 374.7746947170294 56674.82498739214
196 0 5 0.0 5.0 0.0
197 4 38 151.22372397683895 502.796158813779 76034.7075370698
198 2 28 13.494214179327372 122.22584512913716 1649.341732421874
199 3 56 57.02181064673912 595.765723501293 33971.640275308266
