0 2 16 13.494214179327372 54.53075711894446 735.8497159239173
1 0 100 0.0 0.0 0.0
2 1 105 1.0 7.59708563275366 7.59708563275366
3 13 183 4801.088521889328 283680.1788009205 1361973650.3286116
4 1 18 1.0 38.15436697768484 38.15436697768484
5 19 344 11633.622691025432 7678544.792234537 89329292928.99487
6 5 89 312.35291035940236 3485.593399577667 1088735.2426876074
7 1 9 1.0 15.931997307697284 15.931997307697284
8 1 5 1.0 7.59708563275366 7.59708563275366
9 0 100 0.0 0.0 0.0
10 12 217 3920.792982031498 311744.51331515337 1222285699.9928782
11 1 18 1.0 38.15436697768484 38.15436697768484
12 13 157 4801.088521889328 196078.76378355332 941391502.1874667
13 1 106 1.0 9.55892689827884 9.55892689827884
14 1 109 1.0 15.931997307697284 15.931997307697284
15 1 8 1.0 13.734791927877684 13.734791927877684
16 0 5 0.0 5.0 0.0
17 2 129 13.494214179327372 128.5709592386038 1734.9640612072888
18 12 330 3920.792982031498 357447.7632466928 1401478681.5804894
19 0 100 0.0 0.0 0.0
20 0 100 0.0 0.0 0.0
21 0 100 0.0 0.0 0.0
22 0 10 0.0 10.0 0.0
23 0 100 0.0 0.0 0.0
24 3 37 57.02181064673912 308.57807572808247 17595.680603901845
25 1 23 1.0 51.960050539976365 51.960050539976365
26 1 19 1.0 40.84402933782601 40.84402933782601
27 2 118 13.494214179327372 64.62733255388774 872.0950673207774
28 1 106 1.0 9.55892689827884 9.55892689827884
29 1 114 1.0 27.799106543625292 27.799106543625292
30 0 100 0.0 0.0 0.0
31 0 5 0.0 5.0 0.0
32 26 443 21850.715853258855 86938307.0 1899664243020.3853
33 0 100 0.0 0.0 0.0
34 6 97 552.5626438069447 6317.679695554275 3490913.7953009238
35 17 255 9095.850952291546 2027306.7561124577 18440080088.172585
36 19 303 11633.622691025432 5440910.541569818 63297500336.2461
37 19 357 11633.622691025432 8491952.86908583 98792175588.91542
38 0 5 0.0 5.0 0.0
39 0 100 0.0 0.0 0.0
40 0 100 0.0 0.0 0.0
41 0 100 0.0 0.0 0.0
42 0 100 0.0 0.0 0.0
43 3 38 57.02181064673912 321.92161897300775 18356.553600170548
44 0 100 0.0 0.0 0.0
45 0 100 0.0 0.0 0.0
46 7 176 880.1589317377488 5776.0 5083797.989717238
47 0 10 0.0 10.0 0.0
48 0 100 0.0 0.0 0.0
49 6 77 552.5626438069447 4061.8785529685815 2244442.352051046
50 0 16 0.0 16.0 0.0
51 0 100 0.0 0.0 0.0
52 1 101 1.0 1.0 1.0
53 0 5 0.0 5.0 0.0
54 1 11 1.0 20.51504931294799 20.51504931294799
55 0 100 0.0 0.0 0.0
56 8 281 1300.1508247099457 49677.608577221006 64588383.761291765
57 21 379 14374.256054893494 16805385.757991973 241564917986.63702
58 0 100 0.0 0.0 0.0
59 13 227 4801.088521889328 476823.32726528787 2289271003.5024524
60 14 231 5763.781188419757 674789.6362210688 3889339811.3916078
61 0 100 0.0 0.0 0.0
62 0 100 0.0 0.0 0.0
63 0 100 0.0 0.0 0.0
64 1 6 1.0 9.55892689827884 9.55892689827884
65 0 100 0.0 0.0 0.0
66 0 100 0.0 0.0 0.0
67 0 100 0.0 0.0 0.0
68 0 6 0.0 6.0 0.0
69 0 100 0.0 0.0 0.0
70 20 426 12981.212045421978 17961463.189270783 233161562305.96536
71 1 10 1.0 18.1937008646705 18.1937008646705
72 14 295 5763.781188419757 1233402.6501916174 7109062992.921518
73 14 332 5763.781188419757 1650673.5149360723 9514120953.611252
74 1 9 1.0 15.931997307697284 15.931997307697284
75 0 100 0.0 0.0 0.0
76 1 105 1.0 7.59708563275366 7.59708563275366
77 0 6 0.0 6.0 0.0
78 0 100 0.0 0.0 0.0
79 15 215 6803.971395961631 754009.1679551424 5130256811.059619
80 0 6 0.0 6.0 0.0
81 0 100 0.0 0.0 0.0
82 0 100 0.0 0.0 0.0
83 0 100 0.0 0.0 0.0
84 0 8 0.0 8.0 0.0
85 1 19 1.0 40.84402933782601 40.84402933782601
86 1 9 1.0 15.931997307697284 15.931997307697284
87 2 13 13.494214179327372 40.41888428935346 545.4210814899858
88 0 7 0.0 7.0 0.0
89 0 5 0.0 5.0 0.0
90 1 27 1.0 63.59241768810072 63.59241768810072
91 0 100 0.0 0.0 0.0
92 0 5 0.0 5.0 0.0
93 0 100 0.0 0.0 0.0
94 1 20 1.0 43.57075425423803 43.57075425423803
95 1 100 1.0 0.0 0.0
96 0 100 0.0 0.0 0.0
97 0 100 0.0 0.0 0.0
98 0 5 0.0 5.0 0.0
99 3 141 57.02181064673912 363.1907597716439 20709.794732343995
100 0 100 0.0 0.0 0.0
101 13 241 4801.088521889328 550807.6308293868 2644476194.1440234
102 2 119 13.494214179327372 69.8685662777562 942.821397754572
103 2 46 13.494214179327372 250.0988923255542 3374.8880190535633
104 2 31 13.494214179327372 141.5519192260369 1910.1319155309898
105 0 100 0.0 0.0 0.0
106 19 347 11633.622691025432 3124487.2809806853 36349106129.83726
107 12 288 3920.792982031498 222487.8177576797 872328674.4518135
108 2 129 13.494214179327372 128.5709592386038 1734.9640612072888
109 1 14 1.0 27.799106543625292 27.799106543625292
110 10 237 2424.408141701412 191158.24807022724 463445612.9748372
111 10 203 2424.408141701412 135464.42171872893 328421046.92576003
112 0 100 0.0 0.0 0.0
113 25 408 20302.483562333644 54208884.31992098 1100574982837.6416
114 12 117 3920.792982031498 72945.27356932806 286003316.6829892
115 2 148 13.494214179327372 265.93129728965954 3588.5338826130464
116 21 405 14374.256054893494 20239115.459723867 290922227942.6243
117 2 114 13.494214179327372 44.97826169706515 606.9462967540338
118 25 407 20302.483562333644 53816218.43853658 1092602890235.3456
119 13 367 4801.088521889328 705078.2947892806 3385143308.1461153
120 21 353 14374.256054893494 13770982.618961489 197947630292.44025
121 15 369 6803.971395961631 2941041.20197264 20010760212.566456
122 18 259 10336.717591947081 2752029.40106111 28446950723.503967
123 18 361 10336.717591947081 6675079.372143912 68998410373.68306
124 17 405 9095.850952291546 6814991.4118022695 61988146122.90038
125 2 22 13.494214179327372 86.31942417916456 1164.8127977098563
126 4 57 151.22372397683895 1005.7817905983286 152098.06788237247
127 10 147 2424.408141701412 66080.08644124573 160205099.57248923
128 19 387 11633.622691025432 10571295.91987148 122982468086.96141
129 17 235 9095.850952291546 1636649.5489221425 14886720358.131
130 0 100 0.0 0.0 0.0
131 3 35 57.02181064673912 282.5239294230334 16110.026006732896
132 16 255 7916.453847805617 1541318.755448807 12201778792.267673
133 23 418 17276.616480405057 36373134.80542197 628404700223.348
134 2 44 13.494214179327372 234.56808185291177 3165.3119361571858
135 2 147 13.494214179327372 257.9778488812911 3481.2083463262925
136 14 215 5763.781188419757 565311.5939489864 3258332330.798756
137 12 291 3920.792982031498 230926.02514745313 905413138.7665634
138 18 221 10336.717591947081 1802105.484326511 18627855462.38216
139 0 100 0.0 0.0 0.0
140 20 387 12981.212045421978 13781558.815566681 178901337301.32565
141 16 323 7916.453847805617 2830520.163046145 22407682236.038036
142 13 171 4801.088521889328 240900.83281529308 1156586223.3430836
143 7 110 880.1589317377488 12100.0 10649923.074026762
144 16 253 7916.453847805617 1510426.3596303458 11957220566.522682
145 17 348 9095.850952291546 1884684.4024590454 17142808416.876133
146 10 362 2424.408141701412 238920.78054085205 579241485.564898
147 11 369 3127.3197986346404 365379.41960174474 1142658292.9341702
148 14 122 5763.781188419757 139767.37407900378 805588561.4713892
149 19 308 11633.622691025432 5688082.73418224 66173008364.81249
150 0 100 0.0 0.0 0.0
151 23 436 17276.616480405057 41076791.15620016 709667967051.3644
152 18 268 10336.717591947081 3014663.811978287 31161728459.082207
153 0 100 0.0 0.0 0.0
154 11 174 3127.3197986346404 134765.04830411234 421453403.7254042
155 12 189 3920.792982031498 225280.5021079264 883278211.6532899
156 0 100 0.0 0.0 0.0
157 3 53 57.02181064673912 545.90532331836 31128.509977306425
158 13 223 4801.088521889328 456823.8815468923 2193251894.2197146
159 13 222 4801.088521889328 451902.215379468 2169622539.2747226
160 15 345 6803.971395961631 1047903.4803767416 7129905306.21199
161 8 255 1300.1508247099457 35981.02511980672 46780759.48342598
162 18 355 10336.717591947081 6383127.831626122 65980589748.81676
163 17 236 9095.850952291546 1654964.609250074 15053311417.056093
164 24 370 18776.370315488246 32319705.625746153 606846761316.5785
165 10 99 2424.408141701412 27431.71378523401 66505670.2417442
166 13 296 4801.088521889328 334705.799790386 1606952173.5834098
167 17 404 9095.850952291546 6770980.025756428 61587825115.22365
168 17 238 9095.850952291546 1691973.6991776354 15389940582.917145
169 19 336 11633.622691025432 7203438.290122181 83802083145.36685
170 9 154 1814.8473014962385 51626.24357981338 93693748.84721182
171 13 215 4801.088521889328 418319.8863488232 2008390804.8273833
172 16 213 7916.453847805617 970330.3386653488 7681575343.169828
173 15 212 6803.971395961631 727778.1968317925 4951782033.84805
174 20 265 12981.212045421978 4847877.385240962 62931324308.018776
175 19 326 11633.622691025432 6636240.672947672 77203520075.90993
176 24 410 18776.370315488246 43634132.20686619 819290624711.0919
177 8 201 1300.1508247099457 14762.38290447426 19193324.307936214
178 24 467 18776.370315488246 63845443.43568847 1198785688905.045
179 26 355 21850.715853258855 44738875.0 977576445219.4662
180 7 98 880.1589317377488 9604.0 8453046.38040934
181 21 356 14374.256054893494 14101432.877788752 202697606926.22916
182 13 319 4801.088521889328 437323.9661405178 2099631074.1843572
183 8 270 1300.1508247099457 43603.43660138131 56691044.05747375
184 11 185 3127.3197986346404 155069.9102871652 484953200.61354923
185 13 303 4801.088521889328 956378.3915302812 4591657318.159011
186 15 379 6803.971395961631 3146035.663233547 21405536663.31623
187 16 321 7916.453847805617 2785673.717634256 22052657420.696686
188 10 212 2424.408141701412 36092.75916782261 87503579.18293741
189 14 204 5763.781188419757 496635.5526186232 2862498655.683671
190 12 187 3920.792982031498 219715.13514294155 861457559.9145474
191 18 449 10336.717591947081 11946990.24688802 123492664255.82759
192 18 296 10336.717591947081 3930057.2443779106 40623891855.32022
193 17 293 9095.850952291546 2917575.38788949 26537830870.316998
194 19 241 11633.622691025432 2922732.1942043807 34001963574.286633
195 17 326 9095.850952291546 3859165.4422222124 35102393662.68754
196 13 253 4801.088521889328 619244.7509951711 2973048866.243131
197 17 256 9095.850952291546 2048208.5007801168 18630199242.312466
198 22 409 15807.685316481819 26754305.148911238 422923636655.1181
199 24 337 18776.370315488246 24594311.300665144 461791896635.6861
