0 1 15 1.0 30.323695983612147 30.323695983612147
1 0 10 0.0 10.0 0.0
2 0 10 0.0 10.0 0.0
3 1 101 1.0 1.0 1.0
4 2 43 13.494214179327372 226.91812071099523 3062.081722044632
5 0 100 0.0 0.0 0.0
6 0 10 0.0 10.0 0.0
7 1 9 1.0 15.931997307697284 15.931997307697284
8 0 6 0.0 6.0 0.0
9 0 6 0.0 6.0 0.0
10 0 5 0.0 5.0 0.0
11 2 22 13.494214179327372 86.31942417916456 1164.8127977098563
12 0 100 0.0 0.0 0.0
13 0 9 0.0 9.0 0.0
14 0 6 0.0 6.0 0.0
15 0 5 0.0 5.0 0.0
16 1 13 1.0 25.320989780782124 25.320989780782124
17 11 173 3127.3197986346404 132998.42546222862 415928609.13526106
18 0 100 0.0 0.0 0.0
19 1 15 1.0 30.323695983612147 30.323695983612147
20 20 398 12981.212045421978 14889505.11620731 193283823164.8825
21 16 345 7916.453847805617 3353107.828373114 26544723370.03148
22 1 16 1.0 32.892441635375256 32.892441635375256
23 2 26 13.494214179327372 109.8359986590007 1482.1504905048694
24 0 6 0.0 6.0 0.0
25 0 100 0.0 0.0 0.0
26 0 100 0.0 0.0 0.0
27 0 5 0.0 5.0 0.0
28 18 287 10336.717591947081 3619229.353791052 37410951730.62323
29 2 28 13.494214179327372 122.22584512913716 1649.341732421874
30 0 100 0.0 0.0 0.0
31 0 100 0.0 0.0 0.0
32 5 100 312.35291035940236 4307.65770069211 1345509.419643272
33 2 12 13.494214179327372 36.01211998010309 485.95526006314566
34 8 136 1300.1508247099457 27411.939785516835 35639656.11903909
35 0 100 0.0 0.0 0.0
36 2 9 13.494214179327372 23.78240930402918 320.92492484899776
37 1 9 1.0 15.931997307697284 15.931997307697284
38 6 195 552.5626438069447 6070.84515091352 3354522.246731345
39 3 42 57.02181064673912 377.3528472077043 21517.342600485594
40 0 9 0.0 9.0 0.0
41 1 8 1.0 13.734791927877684 13.734791927877684
42 0 5 0.0 5.0 0.0
43 0 6 0.0 6.0 0.0
44 2 49 13.494214179327372 273.9583678426836 3696.8528918881248
45 0 100 0.0 0.0 0.0
46 0 6 0.0 6.0 0.0
47 0 6 0.0 6.0 0.0
48 0 100 0.0 0.0 0.0
49 0 100 0.0 0.0 0.0
50 1 7 1.0 11.607984241186918 11.607984241186918
51 0 6 0.0 6.0 0.0
52 0 100 0.0 0.0 0.0
53 1 104 1.0 5.735193251789799 5.735193251789799
54 0 5 0.0 5.0 0.0
55 9 203 1814.8473014962385 93615.87722311099 169898522.15556616
56 1 17 1.0 35.503281577765854 35.503281577765854
57 0 10 0.0 10.0 0.0
58 1 23 1.0 51.960050539976365 51.960050539976365
59 0 100 0.0 0.0 0.0
60 0 100 0.0 0.0 0.0
61 0 6 0.0 6.0 0.0
62 0 5 0.0 5.0 0.0
63 0 5 0.0 5.0 0.0
64 0 100 0.0 0.0 0.0
65 1 107 1.0 11.607984241186918 11.607984241186918
66 0 100 0.0 0.0 0.0
67 1 107 1.0 11.607984241186918 11.607984241186918
68 6 95 552.5626438069447 6070.84515091352 3354522.246731345
69 0 10 0.0 10.0 0.0
70 0 100 0.0 0.0 0.0
71 1 49 1.0 134.74529814364382 134.74529814364382
72 0 6 0.0 6.0 0.0
73 0 6 0.0 6.0 0.0
74 15 247 6803.971395961631 1069592.9085283494 7277479554.9502945
75 0 6 0.0 6.0 0.0
76 1 18 1.0 38.15436697768484 38.15436697768484
77 3 52 57.02181064673912 529.6457757489877 30201.361134604027
78 6 120 552.5626438069447 9491.407950004868 5244597.470304944
79 1 102 1.0 2.3948263510722025 2.3948263510722025
80 4 63 151.22372397683895 1193.5182370479756 180488.2724406665
81 0 100 0.0 0.0 0.0
82 3 115 57.02181064673912 73.60859052492496 4197.295110885627
83 0 100 0.0 0.0 0.0
84 12 249 3920.792982031498 128791.81270302724 504966035.38914436
85 1 113 1.0 25.320989780782124 25.320989780782124
86 0 5 0.0 5.0 0.0
87 0 100 0.0 0.0 0.0
88 0 10 0.0 10.0 0.0
89 2 11 13.494214179327372 31.76494829034237 428.6430156251388
90 0 100 0.0 0.0 0.0
91 2 37 13.494214179327372 182.69988024795316 2465.3913146033424
92 0 11 0.0 11.0 0.0
93 0 5 0.0 5.0 0.0
94 2 34 13.494214179327372 161.72412498062124 2182.3399804528112
95 0 5 0.0 5.0 0.0
96 0 100 0.0 0.0 0.0
97 1 10 1.0 18.1937008646705 18.1937008646705
98 1 9 1.0 15.931997307697284 15.931997307697284
99 3 150 57.02181064673912 497.6760852315066 28378.391495481366
100 0 100 0.0 0.0 0.0
101 7 135 880.1589317377488 18225.0 16040896.530920472
102 6 219 552.5626438069447 9340.680210924138 5161310.9523034515
103 1 101 1.0 1.0 1.0
104 2 113 13.494214179327372 40.41888428935346 545.4210814899858
105 1 26 1.0 60.63937356224698 60.63937356224698
106 15 193 6803.971395961631 574438.4857657645 3908463025.8897743
107 0 100 0.0 0.0 0.0
108 4 99 151.22372397683895 2585.1644858987506 390938.20065027947
109 3 116 57.02181064673912 81.54950460903234 4650.100410151621
110 15 253 6803.971395961631 1136277.115516111 7731196991.8574095
111 4 132 151.22372397683895 374.7746947170294 56674.82498739214
112 1 11 1.0 20.51504931294799 20.51504931294799
113 2 22 13.494214179327372 86.31942417916456 1164.8127977098563
114 0 100 0.0 0.0 0.0
115 1 15 1.0 30.323695983612147 30.323695983612147
116 1 106 1.0 9.55892689827884 9.55892689827884
117 2 110 13.494214179327372 27.685321443873434 373.59165718715303
118 20 290 12981.212045421978 6216835.390701198 80702058458.17604
119 7 195 880.1589317377488 9025.0 7943434.358933183
120 2 111 13.494214179327372 31.76494829034237 428.6430156251388
121 0 100 0.0 0.0 0.0
122 2 36 13.494214179327372 175.6210676402407 2369.868301139548
123 2 24 13.494214179327372 97.86086952638261 1320.555533164218
124 10 182 2424.408141701412 106256.07517273349 257608093.75401235
125 6 160 552.5626438069447 2520.4667612931225 1392715.7772476552
126 0 100 0.0 0.0 0.0
127 1 103 1.0 3.9914906122521803 3.9914906122521803
128 0 100 0.0 0.0 0.0
129 12 203 3920.792982031498 266498.93371917546 1044887149.0450205
130 9 142 1814.8473014962385 43347.5615654562 78669205.13351025
131 16 237 7916.453847805617 1276870.062281328 10108282917.694818
132 12 121 3920.792982031498 78945.15618880167 309527614.35043406
133 4 169 151.22372397683895 1394.4010936602072 210866.52610067354
134 7 109 880.1589317377488 11881.0 10457168.267976195
135 2 53 13.494214179327372 306.7864203576611 4139.841663615438
136 6 86 552.5626438069447 5018.366904356723 2772962.084264624
137 3 38 57.02181064673912 321.92161897300775 18356.553600170548
138 1 105 1.0 7.59708563275366 7.59708563275366
139 2 33 13.494214179327372 154.90879557685506 2090.372465775723
140 1 17 1.0 35.503281577765854 35.503281577765854
141 1 114 1.0 27.799106543625292 27.799106543625292
142 3 128 57.02181064673912 198.25318874016915 11304.755788454157
143 8 196 1300.1508247099457 13282.821141836259 17269670.862033114
144 0 100 0.0 0.0 0.0
145 2 129 13.494214179327372 128.5709592386038 1734.9640612072888
146 3 54 57.02181064673912 562.3460860297637 32065.99203552405
147 2 10 13.494214179327372 27.685321443873434 373.59165718715303
148 7 101 880.1589317377488 10201.0 8978501.262656776
149 1 110 1.0 18.1937008646705 18.1937008646705
150 4 48 151.22372397683895 749.6906189831174 113371.00723312848
151 18 254 10336.717591947081 2612535.823842496 27005045009.90469
152 9 148 1814.8473014962385 47390.045546024034 86005696.27698556
153 1 10 1.0 18.1937008646705 18.1937008646705
154 4 40 151.22372397683895 548.8883970182196 83004.94744477284
155 3 141 57.02181064673912 363.1907597716439 20709.794732343995
156 14 157 5763.781188419757 260347.99462064612 1500588873.8372881
157 3 132 57.02181064673912 245.06238675558936 13973.901014215166
158 9 101 1814.8473014962385 20805.564213111866 37758922.06827278
159 11 159 3127.3197986346404 109632.99624762133 342857439.7488234
160 7 144 880.1589317377488 20736.0 18250975.60851396
161 8 246 1300.1508247099457 31771.327600928158 41307517.782476604
162 3 39 57.02181064673912 335.47304520277595 19129.280460637645
163 5 153 312.35291035940236 1358.9929081032851 424485.39000384894
164 10 172 2424.408141701412 93706.72457701275 227183345.99668154
165 12 135 3920.792982031498 102123.96927613537 400406942.03507185
166 4 150 151.22372397683895 803.8922494719358 121567.57964126418
167 0 100 0.0 0.0 0.0
168 1 30 1.0 72.61998620345668 72.61998620345668
169 0 100 0.0 0.0 0.0
170 2 15 13.494214179327372 49.68406405407534 670.4474016451129
171 0 100 0.0 0.0 0.0
172 14 265 5763.781188419757 946756.3646287718 5456896524.463991
173 2 26 13.494214179327372 109.8359986590007 1482.1504905048694
174 9 166 1814.8473014962385 60684.51432254732 110133127.06088485
175 2 136 13.494214179327372 175.6210676402407 2369.868301139548
176 1 102 1.0 2.3948263510722025 2.3948263510722025
177 3 134 57.02181064673912 269.81820202916316 15385.522425150542
178 3 71 57.02181064673912 868.3392862126454 49514.278355542076
179 3 75 57.02181064673912 947.2709566120693 54015.10511908885
180 12 193 3920.792982031498 236652.0012546562 927863505.7029653
181 9 161 1814.8473014962385 56814.89680416015 103110362.1498173
182 10 155 2424.408141701412 74345.3976110817 180243587.2663352
183 12 185 3920.792982031498 214229.6252136221 839950011.0808076
184 2 15 13.494214179327372 49.68406405407534 670.4474016451129
185 19 322 11633.622691025432 6417533.701163957 74659165686.28143
186 12 191 3920.792982031498 230926.02514745313 905413138.7665634
187 6 107 552.5626438069447 7622.045029127996 4211657.352510546
188 12 278 3920.792982031498 195654.84795872527 767122154.7770098
189 2 119 13.494214179327372 69.8685662777562 942.821397754572
190 3 31 57.02181064673912 233.0178128969552 13287.097604327464
191 12 195 3920.792982031498 242458.72541212823 950630469.0281744
192 7 105 880.1589317377488 11025.0 9703752.22240868
193 3 136 57.02181064673912 295.444715883087 16846.792645665024
194 13 257 4801.088521889328 643104.6864199162 3087602528.3438954
195 8 96 1300.1508247099457 13282.821141836259 17269670.862033114
196 4 62 151.22372397683895 1161.3060165688764 175617.02050225413
197 2 37 13.494214179327372 182.69988024795316 2465.3913146033424
198 10 138 2424.408141701412 57418.05598112961 139204802.4013181
199 19 294 11633.622691025432 5013320.589298971 58323080165.0535
