0 7 127 880.1589317377488 16129.0 14196083.40999815
1 0 100 0.0 0.0 0.0
2 0 100 0.0 0.0 0.0
3 0 5 0.0 5.0 0.0
4 1 104 1.0 5.735193251789799 5.735193251789799
5 0 100 0.0 0.0 0.0
6 0 100 0.0 0.0 0.0
7 0 100 0.0 0.0 0.0
8 2 36 13.494214179327372 175.6210676402407 2369.868301139548
9 0 100 0.0 0.0 0.0
10 1 9 1.0 15.931997307697284 15.931997307697284
11 0 6 0.0 6.0 0.0
12 0 100 0.0 0.0 0.0
13 0 5 0.0 5.0 0.0
14 14 312 5763.781188419757 1416166.037798881 8162471168.344133
15 0 100 0.0 0.0 0.0
16 0 100 0.0 0.0 0.0
17 1 11 1.0 20.51504931294799 20.51504931294799
18 1 104 1.0 5.735193251789799 5.735193251789799
19 0 6 0.0 6.0 0.0
20 0 100 0.0 0.0 0.0
21 12 163 3920.792982031498 159071.89323840395 623687962.6475979
22 0 100 0.0 0.0 0.0
23 20 313 12981.212045421978 7673925.984554215 99616860426.3719
24 7 136 880.1589317377488 18496.0 16279419.601421403
25 0 100 0.0 0.0 0.0
26 0 100 0.0 0.0 0.0
27 16 274 7916.453847805617 1854142.6538312496 14678234746.302914
28 2 42 13.494214179327372 219.34644070399202 2959.9078503327996
29 8 161 1300.1508247099457 38938.82165695482 50626341.0905233
30 0 10 0.0 10.0 0.0
31 1 22 1.0 49.12998068819353 49.12998068819353
32 0 6 0.0 6.0 0.0
33 13 236 4801.088521889328 523667.36265542824 2514173364.133033
34 19 464 11633.622691025432 8951559.725596303 104139068343.76654
35 0 100 0.0 0.0 0.0
36 0 5 0.0 5.0 0.0
37 1 7 1.0 11.607984241186918 11.607984241186918
38 0 100 0.0 0.0 0.0
39 18 325 10336.717591947081 5043287.214034844 52131035666.555756
40 1 103 1.0 3.9914906122521803 3.9914906122521803
41 0 100 0.0 0.0 0.0
42 0 5 0.0 5.0 0.0
43 6 97 552.5626438069447 6317.679695554275 3490913.7953009238
44 10 257 2424.408141701412 76495.71491932069 185456834.05567124
45 1 9 1.0 15.931997307697284 15.931997307697284
46 0 100 0.0 0.0 0.0
47 0 100 0.0 0.0 0.0
48 2 28 13.494214179327372 122.22584512913716 1649.341732421874
49 0 100 0.0 0.0 0.0
50 8 206 1300.1508247099457 65018.6239355122 84534017.53126201
51 0 100 0.0 0.0 0.0
52 21 330 14374.256054893494 11401844.515856873 163893032569.00986
53 16 315 7916.453847805617 2653749.5571873826 21008285893.10851
54 1 104 1.0 5.735193251789799 5.735193251789799
55 0 6 0.0 6.0 0.0
56 0 7 0.0 7.0 0.0
57 0 100 0.0 0.0 0.0
58 2 113 13.494214179327372 40.41888428935346 545.4210814899858
59 1 18 1.0 38.15436697768484 38.15436697768484
60 0 100 0.0 0.0 0.0
61 0 6 0.0 6.0 0.0
62 2 24 13.494214179327372 97.86086952638261 1320.555533164218
63 0 100 0.0 0.0 0.0
64 8 117 1300.1508247099457 20044.718154360755 26061156.839470558
65 4 68 151.22372397683895 1360.0227175454593 205667.70004032494
66 0 100 0.0 0.0 0.0
67 0 100 0.0 0.0 0.0
68 3 124 57.02181064673912 155.22039240905832 8850.947824461866
69 3 60 57.02181064673912 664.7206420100937 37903.574581678426
70 0 6 0.0 6.0 0.0
71 2 10 13.494214179327372 27.685321443873434 373.59165718715303
72 0 100 0.0 0.0 0.0
73 0 100 0.0 0.0 0.0
74 5 56 312.35291035940236 1501.9949206988383 469152.4848253219
75 0 100 0.0 0.0 0.0
76 0 6 0.0 6.0 0.0
77 0 100 0.0 0.0 0.0
78 9 177 1814.8473014962385 69680.55278268627 126459563.18442439
79 2 111 13.494214179327372 31.76494829034237 428.6430156251388
80 1 9 1.0 15.931997307697284 15.931997307697284
81 1 10 1.0 18.1937008646705 18.1937008646705
82 0 10 0.0 10.0 0.0
83 0 11 0.0 11.0 0.0
84 1 109 1.0 15.931997307697284 15.931997307697284
85 1 107 1.0 11.607984241186918 11.607984241186918
86 11 247 3127.3197986346404 300544.34518186696 939898281.054936
87 3 14 57.02181064673912 65.97278979840442 3761.8879277217393
88 1 102 1.0 2.3948263510722025 2.3948263510722025
89 4 56 151.22372397683895 975.7969952136767 147563.65546162188
90 17 278 9095.850952291546 2542197.9604708296 23123453739.662224
91 0 9 0.0 9.0 0.0
92 2 115 13.494214179327372 49.68406405407534 670.4474016451129
93 1 17 1.0 35.503281577765854 35.503281577765854
94 20 400 12981.212045421978 15096845.7758247 195975356233.0135
95 0 100 0.0 0.0 0.0
96 0 6 0.0 6.0 0.0
97 12 201 3920.792982031498 260366.30656647639 1020842387.5433022
98 0 5 0.0 5.0 0.0
99 0 100 0.0 0.0 0.0
100 11 198 3127.3197986346404 181155.15933402994 566530116.4101248
101 10 94 2424.408141701412 24445.395189453768 59265615.12442025
102 24 547 18776.370315488246 101373282.47235106 1903422291797.4573
103 0 100 0.0 0.0 0.0
104 13 444 4801.088521889328 1298574.014341037 6234568795.076501
105 1 113 1.0 25.320989780782124 25.320989780782124
106 10 323 2424.408141701412 166948.78471592552 404751992.91244614
107 17 231 9095.850952291546 1564644.7799730715 14231775711.91606
108 0 100 0.0 0.0 0.0
109 25 333 20302.483562333644 29698268.17054884 602948601362.3444
110 4 165 151.22372397683895 1259.0362466163215 190396.14983514193
111 0 100 0.0 0.0 0.0
112 17 293 9095.850952291546 2917575.38788949 26537830870.316998
113 4 153 151.22372397683895 888.1171619831025 134304.38456282625
114 2 47 13.494214179327372 257.9778488812911 3481.2083463262925
115 18 270 10336.717591947081 3075070.4995178157 31786135328.843304
116 1 108 1.0 13.734791927877684 13.734791927877684
117 1 105 1.0 7.59708563275366 7.59708563275366
118 1 102 1.0 2.3948263510722025 2.3948263510722025
119 20 278 12981.212045421978 5532663.737682136 71820681154.86873
120 20 415 12981.212045421978 16710759.500995127 216925912522.4677
121 5 187 312.35291035940236 3344.5706484424895 1044686.3759436451
122 0 100 0.0 0.0 0.0
123 8 116 1300.1508247099457 19689.9977613532 25599966.827960346
124 17 260 9095.850952291546 2133146.1858255807 19402779765.71869
125 11 286 3127.3197986346404 156995.63646857248 490975562.2274133
126 15 300 6803.971395961631 1745638.951090852 11877277490.898623
127 15 342 6803.971395961631 2428542.2533234004 16523732025.496622
128 0 100 0.0 0.0 0.0
129 17 257 9095.850952291546 2069242.9946733783 18821525863.62246
130 2 119 13.494214179327372 69.8685662777562 942.821397754572
131 1 12 1.0 22.891970023971037 22.891970023971037
132 7 123 880.1589317377488 15129.0 13315924.478260402
133 22 387 15807.685316481819 22861554.9925687 361388267167.96985
134 7 215 880.1589317377488 13225.0 11640101.87223173
135 8 151 1300.1508247099457 34076.47778705137 44304560.698044986
136 14 256 5763.781188419757 869421.7094878121 5011156493.949598
137 18 288 10336.717591947081 3652977.264034573 37759794348.12889
138 10 217 2424.408141701412 157123.06072619176 380930427.6736247
139 2 10 13.494214179327372 27.685321443873434 373.59165718715303
140 16 232 7916.453847805617 1208747.8329140423 9568996432.89907
141 16 302 7916.453847805617 2381201.772356499 18850673933.17316
142 19 391 11633.622691025432 10870518.402988235 126463509556.21347
143 15 260 6803.971395961631 1217170.7636398226 8281595059.8061285
144 19 302 11633.622691025432 5392306.072990233 62732054287.69341
145 18 244 10336.717591947081 2347010.047155583 24260380042.90966
146 18 464 10336.717591947081 6824127.848941486 70539082385.84946
147 15 320 6803.971395961631 2053914.5981636269 13974776175.653345
148 2 48 13.494214179327372 265.93129728965954 3588.5338826130464
149 14 431 5763.781188419757 1638438.79813555 9443602723.070759
150 22 274 15807.685316481819 8563244.23244903 135365070114.73216
151 26 458 21850.715853258855 96071912.0 2099240050591.2896
152 1 105 1.0 7.59708563275366 7.59708563275366
153 4 58 151.22372397683895 1036.142416344768 156689.31477001615
154 19 339 11633.622691025432 7379358.921199157 85848677390.88347
155 20 371 12981.212045421978 12266136.615978345 159229320390.12967
156 17 301 9095.850952291546 3130990.9571632138 28479027079.32924
157 15 293 6803.971395961631 1644814.3427691713 11191269739.868872
158 15 313 6803.971395961631 1942574.5006651205 13217221337.049929
159 12 204 3920.792982031498 269596.0522671843 1057030309.7125732
160 18 239 10336.717591947081 2220858.4563228427 22956386674.696766
161 17 404 9095.850952291546 6770980.025756428 61587825115.22365
162 15 495 6803.971395961631 3491521.15493424 23756210066.567486
163 19 273 11633.622691025432 4099801.273584144 47695541125.06346
164 25 452 20302.483562333644 73423853.56540817 1490686580094.8918
165 21 347 14374.256054893494 13125114.51279478 188663756756.71085
166 2 34 13.494214179327372 161.72412498062124 2182.3399804528112
167 9 213 1814.8473014962385 103834.5270766233 188443811.2671479
168 20 304 12981.212045421978 7080435.268983905 91912631600.56448
169 18 279 10336.717591947081 3356249.884797597 34692607227.157684
170 6 67 552.5626438069447 3112.8302065571443 1720033.6886573334
171 18 311 10336.717591947081 4484209.88753331 46352011230.44861
172 18 335 10336.717591947081 5468065.726742697 56521851191.544136
173 21 446 14374.256054893494 26517982.165215574 381176265701.90765
174 14 269 5763.781188419757 982391.0802346964 5662287227.928107
175 18 266 10336.717591947081 2955004.571872103 30545047742.35442
176 13 221 4801.088521889328 447011.7125487216 2146142802.2677588
177 2 32 13.494214179327372 148.1842032776824 1999.6293770220316
178 12 203 3920.792982031498 266498.93371917546 1044887149.0450205
179 19 258 11633.622691025432 3516762.294336253 40912685626.332886
180 19 313 11633.622691025432 5942230.755700682 69129670554.82866
181 21 333 14374.256054893494 11694669.468599379 168102173418.9927
182 10 152 2424.408141701412 71183.06768899111 172576808.8564728
183 9 266 1814.8473014962385 60684.51432254732 110133127.06088485
184 17 318 9095.850952291546 3615882.7491827626 32889530547.528606
185 19 279 11633.622691025432 4349017.273274782 50594826034.03106
186 15 265 6803.971395961631 1277017.860193162 8688792992.886404
187 12 171 3920.792982031498 178041.48661609797 698063811.2348518
188 8 229 1300.1508247099457 24558.59479359431 31929877.27460902
189 9 176 1814.8473014962385 68835.16986212213 124925322.27230754
190 19 386 11633.622691025432 10497312.996147135 122121778666.77347
191 9 224 1814.8473014962385 32369.82111547107 58746282.50132863
192 13 174 4801.088521889328 251213.18992329275 1206096762.6879246
193 9 148 1814.8473014962385 47390.045546024034 86005696.27698556
194 20 269 12981.212045421978 5052453.2989385985 65586967623.11375
195 15 339 6803.971395961631 2375219.3378292667 16160924433.725256
196 18 310 10336.717591947081 4445838.1823267015 45955373750.20645
197 12 337 3920.792982031498 383555.45220462925 1503841525.223828
198 9 139 1814.8473014962385 41398.5782979627 75132098.10983834
199 19 335 11633.622691025432 7145392.781607167 83126803600.39447
