0 2 23 13.494214179327372 92.0346545141889 1241.9353399348638
1 0 100 0.0 0.0 0.0
2 1 10 1.0 18.1937008646705 18.1937008646705
3 0 100 0.0 0.0 0.0
4 0 100 0.0 0.0 0.0
5 1 107 1.0 11.607984241186918 11.607984241186918
6 0 11 0.0 11.0 0.0
7 0 5 0.0 5.0 0.0
8 1 10 1.0 18.1937008646705 18.1937008646705
9 0 6 0.0 6.0 0.0
10 1 104 1.0 5.735193251789799 5.735193251789799
11 7 193 880.1589317377488 8649.0 7612494.60059979
12 0 100 0.0 0.0 0.0
13 23 339 17276.616480405057 19877366.94449471 343413645340.316
14 2 24 13.494214179327372 97.86086952638261 1320.555533164218
15 0 100 0.0 0.0 0.0
16 0 6 0.0 6.0 0.0
17 0 100 0.0 0.0 0.0
18 0 100 0.0 0.0 0.0
19 1 5 1.0 7.59708563275366 7.59708563275366
20 0 100 0.0 0.0 0.0
21 13 204 4801.088521889328 368584.680897397 1769607680.8007333
22 0 100 0.0 0.0 0.0
23 0 8 0.0 8.0 0.0
24 0 100 0.0 0.0 0.0
25 16 254 7916.453847805617 1525824.7814323686 12079121462.04744
26 2 8 13.494214179327372 20.066939702021244 270.7875822627225
27 0 9 0.0 9.0 0.0
28 0 100 0.0 0.0 0.0
29 0 6 0.0 6.0 0.0
30 0 5 0.0 5.0 0.0
31 1 13 1.0 25.320989780782124 25.320989780782124
32 0 100 0.0 0.0 0.0
33 0 100 0.0 0.0 0.0
34 1 25 1.0 57.71571011139208 57.71571011139208
35 6 99 552.5626438069447 6569.204673563341 3629897.102133097
36 0 100 0.0 0.0 0.0
37 1 109 1.0 15.931997307697284 15.931997307697284
38 0 9 0.0 9.0 0.0
39 0 100 0.0 0.0 0.0
40 7 192 880.1589317377488 8464.0 7449665.198228306
41 1 101 1.0 1.0 1.0
42 0 100 0.0 0.0 0.0
43 0 9 0.0 9.0 0.0
44 2 45 13.494214179327372 242.29532664846576 3269.585032444484
45 0 100 0.0 0.0 0.0
46 13 299 4801.088521889328 926231.9616259682 4446921639.569472
47 1 15 1.0 30.323695983612147 30.323695983612147
48 0 5 0.0 5.0 0.0
49 0 100 0.0 0.0 0.0
50 7 92 880.1589317377488 8464.0 7449665.198228306
51 1 104 1.0 5.735193251789799 5.735193251789799
52 1 8 1.0 13.734791927877684 13.734791927877684
53 3 59 57.02181064673912 647.2206215128941 36905.69172657306
54 0 7 0.0 7.0 0.0
55 4 76 151.22372397683895 1644.92462809159 248751.62792122707
56 1 13 1.0 25.320989780782124 25.320989780782124
57 3 57 57.02181064673912 612.7419199112477 34939.653732498555
58 0 100 0.0 0.0 0.0
59 1 104 1.0 5.735193251789799 5.735193251789799
60 0 100 0.0 0.0 0.0
61 0 100 0.0 0.0 0.0
62 0 100 0.0 0.0 0.0
63 0 100 0.0 0.0 0.0
64 0 100 0.0 0.0 0.0
65 1 9 1.0 15.931997307697284 15.931997307697284
66 7 117 880.1589317377488 13689.0 12048495.616558043
67 0 100 0.0 0.0 0.0
68 0 100 0.0 0.0 0.0
69 1 8 1.0 13.734791927877684 13.734791927877684
70 0 100 0.0 0.0 0.0
71 1 20 1.0 43.57075425423803 43.57075425423803
72 0 100 0.0 0.0 0.0
73 0 5 0.0 5.0 0.0
74 1 6 1.0 9.55892689827884 9.55892689827884
75 0 100 0.0 0.0 0.0
76 2 27 13.494214179327372 115.98017876588344 1565.0613728235076
77 0 5 0.0 5.0 0.0
78 14 311 5763.781188419757 1404998.2064103112 8098102231.87125
79 1 102 1.0 2.3948263510722025 2.3948263510722025
80 0 5 0.0 5.0 0.0
81 2 40 13.494214179327372 204.4421003683832 2758.785489642506
82 1 105 1.0 7.59708563275366 7.59708563275366
83 1 106 1.0 9.55892689827884 9.55892689827884
84 3 27 57.02181064673912 187.1321231368427 10670.612491431313
85 0 100 0.0 0.0 0.0
86 0 5 0.0 5.0 0.0
87 0 7 0.0 7.0 0.0
88 1 101 1.0 1.0 1.0
89 2 124 13.494214179327372 97.86086952638261 1320.555533164218
90 1 6 1.0 9.55892689827884 9.55892689827884
91 0 100 0.0 0.0 0.0
92 1 8 1.0 13.734791927877684 13.734791927877684
93 0 100 0.0 0.0 0.0
94 13 186 4801.088521889328 295018.3746080933 1416409332.0773628
95 4 80 151.22372397683895 1795.7178600152838 271555.1420032312
96 2 44 13.494214179327372 234.56808185291177 3165.3119361571858
97 0 100 0.0 0.0 0.0
98 1 6 1.0 9.55892689827884 9.55892689827884
99 0 100 0.0 0.0 0.0
100 0 100 0.0 0.0 0.0
101 1 104 1.0 5.735193251789799 5.735193251789799
102 12 151 3920.792982031498 132893.60415581556 521048310.5309935
103 6 141 552.5626438069447 12921.36097430879 7139861.381547945
104 3 125 57.02181064673912 165.61186212092687 9443.48824271336
105 2 8 13.494214179327372 20.066939702021244 270.7875822627225
106 1 9 1.0 15.931997307697284 15.931997307697284
107 2 33 13.494214179327372 154.90879557685506 2090.372465775723
108 0 100 0.0 0.0 0.0
109 1 105 1.0 7.59708563275366 7.59708563275366
110 0 100 0.0 0.0 0.0
111 3 68 57.02181064673912 810.8239638778247 46234.65053607976
112 7 269 880.1589317377488 28561.0 25138219.249361847
113 1 8 1.0 13.734791927877684 13.734791927877684
114 2 34 13.494214179327372 161.72412498062124 2182.3399804528112
115 19 352 11633.622691025432 8172976.819445875 95081328579.93039
116 21 337 14374.256054893494 12092564.02807177 173821611699.6979
117 0 100 0.0 0.0 0.0
118 1 10 1.0 18.1937008646705 18.1937008646705
119 0 100 0.0 0.0 0.0
120 0 6 0.0 6.0 0.0
121 2 15 13.494214179327372 49.68406405407534 670.4474016451129
122 2 52 13.494214179327372 298.47302352672085 4027.6589062209887
123 6 160 552.5626438069447 16456.210931363352 9093087.419278879
124 0 5 0.0 5.0 0.0
125 0 100 0.0 0.0 0.0
126 2 28 13.494214179327372 122.22584512913716 1649.341732421874
127 0 100 0.0 0.0 0.0
128 4 41 151.22372397683895 572.5607883495287 86584.77461733043
129 4 44 151.22372397683895 646.0476428878335 97697.73042395715
130 1 14 1.0 27.799106543625292 27.799106543625292
131 4 55 151.22372397683895 946.1899645328139 143086.37002616527
132 5 47 312.35291035940236 1092.4547337912052 341231.4155355891
133 2 32 13.494214179327372 148.1842032776824 1999.6293770220316
134 1 26 1.0 60.63937356224698 60.63937356224698
135 6 147 552.5626438069447 1579.8219117523295 872950.5723020089
136 2 113 13.494214179327372 40.41888428935346 545.4210814899858
137 2 14 13.494214179327372 44.97826169706515 606.9462967540338
138 2 21 13.494214179327372 80.71796600694597 1089.2255214173952
139 12 231 3920.792982031498 361112.7616981537 1415848381.7881336
140 1 105 1.0 7.59708563275366 7.59708563275366
141 1 103 1.0 3.9914906122521803 3.9914906122521803
142 0 100 0.0 0.0 0.0
143 1 104 1.0 5.735193251789799 5.735193251789799
144 0 13 0.0 13.0 0.0
145 0 100 0.0 0.0 0.0
146 21 266 14374.256054893494 6231803.029801777 89577532434.03181
147 0 100 0.0 0.0 0.0
148 4 72 151.22372397683895 1499.6637502850892 226784.73703118347
149 4 76 151.22372397683895 1644.92462809159 248751.62792122707
150 4 78 151.22372397683895 1719.6349352173313 260049.59878423504
151 4 103 151.22372397683895 2766.3252371383346 418334.0040911711
152 9 184 1814.8473014962385 75753.39209344504 137480839.21997523
153 0 100 0.0 0.0 0.0
154 0 100 0.0 0.0 0.0
155 1 106 1.0 9.55892689827884 9.55892689827884
156 9 154 1814.8473014962385 51626.24357981338 93693748.84721182
157 2 25 13.494214179327372 103.79546451213633 1400.6382289695412
158 3 46 57.02181064673912 435.9769523615719 24860.195223903953
159 4 89 151.22372397683895 2154.8151586700715 325859.1727758313
160 1 22 1.0 49.12998068819353 49.12998068819353
161 19 424 11633.622691025432 13544661.827342542 157573485176.8382
162 10 184 2424.408141701412 108870.3820957398 263946240.74305522
163 17 312 9095.850952291546 3439807.8883009166 31287979856.501865
164 1 19 1.0 40.84402933782601 40.84402933782601
165 2 29 13.494214179327372 128.5709592386038 1734.9640612072888
166 7 126 880.1589317377488 15876.0 13973403.200268501
167 14 259 5763.781188419757 894765.0606603131 5157230024.689176
168 8 90 1300.1508247099457 11614.171379010651 15100174.496743346
169 0 100 0.0 0.0 0.0
170 1 101 1.0 1.0 1.0
171 4 178 151.22372397683895 1719.6349352173313 260049.59878423504
172 8 178 1300.1508247099457 47980.22076250186 62381523.59413205
173 2 53 13.494214179327372 306.7864203576611 4139.841663615438
174 4 156 151.22372397683895 975.7969952136767 147563.65546162188
175 2 46 13.494214179327372 250.0988923255542 3374.8880190535633
176 7 116 880.1589317377488 13456.0 11843418.585463148
177 1 11 1.0 20.51504931294799 20.51504931294799
178 3 70 57.02181064673912 849.0056290582019 48411.838218172416
179 0 100 0.0 0.0 0.0
180 5 101 312.35291035940236 4386.2526434047795 1370058.7787391047
181 8 202 1300.1508247099457 15068.038606609061 19590722.821144074
182 7 213 880.1589317377488 12769.0 11238749.399359316
183 9 142 1814.8473014962385 43347.5615654562 78669205.13351025
184 4 35 151.22372397683895 436.83679879622173 66060.08748408577
185 6 69 552.5626438069447 3293.0002682054314 1819588.9342565713
186 10 163 2424.408141701412 83149.79614194512 201589042.7473444
187 1 10 1.0 18.1937008646705 18.1937008646705
188 16 295 7916.453847805617 2241856.8700637026 17747556445.245255
189 10 197 2424.408141701412 126720.59559637398 307222443.6851012
190 10 169 2424.408141701412 90110.55718762161 218464768.49892056
191 5 64 312.35291035940236 1914.4623288244568 597987.8801817582
192 10 120 2424.408141701412 42078.2525506963 102014858.07247633
193 3 34 57.02181064673912 269.81820202916316 15385.522425150542
194 16 264 7916.453847805617 1685099.6835025016 13340013873.399406
195 7 133 880.1589317377488 17689.0 15569131.343509039
196 9 214 1814.8473014962385 104887.63073855339 190355033.60619754
197 6 194 552.5626438069447 5949.1894450157 3287299.848246245
198 2 110 13.494214179327372 27.685321443873434 373.59165718715303
199 4 77 151.22372397683895 1682.1075637745857 254374.56992360097
