0 0 10 0.0 10.0 0.0
1 14 184 5763.781188419757 385053.4875313153 2219364047.9684167
2 0 100 0.0 0.0 0.0
3 1 105 1.0 7.59708563275366 7.59708563275366
4 1 7 1.0 11.607984241186918 11.607984241186918
5 0 100 0.0 0.0 0.0
6 0 10 0.0 10.0 0.0
7 2 31 13.494214179327372 141.5519192260369 1910.1319155309898
8 0 100 0.0 0.0 0.0
9 2 16 13.494214179327372 54.53075711894446 735.8497159239173
10 4 151 151.22372397683895 831.5797944458234 125754.59329999167
11 0 100 0.0 0.0 0.0
12 18 236 10336.717591947081 2147248.4652348584 22195500984.87453
13 0 100 0.0 0.0 0.0
14 0 100 0.0 0.0 0.0
15 0 5 0.0 5.0 0.0
16 0 100 0.0 0.0 0.0
17 0 100 0.0 0.0 0.0
18 11 287 3127.3197986346404 158934.75897945854 497039818.44768536
19 0 10 0.0 10.0 0.0
20 0 100 0.0 0.0 0.0
21 0 10 0.0 10.0 0.0
22 0 5 0.0 5.0 0.0
23 0 10 0.0 10.0 0.0
24 1 9 1.0 15.931997307697284 15.931997307697284
25 0 100 0.0 0.0 0.0
26 1 18 1.0 38.15436697768484 38.15436697768484
27 0 100 0.0 0.0 0.0
28 1 107 1.0 11.607984241186918 11.607984241186918
29 0 100 0.0 0.0 0.0
30 0 10 0.0 10.0 0.0
31 0 100 0.0 0.0 0.0
32 0 100 0.0 0.0 0.0
33 18 341 10336.717591947081 5733317.076033254 59263679480.04354
34 0 10 0.0 10.0 0.0
35 0 100 0.0 0.0 0.0
36 2 28 13.494214179327372 122.22584512913716 1649.341732421874
37 17 255 9095.850952291546 2027306.7561124577 18440080088.172585
38 0 100 0.0 0.0 0.0
39 1 19 1.0 40.84402933782601 40.84402933782601
40 0 6 0.0 6.0 0.0
41 0 100 0.0 0.0 0.0
42 1 113 1.0 25.320989780782124 25.320989780782124
43 0 100 0.0 0.0 0.0
44 0 10 0.0 10.0 0.0
45 0 100 0.0 0.0 0.0
46 0 100 0.0 0.0 0.0
47 0 100 0.0 0.0 0.0
48 3 43 57.02181064673912 391.71440685113555 22336.26473506518
49 1 22 1.0 49.12998068819353 49.12998068819353
50 0 10 0.0 10.0 0.0
51 0 5 0.0 5.0 0.0
52 12 153 3920.792982031498 137069.4730724767 537421028.073322
53 0 100 0.0 0.0 0.0
54 0 100 0.0 0.0 0.0
55 0 5 0.0 5.0 0.0
56 23 402 17276.616480405057 32500333.09614144 561495790387.451
57 0 10 0.0 10.0 0.0
58 21 293 14374.256054893494 8170715.629720482 117447958613.32256
59 6 188 552.5626438069447 5243.986173197856 2897630.86394927
60 0 100 0.0 0.0 0.0
61 3 29 57.02181064673912 209.61005902119368 11952.345095158316
62 8 229 1300.1508247099457 24558.59479359431 31929877.27460902
63 0 100 0.0 0.0 0.0
64 0 100 0.0 0.0 0.0
65 1 104 1.0 5.735193251789799 5.735193251789799
66 1 17 1.0 35.503281577765854 35.503281577765854
67 1 113 1.0 25.320989780782124 25.320989780782124
68 0 100 0.0 0.0 0.0
69 2 40 13.494214179327372 204.4421003683832 2758.785489642506
70 3 28 57.02181064673912 198.25318874016915 11304.755788454157
71 0 100 0.0 0.0 0.0
72 1 106 1.0 9.55892689827884 9.55892689827884
73 0 10 0.0 10.0 0.0
74 14 227 5763.781188419757 646337.5928102317 3725348458.8081226
75 0 100 0.0 0.0 0.0
76 19 339 11633.622691025432 7379358.921199157 85848677390.88347
77 0 6 0.0 6.0 0.0
78 0 100 0.0 0.0 0.0
79 0 10 0.0 10.0 0.0
80 0 100 0.0 0.0 0.0
81 0 100 0.0 0.0 0.0
82 0 100 0.0 0.0 0.0
83 0 100 0.0 0.0 0.0
84 0 5 0.0 5.0 0.0
85 0 100 0.0 0.0 0.0
86 9 173 1814.8473014962385 66332.16348879764 120382747.91005172
87 0 5 0.0 5.0 0.0
88 6 78 552.5626438069447 4163.386850757332 2300532.045445541
89 1 17 1.0 35.503281577765854 35.503281577765854
90 3 139 57.02181064673912 335.47304520277595 19129.280460637645
91 3 21 57.02181064673912 125.57185196799401 7160.33436547931
92 0 5 0.0 5.0 0.0
93 0 100 0.0 0.0 0.0
94 1 21 1.0 46.33316012586883 46.33316012586883
95 0 10 0.0 10.0 0.0
96 0 100 0.0 0.0 0.0
97 0 7 0.0 7.0 0.0
98 0 100 0.0 0.0 0.0
99 1 7 1.0 11.607984241186918 11.607984241186918
100 17 254 9095.850952291546 2006537.4385447442 18251165471.19585
101 2 33 13.494214179327372 154.90879557685506 2090.372465775723
102 8 145 1300.1508247099457 31320.350759055804 40721179.86959118
103 3 45 57.02181064673912 421.0282951259743 24007.7957215927
104 3 106 57.02181064673912 17.188505341741816 980.1196968972657
105 13 222 4801.088521889328 451902.215379468 2169622539.2747226
106 13 188 4801.088521889328 302721.97485228034 1453394998.786953
107 9 247 1814.8473014962385 46702.87865638875 84758593.3016534
108 1 18 1.0 38.15436697768484 38.15436697768484
109 8 215 1300.1508247099457 19338.564883686733 25143051.082232103
110 12 211 3920.792982031498 291854.20919927256 1144299935.2048604
111 3 37 57.02181064673912 308.57807572808247 17595.680603901845
112 19 369 11633.622691025432 9289270.093900293 108067863347.46239
113 8 89 1300.1508247099457 11347.35436611675 14753272.137382695
114 0 100 0.0 0.0 0.0
115 4 172 151.22372397683895 1499.6637502850892 226784.73703118347
116 0 100 0.0 0.0 0.0
117 18 235 10336.717591947081 2123055.722253137 21945427432.897915
118 11 144 3127.3197986346404 87380.91148351728 273268054.5051446
119 21 366 14374.256054893494 15239644.095373597 219058546412.34583
120 0 100 0.0 0.0 0.0
121 2 42 13.494214179327372 219.34644070399202 2959.9078503327996
122 22 362 15807.685316481819 18907182.438585293 298878790210.46765
123 19 274 11633.622691025432 4140693.385441815 48171264525.45481
124 14 206 5763.781188419757 508729.9161000203 2932207920.4036584
125 9 117 1814.8473014962385 28560.865627887746 51833609.91316875
126 3 48 57.02181064673912 466.4489382157433 26597.763031310627
127 1 102 1.0 2.3948263510722025 2.3948263510722025
128 19 369 11633.622691025432 9289270.093900293 108067863347.46239
129 10 329 2424.408141701412 177103.49418596612 429371153.228225
130 0 100 0.0 0.0 0.0
131 4 72 151.22372397683895 1499.6637502850892 226784.73703118347
132 12 219 3920.792982031498 318542.5349918841 1248939335.674702
133 12 167 3920.792982031498 168403.19994789627 660274084.5073588
134 21 328 14374.256054893494 11209273.376395466 161124965701.60898
135 0 100 0.0 0.0 0.0
136 13 312 4801.088521889328 404389.97349520394 1941512060.1149533
137 0 100 0.0 0.0 0.0
138 17 313 9095.850952291546 3468776.7251113593 31551476078.390907
139 11 318 3127.3197986346404 225802.58406272324 706156891.7222171
140 6 57 552.5626438069447 2284.902982010436 1262552.0325820583
141 0 100 0.0 0.0 0.0
142 12 298 3920.792982031498 251320.85466166472 985377043.1956131
143 11 310 3127.3197986346404 207278.85551015017 648227268.6752216
144 6 165 552.5626438069447 2937.504168606418 1623155.0695990834
145 0 100 0.0 0.0 0.0
146 12 218 3920.792982031498 315132.98931001755 1235571212.893324
147 0 100 0.0 0.0 0.0
148 5 71 312.35291035940236 2311.8500842163953 722113.1021196205
149 9 198 1814.8473014962385 19496.94350076754 35383975.299792595
150 18 300 10336.717591947081 4073375.4366824245 42105331534.96034
151 16 175 7916.453847805617 585440.0668492673 4634609269.868461
152 19 263 11633.622691025432 3704849.0265910737 43100815702.573395
153 17 278 9095.850952291546 2542197.9604708296 23123453739.662224
154 17 268 9095.850952291546 2309475.532027967 21006645217.290607
155 0 100 0.0 0.0 0.0
156 10 103 2424.408141701412 29957.799739783 72629933.59659036
157 21 317 14374.256054893494 10187471.834188651 146437328696.64316
158 12 277 3920.792982031498 553461.4863282363 2170007911.4204707
159 12 179 3920.792982031498 198249.2157972227 777294133.9909989
160 9 179 1814.8473014962385 71387.91888231963 129558171.94301015
161 11 188 3127.3197986346404 160887.29862578577 503146034.3412636
162 16 292 7916.453847805617 2183702.8447015383 17287182787.401566
163 16 193 7916.453847805617 753028.5341855927 5961315636.960959
164 3 120 57.02181064673912 116.21344721391306 6626.701181636562
165 20 238 12981.212045421978 3604089.9698770717 46785456129.75278
166 9 134 1814.8473014962385 38256.77589826959 69430206.5029209
167 9 148 1814.8473014962385 47390.045546024034 86005696.27698556
168 26 372 21850.715853258855 51478848.0 1124849680101.1028
169 21 355 14374.256054893494 13990722.6540613 201106229822.47623
170 18 293 10336.717591947081 3824666.9705384714 39534502357.703964
171 17 268 9095.850952291546 2309475.532027967 21006645217.290607
172 13 147 4801.088521889328 167318.1709274266 803309349.9431845
173 18 331 10336.717591947081 5295575.60794222 54738869546.1022
174 12 196 3920.792982031498 245392.4596504624 962133033.6409806
175 2 9 13.494214179327372 23.78240930402918 320.92492484899776
176 16 321 7916.453847805617 2785673.717634256 22052657420.696686
177 15 441 6803.971395961631 2410688.5915364297 16402256221.3849
178 22 457 15807.685316481819 36681564.510808304 579850628703.085
179 18 267 10336.717591947081 2984740.9940888057 30852424741.003376
180 11 184 3127.3197986346404 153157.55954963647 478972668.29014206
181 11 207 3127.3197986346404 200561.92047813235 627221264.7634497
182 14 237 5763.781188419757 718841.3389030525 4143244186.6278853
183 23 377 17276.616480405057 27005636.05898414 466566017000.4665
184 13 271 4801.088521889328 730806.0186361094 3508664387.8014636
185 23 389 17276.616480405057 29560202.12048415 510700275118.86096
186 10 176 2424.408141701412 98622.37714481588 239100894.1038389
187 22 331 15807.685316481819 14657355.669837352 231698866000.53943
188 5 188 312.35291035940236 3414.7546568712237 1066608.555237049
189 11 289 3127.3197986346404 162853.276134606 509294274.72826755
190 14 267 5763.781188419757 964475.8803802376 5559027936.020198
191 16 242 7916.453847805617 1347288.3860441179 10665746327.802776
192 10 282 2424.408141701412 106256.07517273349 257608093.75401235
193 16 349 7916.453847805617 3453983.1025561523 27343297822.486237
194 17 331 9095.850952291546 4016220.324193155 36530941460.42497
195 12 265 3920.792982031498 498726.0809052681 1955401717.969448
196 14 225 5763.781188419757 632384.0785092266 3644923455.5676427
197 17 208 9095.850952291546 1188624.1130456962 10811547770.56339
198 14 262 5763.781188419757 920542.5000537641 5305805544.950779
199 14 307 5763.781188419757 1360851.3614912655 7843649477.598771
