0 0 100 0.0 0.0 0.0
1 2 126 13.494214179327372 109.8359986590007 1482.1504905048694
2 0 100 0.0 0.0 0.0
3 19 302 11633.622691025432 5392306.072990233 62732054287.69341
4 0 10 0.0 10.0 0.0
5 2 19 13.494214179327372 69.8685662777562 942.821397754572
6 1 20 1.0 43.57075425423803 43.57075425423803
7 1 12 1.0 22.891970023971037 22.891970023971037
8 1 102 1.0 2.3948263510722025 2.3948263510722025
9 0 5 0.0 5.0 0.0
10 0 5 0.0 5.0 0.0
11 0 6 0.0 6.0 0.0
12 0 100 0.0 0.0 0.0
13 1 103 1.0 3.9914906122521803 3.9914906122521803
14 0 100 0.0 0.0 0.0
15 10 146 2424.408141701412 65084.513101468925 157791423.4618735
16 0 100 0.0 0.0 0.0
17 0 5 0.0 5.0 0.0
18 0 100 0.0 0.0 0.0
19 0 100 0.0 0.0 0.0
20 0 100 0.0 0.0 0.0
21 0 5 0.0 5.0 0.0
22 0 100 0.0 0.0 0.0
23 0 100 0.0 0.0 0.0
24 0 5 0.0 5.0 0.0
25 1 114 1.0 27.799106543625292 27.799106543625292
26 0 100 0.0 0.0 0.0
27 0 5 0.0 5.0 0.0
28 1 102 1.0 2.3948263510722025 2.3948263510722025
29 0 100 0.0 0.0 0.0
30 15 286 6803.971395961631 1547585.1108618248 10529724827.119967
31 0 100 0.0 0.0 0.0
32 0 6 0.0 6.0 0.0
33 12 252 3920.792982031498 443094.5319892783 1737281931.4000933
34 2 20 13.494214179327372 75.23327232919837 1015.2138902218663
35 1 7 1.0 11.607984241186918 11.607984241186918
36 0 5 0.0 5.0 0.0
37 1 21 1.0 46.33316012586883 46.33316012586883
38 0 5 0.0 5.0 0.0
39 1 15 1.0 30.323695983612147 30.323695983612147
40 0 5 0.0 5.0 0.0
41 0 100 0.0 0.0 0.0
42 0 100 0.0 0.0 0.0
43 0 6 0.0 6.0 0.0
44 1 105 1.0 7.59708563275366 7.59708563275366
45 1 17 1.0 35.503281577765854 35.503281577765854
46 0 5 0.0 5.0 0.0
47 0 100 0.0 0.0 0.0
48 1 106 1.0 9.55892689827884 9.55892689827884
49 0 100 0.0 0.0 0.0
50 0 100 0.0 0.0 0.0
51 0 6 0.0 6.0 0.0
52 1 109 1.0 15.931997307697284 15.931997307697284
53 2 39 13.494214179327372 197.11162840858907 2659.8665309814905
54 0 10 0.0 10.0 0.0
55 0 100 0.0 0.0 0.0
56 0 5 0.0 5.0 0.0
57 0 100 0.0 0.0 0.0
58 10 153 2424.408141701412 72228.7744823091 175112028.9200254
59 5 81 312.35291035940236 2937.2940727723303 917472.3522118595
60 0 100 0.0 0.0 0.0
61 0 100 0.0 0.0 0.0
62 1 104 1.0 5.735193251789799 5.735193251789799
63 0 100 0.0 0.0 0.0
64 0 100 0.0 0.0 0.0
65 0 100 0.0 0.0 0.0
66 0 100 0.0 0.0 0.0
67 1 26 1.0 60.63937356224698 60.63937356224698
68 1 108 1.0 13.734791927877684 13.734791927877684
69 0 100 0.0 0.0 0.0
70 0 100 0.0 0.0 0.0
71 0 6 0.0 6.0 0.0
72 4 64 151.22372397683895 1226.095534977771 185414.73275071313
73 0 100 0.0 0.0 0.0
74 0 100 0.0 0.0 0.0
75 0 100 0.0 0.0 0.0
76 0 100 0.0 0.0 0.0
77 0 100 0.0 0.0 0.0
78 0 100 0.0 0.0 0.0
79 0 6 0.0 6.0 0.0
80 1 5 1.0 7.59708563275366 7.59708563275366
81 0 5 0.0 5.0 0.0
82 0 11 0.0 11.0 0.0
83 0 100 0.0 0.0 0.0
84 0 100 0.0 0.0 0.0
85 0 100 0.0 0.0 0.0
86 0 100 0.0 0.0 0.0
87 19 265 11633.622691025432 3781823.790500406 43996311062.625336
88 0 100 0.0 0.0 0.0
89 19 363 11633.622691025432 8884963.33225435 103364311031.04314
90 1 6 1.0 9.55892689827884 9.55892689827884
91 0 100 0.0 0.0 0.0
92 0 100 0.0 0.0 0.0
93 0 100 0.0 0.0 0.0
94 2 34 13.494214179327372 161.72412498062124 2182.3399804528112
95 1 10 1.0 18.1937008646705 18.1937008646705
96 0 100 0.0 0.0 0.0
97 0 100 0.0 0.0 0.0
98 1 106 1.0 9.55892689827884 9.55892689827884
99 1 36 1.0 91.37308344663872 91.37308344663872
100 0 100 0.0 0.0 0.0
101 3 67 57.02181064673912 791.9778998728451 45160.013842951485
102 7 207 880.1589317377488 11449.0 10076939.609465487
103 0 100 0.0 0.0 0.0
104 9 115 1814.8473014962385 27519.39696484649 49943503.32045543
105 25 383 20302.483562333644 44948604.38328597 912568301641.5013
106 7 73 880.1589317377488 5329.0 4690366.947230464
107 0 100 0.0 0.0 0.0
108 5 67 312.35291035940236 2080.6456750556 649895.73203032
109 1 6 1.0 9.55892689827884 9.55892689827884
110 2 126 13.494214179327372 109.8359986590007 1482.1504905048694
111 1 20 1.0 43.57075425423803 43.57075425423803
112 11 192 3127.3197986346404 168832.0419378618 527991787.3961891
113 0 100 0.0 0.0 0.0
114 7 218 880.1589317377488 13924.0 12255332.965516414
115 1 109 1.0 15.931997307697284 15.931997307697284
116 14 166 5763.781188419757 298715.23506545 1721729252.5646267
117 0 100 0.0 0.0 0.0
118 0 100 0.0 0.0 0.0
119 4 75 151.22372397683895 1608.0874365260645 243180.97063184011
120 9 141 1814.8473014962385 42692.5615074584 77480480.04577306
121 0 5 0.0 5.0 0.0
122 0 6 0.0 6.0 0.0
123 1 29 1.0 69.58346013935528 69.58346013935528
124 0 100 0.0 0.0 0.0
125 8 186 1300.1508247099457 10566.202609933729 13737657.037357718
126 16 303 7916.453847805617 857476.216078023 6788170890.172666
127 10 147 2424.408141701412 66080.08644124573 160205099.57248923
128 1 104 1.0 5.735193251789799 5.735193251789799
129 0 100 0.0 0.0 0.0
130 3 139 57.02181064673912 335.47304520277595 19129.280460637645
131 2 119 13.494214179327372 69.8685662777562 942.821397754572
132 0 9 0.0 9.0 0.0
133 3 155 57.02181064673912 578.9666715492328 33013.72791585315
134 5 160 312.35291035940236 1702.6102917613564 531815.2798395308
135 2 121 13.494214179327372 80.71796600694597 1089.2255214173952
136 14 172 5763.781188419757 326052.28511162836 1879294027.3676789
137 12 151 3920.792982031498 132893.60415581556 521048310.5309935
138 0 100 0.0 0.0 0.0
139 17 262 9095.850952291546 2176417.9436832084 19796373225.635323
140 2 33 13.494214179327372 154.90879557685506 2090.372465775723
141 5 181 312.35291035940236 2937.2940727723303 917472.3522118595
142 10 140 2424.408141701412 59285.163668541216 143731433.48011208
143 11 135 3127.3197986346404 75378.38222771238 235732307.12977445
144 4 191 151.22372397683895 2238.2761103848434 338480.4487007903
145 0 100 0.0 0.0 0.0
146 0 100 0.0 0.0 0.0
147 14 246 5763.781188419757 788048.6512575328 4542139991.677729
148 5 172 312.35291035940236 2371.3580183097592 740700.5785231582
149 9 144 1814.8473014962385 44673.607750369876 81075776.47386022
150 1 18 1.0 38.15436697768484 38.15436697768484
151 8 110 1300.1508247099457 17630.632823740572 22922481.805944543
152 16 210 7916.453847805617 935577.399275388 7406455302.413618
153 0 100 0.0 0.0 0.0
154 13 239 4801.088521889328 539855.2163528436 2591892682.713717
155 7 123 880.1589317377488 15129.0 13315924.478260402
156 20 311 12981.212045421978 7539402.047786283 97870576678.00243
157 5 146 312.35291035940236 8568.21083325575 2676305.590340393
158 1 6 1.0 9.55892689827884 9.55892689827884
159 2 33 13.494214179327372 154.90879557685506 2090.372465775723
160 12 205 3920.792982031498 272713.754843532 1069254176.0939786
161 18 352 10336.717591947081 2558003.6643008813 26441361477.044014
162 3 67 57.02181064673912 791.9778998728451 45160.013842951485
163 2 34 13.494214179327372 161.72412498062124 2182.3399804528112
164 6 105 552.5626438069447 7351.839824949449 4062352.0505192536
165 5 72 312.35291035940236 2371.3580183097592 740700.5785231582
166 9 148 1814.8473014962385 47390.045546024034 86005696.27698556
167 20 270 12981.212045421978 5104441.965596979 66261843528.964935
168 11 144 3127.3197986346404 87380.91148351728 273268054.5051446
169 13 161 4801.088521889328 208335.99613433375 1000239559.7369292
170 3 50 57.02181064673912 497.6760852315066 28378.391495481366
171 7 168 880.1589317377488 4624.0 4069854.9003553507
172 14 193 5763.781188419757 433180.6334596087 2496758386.3222466
173 4 159 151.22372397683895 1066.8769814059906 161337.11015338267
174 15 289 6803.971395961631 1588817.4003228187 10810268145.202578
175 6 108 552.5626438069447 7758.892052145152 4287273.9053460155
176 18 240 10336.717591947081 2245740.657708373 23213586963.484947
177 16 304 7916.453847805617 2421960.954801773 19173342119.875465
178 18 263 10336.717591947081 2866909.0072512855 29634428769.765903
179 20 416 12981.212045421978 16822088.369151182 218371096166.7783
180 20 414 12981.212045421978 16599901.487463683 215486841141.88177
181 5 162 312.35291035940236 1807.1402103142602 564465.5041191616
182 18 255 10336.717591947081 2640072.0856061205 27289679571.293205
183 8 122 1300.1508247099457 21867.711360392437 28431322.959733278
184 16 241 7916.453847805617 1333019.7077807642 10552788994.86175
185 6 96 552.5626438069447 6193.675591281851 3422393.759601241
186 12 240 3920.792982031498 395069.27621432603 1548984845.597393
187 9 380 1814.8473014962385 187172.5489594116 339689595.3931607
188 4 161 151.22372397683895 1129.4605717070829 170801.2337385546
189 10 148 2424.408141701412 67083.98395005375 162638956.86627716
190 2 26 13.494214179327372 109.8359986590007 1482.1504905048694
191 3 127 57.02181064673912 187.1321231368427 10670.612491431313
192 2 150 13.494214179327372 282.0582186126376 3806.1540129984737
193 7 87 880.1589317377488 7569.0 6661922.954323021
194 13 190 4801.088521889328 310542.0125925511 1490939692.2225084
195 16 171 7916.453847805617 551647.6731480679 4367093344.726038
196 10 161 2424.408141701412 80897.81870740736 196129330.32012323
197 16 308 7916.453847805617 2504751.4965214226 19828749622.433895
198 0 100 0.0 0.0 0.0
199 16 392 7916.453847805617 2183702.8447015383 17287182787.401566
