0 2 31 13.494214179327372 141.5519192260369 1910.1319155309898
1 2 29 13.494214179327372 128.5709592386038 1734.9640612072888
2 3 26 57.02181064673912 176.25042831919396 10050.118550023744
3 0 8 0.0 8.0 0.0
4 0 5 0.0 5.0 0.0
5 0 100 0.0 0.0 0.0
6 0 8 0.0 8.0 0.0
7 1 106 1.0 9.55892689827884 9.55892689827884
8 0 100 0.0 0.0 0.0
9 1 18 1.0 38.15436697768484 38.15436697768484
10 3 25 57.02181064673912 165.61186212092687 9443.48824271336
11 0 5 0.0 5.0 0.0
12 0 100 0.0 0.0 0.0
13 0 100 0.0 0.0 0.0
14 2 8 13.494214179327372 20.066939702021244 270.7875822627225
15 1 10 1.0 18.1937008646705 18.1937008646705
16 0 100 0.0 0.0 0.0
17 0 9 0.0 9.0 0.0
18 0 8 0.0 8.0 0.0
19 1 8 1.0 13.734791927877684 13.734791927877684
20 1 13 1.0 25.320989780782124 25.320989780782124
21 0 100 0.0 0.0 0.0
22 6 47 552.5626438069447 1579.8219117523295 872950.5723020089
23 1 13 1.0 25.320989780782124 25.320989780782124
24 0 100 0.0 0.0 0.0
25 1 28 1.0 66.57403288693754 66.57403288693754
26 0 100 0.0 0.0 0.0
27 0 6 0.0 6.0 0.0
28 2 27 13.494214179327372 115.98017876588344 1565.0613728235076
29 2 26 13.494214179327372 109.8359986590007 1482.1504905048694
30 0 8 0.0 8.0 0.0
31 2 26 13.494214179327372 109.8359986590007 1482.1504905048694
32 0 6 0.0 6.0 0.0
33 3 30 57.02181064673912 221.1993434691573 12613.187078481296
34 0 9 0.0 9.0 0.0
35 0 100 0.0 0.0 0.0
36 0 7 0.0 7.0 0.0
37 2 12 13.494214179327372 36.01211998010309 485.95526006314566
38 0 100 0.0 0.0 0.0
39 0 6 0.0 6.0 0.0
40 4 39 151.22372397683895 525.6324972119714 79488.10367163974
41 1 11 1.0 20.51504931294799 20.51504931294799
42 0 100 0.0 0.0 0.0
43 0 100 0.0 0.0 0.0
44 1 102 1.0 2.3948263510722025 2.3948263510722025
45 2 15 13.494214179327372 49.68406405407534 670.4474016451129
46 1 24 1.0 54.8222930413608 54.8222930413608
47 1 10 1.0 18.1937008646705 18.1937008646705
48 0 100 0.0 0.0 0.0
49 0 7 0.0 7.0 0.0
50 0 5 0.0 5.0 0.0
51 0 5 0.0 5.0 0.0
52 0 5 0.0 5.0 0.0
53 0 10 0.0 10.0 0.0
54 0 5 0.0 5.0 0.0
55 0 5 0.0 5.0 0.0
56 0 100 0.0 0.0 0.0
57 0 6 0.0 6.0 0.0
58 0 100 0.0 0.0 0.0
59 0 100 0.0 0.0 0.0
60 0 8 0.0 8.0 0.0
61 2 21 13.494214179327372 80.71796600694597 1089.2255214173952
62 0 5 0.0 5.0 0.0
63 1 14 1.0 27.799106543625292 27.799106543625292
64 0 100 0.0 0.0 0.0
65 0 100 0.0 0.0 0.0
66 2 21 13.494214179327372 80.71796600694597 1089.2255214173952
67 0 100 0.0 0.0 0.0
68 2 10 13.494214179327372 27.685321443873434 373.59165718715303
69 0 5 0.0 5.0 0.0
70 0 100 0.0 0.0 0.0
71 1 18 1.0 38.15436697768484 38.15436697768484
72 1 29 1.0 69.58346013935528 69.58346013935528
73 1 5 1.0 7.59708563275366 7.59708563275366
74 3 26 57.02181064673912 176.25042831919396 10050.118550023744
75 0 5 0.0 5.0 0.0
76 3 34 57.02181064673912 269.81820202916316 15385.522425150542
77 0 6 0.0 6.0 0.0
78 3 40 57.02181064673912 349.23013798641597 19913.734800395985
79 0 100 0.0 0.0 0.0
80 1 105 1.0 7.59708563275366 7.59708563275366
81 0 100 0.0 0.0 0.0
82 0 100 0.0 0.0 0.0
83 0 5 0.0 5.0 0.0
84 0 5 0.0 5.0 0.0
85 0 10 0.0 10.0 0.0
86 0 100 0.0 0.0 0.0
87 0 100 0.0 0.0 0.0
88 0 6 0.0 6.0 0.0
89 0 5 0.0 5.0 0.0
90 0 7 0.0 7.0 0.0
91 3 40 57.02181064673912 349.23013798641597 19913.734800395985
92 0 100 0.0 0.0 0.0
93 1 6 1.0 9.55892689827884 9.55892689827884
94 0 100 0.0 0.0 0.0
95 0 6 0.0 6.0 0.0
96 2 7 13.494214179327372 16.551687764173284 223.3520197191065
97 0 100 0.0 0.0 0.0
98 1 21 1.0 46.33316012586883 46.33316012586883
99 0 100 0.0 0.0 0.0
100 0 100 0.0 0.0 0.0
101 0 6 0.0 6.0 0.0
102 2 29 13.494214179327372 128.5709592386038 1734.9640612072888
103 0 100 0.0 0.0 0.0
104 0 6 0.0 6.0 0.0
105 0 100 0.0 0.0 0.0
106 1 104 1.0 5.735193251789799 5.735193251789799
107 0 5 0.0 5.0 0.0
108 2 42 13.494214179327372 219.34644070399202 2959.9078503327996
109 1 13 1.0 25.320989780782124 25.320989780782124
110 1 10 1.0 18.1937008646705 18.1937008646705
111 0 100 0.0 0.0 0.0
112 1 109 1.0 15.931997307697284 15.931997307697284
113 0 5 0.0 5.0 0.0
114 0 100 0.0 0.0 0.0
115 2 15 13.494214179327372 49.68406405407534 670.4474016451129
116 2 44 13.494214179327372 234.56808185291177 3165.3119361571858
117 1 8 1.0 13.734791927877684 13.734791927877684
118 1 11 1.0 20.51504931294799 20.51504931294799
119 1 9 1.0 15.931997307697284 15.931997307697284
120 2 54 13.494214179327372 315.16948038953416 4252.964471163692
121 1 11 1.0 20.51504931294799 20.51504931294799
122 0 5 0.0 5.0 0.0
123 3 34 57.02181064673912 269.81820202916316 15385.522425150542
124 2 21 13.494214179327372 80.71796600694597 1089.2255214173952
125 0 100 0.0 0.0 0.0
126 3 39 57.02181064673912 335.47304520277595 19129.280460637645
127 1 17 1.0 35.503281577765854 35.503281577765854
128 2 109 13.494214179327372 23.78240930402918 320.92492484899776
129 2 67 13.494214179327372 430.18533333719057 5805.013024857389
130 2 16 13.494214179327372 54.53075711894446 735.8497159239173
131 1 15 1.0 30.323695983612147 30.323695983612147
132 1 14 1.0 27.799106543625292 27.799106543625292
133 1 25 1.0 57.71571011139208 57.71571011139208
134 0 5 0.0 5.0 0.0
135 3 45 57.02181064673912 421.0282951259743 24007.7957215927
136 2 17 13.494214179327372 59.51335422080222 803.0859483856818
137 2 34 13.494214179327372 161.72412498062124 2182.3399804528112
138 5 49 312.35291035940236 1178.39286145179 368074.4398212106
139 0 100 0.0 0.0 0.0
140 2 19 13.494214179327372 69.8685662777562 942.821397754572
141 1 100 1.0 0.0 0.0
142 2 16 13.494214179327372 54.53075711894446 735.8497159239173
143 0 100 0.0 0.0 0.0
144 0 10 0.0 10.0 0.0
145 3 31 57.02181064673912 233.0178128969552 13287.097604327464
146 1 32 1.0 78.7716859795011 78.7716859795011
147 0 100 0.0 0.0 0.0
148 5 68 312.35291035940236 2137.419079796989 667629.0702323052
149 4 75 151.22372397683895 1608.0874365260645 243180.97063184011
150 3 34 57.02181064673912 269.81820202916316 15385.522425150542
151 0 100 0.0 0.0 0.0
152 3 44 57.02181064673912 406.27351121486885 23166.451227280093
153 2 69 13.494214179327372 448.8273474211691 6056.572355640633
154 6 50 552.5626438069447 1778.3314122697193 982639.5067286938
155 1 16 1.0 32.892441635375256 32.892441635375256
156 4 63 151.22372397683895 1193.5182370479756 180488.2724406665
157 2 13 13.494214179327372 40.41888428935346 545.4210814899858
158 1 38 1.0 97.81435774219185 97.81435774219185
159 1 7 1.0 11.607984241186918 11.607984241186918
160 1 19 1.0 40.84402933782601 40.84402933782601
161 2 20 13.494214179327372 75.23327232919837 1015.2138902218663
162 1 11 1.0 20.51504931294799 20.51504931294799
163 2 18 13.494214179327372 64.62733255388774 872.0950673207774
164 2 30 13.494214179327372 135.01359299654277 1821.9023410158823
165 4 135 151.22372397683895 436.83679879622173 66060.08748408577
166 0 100 0.0 0.0 0.0
167 2 15 13.494214179327372 49.68406405407534 670.4474016451129
168 0 100 0.0 0.0 0.0
169 0 100 0.0 0.0 0.0
170 2 33 13.494214179327372 154.90879557685506 2090.372465775723
171 1 11 1.0 20.51504931294799 20.51504931294799
172 3 42 57.02181064673912 377.3528472077043 21517.342600485594
173 1 8 1.0 13.734791927877684 13.734791927877684
174 1 11 1.0 20.51504931294799 20.51504931294799
175 3 33 57.02181064673912 257.33012181535685 14673.42947985759
176 1 30 1.0 72.61998620345668 72.61998620345668
177 0 100 0.0 0.0 0.0
178 2 27 13.494214179327372 115.98017876588344 1565.0613728235076
179 4 40 151.22372397683895 548.8883970182196 83004.94744477284
180 7 53 880.1589317377488 2809.0 2472366.4392513367
181 4 51 151.22372397683895 831.5797944458234 125754.59329999167
182 2 12 13.494214179327372 36.01211998010309 485.95526006314566
183 4 18 151.22372397683895 140.11537396227234 21188.76863698224
184 1 105 1.0 7.59708563275366 7.59708563275366
185 1 12 1.0 22.891970023971037 22.891970023971037
186 1 9 1.0 15.931997307697284 15.931997307697284
187 1 102 1.0 2.3948263510722025 2.3948263510722025
188 1 13 1.0 25.320989780782124 25.320989780782124
189 3 26 57.02181064673912 176.25042831919396 10050.118550023744
190 0 100 0.0 0.0 0.0
191 1 30 1.0 72.61998620345668 72.61998620345668
192 3 66 57.02181064673912 773.2963448216119 44094.75774823344
193 3 16 57.02181064673912 81.54950460903234 4650.100410151621
194 2 50 13.494214179327372 282.0582186126376 3806.1540129984737
195 2 19 13.494214179327372 69.8685662777562 942.821397754572
196 3 37 57.02181064673912 308.57807572808247 17595.680603901845
197 2 14 13.494214179327372 44.97826169706515 606.9462967540338
198 1 107 1.0 11.607984241186918 11.607984241186918
199 0 7 0.0 7.0 0.0
