0 14 194 5763.781188419757 438736.98861418 2528784001.638344
1 0 100 0.0 0.0 0.0
2 12 107 3920.792982031498 59123.54568820388 231811183.0071284
3 0 100 0.0 0.0 0.0
4 8 218 1300.1508247099457 20402.728323412415 26526624.05601762
5 0 100 0.0 0.0 0.0
6 18 345 10336.717591947081 5914535.698956064 61136885207.59817
7 17 225 9095.850952291546 1460367.273510926 13283283055.459764
8 2 109 13.494214179327372 23.78240930402918 320.92492484899776
9 1 107 1.0 11.607984241186918 11.607984241186918
10 0 100 0.0 0.0 0.0
11 21 324 14374.256054893494 10830433.996080315 155679431445.2818
12 15 244 6803.971395961631 1037159.1258669969 7056801025.459616
13 0 100 0.0 0.0 0.0
14 0 100 0.0 0.0 0.0
15 1 105 1.0 7.59708563275366 7.59708563275366
16 10 267 2424.408141701412 87756.07261047284 212756536.92057064
17 0 100 0.0 0.0 0.0
18 0 100 0.0 0.0 0.0
19 7 127 880.1589317377488 16129.0 14196083.40999815
20 0 100 0.0 0.0 0.0
21 0 100 0.0 0.0 0.0
22 0 100 0.0 0.0 0.0
23 0 10 0.0 10.0 0.0
24 0 8 0.0 8.0 0.0
25 1 121 1.0 46.33316012586883 46.33316012586883
26 0 10 0.0 10.0 0.0
27 0 5 0.0 5.0 0.0
28 25 428 20302.483562333644 62465730.03640065 1268209457273.1953
29 0 6 0.0 6.0 0.0
30 1 33 1.0 81.88562674252243 81.88562674252243
31 1 105 1.0 7.59708563275366 7.59708563275366
32 0 100 0.0 0.0 0.0
33 24 433 18776.370315488246 51184371.57394695 961056715037.9779
34 14 335 5763.781188419757 703973.305306163 4057548094.273341
35 2 133 13.494214179327372 154.90879557685506 2090.372465775723
36 0 100 0.0 0.0 0.0
37 0 100 0.0 0.0 0.0
38 17 235 9095.850952291546 1636649.5489221425 14886720358.131
39 0 100 0.0 0.0 0.0
40 0 5 0.0 5.0 0.0
41 0 10 0.0 10.0 0.0
42 9 176 1814.8473014962385 68835.16986212213 124925322.27230754
43 0 100 0.0 0.0 0.0
44 2 12 13.494214179327372 36.01211998010309 485.95526006314566
45 0 100 0.0 0.0 0.0
46 0 100 0.0 0.0 0.0
47 26 430 21850.715853258855 79507000.0 1737284865345.0518
48 1 105 1.0 7.59708563275366 7.59708563275366
49 0 10 0.0 10.0 0.0
50 13 173 4801.088521889328 247747.62639934281 1189458285.4312103
51 0 100 0.0 0.0 0.0
52 24 391 18776.370315488246 37981386.912650324 713152585767.7614
53 0 100 0.0 0.0 0.0
54 0 100 0.0 0.0 0.0
55 10 198 2424.408141701412 128155.62053704208 310701529.83480155
56 0 100 0.0 0.0 0.0
57 5 78 312.35291035940236 2742.610069160227 856662.2370831986
58 0 100 0.0 0.0 0.0
59 0 100 0.0 0.0 0.0
60 4 151 151.22372397683895 831.5797944458234 125754.59329999167
61 6 201 552.5626438069447 6825.411756924657 3771467.565477292
62 7 96 880.1589317377488 9216.0 8111544.714895094
63 4 123 151.22372397683895 3747.0325985436466 566640.223414382
64 0 5 0.0 5.0 0.0
65 0 100 0.0 0.0 0.0
66 0 5 0.0 5.0 0.0
67 0 10 0.0 10.0 0.0
68 2 14 13.494214179327372 44.97826169706515 606.9462967540338
69 0 100 0.0 0.0 0.0
70 1 6 1.0 9.55892689827884 9.55892689827884
71 0 100 0.0 0.0 0.0
72 1 10 1.0 18.1937008646705 18.1937008646705
73 11 258 3127.3197986346404 332070.923593502 1038491973.9048498
74 21 350 14374.256054893494 13445554.584447855 193269844396.90057
75 0 100 0.0 0.0 0.0
76 0 5 0.0 5.0 0.0
77 0 100 0.0 0.0 0.0
78 0 100 0.0 0.0 0.0
79 1 110 1.0 18.1937008646705 18.1937008646705
80 14 191 5763.781188419757 422193.97589803796 2433433696.1452556
81 0 9 0.0 9.0 0.0
82 0 6 0.0 6.0 0.0
83 1 104 1.0 5.735193251789799 5.735193251789799
84 0 5 0.0 5.0 0.0
85 0 11 0.0 11.0 0.0
86 1 35 1.0 88.18685030395203 88.18685030395203
87 0 100 0.0 0.0 0.0
88 0 100 0.0 0.0 0.0
89 0 5 0.0 5.0 0.0
90 0 100 0.0 0.0 0.0
91 0 5 0.0 5.0 0.0
92 0 6 0.0 6.0 0.0
93 4 179 151.22372397683895 1757.505455801544 265776.51993592124
94 5 74 312.35291035940236 2492.4098028308917 778511.4557225333
95 0 100 0.0 0.0 0.0
96 0 100 0.0 0.0 0.0
97 14 222 5763.781188419757 611792.3416496987 3526237190.0198064
98 1 15 1.0 30.323695983612147 30.323695983612147
99 1 16 1.0 32.892441635375256 32.892441635375256
100 9 133 1814.8473014962385 37644.33692394514 68318723.28303705
101 0 100 0.0 0.0 0.0
102 0 100 0.0 0.0 0.0
103 11 285 3127.3197986346404 155069.9102871652 484953200.61354923
104 7 208 880.1589317377488 11664.0 10266173.779789103
105 14 337 5763.781188419757 718841.3389030525 4143244186.6278853
106 13 178 4801.088521889328 265358.1065957515 1274007759.7671473
107 9 137 1814.8473014962385 40125.91166909431 72822402.51273224
108 24 453 18776.370315488246 58408796.40964918 1096705191069.5333
109 0 100 0.0 0.0 0.0
110 13 231 4801.088521889328 497325.9591017296 2387705953.8809156
111 10 108 2424.408141701412 33288.478681365275 80704858.73995586
112 15 193 6803.971395961631 574438.4857657645 3908463025.8897743
113 25 484 20302.483562333644 89917418.12804137 1825546903512.0413
114 19 318 11633.622691025432 6203435.32437375 72168425951.94316
115 22 353 15807.685316481819 17600797.922151197 278227874872.35315
116 12 218 3920.792982031498 315132.98931001755 1235571212.893324
117 16 289 7916.453847805617 2126480.08389433 16834181442.427282
118 25 471 20302.483562333644 82949529.71864651 1684081463616.127
119 14 255 5763.781188419757 252244.95028603496 1453884699.3325253
120 18 360 10336.717591947081 6625853.170980919 68489573034.13682
121 10 117 2424.408141701412 39774.44974103781 96429499.78386569
122 14 223 5763.781188419757 618611.2410048468 3565539833.8487363
123 12 256 3920.792982031498 459809.7402582212 1802818802.6741598
124 13 325 4801.088521889328 466760.9337306444 2240960561.4005423
125 15 200 6803.971395961631 628394.3274030525 4275577029.0349174
126 4 31 151.22372397683895 354.97079584466536 53680.00565065253
127 12 221 3920.792982031498 325424.97094098834 1275923942.2432313
128 21 326 14374.256054893494 11018806.635725688 158387148001.28058
129 0 10 0.0 10.0 0.0
130 25 362 20302.483562333644 38033306.246942095 772170574899.7434
131 12 295 3920.792982031498 641768.1777245014 2516240167.313368
132 5 72 312.35291035940236 2371.3580183097592 740700.5785231582
133 17 253 9095.850952291546 1985900.2254718659 18063452457.014267
134 17 259 9095.850952291546 2111711.516257531 19207813206.11609
135 11 235 3127.3197986346404 75378.38222771238 235732307.12977445
136 12 263 3920.792982031498 489920.81803539564 1920878105.1043098
137 13 289 4801.088521889328 853323.878522873 4096883478.630249
138 0 100 0.0 0.0 0.0
139 21 353 14374.256054893494 13770982.618961489 197947630292.44025
140 20 349 12981.212045421978 10362452.355291663 134517191334.62349
141 13 160 4801.088521889328 205230.88858776126 985331663.5358481
142 12 195 3920.792982031498 242458.72541212823 950630469.0281744
143 8 256 1300.1508247099457 36465.56936906108 47410740.0887025
144 16 261 7916.453847805617 1636301.1957658 12953702897.389101
145 22 395 15807.685316481819 24231301.43586209 383040787906.922
146 24 375 18776.370315488246 33613449.6826288 631138578822.0692
147 16 270 7916.453847805617 1785339.8012225186 14133560139.028522
148 7 155 880.1589317377488 24025.0 21145818.334999416
149 14 279 5763.781188419757 1074926.1176771463 6195638936.008618
150 7 113 880.1589317377488 12769.0 11238749.399359316
151 18 313 10336.717591947081 4561572.951562551 47151691375.36659
152 22 461 15807.685316481819 37602013.92513294 594400803394.4688
153 17 339 9095.850952291546 4275619.850354932 38890400887.48755
154 23 319 17276.616480405057 16679463.3557904 288164691496.9607
155 15 268 6803.971395961631 1313760.7356072676 8938790466.20936
156 19 363 11633.622691025432 8884963.33225435 103364311031.04314
157 19 428 11633.622691025432 13894320.857445085 161641286403.56107
158 20 375 12981.212045421978 12634471.942174722 164010759363.3045
159 18 245 10336.717591947081 2372764.9509108197 24526601209.635323
160 13 363 4801.088521889328 679888.3927997081 3264204358.8364615
161 9 254 1814.8473014962385 51626.24357981338 93693748.84721182
162 17 317 9095.850952291546 3586158.9739016495 32619167517.832195
163 12 201 3920.792982031498 260366.30656647639 1020842387.5433022
164 24 471 18776.370315488246 65457670.71605806 1229057465353.9968
165 14 248 5763.781188419757 803943.7192296556 4633755685.444104
166 14 177 5763.781188419757 349928.0948298758 2016908970.280003
167 0 100 0.0 0.0 0.0
168 29 488 26589.10945763286 225707224.6340674 6001354101173.746
169 20 225 12981.212045421978 3086691.432312017 40068996001.62957
170 21 371 14374.256054893494 15830212.688138112 227547530582.72107
171 19 373 11633.622691025432 9565149.401425144 111277339119.46788
172 24 375 18776.370315488246 33613449.6826288 631138578822.0692
173 19 395 11633.622691025432 11175035.194513367 130006143011.89851
174 11 228 3127.3197986346404 250220.68273777683 782520095.1537265
175 14 186 5763.781188419757 395457.87275874446 2279332647.8193455
176 19 265 11633.622691025432 3781823.790500406 43996311062.625336
177 14 242 5763.781188419757 756822.8547786536 4362161333.339341
178 18 345 10336.717591947081 5914535.698956064 61136885207.59817
179 24 375 18776.370315488246 33613449.6826288 631138578822.0692
180 13 125 4801.088521889328 113201.30839794238 543489502.4122152
181 10 113 2424.408141701412 36813.370582561554 89250635.36383349
182 15 209 6803.971395961631 702105.3614276309 4777104796.104903
183 1 105 1.0 7.59708563275366 7.59708563275366
184 12 268 3920.792982031498 512103.2920042958 2007850993.36567
185 17 180 9095.850952291546 813740.6459680011 7401663629.546381
186 7 176 880.1589317377488 5776.0 5083797.989717238
187 15 352 6803.971395961631 1124993.9350205557 7654426554.5101795
188 12 306 3920.792982031498 275852.07684250775 1081558886.9629178
189 14 187 5763.781188419757 400722.0136188303 2309674003.8819
190 14 336 5763.781188419757 711384.2292680903 4100263038.3939066
191 12 191 3920.792982031498 230926.02514745313 905413138.7665634
192 25 407 20302.483562333644 53816218.43853658 1092602890235.3456
193 16 244 7916.453847805617 1376104.8014888435 10893870150.73014
194 20 304 12981.212045421978 7080435.268983905 91912631600.56448
195 14 203 5763.781188419757 490653.14865003707 2828017388.2280064
196 11 201 3127.3197986346404 187500.599499175 586374337.0696343
197 24 386 18776.370315488246 36578606.81501679 686813467183.3973
198 17 266 9095.850952291546 2264580.0715503925 20598282800.352097
199 12 254 3920.792982031498 139185.29395974262 545716723.75935
