0 0 100 0.0 0.0 0.0
1 0 100 0.0 0.0 0.0
2 0 5 0.0 5.0 0.0
3 7 181 880.1589317377488 6561.0 5774722.75113137
4 0 100 0.0 0.0 0.0
5 1 16 1.0 32.892441635375256 32.892441635375256
6 0 100 0.0 0.0 0.0
7 5 93 312.35291035940236 3775.468945982596 1179278.713249209
8 0 100 0.0 0.0 0.0
9 1 104 1.0 5.735193251789799 5.735193251789799
10 0 100 0.0 0.0 0.0
11 0 100 0.0 0.0 0.0
12 0 100 0.0 0.0 0.0
13 0 100 0.0 0.0 0.0
14 0 100 0.0 0.0 0.0
15 1 9 1.0 15.931997307697284 15.931997307697284
16 0 5 0.0 5.0 0.0
17 1 22 1.0 49.12998068819353 49.12998068819353
18 1 95 1.0 310.2955884661669 310.2955884661669
19 0 100 0.0 0.0 0.0
20 0 100 0.0 0.0 0.0
21 0 100 0.0 0.0 0.0
22 0 100 0.0 0.0 0.0
23 0 100 0.0 0.0 0.0
24 1 103 1.0 3.9914906122521803 3.9914906122521803
25 0 100 0.0 0.0 0.0
26 0 100 0.0 0.0 0.0
27 1 12 1.0 22.891970023971037 22.891970023971037
28 12 185 3920.792982031498 214229.6252136221 839950011.0808076
29 0 100 0.0 0.0 0.0
30 0 100 0.0 0.0 0.0
31 0 100 0.0 0.0 0.0
32 0 100 0.0 0.0 0.0
33 0 9 0.0 9.0 0.0
34 0 8 0.0 8.0 0.0
35 0 100 0.0 0.0 0.0
36 0 100 0.0 0.0 0.0
37 0 100 0.0 0.0 0.0
38 0 100 0.0 0.0 0.0
39 1 10 1.0 18.1937008646705 18.1937008646705
40 1 20 1.0 43.57075425423803 43.57075425423803
41 2 129 13.494214179327372 128.5709592386038 1734.9640612072888
42 0 100 0.0 0.0 0.0
43 0 6 0.0 6.0 0.0
44 1 12 1.0 22.891970023971037 22.891970023971037
45 3 139 57.02181064673912 335.47304520277595 19129.280460637645
46 0 100 0.0 0.0 0.0
47 0 100 0.0 0.0 0.0
48 1 105 1.0 7.59708563275366 7.59708563275366
49 0 100 0.0 0.0 0.0
50 0 100 0.0 0.0 0.0
51 0 100 0.0 0.0 0.0
52 0 100 0.0 0.0 0.0
53 0 5 0.0 5.0 0.0
54 1 11 1.0 20.51504931294799 20.51504931294799
55 2 132 13.494214179327372 148.1842032776824 1999.6293770220316
56 0 10 0.0 10.0 0.0
57 0 100 0.0 0.0 0.0
58 0 5 0.0 5.0 0.0
59 0 10 0.0 10.0 0.0
60 0 7 0.0 7.0 0.0
61 12 247 3920.792982031498 124763.75250077092 489172845.21693736
62 0 100 0.0 0.0 0.0
63 14 281 5763.781188419757 1094029.65097923 6305747521.887518
64 0 6 0.0 6.0 0.0
65 0 6 0.0 6.0 0.0
66 0 100 0.0 0.0 0.0
67 0 100 0.0 0.0 0.0
68 0 10 0.0 10.0 0.0
69 1 11 1.0 20.51504931294799 20.51504931294799
70 0 100 0.0 0.0 0.0
71 0 100 0.0 0.0 0.0
72 0 5 0.0 5.0 0.0
73 0 5 0.0 5.0 0.0
74 0 8 0.0 8.0 0.0
75 0 100 0.0 0.0 0.0
76 0 6 0.0 6.0 0.0
77 14 240 5763.781188419757 741490.6921805334 4273790102.978503
78 2 61 13.494214179327372 375.74324992186104 5070.359890882126
79 0 6 0.0 6.0 0.0
80 4 70 151.22372397683895 1429.1350405139644 216119.12289231233
81 0 5 0.0 5.0 0.0
82 0 100 0.0 0.0 0.0
83 0 100 0.0 0.0 0.0
84 0 100 0.0 0.0 0.0
85 0 100 0.0 0.0 0.0
86 0 6 0.0 6.0 0.0
87 0 100 0.0 0.0 0.0
88 0 100 0.0 0.0 0.0
89 3 49 57.02181064673912 481.96892224029307 27482.74062159892
90 0 11 0.0 11.0 0.0
91 0 100 0.0 0.0 0.0
92 0 100 0.0 0.0 0.0
93 0 100 0.0 0.0 0.0
94 0 100 0.0 0.0 0.0
95 0 100 0.0 0.0 0.0
96 0 100 0.0 0.0 0.0
97 0 100 0.0 0.0 0.0
98 0 100 0.0 0.0 0.0
99 1 20 1.0 43.57075425423803 43.57075425423803
100 0 100 0.0 0.0 0.0
101 0 100 0.0 0.0 0.0
102 0 100 0.0 0.0 0.0
103 0 11 0.0 11.0 0.0
104 0 100 0.0 0.0 0.0
105 1 106 1.0 9.55892689827884 9.55892689827884
106 2 54 13.494214179327372 315.16948038953416 4252.964471163692
107 8 234 1300.1508247099457 26580.07983342708 34558112.71628641
108 1 108 1.0 13.734791927877684 13.734791927877684
109 0 100 0.0 0.0 0.0
110 3 66 57.02181064673912 773.2963448216119 44094.75774823344
111 3 31 57.02181064673912 233.0178128969552 13287.097604327464
112 2 25 13.494214179327372 103.79546451213633 1400.6382289695412
113 13 230 4801.088521889328 492152.9289485213 2362869778.1889596
114 2 38 13.494214179327372 189.8638195218893 2562.0630455335317
115 7 101 880.1589317377488 10201.0 8978501.262656776
116 8 199 1300.1508247099457 14160.822691605603 18411205.301062338
117 1 19 1.0 40.84402933782601 40.84402933782601
118 0 100 0.0 0.0 0.0
119 0 100 0.0 0.0 0.0
120 7 89 880.1589317377488 7921.0 6971738.898294709
121 0 100 0.0 0.0 0.0
122 1 105 1.0 7.59708563275366 7.59708563275366
123 8 105 1300.1508247099457 16004.538823908642 20808314.351007167
124 1 12 1.0 22.891970023971037 22.891970023971037
125 0 5 0.0 5.0 0.0
126 1 16 1.0 32.892441635375256 32.892441635375256
127 3 145 57.02181064673912 421.0282951259743 24007.7957215927
128 15 263 6803.971395961631 1252871.0515300073 8524498797.43854
129 4 82 151.22372397683895 1873.1633591984112 283266.73879494896
130 1 8 1.0 13.734791927877684 13.734791927877684
131 4 56 151.22372397683895 975.7969952136767 147563.65546162188
132 4 65 151.22372397683895 1259.0362466163215 190396.14983514193
133 1 103 1.0 3.9914906122521803 3.9914906122521803
134 0 100 0.0 0.0 0.0
135 12 328 3920.792982031498 350182.1438103924 1372991691.8845313
136 1 107 1.0 11.607984241186918 11.607984241186918
137 15 293 6803.971395961631 1644814.3427691713 11191269739.868872
138 0 100 0.0 0.0 0.0
139 2 26 13.494214179327372 109.8359986590007 1482.1504905048694
140 14 246 5763.781188419757 788048.6512575328 4542139991.677729
141 1 105 1.0 7.59708563275366 7.59708563275366
142 3 117 57.02181064673912 89.78750677036001 5119.846209502275
143 0 100 0.0 0.0 0.0
144 6 130 552.5626438069447 11061.859988496359 6112370.600665807
145 14 251 5763.781188419757 828141.0380172962 4773223736.282503
146 0 100 0.0 0.0 0.0
147 13 241 4801.088521889328 550807.6308293868 2644476194.1440234
148 4 60 151.22372397683895 1097.9836363389938 166041.17435281392
149 3 67 57.02181064673912 791.9778998728451 45160.013842951485
150 3 25 57.02181064673912 165.61186212092687 9443.48824271336
151 0 100 0.0 0.0 0.0
152 4 55 151.22372397683895 946.1899645328139 143086.37002616527
153 0 100 0.0 0.0 0.0
154 5 64 312.35291035940236 1914.4623288244568 597987.8801817582
155 9 181 1814.8473014962385 73117.4506468244 132697007.99867368
156 13 155 4801.088521889328 190112.64245312745 912747625.54776
157 5 72 312.35291035940236 2371.3580183097592 740700.5785231582
158 12 172 3920.792982031498 180499.32518890905 707700487.4620957
159 1 40 1.0 104.3443904241405 104.3443904241405
160 1 108 1.0 13.734791927877684 13.734791927877684
161 1 31 1.0 75.68293941204132 75.68293941204132
162 14 228 5763.781188419757 653382.3373284853 3765952824.739656
163 4 22 151.22372397683895 197.47425973648444 29862.792946920727
164 5 188 312.35291035940236 3414.7546568712237 1066608.555237049
165 6 119 552.5626438069447 9340.680210924138 5161310.9523034515
166 3 59 57.02181064673912 647.2206215128941 36905.69172657306
167 10 251 2424.408141701412 217183.376357758 526541145.88395053
168 2 9 13.494214179327372 23.78240930402918 320.92492484899776
169 0 100 0.0 0.0 0.0
170 3 93 57.02181064673912 1332.8212345645688 75999.88006329391
171 2 43 13.494214179327372 226.91812071099523 3062.081722044632
172 7 111 880.1589317377488 12321.0 10844438.197940804
173 14 239 5763.781188419757 733894.4795303408 4230007195.4020867
174 2 34 13.494214179327372 161.72412498062124 2182.3399804528112
175 4 96 151.22372397683895 2452.6531100077354 370899.3369187454
176 1 20 1.0 43.57075425423803 43.57075425423803
177 4 61 151.22372397683895 1129.4605717070829 170801.2337385546
178 3 28 57.02181064673912 198.25318874016915 11304.755788454157
179 2 150 13.494214179327372 282.0582186126376 3806.1540129984737
180 7 142 880.1589317377488 20164.0 17747524.699559968
181 9 145 1814.8473014962385 45344.665438633376 82293643.70855354
182 4 172 151.22372397683895 1499.6637502850892 226784.73703118347
183 16 276 7916.453847805617 1889141.929026906 14955304893.095976
184 8 227 1300.1508247099457 23773.224239432624 30908777.1009128
185 9 195 1814.8473014962385 85847.96565098438 155800948.80063078
186 2 40 13.494214179327372 204.4421003683832 2758.785489642506
187 1 107 1.0 11.607984241186918 11.607984241186918
188 1 10 1.0 18.1937008646705 18.1937008646705
189 1 104 1.0 5.735193251789799 5.735193251789799
190 5 82 312.35291035940236 3003.520233876968 938158.2863748239
191 5 72 312.35291035940236 2371.3580183097592 740700.5785231582
192 4 77 151.22372397683895 1682.1075637745857 254374.56992360097
193 4 65 151.22372397683895 1259.0362466163215 190396.14983514193
194 5 78 312.35291035940236 2742.610069160227 856662.2370831986
195 2 33 13.494214179327372 154.90879557685506 2090.372465775723
196 10 140 2424.408141701412 59285.163668541216 143731433.48011208
197 4 100 151.22372397683895 2629.9766541734707 397714.86361625936
198 2 15 13.494214179327372 49.68406405407534 670.4474016451129
199 8 147 1300.1508247099457 32225.65307789171 41898209.426037505
