0 3 58 57.02181064673912 629.8939717412368 35917.694784151245
1 0 5 0.0 5.0 0.0
2 0 100 0.0 0.0 0.0
3 0 100 0.0 0.0 0.0
4 0 100 0.0 0.0 0.0
5 0 6 0.0 6.0 0.0
6 0 7 0.0 7.0 0.0
7 7 120 880.1589317377488 14400.0 12674288.617023584
8 0 100 0.0 0.0 0.0
9 0 10 0.0 10.0 0.0
10 0 100 0.0 0.0 0.0
11 1 102 1.0 2.3948263510722025 2.3948263510722025
12 1 102 1.0 2.3948263510722025 2.3948263510722025
13 1 9 1.0 15.931997307697284 15.931997307697284
14 0 100 0.0 0.0 0.0
15 0 100 0.0 0.0 0.0
16 1 10 1.0 18.1937008646705 18.1937008646705
17 1 10 1.0 18.1937008646705 18.1937008646705
18 0 5 0.0 5.0 0.0
19 0 100 0.0 0.0 0.0
20 3 95 57.02181064673912 1378.6071657178634 78610.6767598017
21 3 63 57.02181064673912 718.2490844189361 40955.86328893032
22 1 19 1.0 40.84402933782601 40.84402933782601
23 1 11 1.0 20.51504931294799 20.51504931294799
24 3 58 57.02181064673912 629.8939717412368 35917.694784151245
25 1 28 1.0 66.57403288693754 66.57403288693754
26 0 5 0.0 5.0 0.0
27 1 105 1.0 7.59708563275366 7.59708563275366
28 0 100 0.0 0.0 0.0
29 2 109 13.494214179327372 23.78240930402918 320.92492484899776
30 1 21 1.0 46.33316012586883 46.33316012586883
31 0 100 0.0 0.0 0.0
32 0 6 0.0 6.0 0.0
33 0 6 0.0 6.0 0.0
34 0 100 0.0 0.0 0.0
35 0 100 0.0 0.0 0.0
36 0 100 0.0 0.0 0.0
37 2 118 13.494214179327372 64.62733255388774 872.0950673207774
38 7 90 880.1589317377488 8100.0 7129287.347075766
39 0 9 0.0 9.0 0.0
40 1 13 1.0 25.320989780782124 25.320989780782124
41 1 9 1.0 15.931997307697284 15.931997307697284
42 3 39 57.02181064673912 335.47304520277595 19129.280460637645
43 0 100 0.0 0.0 0.0
44 0 100 0.0 0.0 0.0
45 13 209 4801.088521889328 390735.2774924319 1875954655.8661563
46 0 9 0.0 9.0 0.0
47 0 100 0.0 0.0 0.0
48 0 100 0.0 0.0 0.0
49 1 29 1.0 69.58346013935528 69.58346013935528
50 2 27 13.494214179327372 115.98017876588344 1565.0613728235076
51 0 100 0.0 0.0 0.0
52 0 5 0.0 5.0 0.0
53 1 7 1.0 11.607984241186918 11.607984241186918
54 0 5 0.0 5.0 0.0
55 4 61 151.22372397683895 1129.4605717070829 170801.2337385546
56 1 23 1.0 51.960050539976365 51.960050539976365
57 0 100 0.0 0.0 0.0
58 1 105 1.0 7.59708563275366 7.59708563275366
59 4 37 151.22372397683895 480.38255499420245 72645.23889973194
60 1 6 1.0 9.55892689827884 9.55892689827884
61 0 100 0.0 0.0 0.0
62 0 100 0.0 0.0 0.0
63 8 142 1300.1508247099457 29987.49355902603 38988264.481751874
64 3 144 57.02181064673912 406.27351121486885 23166.451227280093
65 3 22 57.02181064673912 135.19579244279535 7709.10887690892
66 0 100 0.0 0.0 0.0
67 1 15 1.0 30.323695983612147 30.323695983612147
68 0 100 0.0 0.0 0.0
69 0 100 0.0 0.0 0.0
70 0 100 0.0 0.0 0.0
71 0 9 0.0 9.0 0.0
72 1 106 1.0 9.55892689827884 9.55892689827884
73 0 100 0.0 0.0 0.0
74 1 102 1.0 2.3948263510722025 2.3948263510722025
75 0 100 0.0 0.0 0.0
76 0 5 0.0 5.0 0.0
77 0 8 0.0 8.0 0.0
78 0 100 0.0 0.0 0.0
79 1 104 1.0 5.735193251789799 5.735193251789799
80 0 100 0.0 0.0 0.0
81 0 100 0.0 0.0 0.0
82 0 5 0.0 5.0 0.0
83 1 109 1.0 15.931997307697284 15.931997307697284
84 1 14 1.0 27.799106543625292 27.799106543625292
85 8 78 1300.1508247099457 8624.131594582768 11212671.805103885
86 0 100 0.0 0.0 0.0
87 0 100 0.0 0.0 0.0
88 0 6 0.0 6.0 0.0
89 15 183 6803.971395961631 502365.15075838484 3418078116.088003
90 0 6 0.0 6.0 0.0
91 1 24 1.0 54.8222930413608 54.8222930413608
92 0 100 0.0 0.0 0.0
93 0 100 0.0 0.0 0.0
94 6 97 552.5626438069447 6317.679695554275 3490913.7953009238
95 4 50 151.22372397683895 803.8922494719358 121567.57964126418
96 0 100 0.0 0.0 0.0
97 0 9 0.0 9.0 0.0
98 0 9 0.0 9.0 0.0
99 2 39 13.494214179327372 197.11162840858907 2659.8665309814905
100 2 29 13.494214179327372 128.5709592386038 1734.9640612072888
101 0 100 0.0 0.0 0.0
102 0 5 0.0 5.0 0.0
103 10 124 2424.408141701412 45261.41727827692 109732148.55439954
104 0 7 0.0 7.0 0.0
105 0 100 0.0 0.0 0.0
106 1 106 1.0 9.55892689827884 9.55892689827884
107 0 100 0.0 0.0 0.0
108 9 227 1814.8473014962385 34080.638090162705 61851154.071201704
109 0 5 0.0 5.0 0.0
110 1 13 1.0 25.320989780782124 25.320989780782124
111 2 55 13.494214179327372 323.62148105306557 4367.017578361202
112 3 74 57.02181064673912 927.3002957027797 52876.3418742291
113 0 100 0.0 0.0 0.0
114 0 100 0.0 0.0 0.0
115 0 6 0.0 6.0 0.0
116 19 211 11633.622691025432 2037385.648372817 23702175909.279568
117 0 100 0.0 0.0 0.0
118 13 195 4801.088521889328 330604.83694571455 1587263087.941163
119 1 10 1.0 18.1937008646705 18.1937008646705
120 0 7 0.0 7.0 0.0
121 11 289 3127.3197986346404 162853.276134606 509294274.72826755
122 0 100 0.0 0.0 0.0
123 1 11 1.0 20.51504931294799 20.51504931294799
124 0 100 0.0 0.0 0.0
125 0 100 0.0 0.0 0.0
126 4 65 151.22372397683895 1259.0362466163215 190396.14983514193
127 7 207 880.1589317377488 11449.0 10076939.609465487
128 12 313 3920.792982031498 737666.3378471562 2892237000.5120063
129 3 39 57.02181064673912 335.47304520277595 19129.280460637645
130 15 203 6803.971395961631 652417.5896686066 4439030618.327432
131 3 68 57.02181064673912 810.8239638778247 46234.65053607976
132 0 100 0.0 0.0 0.0
133 0 100 0.0 0.0 0.0
134 2 121 13.494214179327372 80.71796600694597 1089.2255214173952
135 1 10 1.0 18.1937008646705 18.1937008646705
136 1 100 1.0 0.0 0.0
137 3 49 57.02181064673912 481.96892224029307 27482.74062159892
138 12 212 3920.792982031498 295116.9848141019 1157092602.9374268
139 8 155 1300.1508247099457 35981.02511980672 46780759.48342598
140 10 180 2424.408141701412 103676.69639096252 251354626.83495495
141 10 156 2424.408141701412 75416.33841413441 182839984.86853644
142 0 100 0.0 0.0 0.0
143 5 39 312.35291035940236 778.3165439750189 243109.43769146892
144 9 161 1814.8473014962385 56814.89680416015 103110362.1498173
145 15 386 6803.971395961631 1547585.1108618248 10529724827.119967
146 11 229 3127.3197986346404 67927.27664816522 212430317.12913957
147 9 236 1814.8473014962385 39497.557201796815 71682035.10337427
148 1 9 1.0 15.931997307697284 15.931997307697284
149 0 100 0.0 0.0 0.0
150 2 29 13.494214179327372 128.5709592386038 1734.9640612072888
151 0 100 0.0 0.0 0.0
152 4 40 151.22372397683895 548.8883970182196 83004.94744477284
153 1 27 1.0 63.59241768810072 63.59241768810072
154 1 106 1.0 9.55892689827884 9.55892689827884
155 2 73 13.494214179327372 486.8291720253608 6569.377116054828
156 12 169 3920.792982031498 173183.80963665945 679017865.4248933
157 0 5 0.0 5.0 0.0
158 0 100 0.0 0.0 0.0
159 7 110 880.1589317377488 12100.0 10649923.074026762
160 6 100 552.5626438069447 6696.723465418967 3700359.222895909
161 4 54 151.22372397683895 916.9626779842689 138666.51091255614
162 0 100 0.0 0.0 0.0
163 6 176 552.5626438069447 3961.5666745886283 2189013.755328179
164 6 201 552.5626438069447 6825.411756924657 3771467.565477292
165 1 105 1.0 7.59708563275366 7.59708563275366
166 15 235 6803.971395961631 943445.0730592516 6419173290.75608
167 2 108 13.494214179327372 20.066939702021244 270.7875822627225
168 3 32 57.02181064673912 245.06238675558936 13973.901014215166
169 11 161 3127.3197986346404 112815.8246369091 352811161.9862995
170 3 36 57.02181064673912 295.444715883087 16846.792645665024
171 3 119 57.02181064673912 107.12598084817145 6108.517395270634
172 13 265 4801.088521889328 692416.3228329758 3324352059.9222155
173 7 171 880.1589317377488 5041.0 4436881.174889992
174 22 306 15807.685316481819 11723602.527963573 185323019537.5589
175 22 236 15807.685316481819 5600748.759243214 88534873922.79271
176 1 17 1.0 35.503281577765854 35.503281577765854
177 14 183 5763.781188419757 379913.03535972105 2189735606.44181
178 22 279 15807.685316481819 9015151.70798021 142508681280.09476
179 8 126 1300.1508247099457 23385.5071842533 30404686.45186729
180 2 30 13.494214179327372 135.01359299654277 1821.9023410158823
181 12 155 3920.792982031498 141319.76270431234 554085533.8334244
182 3 55 57.02181064673912 578.9666715492328 33013.72791585315
183 1 14 1.0 27.799106543625292 27.799106543625292
184 13 241 4801.088521889328 550807.6308293868 2644476194.1440234
185 1 20 1.0 43.57075425423803 43.57075425423803
186 2 34 13.494214179327372 161.72412498062124 2182.3399804528112
187 11 133 3127.3197986346404 72846.12336446987 227813123.85148808
188 11 164 3127.3197986346404 117686.48609129344 368043277.9850422
189 13 197 4801.088521889328 338836.37386693084 1626783425.3711228
190 1 31 1.0 75.68293941204132 75.68293941204132
191 15 275 6803.971395961631 1401952.2349622357 9538842905.18753
192 21 274 14374.256054893494 6771314.030274145 97332601699.2534
193 16 197 7916.453847805617 793814.02503773 6284192092.952003
194 7 75 880.1589317377488 5625.0 4950893.991024837
195 20 228 12981.212045421978 3201573.3462785645 41560302487.01325
196 0 100 0.0 0.0 0.0
197 2 30 13.494214179327372 135.01359299654277 1821.9023410158823
198 7 122 880.1589317377488 14884.0 13100285.539984655
199 12 196 3920.792982031498 245392.4596504624 962133033.6409806
