0 0 100 0.0 0.0 0.0
1 0 100 0.0 0.0 0.0
2 1 104 1.0 5.735193251789799 5.735193251789799
3 0 6 0.0 6.0 0.0
4 9 179 1814.8473014962385 71387.91888231963 129558171.94301015
5 1 7 1.0 11.607984241186918 11.607984241186918
6 0 100 0.0 0.0 0.0
7 0 100 0.0 0.0 0.0
8 0 100 0.0 0.0 0.0
9 0 100 0.0 0.0 0.0
10 0 10 0.0 10.0 0.0
11 3 26 57.02181064673912 176.25042831919396 10050.118550023744
12 1 10 1.0 18.1937008646705 18.1937008646705
13 1 33 1.0 81.88562674252243 81.88562674252243
14 0 5 0.0 5.0 0.0
15 0 100 0.0 0.0 0.0
16 1 10 1.0 18.1937008646705 18.1937008646705
17 0 5 0.0 5.0 0.0
18 0 100 0.0 0.0 0.0
19 0 100 0.0 0.0 0.0
20 0 100 0.0 0.0 0.0
21 3 137 57.02181064673912 308.57807572808247 17595.680603901845
22 2 13 13.494214179327372 40.41888428935346 545.4210814899858
23 0 9 0.0 9.0 0.0
24 1 10 1.0 18.1937008646705 18.1937008646705
25 1 10 1.0 18.1937008646705 18.1937008646705
26 1 13 1.0 25.320989780782124 25.320989780782124
27 3 133 57.02181064673912 257.33012181535685 14673.42947985759
28 14 185 5763.781188419757 390235.0653136485 2249229528.5165625
29 0 7 0.0 7.0 0.0
30 2 138 13.494214179327372 189.8638195218893 2562.0630455335317
31 2 15 13.494214179327372 49.68406405407534 670.4474016451129
32 0 6 0.0 6.0 0.0
33 0 100 0.0 0.0 0.0
34 0 100 0.0 0.0 0.0
35 0 9 0.0 9.0 0.0
36 0 100 0.0 0.0 0.0
37 0 100 0.0 0.0 0.0
38 4 51 151.22372397683895 831.5797944458234 125754.59329999167
39 1 9 1.0 15.931997307697284 15.931997307697284
40 0 5 0.0 5.0 0.0
41 0 100 0.0 0.0 0.0
42 0 100 0.0 0.0 0.0
43 17 331 9095.850952291546 4016220.324193155 36530941460.42497
44 1 7 1.0 11.607984241186918 11.607984241186918
45 0 100 0.0 0.0 0.0
46 0 10 0.0 10.0 0.0
47 0 6 0.0 6.0 0.0
48 0 100 0.0 0.0 0.0
49 0 100 0.0 0.0 0.0
50 1 10 1.0 18.1937008646705 18.1937008646705
51 0 100 0.0 0.0 0.0
52 5 148 312.35291035940236 8782.683953762982 2743296.89372469
53 0 100 0.0 0.0 0.0
54 2 39 13.494214179327372 197.11162840858907 2659.8665309814905
55 1 6 1.0 9.55892689827884 9.55892689827884
56 1 8 1.0 13.734791927877684 13.734791927877684
57 1 105 1.0 7.59708563275366 7.59708563275366
58 1 10 1.0 18.1937008646705 18.1937008646705
59 0 100 0.0 0.0 0.0
60 2 17 13.494214179327372 59.51335422080222 803.0859483856818
61 0 6 0.0 6.0 0.0
62 2 107 13.494214179327372 16.551687764173284 223.3520197191065
63 0 100 0.0 0.0 0.0
64 16 275 7916.453847805617 1871592.2972534716 14816374043.1156
65 0 6 0.0 6.0 0.0
66 8 99 1300.1508247099457 14160.822691605603 18411205.301062338
67 0 5 0.0 5.0 0.0
68 0 6 0.0 6.0 0.0
69 4 77 151.22372397683895 1682.1075637745857 254374.56992360097
70 2 35 13.494214179327372 168.62869283493262 2275.511697894588
71 0 100 0.0 0.0 0.0
72 0 6 0.0 6.0 0.0
73 0 100 0.0 0.0 0.0
74 1 9 1.0 15.931997307697284 15.931997307697284
75 1 108 1.0 13.734791927877684 13.734791927877684
76 1 40 1.0 104.3443904241405 104.3443904241405
77 5 143 312.35291035940236 929.4139107485241 290305.13995081536
78 0 100 0.0 0.0 0.0
79 0 100 0.0 0.0 0.0
80 0 5 0.0 5.0 0.0
81 0 100 0.0 0.0 0.0
82 7 191 880.1589317377488 8281.0 7288596.113720298
83 4 70 151.22372397683895 1429.1350405139644 216119.12289231233
84 0 5 0.0 5.0 0.0
85 0 6 0.0 6.0 0.0
86 0 100 0.0 0.0 0.0
87 0 100 0.0 0.0 0.0
88 0 100 0.0 0.0 0.0
89 0 5 0.0 5.0 0.0
90 0 100 0.0 0.0 0.0
91 0 100 0.0 0.0 0.0
92 0 5 0.0 5.0 0.0
93 0 100 0.0 0.0 0.0
94 1 9 1.0 15.931997307697284 15.931997307697284
95 1 106 1.0 9.55892689827884 9.55892689827884
96 2 28 13.494214179327372 122.22584512913716 1649.341732421874
97 0 100 0.0 0.0 0.0
98 1 104 1.0 5.735193251789799 5.735193251789799
99 0 100 0.0 0.0 0.0
100 17 326 9095.850952291546 3859165.4422222124 35102393662.68754
101 1 18 1.0 38.15436697768484 38.15436697768484
102 0 100 0.0 0.0 0.0
103 1 14 1.0 27.799106543625292 27.799106543625292
104 1 28 1.0 66.57403288693754 66.57403288693754
105 0 100 0.0 0.0 0.0
106 0 100 0.0 0.0 0.0
107 0 100 0.0 0.0 0.0
108 8 147 1300.1508247099457 32225.65307789171 41898209.426037505
109 6 192 552.5626438069447 5709.4065807799225 3154804.7948445226
110 1 21 1.0 46.33316012586883 46.33316012586883
111 2 118 13.494214179327372 64.62733255388774 872.0950673207774
112 1 102 1.0 2.3948263510722025 2.3948263510722025
113 2 22 13.494214179327372 86.31942417916456 1164.8127977098563
114 2 136 13.494214179327372 175.6210676402407 2369.868301139548
115 3 79 57.02181064673912 1028.715399126087 58659.21469835239
116 2 44 13.494214179327372 234.56808185291177 3165.3119361571858
117 0 6 0.0 6.0 0.0
118 0 100 0.0 0.0 0.0
119 0 100 0.0 0.0 0.0
120 0 100 0.0 0.0 0.0
121 2 50 13.494214179327372 282.0582186126376 3806.1540129984737
122 0 100 0.0 0.0 0.0
123 3 138 57.02181064673912 321.92161897300775 18356.553600170548
124 1 29 1.0 69.58346013935528 69.58346013935528
125 0 100 0.0 0.0 0.0
126 0 100 0.0 0.0 0.0
127 11 123 3127.3197986346404 60909.957055037776 190484914.63220534
128 17 337 9095.850952291546 4209827.594113514 38291964330.900635
129 18 381 10336.717591947081 7708048.885026656 79675924509.44312
130 4 190 151.22372397683895 2196.381035229248 332144.9194194716
131 1 10 1.0 18.1937008646705 18.1937008646705
132 1 5 1.0 7.59708563275366 7.59708563275366
133 4 96 151.22372397683895 2452.6531100077354 370899.3369187454
134 0 100 0.0 0.0 0.0
135 10 153 2424.408141701412 72228.7744823091 175112028.9200254
136 3 33 57.02181064673912 257.33012181535685 14673.42947985759
137 9 144 1814.8473014962385 44673.607750369876 81075776.47386022
138 4 39 151.22372397683895 525.6324972119714 79488.10367163974
139 5 134 312.35291035940236 606.571327772905 189464.31957043384
140 11 185 3127.3197986346404 155069.9102871652 484953200.61354923
141 1 18 1.0 38.15436697768484 38.15436697768484
142 3 123 57.02181064673912 145.08021796711313 8272.736717508364
143 6 56 552.5626438069447 2208.835584533681 1220520.030324789
144 6 171 552.5626438069447 3478.001961782023 1921813.959168015
145 0 100 0.0 0.0 0.0
146 3 42 57.02181064673912 377.3528472077043 21517.342600485594
147 5 94 312.35291035940236 3849.5614363989175 1202421.7182665232
148 2 14 13.494214179327372 44.97826169706515 606.9462967540338
149 14 254 5763.781188419757 852766.1415540116 4915157444.810312
150 3 27 57.02181064673912 187.1321231368427 10670.612491431313
151 2 143 13.494214179327372 226.91812071099523 3062.081722044632
152 1 19 1.0 40.84402933782601 40.84402933782601
153 1 105 1.0 7.59708563275366 7.59708563275366
154 0 100 0.0 0.0 0.0
155 3 34 57.02181064673912 269.81820202916316 15385.522425150542
156 1 36 1.0 91.37308344663872 91.37308344663872
157 17 317 9095.850952291546 3586158.9739016495 32619167517.832195
158 2 30 13.494214179327372 135.01359299654277 1821.9023410158823
159 2 51 13.494214179327372 290.23003402420613 3916.426240396108
160 0 100 0.0 0.0 0.0
161 3 124 57.02181064673912 155.22039240905832 8850.947824461866
162 6 79 552.5626438069447 4266.090224510861 2357282.093174684
163 2 50 13.494214179327372 282.0582186126376 3806.1540129984737
164 7 116 880.1589317377488 13456.0 11843418.585463148
165 7 197 880.1589317377488 9409.0 8281415.388720479
166 22 251 15807.685316481819 6673487.61682718 105492392210.24225
167 17 291 9095.850952291546 2865671.121395722 26065717398.501663
168 6 83 552.5626438069447 4688.828251009056 2590871.3347342564
169 10 149 2424.408141701412 68096.21827794517 165093026.01212677
170 1 28 1.0 66.57403288693754 66.57403288693754
171 1 13 1.0 25.320989780782124 25.320989780782124
172 2 42 13.494214179327372 219.34644070399202 2959.9078503327996
173 2 30 13.494214179327372 135.01359299654277 1821.9023410158823
174 2 31 13.494214179327372 141.5519192260369 1910.1319155309898
175 0 100 0.0 0.0 0.0
176 3 65 57.02181064673912 754.7803226662346 43038.94063895869
177 9 176 1814.8473014962385 68835.16986212213 124925322.27230754
178 1 24 1.0 54.8222930413608 54.8222930413608
179 11 140 3127.3197986346404 81923.15277315897 256199897.6340704
180 3 43 57.02181064673912 391.71440685113555 22336.26473506518
181 5 148 312.35291035940236 8782.683953762982 2743296.89372469
182 6 111 552.5626438069447 8176.399536993932 4517972.944983246
183 7 91 880.1589317377488 8281.0 7288596.113720298
184 13 257 4801.088521889328 643104.6864199162 3087602528.3438954
185 5 131 312.35291035940236 7036.185360595053 2197772.9752100855
186 19 210 11633.622691025432 2011281.9829869852 23398495715.32802
187 1 16 1.0 32.892441635375256 32.892441635375256
188 2 14 13.494214179327372 44.97826169706515 606.9462967540338
189 13 307 4801.088521889328 987091.2805406506 4739112617.060757
190 2 114 13.494214179327372 44.97826169706515 606.9462967540338
191 3 122 57.02181064673912 135.19579244279535 7709.10887690892
192 17 314 9095.850952291546 3497895.9541788176 31816340245.834145
193 8 237 1300.1508247099457 27832.86327038359 36186920.135028385
194 3 37 57.02181064673912 308.57807572808247 17595.680603901845
195 6 113 552.5626438069447 8460.534002517481 4674975.036449611
196 17 205 9095.850952291546 1144218.6887127617 10407642649.357758
197 9 161 1814.8473014962385 56814.89680416015 103110362.1498173
198 5 188 312.35291035940236 3414.7546568712237 1066608.555237049
199 8 140 1300.1508247099457 29115.631170703473 37854711.878540725
