0 1 21 1.0 46.33316012586883 46.33316012586883
1 0 100 0.0 0.0 0.0
2 1 104 1.0 5.735193251789799 5.735193251789799
3 1 18 1.0 38.15436697768484 38.15436697768484
4 7 255 880.1589317377488 24025.0 21145818.334999416
5 1 104 1.0 5.735193251789799 5.735193251789799
6 0 100 0.0 0.0 0.0
7 1 102 1.0 2.3948263510722025 2.3948263510722025
8 0 100 0.0 0.0 0.0
9 0 6 0.0 6.0 0.0
10 0 6 0.0 6.0 0.0
11 0 5 0.0 5.0 0.0
12 0 5 0.0 5.0 0.0
13 1 107 1.0 11.607984241186918 11.607984241186918
14 0 100 0.0 0.0 0.0
15 0 6 0.0 6.0 0.0
16 0 100 0.0 0.0 0.0
17 0 6 0.0 6.0 0.0
18 0 7 0.0 7.0 0.0
19 0 100 0.0 0.0 0.0
20 2 19 13.494214179327372 69.8685662777562 942.821397754572
21 0 100 0.0 0.0 0.0
22 0 100 0.0 0.0 0.0
23 0 7 0.0 7.0 0.0
24 0 6 0.0 6.0 0.0
25 3 28 57.02181064673912 198.25318874016915 11304.755788454157
26 1 10 1.0 18.1937008646705 18.1937008646705
27 0 10 0.0 10.0 0.0
28 0 100 0.0 0.0 0.0
29 0 6 0.0 6.0 0.0
30 2 33 13.494214179327372 154.90879557685506 2090.372465775723
31 0 6 0.0 6.0 0.0
32 1 106 1.0 9.55892689827884 9.55892689827884
33 0 100 0.0 0.0 0.0
34 0 100 0.0 0.0 0.0
35 0 100 0.0 0.0 0.0
36 0 100 0.0 0.0 0.0
37 0 100 0.0 0.0 0.0
38 0 100 0.0 0.0 0.0
39 6 104 552.5626438069447 7218.483555423629 3988664.3576618345
40 1 9 1.0 15.931997307697284 15.931997307697284
41 1 102 1.0 2.3948263510722025 2.3948263510722025
42 0 5 0.0 5.0 0.0
43 2 20 13.494214179327372 75.23327232919837 1015.2138902218663
44 1 11 1.0 20.51504931294799 20.51504931294799
45 0 5 0.0 5.0 0.0
46 0 100 0.0 0.0 0.0
47 1 8 1.0 13.734791927877684 13.734791927877684
48 0 6 0.0 6.0 0.0
49 6 100 552.5626438069447 6696.723465418967 3700359.222895909
50 0 9 0.0 9.0 0.0
51 0 6 0.0 6.0 0.0
52 0 5 0.0 5.0 0.0
53 0 5 0.0 5.0 0.0
54 2 29 13.494214179327372 128.5709592386038 1734.9640612072888
55 0 10 0.0 10.0 0.0
56 0 6 0.0 6.0 0.0
57 5 67 312.35291035940236 2080.6456750556 649895.73203032
58 1 15 1.0 30.323695983612147 30.323695983612147
59 12 322 3920.792982031498 328897.9287204573 1289540690.731865
60 0 5 0.0 5.0 0.0
61 0 100 0.0 0.0 0.0
62 2 23 13.494214179327372 92.0346545141889 1241.9353399348638
63 1 105 1.0 7.59708563275366 7.59708563275366
64 0 11 0.0 11.0 0.0
65 1 18 1.0 38.15436697768484 38.15436697768484
66 0 5 0.0 5.0 0.0
67 1 102 1.0 2.3948263510722025 2.3948263510722025
68 0 100 0.0 0.0 0.0
69 0 100 0.0 0.0 0.0
70 0 100 0.0 0.0 0.0
71 1 101 1.0 1.0 1.0
72 0 100 0.0 0.0 0.0
73 1 12 1.0 22.891970023971037 22.891970023971037
74 6 115 552.5626438069447 8749.296958158795 4834534.658652283
75 0 5 0.0 5.0 0.0
76 1 32 1.0 78.7716859795011 78.7716859795011
77 2 34 13.494214179327372 161.72412498062124 2182.3399804528112
78 0 100 0.0 0.0 0.0
79 1 17 1.0 35.503281577765854 35.503281577765854
80 0 5 0.0 5.0 0.0
81 0 6 0.0 6.0 0.0
82 2 25 13.494214179327372 103.79546451213633 1400.6382289695412
83 10 124 2424.408141701412 45261.41727827692 109732148.55439954
84 1 8 1.0 13.734791927877684 13.734791927877684
85 1 11 1.0 20.51504931294799 20.51504931294799
86 1 102 1.0 2.3948263510722025 2.3948263510722025
87 2 7 13.494214179327372 16.551687764173284 223.3520197191065
88 0 100 0.0 0.0 0.0
89 0 5 0.0 5.0 0.0
90 1 9 1.0 15.931997307697284 15.931997307697284
91 0 100 0.0 0.0 0.0
92 1 15 1.0 30.323695983612147 30.323695983612147
93 1 17 1.0 35.503281577765854 35.503281577765854
94 2 13 13.494214179327372 40.41888428935346 545.4210814899858
95 0 8 0.0 8.0 0.0
96 3 122 57.02181064673912 135.19579244279535 7709.10887690892
97 1 6 1.0 9.55892689827884 9.55892689827884
98 0 100 0.0 0.0 0.0
99 0 100 0.0 0.0 0.0
100 0 100 0.0 0.0 0.0
101 1 106 1.0 9.55892689827884 9.55892689827884
102 3 26 57.02181064673912 176.25042831919396 10050.118550023744
103 2 74 13.494214179327372 496.47644052360766 6699.559423415649
104 0 8 0.0 8.0 0.0
105 2 32 13.494214179327372 148.1842032776824 1999.6293770220316
106 2 6 13.494214179327372 13.252209915340185 178.8281589470063
107 0 100 0.0 0.0 0.0
108 1 16 1.0 32.892441635375256 32.892441635375256
109 9 102 1814.8473014962385 21251.9061051131 38568964.44651595
110 2 29 13.494214179327372 128.5709592386038 1734.9640612072888
111 1 107 1.0 11.607984241186918 11.607984241186918
112 1 20 1.0 43.57075425423803 43.57075425423803
113 4 61 151.22372397683895 1129.4605717070829 170801.2337385546
114 3 41 57.02181064673912 363.1907597716439 20709.794732343995
115 2 12 13.494214179327372 36.01211998010309 485.95526006314566
116 1 10 1.0 18.1937008646705 18.1937008646705
117 0 100 0.0 0.0 0.0
118 2 116 13.494214179327372 54.53075711894446 735.8497159239173
119 1 7 1.0 11.607984241186918 11.607984241186918
120 0 100 0.0 0.0 0.0
121 2 44 13.494214179327372 234.56808185291177 3165.3119361571858
122 1 24 1.0 54.8222930413608 54.8222930413608
123 0 6 0.0 6.0 0.0
124 2 32 13.494214179327372 148.1842032776824 1999.6293770220316
125 2 45 13.494214179327372 242.29532664846576 3269.585032444484
126 1 5 1.0 7.59708563275366 7.59708563275366
127 1 107 1.0 11.607984241186918 11.607984241186918
128 0 100 0.0 0.0 0.0
129 0 100 0.0 0.0 0.0
130 0 100 0.0 0.0 0.0
131 4 134 151.22372397683895 415.7115691523703 62865.45158747665
132 1 18 1.0 38.15436697768484 38.15436697768484
133 3 82 57.02181064673912 1091.4155133611555 62234.48873979338
134 1 6 1.0 9.55892689827884 9.55892689827884
135 4 42 151.22372397683895 596.6466987883373 90227.1356892597
136 2 16 13.494214179327372 54.53075711894446 735.8497159239173
137 2 22 13.494214179327372 86.31942417916456 1164.8127977098563
138 1 15 1.0 30.323695983612147 30.323695983612147
139 1 16 1.0 32.892441635375256 32.892441635375256
140 2 64 13.494214179327372 402.6820690045564 5433.878085322169
141 2 35 13.494214179327372 168.62869283493262 2275.511697894588
142 6 155 552.5626438069447 2133.9982456992793 1179167.7125229759
143 0 7 0.0 7.0 0.0
144 4 40 151.22372397683895 548.8883970182196 83004.94744477284
145 5 71 312.35291035940236 2311.8500842163953 722113.1021196205
146 4 29 151.22372397683895 316.71264325745693 47894.465343940734
147 1 22 1.0 49.12998068819353 49.12998068819353
148 2 44 13.494214179327372 234.56808185291177 3165.3119361571858
149 3 20 57.02181064673912 116.21344721391306 6626.701181636562
150 1 103 1.0 3.9914906122521803 3.9914906122521803
151 1 13 1.0 25.320989780782124 25.320989780782124
152 2 18 13.494214179327372 64.62733255388774 872.0950673207774
153 2 51 13.494214179327372 290.23003402420613 3916.426240396108
154 1 9 1.0 15.931997307697284 15.931997307697284
155 5 184 312.35291035940236 3137.9608221632784 980151.1953964831
156 2 19 13.494214179327372 69.8685662777562 942.821397754572
157 1 27 1.0 63.59241768810072 63.59241768810072
158 0 100 0.0 0.0 0.0
159 2 16 13.494214179327372 54.53075711894446 735.8497159239173
160 2 39 13.494214179327372 197.11162840858907 2659.8665309814905
161 0 100 0.0 0.0 0.0
162 1 109 1.0 15.931997307697284 15.931997307697284
163 0 10 0.0 10.0 0.0
164 3 38 57.02181064673912 321.92161897300775 18356.553600170548
165 1 13 1.0 25.320989780782124 25.320989780782124
166 1 11 1.0 20.51504931294799 20.51504931294799
167 1 7 1.0 11.607984241186918 11.607984241186918
168 3 69 57.02181064673912 829.8335342600375 47318.61065889016
169 1 10 1.0 18.1937008646705 18.1937008646705
170 0 11 0.0 11.0 0.0
171 4 42 151.22372397683895 596.6466987883373 90227.1356892597
172 0 100 0.0 0.0 0.0
173 1 108 1.0 13.734791927877684 13.734791927877684
174 5 77 312.35291035940236 2679.0520099722326 836809.6923190334
175 3 42 57.02181064673912 377.3528472077043 21517.342600485594
176 3 27 57.02181064673912 187.1321231368427 10670.612491431313
177 0 100 0.0 0.0 0.0
178 0 100 0.0 0.0 0.0
179 3 134 57.02181064673912 269.81820202916316 15385.522425150542
180 3 63 57.02181064673912 718.2490844189361 40955.86328893032
181 4 75 151.22372397683895 1608.0874365260645 243180.97063184011
182 1 24 1.0 54.8222930413608 54.8222930413608
183 2 20 13.494214179327372 75.23327232919837 1015.2138902218663
184 1 7 1.0 11.607984241186918 11.607984241186918
185 1 5 1.0 7.59708563275366 7.59708563275366
186 4 40 151.22372397683895 548.8883970182196 83004.94744477284
187 4 86 151.22372397683895 2032.1034843472744 307302.2564093049
188 5 170 312.35291035940236 2253.023098877021 703738.322041197
189 0 100 0.0 0.0 0.0
190 3 39 57.02181064673912 335.47304520277595 19129.280460637645
191 1 107 1.0 11.607984241186918 11.607984241186918
192 13 232 4801.088521889328 502530.6646917638 2412694206.149042
193 4 32 151.22372397683895 374.7746947170294 56674.82498739214
194 3 30 57.02181064673912 221.1993434691573 12613.187078481296
195 3 131 57.02181064673912 233.0178128969552 13287.097604327464
196 6 70 552.5626438069447 3384.897920195671 1870368.1437999485
197 0 7 0.0 7.0 0.0
198 5 74 312.35291035940236 2492.4098028308917 778511.4557225333
199 0 100 0.0 0.0 0.0
