0 1 30 1.0 72.61998620345668 72.61998620345668
1 0 6 0.0 6.0 0.0
2 0 6 0.0 6.0 0.0
3 1 13 1.0 25.320989780782124 25.320989780782124
4 0 100 0.0 0.0 0.0
5 0 6 0.0 6.0 0.0
6 0 11 0.0 11.0 0.0
7 0 100 0.0 0.0 0.0
8 1 6 1.0 9.55892689827884 9.55892689827884
9 0 100 0.0 0.0 0.0
10 0 100 0.0 0.0 0.0
11 0 6 0.0 6.0 0.0
12 0 100 0.0 0.0 0.0
13 0 100 0.0 0.0 0.0
14 0 5 0.0 5.0 0.0
15 0 10 0.0 10.0 0.0
16 0 100 0.0 0.0 0.0
17 0 11 0.0 11.0 0.0
18 1 105 1.0 7.59708563275366 7.59708563275366
19 0 7 0.0 7.0 0.0
20 2 39 13.494214179327372 197.11162840858907 2659.8665309814905
21 0 100 0.0 0.0 0.0
22 0 11 0.0 11.0 0.0
23 0 6 0.0 6.0 0.0
24 0 100 0.0 0.0 0.0
25 0 13 0.0 13.0 0.0
26 0 100 0.0 0.0 0.0
27 0 7 0.0 7.0 0.0
28 0 100 0.0 0.0 0.0
29 2 19 13.494214179327372 69.8685662777562 942.821397754572
30 0 100 0.0 0.0 0.0
31 0 8 0.0 8.0 0.0
32 0 11 0.0 11.0 0.0
33 1 8 1.0 13.734791927877684 13.734791927877684
34 0 100 0.0 0.0 0.0
35 0 10 0.0 10.0 0.0
36 0 6 0.0 6.0 0.0
37 0 100 0.0 0.0 0.0
38 0 100 0.0 0.0 0.0
39 0 6 0.0 6.0 0.0
40 0 10 0.0 10.0 0.0
41 0 6 0.0 6.0 0.0
42 0 6 0.0 6.0 0.0
43 0 6 0.0 6.0 0.0
44 0 5 0.0 5.0 0.0
45 0 9 0.0 9.0 0.0
46 0 5 0.0 5.0 0.0
47 0 100 0.0 0.0 0.0
48 0 6 0.0 6.0 0.0
49 0 9 0.0 9.0 0.0
50 0 100 0.0 0.0 0.0
51 0 100 0.0 0.0 0.0
52 0 100 0.0 0.0 0.0
53 0 7 0.0 7.0 0.0
54 0 100 0.0 0.0 0.0
55 0 7 0.0 7.0 0.0
56 0 100 0.0 0.0 0.0
57 0 100 0.0 0.0 0.0
58 0 100 0.0 0.0 0.0
59 2 16 13.494214179327372 54.53075711894446 735.8497159239173
60 0 100 0.0 0.0 0.0
61 0 5 0.0 5.0 0.0
62 0 100 0.0 0.0 0.0
63 0 100 0.0 0.0 0.0
64 0 100 0.0 0.0 0.0
65 2 49 13.494214179327372 273.9583678426836 3696.8528918881248
66 0 100 0.0 0.0 0.0
67 1 10 1.0 18.1937008646705 18.1937008646705
68 0 100 0.0 0.0 0.0
69 1 6 1.0 9.55892689827884 9.55892689827884
70 1 112 1.0 22.891970023971037 22.891970023971037
71 0 100 0.0 0.0 0.0
72 0 100 0.0 0.0 0.0
73 0 100 0.0 0.0 0.0
74 0 100 0.0 0.0 0.0
75 0 6 0.0 6.0 0.0
76 0 100 0.0 0.0 0.0
77 0 100 0.0 0.0 0.0
78 0 5 0.0 5.0 0.0
79 0 100 0.0 0.0 0.0
80 0 100 0.0 0.0 0.0
81 1 18 1.0 38.15436697768484 38.15436697768484
82 0 100 0.0 0.0 0.0
83 1 8 1.0 13.734791927877684 13.734791927877684
84 1 15 1.0 30.323695983612147 30.323695983612147
85 0 100 0.0 0.0 0.0
86 0 6 0.0 6.0 0.0
87 0 5 0.0 5.0 0.0
88 1 114 1.0 27.799106543625292 27.799106543625292
89 0 100 0.0 0.0 0.0
90 0 100 0.0 0.0 0.0
91 0 6 0.0 6.0 0.0
92 0 100 0.0 0.0 0.0
93 0 100 0.0 0.0 0.0
94 0 10 0.0 10.0 0.0
95 0 10 0.0 10.0 0.0
96 1 9 1.0 15.931997307697284 15.931997307697284
97 0 100 0.0 0.0 0.0
98 0 100 0.0 0.0 0.0
99 0 6 0.0 6.0 0.0
100 0 100 0.0 0.0 0.0
101 0 10 0.0 10.0 0.0
102 0 8 0.0 8.0 0.0
103 0 6 0.0 6.0 0.0
104 0 100 0.0 0.0 0.0
105 0 100 0.0 0.0 0.0
106 0 9 0.0 9.0 0.0
107 0 6 0.0 6.0 0.0
108 0 100 0.0 0.0 0.0
109 0 100 0.0 0.0 0.0
110 0 100 0.0 0.0 0.0
111 0 100 0.0 0.0 0.0
112 0 100 0.0 0.0 0.0
113 1 22 1.0 49.12998068819353 49.12998068819353
114 0 6 0.0 6.0 0.0
115 0 6 0.0 6.0 0.0
116 1 15 1.0 30.323695983612147 30.323695983612147
117 0 100 0.0 0.0 0.0
118 0 6 0.0 6.0 0.0
119 0 100 0.0 0.0 0.0
120 0 6 0.0 6.0 0.0
121 0 11 0.0 11.0 0.0
122 0 100 0.0 0.0 0.0
123 0 100 0.0 0.0 0.0
124 0 7 0.0 7.0 0.0
125 0 100 0.0 0.0 0.0
126 0 11 0.0 11.0 0.0
127 0 5 0.0 5.0 0.0
128 0 10 0.0 10.0 0.0
129 0 16 0.0 16.0 0.0
130 2 23 13.494214179327372 92.0346545141889 1241.9353399348638
131 0 7 0.0 7.0 0.0
132 0 100 0.0 0.0 0.0
133 0 100 0.0 0.0 0.0
134 0 8 0.0 8.0 0.0
135 0 11 0.0 11.0 0.0
136 2 17 13.494214179327372 59.51335422080222 803.0859483856818
137 2 54 13.494214179327372 315.16948038953416 4252.964471163692
138 0 10 0.0 10.0 0.0
139 0 100 0.0 0.0 0.0
140 1 5 1.0 7.59708563275366 7.59708563275366
141 0 100 0.0 0.0 0.0
142 0 100 0.0 0.0 0.0
143 0 100 0.0 0.0 0.0
144 0 100 0.0 0.0 0.0
145 0 11 0.0 11.0 0.0
146 0 9 0.0 9.0 0.0
147 2 36 13.494214179327372 175.6210676402407 2369.868301139548
148 0 100 0.0 0.0 0.0
149 0 8 0.0 8.0 0.0
150 0 100 0.0 0.0 0.0
151 0 100 0.0 0.0 0.0
152 0 100 0.0 0.0 0.0
153 0 6 0.0 6.0 0.0
154 0 10 0.0 10.0 0.0
155 0 5 0.0 5.0 0.0
156 0 11 0.0 11.0 0.0
157 1 105 1.0 7.59708563275366 7.59708563275366
158 1 108 1.0 13.734791927877684 13.734791927877684
159 1 12 1.0 22.891970023971037 22.891970023971037
160 0 11 0.0 11.0 0.0
161 0 100 0.0 0.0 0.0
162 0 8 0.0 8.0 0.0
163 2 19 13.494214179327372 69.8685662777562 942.821397754572
164 0 11 0.0 11.0 0.0
165 1 7 1.0 11.607984241186918 11.607984241186918
166 0 6 0.0 6.0 0.0
167 2 19 13.494214179327372 69.8685662777562 942.821397754572
168 2 17 13.494214179327372 59.51335422080222 803.0859483856818
169 1 106 1.0 9.55892689827884 9.55892689827884
170 1 17 1.0 35.503281577765854 35.503281577765854
171 0 100 0.0 0.0 0.0
172 1 17 1.0 35.503281577765854 35.503281577765854
173 2 19 13.494214179327372 69.8685662777562 942.821397754572
174 1 16 1.0 32.892441635375256 32.892441635375256
175 0 5 0.0 5.0 0.0
176 0 6 0.0 6.0 0.0
177 2 14 13.494214179327372 44.97826169706515 606.9462967540338
178 0 100 0.0 0.0 0.0
179 2 7 13.494214179327372 16.551687764173284 223.3520197191065
180 0 100 0.0 0.0 0.0
181 1 8 1.0 13.734791927877684 13.734791927877684
182 0 11 0.0 11.0 0.0
183 0 11 0.0 11.0 0.0
184 0 100 0.0 0.0 0.0
185 1 9 1.0 15.931997307697284 15.931997307697284
186 0 6 0.0 6.0 0.0
187 0 100 0.0 0.0 0.0
188 0 100 0.0 0.0 0.0
189 0 100 0.0 0.0 0.0
190 1 103 1.0 3.9914906122521803 3.9914906122521803
191 1 9 1.0 15.931997307697284 15.931997307697284
192 1 22 1.0 49.12998068819353 49.12998068819353
193 0 100 0.0 0.0 0.0
194 0 5 0.0 5.0 0.0
195 0 12 0.0 12.0 0.0
196 1 15 1.0 30.323695983612147 30.323695983612147
197 2 43 13.494214179327372 226.91812071099523 3062.081722044632
198 0 11 0.0 11.0 0.0
199 1 9 1.0 15.931997307697284 15.931997307697284
