0 1 14 1.0 27.799106543625292 27.799106543625292
1 0 6 0.0 6.0 0.0
2 1 11 1.0 20.51504931294799 20.51504931294799
3 1 10 1.0 18.1937008646705 18.1937008646705
4 1 104 1.0 5.735193251789799 5.735193251789799
5 0 100 0.0 0.0 0.0
6 0 6 0.0 6.0 0.0
7 0 6 0.0 6.0 0.0
8 0 5 0.0 5.0 0.0
9 1 6 1.0 9.55892689827884 9.55892689827884
10 0 100 0.0 0.0 0.0
11 3 68 57.02181064673912 810.8239638778247 46234.65053607976
12 1 102 1.0 2.3948263510722025 2.3948263510722025
13 1 9 1.0 15.931997307697284 15.931997307697284
14 0 6 0.0 6.0 0.0
15 0 5 0.0 5.0 0.0
16 1 8 1.0 13.734791927877684 13.734791927877684
17 0 100 0.0 0.0 0.0
18 0 6 0.0 6.0 0.0
19 0 100 0.0 0.0 0.0
20 1 8 1.0 13.734791927877684 13.734791927877684
21 0 100 0.0 0.0 0.0
22 0 100 0.0 0.0 0.0
23 0 100 0.0 0.0 0.0
24 0 6 0.0 6.0 0.0
25 1 101 1.0 1.0 1.0
26 0 100 0.0 0.0 0.0
27 0 5 0.0 5.0 0.0
28 0 100 0.0 0.0 0.0
29 0 100 0.0 0.0 0.0
30 0 100 0.0 0.0 0.0
31 0 100 0.0 0.0 0.0
32 2 15 13.494214179327372 49.68406405407534 670.4474016451129
33 0 100 0.0 0.0 0.0
34 0 8 0.0 8.0 0.0
35 0 100 0.0 0.0 0.0
36 0 6 0.0 6.0 0.0
37 1 13 1.0 25.320989780782124 25.320989780782124
38 0 100 0.0 0.0 0.0
39 4 168 151.22372397683895 1360.0227175454593 205667.70004032494
40 0 100 0.0 0.0 0.0
41 0 100 0.0 0.0 0.0
42 0 100 0.0 0.0 0.0
43 1 15 1.0 30.323695983612147 30.323695983612147
44 1 12 1.0 22.891970023971037 22.891970023971037
45 1 103 1.0 3.9914906122521803 3.9914906122521803
46 0 6 0.0 6.0 0.0
47 0 100 0.0 0.0 0.0
48 2 137 13.494214179327372 182.69988024795316 2465.3913146033424
49 0 100 0.0 0.0 0.0
50 0 6 0.0 6.0 0.0
51 0 5 0.0 5.0 0.0
52 0 100 0.0 0.0 0.0
53 1 20 1.0 43.57075425423803 43.57075425423803
54 0 6 0.0 6.0 0.0
55 1 30 1.0 72.61998620345668 72.61998620345668
56 0 100 0.0 0.0 0.0
57 0 100 0.0 0.0 0.0
58 0 100 0.0 0.0 0.0
59 3 26 57.02181064673912 176.25042831919396 10050.118550023744
60 0 100 0.0 0.0 0.0
61 1 9 1.0 15.931997307697284 15.931997307697284
62 2 133 13.494214179327372 154.90879557685506 2090.372465775723
63 0 7 0.0 7.0 0.0
64 0 10 0.0 10.0 0.0
65 10 163 2424.408141701412 83149.79614194512 201589042.7473444
66 0 100 0.0 0.0 0.0
67 11 179 3127.3197986346404 143795.70085563886 449695142.2443835
68 1 33 1.0 81.88562674252243 81.88562674252243
69 0 100 0.0 0.0 0.0
70 0 100 0.0 0.0 0.0
71 3 56 57.02181064673912 595.765723501293 33971.640275308266
72 0 9 0.0 9.0 0.0
73 0 100 0.0 0.0 0.0
74 1 19 1.0 40.84402933782601 40.84402933782601
75 0 100 0.0 0.0 0.0
76 0 100 0.0 0.0 0.0
77 0 100 0.0 0.0 0.0
78 0 5 0.0 5.0 0.0
79 0 100 0.0 0.0 0.0
80 0 100 0.0 0.0 0.0
81 0 10 0.0 10.0 0.0
82 15 297 6803.971395961631 1701985.2950652083 11580259263.970995
83 1 103 1.0 3.9914906122521803 3.9914906122521803
84 3 39 57.02181064673912 335.47304520277595 19129.280460637645
85 0 100 0.0 0.0 0.0
86 0 100 0.0 0.0 0.0
87 0 6 0.0 6.0 0.0
88 0 100 0.0 0.0 0.0
89 0 100 0.0 0.0 0.0
90 0 6 0.0 6.0 0.0
91 1 14 1.0 27.799106543625292 27.799106543625292
92 2 32 13.494214179327372 148.1842032776824 1999.6293770220316
93 1 9 1.0 15.931997307697284 15.931997307697284
94 0 100 0.0 0.0 0.0
95 0 100 0.0 0.0 0.0
96 0 100 0.0 0.0 0.0
97 1 105 1.0 7.59708563275366 7.59708563275366
98 0 100 0.0 0.0 0.0
99 11 189 3127.3197986346404 162853.276134606 509294274.72826755
100 0 5 0.0 5.0 0.0
101 0 100 0.0 0.0 0.0
102 1 7 1.0 11.607984241186918 11.607984241186918
103 0 100 0.0 0.0 0.0
104 0 100 0.0 0.0 0.0
105 0 100 0.0 0.0 0.0
106 1 30 1.0 72.61998620345668 72.61998620345668
107 3 34 57.02181064673912 269.81820202916316 15385.522425150542
108 0 100 0.0 0.0 0.0
109 1 8 1.0 13.734791927877684 13.734791927877684
110 5 156 312.35291035940236 1501.9949206988383 469152.4848253219
111 0 100 0.0 0.0 0.0
112 16 255 7916.453847805617 1541318.755448807 12201778792.267673
113 2 43 13.494214179327372 226.91812071099523 3062.081722044632
114 0 100 0.0 0.0 0.0
115 5 83 312.35291035940236 3070.409639894098 959051.387016486
116 0 100 0.0 0.0 0.0
117 6 71 552.5626438069447 3478.001961782023 1921813.959168015
118 15 155 6803.971395961631 330590.23831330566 2249326525.2678704
119 4 57 151.22372397683895 1005.7817905983286 152098.06788237247
120 1 114 1.0 27.799106543625292 27.799106543625292
121 0 100 0.0 0.0 0.0
122 5 105 312.35291035940236 4707.005408790302 1470246.8385130991
123 0 100 0.0 0.0 0.0
124 0 100 0.0 0.0 0.0
125 5 111 312.35291035940236 5207.131000429813 1626462.5226069186
126 2 41 13.494214179327372 211.85407612585806 2858.8042780058545
127 3 61 57.02181064673912 682.3928350558612 38911.2750272468
128 5 105 312.35291035940236 4707.005408790302 1470246.8385130991
129 11 248 3127.3197986346404 93037.70552118453 290958658.4959398
130 0 100 0.0 0.0 0.0
131 15 225 6803.971395961631 845529.0542821898 5752955499.790508
132 12 327 3920.792982031498 817604.6537276402 3205658588.4116244
133 16 174 7916.453847805617 576876.7489831664 4566818159.197383
134 20 441 12981.212045421978 19760847.08303619 256519746182.05118
135 2 32 13.494214179327372 148.1842032776824 1999.6293770220316
136 4 32 151.22372397683895 374.7746947170294 56674.82498739214
137 4 157 151.22372397683895 1005.7817905983286 152098.06788237247
138 14 256 5763.781188419757 869421.7094878121 5011156493.949598
139 2 30 13.494214179327372 135.01359299654277 1821.9023410158823
140 0 100 0.0 0.0 0.0
141 13 251 4801.088521889328 607512.2735168994 2916720203.288876
142 4 138 151.22372397683895 502.796158813779 76034.7075370698
143 7 101 880.1589317377488 10201.0 8978501.262656776
144 10 290 2424.408141701412 116923.72419487912 283470828.89611536
145 8 98 1300.1508247099457 13864.912977319558 18026478.04199365
146 2 16 13.494214179327372 54.53075711894446 735.8497159239173
147 3 47 57.02181064673912 451.11773253603667 25723.549924056188
148 2 44 13.494214179327372 234.56808185291177 3165.3119361571858
149 4 93 151.22372397683895 2323.049658002374 351300.2202662412
150 11 211 3127.3197986346404 209545.5587766108 655315974.6780536
151 4 40 151.22372397683895 548.8883970182196 83004.94744477284
152 5 56 312.35291035940236 1501.9949206988383 469152.4848253219
153 0 6 0.0 6.0 0.0
154 2 32 13.494214179327372 148.1842032776824 1999.6293770220316
155 12 305 3920.792982031498 272713.754843532 1069254176.0939786
156 2 63 13.494214179327372 393.6390130800606 5311.849151841387
157 5 110 312.35291035940236 5122.201821660722 1599934.646443959
158 3 38 57.02181064673912 321.92161897300775 18356.553600170548
159 0 100 0.0 0.0 0.0
160 5 85 312.35291035940236 3206.1723328082135 1001457.2592664398
161 8 233 1300.1508247099457 26169.13941804069 34023828.196315154
162 9 120 1814.8473014962385 30162.00470437385 54739432.84544973
163 0 100 0.0 0.0 0.0
164 10 232 2424.408141701412 52013.27544633191 126101408.46864523
165 14 310 5763.781188419757 1393882.9019627823 8034036049.193025
166 3 38 57.02181064673912 321.92161897300775 18356.553600170548
167 0 100 0.0 0.0 0.0
168 0 100 0.0 0.0 0.0
169 6 69 552.5626438069447 3293.0002682054314 1819588.9342565713
170 8 151 1300.1508247099457 34076.47778705137 44304560.698044986
171 1 106 1.0 9.55892689827884 9.55892689827884
172 3 167 57.02181064673912 791.9778998728451 45160.013842951485
173 4 95 151.22372397683895 2409.1275506493207 364317.239744391
174 3 38 57.02181064673912 321.92161897300775 18356.553600170548
175 3 43 57.02181064673912 391.71440685113555 22336.26473506518
176 15 359 6803.971395961631 1205408.7646549423 8201566755.153673
177 13 234 4801.088521889328 513035.32671345456 2463128018.407708
178 0 100 0.0 0.0 0.0
179 0 100 0.0 0.0 0.0
180 0 100 0.0 0.0 0.0
181 4 39 151.22372397683895 525.6324972119714 79488.10367163974
182 17 285 9095.850952291546 2713398.252610632 24680666079.954636
183 9 156 1814.8473014962385 53081.564462536255 96334934.02403255
184 10 178 2424.408141701412 101132.1594107808 245185630.6633421
185 13 259 4801.088521889328 655232.9932536905 3145831603.073481
186 13 311 4801.088521889328 1018373.6838974544 4889302204.754219
187 2 42 13.494214179327372 219.34644070399202 2959.9078503327996
188 16 233 7916.453847805617 1222189.922001164 9675410110.775362
189 7 103 880.1589317377488 10609.0 9337606.106805777
190 14 278 5763.781188419757 1065449.2938699108 6141016597.222506
191 14 183 5763.781188419757 379913.03535972105 2189735606.44181
192 7 136 880.1589317377488 18496.0 16279419.601421403
193 6 81 552.5626438069447 4475.076918624486 2472760.3333945815
194 21 296 14374.256054893494 8407300.525905184 120848690489.80186
195 5 57 312.35291035940236 1551.0877169304622 484486.7626059507
196 13 258 4801.088521889328 649152.2675421208 3116637500.6549063
197 11 229 3127.3197986346404 252740.34468079347 790399883.8339887
198 14 194 5763.781188419757 438736.98861418 2528784001.638344
199 5 37 312.35291035940236 707.3130102314473 220931.2772808623
