0 0 100 0.0 0.0 0.0
1 0 100 0.0 0.0 0.0
2 0 5 0.0 5.0 0.0
3 0 100 0.0 0.0 0.0
4 20 335 12981.212045421978 9255655.137418203 120149621958.125
5 0 100 0.0 0.0 0.0
6 0 6 0.0 6.0 0.0
7 1 102 1.0 2.3948263510722025 2.3948263510722025
8 2 113 13.494214179327372 40.41888428935346 545.4210814899858
9 1 6 1.0 9.55892689827884 9.55892689827884
10 1 5 1.0 7.59708563275366 7.59708563275366
11 2 36 13.494214179327372 175.6210676402407 2369.868301139548
12 17 329 9095.850952291546 3952933.307038071 35955292185.16721
13 0 100 0.0 0.0 0.0
14 0 5 0.0 5.0 0.0
15 0 100 0.0 0.0 0.0
16 0 100 0.0 0.0 0.0
17 0 6 0.0 6.0 0.0
18 0 10 0.0 10.0 0.0
19 2 32 13.494214179327372 148.1842032776824 1999.6293770220316
20 0 10 0.0 10.0 0.0
21 0 100 0.0 0.0 0.0
22 1 25 1.0 57.71571011139208 57.71571011139208
23 0 100 0.0 0.0 0.0
24 0 100 0.0 0.0 0.0
25 5 170 312.35291035940236 2253.023098877021 703738.322041197
26 0 10 0.0 10.0 0.0
27 0 10 0.0 10.0 0.0
28 9 193 1814.8473014962385 17416.783409430795 31608802.371349934
29 13 269 4801.088521889328 717874.7226662058 3446580091.1472054
30 0 100 0.0 0.0 0.0
31 1 22 1.0 49.12998068819353 49.12998068819353
32 8 263 1300.1508247099457 39951.73547253033 51943281.8232039
33 0 100 0.0 0.0 0.0
34 0 6 0.0 6.0 0.0
35 0 100 0.0 0.0 0.0
36 0 100 0.0 0.0 0.0
37 17 310 9095.850952291546 3382320.197332155 30765080387.858612
38 0 5 0.0 5.0 0.0
39 0 10 0.0 10.0 0.0
40 9 242 1814.8473014962385 136701.89001969967 248093056.21168754
41 0 100 0.0 0.0 0.0
42 0 100 0.0 0.0 0.0
43 0 10 0.0 10.0 0.0
44 1 6 1.0 9.55892689827884 9.55892689827884
45 0 100 0.0 0.0 0.0
46 2 141 13.494214179327372 211.85407612585806 2858.8042780058545
47 1 107 1.0 11.607984241186918 11.607984241186918
48 1 103 1.0 3.9914906122521803 3.9914906122521803
49 1 103 1.0 3.9914906122521803 3.9914906122521803
50 4 61 151.22372397683895 1129.4605717070829 170801.2337385546
51 0 100 0.0 0.0 0.0
52 0 100 0.0 0.0 0.0
53 4 52 151.22372397683895 859.6554919481086 130000.30482953448
54 15 232 6803.971395961631 913389.9123655237 6214678837.094925
55 6 95 552.5626438069447 6070.84515091352 3354522.246731345
56 0 100 0.0 0.0 0.0
57 1 103 1.0 3.9914906122521803 3.9914906122521803
58 2 113 13.494214179327372 40.41888428935346 545.4210814899858
59 0 100 0.0 0.0 0.0
60 20 297 12981.212045421978 6639686.135470377 86191173639.58937
61 5 127 312.35291035940236 6650.664878194386 2077354.5305290767
62 1 105 1.0 7.59708563275366 7.59708563275366
63 0 5 0.0 5.0 0.0
64 0 100 0.0 0.0 0.0
65 1 19 1.0 40.84402933782601 40.84402933782601
66 0 100 0.0 0.0 0.0
67 0 100 0.0 0.0 0.0
68 0 100 0.0 0.0 0.0
69 1 19 1.0 40.84402933782601 40.84402933782601
70 19 495 11633.622691025432 20619770.239714198 239882626944.47
71 0 5 0.0 5.0 0.0
72 0 100 0.0 0.0 0.0
73 0 5 0.0 5.0 0.0
74 2 30 13.494214179327372 135.01359299654277 1821.9023410158823
75 0 100 0.0 0.0 0.0
76 8 151 1300.1508247099457 34076.47778705137 44304560.698044986
77 1 104 1.0 5.735193251789799 5.735193251789799
78 0 100 0.0 0.0 0.0
79 1 9 1.0 15.931997307697284 15.931997307697284
80 0 100 0.0 0.0 0.0
81 2 31 13.494214179327372 141.5519192260369 1910.1319155309898
82 0 5 0.0 5.0 0.0
83 0 100 0.0 0.0 0.0
84 2 103 13.494214179327372 4.87672116324372 65.80751986966928
85 2 64 13.494214179327372 402.6820690045564 5433.878085322169
86 1 105 1.0 7.59708563275366 7.59708563275366
87 0 100 0.0 0.0 0.0
88 0 5 0.0 5.0 0.0
89 0 11 0.0 11.0 0.0
90 1 15 1.0 30.323695983612147 30.323695983612147
91 19 365 11633.622691025432 9018470.5237446 104917483323.37918
92 0 100 0.0 0.0 0.0
93 0 100 0.0 0.0 0.0
94 1 21 1.0 46.33316012586883 46.33316012586883
95 0 100 0.0 0.0 0.0
96 7 91 880.1589317377488 8281.0 7288596.113720298
97 3 55 57.02181064673912 578.9666715492328 33013.72791585315
98 11 198 3127.3197986346404 181155.15933402994 566530116.4101248
99 3 159 57.02181064673912 647.2206215128941 36905.69172657306
100 15 369 6803.971395961631 2941041.20197264 20010760212.566456
101 20 323 12981.212045421978 8369499.780206239 108646251360.96983
102 20 299 12981.212045421978 6763774.097829077 87801985791.252
103 17 261 9095.850952291546 2154714.8883785945 19598965469.375214
104 0 100 0.0 0.0 0.0
105 19 316 11633.622691025432 6098101.560651035 70943012688.16748
106 10 205 2424.408141701412 138450.51045314563 335660544.76532274
107 10 139 2424.408141701412 58347.49958109673 141458153.03233066
108 12 146 3920.792982031498 122777.26260083505 481384229.55839235
109 22 411 15807.685316481819 27128041.91487907 428831549842.7372
110 16 304 7916.453847805617 2421960.954801773 19173342119.875465
111 13 283 4801.088521889328 811248.8814220636 3894877692.991026
112 14 221 5763.781188419757 605018.3297633114 3487193267.738916
113 17 253 9095.850952291546 1985900.2254718659 18063452457.014267
114 13 257 4801.088521889328 643104.6864199162 3087602528.3438954
115 20 390 12981.212045421978 14078318.521950588 182753637976.4323
116 20 308 12981.212045421978 7340450.864034526 95287949175.03316
117 15 278 6803.971395961631 1440810.8508489362 9803235816.167301
118 11 309 3127.3197986346404 205026.02748631078 641181954.9933497
119 24 359 18776.370315488246 29589763.256926544 555588352459.6804
120 12 209 3920.792982031498 285391.11164615024 1118959467.6763935
121 18 270 10336.717591947081 3075070.4995178157 31786135328.843304
122 12 267 3920.792982031498 507621.6062484529 1990279231.3064907
123 2 40 13.494214179327372 204.4421003683832 2758.785489642506
124 18 242 10336.717591947081 2296026.2704932215 23733375141.77993
125 16 349 7916.453847805617 3453983.1025561523 27343297822.486237
126 10 215 2424.408141701412 153920.58217438465 373166312.5989994
127 11 252 3127.3197986346404 98895.11966128755 309276665.70508647
128 18 275 10336.717591947081 3229381.715439529 33381206789.096024
129 21 440 14374.256054893494 25530444.03259466 366981139719.64325
130 18 417 10336.717591947081 9807885.089865042 101381338348.20346
131 18 247 10336.717591947081 2424803.1914797705 25064505806.37837
132 14 227 5763.781188419757 646337.5928102317 3725348458.8081226
133 16 339 7916.453847805617 3205205.6872933367 25373862896.181786
134 26 413 21850.715853258855 70444997.0 1539273612730.6724
135 16 315 7916.453847805617 2653749.5571873826 21008285893.10851
136 16 275 7916.453847805617 1871592.2972534716 14816374043.1156
137 27 387 23417.05273547914 72079966.9399034 1687900387003.3108
138 14 270 5763.781188419757 991422.2749362324 5714341058.057776
139 18 298 10336.717591947081 4001315.149074396 41360464692.361664
140 17 222 9095.850952291546 1409887.1930558085 12824123767.580332
141 15 281 6803.971395961631 1480312.0518103805 10072000857.6151
142 10 201 2424.408141701412 132514.12595962713 321268325.8669665
143 13 367 4801.088521889328 705078.2947892806 3385143308.1461153
144 16 213 7916.453847805617 970330.3386653488 7681575343.169828
145 0 100 0.0 0.0 0.0
146 8 261 1300.1508247099457 38938.82165695482 50626341.0905233
147 11 199 3127.3197986346404 183256.63859483125 573102114.1088487
148 20 314 12981.212045421978 7741757.665401077 100497397858.84239
149 10 271 2424.408141701412 92499.39491944655 224256286.14516047
150 21 439 14374.256054893494 25368191.97524618 364648887101.88293
151 19 300 11633.622691025432 5295921.904875905 61610757242.46296
152 16 217 7916.453847805617 1017878.4058359175 8057987422.477997
153 13 285 4801.088521889328 291210.07940722397 1398125369.7005029
154 20 453 12981.212045421978 21280094.115186263 276241414055.7693
155 16 276 7916.453847805617 1889141.929026906 14955304893.095976
156 19 279 11633.622691025432 4349017.273274782 50594826034.03106
157 16 307 7916.453847805617 2483894.342420824 19663634924.599934
158 11 143 3127.3197986346404 85997.87483210127 268942856.60293394
159 14 285 5763.781188419757 390235.0653136485 2249229528.5165625
160 12 307 3920.792982031498 279011.0535465811 1093944580.6546497
161 19 349 11633.622691025432 7985279.738815311 92897731563.66743
162 24 455 18776.370315488246 59166035.831442095 1110923398870.6033
163 12 175 3920.792982031498 187989.31688919218 737067194.3560401
164 15 263 6803.971395961631 1252871.0515300073 8524498797.43854
165 12 244 3920.792982031498 410726.2989583608 1610372790.491712
166 19 287 11633.622691025432 4695890.052775098 54630213072.524994
167 11 81 3127.3197986346404 23406.68796687567 73200198.69927348
168 14 389 5763.781188419757 1172454.4342860898 6757770812.617493
169 13 283 4801.088521889328 811248.8814220636 3894877692.991026
170 14 210 5763.781188419757 533439.6140318888 3074629212.5148964
171 24 371 18776.370315488246 32575784.836991344 611654999417.0164
172 22 335 15807.685316481819 15166715.818137364 239750670937.62256
173 22 325 15807.685316481819 13914325.143309364 219953273256.6452
174 14 293 5763.781188419757 1212882.4474531729 6990789034.395112
175 18 386 10336.717591947081 7980936.003343732 82496681585.96698
176 15 303 6803.971395961631 1789961.1439168123 12178844423.09275
177 18 425 10336.717591947081 5043287.214034844 52131035666.555756
178 20 351 12981.212045421978 10527114.337398842 136654703440.17625
179 24 375 18776.370315488246 33613449.6826288 631138578822.0692
180 10 187 2424.408141701412 112857.51981217459 273612689.8848645
181 19 349 11633.622691025432 7985279.738815311 92897731563.66743
182 0 100 0.0 0.0 0.0
183 18 295 10336.717591947081 3894728.059858422 40258704052.18847
184 20 334 12981.212045421978 9179629.27581257 119162714127.68637
185 30 435 28187.918329013766 194311767.999295 5477244246730.398
186 11 199 3127.3197986346404 183256.63859483125 573102114.1088487
187 18 320 10336.717591947081 4838896.4937262535 50018306512.31121
188 19 345 11633.622691025432 7739285.34754691 90035925631.54237
189 12 234 3920.792982031498 372236.9047172307 1459463843.6684456
190 15 343 6803.971395961631 1026481.4884919698 6984150686.18348
191 14 255 5763.781188419757 861069.9838108779 4963018974.602043
192 13 189 4801.088521889328 306617.40730741044 1472097314.8350732
193 24 407 18776.370315488246 42707125.586618185 801884805124.4062
194 21 409 14374.256054893494 20804219.62306283 299045179884.14496
195 6 53 552.5626438069447 1988.0215081420156 1098506.4204840215
196 19 321 11633.622691025432 6363578.64921082 74031472969.58397
197 26 513 21850.715853258855 135005697.0 2949971123718.1616
198 17 391 9095.850952291546 6214768.11928417 56528604516.06206
199 15 321 6803.971395961631 2070126.5911588015 14085082112.264044
