0 2 105 13.494214179327372 10.188005914414083 137.47913386935764
1 0 10 0.0 10.0 0.0
2 0 100 0.0 0.0 0.0
3 0 10 0.0 10.0 0.0
4 0 100 0.0 0.0 0.0
5 0 9 0.0 9.0 0.0
6 2 138 13.494214179327372 189.8638195218893 2562.0630455335317
7 1 114 1.0 27.799106543625292 27.799106543625292
8 4 54 151.22372397683895 916.9626779842689 138666.51091255614
9 5 48 312.35291035940236 1135.058052192084 354538.68602907186
10 1 9 1.0 15.931997307697284 15.931997307697284
11 2 39 13.494214179327372 197.11162840858907 2659.8665309814905
12 0 5 0.0 5.0 0.0
13 0 10 0.0 10.0 0.0
14 0 100 0.0 0.0 0.0
15 18 213 10336.717591947081 1633247.3893435535 16882417021.429153
16 0 10 0.0 10.0 0.0
17 0 5 0.0 5.0 0.0
18 0 100 0.0 0.0 0.0
19 15 241 6803.971395961631 1005325.7957397868 6840207957.835875
20 1 101 1.0 1.0 1.0
21 0 100 0.0 0.0 0.0
22 0 100 0.0 0.0 0.0
23 0 100 0.0 0.0 0.0
24 10 249 2424.408141701412 68096.21827794517 165093026.01212677
25 0 100 0.0 0.0 0.0
26 2 128 13.494214179327372 122.22584512913716 1649.341732421874
27 0 100 0.0 0.0 0.0
28 0 100 0.0 0.0 0.0
29 0 100 0.0 0.0 0.0
30 0 100 0.0 0.0 0.0
31 0 10 0.0 10.0 0.0
32 2 22 13.494214179327372 86.31942417916456 1164.8127977098563
33 0 6 0.0 6.0 0.0
34 28 490 24997.705637318726 184134294.0291714 4602934879876.722
35 0 100 0.0 0.0 0.0
36 0 100 0.0 0.0 0.0
37 0 100 0.0 0.0 0.0
38 0 100 0.0 0.0 0.0
39 0 100 0.0 0.0 0.0
40 1 117 1.0 35.503281577765854 35.503281577765854
41 3 131 57.02181064673912 233.0178128969552 13287.097604327464
42 0 100 0.0 0.0 0.0
43 0 100 0.0 0.0 0.0
44 2 40 13.494214179327372 204.4421003683832 2758.785489642506
45 0 6 0.0 6.0 0.0
46 0 100 0.0 0.0 0.0
47 7 183 880.1589317377488 33489.0 29475642.46496547
48 0 5 0.0 5.0 0.0
49 1 8 1.0 13.734791927877684 13.734791927877684
50 0 100 0.0 0.0 0.0
51 17 262 9095.850952291546 2176417.9436832084 19796373225.635323
52 0 100 0.0 0.0 0.0
53 1 14 1.0 27.799106543625292 27.799106543625292
54 0 10 0.0 10.0 0.0
55 0 100 0.0 0.0 0.0
56 1 15 1.0 30.323695983612147 30.323695983612147
57 0 100 0.0 0.0 0.0
58 0 100 0.0 0.0 0.0
59 0 10 0.0 10.0 0.0
60 1 101 1.0 1.0 1.0
61 13 185 4801.088521889328 291210.07940722397 1398125369.7005029
62 2 17 13.494214179327372 59.51335422080222 803.0859483856818
63 0 5 0.0 5.0 0.0
64 0 100 0.0 0.0 0.0
65 1 13 1.0 25.320989780782124 25.320989780782124
66 1 8 1.0 13.734791927877684 13.734791927877684
67 2 18 13.494214179327372 64.62733255388774 872.0950673207774
68 0 100 0.0 0.0 0.0
69 2 20 13.494214179327372 75.23327232919837 1015.2138902218663
70 0 100 0.0 0.0 0.0
71 0 100 0.0 0.0 0.0
72 0 6 0.0 6.0 0.0
73 1 103 1.0 3.9914906122521803 3.9914906122521803
74 0 100 0.0 0.0 0.0
75 5 98 312.35291035940236 4152.387807071904 1297010.4164798057
76 2 21 13.494214179327372 80.71796600694597 1089.2255214173952
77 0 5 0.0 5.0 0.0
78 0 100 0.0 0.0 0.0
79 0 100 0.0 0.0 0.0
80 11 175 3127.3197986346404 136544.81137309276 427019292.0079054
81 0 5 0.0 5.0 0.0
82 7 210 880.1589317377488 12100.0 10649923.074026762
83 0 100 0.0 0.0 0.0
84 0 100 0.0 0.0 0.0
85 1 107 1.0 11.607984241186918 11.607984241186918
86 0 100 0.0 0.0 0.0
87 2 111 13.494214179327372 31.76494829034237 428.6430156251388
88 0 100 0.0 0.0 0.0
89 0 100 0.0 0.0 0.0
90 1 20 1.0 43.57075425423803 43.57075425423803
91 0 100 0.0 0.0 0.0
92 15 184 6803.971395961631 509311.28460839536 3465339412.1159954
93 4 47 151.22372397683895 723.181183304868 109362.15164933914
94 0 100 0.0 0.0 0.0
95 2 22 13.494214179327372 86.31942417916456 1164.8127977098563
96 2 118 13.494214179327372 64.62733255388774 872.0950673207774
97 0 100 0.0 0.0 0.0
98 0 5 0.0 5.0 0.0
99 19 351 11633.622691025432 8110104.992584567 94349901468.33046
100 0 100 0.0 0.0 0.0
101 4 56 151.22372397683895 975.7969952136767 147563.65546162188
102 15 211 6803.971395961631 719158.772822779 4893135719.441057
103 15 303 6803.971395961631 1789961.1439168123 12178844423.09275
104 9 143 1814.8473014962385 44007.90838050506 79867633.7688533
105 1 7 1.0 11.607984241186918 11.607984241186918
106 0 6 0.0 6.0 0.0
107 2 24 13.494214179327372 97.86086952638261 1320.555533164218
108 0 100 0.0 0.0 0.0
109 5 180 312.35291035940236 2871.732646582133 896994.0499340383
110 9 224 1814.8473014962385 32369.82111547107 58746282.50132863
111 0 100 0.0 0.0 0.0
112 7 206 880.1589317377488 11236.0 9889465.757005347
113 11 202 3127.3197986346404 189643.12073882896 593074686.1613994
114 9 147 1814.8473014962385 46702.87865638875 84758593.3016534
115 16 279 7916.453847805617 1942392.8283766496 15376863180.152365
116 2 115 13.494214179327372 49.68406405407534 670.4474016451129
117 16 264 7916.453847805617 1685099.6835025016 13340013873.399406
118 14 250 5763.781188419757 820027.8512278642 4726461102.887439
119 24 402 18776.370315488246 41191079.48267217 773418962061.3627
120 5 68 312.35291035940236 2137.419079796989 667629.0702323052
121 9 134 1814.8473014962385 38256.77589826959 69430206.5029209
122 0 9 0.0 9.0 0.0
123 3 40 57.02181064673912 349.23013798641597 19913.734800395985
124 12 265 3920.792982031498 498726.0809052681 1955401717.969448
125 16 200 7916.453847805617 825270.017799204 6533212007.8851185
126 3 120 57.02181064673912 116.21344721391306 6626.701181636562
127 6 163 552.5626438069447 2767.0349550527303 1528960.150270167
128 9 91 1814.8473014962385 16619.836032718053 30162464.575288307
129 14 190 5763.781188419757 416763.469765953 2402133447.057546
130 6 83 552.5626438069447 4688.828251009056 2590871.3347342564
131 6 83 552.5626438069447 4688.828251009056 2590871.3347342564
132 8 116 1300.1508247099457 19689.9977613532 25599966.827960346
133 4 84 151.22372397683895 1951.9617083430758 295182.9185958323
134 14 339 5763.781188419757 1737837.0268041526 10016512363.633097
135 1 106 1.0 9.55892689827884 9.55892689827884
136 5 180 312.35291035940236 2871.732646582133 896994.0499340383
137 0 100 0.0 0.0 0.0
138 19 310 11633.622691025432 5788900.314780151 67345882058.11063
139 0 100 0.0 0.0 0.0
140 15 261 6803.971395961631 1229001.7193264086 8362092543.884549
141 3 145 57.02181064673912 421.0282951259743 24007.7957215927
142 1 15 1.0 30.323695983612147 30.323695983612147
143 5 156 312.35291035940236 1501.9949206988383 469152.4848253219
144 0 100 0.0 0.0 0.0
145 19 330 11633.622691025432 6859597.067999331 79801964101.56854
146 14 245 5763.781188419757 780171.793783506 4496739508.74507
147 11 273 3127.3197986346404 132998.42546222862 415928609.13526106
148 18 289 10336.717591947081 3686921.245433308 38110663697.793915
149 5 79 312.35291035940236 2806.8374672292675 876723.8517948753
150 8 177 1300.1508247099457 8395.737272637343 10915724.739067473
151 7 198 880.1589317377488 9604.0 8453046.38040934
152 14 222 5763.781188419757 611792.3416496987 3526237190.0198064
153 0 10 0.0 10.0 0.0
154 9 172 1814.8473014962385 65508.859210178634 118888576.3616897
155 20 228 12981.212045421978 3201573.3462785645 41560302487.01325
156 21 373 14374.256054893494 16070496.46924215 231001431178.1485
157 10 278 2424.408141701412 101132.1594107808 245185630.6633421
158 14 213 5763.781188419757 552430.8096260881 3184090308.426343
159 7 196 880.1589317377488 9216.0 8111544.714895094
160 10 287 2424.408141701412 112857.51981217459 273612689.8848645
161 11 318 3127.3197986346404 225802.58406272324 706156891.7222171
162 21 354 14374.256054893494 13880572.990054613 199522910347.68362
163 20 330 12981.212045421978 8879509.930736454 115266801270.32014
164 20 391 12981.212045421978 14178135.593302423 184049384545.4035
165 9 222 1814.8473014962385 31255.467204814257 56723900.31366134
166 14 165 5763.781188419757 294296.8934989189 1696262898.5594416
167 15 221 6803.971395961631 808161.8580406137 5498710165.41554
168 13 194 4801.088521889328 326533.42327590974 1567715870.5031998
169 10 201 2424.408141701412 132514.12595962713 321268325.8669665
170 12 262 3920.792982031498 485551.9600965678 1903748717.5582612
171 6 190 552.5626438069447 5474.33581455389 3024913.4707769416
172 5 163 312.35291035940236 1860.4532693243248 581117.9932611178
173 6 125 552.5626438069447 10262.29633791766 5670561.596010109
174 12 238 3920.792982031498 107540.46831044725 421643913.4359823
175 12 199 3920.792982031498 254315.5879600347 997118772.4949182
176 9 261 1814.8473014962385 56814.89680416015 103110362.1498173
177 5 159 312.35291035940236 1651.3976308733363 515818.85616390867
178 15 276 6803.971395961631 1414833.9312940382 9626489598.56058
179 10 163 2424.408141701412 83149.79614194512 201589042.7473444
180 17 296 9095.850952291546 2996515.195273954 27255855592.48868
181 2 139 13.494214179327372 197.11162840858907 2659.8665309814905
182 1 10 1.0 18.1937008646705 18.1937008646705
183 20 341 12981.212045421978 9720246.735167265 126180584003.02696
184 11 230 3127.3197986346404 255274.23409808215 798324166.3762263
185 19 349 11633.622691025432 7985279.738815311 92897731563.66743
186 11 323 3127.3197986346404 237835.15281631702 743786582.2137635
187 14 317 5763.781188419757 1472795.8477677736 8488873001.746622
188 16 269 7916.453847805617 1768386.974866151 13999353871.588478
189 20 312 12981.212045421978 7606474.419353879 98741257355.71072
190 14 219 5763.781188419757 591604.5906490331 3409879410.565668
191 23 450 17276.616480405057 44997586.019606486 777406036204.7776
192 7 118 880.1589317377488 13924.0 12255332.965516414
193 12 174 3920.792982031498 185473.20087432943 727202024.3429891
194 9 103 1814.8473014962385 21703.328419167574 39388227.0150129
195 20 397 12981.212045421978 14786519.435579019 191946944207.00455
196 10 160 2424.408141701412 79784.57916828307 193430383.31780636
197 11 219 3127.3197986346404 228180.97122161838 713594868.9730483
198 14 178 5763.781188419757 354823.99553793547 2045127870.6814883
199 6 194 552.5626438069447 5949.1894450157 3287299.848246245
