0 0 5 0.0 5.0 0.0
1 3 52 57.02181064673912 529.6457757489877 30201.361134604027
2 2 32 13.494214179327372 148.1842032776824 1999.6293770220316
3 1 20 1.0 43.57075425423803 43.57075425423803
4 0 5 0.0 5.0 0.0
5 19 269 11633.622691025432 3938786.065335804 45822350944.78539
6 0 100 0.0 0.0 0.0
7 2 16 13.494214179327372 54.53075711894446 735.8497159239173
8 18 269 10336.717591947081 3044773.491870264 31472963716.9095
9 0 16 0.0 16.0 0.0
10 0 100 0.0 0.0 0.0
11 3 51 57.02181064673912 513.5688732735056 29284.627045860994
12 0 6 0.0 6.0 0.0
13 3 31 57.02181064673912 233.0178128969552 13287.097604327464
14 1 104 1.0 5.735193251789799 5.735193251789799
15 2 27 13.494214179327372 115.98017876588344 1565.0613728235076
16 0 100 0.0 0.0 0.0
17 0 6 0.0 6.0 0.0
18 0 100 0.0 0.0 0.0
19 7 90 880.1589317377488 8100.0 7129287.347075766
20 1 7 1.0 11.607984241186918 11.607984241186918
21 0 6 0.0 6.0 0.0
22 4 34 151.22372397683895 415.7115691523703 62865.45158747665
23 0 100 0.0 0.0 0.0
24 0 100 0.0 0.0 0.0
25 0 10 0.0 10.0 0.0
26 0 100 0.0 0.0 0.0
27 0 100 0.0 0.0 0.0
28 0 100 0.0 0.0 0.0
29 0 5 0.0 5.0 0.0
30 0 100 0.0 0.0 0.0
31 11 212 3127.3197986346404 211826.15637676563 662448132.7057365
32 10 166 2424.408141701412 86591.68420024101 209933584.17870185
33 2 34 13.494214179327372 161.72412498062124 2182.3399804528112
34 0 100 0.0 0.0 0.0
35 4 63 151.22372397683895 1193.5182370479756 180488.2724406665
36 13 292 4801.088521889328 318478.99429131305 1529045843.95488
37 0 5 0.0 5.0 0.0
38 3 67 57.02181064673912 791.9778998728451 45160.013842951485
39 0 6 0.0 6.0 0.0
40 0 100 0.0 0.0 0.0
41 0 100 0.0 0.0 0.0
42 17 256 9095.850952291546 2048208.5007801168 18630199242.312466
43 0 100 0.0 0.0 0.0
44 1 7 1.0 11.607984241186918 11.607984241186918
45 2 118 13.494214179327372 64.62733255388774 872.0950673207774
46 0 100 0.0 0.0 0.0
47 0 100 0.0 0.0 0.0
48 0 100 0.0 0.0 0.0
49 0 6 0.0 6.0 0.0
50 0 100 0.0 0.0 0.0
51 7 116 880.1589317377488 13456.0 11843418.585463148
52 0 6 0.0 6.0 0.0
53 0 100 0.0 0.0 0.0
54 0 100 0.0 0.0 0.0
55 4 145 151.22372397683895 671.3571728121805 101525.13179122015
56 0 100 0.0 0.0 0.0
57 0 100 0.0 0.0 0.0
58 0 100 0.0 0.0 0.0
59 8 95 1300.1508247099457 12996.633669206958 16897583.983472474
60 0 100 0.0 0.0 0.0
61 0 5 0.0 5.0 0.0
62 0 100 0.0 0.0 0.0
63 1 12 1.0 22.891970023971037 22.891970023971037
64 3 69 57.02181064673912 829.8335342600375 47318.61065889016
65 0 100 0.0 0.0 0.0
66 1 10 1.0 18.1937008646705 18.1937008646705
67 0 100 0.0 0.0 0.0
68 5 85 312.35291035940236 3206.1723328082135 1001457.2592664398
69 13 163 4801.088521889328 214628.2288246865 1030449125.8836386
70 0 100 0.0 0.0 0.0
71 13 196 4801.088521889328 334705.799790386 1606952173.5834098
72 0 6 0.0 6.0 0.0
73 0 5 0.0 5.0 0.0
74 13 269 4801.088521889328 717874.7226662058 3446580091.1472054
75 0 100 0.0 0.0 0.0
76 2 29 13.494214179327372 128.5709592386038 1734.9640612072888
77 1 7 1.0 11.607984241186918 11.607984241186918
78 0 100 0.0 0.0 0.0
79 0 100 0.0 0.0 0.0
80 0 5 0.0 5.0 0.0
81 0 100 0.0 0.0 0.0
82 12 174 3920.792982031498 185473.20087432943 727202024.3429891
83 0 100 0.0 0.0 0.0
84 0 100 0.0 0.0 0.0
85 0 100 0.0 0.0 0.0
86 0 6 0.0 6.0 0.0
87 1 24 1.0 54.8222930413608 54.8222930413608
88 0 100 0.0 0.0 0.0
89 1 10 1.0 18.1937008646705 18.1937008646705
90 0 100 0.0 0.0 0.0
91 21 317 14374.256054893494 10187471.834188651 146437328696.64316
92 16 311 7916.453847805617 2567963.8055407987 20329166949.399014
93 0 5 0.0 5.0 0.0
94 0 10 0.0 10.0 0.0
95 2 19 13.494214179327372 69.8685662777562 942.821397754572
96 1 11 1.0 20.51504931294799 20.51504931294799
97 0 100 0.0 0.0 0.0
98 12 281 3920.792982031498 203496.96985951904 797869491.2898775
99 5 91 312.35291035940236 3629.2296992039956 1133600.4589091465
100 13 154 4801.088521889328 187169.9580648578 898619537.3076957
101 2 16 13.494214179327372 54.53075711894446 735.8497159239173
102 0 100 0.0 0.0 0.0
103 5 84 312.35291035940236 3137.9608221632784 980151.1953964831
104 7 86 880.1589317377488 7396.0 6509655.45913239
105 0 100 0.0 0.0 0.0
106 0 100 0.0 0.0 0.0
107 7 141 880.1589317377488 19881.0 17498439.721878186
108 3 141 57.02181064673912 363.1907597716439 20709.794732343995
109 0 100 0.0 0.0 0.0
110 1 6 1.0 9.55892689827884 9.55892689827884
111 6 155 552.5626438069447 15486.518869997184 8557271.810171783
112 3 129 57.02181064673912 209.61005902119368 11952.345095158316
113 16 287 7916.453847805617 2088846.2416839032 16536254867.452837
114 0 100 0.0 0.0 0.0
115 12 137 3920.792982031498 105717.08693673376 414494812.5423595
116 1 7 1.0 11.607984241186918 11.607984241186918
117 3 80 57.02181064673912 1049.4627962762117 59842.268850059496
118 2 119 13.494214179327372 69.8685662777562 942.821397754572
119 0 100 0.0 0.0 0.0
120 1 14 1.0 27.799106543625292 27.799106543625292
121 0 8 0.0 8.0 0.0
122 9 86 1814.8473014962385 14714.671503515654 26704881.870558985
123 0 100 0.0 0.0 0.0
124 1 106 1.0 9.55892689827884 9.55892689827884
125 0 100 0.0 0.0 0.0
126 12 179 3920.792982031498 198249.2157972227 777294133.9909989
127 2 115 13.494214179327372 49.68406405407534 670.4474016451129
128 1 18 1.0 38.15436697768484 38.15436697768484
129 0 100 0.0 0.0 0.0
130 0 100 0.0 0.0 0.0
131 3 137 57.02181064673912 308.57807572808247 17595.680603901845
132 0 100 0.0 0.0 0.0
133 1 14 1.0 27.799106543625292 27.799106543625292
134 0 100 0.0 0.0 0.0
135 7 87 880.1589317377488 7569.0 6661922.954323021
136 3 44 57.02181064673912 406.27351121486885 23166.451227280093
137 1 104 1.0 5.735193251789799 5.735193251789799
138 3 58 57.02181064673912 629.8939717412368 35917.694784151245
139 1 14 1.0 27.799106543625292 27.799106543625292
140 0 100 0.0 0.0 0.0
141 18 355 10336.717591947081 6383127.831626122 65980589748.81676
142 15 231 6803.971395961631 903501.7009304481 6147399729.333449
143 17 276 9095.850952291546 2494545.7359523093 22690016207.89663
144 1 10 1.0 18.1937008646705 18.1937008646705
145 5 64 312.35291035940236 1914.4623288244568 597987.8801817582
146 4 62 151.22372397683895 1161.3060165688764 175617.02050225413
147 16 250 7916.453847805617 1464802.2547620444 11596039445.98533
148 23 348 17276.616480405057 21437944.63385896 370375147567.33887
149 1 14 1.0 27.799106543625292 27.799106543625292
150 7 215 880.1589317377488 13225.0 11640101.87223173
151 2 13 13.494214179327372 40.41888428935346 545.4210814899858
152 19 253 11633.622691025432 3334822.1503636288 38796062639.00454
153 12 243 3920.792982031498 406779.24166865565 1594897195.9705598
154 7 161 880.1589317377488 3721.0 3275071.3849961637
155 2 29 13.494214179327372 128.5709592386038 1734.9640612072888
156 8 120 1300.1508247099457 21128.626944217714 27470401.74651344
157 13 190 4801.088521889328 310542.0125925511 1490939692.2225084
158 8 228 1300.1508247099457 24164.252749000952 31417173.14011316
159 3 27 57.02181064673912 187.1321231368427 10670.612491431313
160 2 91 13.494214179327372 669.0007525336273 9027.639440819956
161 4 104 151.22372397683895 2812.409095796941 425302.97681274783
162 14 190 5763.781188419757 416763.469765953 2402133447.057546
163 3 118 57.02181064673912 98.31525163284788 5606.113662294761
164 0 100 0.0 0.0 0.0
165 2 15 13.494214179327372 49.68406405407534 670.4474016451129
166 1 30 1.0 72.61998620345668 72.61998620345668
167 14 186 5763.781188419757 395457.87275874446 2279332647.8193455
168 3 55 57.02181064673912 578.9666715492328 33013.72791585315
169 6 67 552.5626438069447 3112.8302065571443 1720033.6886573334
170 1 26 1.0 60.63937356224698 60.63937356224698
171 0 100 0.0 0.0 0.0
172 3 35 57.02181064673912 282.5239294230334 16110.026006732896
173 14 182 5763.781188419757 374813.6044445423 2160343602.461257
174 16 323 7916.453847805617 2830520.163046145 22407682236.038036
175 11 189 3127.3197986346404 162853.276134606 509294274.72826755
176 15 194 6803.971395961631 581968.0131202299 3959693714.634668
177 17 315 9095.850952291546 3527165.8735808763 32082575070.100857
178 9 108 1814.8473014962385 24036.912268699078 43623325.36715035
179 2 127 13.494214179327372 115.98017876588344 1565.0613728235076
180 3 45 57.02181064673912 421.0282951259743 24007.7957215927
181 10 166 2424.408141701412 86591.68420024101 209933584.17870185
182 0 100 0.0 0.0 0.0
183 16 359 7916.453847805617 1604254.4628505823 12700006415.292826
184 1 103 1.0 3.9914906122521803 3.9914906122521803
185 3 47 57.02181064673912 451.11773253603667 25723.549924056188
186 1 24 1.0 54.8222930413608 54.8222930413608
187 21 349 14374.256054893494 13338188.70272855 191726539721.50787
188 3 57 57.02181064673912 612.7419199112477 34939.653732498555
189 7 92 880.1589317377488 8464.0 7449665.198228306
190 1 107 1.0 11.607984241186918 11.607984241186918
191 1 18 1.0 38.15436697768484 38.15436697768484
192 7 196 880.1589317377488 9216.0 8111544.714895094
193 8 216 1300.1508247099457 19689.9977613532 25599966.827960346
194 3 48 57.02181064673912 466.4489382157433 26597.763031310627
195 1 109 1.0 15.931997307697284 15.931997307697284
196 11 175 3127.3197986346404 136544.81137309276 427019292.0079054
197 17 226 9095.850952291546 1477438.5713903909 13438561036.533548
198 7 195 880.1589317377488 9025.0 7943434.358933183
199 1 7 1.0 11.607984241186918 11.607984241186918
