0 4 148 151.22372397683895 749.6906189831174 113371.00723312848
1 5 127 312.35291035940236 6650.664878194386 2077354.5305290767
2 0 6 0.0 6.0 0.0
3 0 100 0.0 0.0 0.0
4 13 164 4801.088521889328 217815.4926359024 1045751461.5839005
5 0 5 0.0 5.0 0.0
6 2 19 13.494214179327372 69.8685662777562 942.821397754572
7 1 10 1.0 18.1937008646705 18.1937008646705
8 0 100 0.0 0.0 0.0
9 0 100 0.0 0.0 0.0
10 1 101 1.0 1.0 1.0
11 4 42 151.22372397683895 596.6466987883373 90227.1356892597
12 1 6 1.0 9.55892689827884 9.55892689827884
13 0 5 0.0 5.0 0.0
14 0 100 0.0 0.0 0.0
15 0 5 0.0 5.0 0.0
16 0 100 0.0 0.0 0.0
17 0 100 0.0 0.0 0.0
18 0 100 0.0 0.0 0.0
19 1 18 1.0 38.15436697768484 38.15436697768484
20 0 6 0.0 6.0 0.0
21 2 51 13.494214179327372 290.23003402420613 3916.426240396108
22 0 8 0.0 8.0 0.0
23 0 100 0.0 0.0 0.0
24 1 28 1.0 66.57403288693754 66.57403288693754
25 0 100 0.0 0.0 0.0
26 0 100 0.0 0.0 0.0
27 0 6 0.0 6.0 0.0
28 0 100 0.0 0.0 0.0
29 1 15 1.0 30.323695983612147 30.323695983612147
30 2 25 13.494214179327372 103.79546451213633 1400.6382289695412
31 1 18 1.0 38.15436697768484 38.15436697768484
32 0 5 0.0 5.0 0.0
33 2 20 13.494214179327372 75.23327232919837 1015.2138902218663
34 0 6 0.0 6.0 0.0
35 0 100 0.0 0.0 0.0
36 0 10 0.0 10.0 0.0
37 0 6 0.0 6.0 0.0
38 1 103 1.0 3.9914906122521803 3.9914906122521803
39 0 100 0.0 0.0 0.0
40 0 100 0.0 0.0 0.0
41 2 11 13.494214179327372 31.76494829034237 428.6430156251388
42 2 39 13.494214179327372 197.11162840858907 2659.8665309814905
43 0 100 0.0 0.0 0.0
44 1 10 1.0 18.1937008646705 18.1937008646705
45 1 11 1.0 20.51504931294799 20.51504931294799
46 0 6 0.0 6.0 0.0
47 0 8 0.0 8.0 0.0
48 0 5 0.0 5.0 0.0
49 7 228 880.1589317377488 16384.0 14420523.937591277
50 0 5 0.0 5.0 0.0
51 1 33 1.0 81.88562674252243 81.88562674252243
52 1 8 1.0 13.734791927877684 13.734791927877684
53 0 9 0.0 9.0 0.0
54 1 105 1.0 7.59708563275366 7.59708563275366
55 1 106 1.0 9.55892689827884 9.55892689827884
56 2 10 13.494214179327372 27.685321443873434 373.59165718715303
57 1 17 1.0 35.503281577765854 35.503281577765854
58 0 100 0.0 0.0 0.0
59 1 10 1.0 18.1937008646705 18.1937008646705
60 0 100 0.0 0.0 0.0
61 0 100 0.0 0.0 0.0
62 0 100 0.0 0.0 0.0
63 1 13 1.0 25.320989780782124 25.320989780782124
64 0 9 0.0 9.0 0.0
65 1 24 1.0 54.8222930413608 54.8222930413608
66 0 100 0.0 0.0 0.0
67 0 100 0.0 0.0 0.0
68 0 5 0.0 5.0 0.0
69 0 6 0.0 6.0 0.0
70 0 9 0.0 9.0 0.0
71 0 7 0.0 7.0 0.0
72 0 100 0.0 0.0 0.0
73 5 154 312.35291035940236 1405.9451433371921 439151.0573270391
74 0 6 0.0 6.0 0.0
75 0 100 0.0 0.0 0.0
76 18 179 10336.717591947081 1026873.0171972864 10614496381.558968
77 1 14 1.0 27.799106543625292 27.799106543625292
78 5 189 312.35291035940236 3485.593399577667 1088735.2426876074
79 1 107 1.0 11.607984241186918 11.607984241186918
80 0 5 0.0 5.0 0.0
81 14 321 5763.781188419757 605018.3297633114 3487193267.738916
82 0 100 0.0 0.0 0.0
83 0 5 0.0 5.0 0.0
84 0 100 0.0 0.0 0.0
85 0 9 0.0 9.0 0.0
86 0 100 0.0 0.0 0.0
87 1 11 1.0 20.51504931294799 20.51504931294799
88 9 153 1814.8473014962385 50906.707095139885 92387899.99967404
89 0 100 0.0 0.0 0.0
90 8 109 1300.1508247099457 17298.876533787272 22491148.591959048
91 0 5 0.0 5.0 0.0
92 0 100 0.0 0.0 0.0
93 0 5 0.0 5.0 0.0
94 2 9 13.494214179327372 23.78240930402918 320.92492484899776
95 0 100 0.0 0.0 0.0
96 0 100 0.0 0.0 0.0
97 0 100 0.0 0.0 0.0
98 4 78 151.22372397683895 1719.6349352173313 260049.59878423504
99 0 100 0.0 0.0 0.0
100 1 108 1.0 13.734791927877684 13.734791927877684
101 11 183 3127.3197986346404 151258.56329001058 473033899.6898809
102 2 126 13.494214179327372 109.8359986590007 1482.1504905048694
103 18 313 10336.717591947081 4561572.951562551 47151691375.36659
104 4 49 151.22372397683895 776.5950928818146 117439.60196772714
105 19 267 11633.622691025432 3859801.003666806 44903468539.10089
106 0 100 0.0 0.0 0.0
107 2 34 13.494214179327372 161.72412498062124 2182.3399804528112
108 3 37 57.02181064673912 308.57807572808247 17595.680603901845
109 13 202 4801.088521889328 359935.57175293716 1728082542.1626992
110 22 355 15807.685316481819 17885875.538910538 282734292128.8574
111 0 100 0.0 0.0 0.0
112 3 44 57.02181064673912 406.27351121486885 23166.451227280093
113 0 100 0.0 0.0 0.0
114 19 269 11633.622691025432 3938786.065335804 45822350944.78539
115 6 86 552.5626438069447 5018.366904356723 2772962.084264624
116 13 246 4801.088521889328 578753.6627263078 2778647567.1166835
117 3 69 57.02181064673912 829.8335342600375 47318.61065889016
118 10 189 2424.408141701412 115559.52004722142 280163441.2535912
119 7 211 880.1589317377488 12321.0 10844438.197940804
120 1 107 1.0 11.607984241186918 11.607984241186918
121 0 100 0.0 0.0 0.0
122 5 130 312.35291035940236 6938.889916019427 2167382.459932177
123 1 9 1.0 15.931997307697284 15.931997307697284
124 2 124 13.494214179327372 97.86086952638261 1320.555533164218
125 16 263 7916.453847805617 1668736.119595552 13210472474.944424
126 2 57 13.494214179327372 340.72951581223015 4597.877063588746
127 16 318 7916.453847805617 2719222.753287943 21526601428.306923
128 0 100 0.0 0.0 0.0
129 8 88 1300.1508247099457 11083.755846199128 14410554.304319479
130 0 100 0.0 0.0 0.0
131 12 220 3920.792982031498 321973.1842669141 1262390201.276051
132 4 167 151.22372397683895 1326.001420918201 200522.87286983026
133 0 100 0.0 0.0 0.0
134 6 63 552.5626438069447 2767.0349550527303 1528960.150270167
135 1 108 1.0 13.734791927877684 13.734791927877684
136 0 9 0.0 9.0 0.0
137 7 120 880.1589317377488 14400.0 12674288.617023584
138 3 60 57.02181064673912 664.7206420100937 37903.574581678426
139 12 251 3920.792982031498 132893.60415581556 521048310.5309935
140 7 107 880.1589317377488 11449.0 10076939.609465487
141 1 105 1.0 7.59708563275366 7.59708563275366
142 0 100 0.0 0.0 0.0
143 1 101 1.0 1.0 1.0
144 0 100 0.0 0.0 0.0
145 13 188 4801.088521889328 302721.97485228034 1453394998.786953
146 15 206 6803.971395961631 676986.5418395968 4606197066.127599
147 1 8 1.0 13.734791927877684 13.734791927877684
148 1 23 1.0 51.960050539976365 51.960050539976365
149 8 173 1300.1508247099457 45219.26451860866 58791864.056646235
150 7 87 880.1589317377488 7569.0 6661922.954323021
151 2 41 13.494214179327372 211.85407612585806 2858.8042780058545
152 16 239 7916.453847805617 1304760.3121149486 10329074793.306444
153 7 97 880.1589317377488 9409.0 8281415.388720479
154 11 217 3127.3197986346404 223438.22310636984 698762778.8922944
155 6 67 552.5626438069447 3112.8302065571443 1720033.6886573334
156 3 152 57.02181064673912 529.6457757489877 30201.361134604027
157 10 168 2424.408141701412 88929.02645246735 215600255.7649421
158 3 33 57.02181064673912 257.33012181535685 14673.42947985759
159 5 82 312.35291035940236 3003.520233876968 938158.2863748239
160 8 221 1300.1508247099457 75254.49459233647 97842193.20735641
161 3 41 57.02181064673912 363.1907597716439 20709.794732343995
162 14 276 5763.781188419757 1046645.1143396281 6032633420.982195
163 3 136 57.02181064673912 295.444715883087 16846.792645665024
164 14 230 5763.781188419757 667608.2663166124 3847947966.6292176
165 12 200 3920.792982031498 257330.7266059037 1008940506.9374933
166 1 107 1.0 11.607984241186918 11.607984241186918
167 7 92 880.1589317377488 8464.0 7449665.198228306
168 3 119 57.02181064673912 107.12598084817145 6108.517395270634
169 4 76 151.22372397683895 1644.92462809159 248751.62792122707
170 18 195 10336.717591947081 1290423.1112560607 13338739275.175608
171 3 61 57.02181064673912 682.3928350558612 38911.2750272468
172 2 44 13.494214179327372 234.56808185291177 3165.3119361571858
173 1 107 1.0 11.607984241186918 11.607984241186918
174 3 53 57.02181064673912 545.90532331836 31128.509977306425
175 5 87 312.35291035940236 3344.5706484424895 1044686.3759436451
176 2 26 13.494214179327372 109.8359986590007 1482.1504905048694
177 0 100 0.0 0.0 0.0
178 10 274 2424.408141701412 96147.26174298109 233100204.17198008
179 3 49 57.02181064673912 481.96892224029307 27482.74062159892
180 5 193 312.35291035940236 3775.468945982596 1179278.713249209
181 5 52 312.35291035940236 1312.7590262571498 410044.10245199583
182 19 253 11633.622691025432 3334822.1503636288 38796062639.00454
183 7 81 880.1589317377488 6561.0 5774722.75113137
184 3 59 57.02181064673912 647.2206215128941 36905.69172657306
185 20 338 12981.212045421978 9486137.697928345 123141564948.87895
186 16 306 7916.453847805617 2463143.6663327124 19499363155.037636
187 13 198 4801.088521889328 342996.6210458748 1646757140.350173
188 10 153 2424.408141701412 72228.7744823091 175112028.9200254
189 10 142 2424.408141701412 61185.206070824126 148337911.74978468
190 3 69 57.02181064673912 829.8335342600375 47318.61065889016
191 1 103 1.0 3.9914906122521803 3.9914906122521803
192 5 74 312.35291035940236 2492.4098028308917 778511.4557225333
193 7 179 880.1589317377488 6241.0 5493071.89297529
194 15 321 6803.971395961631 808161.8580406137 5498710165.41554
195 6 256 552.5626438069447 15678.208362466174 8663192.262920458
196 5 170 312.35291035940236 2253.023098877021 703738.322041197
197 17 262 9095.850952291546 2176417.9436832084 19796373225.635323
198 2 39 13.494214179327372 197.11162840858907 2659.8665309814905
199 7 95 880.1589317377488 9025.0 7943434.358933183
