0 0 6 0.0 6.0 0.0
1 0 6 0.0 6.0 0.0
2 0 6 0.0 6.0 0.0
3 0 5 0.0 5.0 0.0
4 1 16 1.0 32.892441635375256 32.892441635375256
5 0 100 0.0 0.0 0.0
6 0 11 0.0 11.0 0.0
7 1 26 1.0 60.63937356224698 60.63937356224698
8 0 100 0.0 0.0 0.0
9 0 5 0.0 5.0 0.0
10 1 10 1.0 18.1937008646705 18.1937008646705
11 6 59 552.5626438069447 2440.720411610211 1348650.9234329127
12 0 6 0.0 6.0 0.0
13 0 5 0.0 5.0 0.0
14 0 6 0.0 6.0 0.0
15 2 9 13.494214179327372 23.78240930402918 320.92492484899776
16 0 100 0.0 0.0 0.0
17 4 67 151.22372397683895 1326.001420918201 200522.87286983026
18 0 100 0.0 0.0 0.0
19 0 100 0.0 0.0 0.0
20 1 19 1.0 40.84402933782601 40.84402933782601
21 0 100 0.0 0.0 0.0
22 1 26 1.0 60.63937356224698 60.63937356224698
23 0 100 0.0 0.0 0.0
24 0 100 0.0 0.0 0.0
25 10 218 2424.408141701412 158737.91968892005 384845504.89056265
26 14 220 5763.781188419757 598289.1109657976 3448407523.0210447
27 0 100 0.0 0.0 0.0
28 0 100 0.0 0.0 0.0
29 18 302 10336.717591947081 4146241.7026407747 42858529548.15151
30 8 208 1300.1508247099457 16970.39141279495 22064068.390995935
31 0 100 0.0 0.0 0.0
32 0 100 0.0 0.0 0.0
33 0 100 0.0 0.0 0.0
34 0 10 0.0 10.0 0.0
35 1 10 1.0 18.1937008646705 18.1937008646705
36 0 5 0.0 5.0 0.0
37 0 6 0.0 6.0 0.0
38 0 100 0.0 0.0 0.0
39 0 6 0.0 6.0 0.0
40 6 203 552.5626438069447 7086.292798564201 3915620.683564748
41 0 5 0.0 5.0 0.0
42 0 6 0.0 6.0 0.0
43 2 17 13.494214179327372 59.51335422080222 803.0859483856818
44 0 100 0.0 0.0 0.0
45 0 5 0.0 5.0 0.0
46 1 14 1.0 27.799106543625292 27.799106543625292
47 0 100 0.0 0.0 0.0
48 0 5 0.0 5.0 0.0
49 0 100 0.0 0.0 0.0
50 0 100 0.0 0.0 0.0
51 0 100 0.0 0.0 0.0
52 1 6 1.0 9.55892689827884 9.55892689827884
53 0 100 0.0 0.0 0.0
54 0 6 0.0 6.0 0.0
55 0 5 0.0 5.0 0.0
56 1 27 1.0 63.59241768810072 63.59241768810072
57 0 100 0.0 0.0 0.0
58 0 8 0.0 8.0 0.0
59 4 45 151.22372397683895 671.3571728121805 101525.13179122015
60 0 100 0.0 0.0 0.0
61 2 18 13.494214179327372 64.62733255388774 872.0950673207774
62 0 100 0.0 0.0 0.0
63 15 329 6803.971395961631 2202602.8512196797 14986446796.362232
64 2 12 13.494214179327372 36.01211998010309 485.95526006314566
65 1 104 1.0 5.735193251789799 5.735193251789799
66 2 114 13.494214179327372 44.97826169706515 606.9462967540338
67 2 19 13.494214179327372 69.8685662777562 942.821397754572
68 1 24 1.0 54.8222930413608 54.8222930413608
69 0 100 0.0 0.0 0.0
70 3 45 57.02181064673912 421.0282951259743 24007.7957215927
71 0 6 0.0 6.0 0.0
72 0 100 0.0 0.0 0.0
73 0 100 0.0 0.0 0.0
74 0 11 0.0 11.0 0.0
75 4 67 151.22372397683895 1326.001420918201 200522.87286983026
76 1 8 1.0 13.734791927877684 13.734791927877684
77 2 24 13.494214179327372 97.86086952638261 1320.555533164218
78 1 22 1.0 49.12998068819353 49.12998068819353
79 0 6 0.0 6.0 0.0
80 1 101 1.0 1.0 1.0
81 1 9 1.0 15.931997307697284 15.931997307697284
82 18 293 10336.717591947081 3824666.9705384714 39534502357.703964
83 1 15 1.0 30.323695983612147 30.323695983612147
84 0 5 0.0 5.0 0.0
85 0 100 0.0 0.0 0.0
86 9 124 1814.8473014962385 32369.82111547107 58746282.50132863
87 0 100 0.0 0.0 0.0
88 3 40 57.02181064673912 349.23013798641597 19913.734800395985
89 0 5 0.0 5.0 0.0
90 0 6 0.0 6.0 0.0
91 0 100 0.0 0.0 0.0
92 2 56 13.494214179327372 332.1417203303481 4481.99151202797
93 3 144 57.02181064673912 406.27351121486885 23166.451227280093
94 1 47 1.0 127.85310766976465 127.85310766976465
95 3 130 57.02181064673912 221.1993434691573 12613.187078481296
96 0 6 0.0 6.0 0.0
97 3 26 57.02181064673912 176.25042831919396 10050.118550023744
98 0 100 0.0 0.0 0.0
99 0 100 0.0 0.0 0.0
100 0 6 0.0 6.0 0.0
101 0 100 0.0 0.0 0.0
102 5 153 312.35291035940236 1358.9929081032851 424485.39000384894
103 1 17 1.0 35.503281577765854 35.503281577765854
104 1 8 1.0 13.734791927877684 13.734791927877684
105 0 100 0.0 0.0 0.0
106 8 99 1300.1508247099457 14160.822691605603 18411205.301062338
107 2 34 13.494214179327372 161.72412498062124 2182.3399804528112
108 15 219 6803.971395961631 789859.0758876483 5374178559.180246
109 2 144 13.494214179327372 234.56808185291177 3165.3119361571858
110 2 12 13.494214179327372 36.01211998010309 485.95526006314566
111 0 100 0.0 0.0 0.0
112 2 118 13.494214179327372 64.62733255388774 872.0950673207774
113 1 103 1.0 3.9914906122521803 3.9914906122521803
114 8 89 1300.1508247099457 11347.35436611675 14753272.137382695
115 1 104 1.0 5.735193251789799 5.735193251789799
116 0 100 0.0 0.0 0.0
117 12 128 3920.792982031498 90106.4533578608 353288749.9612491
118 4 78 151.22372397683895 1719.6349352173313 260049.59878423504
119 2 30 13.494214179327372 135.01359299654277 1821.9023410158823
120 13 253 4801.088521889328 184254.09621895975 884620226.4679395
121 8 137 1300.1508247099457 27832.86327038359 36186920.135028385
122 14 217 5763.781188419757 578369.2658744982 3333593894.607578
123 5 189 312.35291035940236 3485.593399577667 1088735.2426876074
124 15 237 6803.971395961631 963808.7365263248 6557727074.503034
125 18 183 10336.717591947081 1089251.628709361 11259286472.537062
126 1 14 1.0 27.799106543625292 27.799106543625292
127 12 293 3920.792982031498 236652.0012546562 927863505.7029653
128 3 130 57.02181064673912 221.1993434691573 12613.187078481296
129 25 431 20302.483562333644 63771782.3437997 1294725562775.7124
130 1 107 1.0 11.607984241186918 11.607984241186918
131 3 43 57.02181064673912 391.71440685113555 22336.26473506518
132 16 230 7916.453847805617 1182135.6288361128 9358322147.527758
133 4 70 151.22372397683895 1429.1350405139644 216119.12289231233
134 5 57 312.35291035940236 1551.0877169304622 484486.7626059507
135 16 263 7916.453847805617 1668736.119595552 13210472474.944424
136 12 187 3920.792982031498 219715.13514294155 861457559.9145474
137 4 69 151.22372397683895 1394.4010936602072 210866.52610067354
138 0 100 0.0 0.0 0.0
139 15 273 6803.971395961631 1376401.6987329584 9364997787.532047
140 17 199 9095.850952291546 1058520.849230117 9628147874.490215
141 0 6 0.0 6.0 0.0
142 5 59 312.35291035940236 1651.3976308733363 515818.85616390867
143 0 100 0.0 0.0 0.0
144 2 29 13.494214179327372 128.5709592386038 1734.9640612072888
145 7 87 880.1589317377488 7569.0 6661922.954323021
146 1 102 1.0 2.3948263510722025 2.3948263510722025
147 0 100 0.0 0.0 0.0
148 3 34 57.02181064673912 269.81820202916316 15385.522425150542
149 11 235 3127.3197986346404 75378.38222771238 235732307.12977445
150 2 26 13.494214179327372 109.8359986590007 1482.1504905048694
151 11 185 3127.3197986346404 155069.9102871652 484953200.61354923
152 19 255 11633.622691025432 3406866.0684544975 39634194399.25684
153 15 222 6803.971395961631 817408.2298790872 5561622214.9209385
154 10 115 2424.408141701412 38278.152614098304 92801864.84690912
155 4 64 151.22372397683895 1226.095534977771 185414.73275071313
156 7 287 880.1589317377488 34969.0 30778277.68393734
157 7 87 880.1589317377488 7569.0 6661922.954323021
158 2 118 13.494214179327372 64.62733255388774 872.0950673207774
159 5 185 312.35291035940236 3206.1723328082135 1001457.2592664398
160 5 55 312.35291035940236 1453.6132803589628 454040.3386571999
161 0 100 0.0 0.0 0.0
162 12 170 3920.792982031498 175602.9947070889 688502989.2712684
163 10 160 2424.408141701412 79784.57916828307 193430383.31780636
164 2 128 13.494214179327372 122.22584512913716 1649.341732421874
165 0 100 0.0 0.0 0.0
166 1 110 1.0 18.1937008646705 18.1937008646705
167 1 12 1.0 22.891970023971037 22.891970023971037
168 4 43 151.22372397683895 621.143248020611 93931.59508874611
169 7 101 880.1589317377488 10201.0 8978501.262656776
170 1 16 1.0 32.892441635375256 32.892441635375256
171 7 155 880.1589317377488 3025.0 2662480.7685066904
172 7 165 880.1589317377488 4225.0 3718671.4865919887
173 5 169 312.35291035940236 2194.8788310889477 685576.7907768759
174 2 24 13.494214179327372 97.86086952638261 1320.555533164218
175 2 49 13.494214179327372 273.9583678426836 3696.8528918881248
176 2 28 13.494214179327372 122.22584512913716 1649.341732421874
177 4 40 151.22372397683895 548.8883970182196 83004.94744477284
178 1 34 1.0 85.02419427196995 85.02419427196995
179 4 101 151.22372397683895 2675.1081136005973 404539.81097933906
180 7 196 880.1589317377488 9216.0 8111544.714895094
181 14 269 5763.781188419757 982391.0802346964 5662287227.928107
182 16 208 7916.453847805617 912837.723374365 7226437707.629111
183 3 45 57.02181064673912 421.0282951259743 24007.7957215927
184 10 184 2424.408141701412 108870.3820957398 263946240.74305522
185 4 59 151.22372397683895 1066.8769814059906 161337.11015338267
186 20 269 12981.212045421978 5052453.2989385985 65586967623.11375
187 16 223 7916.453847805617 1091825.0736413943 8643382805.359068
188 3 120 57.02181064673912 116.21344721391306 6626.701181636562
189 9 123 1814.8473014962385 31810.029433802327 57730346.07845207
190 11 141 3127.3197986346404 83269.02073017742 260408857.14240214
191 17 299 9095.850952291546 3076762.415026566 27985772342.69423
192 2 27 13.494214179327372 115.98017876588344 1565.0613728235076
193 18 228 10336.717591947081 1958471.3976780872 20244165749.704273
194 3 49 57.02181064673912 481.96892224029307 27482.74062159892
195 11 233 3127.3197986346404 262961.44645937043 822364537.7899921
196 1 33 1.0 81.88562674252243 81.88562674252243
197 3 70 57.02181064673912 849.0056290582019 48411.838218172416
198 4 154 151.22372397683895 916.9626779842689 138666.51091255614
199 11 210 3127.3197986346404 207278.85551015017 648227268.6752216
