0 1 10 1.0 18.1937008646705 18.1937008646705
1 0 5 0.0 5.0 0.0
2 0 100 0.0 0.0 0.0
3 0 5 0.0 5.0 0.0
4 0 100 0.0 0.0 0.0
5 0 5 0.0 5.0 0.0
6 1 101 1.0 1.0 1.0
7 0 100 0.0 0.0 0.0
8 0 5 0.0 5.0 0.0
9 0 100 0.0 0.0 0.0
10 1 7 1.0 11.607984241186918 11.607984241186918
11 0 5 0.0 5.0 0.0
12 1 20 1.0 43.57075425423803 43.57075425423803
13 0 100 0.0 0.0 0.0
14 2 29 13.494214179327372 128.5709592386038 1734.9640612072888
15 1 108 1.0 13.734791927877684 13.734791927877684
16 3 16 57.02181064673912 81.54950460903234 4650.100410151621
17 0 100 0.0 0.0 0.0
18 0 100 0.0 0.0 0.0
19 0 5 0.0 5.0 0.0
20 0 100 0.0 0.0 0.0
21 0 5 0.0 5.0 0.0
22 0 100 0.0 0.0 0.0
23 0 100 0.0 0.0 0.0
24 2 24 13.494214179327372 97.86086952638261 1320.555533164218
25 1 100 1.0 0.0 0.0
26 0 7 0.0 7.0 0.0
27 0 100 0.0 0.0 0.0
28 1 9 1.0 15.931997307697284 15.931997307697284
29 0 100 0.0 0.0 0.0
30 0 100 0.0 0.0 0.0
31 0 5 0.0 5.0 0.0
32 0 6 0.0 6.0 0.0
33 1 10 1.0 18.1937008646705 18.1937008646705
34 0 5 0.0 5.0 0.0
35 0 100 0.0 0.0 0.0
36 0 5 0.0 5.0 0.0
37 0 5 0.0 5.0 0.0
38 0 5 0.0 5.0 0.0
39 0 5 0.0 5.0 0.0
40 2 18 13.494214179327372 64.62733255388774 872.0950673207774
41 0 5 0.0 5.0 0.0
42 0 5 0.0 5.0 0.0
43 0 9 0.0 9.0 0.0
44 2 29 13.494214179327372 128.5709592386038 1734.9640612072888
45 0 5 0.0 5.0 0.0
46 0 9 0.0 9.0 0.0
47 0 100 0.0 0.0 0.0
48 1 8 1.0 13.734791927877684 13.734791927877684
49 1 8 1.0 13.734791927877684 13.734791927877684
50 2 12 13.494214179327372 36.01211998010309 485.95526006314566
51 0 5 0.0 5.0 0.0
52 1 32 1.0 78.7716859795011 78.7716859795011
53 0 5 0.0 5.0 0.0
54 3 49 57.02181064673912 481.96892224029307 27482.74062159892
55 1 15 1.0 30.323695983612147 30.323695983612147
56 0 100 0.0 0.0 0.0
57 1 7 1.0 11.607984241186918 11.607984241186918
58 1 18 1.0 38.15436697768484 38.15436697768484
59 0 100 0.0 0.0 0.0
60 1 35 1.0 88.18685030395203 88.18685030395203
61 0 5 0.0 5.0 0.0
62 0 100 0.0 0.0 0.0
63 0 100 0.0 0.0 0.0
64 0 100 0.0 0.0 0.0
65 1 10 1.0 18.1937008646705 18.1937008646705
66 0 100 0.0 0.0 0.0
67 0 5 0.0 5.0 0.0
68 0 100 0.0 0.0 0.0
69 0 100 0.0 0.0 0.0
70 0 100 0.0 0.0 0.0
71 1 8 1.0 13.734791927877684 13.734791927877684
72 0 100 0.0 0.0 0.0
73 0 5 0.0 5.0 0.0
74 0 5 0.0 5.0 0.0
75 1 105 1.0 7.59708563275366 7.59708563275366
76 0 5 0.0 5.0 0.0
77 1 9 1.0 15.931997307697284 15.931997307697284
78 1 9 1.0 15.931997307697284 15.931997307697284
79 0 100 0.0 0.0 0.0
80 0 100 0.0 0.0 0.0
81 0 5 0.0 5.0 0.0
82 0 7 0.0 7.0 0.0
83 0 100 0.0 0.0 0.0
84 0 5 0.0 5.0 0.0
85 0 100 0.0 0.0 0.0
86 0 5 0.0 5.0 0.0
87 3 30 57.02181064673912 221.1993434691573 12613.187078481296
88 1 16 1.0 32.892441635375256 32.892441635375256
89 2 44 13.494214179327372 234.56808185291177 3165.3119361571858
90 0 9 0.0 9.0 0.0
91 0 100 0.0 0.0 0.0
92 0 9 0.0 9.0 0.0
93 0 100 0.0 0.0 0.0
94 0 6 0.0 6.0 0.0
95 1 5 1.0 7.59708563275366 7.59708563275366
96 1 104 1.0 5.735193251789799 5.735193251789799
97 0 5 0.0 5.0 0.0
98 1 5 1.0 7.59708563275366 7.59708563275366
99 1 24 1.0 54.8222930413608 54.8222930413608
100 1 103 1.0 3.9914906122521803 3.9914906122521803
101 0 100 0.0 0.0 0.0
102 0 5 0.0 5.0 0.0
103 1 12 1.0 22.891970023971037 22.891970023971037
104 0 5 0.0 5.0 0.0
105 2 15 13.494214179327372 49.68406405407534 670.4474016451129
106 0 100 0.0 0.0 0.0
107 0 100 0.0 0.0 0.0
108 0 100 0.0 0.0 0.0
109 1 23 1.0 51.960050539976365 51.960050539976365
110 2 14 13.494214179327372 44.97826169706515 606.9462967540338
111 0 100 0.0 0.0 0.0
112 0 6 0.0 6.0 0.0
113 1 104 1.0 5.735193251789799 5.735193251789799
114 0 5 0.0 5.0 0.0
115 0 100 0.0 0.0 0.0
116 0 100 0.0 0.0 0.0
117 0 100 0.0 0.0 0.0
118 0 100 0.0 0.0 0.0
119 0 100 0.0 0.0 0.0
120 0 100 0.0 0.0 0.0
121 0 100 0.0 0.0 0.0
122 0 100 0.0 0.0 0.0
123 0 100 0.0 0.0 0.0
124 0 10 0.0 10.0 0.0
125 0 100 0.0 0.0 0.0
126 3 31 57.02181064673912 233.0178128969552 13287.097604327464
127 1 10 1.0 18.1937008646705 18.1937008646705
128 1 11 1.0 20.51504931294799 20.51504931294799
129 1 101 1.0 1.0 1.0
130 2 108 13.494214179327372 20.066939702021244 270.7875822627225
131 0 100 0.0 0.0 0.0
132 1 104 1.0 5.735193251789799 5.735193251789799
133 0 100 0.0 0.0 0.0
134 0 5 0.0 5.0 0.0
135 0 5 0.0 5.0 0.0
136 2 28 13.494214179327372 122.22584512913716 1649.341732421874
137 1 101 1.0 1.0 1.0
138 0 100 0.0 0.0 0.0
139 1 27 1.0 63.59241768810072 63.59241768810072
140 0 100 0.0 0.0 0.0
141 0 100 0.0 0.0 0.0
142 0 100 0.0 0.0 0.0
143 2 112 13.494214179327372 36.01211998010309 485.95526006314566
144 2 18 13.494214179327372 64.62733255388774 872.0950673207774
145 1 9 1.0 15.931997307697284 15.931997307697284
146 0 100 0.0 0.0 0.0
147 0 100 0.0 0.0 0.0
148 2 11 13.494214179327372 31.76494829034237 428.6430156251388
149 0 9 0.0 9.0 0.0
150 1 108 1.0 13.734791927877684 13.734791927877684
151 0 100 0.0 0.0 0.0
152 2 21 13.494214179327372 80.71796600694597 1089.2255214173952
153 1 16 1.0 32.892441635375256 32.892441635375256
154 0 100 0.0 0.0 0.0
155 0 100 0.0 0.0 0.0
156 0 5 0.0 5.0 0.0
157 1 9 1.0 15.931997307697284 15.931997307697284
158 1 28 1.0 66.57403288693754 66.57403288693754
159 0 100 0.0 0.0 0.0
160 0 100 0.0 0.0 0.0
161 1 109 1.0 15.931997307697284 15.931997307697284
162 0 100 0.0 0.0 0.0
163 2 8 13.494214179327372 20.066939702021244 270.7875822627225
164 1 15 1.0 30.323695983612147 30.323695983612147
165 1 20 1.0 43.57075425423803 43.57075425423803
166 0 100 0.0 0.0 0.0
167 1 15 1.0 30.323695983612147 30.323695983612147
168 1 9 1.0 15.931997307697284 15.931997307697284
169 2 19 13.494214179327372 69.8685662777562 942.821397754572
170 1 108 1.0 13.734791927877684 13.734791927877684
171 2 29 13.494214179327372 128.5709592386038 1734.9640612072888
172 1 9 1.0 15.931997307697284 15.931997307697284
173 0 100 0.0 0.0 0.0
174 0 100 0.0 0.0 0.0
175 2 33 13.494214179327372 154.90879557685506 2090.372465775723
176 2 22 13.494214179327372 86.31942417916456 1164.8127977098563
177 2 106 13.494214179327372 13.252209915340185 178.8281589470063
178 2 22 13.494214179327372 86.31942417916456 1164.8127977098563
179 0 5 0.0 5.0 0.0
180 1 104 1.0 5.735193251789799 5.735193251789799
181 1 14 1.0 27.799106543625292 27.799106543625292
182 0 8 0.0 8.0 0.0
183 5 28 312.35291035940236 426.24633698085364 133139.28388600418
184 2 14 13.494214179327372 44.97826169706515 606.9462967540338
185 0 100 0.0 0.0 0.0
186 1 13 1.0 25.320989780782124 25.320989780782124
187 1 14 1.0 27.799106543625292 27.799106543625292
188 0 100 0.0 0.0 0.0
189 1 25 1.0 57.71571011139208 57.71571011139208
190 4 42 151.22372397683895 596.6466987883373 90227.1356892597
191 0 100 0.0 0.0 0.0
192 0 100 0.0 0.0 0.0
193 0 100 0.0 0.0 0.0
194 1 23 1.0 51.960050539976365 51.960050539976365
195 0 100 0.0 0.0 0.0
196 1 8 1.0 13.734791927877684 13.734791927877684
197 1 104 1.0 5.735193251789799 5.735193251789799
198 0 8 0.0 8.0 0.0
199 1 11 1.0 20.51504931294799 20.51504931294799
