0 2 63 13.494214179327372 393.6390130800606 5311.849151841387
1 1 20 1.0 43.57075425423803 43.57075425423803
2 0 5 0.0 5.0 0.0
3 0 5 0.0 5.0 0.0
4 0 5 0.0 5.0 0.0
5 0 100 0.0 0.0 0.0
6 1 103 1.0 3.9914906122521803 3.9914906122521803
7 0 5 0.0 5.0 0.0
8 0 100 0.0 0.0 0.0
9 2 36 13.494214179327372 175.6210676402407 2369.868301139548
10 0 9 0.0 9.0 0.0
11 0 6 0.0 6.0 0.0
12 0 100 0.0 0.0 0.0
13 3 42 57.02181064673912 377.3528472077043 21517.342600485594
14 0 9 0.0 9.0 0.0
15 0 100 0.0 0.0 0.0
16 0 100 0.0 0.0 0.0
17 1 102 1.0 2.3948263510722025 2.3948263510722025
18 0 100 0.0 0.0 0.0
19 0 5 0.0 5.0 0.0
20 1 21 1.0 46.33316012586883 46.33316012586883
21 0 100 0.0 0.0 0.0
22 12 174 3920.792982031498 185473.20087432943 727202024.3429891
23 1 50 1.0 138.2191034456061 138.2191034456061
24 6 214 552.5626438069447 8604.337363813209 4754435.401955504
25 0 100 0.0 0.0 0.0
26 0 100 0.0 0.0 0.0
27 0 100 0.0 0.0 0.0
28 2 18 13.494214179327372 64.62733255388774 872.0950673207774
29 2 14 13.494214179327372 44.97826169706515 606.9462967540338
30 3 17 57.02181064673912 89.78750677036001 5119.846209502275
31 1 9 1.0 15.931997307697284 15.931997307697284
32 2 25 13.494214179327372 103.79546451213633 1400.6382289695412
33 0 5 0.0 5.0 0.0
34 8 162 1300.1508247099457 5349.644932301835 6955345.270637613
35 1 22 1.0 49.12998068819353 49.12998068819353
36 0 100 0.0 0.0 0.0
37 1 11 1.0 20.51504931294799 20.51504931294799
38 0 100 0.0 0.0 0.0
39 1 105 1.0 7.59708563275366 7.59708563275366
40 0 100 0.0 0.0 0.0
41 0 100 0.0 0.0 0.0
42 1 7 1.0 11.607984241186918 11.607984241186918
43 0 100 0.0 0.0 0.0
44 0 9 0.0 9.0 0.0
45 0 100 0.0 0.0 0.0
46 3 117 57.02181064673912 89.78750677036001 5119.846209502275
47 0 100 0.0 0.0 0.0
48 0 5 0.0 5.0 0.0
49 0 100 0.0 0.0 0.0
50 2 19 13.494214179327372 69.8685662777562 942.821397754572
51 1 11 1.0 20.51504931294799 20.51504931294799
52 0 100 0.0 0.0 0.0
53 1 104 1.0 5.735193251789799 5.735193251789799
54 0 6 0.0 6.0 0.0
55 0 100 0.0 0.0 0.0
56 2 114 13.494214179327372 44.97826169706515 606.9462967540338
57 0 7 0.0 7.0 0.0
58 0 100 0.0 0.0 0.0
59 0 6 0.0 6.0 0.0
60 5 185 312.35291035940236 3206.1723328082135 1001457.2592664398
61 1 36 1.0 91.37308344663872 91.37308344663872
62 0 100 0.0 0.0 0.0
63 0 100 0.0 0.0 0.0
64 0 100 0.0 0.0 0.0
65 1 103 1.0 3.9914906122521803 3.9914906122521803
66 0 100 0.0 0.0 0.0
67 5 115 312.35291035940236 5553.1126204137945 1734530.888539776
68 1 103 1.0 3.9914906122521803 3.9914906122521803
69 1 105 1.0 7.59708563275366 7.59708563275366
70 1 12 1.0 22.891970023971037 22.891970023971037
71 0 6 0.0 6.0 0.0
72 1 106 1.0 9.55892689827884 9.55892689827884
73 2 50 13.494214179327372 282.0582186126376 3806.1540129984737
74 0 6 0.0 6.0 0.0
75 0 6 0.0 6.0 0.0
76 0 100 0.0 0.0 0.0
77 0 100 0.0 0.0 0.0
78 5 187 312.35291035940236 3344.5706484424895 1044686.3759436451
79 0 100 0.0 0.0 0.0
80 0 8 0.0 8.0 0.0
81 0 100 0.0 0.0 0.0
82 1 23 1.0 51.960050539976365 51.960050539976365
83 0 100 0.0 0.0 0.0
84 1 12 1.0 22.891970023971037 22.891970023971037
85 0 100 0.0 0.0 0.0
86 0 5 0.0 5.0 0.0
87 1 14 1.0 27.799106543625292 27.799106543625292
88 0 100 0.0 0.0 0.0
89 1 105 1.0 7.59708563275366 7.59708563275366
90 0 100 0.0 0.0 0.0
91 0 10 0.0 10.0 0.0
92 0 100 0.0 0.0 0.0
93 0 100 0.0 0.0 0.0
94 0 100 0.0 0.0 0.0
95 0 100 0.0 0.0 0.0
96 0 100 0.0 0.0 0.0
97 8 203 1300.1508247099457 15376.94813547303 19992351.799857322
98 0 100 0.0 0.0 0.0
99 2 25 13.494214179327372 103.79546451213633 1400.6382289695412
100 1 13 1.0 25.320989780782124 25.320989780782124
101 7 218 880.1589317377488 13924.0 12255332.965516414
102 1 6 1.0 9.55892689827884 9.55892689827884
103 1 19 1.0 40.84402933782601 40.84402933782601
104 0 100 0.0 0.0 0.0
105 1 21 1.0 46.33316012586883 46.33316012586883
106 1 108 1.0 13.734791927877684 13.734791927877684
107 10 262 2424.408141701412 82019.5537684662 198848873.9349862
108 8 104 1300.1508247099457 15689.114034349886 20398214.550728388
109 2 21 13.494214179327372 80.71796600694597 1089.2255214173952
110 1 14 1.0 27.799106543625292 27.799106543625292
111 6 95 552.5626438069447 6070.84515091352 3354522.246731345
112 0 100 0.0 0.0 0.0
113 10 161 2424.408141701412 80897.81870740736 196129330.32012323
114 12 199 3920.792982031498 254315.5879600347 997118772.4949182
115 1 9 1.0 15.931997307697284 15.931997307697284
116 1 5 1.0 7.59708563275366 7.59708563275366
117 2 119 13.494214179327372 69.8685662777562 942.821397754572
118 5 62 312.35291035940236 1807.1402103142602 564465.5041191616
119 1 103 1.0 3.9914906122521803 3.9914906122521803
120 15 215 6803.971395961631 754009.1679551424 5130256811.059619
121 1 22 1.0 49.12998068819353 49.12998068819353
122 2 33 13.494214179327372 154.90879557685506 2090.372465775723
123 14 334 5763.781188419757 696608.4756750804 4015098827.7897906
124 1 11 1.0 20.51504931294799 20.51504931294799
125 3 118 57.02181064673912 98.31525163284788 5606.113662294761
126 3 57 57.02181064673912 612.7419199112477 34939.653732498555
127 2 18 13.494214179327372 64.62733255388774 872.0950673207774
128 13 252 4801.088521889328 181364.98534241138 870749349.4000776
129 2 10 13.494214179327372 27.685321443873434 373.59165718715303
130 2 20 13.494214179327372 75.23327232919837 1015.2138902218663
131 11 130 3127.3197986346404 69138.84603782199 216219282.06883287
132 0 100 0.0 0.0 0.0
133 7 230 880.1589317377488 16900.0 14874685.946367955
134 17 355 9095.850952291546 4824907.6976362355 43886641276.26337
135 1 10 1.0 18.1937008646705 18.1937008646705
136 3 72 57.02181064673912 887.8335628861327 50625.87730871281
137 2 30 13.494214179327372 135.01359299654277 1821.9023410158823
138 0 100 0.0 0.0 0.0
139 3 44 57.02181064673912 406.27351121486885 23166.451227280093
140 10 254 2424.408141701412 222998.68747808962 540639833.5106093
141 1 7 1.0 11.607984241186918 11.607984241186918
142 1 22 1.0 49.12998068819353 49.12998068819353
143 2 33 13.494214179327372 154.90879557685506 2090.372465775723
144 0 100 0.0 0.0 0.0
145 4 65 151.22372397683895 1259.0362466163215 190396.14983514193
146 3 21 57.02181064673912 125.57185196799401 7160.33436547931
147 12 173 3920.792982031498 182976.5500999565 717413173.5082443
148 4 26 151.22372397683895 262.7667382888815 39736.564701292096
149 2 112 13.494214179327372 36.01211998010309 485.95526006314566
150 4 131 151.22372397683895 354.97079584466536 53680.00565065253
151 2 28 13.494214179327372 122.22584512913716 1649.341732421874
152 1 103 1.0 3.9914906122521803 3.9914906122521803
153 1 104 1.0 5.735193251789799 5.735193251789799
154 9 147 1814.8473014962385 46702.87865638875 84758593.3016534
155 0 100 0.0 0.0 0.0
156 5 42 312.35291035940236 890.5118703159138 278153.97440277034
157 2 49 13.494214179327372 273.9583678426836 3696.8528918881248
158 6 170 552.5626438069447 3384.897920195671 1870368.1437999485
159 4 127 151.22372397683895 280.28354879760207 42385.52201861745
160 1 107 1.0 11.607984241186918 11.607984241186918
161 0 11 0.0 11.0 0.0
162 8 165 1300.1508247099457 40978.16249196492 53277791.759026356
163 1 8 1.0 13.734791927877684 13.734791927877684
164 3 115 57.02181064673912 73.60859052492496 4197.295110885627
165 1 30 1.0 72.61998620345668 72.61998620345668
166 11 300 3127.3197986346404 185371.77870547093 579716833.6537385
167 0 100 0.0 0.0 0.0
168 5 58 312.35291035940236 1600.889370701534 500042.45410205633
169 5 162 312.35291035940236 1807.1402103142602 564465.5041191616
170 0 100 0.0 0.0 0.0
171 1 108 1.0 13.734791927877684 13.734791927877684
172 1 10 1.0 18.1937008646705 18.1937008646705
173 0 100 0.0 0.0 0.0
174 0 100 0.0 0.0 0.0
175 3 38 57.02181064673912 321.92161897300775 18356.553600170548
176 1 10 1.0 18.1937008646705 18.1937008646705
177 0 100 0.0 0.0 0.0
178 12 198 3920.792982031498 251320.85466166472 985377043.1956131
179 4 54 151.22372397683895 916.9626779842689 138666.51091255614
180 1 109 1.0 15.931997307697284 15.931997307697284
181 13 267 4801.088521889328 705078.2947892806 3385143308.1461153
182 3 26 57.02181064673912 176.25042831919396 10050.118550023744
183 5 56 312.35291035940236 1501.9949206988383 469152.4848253219
184 7 178 880.1589317377488 31684.0 27886955.593178835
185 8 130 1300.1508247099457 24956.252438948613 32446892.190168634
186 6 208 552.5626438069447 7758.892052145152 4287273.9053460155
187 9 141 1814.8473014962385 42692.5615074584 77480480.04577306
188 11 272 3127.3197986346404 131244.92094536053 410444839.74266416
189 1 13 1.0 25.320989780782124 25.320989780782124
190 2 31 13.494214179327372 141.5519192260369 1910.1319155309898
191 12 193 3920.792982031498 236652.0012546562 927863505.7029653
192 0 100 0.0 0.0 0.0
193 2 22 13.494214179327372 86.31942417916456 1164.8127977098563
194 4 63 151.22372397683895 1193.5182370479756 180488.2724406665
195 2 41 13.494214179327372 211.85407612585806 2858.8042780058545
196 6 127 552.5626438069447 10578.68633606439 5845386.88986014
197 1 18 1.0 38.15436697768484 38.15436697768484
198 7 167 880.1589317377488 4489.0 3951033.4445707547
199 1 12 1.0 22.891970023971037 22.891970023971037
