0 0 6 0.0 6.0 0.0
1 0 11 0.0 11.0 0.0
2 0 6 0.0 6.0 0.0
3 0 6 0.0 6.0 0.0
4 0 11 0.0 11.0 0.0
5 0 6 0.0 6.0 0.0
6 0 6 0.0 6.0 0.0
7 0 6 0.0 6.0 0.0
8 0 9 0.0 9.0 0.0
9 0 6 0.0 6.0 0.0
10 1 8 1.0 13.734791927877684 13.734791927877684
11 0 6 0.0 6.0 0.0
12 0 6 0.0 6.0 0.0
13 0 7 0.0 7.0 0.0
14 0 6 0.0 6.0 0.0
15 0 6 0.0 6.0 0.0
16 0 6 0.0 6.0 0.0
17 0 6 0.0 6.0 0.0
18 0 6 0.0 6.0 0.0
19 1 8 1.0 13.734791927877684 13.734791927877684
20 0 6 0.0 6.0 0.0
21 0 11 0.0 11.0 0.0
22 0 6 0.0 6.0 0.0
23 0 8 0.0 8.0 0.0
24 0 8 0.0 8.0 0.0
25 0 8 0.0 8.0 0.0
26 0 6 0.0 6.0 0.0
27 0 7 0.0 7.0 0.0
28 0 6 0.0 6.0 0.0
29 0 6 0.0 6.0 0.0
30 0 6 0.0 6.0 0.0
31 0 5 0.0 5.0 0.0
32 0 9 0.0 9.0 0.0
33 0 6 0.0 6.0 0.0
34 0 6 0.0 6.0 0.0
35 0 7 0.0 7.0 0.0
36 0 6 0.0 6.0 0.0
37 0 6 0.0 6.0 0.0
38 0 6 0.0 6.0 0.0
39 0 6 0.0 6.0 0.0
40 0 6 0.0 6.0 0.0
41 0 6 0.0 6.0 0.0
42 0 6 0.0 6.0 0.0
43 1 10 1.0 18.1937008646705 18.1937008646705
44 1 10 1.0 18.1937008646705 18.1937008646705
45 0 11 0.0 11.0 0.0
46 0 6 0.0 6.0 0.0
47 0 8 0.0 8.0 0.0
48 0 6 0.0 6.0 0.0
49 0 6 0.0 6.0 0.0
50 0 6 0.0 6.0 0.0
51 0 6 0.0 6.0 0.0
52 0 6 0.0 6.0 0.0
53 0 6 0.0 6.0 0.0
54 0 6 0.0 6.0 0.0
55 0 6 0.0 6.0 0.0
56 0 6 0.0 6.0 0.0
57 0 6 0.0 6.0 0.0
58 1 6 1.0 9.55892689827884 9.55892689827884
59 0 6 0.0 6.0 0.0
60 0 6 0.0 6.0 0.0
61 1 6 1.0 9.55892689827884 9.55892689827884
62 1 6 1.0 9.55892689827884 9.55892689827884
63 0 6 0.0 6.0 0.0
64 0 6 0.0 6.0 0.0
65 1 9 1.0 15.931997307697284 15.931997307697284
66 0 6 0.0 6.0 0.0
67 2 15 13.494214179327372 49.68406405407534 670.4474016451129
68 0 11 0.0 11.0 0.0
69 0 6 0.0 6.0 0.0
70 0 6 0.0 6.0 0.0
71 0 6 0.0 6.0 0.0
72 0 6 0.0 6.0 0.0
73 0 6 0.0 6.0 0.0
74 0 6 0.0 6.0 0.0
75 0 8 0.0 8.0 0.0
76 0 6 0.0 6.0 0.0
77 0 11 0.0 11.0 0.0
78 0 6 0.0 6.0 0.0
79 0 6 0.0 6.0 0.0
80 0 6 0.0 6.0 0.0
81 0 6 0.0 6.0 0.0
82 0 6 0.0 6.0 0.0
83 0 7 0.0 7.0 0.0
84 2 9 13.494214179327372 23.78240930402918 320.92492484899776
85 0 6 0.0 6.0 0.0
86 0 6 0.0 6.0 0.0
87 0 6 0.0 6.0 0.0
88 0 9 0.0 9.0 0.0
89 0 6 0.0 6.0 0.0
90 1 7 1.0 11.607984241186918 11.607984241186918
91 0 7 0.0 7.0 0.0
92 0 6 0.0 6.0 0.0
93 0 6 0.0 6.0 0.0
94 0 6 0.0 6.0 0.0
95 0 6 0.0 6.0 0.0
96 0 6 0.0 6.0 0.0
97 0 6 0.0 6.0 0.0
98 0 9 0.0 9.0 0.0
99 0 6 0.0 6.0 0.0
100 0 6 0.0 6.0 0.0
101 0 6 0.0 6.0 0.0
102 0 11 0.0 11.0 0.0
103 0 9 0.0 9.0 0.0
104 1 6 1.0 9.55892689827884 9.55892689827884
105 0 7 0.0 7.0 0.0
106 0 6 0.0 6.0 0.0
107 0 8 0.0 8.0 0.0
108 0 10 0.0 10.0 0.0
109 0 6 0.0 6.0 0.0
110 0 8 0.0 8.0 0.0
111 1 7 1.0 11.607984241186918 11.607984241186918
112 0 6 0.0 6.0 0.0
113 0 6 0.0 6.0 0.0
114 0 6 0.0 6.0 0.0
115 0 7 0.0 7.0 0.0
116 0 7 0.0 7.0 0.0
117 0 6 0.0 6.0 0.0
118 0 6 0.0 6.0 0.0
119 0 6 0.0 6.0 0.0
120 1 10 1.0 18.1937008646705 18.1937008646705
121 0 6 0.0 6.0 0.0
122 0 6 0.0 6.0 0.0
123 0 8 0.0 8.0 0.0
124 0 6 0.0 6.0 0.0
125 0 7 0.0 7.0 0.0
126 0 11 0.0 11.0 0.0
127 1 11 1.0 20.51504931294799 20.51504931294799
128 0 9 0.0 9.0 0.0
129 0 6 0.0 6.0 0.0
130 0 6 0.0 6.0 0.0
131 0 6 0.0 6.0 0.0
132 0 6 0.0 6.0 0.0
133 0 11 0.0 11.0 0.0
134 0 6 0.0 6.0 0.0
135 0 6 0.0 6.0 0.0
136 0 6 0.0 6.0 0.0
137 0 6 0.0 6.0 0.0
138 1 7 1.0 11.607984241186918 11.607984241186918
139 0 6 0.0 6.0 0.0
140 2 6 13.494214179327372 13.252209915340185 178.8281589470063
141 0 11 0.0 11.0 0.0
142 0 11 0.0 11.0 0.0
143 0 6 0.0 6.0 0.0
144 0 6 0.0 6.0 0.0
145 0 11 0.0 11.0 0.0
146 1 6 1.0 9.55892689827884 9.55892689827884
147 1 11 1.0 20.51504931294799 20.51504931294799
148 0 6 0.0 6.0 0.0
149 0 6 0.0 6.0 0.0
150 0 8 0.0 8.0 0.0
151 0 9 0.0 9.0 0.0
152 0 8 0.0 8.0 0.0
153 0 6 0.0 6.0 0.0
154 0 7 0.0 7.0 0.0
155 0 10 0.0 10.0 0.0
156 0 6 0.0 6.0 0.0
157 0 8 0.0 8.0 0.0
158 0 6 0.0 6.0 0.0
159 1 10 1.0 18.1937008646705 18.1937008646705
160 0 9 0.0 9.0 0.0
161 0 11 0.0 11.0 0.0
162 0 6 0.0 6.0 0.0
163 0 7 0.0 7.0 0.0
164 0 6 0.0 6.0 0.0
165 0 6 0.0 6.0 0.0
166 0 6 0.0 6.0 0.0
167 0 6 0.0 6.0 0.0
168 0 6 0.0 6.0 0.0
169 0 5 0.0 5.0 0.0
170 0 6 0.0 6.0 0.0
171 0 6 0.0 6.0 0.0
172 0 6 0.0 6.0 0.0
173 0 6 0.0 6.0 0.0
174 0 6 0.0 6.0 0.0
175 1 10 1.0 18.1937008646705 18.1937008646705
176 0 6 0.0 6.0 0.0
177 0 6 0.0 6.0 0.0
178 0 6 0.0 6.0 0.0
179 0 6 0.0 6.0 0.0
180 0 7 0.0 7.0 0.0
181 0 9 0.0 9.0 0.0
182 0 6 0.0 6.0 0.0
183 1 6 1.0 9.55892689827884 9.55892689827884
184 0 8 0.0 8.0 0.0
185 0 6 0.0 6.0 0.0
186 0 9 0.0 9.0 0.0
187 0 6 0.0 6.0 0.0
188 1 6 1.0 9.55892689827884 9.55892689827884
189 0 7 0.0 7.0 0.0
190 0 7 0.0 7.0 0.0
191 0 6 0.0 6.0 0.0
192 0 11 0.0 11.0 0.0
193 0 7 0.0 7.0 0.0
194 0 6 0.0 6.0 0.0
195 0 11 0.0 11.0 0.0
196 0 6 0.0 6.0 0.0
197 1 8 1.0 13.734791927877684 13.734791927877684
198 0 6 0.0 6.0 0.0
199 0 6 0.0 6.0 0.0
