0 0 100 0.0 0.0 0.0
1 0 7 0.0 7.0 0.0
2 4 68 151.22372397683895 1360.0227175454593 205667.70004032494
3 0 100 0.0 0.0 0.0
4 0 6 0.0 6.0 0.0
5 1 10 1.0 18.1937008646705 18.1937008646705
6 0 5 0.0 5.0 0.0
7 8 225 1300.1508247099457 23001.09948770076 29904898.468169656
8 0 5 0.0 5.0 0.0
9 0 6 0.0 6.0 0.0
10 8 118 1300.1508247099457 20402.728323412415 26526624.05601762
11 0 100 0.0 0.0 0.0
12 2 20 13.494214179327372 75.23327232919837 1015.2138902218663
13 1 103 1.0 3.9914906122521803 3.9914906122521803
14 0 100 0.0 0.0 0.0
15 0 100 0.0 0.0 0.0
16 0 100 0.0 0.0 0.0
17 1 108 1.0 13.734791927877684 13.734791927877684
18 5 52 312.35291035940236 1312.7590262571498 410044.10245199583
19 1 6 1.0 9.55892689827884 9.55892689827884
20 1 103 1.0 3.9914906122521803 3.9914906122521803
21 0 100 0.0 0.0 0.0
22 0 10 0.0 10.0 0.0
23 1 108 1.0 13.734791927877684 13.734791927877684
24 0 6 0.0 6.0 0.0
25 1 16 1.0 32.892441635375256 32.892441635375256
26 0 6 0.0 6.0 0.0
27 0 100 0.0 0.0 0.0
28 0 100 0.0 0.0 0.0
29 0 100 0.0 0.0 0.0
30 0 100 0.0 0.0 0.0
31 0 100 0.0 0.0 0.0
32 1 9 1.0 15.931997307697284 15.931997307697284
33 0 100 0.0 0.0 0.0
34 0 10 0.0 10.0 0.0
35 2 24 13.494214179327372 97.86086952638261 1320.555533164218
36 0 100 0.0 0.0 0.0
37 2 20 13.494214179327372 75.23327232919837 1015.2138902218663
38 0 100 0.0 0.0 0.0
39 3 44 57.02181064673912 406.27351121486885 23166.451227280093
40 0 10 0.0 10.0 0.0
41 0 100 0.0 0.0 0.0
42 0 100 0.0 0.0 0.0
43 0 5 0.0 5.0 0.0
44 1 108 1.0 13.734791927877684 13.734791927877684
45 1 16 1.0 32.892441635375256 32.892441635375256
46 4 62 151.22372397683895 1161.3060165688764 175617.02050225413
47 3 84 57.02181064673912 1133.9736498594843 64661.230740679166
48 0 100 0.0 0.0 0.0
49 0 100 0.0 0.0 0.0
50 1 102 1.0 2.3948263510722025 2.3948263510722025
51 0 100 0.0 0.0 0.0
52 0 100 0.0 0.0 0.0
53 7 143 880.1589317377488 1849.0 1627413.8647830975
54 4 72 151.22372397683895 1499.6637502850892 226784.73703118347
55 0 100 0.0 0.0 0.0
56 0 100 0.0 0.0 0.0
57 0 100 0.0 0.0 0.0
58 0 100 0.0 0.0 0.0
59 1 105 1.0 7.59708563275366 7.59708563275366
60 0 100 0.0 0.0 0.0
61 0 100 0.0 0.0 0.0
62 0 9 0.0 9.0 0.0
63 0 10 0.0 10.0 0.0
64 4 67 151.22372397683895 1326.001420918201 200522.87286983026
65 2 9 13.494214179327372 23.78240930402918 320.92492484899776
66 3 42 57.02181064673912 377.3528472077043 21517.342600485594
67 0 100 0.0 0.0 0.0
68 0 10 0.0 10.0 0.0
69 0 100 0.0 0.0 0.0
70 1 103 1.0 3.9914906122521803 3.9914906122521803
71 0 8 0.0 8.0 0.0
72 1 30 1.0 72.61998620345668 72.61998620345668
73 1 109 1.0 15.931997307697284 15.931997307697284
74 0 100 0.0 0.0 0.0
75 3 20 57.02181064673912 116.21344721391306 6626.701181636562
76 2 114 13.494214179327372 44.97826169706515 606.9462967540338
77 1 18 1.0 38.15436697768484 38.15436697768484
78 0 10 0.0 10.0 0.0
79 0 100 0.0 0.0 0.0
80 0 100 0.0 0.0 0.0
81 1 105 1.0 7.59708563275366 7.59708563275366
82 3 59 57.02181064673912 647.2206215128941 36905.69172657306
83 1 103 1.0 3.9914906122521803 3.9914906122521803
84 0 6 0.0 6.0 0.0
85 0 100 0.0 0.0 0.0
86 0 100 0.0 0.0 0.0
87 0 100 0.0 0.0 0.0
88 0 100 0.0 0.0 0.0
89 1 104 1.0 5.735193251789799 5.735193251789799
90 0 100 0.0 0.0 0.0
91 9 129 1814.8473014962385 35247.44879474361 63968737.32976728
92 0 100 0.0 0.0 0.0
93 0 100 0.0 0.0 0.0
94 1 10 1.0 18.1937008646705 18.1937008646705
95 0 6 0.0 6.0 0.0
96 0 10 0.0 10.0 0.0
97 6 80 552.5626438069447 4369.987349380403 2414691.7631765385
98 1 7 1.0 11.607984241186918 11.607984241186918
99 0 11 0.0 11.0 0.0
100 0 100 0.0 0.0 0.0
101 9 228 1814.8473014962385 34661.412576405404 62905171.08033713
102 0 100 0.0 0.0 0.0
103 0 100 0.0 0.0 0.0
104 6 91 552.5626438069447 5591.281626292221 3089533.357693223
105 0 9 0.0 9.0 0.0
106 0 100 0.0 0.0 0.0
107 2 38 13.494214179327372 189.8638195218893 2562.0630455335317
108 2 47 13.494214179327372 257.9778488812911 3481.2083463262925
109 0 100 0.0 0.0 0.0
110 0 100 0.0 0.0 0.0
111 4 57 151.22372397683895 1005.7817905983286 152098.06788237247
112 1 101 1.0 1.0 1.0
113 2 119 13.494214179327372 69.8685662777562 942.821397754572
114 0 100 0.0 0.0 0.0
115 2 32 13.494214179327372 148.1842032776824 1999.6293770220316
116 1 10 1.0 18.1937008646705 18.1937008646705
117 0 5 0.0 5.0 0.0
118 3 31 57.02181064673912 233.0178128969552 13287.097604327464
119 2 110 13.494214179327372 27.685321443873434 373.59165718715303
120 1 108 1.0 13.734791927877684 13.734791927877684
121 0 100 0.0 0.0 0.0
122 1 100 1.0 0.0 0.0
123 4 57 151.22372397683895 1005.7817905983286 152098.06788237247
124 3 70 57.02181064673912 849.0056290582019 48411.838218172416
125 3 78 57.02181064673912 1008.1216991286578 57484.92463658323
126 1 24 1.0 54.8222930413608 54.8222930413608
127 0 100 0.0 0.0 0.0
128 3 131 57.02181064673912 233.0178128969552 13287.097604327464
129 3 40 57.02181064673912 349.23013798641597 19913.734800395985
130 1 17 1.0 35.503281577765854 35.503281577765854
131 0 100 0.0 0.0 0.0
132 1 105 1.0 7.59708563275366 7.59708563275366
133 4 81 151.22372397683895 1834.2709028460106 277385.2767107323
134 7 135 880.1589317377488 18225.0 16040896.530920472
135 1 29 1.0 69.58346013935528 69.58346013935528
136 2 16 13.494214179327372 54.53075711894446 735.8497159239173
137 5 89 312.35291035940236 3485.593399577667 1088735.2426876074
138 3 25 57.02181064673912 165.61186212092687 9443.48824271336
139 13 226 4801.088521889328 471776.43428776454 2265040423.5568614
140 7 106 880.1589317377488 11236.0 9889465.757005347
141 3 139 57.02181064673912 335.47304520277595 19129.280460637645
142 2 52 13.494214179327372 298.47302352672085 4027.6589062209887
143 0 100 0.0 0.0 0.0
144 1 107 1.0 11.607984241186918 11.607984241186918
145 1 12 1.0 22.891970023971037 22.891970023971037
146 0 100 0.0 0.0 0.0
147 0 100 0.0 0.0 0.0
148 3 24 57.02181064673912 155.22039240905832 8850.947824461866
149 3 123 57.02181064673912 145.08021796711313 8272.736717508364
150 6 115 552.5626438069447 8749.296958158795 4834534.658652283
151 0 100 0.0 0.0 0.0
152 2 151 13.494214179327372 290.23003402420613 3916.426240396108
153 1 18 1.0 38.15436697768484 38.15436697768484
154 0 100 0.0 0.0 0.0
155 3 138 57.02181064673912 321.92161897300775 18356.553600170548
156 4 48 151.22372397683895 749.6906189831174 113371.00723312848
157 12 161 3920.792982031498 154520.54529329904 605843069.5656471
158 2 49 13.494214179327372 273.9583678426836 3696.8528918881248
159 2 42 13.494214179327372 219.34644070399202 2959.9078503327996
160 0 100 0.0 0.0 0.0
161 1 108 1.0 13.734791927877684 13.734791927877684
162 1 104 1.0 5.735193251789799 5.735193251789799
163 5 113 312.35291035940236 5378.870870117234 1680105.970728529
164 3 139 57.02181064673912 335.47304520277595 19129.280460637645
165 3 66 57.02181064673912 773.2963448216119 44094.75774823344
166 10 121 2424.408141701412 42862.07545660654 103915164.70721716
167 0 10 0.0 10.0 0.0
168 2 21 13.494214179327372 80.71796600694597 1089.2255214173952
169 8 120 1300.1508247099457 21128.626944217714 27470401.74651344
170 0 100 0.0 0.0 0.0
171 4 130 151.22372397683895 335.61535000671915 50753.00305180629
172 9 144 1814.8473014962385 44673.607750369876 81075776.47386022
173 5 202 312.35291035940236 4465.486028292682 1394807.5571064677
174 0 100 0.0 0.0 0.0
175 2 24 13.494214179327372 97.86086952638261 1320.555533164218
176 5 93 312.35291035940236 3775.468945982596 1179278.713249209
177 2 10 13.494214179327372 27.685321443873434 373.59165718715303
178 6 89 552.5626438069447 5358.570280584671 2960945.7612651875
179 6 108 552.5626438069447 7758.892052145152 4287273.9053460155
180 4 78 151.22372397683895 1719.6349352173313 260049.59878423504
181 5 96 312.35291035940236 3999.6858182206656 1249313.5058444524
182 12 166 3920.792982031498 166041.6949118759 651015112.1350981
183 0 100 0.0 0.0 0.0
184 1 101 1.0 1.0 1.0
185 3 29 57.02181064673912 209.61005902119368 11952.345095158316
186 8 155 1300.1508247099457 35981.02511980672 46780759.48342598
187 2 129 13.494214179327372 128.5709592386038 1734.9640612072888
188 0 100 0.0 0.0 0.0
189 3 81 57.02181064673912 1070.3630949288454 61034.04172229027
190 5 102 312.35291035940236 4465.486028292682 1394807.5571064677
191 12 199 3920.792982031498 254315.5879600347 997118772.4949182
192 7 88 880.1589317377488 7744.0 6815950.767377127
193 2 29 13.494214179327372 128.5709592386038 1734.9640612072888
194 3 43 57.02181064673912 391.71440685113555 22336.26473506518
195 3 57 57.02181064673912 612.7419199112477 34939.653732498555
196 1 13 1.0 25.320989780782124 25.320989780782124
197 4 62 151.22372397683895 1161.3060165688764 175617.02050225413
198 7 102 880.1589317377488 10404.0 9157173.525799539
199 0 100 0.0 0.0 0.0
