0 0 6 0.0 6.0 0.0
1 1 11 1.0 20.51504931294799 20.51504931294799
2 1 16 1.0 32.892441635375256 32.892441635375256
3 0 5 0.0 5.0 0.0
4 0 100 0.0 0.0 0.0
5 0 100 0.0 0.0 0.0
6 3 23 57.02181064673912 145.08021796711313 8272.736717508364
7 1 9 1.0 15.931997307697284 15.931997307697284
8 0 100 0.0 0.0 0.0
9 1 22 1.0 49.12998068819353 49.12998068819353
10 0 6 0.0 6.0 0.0
11 1 13 1.0 25.320989780782124 25.320989780782124
12 2 14 13.494214179327372 44.97826169706515 606.9462967540338
13 2 8 13.494214179327372 20.066939702021244 270.7875822627225
14 0 5 0.0 5.0 0.0
15 2 26 13.494214179327372 109.8359986590007 1482.1504905048694
16 0 100 0.0 0.0 0.0
17 0 5 0.0 5.0 0.0
18 0 100 0.0 0.0 0.0
19 0 100 0.0 0.0 0.0
20 1 21 1.0 46.33316012586883 46.33316012586883
21 0 8 0.0 8.0 0.0
22 0 6 0.0 6.0 0.0
23 0 5 0.0 5.0 0.0
24 0 5 0.0 5.0 0.0
25 2 17 13.494214179327372 59.51335422080222 803.0859483856818
26 3 44 57.02181064673912 406.27351121486885 23166.451227280093
27 0 9 0.0 9.0 0.0
28 1 39 1.0 101.06849300292524 101.06849300292524
29 0 10 0.0 10.0 0.0
30 0 7 0.0 7.0 0.0
31 0 100 0.0 0.0 0.0
32 4 31 151.22372397683895 354.97079584466536 53680.00565065253
33 0 5 0.0 5.0 0.0
34 2 47 13.494214179327372 257.9778488812911 3481.2083463262925
35 0 100 0.0 0.0 0.0
36 2 26 13.494214179327372 109.8359986590007 1482.1504905048694
37 0 100 0.0 0.0 0.0
38 1 7 1.0 11.607984241186918 11.607984241186918
39 0 5 0.0 5.0 0.0
40 0 100 0.0 0.0 0.0
41 0 5 0.0 5.0 0.0
42 0 100 0.0 0.0 0.0
43 0 100 0.0 0.0 0.0
44 0 100 0.0 0.0 0.0
45 0 100 0.0 0.0 0.0
46 0 5 0.0 5.0 0.0
47 0 6 0.0 6.0 0.0
48 0 100 0.0 0.0 0.0
49 1 9 1.0 15.931997307697284 15.931997307697284
50 2 43 13.494214179327372 226.91812071099523 3062.081722044632
51 0 5 0.0 5.0 0.0
52 1 20 1.0 43.57075425423803 43.57075425423803
53 0 5 0.0 5.0 0.0
54 0 100 0.0 0.0 0.0
55 0 5 0.0 5.0 0.0
56 0 100 0.0 0.0 0.0
57 1 20 1.0 43.57075425423803 43.57075425423803
58 0 100 0.0 0.0 0.0
59 0 11 0.0 11.0 0.0
60 1 103 1.0 3.9914906122521803 3.9914906122521803
61 0 100 0.0 0.0 0.0
62 0 100 0.0 0.0 0.0
63 0 100 0.0 0.0 0.0
64 0 100 0.0 0.0 0.0
65 2 9 13.494214179327372 23.78240930402918 320.92492484899776
66 2 5 13.494214179327372 10.188005914414083 137.47913386935764
67 0 100 0.0 0.0 0.0
68 1 12 1.0 22.891970023971037 22.891970023971037
69 0 5 0.0 5.0 0.0
70 0 100 0.0 0.0 0.0
71 0 100 0.0 0.0 0.0
72 4 32 151.22372397683895 374.7746947170294 56674.82498739214
73 0 9 0.0 9.0 0.0
74 1 11 1.0 20.51504931294799 20.51504931294799
75 0 6 0.0 6.0 0.0
76 0 100 0.0 0.0 0.0
77 3 37 57.02181064673912 308.57807572808247 17595.680603901845
78 2 13 13.494214179327372 40.41888428935346 545.4210814899858
79 5 62 312.35291035940236 1807.1402103142602 564465.5041191616
80 1 6 1.0 9.55892689827884 9.55892689827884
81 3 17 57.02181064673912 89.78750677036001 5119.846209502275
82 2 8 13.494214179327372 20.066939702021244 270.7875822627225
83 0 100 0.0 0.0 0.0
84 1 18 1.0 38.15436697768484 38.15436697768484
85 3 43 57.02181064673912 391.71440685113555 22336.26473506518
86 2 15 13.494214179327372 49.68406405407534 670.4474016451129
87 0 5 0.0 5.0 0.0
88 4 54 151.22372397683895 916.9626779842689 138666.51091255614
89 0 100 0.0 0.0 0.0
90 0 11 0.0 11.0 0.0
91 2 20 13.494214179327372 75.23327232919837 1015.2138902218663
92 0 100 0.0 0.0 0.0
93 1 9 1.0 15.931997307697284 15.931997307697284
94 0 100 0.0 0.0 0.0
95 0 7 0.0 7.0 0.0
96 0 8 0.0 8.0 0.0
97 5 76 312.35291035940236 2616.164871066153 817166.7114575435
98 1 11 1.0 20.51504931294799 20.51504931294799
99 0 100 0.0 0.0 0.0
100 0 100 0.0 0.0 0.0
101 3 36 57.02181064673912 295.444715883087 16846.792645665024
102 0 5 0.0 5.0 0.0
103 1 20 1.0 43.57075425423803 43.57075425423803
104 4 51 151.22372397683895 831.5797944458234 125754.59329999167
105 5 60 312.35291035940236 1702.6102917613564 531815.2798395308
106 0 100 0.0 0.0 0.0
107 1 101 1.0 1.0 1.0
108 4 44 151.22372397683895 646.0476428878335 97697.73042395715
109 0 100 0.0 0.0 0.0
110 1 19 1.0 40.84402933782601 40.84402933782601
111 2 26 13.494214179327372 109.8359986590007 1482.1504905048694
112 1 109 1.0 15.931997307697284 15.931997307697284
113 5 73 312.35291035940236 2431.5451615879456 759500.2078923181
114 1 107 1.0 11.607984241186918 11.607984241186918
115 0 8 0.0 8.0 0.0
116 1 10 1.0 18.1937008646705 18.1937008646705
117 1 20 1.0 43.57075425423803 43.57075425423803
118 1 20 1.0 43.57075425423803 43.57075425423803
119 2 24 13.494214179327372 97.86086952638261 1320.555533164218
120 5 34 312.35291035940236 606.571327772905 189464.31957043384
121 0 6 0.0 6.0 0.0
122 2 128 13.494214179327372 122.22584512913716 1649.341732421874
123 1 13 1.0 25.320989780782124 25.320989780782124
124 1 11 1.0 20.51504931294799 20.51504931294799
125 0 100 0.0 0.0 0.0
126 0 100 0.0 0.0 0.0
127 0 9 0.0 9.0 0.0
128 5 38 312.35291035940236 742.4330654268088 231901.1287331163
129 2 25 13.494214179327372 103.79546451213633 1400.6382289695412
130 1 10 1.0 18.1937008646705 18.1937008646705
131 0 100 0.0 0.0 0.0
132 2 29 13.494214179327372 128.5709592386038 1734.9640612072888
133 2 27 13.494214179327372 115.98017876588344 1565.0613728235076
134 4 64 151.22372397683895 1226.095534977771 185414.73275071313
135 2 15 13.494214179327372 49.68406405407534 670.4474016451129
136 3 19 57.02181064673912 107.12598084817145 6108.517395270634
137 1 22 1.0 49.12998068819353 49.12998068819353
138 0 10 0.0 10.0 0.0
139 5 41 312.35291035940236 852.3594055446428 266236.9409940793
140 0 100 0.0 0.0 0.0
141 4 25 151.22372397683895 245.72185754407212 37158.974360320906
142 2 10 13.494214179327372 27.685321443873434 373.59165718715303
143 6 65 552.5626438069447 2937.504168606418 1623155.0695990834
144 0 7 0.0 7.0 0.0
145 1 105 1.0 7.59708563275366 7.59708563275366
146 2 39 13.494214179327372 197.11162840858907 2659.8665309814905
147 1 13 1.0 25.320989780782124 25.320989780782124
148 0 100 0.0 0.0 0.0
149 0 7 0.0 7.0 0.0
150 0 100 0.0 0.0 0.0
151 0 100 0.0 0.0 0.0
152 5 75 312.35291035940236 2553.9502583266267 797733.7961014693
153 2 18 13.494214179327372 64.62733255388774 872.0950673207774
154 2 25 13.494214179327372 103.79546451213633 1400.6382289695412
155 5 55 312.35291035940236 1453.6132803589628 454040.3386571999
156 4 65 151.22372397683895 1259.0362466163215 190396.14983514193
157 6 77 552.5626438069447 4061.8785529685815 2244442.352051046
158 1 12 1.0 22.891970023971037 22.891970023971037
159 2 29 13.494214179327372 128.5709592386038 1734.9640612072888
160 3 41 57.02181064673912 363.1907597716439 20709.794732343995
161 3 32 57.02181064673912 245.06238675558936 13973.901014215166
162 7 75 880.1589317377488 5625.0 4950893.991024837
163 2 16 13.494214179327372 54.53075711894446 735.8497159239173
164 2 23 13.494214179327372 92.0346545141889 1241.9353399348638
165 2 16 13.494214179327372 54.53075711894446 735.8497159239173
166 1 24 1.0 54.8222930413608 54.8222930413608
167 2 23 13.494214179327372 92.0346545141889 1241.9353399348638
168 6 65 552.5626438069447 2937.504168606418 1623155.0695990834
169 2 29 13.494214179327372 128.5709592386038 1734.9640612072888
170 2 15 13.494214179327372 49.68406405407534 670.4474016451129
171 2 21 13.494214179327372 80.71796600694597 1089.2255214173952
172 5 35 312.35291035940236 639.3782227857067 199711.64870753785
173 3 45 57.02181064673912 421.0282951259743 24007.7957215927
174 1 16 1.0 32.892441635375256 32.892441635375256
175 3 34 57.02181064673912 269.81820202916316 15385.522425150542
176 2 17 13.494214179327372 59.51335422080222 803.0859483856818
177 1 17 1.0 35.503281577765854 35.503281577765854
178 1 32 1.0 78.7716859795011 78.7716859795011
179 1 17 1.0 35.503281577765854 35.503281577765854
180 0 6 0.0 6.0 0.0
181 5 44 312.35291035940236 969.0623078155637 302689.43216579035
182 3 28 57.02181064673912 198.25318874016915 11304.755788454157
183 1 108 1.0 13.734791927877684 13.734791927877684
184 2 32 13.494214179327372 148.1842032776824 1999.6293770220316
185 2 39 13.494214179327372 197.11162840858907 2659.8665309814905
186 2 10 13.494214179327372 27.685321443873434 373.59165718715303
187 3 67 57.02181064673912 791.9778998728451 45160.013842951485
188 3 39 57.02181064673912 335.47304520277595 19129.280460637645
189 4 48 151.22372397683895 749.6906189831174 113371.00723312848
190 4 91 151.22372397683895 2238.2761103848434 338480.4487007903
191 5 42 312.35291035940236 890.5118703159138 278153.97440277034
192 2 47 13.494214179327372 257.9778488812911 3481.2083463262925
193 6 68 552.5626438069447 3202.3105181925803 1769477.1662232792
194 0 100 0.0 0.0 0.0
195 3 30 57.02181064673912 221.1993434691573 12613.187078481296
196 2 30 13.494214179327372 135.01359299654277 1821.9023410158823
197 5 55 312.35291035940236 1453.6132803589628 454040.3386571999
198 0 5 0.0 5.0 0.0
199 2 14 13.494214179327372 44.97826169706515 606.9462967540338
