0 0 6 0.0 6.0 0.0
1 0 100 0.0 0.0 0.0
2 4 33 151.22372397683895 395.0229353848392 59736.83934515761
3 0 100 0.0 0.0 0.0
4 0 10 0.0 10.0 0.0
5 0 6 0.0 6.0 0.0
6 0 100 0.0 0.0 0.0
7 0 100 0.0 0.0 0.0
8 0 6 0.0 6.0 0.0
9 0 6 0.0 6.0 0.0
10 2 12 13.494214179327372 36.01211998010309 485.95526006314566
11 1 19 1.0 40.84402933782601 40.84402933782601
12 0 100 0.0 0.0 0.0
13 1 25 1.0 57.71571011139208 57.71571011139208
14 1 102 1.0 2.3948263510722025 2.3948263510722025
15 0 10 0.0 10.0 0.0
16 0 6 0.0 6.0 0.0
17 1 106 1.0 9.55892689827884 9.55892689827884
18 0 6 0.0 6.0 0.0
19 4 160 151.22372397683895 1097.9836363389938 166041.17435281392
20 0 5 0.0 5.0 0.0
21 0 100 0.0 0.0 0.0
22 0 100 0.0 0.0 0.0
23 14 297 5763.781188419757 1254127.849990706 7228518509.649746
24 7 193 880.1589317377488 37249.0 32785040.048299406
25 2 16 13.494214179327372 54.53075711894446 735.8497159239173
26 0 100 0.0 0.0 0.0
27 0 100 0.0 0.0 0.0
28 0 100 0.0 0.0 0.0
29 0 100 0.0 0.0 0.0
30 1 14 1.0 27.799106543625292 27.799106543625292
31 5 145 312.35291035940236 1009.4539298642129 315305.87286682293
32 1 23 1.0 51.960050539976365 51.960050539976365
33 0 100 0.0 0.0 0.0
34 0 6 0.0 6.0 0.0
35 0 100 0.0 0.0 0.0
36 2 63 13.494214179327372 393.6390130800606 5311.849151841387
37 0 9 0.0 9.0 0.0
38 0 7 0.0 7.0 0.0
39 0 5 0.0 5.0 0.0
40 0 100 0.0 0.0 0.0
41 0 100 0.0 0.0 0.0
42 0 10 0.0 10.0 0.0
43 0 5 0.0 5.0 0.0
44 4 99 151.22372397683895 2585.1644858987506 390938.20065027947
45 0 100 0.0 0.0 0.0
46 4 36 151.22372397683895 458.3949685466225 69320.19419586622
47 0 6 0.0 6.0 0.0
48 1 26 1.0 60.63937356224698 60.63937356224698
49 0 100 0.0 0.0 0.0
50 0 5 0.0 5.0 0.0
51 0 100 0.0 0.0 0.0
52 0 100 0.0 0.0 0.0
53 4 87 151.22372397683895 2072.675291085697 313437.6761127578
54 0 6 0.0 6.0 0.0
55 1 30 1.0 72.61998620345668 72.61998620345668
56 1 109 1.0 15.931997307697284 15.931997307697284
57 0 100 0.0 0.0 0.0
58 4 154 151.22372397683895 916.9626779842689 138666.51091255614
59 2 110 13.494214179327372 27.685321443873434 373.59165718715303
60 1 11 1.0 20.51504931294799 20.51504931294799
61 16 238 7916.453847805617 1290769.1543151694 10218314438.307125
62 0 100 0.0 0.0 0.0
63 1 100 1.0 0.0 0.0
64 0 5 0.0 5.0 0.0
65 1 29 1.0 69.58346013935528 69.58346013935528
66 0 100 0.0 0.0 0.0
67 0 100 0.0 0.0 0.0
68 1 20 1.0 43.57075425423803 43.57075425423803
69 17 191 9095.850952291546 950601.6572995561 8646530989.79809
70 0 6 0.0 6.0 0.0
71 0 5 0.0 5.0 0.0
72 1 109 1.0 15.931997307697284 15.931997307697284
73 1 10 1.0 18.1937008646705 18.1937008646705
74 1 21 1.0 46.33316012586883 46.33316012586883
75 1 100 1.0 0.0 0.0
76 0 10 0.0 10.0 0.0
77 17 390 9095.850952291546 6173198.908189871 56150497167.74397
78 1 6 1.0 9.55892689827884 9.55892689827884
79 1 104 1.0 5.735193251789799 5.735193251789799
80 0 6 0.0 6.0 0.0
81 1 12 1.0 22.891970023971037 22.891970023971037
82 1 7 1.0 11.607984241186918 11.607984241186918
83 2 113 13.494214179327372 40.41888428935346 545.4210814899858
84 0 6 0.0 6.0 0.0
85 0 100 0.0 0.0 0.0
86 1 10 1.0 18.1937008646705 18.1937008646705
87 1 5 1.0 7.59708563275366 7.59708563275366
88 1 12 1.0 22.891970023971037 22.891970023971037
89 0 100 0.0 0.0 0.0
90 1 10 1.0 18.1937008646705 18.1937008646705
91 0 100 0.0 0.0 0.0
92 0 100 0.0 0.0 0.0
93 1 10 1.0 18.1937008646705 18.1937008646705
94 0 100 0.0 0.0 0.0
95 0 100 0.0 0.0 0.0
96 0 6 0.0 6.0 0.0
97 1 29 1.0 69.58346013935528 69.58346013935528
98 10 157 2424.408141701412 76495.71491932069 185456834.05567124
99 0 6 0.0 6.0 0.0
100 7 52 880.1589317377488 2704.0 2379949.7514188727
101 19 302 11633.622691025432 5392306.072990233 62732054287.69341
102 1 9 1.0 15.931997307697284 15.931997307697284
103 11 153 3127.3197986346404 100391.00291225547 313954771.0122844
104 1 13 1.0 25.320989780782124 25.320989780782124
105 0 100 0.0 0.0 0.0
106 5 213 312.35291035940236 5378.870870117234 1680105.970728529
107 0 100 0.0 0.0 0.0
108 0 6 0.0 6.0 0.0
109 4 63 151.22372397683895 1193.5182370479756 180488.2724406665
110 1 103 1.0 3.9914906122521803 3.9914906122521803
111 3 53 57.02181064673912 545.90532331836 31128.509977306425
112 3 121 57.02181064673912 125.57185196799401 7160.33436547931
113 0 100 0.0 0.0 0.0
114 0 100 0.0 0.0 0.0
115 0 100 0.0 0.0 0.0
116 1 103 1.0 3.9914906122521803 3.9914906122521803
117 1 19 1.0 40.84402933782601 40.84402933782601
118 14 204 5763.781188419757 496635.5526186232 2862498655.683671
119 18 285 10336.717591947081 3552319.924994193 36719327860.91161
120 7 193 880.1589317377488 8649.0 7612494.60059979
121 3 42 57.02181064673912 377.3528472077043 21517.342600485594
122 1 19 1.0 40.84402933782601 40.84402933782601
123 3 43 57.02181064673912 391.71440685113555 22336.26473506518
124 0 100 0.0 0.0 0.0
125 1 15 1.0 30.323695983612147 30.323695983612147
126 4 63 151.22372397683895 1193.5182370479756 180488.2724406665
127 2 113 13.494214179327372 40.41888428935346 545.4210814899858
128 0 100 0.0 0.0 0.0
129 0 100 0.0 0.0 0.0
130 1 104 1.0 5.735193251789799 5.735193251789799
131 2 7 13.494214179327372 16.551687764173284 223.3520197191065
132 0 100 0.0 0.0 0.0
133 5 85 312.35291035940236 3206.1723328082135 1001457.2592664398
134 0 100 0.0 0.0 0.0
135 1 108 1.0 13.734791927877684 13.734791927877684
136 5 150 312.35291035940236 1222.4564081968258 381837.8168877801
137 0 100 0.0 0.0 0.0
138 10 135 2424.408141701412 54678.91489606342 132564006.45341478
139 3 93 57.02181064673912 1332.8212345645688 75999.88006329391
140 8 159 1300.1508247099457 37939.40769100099 49326952.19846179
141 1 30 1.0 72.61998620345668 72.61998620345668
142 6 140 552.5626438069447 1160.4609052104954 641227.3458177117
143 13 151 4801.088521889328 178502.55358571856 857006561.1483281
144 4 161 151.22372397683895 1129.4605717070829 170801.2337385546
145 6 123 552.5626438069447 9950.49433314188 5498271.455906899
146 0 100 0.0 0.0 0.0
147 0 100 0.0 0.0 0.0
148 0 100 0.0 0.0 0.0
149 16 237 7916.453847805617 1276870.062281328 10108282917.694818
150 14 222 5763.781188419757 611792.3416496987 3526237190.0198064
151 4 151 151.22372397683895 831.5797944458234 125754.59329999167
152 2 16 13.494214179327372 54.53075711894446 735.8497159239173
153 1 11 1.0 20.51504931294799 20.51504931294799
154 2 25 13.494214179327372 103.79546451213633 1400.6382289695412
155 0 100 0.0 0.0 0.0
156 13 231 4801.088521889328 497325.9591017296 2387705953.8809156
157 5 41 312.35291035940236 852.3594055446428 266236.9409940793
158 1 63 1.0 184.93837367838248 184.93837367838248
159 17 194 9095.850952291546 990231.4040660396 9006997259.663082
160 1 20 1.0 43.57075425423803 43.57075425423803
161 4 32 151.22372397683895 374.7746947170294 56674.82498739214
162 5 152 312.35291035940236 1312.7590262571498 410044.10245199583
163 9 115 1814.8473014962385 27519.39696484649 49943503.32045543
164 1 30 1.0 72.61998620345668 72.61998620345668
165 9 164 1814.8473014962385 59120.271421214304 107294265.05251597
166 16 205 7916.453847805617 879366.9620197421 6961467970.114324
167 3 142 57.02181064673912 377.3528472077043 21517.342600485594
168 2 28 13.494214179327372 122.22584512913716 1649.341732421874
169 14 299 5763.781188419757 467153.07741970307 2692568119.744083
170 1 15 1.0 30.323695983612147 30.323695983612147
171 7 193 880.1589317377488 8649.0 7612494.60059979
172 5 93 312.35291035940236 3775.468945982596 1179278.713249209
173 14 198 5763.781188419757 461384.9487595967 2659321888.2805767
174 18 294 10336.717591947081 3859598.119143505 39895575775.99654
175 12 215 3920.792982031498 305030.63425581815 1195961970.0948284
176 1 12 1.0 22.891970023971037 22.891970023971037
177 16 281 7916.453847805617 1978397.1662811837 15661889859.494408
178 17 267 9095.850952291546 2286959.6709464476 20801844300.83061
179 21 323 14374.256054893494 10737029.74267018 154336814790.14838
180 3 64 57.02181064673912 736.4308795040106 41992.62216548924
181 8 81 1300.1508247099457 9328.435527658881 12128373.144539252
182 2 21 13.494214179327372 80.71796600694597 1089.2255214173952
183 14 155 5763.781188419757 252244.95028603496 1453884699.3325253
184 2 43 13.494214179327372 226.91812071099523 3062.081722044632
185 4 149 151.22372397683895 776.5950928818146 117439.60196772714
186 7 177 880.1589317377488 5929.0 5218462.306273113
187 1 106 1.0 9.55892689827884 9.55892689827884
188 12 143 3920.792982031498 116927.42578684344 458448230.43206453
189 15 204 6803.971395961631 660546.4012777472 4494338819.999186
190 2 24 13.494214179327372 97.86086952638261 1320.555533164218
191 4 110 151.22372397683895 3095.5112687915 468114.7416789203
192 8 239 1300.1508247099457 28684.707028409903 37294445.49955031
193 2 37 13.494214179327372 182.69988024795316 2465.3913146033424
194 13 194 4801.088521889328 326533.42327590974 1567715870.5031998
195 19 283 11633.622691025432 4520352.396124986 52588074206.99082
196 4 74 151.22372397683895 1571.597319835911 237662.7992976057
197 18 221 10336.717591947081 1802105.484326511 18627855462.38216
198 4 166 151.22372397683895 1292.338741426653 195432.27711807963
199 18 231 10336.717591947081 2027991.377158349 20962774144.58969
