0 1 9 1.0 15.931997307697284 15.931997307697284
1 0 6 0.0 6.0 0.0
2 0 100 0.0 0.0 0.0
3 1 6 1.0 9.55892689827884 9.55892689827884
4 0 100 0.0 0.0 0.0
5 0 100 0.0 0.0 0.0
6 1 9 1.0 15.931997307697284 15.931997307697284
7 0 100 0.0 0.0 0.0
8 0 10 0.0 10.0 0.0
9 3 11 57.02181064673912 44.98915580191157 2565.363123293246
10 0 100 0.0 0.0 0.0
11 1 102 1.0 2.3948263510722025 2.3948263510722025
12 0 100 0.0 0.0 0.0
13 0 100 0.0 0.0 0.0
14 0 7 0.0 7.0 0.0
15 0 6 0.0 6.0 0.0
16 0 100 0.0 0.0 0.0
17 0 5 0.0 5.0 0.0
18 7 207 880.1589317377488 11449.0 10076939.609465487
19 1 102 1.0 2.3948263510722025 2.3948263510722025
20 0 10 0.0 10.0 0.0
21 0 100 0.0 0.0 0.0
22 0 9 0.0 9.0 0.0
23 2 8 13.494214179327372 20.066939702021244 270.7875822627225
24 0 100 0.0 0.0 0.0
25 1 105 1.0 7.59708563275366 7.59708563275366
26 0 100 0.0 0.0 0.0
27 0 100 0.0 0.0 0.0
28 0 6 0.0 6.0 0.0
29 2 30 13.494214179327372 135.01359299654277 1821.9023410158823
30 18 282 10336.717591947081 3453414.915497477 35696974709.315216
31 0 100 0.0 0.0 0.0
32 0 100 0.0 0.0 0.0
33 4 154 151.22372397683895 916.9626779842689 138666.51091255614
34 5 169 312.35291035940236 2194.8788310889477 685576.7907768759
35 1 10 1.0 18.1937008646705 18.1937008646705
36 0 100 0.0 0.0 0.0
37 3 126 57.02181064673912 176.25042831919396 10050.118550023744
38 0 100 0.0 0.0 0.0
39 0 100 0.0 0.0 0.0
40 0 100 0.0 0.0 0.0
41 24 448 18776.370315488246 56543663.315505825 1061684761406.2252
42 0 100 0.0 0.0 0.0
43 0 5 0.0 5.0 0.0
44 0 7 0.0 7.0 0.0
45 3 31 57.02181064673912 233.0178128969552 13287.097604327464
46 3 32 57.02181064673912 245.06238675558936 13973.901014215166
47 0 5 0.0 5.0 0.0
48 0 5 0.0 5.0 0.0
49 11 163 3127.3197986346404 116050.04572860713 362925605.63952845
50 1 105 1.0 7.59708563275366 7.59708563275366
51 1 117 1.0 35.503281577765854 35.503281577765854
52 7 135 880.1589317377488 18225.0 16040896.530920472
53 0 5 0.0 5.0 0.0
54 0 5 0.0 5.0 0.0
55 0 100 0.0 0.0 0.0
56 0 6 0.0 6.0 0.0
57 0 100 0.0 0.0 0.0
58 12 153 3920.792982031498 137069.4730724767 537421028.073322
59 0 100 0.0 0.0 0.0
60 0 100 0.0 0.0 0.0
61 0 100 0.0 0.0 0.0
62 7 219 880.1589317377488 14161.0 12463930.632338261
63 2 118 13.494214179327372 64.62733255388774 872.0950673207774
64 1 102 1.0 2.3948263510722025 2.3948263510722025
65 0 100 0.0 0.0 0.0
66 0 100 0.0 0.0 0.0
67 1 8 1.0 13.734791927877684 13.734791927877684
68 1 21 1.0 46.33316012586883 46.33316012586883
69 0 100 0.0 0.0 0.0
70 0 100 0.0 0.0 0.0
71 0 100 0.0 0.0 0.0
72 3 71 57.02181064673912 868.3392862126454 49514.278355542076
73 1 109 1.0 15.931997307697284 15.931997307697284
74 0 6 0.0 6.0 0.0
75 0 100 0.0 0.0 0.0
76 17 264 9095.850952291546 2220228.3892946313 20194866509.070297
77 0 100 0.0 0.0 0.0
78 28 419 24997.705637318726 113834069.87028728 2845590570115.414
79 0 100 0.0 0.0 0.0
80 0 5 0.0 5.0 0.0
81 1 19 1.0 40.84402933782601 40.84402933782601
82 0 6 0.0 6.0 0.0
83 0 100 0.0 0.0 0.0
84 0 100 0.0 0.0 0.0
85 0 5 0.0 5.0 0.0
86 0 100 0.0 0.0 0.0
87 0 100 0.0 0.0 0.0
88 16 309 7916.453847805617 2525715.3266363554 19994708816.011997
89 0 100 0.0 0.0 0.0
90 3 128 57.02181064673912 198.25318874016915 11304.755788454157
91 0 100 0.0 0.0 0.0
92 0 100 0.0 0.0 0.0
93 0 19 0.0 19.0 0.0
94 0 100 0.0 0.0 0.0
95 2 123 13.494214179327372 92.0346545141889 1241.9353399348638
96 0 5 0.0 5.0 0.0
97 1 9 1.0 15.931997307697284 15.931997307697284
98 0 5 0.0 5.0 0.0
99 10 141 2424.408141701412 60231.061452958435 146024675.76987052
100 1 44 1.0 117.65777237975428 117.65777237975428
101 0 100 0.0 0.0 0.0
102 0 100 0.0 0.0 0.0
103 0 100 0.0 0.0 0.0
104 4 160 151.22372397683895 1097.9836363389938 166041.17435281392
105 11 178 3127.3197986346404 141963.15962971188 443964199.78672785
106 17 331 9095.850952291546 4016220.324193155 36530941460.42497
107 3 140 57.02181064673912 349.23013798641597 19913.734800395985
108 0 100 0.0 0.0 0.0
109 25 415 20302.483562333644 57010807.63448093 1157460984874.4146
110 13 223 4801.088521889328 456823.8815468923 2193251894.2197146
111 0 100 0.0 0.0 0.0
112 4 64 151.22372397683895 1226.095534977771 185414.73275071313
113 12 299 3920.792982031498 254315.5879600347 997118772.4949182
114 0 100 0.0 0.0 0.0
115 15 278 6803.971395961631 1440810.8508489362 9803235816.167301
116 3 136 57.02181064673912 295.444715883087 16846.792645665024
117 5 158 312.35291035940236 1600.889370701534 500042.45410205633
118 22 427 15807.685316481819 30240361.37131213 478030116414.3948
119 24 421 18776.370315488246 47146276.43575825 885235945354.1742
120 0 100 0.0 0.0 0.0
121 0 100 0.0 0.0 0.0
122 10 207 2424.408141701412 141472.4708480404 342987010.15060484
123 3 44 57.02181064673912 406.27351121486885 23166.451227280093
124 0 100 0.0 0.0 0.0
125 3 31 57.02181064673912 233.0178128969552 13287.097604327464
126 11 268 3127.3197986346404 362277.1671818765 1132956557.521154
127 4 49 151.22372397683895 776.5950928818146 117439.60196772714
128 5 51 312.35291035940236 1267.2460047423704 395827.9777226044
129 17 347 9095.850952291546 4545133.140384253 41341853603.255974
130 1 117 1.0 35.503281577765854 35.503281577765854
131 3 37 57.02181064673912 308.57807572808247 17595.680603901845
132 20 334 12981.212045421978 9179629.27581257 119162714127.68637
133 0 100 0.0 0.0 0.0
134 3 41 57.02181064673912 363.1907597716439 20709.794732343995
135 11 166 3127.3197986346404 120998.14068012842 378399880.9469451
136 7 95 880.1589317377488 9025.0 7943434.358933183
137 0 100 0.0 0.0 0.0
138 16 219 7916.453847805617 1042175.5170884337 8250334382.34354
139 12 378 3920.792982031498 558171.0490860442 2188473132.029721
140 9 125 1814.8473014962385 32934.84879335048 59771721.457798764
141 16 305 7916.453847805617 2442499.2699785414 19335932744.084034
142 8 209 1300.1508247099457 17298.876533787272 22491148.591959048
143 9 288 1814.8473014962385 79345.91287443922 144000715.86493167
144 5 43 312.35291035940236 929.4139107485241 290305.13995081536
145 0 100 0.0 0.0 0.0
146 10 316 2424.408141701412 155517.2846853203 377037371.1663869
147 16 267 7916.453847805617 1734777.320814899 13733284596.451027
148 20 281 12981.212045421978 5698952.888950243 73979315888.33327
149 15 280 6803.971395961631 1467073.3641547246 9981925205.485949
150 10 103 2424.408141701412 29957.799739783 72629933.59659036
151 15 261 6803.971395961631 1229001.7193264086 8362092543.884549
152 9 234 1814.8473014962385 38256.77589826959 69430206.5029209
153 17 331 9095.850952291546 4016220.324193155 36530941460.42497
154 19 323 11633.622691025432 6471776.791012687 75290209327.17694
155 7 142 880.1589317377488 20164.0 17747524.699559968
156 13 213 4801.088521889328 409002.6193028316 1963657780.9574952
157 20 343 12981.212045421978 9878346.18847437 128232906530.67178
158 14 274 5763.781188419757 1028039.6669067617 5925395693.066506
159 21 300 14374.256054893494 8729536.446459826 125480592121.9386
160 15 215 6803.971395961631 754009.1679551424 5130256811.059619
161 16 242 7916.453847805617 1347288.3860441179 10665746327.802776
162 8 196 1300.1508247099457 13282.821141836259 17269670.862033114
163 24 423 18776.370315488246 47804174.25246587 897588878390.4276
164 16 388 7916.453847805617 4535397.510430913 35904265072.778824
165 10 151 2424.408141701412 70145.74766118835 170061921.73551783
166 9 111 1814.8473014962385 25498.508505617654 46275899.35359909
167 13 203 4801.088521889328 364245.1060790388 1748772997.950434
168 12 141 3920.792982031498 113118.45143365419 443514030.5193422
169 1 111 1.0 20.51504931294799 20.51504931294799
170 16 299 7916.453847805617 2320853.6274755825 18372930629.4227
171 13 254 4801.088521889328 625160.2824792424 3001449856.552181
172 22 371 15807.685316481819 20274848.627683878 320498426945.73
173 10 170 2424.408141701412 91300.67622451171 221350102.78155077
174 1 26 1.0 60.63937356224698 60.63937356224698
175 13 328 4801.088521889328 481901.6695597634 2313652574.4026837
176 13 172 4801.088521889328 244310.19630067714 1172954879.2397096
177 16 195 7916.453847805617 773256.9607788421 6121453042.500142
178 17 347 9095.850952291546 4545133.140384253 41341853603.255974
179 7 254 880.1589317377488 23716.0 20873849.225092452
180 13 401 4801.088521889328 941234.5610695357 4518950447.556488
181 21 333 14374.256054893494 11694669.468599379 168102173418.9927
182 9 145 1814.8473014962385 45344.665438633376 82293643.70855354
183 14 215 5763.781188419757 565311.5939489864 3258332330.798756
184 18 237 10336.717591947081 2171612.8448398258 22447348696.154076
185 10 281 2424.408141701412 104962.02514306911 254470788.3263251
186 11 209 3127.3197986346404 205026.02748631078 641181954.9933497
187 14 320 5763.781188419757 598289.1109657976 3448407523.0210447
188 18 323 10336.717591947081 4960896.285159671 51279383902.634895
189 9 240 1814.8473014962385 42042.90237411894 76301447.92073955
190 11 276 3127.3197986346404 138337.73648198933 432626342.1984268
191 19 404 11633.622691025432 5489790.8007965 63866154829.128845
192 20 391 12981.212045421978 14178135.593302423 184049384545.4035
193 11 144 3127.3197986346404 87380.91148351728 273268054.5051446
194 9 268 1814.8473014962385 62270.66628220907 113011750.66463995
195 26 438 21850.715853258855 84027672.0 1836064784682.8352
196 11 287 3127.3197986346404 423784.2649788227 1325308922.218101
197 12 142 3920.792982031498 115013.87668397884 450945600.5387804
198 12 309 3920.792982031498 285391.11164615024 1118959467.6763935
199 20 399 12981.212045421978 14992946.939778935 194626623411.0309
