0 2 18 13.494214179327372 64.62733255388774 872.0950673207774
1 0 100 0.0 0.0 0.0
2 0 100 0.0 0.0 0.0
3 0 100 0.0 0.0 0.0
4 0 100 0.0 0.0 0.0
5 0 100 0.0 0.0 0.0
6 0 100 0.0 0.0 0.0
7 0 100 0.0 0.0 0.0
8 10 154 2424.408141701412 73282.88036813155 177667611.8118287
9 0 100 0.0 0.0 0.0
10 1 11 1.0 20.51504931294799 20.51504931294799
11 0 100 0.0 0.0 0.0
12 0 6 0.0 6.0 0.0
13 1 5 1.0 7.59708563275366 7.59708563275366
14 1 14 1.0 27.799106543625292 27.799106543625292
15 0 6 0.0 6.0 0.0
16 14 291 5763.781188419757 1192566.592649721 6873692892.652309
17 0 100 0.0 0.0 0.0
18 14 262 5763.781188419757 920542.5000537641 5305805544.950779
19 0 100 0.0 0.0 0.0
20 0 100 0.0 0.0 0.0
21 0 6 0.0 6.0 0.0
22 0 100 0.0 0.0 0.0
23 0 9 0.0 9.0 0.0
24 0 100 0.0 0.0 0.0
25 1 17 1.0 35.503281577765854 35.503281577765854
26 0 8 0.0 8.0 0.0
27 0 100 0.0 0.0 0.0
28 0 100 0.0 0.0 0.0
29 20 308 12981.212045421978 7340450.864034526 95287949175.03316
30 0 5 0.0 5.0 0.0
31 0 100 0.0 0.0 0.0
32 2 32 13.494214179327372 148.1842032776824 1999.6293770220316
33 0 100 0.0 0.0 0.0
34 0 100 0.0 0.0 0.0
35 0 12 0.0 12.0 0.0
36 0 100 0.0 0.0 0.0
37 0 100 0.0 0.0 0.0
38 2 42 13.494214179327372 219.34644070399202 2959.9078503327996
39 0 100 0.0 0.0 0.0
40 0 100 0.0 0.0 0.0
41 0 100 0.0 0.0 0.0
42 0 6 0.0 6.0 0.0
43 0 100 0.0 0.0 0.0
44 0 100 0.0 0.0 0.0
45 0 5 0.0 5.0 0.0
46 8 174 1300.1508247099457 45764.660622089395 59500961.25038031
47 0 100 0.0 0.0 0.0
48 0 6 0.0 6.0 0.0
49 0 6 0.0 6.0 0.0
50 0 8 0.0 8.0 0.0
51 0 100 0.0 0.0 0.0
52 0 100 0.0 0.0 0.0
53 0 100 0.0 0.0 0.0
54 0 10 0.0 10.0 0.0
55 0 9 0.0 9.0 0.0
56 2 28 13.494214179327372 122.22584512913716 1649.341732421874
57 0 100 0.0 0.0 0.0
58 0 5 0.0 5.0 0.0
59 0 100 0.0 0.0 0.0
60 1 8 1.0 13.734791927877684 13.734791927877684
61 0 5 0.0 5.0 0.0
62 0 100 0.0 0.0 0.0
63 0 100 0.0 0.0 0.0
64 2 108 13.494214179327372 20.066939702021244 270.7875822627225
65 0 100 0.0 0.0 0.0
66 1 8 1.0 13.734791927877684 13.734791927877684
67 0 11 0.0 11.0 0.0
68 15 159 6803.971395961631 352511.3885147013 2398477404.204745
69 0 100 0.0 0.0 0.0
70 17 346 9095.850952291546 1845111.4590874605 16782858822.224722
71 0 100 0.0 0.0 0.0
72 1 11 1.0 20.51504931294799 20.51504931294799
73 1 103 1.0 3.9914906122521803 3.9914906122521803
74 2 121 13.494214179327372 80.71796600694597 1089.2255214173952
75 0 100 0.0 0.0 0.0
76 0 100 0.0 0.0 0.0
77 1 5 1.0 7.59708563275366 7.59708563275366
78 0 100 0.0 0.0 0.0
79 0 100 0.0 0.0 0.0
80 0 100 0.0 0.0 0.0
81 10 146 2424.408141701412 65084.513101468925 157791423.4618735
82 0 100 0.0 0.0 0.0
83 0 5 0.0 5.0 0.0
84 2 46 13.494214179327372 250.0988923255542 3374.8880190535633
85 0 6 0.0 6.0 0.0
86 0 100 0.0 0.0 0.0
87 2 145 13.494214179327372 242.29532664846576 3269.585032444484
88 0 100 0.0 0.0 0.0
89 0 5 0.0 5.0 0.0
90 0 10 0.0 10.0 0.0
91 1 109 1.0 15.931997307697284 15.931997307697284
92 0 6 0.0 6.0 0.0
93 1 6 1.0 9.55892689827884 9.55892689827884
94 1 107 1.0 11.607984241186918 11.607984241186918
95 0 100 0.0 0.0 0.0
96 0 100 0.0 0.0 0.0
97 0 6 0.0 6.0 0.0
98 0 100 0.0 0.0 0.0
99 0 100 0.0 0.0 0.0
100 1 30 1.0 72.61998620345668 72.61998620345668
101 0 100 0.0 0.0 0.0
102 5 178 312.35291035940236 2742.610069160227 856662.2370831986
103 0 100 0.0 0.0 0.0
104 13 196 4801.088521889328 334705.799790386 1606952173.5834098
105 21 212 14374.256054893494 3299776.905243635 47431838159.99604
106 11 141 3127.3197986346404 83269.02073017742 260408857.14240214
107 0 100 0.0 0.0 0.0
108 0 100 0.0 0.0 0.0
109 5 58 312.35291035940236 1600.889370701534 500042.45410205633
110 17 285 9095.850952291546 2713398.252610632 24680666079.954636
111 1 105 1.0 7.59708563275366 7.59708563275366
112 2 138 13.494214179327372 189.8638195218893 2562.0630455335317
113 2 11 13.494214179327372 31.76494829034237 428.6430156251388
114 3 41 57.02181064673912 363.1907597716439 20709.794732343995
115 23 293 17276.616480405057 13052013.999037173 225494640158.24313
116 19 292 11633.622691025432 4921286.440559363 57252389603.927185
117 14 181 5763.781188419757 369755.0901266186 2131187432.7942564
118 1 107 1.0 11.607984241186918 11.607984241186918
119 2 26 13.494214179327372 109.8359986590007 1482.1504905048694
120 1 100 1.0 0.0 0.0
121 5 124 312.35291035940236 322.1144960879045 100613.4003220093
122 9 138 1814.8473014962385 40759.58337596822 73972419.89998686
123 0 100 0.0 0.0 0.0
124 14 315 5763.781188419757 1449985.4796829664 8357399031.27848
125 17 326 9095.850952291546 3859165.4422222124 35102393662.68754
126 3 161 57.02181064673912 682.3928350558612 38911.2750272468
127 14 247 5763.781188419757 795972.5966918325 4587811879.310011
128 15 222 6803.971395961631 817408.2298790872 5561622214.9209385
129 11 152 3127.3197986346404 98895.11966128755 309276665.70508647
130 14 272 5763.781188419757 1009632.2788785915 5819299536.221796
131 10 174 2424.408141701412 96147.26174298109 233100204.17198008
132 3 46 57.02181064673912 435.9769523615719 24860.195223903953
133 0 100 0.0 0.0 0.0
134 0 6 0.0 6.0 0.0
135 2 52 13.494214179327372 298.47302352672085 4027.6589062209887
136 9 128 1814.8473014962385 34661.412576405404 62905171.08033713
137 11 203 3127.3197986346404 191799.3621175754 599817942.5157883
138 20 290 12981.212045421978 6216835.390701198 80702058458.17604
139 3 44 57.02181064673912 406.27351121486885 23166.451227280093
140 4 55 151.22372397683895 946.1899645328139 143086.37002616527
141 19 307 11633.622691025432 5638092.81888376 65591444551.87365
142 2 18 13.494214179327372 64.62733255388774 872.0950673207774
143 2 27 13.494214179327372 115.98017876588344 1565.0613728235076
144 0 100 0.0 0.0 0.0
145 3 29 57.02181064673912 209.61005902119368 11952.345095158316
146 16 237 7916.453847805617 1276870.062281328 10108282917.694818
147 0 100 0.0 0.0 0.0
148 11 240 3127.3197986346404 281399.562147863 880026422.0321308
149 17 249 9095.850952291546 1904665.949099036 17324557586.909748
150 4 75 151.22372397683895 1608.0874365260645 243180.97063184011
151 18 380 10336.717591947081 7654182.316487444 79119121002.80602
152 4 52 151.22372397683895 859.6554919481086 130000.30482953448
153 12 288 3920.792982031498 606533.6039234214 2378092697.629223
154 11 235 3127.3197986346404 268157.71975980385 838614946.1615541
155 7 245 880.1589317377488 21025.0 18505341.53978617
156 8 126 1300.1508247099457 23385.5071842533 30404686.45186729
157 4 160 151.22372397683895 1097.9836363389938 166041.17435281392
158 2 12 13.494214179327372 36.01211998010309 485.95526006314566
159 20 305 12981.212045421978 7144879.161736076 92749191437.41284
160 10 274 2424.408141701412 96147.26174298109 233100204.17198008
161 8 123 1300.1508247099457 22242.203710402715 28918219.497446705
162 19 335 11633.622691025432 7145392.781607167 83126803600.39447
163 15 248 6803.971395961631 1080538.2653407964 7351951449.620778
164 2 126 13.494214179327372 109.8359986590007 1482.1504905048694
165 16 311 7916.453847805617 2567963.8055407987 20329166949.399014
166 5 75 312.35291035940236 2553.9502583266267 797733.7961014693
167 11 151 3127.3197986346404 97411.87247104548 304638077.4007732
168 15 296 6803.971395961631 597204.8858322054 4063364960.7308574
169 3 157 57.02181064673912 612.7419199112477 34939.653732498555
170 3 48 57.02181064673912 466.4489382157433 26597.763031310627
171 4 152 151.22372397683895 859.6554919481086 130000.30482953448
172 4 69 151.22372397683895 1394.4010936602072 210866.52610067354
173 3 41 57.02181064673912 363.1907597716439 20709.794732343995
174 4 69 151.22372397683895 1394.4010936602072 210866.52610067354
175 4 64 151.22372397683895 1226.095534977771 185414.73275071313
176 0 100 0.0 0.0 0.0
177 4 41 151.22372397683895 572.5607883495287 86584.77461733043
178 13 223 4801.088521889328 456823.8815468923 2193251894.2197146
179 12 158 3920.792982031498 147835.47973745366 579632311.4498681
180 3 57 57.02181064673912 612.7419199112477 34939.653732498555
181 13 222 4801.088521889328 451902.215379468 2169622539.2747226
182 6 220 552.5626438069447 9491.407950004868 5244597.470304944
183 12 124 3920.792982031498 83624.78695366839 327875477.8118222
184 8 118 1300.1508247099457 20402.728323412415 26526624.05601762
185 19 337 11633.622691025432 7261780.728929458 84480817065.32495
186 1 26 1.0 60.63937356224698 60.63937356224698
187 4 49 151.22372397683895 776.5950928818146 117439.60196772714
188 11 161 3127.3197986346404 112815.8246369091 352811161.9862995
189 14 219 5763.781188419757 591604.5906490331 3409879410.565668
190 13 298 4801.088521889328 918783.5030821651 4411160930.749051
191 1 21 1.0 46.33316012586883 46.33316012586883
192 13 169 4801.088521889328 234166.03728660895 1124251873.8330467
193 14 310 5763.781188419757 1393882.9019627823 8034036049.193025
194 6 106 552.5626438069447 7486.36063642395 4136683.225754659
195 2 32 13.494214179327372 148.1842032776824 1999.6293770220316
196 11 201 3127.3197986346404 187500.599499175 586374337.0696343
197 15 233 6803.971395961631 923343.1145988388 6282400140.388622
198 14 229 5763.781188419757 660472.5308888281 3806819149.0050144
199 7 210 880.1589317377488 12100.0 10649923.074026762
