0 0 100 0.0 0.0 0.0
1 0 100 0.0 0.0 0.0
2 7 82 880.1589317377488 6724.0 5918188.657004624
3 0 5 0.0 5.0 0.0
4 0 100 0.0 0.0 0.0
5 2 15 13.494214179327372 49.68406405407534 670.4474016451129
6 7 73 880.1589317377488 5329.0 4690366.947230464
7 0 100 0.0 0.0 0.0
8 1 26 1.0 60.63937356224698 60.63937356224698
9 1 27 1.0 63.59241768810072 63.59241768810072
10 0 100 0.0 0.0 0.0
11 0 100 0.0 0.0 0.0
12 0 100 0.0 0.0 0.0
13 0 100 0.0 0.0 0.0
14 17 277 9095.850952291546 2518302.144471244 22906100958.94661
15 0 100 0.0 0.0 0.0
16 19 279 11633.622691025432 4349017.273274782 50594826034.03106
17 0 6 0.0 6.0 0.0
18 0 100 0.0 0.0 0.0
19 1 6 1.0 9.55892689827884 9.55892689827884
20 0 100 0.0 0.0 0.0
21 0 5 0.0 5.0 0.0
22 12 180 3920.792982031498 200863.24359139695 787543195.8212324
23 0 100 0.0 0.0 0.0
24 0 100 0.0 0.0 0.0
25 0 100 0.0 0.0 0.0
26 20 251 12981.212045421978 4173667.4815493794 54179262585.074814
27 0 100 0.0 0.0 0.0
28 1 7 1.0 11.607984241186918 11.607984241186918
29 3 69 57.02181064673912 829.8335342600375 47318.61065889016
30 1 103 1.0 3.9914906122521803 3.9914906122521803
31 0 100 0.0 0.0 0.0
32 2 15 13.494214179327372 49.68406405407534 670.4474016451129
33 0 10 0.0 10.0 0.0
34 0 100 0.0 0.0 0.0
35 1 9 1.0 15.931997307697284 15.931997307697284
36 2 117 13.494214179327372 59.51335422080222 803.0859483856818
37 0 6 0.0 6.0 0.0
38 14 191 5763.781188419757 422193.97589803796 2433433696.1452556
39 0 11 0.0 11.0 0.0
40 0 6 0.0 6.0 0.0
41 0 5 0.0 5.0 0.0
42 0 100 0.0 0.0 0.0
43 0 100 0.0 0.0 0.0
44 2 43 13.494214179327372 226.91812071099523 3062.081722044632
45 0 100 0.0 0.0 0.0
46 0 100 0.0 0.0 0.0
47 1 103 1.0 3.9914906122521803 3.9914906122521803
48 0 100 0.0 0.0 0.0
49 0 9 0.0 9.0 0.0
50 14 388 5763.781188419757 2424421.1279332894 13973832889.989304
51 0 100 0.0 0.0 0.0
52 1 55 1.0 155.85458639063 155.85458639063
53 0 100 0.0 0.0 0.0
54 0 100 0.0 0.0 0.0
55 0 100 0.0 0.0 0.0
56 1 9 1.0 15.931997307697284 15.931997307697284
57 0 100 0.0 0.0 0.0
58 21 342 14374.256054893494 12602038.848190187 181144933217.60083
59 0 100 0.0 0.0 0.0
60 1 10 1.0 18.1937008646705 18.1937008646705
61 1 108 1.0 13.734791927877684 13.734791927877684
62 2 13 13.494214179327372 40.41888428935346 545.4210814899858
63 1 107 1.0 11.607984241186918 11.607984241186918
64 0 100 0.0 0.0 0.0
65 1 18 1.0 38.15436697768484 38.15436697768484
66 2 113 13.494214179327372 40.41888428935346 545.4210814899858
67 0 100 0.0 0.0 0.0
68 1 7 1.0 11.607984241186918 11.607984241186918
69 1 64 1.0 188.64450930209398 188.64450930209398
70 5 94 312.35291035940236 3849.5614363989175 1202421.7182665232
71 0 6 0.0 6.0 0.0
72 0 100 0.0 0.0 0.0
73 20 325 12981.212045421978 8513256.778301371 110512391436.25607
74 1 15 1.0 30.323695983612147 30.323695983612147
75 0 100 0.0 0.0 0.0
76 0 100 0.0 0.0 0.0
77 1 105 1.0 7.59708563275366 7.59708563275366
78 0 100 0.0 0.0 0.0
79 1 9 1.0 15.931997307697284 15.931997307697284
80 0 6 0.0 6.0 0.0
81 0 100 0.0 0.0 0.0
82 14 220 5763.781188419757 598289.1109657976 3448407523.0210447
83 1 9 1.0 15.931997307697284 15.931997307697284
84 1 26 1.0 60.63937356224698 60.63937356224698
85 0 100 0.0 0.0 0.0
86 0 100 0.0 0.0 0.0
87 5 113 312.35291035940236 5378.870870117234 1680105.970728529
88 1 6 1.0 9.55892689827884 9.55892689827884
89 3 26 57.02181064673912 176.25042831919396 10050.118550023744
90 1 8 1.0 13.734791927877684 13.734791927877684
91 9 191 1814.8473014962385 82098.9146021397 148996993.62146336
92 0 5 0.0 5.0 0.0
93 0 10 0.0 10.0 0.0
94 0 100 0.0 0.0 0.0
95 2 45 13.494214179327372 242.29532664846576 3269.585032444484
96 4 69 151.22372397683895 1394.4010936602072 210866.52610067354
97 3 35 57.02181064673912 282.5239294230334 16110.026006732896
98 22 400 15807.685316481819 25113803.331545744 396991100165.0878
99 2 114 13.494214179327372 44.97826169706515 606.9462967540338
100 1 14 1.0 27.799106543625292 27.799106543625292
101 16 271 7916.453847805617 1802391.5732730776 14268549705.490076
102 0 100 0.0 0.0 0.0
103 0 100 0.0 0.0 0.0
104 1 104 1.0 5.735193251789799 5.735193251789799
105 2 126 13.494214179327372 109.8359986590007 1482.1504905048694
106 3 47 57.02181064673912 451.11773253603667 25723.549924056188
107 1 105 1.0 7.59708563275366 7.59708563275366
108 0 100 0.0 0.0 0.0
109 9 222 1814.8473014962385 31255.467204814257 56723900.31366134
110 6 98 552.5626438069447 6442.856405219488 3560081.768936588
111 2 31 13.494214179327372 141.5519192260369 1910.1319155309898
112 5 113 312.35291035940236 5378.870870117234 1680105.970728529
113 7 101 880.1589317377488 10201.0 8978501.262656776
114 3 54 57.02181064673912 562.3460860297637 32065.99203552405
115 10 142 2424.408141701412 61185.206070824126 148337911.74978468
116 17 303 9095.850952291546 3185806.645601846 28977622411.214287
117 1 111 1.0 20.51504931294799 20.51504931294799
118 3 128 57.02181064673912 198.25318874016915 11304.755788454157
119 5 89 312.35291035940236 3485.593399577667 1088735.2426876074
120 4 173 151.22372397683895 1535.4556318691968 232197.31865247028
121 1 107 1.0 11.607984241186918 11.607984241186918
122 0 100 0.0 0.0 0.0
123 3 142 57.02181064673912 377.3528472077043 21517.342600485594
124 0 100 0.0 0.0 0.0
125 0 100 0.0 0.0 0.0
126 8 149 1300.1508247099457 33144.35724984052 43092663.41286122
127 0 100 0.0 0.0 0.0
128 1 13 1.0 25.320989780782124 25.320989780782124
129 10 170 2424.408141701412 91300.67622451171 221350102.78155077
130 4 182 151.22372397683895 1873.1633591984112 283266.73879494896
131 22 361 15807.685316481819 7457686.810657619 117888766291.75256
132 22 334 15807.685316481819 15038317.249027066 237720986762.0404
133 21 375 14374.256054893494 16313113.22461411 234488866543.0725
134 20 383 12981.212045421978 13392126.71436302 173846036618.3067
135 9 117 1814.8473014962385 28560.865627887746 51833609.91316875
136 1 107 1.0 11.607984241186918 11.607984241186918
137 2 19 13.494214179327372 69.8685662777562 942.821397754572
138 3 56 57.02181064673912 595.765723501293 33971.640275308266
139 6 213 552.5626438069447 8460.534002517481 4674975.036449611
140 5 73 312.35291035940236 2431.5451615879456 759500.2078923181
141 17 236 9095.850952291546 1654964.609250074 15053311417.056093
142 20 262 12981.212045421978 4697966.31379029 60985296901.561195
143 2 114 13.494214179327372 44.97826169706515 606.9462967540338
144 8 151 1300.1508247099457 34076.47778705137 44304560.698044986
145 11 191 3127.3197986346404 166825.62725766937 521717087.0425522
146 0 100 0.0 0.0 0.0
147 13 165 4801.088521889328 221030.2801178011 1061185940.8635578
148 2 9 13.494214179327372 23.78240930402918 320.92492484899776
149 1 105 1.0 7.59708563275366 7.59708563275366
150 14 222 5763.781188419757 611792.3416496987 3526237190.0198064
151 16 212 7916.453847805617 958659.9250412829 7589187052.330109
152 18 333 10336.717591947081 5381388.5642231405 55625893840.90818
153 14 243 5763.781188419757 764558.9851738521 4406750696.182348
154 2 31 13.494214179327372 141.5519192260369 1910.1319155309898
155 21 283 14374.256054893494 7413136.9392707925 106558328535.06781
156 1 108 1.0 13.734791927877684 13.734791927877684
157 15 245 6803.971395961631 1047903.4803767416 7129905306.21199
158 17 212 9095.850952291546 1249466.7043011936 11364962912.174591
159 17 237 9095.850952291546 1673405.8820999332 15221050486.268953
160 8 157 1300.1508247099457 36953.48006693682 48045097.58493044
161 3 58 57.02181064673912 629.8939717412368 35917.694784151245
162 13 237 4801.088521889328 529031.2851182016 2539926030.7013583
163 17 292 9095.850952291546 2891551.2313476973 26301119021.253746
164 16 296 7916.453847805617 2261449.4362102253 17902660090.90428
165 8 138 1300.1508247099457 28257.118371009565 36738515.75399464
166 0 100 0.0 0.0 0.0
167 7 91 880.1589317377488 8281.0 7288596.113720298
168 4 64 151.22372397683895 1226.095534977771 185414.73275071313
169 4 51 151.22372397683895 831.5797944458234 125754.59329999167
170 18 288 10336.717591947081 3652977.264034573 37759794348.12889
171 3 152 57.02181064673912 529.6457757489877 30201.361134604027
172 13 306 4801.088521889328 377354.19426054263 1811710890.751087
173 5 85 312.35291035940236 3206.1723328082135 1001457.2592664398
174 7 142 880.1589317377488 20164.0 17747524.699559968
175 15 191 6803.971395961631 559556.4546438516 3807206111.8224683
176 8 229 1300.1508247099457 24558.59479359431 31929877.27460902
177 4 55 151.22372397683895 946.1899645328139 143086.37002616527
178 24 376 18776.370315488246 33876219.468506314 636072441629.427
179 5 67 312.35291035940236 2080.6456750556 649895.73203032
180 13 146 4801.088521889328 164588.04714542266 790201783.9900683
181 15 212 6803.971395961631 727778.1968317925 4951782033.84805
182 5 206 312.35291035940236 4788.781200314608 1495789.7449926601
183 13 252 4801.088521889328 613362.0991290607 2944805733.8904777
184 10 234 2424.408141701412 53782.219657512425 130390051.21644686
185 14 194 5763.781188419757 438736.98861418 2528784001.638344
186 18 281 10336.717591947081 3420833.8521182523 35360193458.31884
187 7 137 880.1589317377488 18769.0 16519702.989785807
188 25 372 20302.483562333644 41230951.10137997 837090706995.149
189 7 161 880.1589317377488 25921.0 22814599.669574186
190 4 134 151.22372397683895 415.7115691523703 62865.45158747665
191 16 199 7916.453847805617 814701.6483497729 6449547998.8921385
192 12 155 3920.792982031498 141319.76270431234 554085533.8334244
193 11 168 3127.3197986346404 124361.6449123442 388918634.3251449
194 9 196 1814.8473014962385 18649.78843579835 33846518.21618439
195 23 340 17276.616480405057 20046970.933886405 346343828418.583
196 15 293 6803.971395961631 1644814.3427691713 11191269739.868872
197 5 85 312.35291035940236 3206.1723328082135 1001457.2592664398
198 7 228 880.1589317377488 16384.0 14420523.937591277
199 12 187 3920.792982031498 219715.13514294155 861457559.9145474
