0 4 45 151.22372397683895 671.3571728121805 101525.13179122015
1 6 64 552.5626438069447 2851.6616420490063 1575721.696173452
2 0 100 0.0 0.0 0.0
3 0 100 0.0 0.0 0.0
4 1 104 1.0 5.735193251789799 5.735193251789799
5 3 28 57.02181064673912 198.25318874016915 11304.755788454157
6 0 9 0.0 9.0 0.0
7 0 100 0.0 0.0 0.0
8 1 101 1.0 1.0 1.0
9 0 100 0.0 0.0 0.0
10 0 100 0.0 0.0 0.0
11 0 6 0.0 6.0 0.0
12 0 100 0.0 0.0 0.0
13 7 159 880.1589317377488 25281.0 22251297.953262027
14 1 37 1.0 94.5824071263594 94.5824071263594
15 0 100 0.0 0.0 0.0
16 1 12 1.0 22.891970023971037 22.891970023971037
17 0 100 0.0 0.0 0.0
18 0 100 0.0 0.0 0.0
19 0 11 0.0 11.0 0.0
20 0 5 0.0 5.0 0.0
21 0 100 0.0 0.0 0.0
22 12 157 3920.792982031498 145644.81340415878 571043162.2643127
23 10 126 2424.408141701412 46901.01863245811 113707211.42662106
24 0 6 0.0 6.0 0.0
25 0 100 0.0 0.0 0.0
26 2 29 13.494214179327372 128.5709592386038 1734.9640612072888
27 1 17 1.0 35.503281577765854 35.503281577765854
28 0 9 0.0 9.0 0.0
29 0 100 0.0 0.0 0.0
30 0 100 0.0 0.0 0.0
31 3 123 57.02181064673912 145.08021796711313 8272.736717508364
32 0 5 0.0 5.0 0.0
33 0 6 0.0 6.0 0.0
34 0 5 0.0 5.0 0.0
35 0 100 0.0 0.0 0.0
36 0 100 0.0 0.0 0.0
37 0 100 0.0 0.0 0.0
38 0 100 0.0 0.0 0.0
39 0 100 0.0 0.0 0.0
40 0 100 0.0 0.0 0.0
41 3 161 57.02181064673912 682.3928350558612 38911.2750272468
42 0 5 0.0 5.0 0.0
43 0 9 0.0 9.0 0.0
44 2 37 13.494214179327372 182.69988024795316 2465.3913146033424
45 0 100 0.0 0.0 0.0
46 1 36 1.0 91.37308344663872 91.37308344663872
47 9 152 1814.8473014962385 50192.57933226694 91091867.15630053
48 0 9 0.0 9.0 0.0
49 1 13 1.0 25.320989780782124 25.320989780782124
50 1 18 1.0 38.15436697768484 38.15436697768484
51 4 45 151.22372397683895 671.3571728121805 101525.13179122015
52 0 100 0.0 0.0 0.0
53 1 19 1.0 40.84402933782601 40.84402933782601
54 0 100 0.0 0.0 0.0
55 1 7 1.0 11.607984241186918 11.607984241186918
56 2 11 13.494214179327372 31.76494829034237 428.6430156251388
57 1 104 1.0 5.735193251789799 5.735193251789799
58 0 5 0.0 5.0 0.0
59 0 5 0.0 5.0 0.0
60 1 102 1.0 2.3948263510722025 2.3948263510722025
61 1 10 1.0 18.1937008646705 18.1937008646705
62 4 146 151.22372397683895 697.0692055589992 105413.40113420851
63 0 100 0.0 0.0 0.0
64 0 100 0.0 0.0 0.0
65 0 100 0.0 0.0 0.0
66 0 100 0.0 0.0 0.0
67 0 100 0.0 0.0 0.0
68 2 130 13.494214179327372 135.01359299654277 1821.9023410158823
69 3 17 57.02181064673912 89.78750677036001 5119.846209502275
70 0 6 0.0 6.0 0.0
71 0 5 0.0 5.0 0.0
72 2 16 13.494214179327372 54.53075711894446 735.8497159239173
73 0 10 0.0 10.0 0.0
74 0 11 0.0 11.0 0.0
75 0 100 0.0 0.0 0.0
76 1 19 1.0 40.84402933782601 40.84402933782601
77 1 102 1.0 2.3948263510722025 2.3948263510722025
78 0 100 0.0 0.0 0.0
79 3 44 57.02181064673912 406.27351121486885 23166.451227280093
80 2 36 13.494214179327372 175.6210676402407 2369.868301139548
81 0 100 0.0 0.0 0.0
82 0 100 0.0 0.0 0.0
83 9 228 1814.8473014962385 34661.412576405404 62905171.08033713
84 2 27 13.494214179327372 115.98017876588344 1565.0613728235076
85 4 158 151.22372397683895 1036.142416344768 156689.31477001615
86 0 100 0.0 0.0 0.0
87 1 7 1.0 11.607984241186918 11.607984241186918
88 0 10 0.0 10.0 0.0
89 2 31 13.494214179327372 141.5519192260369 1910.1319155309898
90 1 20 1.0 43.57075425423803 43.57075425423803
91 13 192 4801.088521889328 318478.99429131305 1529045843.95488
92 11 151 3127.3197986346404 97411.87247104548 304638077.4007732
93 0 100 0.0 0.0 0.0
94 0 8 0.0 8.0 0.0
95 3 38 57.02181064673912 321.92161897300775 18356.553600170548
96 0 100 0.0 0.0 0.0
97 0 6 0.0 6.0 0.0
98 0 100 0.0 0.0 0.0
99 4 67 151.22372397683895 1326.001420918201 200522.87286983026
100 2 21 13.494214179327372 80.71796600694597 1089.2255214173952
101 0 100 0.0 0.0 0.0
102 0 100 0.0 0.0 0.0
103 1 14 1.0 27.799106543625292 27.799106543625292
104 0 100 0.0 0.0 0.0
105 3 146 57.02181064673912 435.9769523615719 24860.195223903953
106 7 92 880.1589317377488 8464.0 7449665.198228306
107 0 100 0.0 0.0 0.0
108 8 286 1300.1508247099457 52574.74337086476 68355095.95254357
109 1 5 1.0 7.59708563275366 7.59708563275366
110 0 100 0.0 0.0 0.0
111 5 62 312.35291035940236 1807.1402103142602 564465.5041191616
112 1 9 1.0 15.931997307697284 15.931997307697284
113 1 12 1.0 22.891970023971037 22.891970023971037
114 3 147 57.02181064673912 451.11773253603667 25723.549924056188
115 6 180 552.5626438069447 4369.987349380403 2414691.7631765385
116 0 100 0.0 0.0 0.0
117 1 21 1.0 46.33316012586883 46.33316012586883
118 0 100 0.0 0.0 0.0
119 4 153 151.22372397683895 888.1171619831025 134304.38456282625
120 1 15 1.0 30.323695983612147 30.323695983612147
121 7 238 880.1589317377488 19044.0 16761746.696013689
122 0 100 0.0 0.0 0.0
123 1 109 1.0 15.931997307697284 15.931997307697284
124 3 76 57.02181064673912 967.3986454236635 55162.82237926006
125 7 243 880.1589317377488 20449.0 17998369.995105226
126 1 24 1.0 54.8222930413608 54.8222930413608
127 0 6 0.0 6.0 0.0
128 0 100 0.0 0.0 0.0
129 3 35 57.02181064673912 282.5239294230334 16110.026006732896
130 0 100 0.0 0.0 0.0
131 4 65 151.22372397683895 1259.0362466163215 190396.14983514193
132 2 25 13.494214179327372 103.79546451213633 1400.6382289695412
133 0 100 0.0 0.0 0.0
134 0 100 0.0 0.0 0.0
135 6 111 552.5626438069447 8176.399536993932 4517972.944983246
136 0 100 0.0 0.0 0.0
137 0 100 0.0 0.0 0.0
138 1 10 1.0 18.1937008646705 18.1937008646705
139 2 20 13.494214179327372 75.23327232919837 1015.2138902218663
140 1 64 1.0 188.64450930209398 188.64450930209398
141 0 100 0.0 0.0 0.0
142 2 37 13.494214179327372 182.69988024795316 2465.3913146033424
143 0 100 0.0 0.0 0.0
144 0 100 0.0 0.0 0.0
145 6 124 552.5626438069447 10105.821436004986 5584099.410519809
146 1 10 1.0 18.1937008646705 18.1937008646705
147 7 72 880.1589317377488 5184.0 4562743.90212849
148 0 100 0.0 0.0 0.0
149 1 24 1.0 54.8222930413608 54.8222930413608
150 1 13 1.0 25.320989780782124 25.320989780782124
151 0 100 0.0 0.0 0.0
152 3 48 57.02181064673912 466.4489382157433 26597.763031310627
153 3 124 57.02181064673912 155.22039240905832 8850.947824461866
154 0 9 0.0 9.0 0.0
155 0 100 0.0 0.0 0.0
156 3 37 57.02181064673912 308.57807572808247 17595.680603901845
157 0 100 0.0 0.0 0.0
158 1 24 1.0 54.8222930413608 54.8222930413608
159 4 56 151.22372397683895 975.7969952136767 147563.65546162188
160 1 10 1.0 18.1937008646705 18.1937008646705
161 2 7 13.494214179327372 16.551687764173284 223.3520197191065
162 1 7 1.0 11.607984241186918 11.607984241186918
163 8 235 1300.1508247099457 26994.34596231654 35096721.16541144
164 0 9 0.0 9.0 0.0
165 0 100 0.0 0.0 0.0
166 1 101 1.0 1.0 1.0
167 0 100 0.0 0.0 0.0
168 11 203 3127.3197986346404 191799.3621175754 599817942.5157883
169 6 179 552.5626438069447 4266.090224510861 2357282.093174684
170 5 51 312.35291035940236 1267.2460047423704 395827.9777226044
171 0 100 0.0 0.0 0.0
172 2 25 13.494214179327372 103.79546451213633 1400.6382289695412
173 1 27 1.0 63.59241768810072 63.59241768810072
174 2 120 13.494214179327372 75.23327232919837 1015.2138902218663
175 1 12 1.0 22.891970023971037 22.891970023971037
176 1 13 1.0 25.320989780782124 25.320989780782124
177 0 100 0.0 0.0 0.0
178 0 100 0.0 0.0 0.0
179 2 111 13.494214179327372 31.76494829034237 428.6430156251388
180 3 126 57.02181064673912 176.25042831919396 10050.118550023744
181 0 100 0.0 0.0 0.0
182 6 85 552.5626438069447 4907.334112484054 2711609.5112381955
183 0 100 0.0 0.0 0.0
184 3 56 57.02181064673912 595.765723501293 33971.640275308266
185 2 23 13.494214179327372 92.0346545141889 1241.9353399348638
186 2 119 13.494214179327372 69.8685662777562 942.821397754572
187 6 202 552.5626438069447 6955.268535289175 3843221.5702466425
188 1 15 1.0 30.323695983612147 30.323695983612147
189 1 104 1.0 5.735193251789799 5.735193251789799
190 8 131 1300.1508247099457 25357.227736120636 32968220.553475156
191 5 145 312.35291035940236 1009.4539298642129 315305.87286682293
192 7 112 880.1589317377488 12544.0 11040713.639718322
193 0 100 0.0 0.0 0.0
194 1 14 1.0 27.799106543625292 27.799106543625292
195 2 20 13.494214179327372 75.23327232919837 1015.2138902218663
196 5 103 312.35291035940236 4545.356706035842 1419755.3957519217
197 5 115 312.35291035940236 5553.1126204137945 1734530.888539776
198 5 86 312.35291035940236 3275.042744200361 1022969.1327024265
199 1 104 1.0 5.735193251789799 5.735193251789799
