0 0 100 0.0 0.0 0.0
1 0 6 0.0 6.0 0.0
2 0 11 0.0 11.0 0.0
3 0 5 0.0 5.0 0.0
4 0 10 0.0 10.0 0.0
5 0 5 0.0 5.0 0.0
6 0 100 0.0 0.0 0.0
7 1 55 1.0 155.85458639063 155.85458639063
8 1 12 1.0 22.891970023971037 22.891970023971037
9 0 100 0.0 0.0 0.0
10 0 100 0.0 0.0 0.0
11 1 11 1.0 20.51504931294799 20.51504931294799
12 2 24 13.494214179327372 97.86086952638261 1320.555533164218
13 1 11 1.0 20.51504931294799 20.51504931294799
14 0 6 0.0 6.0 0.0
15 0 100 0.0 0.0 0.0
16 5 57 312.35291035940236 1551.0877169304622 484486.7626059507
17 2 20 13.494214179327372 75.23327232919837 1015.2138902218663
18 2 10 13.494214179327372 27.685321443873434 373.59165718715303
19 2 16 13.494214179327372 54.53075711894446 735.8497159239173
20 1 14 1.0 27.799106543625292 27.799106543625292
21 1 9 1.0 15.931997307697284 15.931997307697284
22 1 19 1.0 40.84402933782601 40.84402933782601
23 0 100 0.0 0.0 0.0
24 1 11 1.0 20.51504931294799 20.51504931294799
25 0 100 0.0 0.0 0.0
26 1 14 1.0 27.799106543625292 27.799106543625292
27 1 8 1.0 13.734791927877684 13.734791927877684
28 1 21 1.0 46.33316012586883 46.33316012586883
29 0 100 0.0 0.0 0.0
30 2 14 13.494214179327372 44.97826169706515 606.9462967540338
31 0 100 0.0 0.0 0.0
32 0 100 0.0 0.0 0.0
33 0 8 0.0 8.0 0.0
34 0 9 0.0 9.0 0.0
35 0 5 0.0 5.0 0.0
36 1 17 1.0 35.503281577765854 35.503281577765854
37 0 100 0.0 0.0 0.0
38 0 100 0.0 0.0 0.0
39 0 100 0.0 0.0 0.0
40 1 14 1.0 27.799106543625292 27.799106543625292
41 2 20 13.494214179327372 75.23327232919837 1015.2138902218663
42 1 20 1.0 43.57075425423803 43.57075425423803
43 0 5 0.0 5.0 0.0
44 0 100 0.0 0.0 0.0
45 0 100 0.0 0.0 0.0
46 1 8 1.0 13.734791927877684 13.734791927877684
47 0 100 0.0 0.0 0.0
48 1 10 1.0 18.1937008646705 18.1937008646705
49 0 9 0.0 9.0 0.0
50 0 6 0.0 6.0 0.0
51 0 5 0.0 5.0 0.0
52 1 15 1.0 30.323695983612147 30.323695983612147
53 0 7 0.0 7.0 0.0
54 0 5 0.0 5.0 0.0
55 0 100 0.0 0.0 0.0
56 2 121 13.494214179327372 80.71796600694597 1089.2255214173952
57 1 17 1.0 35.503281577765854 35.503281577765854
58 0 100 0.0 0.0 0.0
59 0 100 0.0 0.0 0.0
60 0 100 0.0 0.0 0.0
61 0 100 0.0 0.0 0.0
62 0 100 0.0 0.0 0.0
63 0 100 0.0 0.0 0.0
64 0 6 0.0 6.0 0.0
65 3 46 57.02181064673912 435.9769523615719 24860.195223903953
66 2 13 13.494214179327372 40.41888428935346 545.4210814899858
67 1 18 1.0 38.15436697768484 38.15436697768484
68 3 24 57.02181064673912 155.22039240905832 8850.947824461866
69 0 100 0.0 0.0 0.0
70 2 18 13.494214179327372 64.62733255388774 872.0950673207774
71 0 100 0.0 0.0 0.0
72 0 100 0.0 0.0 0.0
73 0 100 0.0 0.0 0.0
74 0 7 0.0 7.0 0.0
75 0 100 0.0 0.0 0.0
76 1 101 1.0 1.0 1.0
77 2 23 13.494214179327372 92.0346545141889 1241.9353399348638
78 0 100 0.0 0.0 0.0
79 0 100 0.0 0.0 0.0
80 0 100 0.0 0.0 0.0
81 0 100 0.0 0.0 0.0
82 2 6 13.494214179327372 13.252209915340185 178.8281589470063
83 1 11 1.0 20.51504931294799 20.51504931294799
84 0 100 0.0 0.0 0.0
85 0 100 0.0 0.0 0.0
86 0 100 0.0 0.0 0.0
87 2 14 13.494214179327372 44.97826169706515 606.9462967540338
88 0 100 0.0 0.0 0.0
89 0 100 0.0 0.0 0.0
90 0 100 0.0 0.0 0.0
91 0 100 0.0 0.0 0.0
92 0 100 0.0 0.0 0.0
93 1 10 1.0 18.1937008646705 18.1937008646705
94 0 100 0.0 0.0 0.0
95 0 100 0.0 0.0 0.0
96 0 100 0.0 0.0 0.0
97 0 100 0.0 0.0 0.0
98 0 100 0.0 0.0 0.0
99 0 100 0.0 0.0 0.0
100 0 100 0.0 0.0 0.0
101 1 11 1.0 20.51504931294799 20.51504931294799
102 0 6 0.0 6.0 0.0
103 1 6 1.0 9.55892689827884 9.55892689827884
104 3 30 57.02181064673912 221.1993434691573 12613.187078481296
105 0 9 0.0 9.0 0.0
106 1 18 1.0 38.15436697768484 38.15436697768484
107 1 107 1.0 11.607984241186918 11.607984241186918
108 0 100 0.0 0.0 0.0
109 1 19 1.0 40.84402933782601 40.84402933782601
110 2 29 13.494214179327372 128.5709592386038 1734.9640612072888
111 1 13 1.0 25.320989780782124 25.320989780782124
112 0 5 0.0 5.0 0.0
113 2 19 13.494214179327372 69.8685662777562 942.821397754572
114 1 110 1.0 18.1937008646705 18.1937008646705
115 1 27 1.0 63.59241768810072 63.59241768810072
116 3 14 57.02181064673912 65.97278979840442 3761.8879277217393
117 1 24 1.0 54.8222930413608 54.8222930413608
118 1 7 1.0 11.607984241186918 11.607984241186918
119 2 18 13.494214179327372 64.62733255388774 872.0950673207774
120 1 105 1.0 7.59708563275366 7.59708563275366
121 0 100 0.0 0.0 0.0
122 0 11 0.0 11.0 0.0
123 1 10 1.0 18.1937008646705 18.1937008646705
124 1 11 1.0 20.51504931294799 20.51504931294799
125 0 100 0.0 0.0 0.0
126 2 42 13.494214179327372 219.34644070399202 2959.9078503327996
127 1 10 1.0 18.1937008646705 18.1937008646705
128 1 12 1.0 22.891970023971037 22.891970023971037
129 0 100 0.0 0.0 0.0
130 4 52 151.22372397683895 859.6554919481086 130000.30482953448
131 1 105 1.0 7.59708563275366 7.59708563275366
132 3 39 57.02181064673912 335.47304520277595 19129.280460637645
133 0 100 0.0 0.0 0.0
134 0 100 0.0 0.0 0.0
135 1 21 1.0 46.33316012586883 46.33316012586883
136 1 9 1.0 15.931997307697284 15.931997307697284
137 1 20 1.0 43.57075425423803 43.57075425423803
138 2 24 13.494214179327372 97.86086952638261 1320.555533164218
139 5 51 312.35291035940236 1267.2460047423704 395827.9777226044
140 4 41 151.22372397683895 572.5607883495287 86584.77461733043
141 0 100 0.0 0.0 0.0
142 0 5 0.0 5.0 0.0
143 2 8 13.494214179327372 20.066939702021244 270.7875822627225
144 3 20 57.02181064673912 116.21344721391306 6626.701181636562
145 2 18 13.494214179327372 64.62733255388774 872.0950673207774
146 1 8 1.0 13.734791927877684 13.734791927877684
147 2 29 13.494214179327372 128.5709592386038 1734.9640612072888
148 1 25 1.0 57.71571011139208 57.71571011139208
149 0 5 0.0 5.0 0.0
150 2 22 13.494214179327372 86.31942417916456 1164.8127977098563
151 1 7 1.0 11.607984241186918 11.607984241186918
152 1 103 1.0 3.9914906122521803 3.9914906122521803
153 2 43 13.494214179327372 226.91812071099523 3062.081722044632
154 1 15 1.0 30.323695983612147 30.323695983612147
155 2 21 13.494214179327372 80.71796600694597 1089.2255214173952
156 1 29 1.0 69.58346013935528 69.58346013935528
157 4 47 151.22372397683895 723.181183304868 109362.15164933914
158 1 8 1.0 13.734791927877684 13.734791927877684
159 0 5 0.0 5.0 0.0
160 3 24 57.02181064673912 155.22039240905832 8850.947824461866
161 1 26 1.0 60.63937356224698 60.63937356224698
162 1 20 1.0 43.57075425423803 43.57075425423803
163 1 21 1.0 46.33316012586883 46.33316012586883
164 2 16 13.494214179327372 54.53075711894446 735.8497159239173
165 2 9 13.494214179327372 23.78240930402918 320.92492484899776
166 4 29 151.22372397683895 316.71264325745693 47894.465343940734
167 1 103 1.0 3.9914906122521803 3.9914906122521803
168 1 14 1.0 27.799106543625292 27.799106543625292
169 0 100 0.0 0.0 0.0
170 1 16 1.0 32.892441635375256 32.892441635375256
171 0 100 0.0 0.0 0.0
172 2 21 13.494214179327372 80.71796600694597 1089.2255214173952
173 2 10 13.494214179327372 27.685321443873434 373.59165718715303
174 2 42 13.494214179327372 219.34644070399202 2959.9078503327996
175 2 23 13.494214179327372 92.0346545141889 1241.9353399348638
176 1 32 1.0 78.7716859795011 78.7716859795011
177 1 6 1.0 9.55892689827884 9.55892689827884
178 2 124 13.494214179327372 97.86086952638261 1320.555533164218
179 0 100 0.0 0.0 0.0
180 2 10 13.494214179327372 27.685321443873434 373.59165718715303
181 5 60 312.35291035940236 1702.6102917613564 531815.2798395308
182 0 7 0.0 7.0 0.0
183 2 20 13.494214179327372 75.23327232919837 1015.2138902218663
184 1 15 1.0 30.323695983612147 30.323695983612147
185 1 16 1.0 32.892441635375256 32.892441635375256
186 2 29 13.494214179327372 128.5709592386038 1734.9640612072888
187 1 20 1.0 43.57075425423803 43.57075425423803
188 2 43 13.494214179327372 226.91812071099523 3062.081722044632
189 4 38 151.22372397683895 502.796158813779 76034.7075370698
190 1 12 1.0 22.891970023971037 22.891970023971037
191 2 21 13.494214179327372 80.71796600694597 1089.2255214173952
192 2 17 13.494214179327372 59.51335422080222 803.0859483856818
193 3 40 57.02181064673912 349.23013798641597 19913.734800395985
194 1 22 1.0 49.12998068819353 49.12998068819353
195 2 18 13.494214179327372 64.62733255388774 872.0950673207774
196 3 18 57.02181064673912 98.31525163284788 5606.113662294761
197 1 12 1.0 22.891970023971037 22.891970023971037
198 1 11 1.0 20.51504931294799 20.51504931294799
199 3 21 57.02181064673912 125.57185196799401 7160.33436547931
