0 0 7 0.0 7.0 0.0
1 0 100 0.0 0.0 0.0
2 0 5 0.0 5.0 0.0
3 1 9 1.0 15.931997307697284 15.931997307697284
4 2 80 13.494214179327372 555.5596760452839 7496.841257952792
5 1 105 1.0 7.59708563275366 7.59708563275366
6 0 6 0.0 6.0 0.0
7 2 22 13.494214179327372 86.31942417916456 1164.8127977098563
8 0 100 0.0 0.0 0.0
9 0 5 0.0 5.0 0.0
10 2 8 13.494214179327372 20.066939702021244 270.7875822627225
11 0 100 0.0 0.0 0.0
12 0 100 0.0 0.0 0.0
13 0 100 0.0 0.0 0.0
14 1 103 1.0 3.9914906122521803 3.9914906122521803
15 1 104 1.0 5.735193251789799 5.735193251789799
16 0 100 0.0 0.0 0.0
17 1 104 1.0 5.735193251789799 5.735193251789799
18 1 11 1.0 20.51504931294799 20.51504931294799
19 0 100 0.0 0.0 0.0
20 0 100 0.0 0.0 0.0
21 1 12 1.0 22.891970023971037 22.891970023971037
22 1 103 1.0 3.9914906122521803 3.9914906122521803
23 1 10 1.0 18.1937008646705 18.1937008646705
24 0 5 0.0 5.0 0.0
25 0 6 0.0 6.0 0.0
26 0 6 0.0 6.0 0.0
27 0 100 0.0 0.0 0.0
28 1 10 1.0 18.1937008646705 18.1937008646705
29 1 20 1.0 43.57075425423803 43.57075425423803
30 0 6 0.0 6.0 0.0
31 5 98 312.35291035940236 4152.387807071904 1297010.4164798057
32 0 100 0.0 0.0 0.0
33 0 5 0.0 5.0 0.0
34 0 100 0.0 0.0 0.0
35 3 83 57.02181064673912 1112.6192833663745 63443.56609802798
36 0 6 0.0 6.0 0.0
37 0 100 0.0 0.0 0.0
38 0 9 0.0 9.0 0.0
39 1 14 1.0 27.799106543625292 27.799106543625292
40 0 5 0.0 5.0 0.0
41 2 11 13.494214179327372 31.76494829034237 428.6430156251388
42 0 5 0.0 5.0 0.0
43 7 185 880.1589317377488 7225.0 6359148.281805235
44 2 11 13.494214179327372 31.76494829034237 428.6430156251388
45 1 30 1.0 72.61998620345668 72.61998620345668
46 0 6 0.0 6.0 0.0
47 1 103 1.0 3.9914906122521803 3.9914906122521803
48 0 100 0.0 0.0 0.0
49 1 32 1.0 78.7716859795011 78.7716859795011
50 0 100 0.0 0.0 0.0
51 0 100 0.0 0.0 0.0
52 2 111 13.494214179327372 31.76494829034237 428.6430156251388
53 0 100 0.0 0.0 0.0
54 4 55 151.22372397683895 946.1899645328139 143086.37002616527
55 1 103 1.0 3.9914906122521803 3.9914906122521803
56 0 14 0.0 14.0 0.0
57 3 47 57.02181064673912 451.11773253603667 25723.549924056188
58 0 7 0.0 7.0 0.0
59 0 100 0.0 0.0 0.0
60 3 46 57.02181064673912 435.9769523615719 24860.195223903953
61 1 10 1.0 18.1937008646705 18.1937008646705
62 2 27 13.494214179327372 115.98017876588344 1565.0613728235076
63 5 143 312.35291035940236 929.4139107485241 290305.13995081536
64 1 8 1.0 13.734791927877684 13.734791927877684
65 0 12 0.0 12.0 0.0
66 0 100 0.0 0.0 0.0
67 1 11 1.0 20.51504931294799 20.51504931294799
68 0 100 0.0 0.0 0.0
69 0 5 0.0 5.0 0.0
70 1 9 1.0 15.931997307697284 15.931997307697284
71 0 100 0.0 0.0 0.0
72 1 13 1.0 25.320989780782124 25.320989780782124
73 4 104 151.22372397683895 2812.409095796941 425302.97681274783
74 0 8 0.0 8.0 0.0
75 2 24 13.494214179327372 97.86086952638261 1320.555533164218
76 0 100 0.0 0.0 0.0
77 2 10 13.494214179327372 27.685321443873434 373.59165718715303
78 0 100 0.0 0.0 0.0
79 1 13 1.0 25.320989780782124 25.320989780782124
80 0 100 0.0 0.0 0.0
81 2 11 13.494214179327372 31.76494829034237 428.6430156251388
82 0 100 0.0 0.0 0.0
83 0 100 0.0 0.0 0.0
84 0 100 0.0 0.0 0.0
85 0 5 0.0 5.0 0.0
86 1 103 1.0 3.9914906122521803 3.9914906122521803
87 0 100 0.0 0.0 0.0
88 1 27 1.0 63.59241768810072 63.59241768810072
89 0 100 0.0 0.0 0.0
90 1 105 1.0 7.59708563275366 7.59708563275366
91 2 126 13.494214179327372 109.8359986590007 1482.1504905048694
92 2 18 13.494214179327372 64.62733255388774 872.0950673207774
93 0 100 0.0 0.0 0.0
94 0 100 0.0 0.0 0.0
95 0 100 0.0 0.0 0.0
96 0 5 0.0 5.0 0.0
97 0 100 0.0 0.0 0.0
98 2 28 13.494214179327372 122.22584512913716 1649.341732421874
99 0 100 0.0 0.0 0.0
100 0 5 0.0 5.0 0.0
101 1 12 1.0 22.891970023971037 22.891970023971037
102 0 100 0.0 0.0 0.0
103 0 9 0.0 9.0 0.0
104 9 124 1814.8473014962385 32369.82111547107 58746282.50132863
105 0 100 0.0 0.0 0.0
106 3 26 57.02181064673912 176.25042831919396 10050.118550023744
107 0 5 0.0 5.0 0.0
108 0 100 0.0 0.0 0.0
109 0 100 0.0 0.0 0.0
110 0 5 0.0 5.0 0.0
111 0 6 0.0 6.0 0.0
112 1 17 1.0 35.503281577765854 35.503281577765854
113 3 49 57.02181064673912 481.96892224029307 27482.74062159892
114 0 6 0.0 6.0 0.0
115 1 105 1.0 7.59708563275366 7.59708563275366
116 0 100 0.0 0.0 0.0
117 2 30 13.494214179327372 135.01359299654277 1821.9023410158823
118 1 18 1.0 38.15436697768484 38.15436697768484
119 2 35 13.494214179327372 168.62869283493262 2275.511697894588
120 0 10 0.0 10.0 0.0
121 0 5 0.0 5.0 0.0
122 1 18 1.0 38.15436697768484 38.15436697768484
123 0 9 0.0 9.0 0.0
124 1 18 1.0 38.15436697768484 38.15436697768484
125 2 13 13.494214179327372 40.41888428935346 545.4210814899858
126 0 11 0.0 11.0 0.0
127 2 20 13.494214179327372 75.23327232919837 1015.2138902218663
128 0 100 0.0 0.0 0.0
129 3 35 57.02181064673912 282.5239294230334 16110.026006732896
130 0 5 0.0 5.0 0.0
131 0 100 0.0 0.0 0.0
132 2 41 13.494214179327372 211.85407612585806 2858.8042780058545
133 1 109 1.0 15.931997307697284 15.931997307697284
134 1 108 1.0 13.734791927877684 13.734791927877684
135 2 42 13.494214179327372 219.34644070399202 2959.9078503327996
136 5 166 312.35291035940236 2024.56047903646 632377.3578256641
137 1 37 1.0 94.5824071263594 94.5824071263594
138 0 100 0.0 0.0 0.0
139 0 100 0.0 0.0 0.0
140 2 35 13.494214179327372 168.62869283493262 2275.511697894588
141 12 227 3920.792982031498 346581.45704656374 1358874144.4904182
142 2 109 13.494214179327372 23.78240930402918 320.92492484899776
143 0 100 0.0 0.0 0.0
144 1 103 1.0 3.9914906122521803 3.9914906122521803
145 3 74 57.02181064673912 927.3002957027797 52876.3418742291
146 4 21 151.22372397683895 182.37411197845725 27579.292370351337
147 5 55 312.35291035940236 1453.6132803589628 454040.3386571999
148 0 100 0.0 0.0 0.0
149 3 23 57.02181064673912 145.08021796711313 8272.736717508364
150 2 24 13.494214179327372 97.86086952638261 1320.555533164218
151 0 6 0.0 6.0 0.0
152 0 100 0.0 0.0 0.0
153 0 6 0.0 6.0 0.0
154 1 105 1.0 7.59708563275366 7.59708563275366
155 0 100 0.0 0.0 0.0
156 0 100 0.0 0.0 0.0
157 1 15 1.0 30.323695983612147 30.323695983612147
158 0 100 0.0 0.0 0.0
159 1 9 1.0 15.931997307697284 15.931997307697284
160 2 23 13.494214179327372 92.0346545141889 1241.9353399348638
161 2 52 13.494214179327372 298.47302352672085 4027.6589062209887
162 5 50 312.35291035940236 1222.4564081968258 381837.8168877801
163 2 30 13.494214179327372 135.01359299654277 1821.9023410158823
164 1 10 1.0 18.1937008646705 18.1937008646705
165 0 100 0.0 0.0 0.0
166 4 83 151.22372397683895 1912.3940233356846 289199.34591987205
167 2 40 13.494214179327372 204.4421003683832 2758.785489642506
168 3 49 57.02181064673912 481.96892224029307 27482.74062159892
169 1 36 1.0 91.37308344663872 91.37308344663872
170 1 21 1.0 46.33316012586883 46.33316012586883
171 2 132 13.494214179327372 148.1842032776824 1999.6293770220316
172 2 30 13.494214179327372 135.01359299654277 1821.9023410158823
173 1 7 1.0 11.607984241186918 11.607984241186918
174 2 54 13.494214179327372 315.16948038953416 4252.964471163692
175 1 105 1.0 7.59708563275366 7.59708563275366
176 1 104 1.0 5.735193251789799 5.735193251789799
177 2 18 13.494214179327372 64.62733255388774 872.0950673207774
178 2 73 13.494214179327372 486.8291720253608 6569.377116054828
179 2 35 13.494214179327372 168.62869283493262 2275.511697894588
180 2 30 13.494214179327372 135.01359299654277 1821.9023410158823
181 0 9 0.0 9.0 0.0
182 0 100 0.0 0.0 0.0
183 3 58 57.02181064673912 629.8939717412368 35917.694784151245
184 4 110 151.22372397683895 3095.5112687915 468114.7416789203
185 5 188 312.35291035940236 3414.7546568712237 1066608.555237049
186 1 105 1.0 7.59708563275366 7.59708563275366
187 1 10 1.0 18.1937008646705 18.1937008646705
188 1 11 1.0 20.51504931294799 20.51504931294799
189 3 61 57.02181064673912 682.3928350558612 38911.2750272468
190 0 6 0.0 6.0 0.0
191 1 10 1.0 18.1937008646705 18.1937008646705
192 0 100 0.0 0.0 0.0
193 1 12 1.0 22.891970023971037 22.891970023971037
194 1 12 1.0 22.891970023971037 22.891970023971037
195 2 32 13.494214179327372 148.1842032776824 1999.6293770220316
196 2 24 13.494214179327372 97.86086952638261 1320.555533164218
197 2 49 13.494214179327372 273.9583678426836 3696.8528918881248
198 4 38 151.22372397683895 502.796158813779 76034.7075370698
199 13 188 4801.088521889328 302721.97485228034 1453394998.786953
