0 0 5 0.0 5.0 0.0
1 0 5 0.0 5.0 0.0
2 1 6 1.0 9.55892689827884 9.55892689827884
3 0 100 0.0 0.0 0.0
4 0 100 0.0 0.0 0.0
5 0 6 0.0 6.0 0.0
6 0 100 0.0 0.0 0.0
7 0 10 0.0 10.0 0.0
8 0 100 0.0 0.0 0.0
9 0 11 0.0 11.0 0.0
10 0 100 0.0 0.0 0.0
11 1 7 1.0 11.607984241186918 11.607984241186918
12 0 6 0.0 6.0 0.0
13 0 11 0.0 11.0 0.0
14 1 23 1.0 51.960050539976365 51.960050539976365
15 0 6 0.0 6.0 0.0
16 0 7 0.0 7.0 0.0
17 1 6 1.0 9.55892689827884 9.55892689827884
18 0 6 0.0 6.0 0.0
19 0 100 0.0 0.0 0.0
20 1 15 1.0 30.323695983612147 30.323695983612147
21 0 6 0.0 6.0 0.0
22 1 13 1.0 25.320989780782124 25.320989780782124
23 1 8 1.0 13.734791927877684 13.734791927877684
24 0 100 0.0 0.0 0.0
25 0 9 0.0 9.0 0.0
26 1 106 1.0 9.55892689827884 9.55892689827884
27 0 100 0.0 0.0 0.0
28 0 100 0.0 0.0 0.0
29 0 11 0.0 11.0 0.0
30 0 10 0.0 10.0 0.0
31 0 9 0.0 9.0 0.0
32 0 100 0.0 0.0 0.0
33 0 100 0.0 0.0 0.0
34 0 100 0.0 0.0 0.0
35 0 8 0.0 8.0 0.0
36 1 27 1.0 63.59241768810072 63.59241768810072
37 0 5 0.0 5.0 0.0
38 0 6 0.0 6.0 0.0
39 0 100 0.0 0.0 0.0
40 0 5 0.0 5.0 0.0
41 0 100 0.0 0.0 0.0
42 1 6 1.0 9.55892689827884 9.55892689827884
43 0 5 0.0 5.0 0.0
44 0 9 0.0 9.0 0.0
45 0 6 0.0 6.0 0.0
46 2 9 13.494214179327372 23.78240930402918 320.92492484899776
47 0 11 0.0 11.0 0.0
48 0 6 0.0 6.0 0.0
49 1 8 1.0 13.734791927877684 13.734791927877684
50 0 100 0.0 0.0 0.0
51 0 11 0.0 11.0 0.0
52 0 100 0.0 0.0 0.0
53 0 5 0.0 5.0 0.0
54 0 100 0.0 0.0 0.0
55 0 6 0.0 6.0 0.0
56 0 17 0.0 17.0 0.0
57 0 5 0.0 5.0 0.0
58 0 6 0.0 6.0 0.0
59 0 11 0.0 11.0 0.0
60 0 6 0.0 6.0 0.0
61 0 6 0.0 6.0 0.0
62 1 7 1.0 11.607984241186918 11.607984241186918
63 0 100 0.0 0.0 0.0
64 0 5 0.0 5.0 0.0
65 1 9 1.0 15.931997307697284 15.931997307697284
66 0 6 0.0 6.0 0.0
67 0 100 0.0 0.0 0.0
68 0 6 0.0 6.0 0.0
69 0 10 0.0 10.0 0.0
70 1 8 1.0 13.734791927877684 13.734791927877684
71 0 100 0.0 0.0 0.0
72 0 11 0.0 11.0 0.0
73 0 7 0.0 7.0 0.0
74 0 8 0.0 8.0 0.0
75 0 6 0.0 6.0 0.0
76 1 16 1.0 32.892441635375256 32.892441635375256
77 0 100 0.0 0.0 0.0
78 0 9 0.0 9.0 0.0
79 0 6 0.0 6.0 0.0
80 0 100 0.0 0.0 0.0
81 0 6 0.0 6.0 0.0
82 0 7 0.0 7.0 0.0
83 1 10 1.0 18.1937008646705 18.1937008646705
84 0 9 0.0 9.0 0.0
85 0 11 0.0 11.0 0.0
86 0 100 0.0 0.0 0.0
87 0 9 0.0 9.0 0.0
88 0 5 0.0 5.0 0.0
89 0 5 0.0 5.0 0.0
90 1 104 1.0 5.735193251789799 5.735193251789799
91 1 7 1.0 11.607984241186918 11.607984241186918
92 1 10 1.0 18.1937008646705 18.1937008646705
93 0 100 0.0 0.0 0.0
94 0 6 0.0 6.0 0.0
95 0 5 0.0 5.0 0.0
96 0 100 0.0 0.0 0.0
97 0 100 0.0 0.0 0.0
98 0 10 0.0 10.0 0.0
99 1 7 1.0 11.607984241186918 11.607984241186918
100 0 100 0.0 0.0 0.0
101 0 100 0.0 0.0 0.0
102 0 5 0.0 5.0 0.0
103 0 5 0.0 5.0 0.0
104 0 5 0.0 5.0 0.0
105 0 5 0.0 5.0 0.0
106 0 100 0.0 0.0 0.0
107 0 8 0.0 8.0 0.0
108 0 100 0.0 0.0 0.0
109 0 6 0.0 6.0 0.0
110 0 6 0.0 6.0 0.0
111 0 7 0.0 7.0 0.0
112 0 5 0.0 5.0 0.0
113 0 6 0.0 6.0 0.0
114 0 7 0.0 7.0 0.0
115 0 6 0.0 6.0 0.0
116 0 100 0.0 0.0 0.0
117 0 5 0.0 5.0 0.0
118 0 5 0.0 5.0 0.0
119 0 11 0.0 11.0 0.0
120 1 19 1.0 40.84402933782601 40.84402933782601
121 1 8 1.0 13.734791927877684 13.734791927877684
122 0 100 0.0 0.0 0.0
123 0 8 0.0 8.0 0.0
124 0 6 0.0 6.0 0.0
125 0 6 0.0 6.0 0.0
126 0 100 0.0 0.0 0.0
127 1 7 1.0 11.607984241186918 11.607984241186918
128 0 100 0.0 0.0 0.0
129 1 6 1.0 9.55892689827884 9.55892689827884
130 1 9 1.0 15.931997307697284 15.931997307697284
131 1 7 1.0 11.607984241186918 11.607984241186918
132 0 11 0.0 11.0 0.0
133 0 100 0.0 0.0 0.0
134 0 100 0.0 0.0 0.0
135 0 8 0.0 8.0 0.0
136 0 5 0.0 5.0 0.0
137 0 100 0.0 0.0 0.0
138 1 6 1.0 9.55892689827884 9.55892689827884
139 0 100 0.0 0.0 0.0
140 0 100 0.0 0.0 0.0
141 1 13 1.0 25.320989780782124 25.320989780782124
142 0 100 0.0 0.0 0.0
143 1 31 1.0 75.68293941204132 75.68293941204132
144 0 100 0.0 0.0 0.0
145 0 8 0.0 8.0 0.0
146 0 5 0.0 5.0 0.0
147 0 100 0.0 0.0 0.0
148 0 6 0.0 6.0 0.0
149 1 6 1.0 9.55892689827884 9.55892689827884
150 2 22 13.494214179327372 86.31942417916456 1164.8127977098563
151 0 5 0.0 5.0 0.0
152 1 105 1.0 7.59708563275366 7.59708563275366
153 1 14 1.0 27.799106543625292 27.799106543625292
154 0 5 0.0 5.0 0.0
155 0 100 0.0 0.0 0.0
156 0 7 0.0 7.0 0.0
157 0 100 0.0 0.0 0.0
158 1 10 1.0 18.1937008646705 18.1937008646705
159 1 5 1.0 7.59708563275366 7.59708563275366
160 1 22 1.0 49.12998068819353 49.12998068819353
161 0 100 0.0 0.0 0.0
162 0 100 0.0 0.0 0.0
163 1 16 1.0 32.892441635375256 32.892441635375256
164 0 100 0.0 0.0 0.0
165 0 100 0.0 0.0 0.0
166 0 9 0.0 9.0 0.0
167 0 9 0.0 9.0 0.0
168 1 13 1.0 25.320989780782124 25.320989780782124
169 0 6 0.0 6.0 0.0
170 1 5 1.0 7.59708563275366 7.59708563275366
171 1 9 1.0 15.931997307697284 15.931997307697284
172 0 100 0.0 0.0 0.0
173 0 6 0.0 6.0 0.0
174 1 8 1.0 13.734791927877684 13.734791927877684
175 0 6 0.0 6.0 0.0
176 1 6 1.0 9.55892689827884 9.55892689827884
177 1 104 1.0 5.735193251789799 5.735193251789799
178 0 100 0.0 0.0 0.0
179 0 100 0.0 0.0 0.0
180 1 9 1.0 15.931997307697284 15.931997307697284
181 0 100 0.0 0.0 0.0
182 1 106 1.0 9.55892689827884 9.55892689827884
183 0 100 0.0 0.0 0.0
184 1 108 1.0 13.734791927877684 13.734791927877684
185 0 100 0.0 0.0 0.0
186 1 7 1.0 11.607984241186918 11.607984241186918
187 1 13 1.0 25.320989780782124 25.320989780782124
188 1 11 1.0 20.51504931294799 20.51504931294799
189 1 9 1.0 15.931997307697284 15.931997307697284
190 0 7 0.0 7.0 0.0
191 0 100 0.0 0.0 0.0
192 2 9 13.494214179327372 23.78240930402918 320.92492484899776
193 0 100 0.0 0.0 0.0
194 0 8 0.0 8.0 0.0
195 2 9 13.494214179327372 23.78240930402918 320.92492484899776
196 0 100 0.0 0.0 0.0
197 0 100 0.0 0.0 0.0
198 0 100 0.0 0.0 0.0
199 0 11 0.0 11.0 0.0
