0 0 100 0.0 0.0 0.0
1 0 6 0.0 6.0 0.0
2 1 10 1.0 18.1937008646705 18.1937008646705
3 1 21 1.0 46.33316012586883 46.33316012586883
4 0 10 0.0 10.0 0.0
5 0 100 0.0 0.0 0.0
6 3 116 57.02181064673912 81.54950460903234 4650.100410151621
7 0 5 0.0 5.0 0.0
8 0 5 0.0 5.0 0.0
9 1 9 1.0 15.931997307697284 15.931997307697284
10 0 100 0.0 0.0 0.0
11 1 6 1.0 9.55892689827884 9.55892689827884
12 1 103 1.0 3.9914906122521803 3.9914906122521803
13 0 5 0.0 5.0 0.0
14 0 100 0.0 0.0 0.0
15 1 19 1.0 40.84402933782601 40.84402933782601
16 0 100 0.0 0.0 0.0
17 0 5 0.0 5.0 0.0
18 1 100 1.0 0.0 0.0
19 3 105 57.02181064673912 12.869027240663021 733.8152345248144
20 0 5 0.0 5.0 0.0
21 2 38 13.494214179327372 189.8638195218893 2562.0630455335317
22 0 100 0.0 0.0 0.0
23 1 9 1.0 15.931997307697284 15.931997307697284
24 0 100 0.0 0.0 0.0
25 0 100 0.0 0.0 0.0
26 1 11 1.0 20.51504931294799 20.51504931294799
27 0 100 0.0 0.0 0.0
28 0 10 0.0 10.0 0.0
29 0 100 0.0 0.0 0.0
30 0 100 0.0 0.0 0.0
31 0 5 0.0 5.0 0.0
32 0 100 0.0 0.0 0.0
33 2 23 13.494214179327372 92.0346545141889 1241.9353399348638
34 0 100 0.0 0.0 0.0
35 3 20 57.02181064673912 116.21344721391306 6626.701181636562
36 0 100 0.0 0.0 0.0
37 0 100 0.0 0.0 0.0
38 0 100 0.0 0.0 0.0
39 0 100 0.0 0.0 0.0
40 0 100 0.0 0.0 0.0
41 0 11 0.0 11.0 0.0
42 0 5 0.0 5.0 0.0
43 1 20 1.0 43.57075425423803 43.57075425423803
44 6 202 552.5626438069447 6955.268535289175 3843221.5702466425
45 1 10 1.0 18.1937008646705 18.1937008646705
46 1 16 1.0 32.892441635375256 32.892441635375256
47 0 6 0.0 6.0 0.0
48 10 169 2424.408141701412 90110.55718762161 218464768.49892056
49 0 100 0.0 0.0 0.0
50 1 18 1.0 38.15436697768484 38.15436697768484
51 11 222 3127.3197986346404 235400.47553003722 736172567.7330946
52 0 5 0.0 5.0 0.0
53 2 21 13.494214179327372 80.71796600694597 1089.2255214173952
54 2 35 13.494214179327372 168.62869283493262 2275.511697894588
55 0 100 0.0 0.0 0.0
56 0 100 0.0 0.0 0.0
57 0 10 0.0 10.0 0.0
58 1 9 1.0 15.931997307697284 15.931997307697284
59 0 100 0.0 0.0 0.0
60 0 100 0.0 0.0 0.0
61 1 102 1.0 2.3948263510722025 2.3948263510722025
62 0 100 0.0 0.0 0.0
63 0 100 0.0 0.0 0.0
64 0 5 0.0 5.0 0.0
65 1 105 1.0 7.59708563275366 7.59708563275366
66 0 100 0.0 0.0 0.0
67 0 100 0.0 0.0 0.0
68 0 100 0.0 0.0 0.0
69 2 106 13.494214179327372 13.252209915340185 178.8281589470063
70 3 134 57.02181064673912 269.81820202916316 15385.522425150542
71 0 100 0.0 0.0 0.0
72 0 100 0.0 0.0 0.0
73 4 153 151.22372397683895 888.1171619831025 134304.38456282625
74 0 7 0.0 7.0 0.0
75 0 100 0.0 0.0 0.0
76 0 5 0.0 5.0 0.0
77 0 6 0.0 6.0 0.0
78 0 5 0.0 5.0 0.0
79 0 5 0.0 5.0 0.0
80 0 100 0.0 0.0 0.0
81 3 129 57.02181064673912 209.61005902119368 11952.345095158316
82 0 5 0.0 5.0 0.0
83 4 45 151.22372397683895 671.3571728121805 101525.13179122015
84 0 5 0.0 5.0 0.0
85 0 5 0.0 5.0 0.0
86 0 100 0.0 0.0 0.0
87 0 100 0.0 0.0 0.0
88 0 6 0.0 6.0 0.0
89 2 30 13.494214179327372 135.01359299654277 1821.9023410158823
90 1 16 1.0 32.892441635375256 32.892441635375256
91 1 18 1.0 38.15436697768484 38.15436697768484
92 1 16 1.0 32.892441635375256 32.892441635375256
93 0 100 0.0 0.0 0.0
94 7 132 880.1589317377488 17424.0 15335889.226598537
95 1 13 1.0 25.320989780782124 25.320989780782124
96 0 100 0.0 0.0 0.0
97 6 166 552.5626438069447 3024.560894461153 1671259.3641985522
98 5 214 312.35291035940236 5465.679515018471 1707220.9036077862
99 0 6 0.0 6.0 0.0
100 1 12 1.0 22.891970023971037 22.891970023971037
101 1 8 1.0 13.734791927877684 13.734791927877684
102 0 100 0.0 0.0 0.0
103 2 19 13.494214179327372 69.8685662777562 942.821397754572
104 0 100 0.0 0.0 0.0
105 1 12 1.0 22.891970023971037 22.891970023971037
106 7 150 880.1589317377488 22500.0 19803575.964099348
107 1 11 1.0 20.51504931294799 20.51504931294799
108 1 16 1.0 32.892441635375256 32.892441635375256
109 1 103 1.0 3.9914906122521803 3.9914906122521803
110 0 100 0.0 0.0 0.0
111 1 30 1.0 72.61998620345668 72.61998620345668
112 7 92 880.1589317377488 8464.0 7449665.198228306
113 0 10 0.0 10.0 0.0
114 1 36 1.0 91.37308344663872 91.37308344663872
115 2 23 13.494214179327372 92.0346545141889 1241.9353399348638
116 5 126 312.35291035940236 6555.813195992822 2047727.331540933
117 2 9 13.494214179327372 23.78240930402918 320.92492484899776
118 0 100 0.0 0.0 0.0
119 12 206 3920.792982031498 275852.07684250775 1081558886.9629178
120 1 33 1.0 81.88562674252243 81.88562674252243
121 2 33 13.494214179327372 154.90879557685506 2090.372465775723
122 2 20 13.494214179327372 75.23327232919837 1015.2138902218663
123 0 100 0.0 0.0 0.0
124 11 182 3127.3197986346404 149372.90046118762 467136828.99175346
125 1 18 1.0 38.15436697768484 38.15436697768484
126 2 18 13.494214179327372 64.62733255388774 872.0950673207774
127 1 22 1.0 49.12998068819353 49.12998068819353
128 0 100 0.0 0.0 0.0
129 1 12 1.0 22.891970023971037 22.891970023971037
130 0 100 0.0 0.0 0.0
131 1 104 1.0 5.735193251789799 5.735193251789799
132 2 19 13.494214179327372 69.8685662777562 942.821397754572
133 3 69 57.02181064673912 829.8335342600375 47318.61065889016
134 2 41 13.494214179327372 211.85407612585806 2858.8042780058545
135 1 107 1.0 11.607984241186918 11.607984241186918
136 1 103 1.0 3.9914906122521803 3.9914906122521803
137 5 67 312.35291035940236 2080.6456750556 649895.73203032
138 6 187 552.5626438069447 5130.584655325767 2834969.421422148
139 2 39 13.494214179327372 197.11162840858907 2659.8665309814905
140 3 152 57.02181064673912 529.6457757489877 30201.361134604027
141 4 66 151.22372397683895 1292.338741426653 195432.27711807963
142 4 57 151.22372397683895 1005.7817905983286 152098.06788237247
143 3 16 57.02181064673912 81.54950460903234 4650.100410151621
144 2 31 13.494214179327372 141.5519192260369 1910.1319155309898
145 0 6 0.0 6.0 0.0
146 10 210 2424.408141701412 146072.84146951008 354140186.14013994
147 0 5 0.0 5.0 0.0
148 3 137 57.02181064673912 308.57807572808247 17595.680603901845
149 1 55 1.0 155.85458639063 155.85458639063
150 2 42 13.494214179327372 219.34644070399202 2959.9078503327996
151 1 105 1.0 7.59708563275366 7.59708563275366
152 11 235 3127.3197986346404 268157.71975980385 838614946.1615541
153 0 5 0.0 5.0 0.0
154 3 56 57.02181064673912 595.765723501293 33971.640275308266
155 1 14 1.0 27.799106543625292 27.799106543625292
156 4 53 151.22372397683895 888.1171619831025 134304.38456282625
157 0 100 0.0 0.0 0.0
158 0 5 0.0 5.0 0.0
159 6 93 552.5626438069447 5828.709556476301 3220727.162509349
160 1 21 1.0 46.33316012586883 46.33316012586883
161 3 55 57.02181064673912 578.9666715492328 33013.72791585315
162 0 100 0.0 0.0 0.0
163 6 114 552.5626438069447 8604.337363813209 4754435.401955504
164 1 9 1.0 15.931997307697284 15.931997307697284
165 6 191 552.5626438069447 5591.281626292221 3089533.357693223
166 0 100 0.0 0.0 0.0
167 0 5 0.0 5.0 0.0
168 1 7 1.0 11.607984241186918 11.607984241186918
169 1 110 1.0 18.1937008646705 18.1937008646705
170 2 42 13.494214179327372 219.34644070399202 2959.9078503327996
171 1 16 1.0 32.892441635375256 32.892441635375256
172 0 100 0.0 0.0 0.0
173 1 8 1.0 13.734791927877684 13.734791927877684
174 2 51 13.494214179327372 290.23003402420613 3916.426240396108
175 3 67 57.02181064673912 791.9778998728451 45160.013842951485
176 1 20 1.0 43.57075425423803 43.57075425423803
177 3 54 57.02181064673912 562.3460860297637 32065.99203552405
178 0 100 0.0 0.0 0.0
179 3 109 57.02181064673912 1714.797991413932 97780.88636381381
180 0 100 0.0 0.0 0.0
181 0 8 0.0 8.0 0.0
182 0 100 0.0 0.0 0.0
183 5 73 312.35291035940236 2431.5451615879456 759500.2078923181
184 10 183 2424.408141701412 107558.85724916201 260766569.22696835
185 6 120 552.5626438069447 9491.407950004868 5244597.470304944
186 1 20 1.0 43.57075425423803 43.57075425423803
187 0 6 0.0 6.0 0.0
188 7 223 880.1589317377488 15129.0 13315924.478260402
189 1 11 1.0 20.51504931294799 20.51504931294799
190 3 135 57.02181064673912 282.5239294230334 16110.026006732896
191 2 46 13.494214179327372 250.0988923255542 3374.8880190535633
192 0 100 0.0 0.0 0.0
193 2 126 13.494214179327372 109.8359986590007 1482.1504905048694
194 10 153 2424.408141701412 72228.7744823091 175112028.9200254
195 0 100 0.0 0.0 0.0
196 5 69 312.35291035940236 2194.8788310889477 685576.7907768759
197 4 53 151.22372397683895 888.1171619831025 134304.38456282625
198 0 100 0.0 0.0 0.0
199 1 20 1.0 43.57075425423803 43.57075425423803
