0 4 49 151.22372397683895 776.5950928818146 117439.60196772714
1 0 10 0.0 10.0 0.0
2 0 100 0.0 0.0 0.0
3 0 6 0.0 6.0 0.0
4 2 31 13.494214179327372 141.5519192260369 1910.1319155309898
5 1 14 1.0 27.799106543625292 27.799106543625292
6 0 8 0.0 8.0 0.0
7 2 14 13.494214179327372 44.97826169706515 606.9462967540338
8 1 102 1.0 2.3948263510722025 2.3948263510722025
9 3 149 57.02181064673912 481.96892224029307 27482.74062159892
10 0 100 0.0 0.0 0.0
11 0 100 0.0 0.0 0.0
12 0 100 0.0 0.0 0.0
13 4 173 151.22372397683895 1535.4556318691968 232197.31865247028
14 2 10 13.494214179327372 27.685321443873434 373.59165718715303
15 1 18 1.0 38.15436697768484 38.15436697768484
16 1 105 1.0 7.59708563275366 7.59708563275366
17 0 10 0.0 10.0 0.0
18 0 100 0.0 0.0 0.0
19 0 100 0.0 0.0 0.0
20 21 361 14374.256054893494 14663436.68118662 210775993500.09415
21 0 5 0.0 5.0 0.0
22 0 100 0.0 0.0 0.0
23 0 10 0.0 10.0 0.0
24 0 6 0.0 6.0 0.0
25 0 100 0.0 0.0 0.0
26 1 101 1.0 1.0 1.0
27 1 110 1.0 18.1937008646705 18.1937008646705
28 0 5 0.0 5.0 0.0
29 22 371 15807.685316481819 20274848.627683878 320498426945.73
30 1 9 1.0 15.931997307697284 15.931997307697284
31 0 10 0.0 10.0 0.0
32 0 100 0.0 0.0 0.0
33 2 18 13.494214179327372 64.62733255388774 872.0950673207774
34 0 100 0.0 0.0 0.0
35 0 5 0.0 5.0 0.0
36 1 107 1.0 11.607984241186918 11.607984241186918
37 15 227 6803.971395961631 864595.8430902208 5882685385.453193
38 0 100 0.0 0.0 0.0
39 0 100 0.0 0.0 0.0
40 0 100 0.0 0.0 0.0
41 0 100 0.0 0.0 0.0
42 7 104 880.1589317377488 10816.0 9519799.005675491
43 1 11 1.0 20.51504931294799 20.51504931294799
44 0 100 0.0 0.0 0.0
45 0 9 0.0 9.0 0.0
46 14 173 5763.781188419757 330747.3113173676 1906355131.0914564
47 0 11 0.0 11.0 0.0
48 0 10 0.0 10.0 0.0
49 4 63 151.22372397683895 1193.5182370479756 180488.2724406665
50 0 9 0.0 9.0 0.0
51 0 100 0.0 0.0 0.0
52 1 117 1.0 35.503281577765854 35.503281577765854
53 0 5 0.0 5.0 0.0
54 0 10 0.0 10.0 0.0
55 3 16 57.02181064673912 81.54950460903234 4650.100410151621
56 10 131 2424.408141701412 51140.99905783681 123986654.49056381
57 7 119 880.1589317377488 14161.0 12463930.632338261
58 0 6 0.0 6.0 0.0
59 0 100 0.0 0.0 0.0
60 1 12 1.0 22.891970023971037 22.891970023971037
61 1 36 1.0 91.37308344663872 91.37308344663872
62 0 100 0.0 0.0 0.0
63 3 142 57.02181064673912 377.3528472077043 21517.342600485594
64 0 100 0.0 0.0 0.0
65 0 100 0.0 0.0 0.0
66 0 5 0.0 5.0 0.0
67 9 90 1814.8473014962385 16228.85406923779 29452892.01393245
68 2 32 13.494214179327372 148.1842032776824 1999.6293770220316
69 0 100 0.0 0.0 0.0
70 0 100 0.0 0.0 0.0
71 0 100 0.0 0.0 0.0
72 0 100 0.0 0.0 0.0
73 1 25 1.0 57.71571011139208 57.71571011139208
74 3 41 57.02181064673912 363.1907597716439 20709.794732343995
75 1 17 1.0 35.503281577765854 35.503281577765854
76 1 22 1.0 49.12998068819353 49.12998068819353
77 0 100 0.0 0.0 0.0
78 20 291 12981.212045421978 6276158.969264278 81472150410.79663
79 19 357 11633.622691025432 8491952.86908583 98792175588.91542
80 1 103 1.0 3.9914906122521803 3.9914906122521803
81 0 100 0.0 0.0 0.0
82 0 10 0.0 10.0 0.0
83 3 40 57.02181064673912 349.23013798641597 19913.734800395985
84 6 87 552.5626438069447 5130.584655325767 2834969.421422148
85 0 100 0.0 0.0 0.0
86 0 10 0.0 10.0 0.0
87 18 386 10336.717591947081 7980936.003343732 82496681585.96698
88 0 100 0.0 0.0 0.0
89 2 25 13.494214179327372 103.79546451213633 1400.6382289695412
90 0 6 0.0 6.0 0.0
91 1 110 1.0 18.1937008646705 18.1937008646705
92 0 100 0.0 0.0 0.0
93 0 100 0.0 0.0 0.0
94 0 100 0.0 0.0 0.0
95 0 100 0.0 0.0 0.0
96 0 100 0.0 0.0 0.0
97 0 100 0.0 0.0 0.0
98 2 73 13.494214179327372 486.8291720253608 6569.377116054828
99 1 44 1.0 117.65777237975428 117.65777237975428
100 1 115 1.0 30.323695983612147 30.323695983612147
101 14 291 5763.781188419757 1192566.592649721 6873692892.652309
102 4 123 151.22372397683895 213.06977413856453 32221.2047121377
103 3 129 57.02181064673912 209.61005902119368 11952.345095158316
104 19 261 11633.622691025432 3628871.301043255 42216919510.62779
105 9 105 1814.8473014962385 22621.44489281392 41054468.21966921
106 0 100 0.0 0.0 0.0
107 21 453 14374.256054893494 27700756.40014084 398177765409.8542
108 20 278 12981.212045421978 5532663.737682136 71820681154.86873
109 1 20 1.0 43.57075425423803 43.57075425423803
110 10 150 2424.408141701412 69116.80200881512 167567337.5185359
111 9 159 1814.8473014962385 55305.24634977481 100370577.09647352
112 17 236 9095.850952291546 1654964.609250074 15053311417.056093
113 10 123 2424.408141701412 44453.64316262519 107773774.41175781
114 18 294 10336.717591947081 3859598.119143505 39895575775.99654
115 15 247 6803.971395961631 1069592.9085283494 7277479554.9502945
116 0 100 0.0 0.0 0.0
117 16 224 7916.453847805617 1104458.6554188346 8743395972.432652
118 12 214 3920.792982031498 301705.1628707397 1182923485.2262664
119 10 245 2424.408141701412 64097.25121371274 155397897.70320588
120 2 40 13.494214179327372 204.4421003683832 2758.785489642506
121 8 115 1300.1508247099457 19338.564883686733 25143051.082232103
122 0 7 0.0 7.0 0.0
123 23 384 17276.616480405057 28477456.40921236 491994092719.41486
124 5 193 312.35291035940236 3775.468945982596 1179278.713249209
125 15 260 6803.971395961631 1217170.7636398226 8281595059.8061285
126 19 204 11633.622691025432 1859091.7099904597 21627971502.042282
127 5 191 312.35291035940236 3629.2296992039956 1133600.4589091465
128 19 285 11633.622691025432 4607593.256776979 53603001463.056435
129 6 73 552.5626438069447 3667.8232800781016 2026702.1286566157
130 22 421 15807.685316481819 29047529.280971456 459174202094.8882
131 16 258 7916.453847805617 1588376.1362783175 12574306375.803106
132 15 246 6803.971395961631 1058714.6940227023 7203464494.614737
133 23 419 17276.616480405057 36624701.66704359 632750924410.7638
134 12 168 3920.792982031498 170783.8914273342 669608282.9523212
135 0 100 0.0 0.0 0.0
136 7 171 880.1589317377488 29241.0 25736727.322943512
137 14 229 5763.781188419757 660472.5308888281 3806819149.0050144
138 0 100 0.0 0.0 0.0
139 13 318 4801.088521889328 432526.60679837584 2076598527.311421
140 0 100 0.0 0.0 0.0
141 13 207 4801.088521889328 381784.2534940421 1832979997.288331
142 6 201 552.5626438069447 6825.411756924657 3771467.565477292
143 18 406 10336.717591947081 9132615.401153944 94401266277.59483
144 26 603 21850.715853258855 219256227.0 4790905515234.622
145 5 92 312.35291035940236 3702.0246060004592 1156338.1599063633
146 12 240 3920.792982031498 395069.27621432603 1548984845.597393
147 27 478 23417.05273547914 136874076.4410028 3205187466138.9653
148 18 233 10336.717591947081 2075183.1996578686 21450582686.416523
149 0 100 0.0 0.0 0.0
150 14 260 5763.781188419757 903309.19273234 5206476532.397298
151 20 347 12981.212045421978 10199441.796264527 132401116702.24947
152 0 100 0.0 0.0 0.0
153 8 106 1300.1508247099457 16323.225002619285 21222654.44908147
154 15 272 6803.971395961631 1363732.5899489343 9278797533.753222
155 1 116 1.0 32.892441635375256 32.892441635375256
156 16 244 7916.453847805617 1376104.8014888435 10893870150.73014
157 17 348 9095.850952291546 1884684.4024590454 17142808416.876133
158 3 90 57.02181064673912 1265.2216514357588 72145.2294343244
159 21 370 14374.256054893494 15710942.526400527 225833110738.19647
160 13 318 4801.088521889328 432526.60679837584 2076598527.311421
161 17 281 9095.850952291546 2614724.9731380623 23783148636.89833
162 9 119 1814.8473014962385 29623.09111740326 53761386.9763965
163 12 175 3920.792982031498 187989.31688919218 737067194.3560401
164 11 240 3127.3197986346404 281399.562147863 880026422.0321308
165 19 253 11633.622691025432 3334822.1503636288 38796062639.00454
166 21 311 14374.256054893494 9656342.291797638 138802736655.9963
167 12 215 3920.792982031498 305030.63425581815 1195961970.0948284
168 15 213 6803.971395961631 736459.6361503325 5010850298.647173
169 16 231 7916.453847805617 1195396.4764019994 9463301035.265884
170 13 205 4801.088521889328 372954.3568141739 1790586881.6891475
171 9 234 1814.8473014962385 38256.77589826959 69430206.5029209
172 20 363 12981.212045421978 11550167.358987138 149935171647.1236
173 18 344 10336.717591947081 5868900.278254742 60665164751.61891
174 19 373 11633.622691025432 9565149.401425144 111277339119.46788
175 12 305 3920.792982031498 272713.754843532 1069254176.0939786
176 14 240 5763.781188419757 741490.6921805334 4273790102.978503
177 16 183 7916.453847805617 656748.1177850121 5199116164.078256
178 19 296 11633.622691025432 5106434.389935744 59406330988.98908
179 23 287 17276.616480405057 12295840.44178095 212430519616.90378
180 9 158 1814.8473014962385 54558.58518037661 99015501.08805917
181 16 208 7916.453847805617 912837.723374365 7226437707.629111
182 18 237 10336.717591947081 2171612.8448398258 22447348696.154076
183 17 304 9095.850952291546 3213435.4257543245 29228929677.474865
184 12 349 3920.792982031498 430791.02181594196 1689042415.058123
185 3 27 57.02181064673912 187.1321231368427 10670.612491431313
186 19 247 11633.622691025432 3124487.2809806853 36349106129.83726
187 14 301 5763.781188419757 478817.402515497 2759798737.3068323
188 17 422 9095.850952291546 3736299.602115112 33984824293.945267
189 17 395 9095.850952291546 2970057.0644257143 27015196377.816868
190 11 167 3127.3197986346404 122673.4003024803 383638953.5317793
191 24 279 18776.370315488246 14157614.119945567 265828605499.88318
192 25 330 20302.483562333644 28912633.103265785 586998258322.8372
193 21 288 14374.256054893494 7786001.449251104 111917978475.3072
194 15 325 6803.971395961631 2135745.2185837487 14531549376.305647
195 16 223 7916.453847805617 1091825.0736413943 8643382805.359068
196 11 138 3127.3197986346404 79268.40782369916 247897661.1932994
197 14 221 5763.781188419757 605018.3297633114 3487193267.738916
198 8 207 1300.1508247099457 65676.87046392972 85389837.2980465
199 22 381 15807.685316481819 21867911.91168164 345681070028.4077
