0 0 100 0.0 0.0 0.0
1 0 100 0.0 0.0 0.0
2 0 100 0.0 0.0 0.0
3 0 100 0.0 0.0 0.0
4 2 16 13.494214179327372 54.53075711894446 735.8497159239173
5 0 5 0.0 5.0 0.0
6 0 100 0.0 0.0 0.0
7 5 75 312.35291035940236 2553.9502583266267 797733.7961014693
8 0 5 0.0 5.0 0.0
9 2 15 13.494214179327372 49.68406405407534 670.4474016451129
10 1 24 1.0 54.8222930413608 54.8222930413608
11 2 12 13.494214179327372 36.01211998010309 485.95526006314566
12 1 9 1.0 15.931997307697284 15.931997307697284
13 2 110 13.494214179327372 27.685321443873434 373.59165718715303
14 0 100 0.0 0.0 0.0
15 5 62 312.35291035940236 1807.1402103142602 564465.5041191616
16 0 100 0.0 0.0 0.0
17 1 24 1.0 54.8222930413608 54.8222930413608
18 2 33 13.494214179327372 154.90879557685506 2090.372465775723
19 0 6 0.0 6.0 0.0
20 1 107 1.0 11.607984241186918 11.607984241186918
21 1 5 1.0 7.59708563275366 7.59708563275366
22 1 15 1.0 30.323695983612147 30.323695983612147
23 0 100 0.0 0.0 0.0
24 0 100 0.0 0.0 0.0
25 0 100 0.0 0.0 0.0
26 4 40 151.22372397683895 548.8883970182196 83004.94744477284
27 3 28 57.02181064673912 198.25318874016915 11304.755788454157
28 1 5 1.0 7.59708563275366 7.59708563275366
29 1 29 1.0 69.58346013935528 69.58346013935528
30 1 17 1.0 35.503281577765854 35.503281577765854
31 1 5 1.0 7.59708563275366 7.59708563275366
32 3 35 57.02181064673912 282.5239294230334 16110.026006732896
33 0 6 0.0 6.0 0.0
34 1 108 1.0 13.734791927877684 13.734791927877684
35 1 104 1.0 5.735193251789799 5.735193251789799
36 0 100 0.0 0.0 0.0
37 4 54 151.22372397683895 916.9626779842689 138666.51091255614
38 1 13 1.0 25.320989780782124 25.320989780782124
39 0 100 0.0 0.0 0.0
40 1 27 1.0 63.59241768810072 63.59241768810072
41 1 103 1.0 3.9914906122521803 3.9914906122521803
42 0 6 0.0 6.0 0.0
43 0 5 0.0 5.0 0.0
44 0 100 0.0 0.0 0.0
45 1 10 1.0 18.1937008646705 18.1937008646705
46 3 46 57.02181064673912 435.9769523615719 24860.195223903953
47 0 7 0.0 7.0 0.0
48 0 6 0.0 6.0 0.0
49 0 100 0.0 0.0 0.0
50 0 5 0.0 5.0 0.0
51 0 100 0.0 0.0 0.0
52 0 6 0.0 6.0 0.0
53 0 100 0.0 0.0 0.0
54 0 100 0.0 0.0 0.0
55 0 100 0.0 0.0 0.0
56 0 100 0.0 0.0 0.0
57 3 29 57.02181064673912 209.61005902119368 11952.345095158316
58 0 6 0.0 6.0 0.0
59 0 5 0.0 5.0 0.0
60 1 11 1.0 20.51504931294799 20.51504931294799
61 3 40 57.02181064673912 349.23013798641597 19913.734800395985
62 0 6 0.0 6.0 0.0
63 2 11 13.494214179327372 31.76494829034237 428.6430156251388
64 1 5 1.0 7.59708563275366 7.59708563275366
65 0 100 0.0 0.0 0.0
66 1 27 1.0 63.59241768810072 63.59241768810072
67 0 11 0.0 11.0 0.0
68 4 47 151.22372397683895 723.181183304868 109362.15164933914
69 1 10 1.0 18.1937008646705 18.1937008646705
70 0 5 0.0 5.0 0.0
71 5 42 312.35291035940236 890.5118703159138 278153.97440277034
72 0 11 0.0 11.0 0.0
73 2 22 13.494214179327372 86.31942417916456 1164.8127977098563
74 0 100 0.0 0.0 0.0
75 0 100 0.0 0.0 0.0
76 0 100 0.0 0.0 0.0
77 0 6 0.0 6.0 0.0
78 1 64 1.0 188.64450930209398 188.64450930209398
79 0 8 0.0 8.0 0.0
80 0 100 0.0 0.0 0.0
81 3 41 57.02181064673912 363.1907597716439 20709.794732343995
82 0 100 0.0 0.0 0.0
83 2 28 13.494214179327372 122.22584512913716 1649.341732421874
84 0 5 0.0 5.0 0.0
85 0 100 0.0 0.0 0.0
86 0 100 0.0 0.0 0.0
87 0 5 0.0 5.0 0.0
88 1 103 1.0 3.9914906122521803 3.9914906122521803
89 1 16 1.0 32.892441635375256 32.892441635375256
90 1 5 1.0 7.59708563275366 7.59708563275366
91 1 15 1.0 30.323695983612147 30.323695983612147
92 0 100 0.0 0.0 0.0
93 2 12 13.494214179327372 36.01211998010309 485.95526006314566
94 0 100 0.0 0.0 0.0
95 1 9 1.0 15.931997307697284 15.931997307697284
96 1 11 1.0 20.51504931294799 20.51504931294799
97 0 8 0.0 8.0 0.0
98 0 5 0.0 5.0 0.0
99 1 105 1.0 7.59708563275366 7.59708563275366
100 0 100 0.0 0.0 0.0
101 0 100 0.0 0.0 0.0
102 0 100 0.0 0.0 0.0
103 0 100 0.0 0.0 0.0
104 2 31 13.494214179327372 141.5519192260369 1910.1319155309898
105 0 100 0.0 0.0 0.0
106 2 19 13.494214179327372 69.8685662777562 942.821397754572
107 1 16 1.0 32.892441635375256 32.892441635375256
108 0 100 0.0 0.0 0.0
109 1 19 1.0 40.84402933782601 40.84402933782601
110 1 18 1.0 38.15436697768484 38.15436697768484
111 0 5 0.0 5.0 0.0
112 2 16 13.494214179327372 54.53075711894446 735.8497159239173
113 2 8 13.494214179327372 20.066939702021244 270.7875822627225
114 0 6 0.0 6.0 0.0
115 0 100 0.0 0.0 0.0
116 3 40 57.02181064673912 349.23013798641597 19913.734800395985
117 0 100 0.0 0.0 0.0
118 6 74 552.5626438069447 3764.5376458742294 2080142.874315036
119 0 100 0.0 0.0 0.0
120 2 25 13.494214179327372 103.79546451213633 1400.6382289695412
121 0 100 0.0 0.0 0.0
122 0 100 0.0 0.0 0.0
123 1 10 1.0 18.1937008646705 18.1937008646705
124 1 12 1.0 22.891970023971037 22.891970023971037
125 1 11 1.0 20.51504931294799 20.51504931294799
126 1 15 1.0 30.323695983612147 30.323695983612147
127 1 21 1.0 46.33316012586883 46.33316012586883
128 1 12 1.0 22.891970023971037 22.891970023971037
129 0 6 0.0 6.0 0.0
130 2 19 13.494214179327372 69.8685662777562 942.821397754572
131 1 17 1.0 35.503281577765854 35.503281577765854
132 1 21 1.0 46.33316012586883 46.33316012586883
133 1 21 1.0 46.33316012586883 46.33316012586883
134 0 100 0.0 0.0 0.0
135 1 50 1.0 138.2191034456061 138.2191034456061
136 0 100 0.0 0.0 0.0
137 1 14 1.0 27.799106543625292 27.799106543625292
138 3 30 57.02181064673912 221.1993434691573 12613.187078481296
139 0 5 0.0 5.0 0.0
140 0 5 0.0 5.0 0.0
141 1 10 1.0 18.1937008646705 18.1937008646705
142 1 18 1.0 38.15436697768484 38.15436697768484
143 4 42 151.22372397683895 596.6466987883373 90227.1356892597
144 0 100 0.0 0.0 0.0
145 1 15 1.0 30.323695983612147 30.323695983612147
146 0 100 0.0 0.0 0.0
147 0 100 0.0 0.0 0.0
148 2 18 13.494214179327372 64.62733255388774 872.0950673207774
149 1 30 1.0 72.61998620345668 72.61998620345668
150 2 15 13.494214179327372 49.68406405407534 670.4474016451129
151 0 100 0.0 0.0 0.0
152 3 39 57.02181064673912 335.47304520277595 19129.280460637645
153 3 41 57.02181064673912 363.1907597716439 20709.794732343995
154 4 42 151.22372397683895 596.6466987883373 90227.1356892597
155 7 84 880.1589317377488 7056.0 6210401.422341556
156 2 33 13.494214179327372 154.90879557685506 2090.372465775723
157 2 20 13.494214179327372 75.23327232919837 1015.2138902218663
158 2 18 13.494214179327372 64.62733255388774 872.0950673207774
159 1 15 1.0 30.323695983612147 30.323695983612147
160 1 15 1.0 30.323695983612147 30.323695983612147
161 2 28 13.494214179327372 122.22584512913716 1649.341732421874
162 6 70 552.5626438069447 3384.897920195671 1870368.1437999485
163 2 54 13.494214179327372 315.16948038953416 4252.964471163692
164 2 19 13.494214179327372 69.8685662777562 942.821397754572
165 2 35 13.494214179327372 168.62869283493262 2275.511697894588
166 3 34 57.02181064673912 269.81820202916316 15385.522425150542
167 1 5 1.0 7.59708563275366 7.59708563275366
168 3 40 57.02181064673912 349.23013798641597 19913.734800395985
169 2 23 13.494214179327372 92.0346545141889 1241.9353399348638
170 0 6 0.0 6.0 0.0
171 0 100 0.0 0.0 0.0
172 1 13 1.0 25.320989780782124 25.320989780782124
173 2 38 13.494214179327372 189.8638195218893 2562.0630455335317
174 2 26 13.494214179327372 109.8359986590007 1482.1504905048694
175 4 37 151.22372397683895 480.38255499420245 72645.23889973194
176 0 100 0.0 0.0 0.0
177 2 12 13.494214179327372 36.01211998010309 485.95526006314566
178 6 44 552.5626438069447 1392.5534457950612 769473.0136509899
179 1 27 1.0 63.59241768810072 63.59241768810072
180 1 21 1.0 46.33316012586883 46.33316012586883
181 0 6 0.0 6.0 0.0
182 0 100 0.0 0.0 0.0
183 2 16 13.494214179327372 54.53075711894446 735.8497159239173
184 2 28 13.494214179327372 122.22584512913716 1649.341732421874
185 4 58 151.22372397683895 1036.142416344768 156689.31477001615
186 1 28 1.0 66.57403288693754 66.57403288693754
187 0 6 0.0 6.0 0.0
188 1 7 1.0 11.607984241186918 11.607984241186918
189 1 7 1.0 11.607984241186918 11.607984241186918
190 1 9 1.0 15.931997307697284 15.931997307697284
191 3 23 57.02181064673912 145.08021796711313 8272.736717508364
192 1 10 1.0 18.1937008646705 18.1937008646705
193 2 22 13.494214179327372 86.31942417916456 1164.8127977098563
194 1 30 1.0 72.61998620345668 72.61998620345668
195 5 64 312.35291035940236 1914.4623288244568 597987.8801817582
196 2 27 13.494214179327372 115.98017876588344 1565.0613728235076
197 0 5 0.0 5.0 0.0
198 3 31 57.02181064673912 233.0178128969552 13287.097604327464
199 5 47 312.35291035940236 1092.4547337912052 341231.4155355891
