0 2 21 13.494214179327372 80.71796600694597 1089.2255214173952
1 5 158 312.35291035940236 1600.889370701534 500042.45410205633
2 9 174 1814.8473014962385 67160.9800884193 121886923.47931036
3 21 287 14374.256054893494 7710485.854509376 110832497980.35204
4 1 9 1.0 15.931997307697284 15.931997307697284
5 1 25 1.0 57.71571011139208 57.71571011139208
6 2 15 13.494214179327372 49.68406405407534 670.4474016451129
7 0 100 0.0 0.0 0.0
8 4 174 151.22372397683895 1571.597319835911 237662.7992976057
9 13 202 4801.088521889328 359935.57175293716 1728082542.1626992
10 0 100 0.0 0.0 0.0
11 1 10 1.0 18.1937008646705 18.1937008646705
12 0 100 0.0 0.0 0.0
13 0 11 0.0 11.0 0.0
14 18 283 10336.717591947081 3486189.3102133544 36035754371.74024
15 0 100 0.0 0.0 0.0
16 0 100 0.0 0.0 0.0
17 0 100 0.0 0.0 0.0
18 0 100 0.0 0.0 0.0
19 0 5 0.0 5.0 0.0
20 3 45 57.02181064673912 421.0282951259743 24007.7957215927
21 1 11 1.0 20.51504931294799 20.51504931294799
22 0 100 0.0 0.0 0.0
23 12 336 3920.792982031498 379760.94856701704 1488964061.9911852
24 0 6 0.0 6.0 0.0
25 0 5 0.0 5.0 0.0
26 3 40 57.02181064673912 349.23013798641597 19913.734800395985
27 0 100 0.0 0.0 0.0
28 0 11 0.0 11.0 0.0
29 0 100 0.0 0.0 0.0
30 3 62 57.02181064673912 700.2360303580608 39928.72633110161
31 2 18 13.494214179327372 64.62733255388774 872.0950673207774
32 0 100 0.0 0.0 0.0
33 0 5 0.0 5.0 0.0
34 1 105 1.0 7.59708563275366 7.59708563275366
35 7 83 880.1589317377488 6889.0 6063414.880741352
36 0 11 0.0 11.0 0.0
37 2 18 13.494214179327372 64.62733255388774 872.0950673207774
38 5 62 312.35291035940236 1807.1402103142602 564465.5041191616
39 0 5 0.0 5.0 0.0
40 0 6 0.0 6.0 0.0
41 0 100 0.0 0.0 0.0
42 1 108 1.0 13.734791927877684 13.734791927877684
43 0 100 0.0 0.0 0.0
44 1 8 1.0 13.734791927877684 13.734791927877684
45 0 100 0.0 0.0 0.0
46 0 100 0.0 0.0 0.0
47 0 6 0.0 6.0 0.0
48 0 6 0.0 6.0 0.0
49 1 14 1.0 27.799106543625292 27.799106543625292
50 10 163 2424.408141701412 83149.79614194512 201589042.7473444
51 3 146 57.02181064673912 435.9769523615719 24860.195223903953
52 4 59 151.22372397683895 1066.8769814059906 161337.11015338267
53 0 100 0.0 0.0 0.0
54 0 100 0.0 0.0 0.0
55 0 100 0.0 0.0 0.0
56 20 317 12981.212045421978 7947542.611327346 103168735877.66699
57 2 8 13.494214179327372 20.066939702021244 270.7875822627225
58 0 8 0.0 8.0 0.0
59 1 6 1.0 9.55892689827884 9.55892689827884
60 9 203 1814.8473014962385 93615.87722311099 169898522.15556616
61 1 19 1.0 40.84402933782601 40.84402933782601
62 0 8 0.0 8.0 0.0
63 19 303 11633.622691025432 5440910.541569818 63297500336.2461
64 1 9 1.0 15.931997307697284 15.931997307697284
65 0 100 0.0 0.0 0.0
66 0 100 0.0 0.0 0.0
67 0 6 0.0 6.0 0.0
68 0 8 0.0 8.0 0.0
69 0 100 0.0 0.0 0.0
70 0 100 0.0 0.0 0.0
71 1 7 1.0 11.607984241186918 11.607984241186918
72 1 5 1.0 7.59708563275366 7.59708563275366
73 22 318 15807.685316481819 13078858.946692426 206746486527.96674
74 0 100 0.0 0.0 0.0
75 2 129 13.494214179327372 128.5709592386038 1734.9640612072888
76 0 100 0.0 0.0 0.0
77 0 100 0.0 0.0 0.0
78 0 100 0.0 0.0 0.0
79 0 100 0.0 0.0 0.0
80 0 100 0.0 0.0 0.0
81 1 38 1.0 97.81435774219185 97.81435774219185
82 1 6 1.0 9.55892689827884 9.55892689827884
83 0 6 0.0 6.0 0.0
84 0 100 0.0 0.0 0.0
85 0 100 0.0 0.0 0.0
86 0 6 0.0 6.0 0.0
87 0 100 0.0 0.0 0.0
88 1 100 1.0 0.0 0.0
89 0 6 0.0 6.0 0.0
90 0 100 0.0 0.0 0.0
91 7 65 880.1589317377488 4225.0 3718671.4865919887
92 0 5 0.0 5.0 0.0
93 0 6 0.0 6.0 0.0
94 0 100 0.0 0.0 0.0
95 1 16 1.0 32.892441635375256 32.892441635375256
96 0 100 0.0 0.0 0.0
97 6 95 552.5626438069447 6070.84515091352 3354522.246731345
98 0 6 0.0 6.0 0.0
99 0 100 0.0 0.0 0.0
100 3 163 57.02181064673912 718.2490844189361 40955.86328893032
101 1 18 1.0 38.15436697768484 38.15436697768484
102 8 209 1300.1508247099457 67003.69558574149 87114910.07441594
103 0 100 0.0 0.0 0.0
104 6 226 552.5626438069447 10419.918236435944 5757657.568977242
105 7 230 880.1589317377488 16900.0 14874685.946367955
106 1 35 1.0 88.18685030395203 88.18685030395203
107 15 233 6803.971395961631 923343.1145988388 6282400140.388622
108 2 29 13.494214179327372 128.5709592386038 1734.9640612072888
109 0 7 0.0 7.0 0.0
110 0 100 0.0 0.0 0.0
111 4 70 151.22372397683895 1429.1350405139644 216119.12289231233
112 10 152 2424.408141701412 71183.06768899111 172576808.8564728
113 14 144 5763.781188419757 210367.98097402317 1212515011.3839202
114 11 132 3127.3197986346404 71598.24265355882 223910601.7979217
115 4 83 151.22372397683895 1912.3940233356846 289199.34591987205
116 0 100 0.0 0.0 0.0
117 1 11 1.0 20.51504931294799 20.51504931294799
118 5 154 312.35291035940236 1405.9451433371921 439151.0573270391
119 8 148 1300.1508247099457 32683.32902098925 42493257.18090568
120 1 11 1.0 20.51504931294799 20.51504931294799
121 0 100 0.0 0.0 0.0
122 7 99 880.1589317377488 9801.0 8626437.689961676
123 20 335 12981.212045421978 9255655.137418203 120149621958.125
124 0 100 0.0 0.0 0.0
125 4 79 151.22372397683895 1757.505455801544 265776.51993592124
126 2 22 13.494214179327372 86.31942417916456 1164.8127977098563
127 8 282 1300.1508247099457 50250.2160212472 65332859.80187748
128 9 184 1814.8473014962385 75753.39209344504 137480839.21997523
129 14 205 5763.781188419757 502661.10893865814 2897228643.850852
130 1 20 1.0 43.57075425423803 43.57075425423803
131 4 47 151.22372397683895 723.181183304868 109362.15164933914
132 0 100 0.0 0.0 0.0
133 6 90 552.5626438069447 5474.33581455389 3024913.4707769416
134 1 11 1.0 20.51504931294799 20.51504931294799
135 3 39 57.02181064673912 335.47304520277595 19129.280460637645
136 0 100 0.0 0.0 0.0
137 17 313 9095.850952291546 3468776.7251113593 31551476078.390907
138 13 328 4801.088521889328 1157747.5804970749 5558448619.969647
139 14 219 5763.781188419757 591604.5906490331 3409879410.565668
140 22 325 15807.685316481819 13914325.143309364 219953273256.6452
141 9 187 1814.8473014962385 78439.41885320956 142355567.63668054
142 0 100 0.0 0.0 0.0
143 3 133 57.02181064673912 257.33012181535685 14673.42947985759
144 2 12 13.494214179327372 36.01211998010309 485.95526006314566
145 8 201 1300.1508247099457 14762.38290447426 19193324.307936214
146 11 115 3127.3197986346404 52218.012143560736 163302423.22190157
147 11 108 3127.3197986346404 45224.9679862338 141432937.77596676
148 7 121 880.1589317377488 14641.0 12886406.919572381
149 5 163 312.35291035940236 1860.4532693243248 581117.9932611178
150 8 89 1300.1508247099457 11347.35436611675 14753272.137382695
151 8 129 1300.1508247099457 24558.59479359431 31929877.27460902
152 12 180 3920.792982031498 200863.24359139695 787543195.8212324
153 11 193 3127.3197986346404 170851.97661382865 534308769.1002889
154 3 55 57.02181064673912 578.9666715492328 33013.72791585315
155 23 399 17276.616480405057 31805635.855066743 549493772583.4081
156 0 7 0.0 7.0 0.0
157 2 114 13.494214179327372 44.97826169706515 606.9462967540338
158 11 221 3127.3197986346404 232979.898453666 728602649.1180378
159 3 129 57.02181064673912 209.61005902119368 11952.345095158316
160 18 338 10336.717591947081 5599709.436894733 57882615046.14188
161 10 190 2424.408141701412 116923.72419487912 283470828.89611536
162 3 163 57.02181064673912 718.2490844189361 40955.86328893032
163 11 176 3127.3197986346404 138337.73648198933 432626342.1984268
164 15 249 6803.971395961631 1091550.9056324547 7426881139.159235
165 3 52 57.02181064673912 529.6457757489877 30201.361134604027
166 19 283 11633.622691025432 4520352.396124986 52588074206.99082
167 14 171 5763.781188419757 321397.1115610502 1852462625.628027
168 16 263 7916.453847805617 1668736.119595552 13210472474.944424
169 16 234 7916.453847805617 1235722.966879415 9782543835.97432
170 4 138 151.22372397683895 502.796158813779 76034.7075370698
171 22 352 15807.685316481819 17459370.996251397 275992242532.4517
172 9 204 1814.8473014962385 22159.83881577813 40216723.67640654
173 0 100 0.0 0.0 0.0
174 14 146 5763.781188419757 217647.23089800542 1254471015.161575
175 16 246 7916.453847805617 1405294.7550427103 11124951070.858917
176 18 310 10336.717591947081 4445838.1823267015 45955373750.20645
177 2 125 13.494214179327372 103.79546451213633 1400.6382289695412
178 4 164 151.22372397683895 1226.095534977771 185414.73275071313
179 20 373 12981.212045421978 12449435.821325557 161608766242.49918
180 12 200 3920.792982031498 257330.7266059037 1008940506.9374933
181 4 43 151.22372397683895 621.143248020611 93931.59508874611
182 8 217 1300.1508247099457 20044.718154360755 26061156.839470558
183 24 434 18776.370315488246 51530784.41427734 967561090810.0614
184 12 173 3920.792982031498 182976.5500999565 717413173.5082443
185 11 311 3127.3197986346404 209545.5587766108 655315974.6780536
186 22 326 15807.685316481819 14036426.181159463 221883408039.7954
187 9 144 1814.8473014962385 44673.607750369876 81075776.47386022
188 17 277 9095.850952291546 2518302.144471244 22906100958.94661
189 10 218 2424.408141701412 158737.91968892005 384845504.89056265
190 16 209 7916.453847805617 924164.8217374968 7316108159.050399
191 0 100 0.0 0.0 0.0
192 8 104 1300.1508247099457 15689.114034349886 20398214.550728388
193 16 236 7916.453847805617 1263062.8148243069 9998978480.436079
194 2 120 13.494214179327372 75.23327232919837 1015.2138902218663
195 22 437 15807.685316481819 32298173.972503014 510559370454.31116
196 1 24 1.0 54.8222930413608 54.8222930413608
197 21 292 14374.256054893494 8092816.905435436 116328222404.09975
198 11 153 3127.3197986346404 100391.00291225547 313954771.0122844
199 3 149 57.02181064673912 481.96892224029307 27482.74062159892
