0 0 100 0.0 0.0 0.0
1 0 100 0.0 0.0 0.0
2 0 5 0.0 5.0 0.0
3 0 10 0.0 10.0 0.0
4 0 9 0.0 9.0 0.0
5 4 161 151.22372397683895 1129.4605717070829 170801.2337385546
6 17 351 9095.850952291546 1945020.81997725 17691619477.616955
7 2 108 13.494214179327372 20.066939702021244 270.7875822627225
8 1 17 1.0 35.503281577765854 35.503281577765854
9 0 100 0.0 0.0 0.0
10 0 5 0.0 5.0 0.0
11 0 100 0.0 0.0 0.0
12 0 10 0.0 10.0 0.0
13 0 100 0.0 0.0 0.0
14 20 373 12981.212045421978 5262450.509004189 68312985935.922195
15 0 10 0.0 10.0 0.0
16 0 100 0.0 0.0 0.0
17 0 10 0.0 10.0 0.0
18 2 34 13.494214179327372 161.72412498062124 2182.3399804528112
19 0 100 0.0 0.0 0.0
20 16 314 7916.453847805617 2632141.5282824785 20837226929.540787
21 0 100 0.0 0.0 0.0
22 0 5 0.0 5.0 0.0
23 0 100 0.0 0.0 0.0
24 0 100 0.0 0.0 0.0
25 0 5 0.0 5.0 0.0
26 0 100 0.0 0.0 0.0
27 0 10 0.0 10.0 0.0
28 2 108 13.494214179327372 20.066939702021244 270.7875822627225
29 0 100 0.0 0.0 0.0
30 0 100 0.0 0.0 0.0
31 7 101 880.1589317377488 10201.0 8978501.262656776
32 0 10 0.0 10.0 0.0
33 0 100 0.0 0.0 0.0
34 0 100 0.0 0.0 0.0
35 0 100 0.0 0.0 0.0
36 0 100 0.0 0.0 0.0
37 0 100 0.0 0.0 0.0
38 0 100 0.0 0.0 0.0
39 0 100 0.0 0.0 0.0
40 0 100 0.0 0.0 0.0
41 1 105 1.0 7.59708563275366 7.59708563275366
42 0 7 0.0 7.0 0.0
43 6 185 552.5626438069447 4907.334112484054 2711609.5112381955
44 0 8 0.0 8.0 0.0
45 2 44 13.494214179327372 234.56808185291177 3165.3119361571858
46 0 5 0.0 5.0 0.0
47 1 15 1.0 30.323695983612147 30.323695983612147
48 1 25 1.0 57.71571011139208 57.71571011139208
49 0 100 0.0 0.0 0.0
50 1 12 1.0 22.891970023971037 22.891970023971037
51 1 6 1.0 9.55892689827884 9.55892689827884
52 0 100 0.0 0.0 0.0
53 25 342 20302.483562333644 32139741.27967988 652516569028.3568
54 1 104 1.0 5.735193251789799 5.735193251789799
55 1 10 1.0 18.1937008646705 18.1937008646705
56 0 10 0.0 10.0 0.0
57 0 5 0.0 5.0 0.0
58 7 219 880.1589317377488 14161.0 12463930.632338261
59 9 257 1814.8473014962385 155612.15660008733 282412302.48567855
60 0 100 0.0 0.0 0.0
61 3 53 57.02181064673912 545.90532331836 31128.509977306425
62 2 27 13.494214179327372 115.98017876588344 1565.0613728235076
63 0 100 0.0 0.0 0.0
64 22 383 15807.685316481819 22195947.84622381 350866558854.1484
65 12 205 3920.792982031498 272713.754843532 1069254176.0939786
66 0 6 0.0 6.0 0.0
67 6 166 552.5626438069447 3024.560894461153 1671259.3641985522
68 3 27 57.02181064673912 187.1321231368427 10670.612491431313
69 9 118 1814.8473014962385 29089.380350657248 52792783.43158801
70 0 100 0.0 0.0 0.0
71 0 10 0.0 10.0 0.0
72 0 100 0.0 0.0 0.0
73 6 143 552.5626438069447 13274.235413461822 7334846.614578236
74 1 14 1.0 27.799106543625292 27.799106543625292
75 3 135 57.02181064673912 282.5239294230334 16110.026006732896
76 0 5 0.0 5.0 0.0
77 0 100 0.0 0.0 0.0
78 12 171 3920.792982031498 178041.48661609797 698063811.2348518
79 0 100 0.0 0.0 0.0
80 2 14 13.494214179327372 44.97826169706515 606.9462967540338
81 0 100 0.0 0.0 0.0
82 0 5 0.0 5.0 0.0
83 8 180 1300.1508247099457 49108.407894831784 63848337.02465795
84 1 12 1.0 22.891970023971037 22.891970023971037
85 1 31 1.0 75.68293941204132 75.68293941204132
86 0 100 0.0 0.0 0.0
87 2 121 13.494214179327372 80.71796600694597 1089.2255214173952
88 0 10 0.0 10.0 0.0
89 1 7 1.0 11.607984241186918 11.607984241186918
90 0 100 0.0 0.0 0.0
91 1 9 1.0 15.931997307697284 15.931997307697284
92 1 104 1.0 5.735193251789799 5.735193251789799
93 0 100 0.0 0.0 0.0
94 0 100 0.0 0.0 0.0
95 16 223 7916.453847805617 1091825.0736413943 8643382805.359068
96 0 10 0.0 10.0 0.0
97 3 68 57.02181064673912 810.8239638778247 46234.65053607976
98 0 5 0.0 5.0 0.0
99 0 100 0.0 0.0 0.0
100 0 100 0.0 0.0 0.0
101 11 319 3127.3197986346404 228180.97122161838 713594868.9730483
102 18 315 10336.717591947081 4639765.1738377735 47959942294.91232
103 1 8 1.0 13.734791927877684 13.734791927877684
104 6 99 552.5626438069447 6569.204673563341 3629897.102133097
105 9 232 1814.8473014962385 37037.19091196814 67216845.98158638
106 17 298 9095.850952291546 3049867.566321232 27741140807.48608
107 3 51 57.02181064673912 513.5688732735056 29284.627045860994
108 20 341 12981.212045421978 9720246.735167265 126180584003.02696
109 19 376 11633.622691025432 9775416.092988798 113723502473.60965
110 11 255 3127.3197986346404 323296.9739440443 1011053027.4538773
111 10 137 2424.408141701412 56496.819585189216 136971349.38256854
112 0 100 0.0 0.0 0.0
113 19 378 11633.622691025432 9917201.744063048 115372983241.20886
114 8 208 1300.1508247099457 16970.39141279495 22064068.390995935
115 0 100 0.0 0.0 0.0
116 4 27 151.22372397683895 280.28354879760207 42385.52201861745
117 1 28 1.0 66.57403288693754 66.57403288693754
118 22 301 15807.685316481819 11186994.23267996 176840484467.50177
119 0 100 0.0 0.0 0.0
120 2 14 13.494214179327372 44.97826169706515 606.9462967540338
121 1 9 1.0 15.931997307697284 15.931997307697284
122 3 60 57.02181064673912 664.7206420100937 37903.574581678426
123 0 100 0.0 0.0 0.0
124 0 100 0.0 0.0 0.0
125 6 198 552.5626438069447 6442.856405219488 3560081.768936588
126 19 293 11633.622691025432 4967168.886465436 57786168667.73982
127 2 120 13.494214179327372 75.23327232919837 1015.2138902218663
128 6 143 552.5626438069447 13274.235413461822 7334846.614578236
129 9 95 1814.8473014962385 18233.76455050816 33091498.39060751
130 4 178 151.22372397683895 1719.6349352173313 260049.59878423504
131 0 100 0.0 0.0 0.0
132 9 123 1814.8473014962385 31810.029433802327 57730346.07845207
133 7 191 880.1589317377488 8281.0 7288596.113720298
134 18 263 10336.717591947081 2866909.0072512855 29634428769.765903
135 21 385 14374.256054893494 17561542.212646578 252434104483.40277
136 0 100 0.0 0.0 0.0
137 7 132 880.1589317377488 17424.0 15335889.226598537
138 7 155 880.1589317377488 24025.0 21145818.334999416
139 11 199 3127.3197986346404 183256.63859483125 573102114.1088487
140 10 166 2424.408141701412 86591.68420024101 209933584.17870185
141 2 114 13.494214179327372 44.97826169706515 606.9462967540338
142 4 148 151.22372397683895 749.6906189831174 113371.00723312848
143 22 375 15807.685316481819 20902706.73246965 330423410289.5862
144 19 295 11633.622691025432 5059742.205266074 58863131729.92246
145 5 39 312.35291035940236 778.3165439750189 243109.43769146892
146 11 163 3127.3197986346404 116050.04572860713 362925605.63952845
147 7 233 880.1589317377488 17689.0 15569131.343509039
148 4 71 151.22372397683895 1464.2230773075796 221425.26648327915
149 23 479 17276.616480405057 53879739.21374233 930859590460.0674
150 18 386 10336.717591947081 3585677.0593904736 37064131138.84259
151 22 387 15807.685316481819 22861554.9925687 361388267167.96985
152 5 174 312.35291035940236 2492.4098028308917 778511.4557225333
153 0 100 0.0 0.0 0.0
154 9 265 1814.8473014962385 59899.656790704736 108708730.48716132
155 0 100 0.0 0.0 0.0
156 7 215 880.1589317377488 13225.0 11640101.87223173
157 8 138 1300.1508247099457 28257.118371009565 36738515.75399464
158 0 100 0.0 0.0 0.0
159 15 179 6803.971395961631 475153.47752621147 3232930669.7800407
160 5 180 312.35291035940236 2871.732646582133 896994.0499340383
161 6 192 552.5626438069447 5709.4065807799225 3154804.7948445226
162 0 100 0.0 0.0 0.0
163 17 417 9095.850952291546 3586158.9739016495 32619167517.832195
164 6 71 552.5626438069447 3478.001961782023 1921813.959168015
165 11 189 3127.3197986346404 162853.276134606 509294274.72826755
166 12 229 3920.792982031498 353804.2348984099 1387193161.2027092
167 1 106 1.0 9.55892689827884 9.55892689827884
168 20 310 12981.212045421978 7472707.947124945 97004806415.13889
169 16 278 7916.453847805617 1924541.9875177636 15235547822.34847
170 18 335 10336.717591947081 5468065.726742697 56521851191.544136
171 5 69 312.35291035940236 2194.8788310889477 685576.7907768759
172 16 302 7916.453847805617 2381201.772356499 18850673933.17316
173 10 228 2424.408141701412 48572.78656303952 117760259.20855796
174 11 221 3127.3197986346404 232979.898453666 728602649.1180378
175 17 224 9095.850952291546 1443418.503472169 13129119569.362566
176 10 214 2424.408141701412 152332.9437676605 369317229.11965954
177 21 256 14374.256054893494 5597358.202790413 80457860037.86786
178 14 275 5763.781188419757 1037317.5910931062 5978871617.959343
179 18 319 10336.717591947081 4798651.235884049 49602302647.58125
180 17 279 9095.850952291546 2566233.4961421206 23342077389.68677
181 4 166 151.22372397683895 1292.338741426653 195432.27711807963
182 5 55 312.35291035940236 1453.6132803589628 454040.3386571999
183 24 355 18776.370315488246 28636038.71026338 537680867192.56165
184 19 295 11633.622691025432 5059742.205266074 58863131729.92246
185 18 353 10336.717591947081 6287619.098357555 64993342945.45499
186 0 100 0.0 0.0 0.0
187 17 325 9095.850952291546 1460367.273510926 13283283055.459764
188 12 225 3920.792982031498 339444.1642772938 1330890297.0899603
189 15 263 6803.971395961631 1252871.0515300073 8524498797.43854
190 16 225 7916.453847805617 1117181.1689614262 8844113163.720661
191 16 291 7916.453847805617 2164525.387281327 17135365330.816206
192 20 261 12981.212045421978 4648661.477054825 60345260361.03322
193 8 120 1300.1508247099457 21128.626944217714 27470401.74651344
194 11 292 3127.3197986346404 168832.0419378618 527991787.3961891
195 9 197 1814.8473014962385 87756.16433554704 159264038.034028
196 3 39 57.02181064673912 335.47304520277595 19129.280460637645
197 12 205 3920.792982031498 272713.754843532 1069254176.0939786
198 6 163 552.5626438069447 2767.0349550527303 1528960.150270167
199 4 73 151.22372397683895 1535.4556318691968 232197.31865247028
