0 4 233 151.22372397683895 4282.873235762824 647672.0400327884
1 0 10 0.0 10.0 0.0
2 0 100 0.0 0.0 0.0
3 4 165 151.22372397683895 1259.0362466163215 190396.14983514193
4 6 115 552.5626438069447 8749.296958158795 4834534.658652283
5 15 308 6803.971395961631 693671.0685191004 4719718108.4101
6 1 10 1.0 18.1937008646705 18.1937008646705
7 25 476 20302.483562333644 85585475.95125794 1737597718674.9158
8 0 100 0.0 0.0 0.0
9 7 238 880.1589317377488 19044.0 16761746.696013689
10 0 5 0.0 5.0 0.0
11 0 100 0.0 0.0 0.0
12 0 100 0.0 0.0 0.0
13 0 100 0.0 0.0 0.0
14 0 100 0.0 0.0 0.0
15 3 137 57.02181064673912 308.57807572808247 17595.680603901845
16 0 8 0.0 8.0 0.0
17 5 193 312.35291035940236 3775.468945982596 1179278.713249209
18 7 194 880.1589317377488 8836.0 7777084.320834748
19 0 100 0.0 0.0 0.0
20 0 100 0.0 0.0 0.0
21 1 25 1.0 57.71571011139208 57.71571011139208
22 18 291 10336.717591947081 3755399.2403282234 38818501392.28545
23 3 129 57.02181064673912 209.61005902119368 11952.345095158316
24 12 224 3920.792982031498 335907.49192777043 1317023736.9622045
25 1 27 1.0 63.59241768810072 63.59241768810072
26 0 5 0.0 5.0 0.0
27 0 100 0.0 0.0 0.0
28 17 263 9095.850952291546 2198255.6710417396 19995005938.8253
29 12 298 3920.792982031498 251320.85466166472 985377043.1956131
30 1 103 1.0 3.9914906122521803 3.9914906122521803
31 0 10 0.0 10.0 0.0
32 15 253 6803.971395961631 1136277.115516111 7731196991.8574095
33 4 30 151.22372397683895 335.61535000671915 50753.00305180629
34 0 100 0.0 0.0 0.0
35 5 154 312.35291035940236 1405.9451433371921 439151.0573270391
36 0 100 0.0 0.0 0.0
37 0 5 0.0 5.0 0.0
38 0 100 0.0 0.0 0.0
39 0 100 0.0 0.0 0.0
40 0 100 0.0 0.0 0.0
41 1 14 1.0 27.799106543625292 27.799106543625292
42 0 100 0.0 0.0 0.0
43 1 109 1.0 15.931997307697284 15.931997307697284
44 0 100 0.0 0.0 0.0
45 1 46 1.0 124.43529823617882 124.43529823617882
46 0 5 0.0 5.0 0.0
47 0 100 0.0 0.0 0.0
48 1 116 1.0 32.892441635375256 32.892441635375256
49 16 316 7916.453847805617 2675465.6404784503 21180200264.23735
50 0 6 0.0 6.0 0.0
51 0 11 0.0 11.0 0.0
52 0 100 0.0 0.0 0.0
53 3 44 57.02181064673912 406.27351121486885 23166.451227280093
54 2 135 13.494214179327372 168.62869283493262 2275.511697894588
55 19 371 11633.622691025432 9426572.322722908 109665185672.22153
56 16 256 7916.453847805617 1556908.4964091864 12325194257.079762
57 5 193 312.35291035940236 3775.468945982596 1179278.713249209
58 1 11 1.0 20.51504931294799 20.51504931294799
59 18 417 10336.717591947081 9807885.089865042 101381338348.20346
60 5 69 312.35291035940236 2194.8788310889477 685576.7907768759
61 14 327 5763.781188419757 1590039.9240702433 9164642203.192448
62 0 10 0.0 10.0 0.0
63 0 100 0.0 0.0 0.0
64 0 100 0.0 0.0 0.0
65 20 359 12981.212045421978 11202419.895714488 145420988088.12375
66 1 10 1.0 18.1937008646705 18.1937008646705
67 0 5 0.0 5.0 0.0
68 1 102 1.0 2.3948263510722025 2.3948263510722025
69 1 105 1.0 7.59708563275366 7.59708563275366
70 0 6 0.0 6.0 0.0
71 20 261 12981.212045421978 4648661.477054825 60345260361.03322
72 1 45 1.0 121.03674784737703 121.03674784737703
73 1 19 1.0 40.84402933782601 40.84402933782601
74 1 7 1.0 11.607984241186918 11.607984241186918
75 0 100 0.0 0.0 0.0
76 1 115 1.0 30.323695983612147 30.323695983612147
77 1 6 1.0 9.55892689827884 9.55892689827884
78 0 100 0.0 0.0 0.0
79 16 235 7916.453847805617 1249347.1903545058 9890399372.327065
80 1 19 1.0 40.84402933782601 40.84402933782601
81 0 10 0.0 10.0 0.0
82 21 311 14374.256054893494 9656342.291797638 138802736655.9963
83 20 335 12981.212045421978 9255655.137418203 120149621958.125
84 12 270 3920.792982031498 521134.6583635325 2043261111.2051206
85 0 6 0.0 6.0 0.0
86 0 100 0.0 0.0 0.0
87 0 100 0.0 0.0 0.0
88 0 10 0.0 10.0 0.0
89 4 152 151.22372397683895 859.6554919481086 130000.30482953448
90 1 19 1.0 40.84402933782601 40.84402933782601
91 1 10 1.0 18.1937008646705 18.1937008646705
92 0 5 0.0 5.0 0.0
93 0 100 0.0 0.0 0.0
94 0 5 0.0 5.0 0.0
95 2 45 13.494214179327372 242.29532664846576 3269.585032444484
96 0 10 0.0 10.0 0.0
97 0 100 0.0 0.0 0.0
98 0 5 0.0 5.0 0.0
99 0 100 0.0 0.0 0.0
100 2 20 13.494214179327372 75.23327232919837 1015.2138902218663
101 12 217 3920.792982031498 311744.51331515337 1222285699.9928782
102 3 30 57.02181064673912 221.1993434691573 12613.187078481296
103 0 100 0.0 0.0 0.0
104 11 329 3127.3197986346404 252740.34468079347 790399883.8339887
105 7 229 880.1589317377488 16641.0 14646724.78304788
106 10 192 2424.408141701412 119678.59262434934 290149754.34583914
107 11 125 3127.3197986346404 63201.22767677458 197650450.61159274
108 18 370 10336.717591947081 7128427.135633949 73684538175.82039
109 6 56 552.5626438069447 2208.835584533681 1220520.030324789
110 16 299 7916.453847805617 2320853.6274755825 18372930629.4227
111 3 21 57.02181064673912 125.57185196799401 7160.33436547931
112 19 402 11633.622691025432 11720795.162188651 136355308555.69899
113 5 53 312.35291035940236 1358.9929081032851 424485.39000384894
114 13 368 4801.088521889328 711459.675934369 3415780883.9156
115 16 257 7916.453847805617 1572594.2186823196 12449369553.524517
116 22 365 15807.685316481819 19356198.622062154 305976696740.8775
117 14 221 5763.781188419757 605018.3297633114 3487193267.738916
118 24 394 18776.370315488246 38839800.641951844 729270479833.0259
119 0 100 0.0 0.0 0.0
120 0 100 0.0 0.0 0.0
121 0 100 0.0 0.0 0.0
122 21 444 14374.256054893494 26186123.125301342 376406038888.0494
123 14 251 5763.781188419757 828141.0380172962 4773223736.282503
124 9 247 1814.8473014962385 46702.87865638875 84758593.3016534
125 14 227 5763.781188419757 646337.5928102317 3725348458.8081226
126 16 210 7916.453847805617 935577.399275388 7406455302.413618
127 19 322 11633.622691025432 6417533.701163957 74659165686.28143
128 0 100 0.0 0.0 0.0
129 2 31 13.494214179327372 141.5519192260369 1910.1319155309898
130 18 321 10336.717591947081 4879352.128495992 50436484983.928955
131 23 367 17276.616480405057 24990621.58204598 431753384679.9419
132 11 189 3127.3197986346404 162853.276134606 509294274.72826755
133 23 382 17276.616480405057 28051723.61848025 484638870570.80365
134 4 46 151.22372397683895 697.0692055589992 105413.40113420851
135 23 327 17276.616480405057 17914753.283949785 309506321827.87744
136 13 223 4801.088521889328 456823.8815468923 2193251894.2197146
137 20 314 12981.212045421978 7741757.665401077 100497397858.84239
138 25 491 20302.483562333644 93824949.68277735 1904879498671.3684
139 18 325 10336.717591947081 5043287.214034844 52131035666.555756
140 10 338 2424.408141701412 192956.6880496182 467805765.50323397
141 12 199 3920.792982031498 254315.5879600347 997118772.4949182
142 21 356 14374.256054893494 14101432.877788752 202697606926.22916
143 15 301 6803.971395961631 1760338.5619455897 11977293222.686024
144 20 340 12981.212045421978 9641805.940194605 125162327410.47539
145 8 88 1300.1508247099457 11083.755846199128 14410554.304319479
146 0 100 0.0 0.0 0.0
147 8 213 1300.1508247099457 18645.55254126269 24242030.513695307
148 18 406 10336.717591947081 9132615.401153944 94401266277.59483
149 0 100 0.0 0.0 0.0
150 21 377 14374.256054893494 16558072.98185693 238009980816.82535
151 13 213 4801.088521889328 409002.6193028316 1963657780.9574952
152 20 284 12981.212045421978 5868394.220623222 76178869744.0389
153 10 276 2424.408141701412 98622.37714481588 239100894.1038389
154 13 383 4801.088521889328 811248.8814220636 3894877692.991026
155 17 337 9095.850952291546 4209827.594113514 38291964330.900635
156 10 249 2424.408141701412 213353.43576813847 517255806.7362442
157 19 223 11633.622691025432 2367446.0414158762 27541973987.194073
158 11 254 3127.3197986346404 101899.54622880445 318672468.39322597
159 0 100 0.0 0.0 0.0
160 8 224 1300.1508247099457 22619.999038655253 29409410.405045807
161 21 333 14374.256054893494 11694669.468599379 168102173418.9927
162 12 152 3920.792982031498 134972.2574092887 529198279.61928797
163 14 271 5763.781188419757 1000502.6462075082 5766678331.175023
164 4 57 151.22372397683895 1005.7817905983286 152098.06788237247
165 12 267 3920.792982031498 507621.6062484529 1990279231.3064907
166 17 317 9095.850952291546 3586158.9739016495 32619167517.832195
167 21 395 14374.256054893494 18869795.250361044 271239268632.10275
168 29 413 26589.10945763286 134389406.02906743 3573294626853.1396
169 17 323 9095.850952291546 3766785.7321373452 34262121588.73968
170 0 100 0.0 0.0 0.0
171 12 213 3920.792982031498 298400.62452988257 1169967074.4905796
172 13 212 4801.088521889328 404389.97349520394 1941512060.1149533
173 21 341 14374.256054893494 12499060.920724748 179664702120.21036
174 18 424 10336.717591947081 10253387.802626278 105986374076.46268
175 1 28 1.0 66.57403288693754 66.57403288693754
176 14 287 5763.781188419757 1152545.3184725586 6643019025.413391
177 13 197 4801.088521889328 338836.37386693084 1626783425.3711228
178 1 103 1.0 3.9914906122521803 3.9914906122521803
179 11 294 3127.3197986346404 172885.45162861623 540668095.774063
180 10 138 2424.408141701412 57418.05598112961 139204802.4013181
181 9 221 1814.8473014962385 112419.08378410734 204023470.84226674
182 19 339 11633.622691025432 7379358.921199157 85848677390.88347
183 18 273 10336.717591947081 3167090.1379348366 32737316344.07313
184 13 377 4801.088521889328 1619381.5057226568 7774793959.684905
185 16 185 7916.453847805617 675362.4776930851 5346475885.196959
186 20 243 12981.212045421978 3816865.2113300213 49547536657.069374
187 10 315 2424.408141701412 153920.58217438465 373166312.5989994
188 2 50 13.494214179327372 282.0582186126376 3806.1540129984737
189 15 251 6803.971395961631 1113778.5999793487 7578117735.693681
190 16 228 7916.453847805617 1155884.5639474 9150506803.880514
191 15 203 6803.971395961631 652417.5896686066 4439030618.327432
192 12 266 3920.792982031498 503162.54581812746 1972796178.464816
193 21 348 14374.256054893494 13231375.76920928 190191183265.12756
194 12 359 3920.792982031498 472580.11881639255 1852888813.3029234
195 18 266 10336.717591947081 2955004.571872103 30545047742.35442
196 13 197 4801.088521889328 338836.37386693084 1626783425.3711228
197 16 222 7916.453847805617 1079280.1966028772 8544071865.257251
198 12 237 3920.792982031498 105717.08693673376 414494812.5423595
199 21 324 14374.256054893494 10830433.996080315 155679431445.2818
