0 0 100 0.0 0.0 0.0
1 0 100 0.0 0.0 0.0
2 1 101 1.0 1.0 1.0
3 2 31 13.494214179327372 141.5519192260369 1910.1319155309898
4 0 5 0.0 5.0 0.0
5 1 17 1.0 35.503281577765854 35.503281577765854
6 1 11 1.0 20.51504931294799 20.51504931294799
7 6 61 552.5626438069447 2601.435802251927 1437456.2445863648
8 1 108 1.0 13.734791927877684 13.734791927877684
9 0 100 0.0 0.0 0.0
10 4 32 151.22372397683895 374.7746947170294 56674.82498739214
11 0 100 0.0 0.0 0.0
12 1 12 1.0 22.891970023971037 22.891970023971037
13 0 100 0.0 0.0 0.0
14 0 100 0.0 0.0 0.0
15 1 9 1.0 15.931997307697284 15.931997307697284
16 0 100 0.0 0.0 0.0
17 0 100 0.0 0.0 0.0
18 0 10 0.0 10.0 0.0
19 0 5 0.0 5.0 0.0
20 0 100 0.0 0.0 0.0
21 0 6 0.0 6.0 0.0
22 0 100 0.0 0.0 0.0
23 0 6 0.0 6.0 0.0
24 1 8 1.0 13.734791927877684 13.734791927877684
25 1 12 1.0 22.891970023971037 22.891970023971037
26 1 23 1.0 51.960050539976365 51.960050539976365
27 0 100 0.0 0.0 0.0
28 2 17 13.494214179327372 59.51335422080222 803.0859483856818
29 0 100 0.0 0.0 0.0
30 0 100 0.0 0.0 0.0
31 0 5 0.0 5.0 0.0
32 2 34 13.494214179327372 161.72412498062124 2182.3399804528112
33 1 103 1.0 3.9914906122521803 3.9914906122521803
34 0 100 0.0 0.0 0.0
35 0 100 0.0 0.0 0.0
36 5 58 312.35291035940236 1600.889370701534 500042.45410205633
37 1 6 1.0 9.55892689827884 9.55892689827884
38 2 34 13.494214179327372 161.72412498062124 2182.3399804528112
39 0 100 0.0 0.0 0.0
40 5 60 312.35291035940236 1702.6102917613564 531815.2798395308
41 0 100 0.0 0.0 0.0
42 0 5 0.0 5.0 0.0
43 0 6 0.0 6.0 0.0
44 0 5 0.0 5.0 0.0
45 0 5 0.0 5.0 0.0
46 0 100 0.0 0.0 0.0
47 0 100 0.0 0.0 0.0
48 0 6 0.0 6.0 0.0
49 1 10 1.0 18.1937008646705 18.1937008646705
50 1 12 1.0 22.891970023971037 22.891970023971037
51 1 105 1.0 7.59708563275366 7.59708563275366
52 0 5 0.0 5.0 0.0
53 0 100 0.0 0.0 0.0
54 0 6 0.0 6.0 0.0
55 0 6 0.0 6.0 0.0
56 0 100 0.0 0.0 0.0
57 0 100 0.0 0.0 0.0
58 3 38 57.02181064673912 321.92161897300775 18356.553600170548
59 1 16 1.0 32.892441635375256 32.892441635375256
60 0 5 0.0 5.0 0.0
61 0 100 0.0 0.0 0.0
62 2 13 13.494214179327372 40.41888428935346 545.4210814899858
63 0 100 0.0 0.0 0.0
64 1 13 1.0 25.320989780782124 25.320989780782124
65 0 100 0.0 0.0 0.0
66 0 100 0.0 0.0 0.0
67 0 100 0.0 0.0 0.0
68 1 11 1.0 20.51504931294799 20.51504931294799
69 0 100 0.0 0.0 0.0
70 0 100 0.0 0.0 0.0
71 1 9 1.0 15.931997307697284 15.931997307697284
72 0 5 0.0 5.0 0.0
73 0 100 0.0 0.0 0.0
74 1 19 1.0 40.84402933782601 40.84402933782601
75 3 38 57.02181064673912 321.92161897300775 18356.553600170548
76 4 119 151.22372397683895 153.68727113727346 23241.161469216648
77 2 21 13.494214179327372 80.71796600694597 1089.2255214173952
78 4 33 151.22372397683895 395.0229353848392 59736.83934515761
79 2 21 13.494214179327372 80.71796600694597 1089.2255214173952
80 0 100 0.0 0.0 0.0
81 1 13 1.0 25.320989780782124 25.320989780782124
82 0 100 0.0 0.0 0.0
83 0 100 0.0 0.0 0.0
84 0 100 0.0 0.0 0.0
85 1 101 1.0 1.0 1.0
86 0 100 0.0 0.0 0.0
87 0 100 0.0 0.0 0.0
88 0 100 0.0 0.0 0.0
89 0 5 0.0 5.0 0.0
90 0 5 0.0 5.0 0.0
91 0 100 0.0 0.0 0.0
92 1 17 1.0 35.503281577765854 35.503281577765854
93 0 100 0.0 0.0 0.0
94 0 100 0.0 0.0 0.0
95 1 9 1.0 15.931997307697284 15.931997307697284
96 5 46 312.35291035940236 1050.58572833688 328153.50982807693
97 2 34 13.494214179327372 161.72412498062124 2182.3399804528112
98 0 100 0.0 0.0 0.0
99 1 13 1.0 25.320989780782124 25.320989780782124
100 1 11 1.0 20.51504931294799 20.51504931294799
101 1 15 1.0 30.323695983612147 30.323695983612147
102 0 100 0.0 0.0 0.0
103 2 9 13.494214179327372 23.78240930402918 320.92492484899776
104 2 12 13.494214179327372 36.01211998010309 485.95526006314566
105 0 5 0.0 5.0 0.0
106 0 100 0.0 0.0 0.0
107 1 18 1.0 38.15436697768484 38.15436697768484
108 3 149 57.02181064673912 481.96892224029307 27482.74062159892
109 1 15 1.0 30.323695983612147 30.323695983612147
110 1 15 1.0 30.323695983612147 30.323695983612147
111 0 100 0.0 0.0 0.0
112 0 100 0.0 0.0 0.0
113 0 10 0.0 10.0 0.0
114 2 40 13.494214179327372 204.4421003683832 2758.785489642506
115 1 14 1.0 27.799106543625292 27.799106543625292
116 0 100 0.0 0.0 0.0
117 2 17 13.494214179327372 59.51335422080222 803.0859483856818
118 1 18 1.0 38.15436697768484 38.15436697768484
119 1 15 1.0 30.323695983612147 30.323695983612147
120 2 29 13.494214179327372 128.5709592386038 1734.9640612072888
121 0 100 0.0 0.0 0.0
122 0 5 0.0 5.0 0.0
123 1 9 1.0 15.931997307697284 15.931997307697284
124 0 100 0.0 0.0 0.0
125 1 10 1.0 18.1937008646705 18.1937008646705
126 0 100 0.0 0.0 0.0
127 3 25 57.02181064673912 165.61186212092687 9443.48824271336
128 1 16 1.0 32.892441635375256 32.892441635375256
129 4 53 151.22372397683895 888.1171619831025 134304.38456282625
130 1 10 1.0 18.1937008646705 18.1937008646705
131 2 31 13.494214179327372 141.5519192260369 1910.1319155309898
132 2 21 13.494214179327372 80.71796600694597 1089.2255214173952
133 1 12 1.0 22.891970023971037 22.891970023971037
134 0 5 0.0 5.0 0.0
135 0 6 0.0 6.0 0.0
136 0 100 0.0 0.0 0.0
137 0 100 0.0 0.0 0.0
138 0 6 0.0 6.0 0.0
139 1 11 1.0 20.51504931294799 20.51504931294799
140 1 104 1.0 5.735193251789799 5.735193251789799
141 1 31 1.0 75.68293941204132 75.68293941204132
142 1 27 1.0 63.59241768810072 63.59241768810072
143 1 12 1.0 22.891970023971037 22.891970023971037
144 4 38 151.22372397683895 502.796158813779 76034.7075370698
145 1 107 1.0 11.607984241186918 11.607984241186918
146 0 9 0.0 9.0 0.0
147 0 100 0.0 0.0 0.0
148 1 14 1.0 27.799106543625292 27.799106543625292
149 1 7 1.0 11.607984241186918 11.607984241186918
150 1 6 1.0 9.55892689827884 9.55892689827884
151 2 36 13.494214179327372 175.6210676402407 2369.868301139548
152 1 9 1.0 15.931997307697284 15.931997307697284
153 3 26 57.02181064673912 176.25042831919396 10050.118550023744
154 1 23 1.0 51.960050539976365 51.960050539976365
155 3 35 57.02181064673912 282.5239294230334 16110.026006732896
156 1 7 1.0 11.607984241186918 11.607984241186918
157 2 13 13.494214179327372 40.41888428935346 545.4210814899858
158 2 35 13.494214179327372 168.62869283493262 2275.511697894588
159 0 100 0.0 0.0 0.0
160 1 13 1.0 25.320989780782124 25.320989780782124
161 2 16 13.494214179327372 54.53075711894446 735.8497159239173
162 1 21 1.0 46.33316012586883 46.33316012586883
163 4 28 151.22372397683895 298.26715011537044 45105.06918040517
164 1 12 1.0 22.891970023971037 22.891970023971037
165 2 28 13.494214179327372 122.22584512913716 1649.341732421874
166 1 28 1.0 66.57403288693754 66.57403288693754
167 5 81 312.35291035940236 2937.2940727723303 917472.3522118595
168 0 100 0.0 0.0 0.0
169 0 100 0.0 0.0 0.0
170 1 12 1.0 22.891970023971037 22.891970023971037
171 3 58 57.02181064673912 629.8939717412368 35917.694784151245
172 2 43 13.494214179327372 226.91812071099523 3062.081722044632
173 1 11 1.0 20.51504931294799 20.51504931294799
174 2 27 13.494214179327372 115.98017876588344 1565.0613728235076
175 0 11 0.0 11.0 0.0
176 1 6 1.0 9.55892689827884 9.55892689827884
177 1 103 1.0 3.9914906122521803 3.9914906122521803
178 1 12 1.0 22.891970023971037 22.891970023971037
179 2 18 13.494214179327372 64.62733255388774 872.0950673207774
180 4 45 151.22372397683895 671.3571728121805 101525.13179122015
181 0 100 0.0 0.0 0.0
182 3 36 57.02181064673912 295.444715883087 16846.792645665024
183 2 9 13.494214179327372 23.78240930402918 320.92492484899776
184 1 15 1.0 30.323695983612147 30.323695983612147
185 1 19 1.0 40.84402933782601 40.84402933782601
186 2 25 13.494214179327372 103.79546451213633 1400.6382289695412
187 2 7 13.494214179327372 16.551687764173284 223.3520197191065
188 4 36 151.22372397683895 458.3949685466225 69320.19419586622
189 1 7 1.0 11.607984241186918 11.607984241186918
190 5 79 312.35291035940236 2806.8374672292675 876723.8517948753
191 0 100 0.0 0.0 0.0
192 2 17 13.494214179327372 59.51335422080222 803.0859483856818
193 2 16 13.494214179327372 54.53075711894446 735.8497159239173
194 3 29 57.02181064673912 209.61005902119368 11952.345095158316
195 4 46 151.22372397683895 697.0692055589992 105413.40113420851
196 2 23 13.494214179327372 92.0346545141889 1241.9353399348638
197 0 100 0.0 0.0 0.0
198 1 14 1.0 27.799106543625292 27.799106543625292
199 1 103 1.0 3.9914906122521803 3.9914906122521803
