0 0 100 0.0 0.0 0.0
1 2 28 13.494214179327372 122.22584512913716 1649.341732421874
2 0 5 0.0 5.0 0.0
3 1 106 1.0 9.55892689827884 9.55892689827884
4 0 100 0.0 0.0 0.0
5 1 57 1.0 163.02855966848514 163.02855966848514
6 0 100 0.0 0.0 0.0
7 0 100 0.0 0.0 0.0
8 2 11 13.494214179327372 31.76494829034237 428.6430156251388
9 0 5 0.0 5.0 0.0
10 3 21 57.02181064673912 125.57185196799401 7160.33436547931
11 1 13 1.0 25.320989780782124 25.320989780782124
12 0 5 0.0 5.0 0.0
13 0 100 0.0 0.0 0.0
14 0 5 0.0 5.0 0.0
15 1 8 1.0 13.734791927877684 13.734791927877684
16 1 14 1.0 27.799106543625292 27.799106543625292
17 1 5 1.0 7.59708563275366 7.59708563275366
18 0 9 0.0 9.0 0.0
19 2 9 13.494214179327372 23.78240930402918 320.92492484899776
20 2 34 13.494214179327372 161.72412498062124 2182.3399804528112
21 0 100 0.0 0.0 0.0
22 1 10 1.0 18.1937008646705 18.1937008646705
23 1 105 1.0 7.59708563275366 7.59708563275366
24 0 100 0.0 0.0 0.0
25 0 100 0.0 0.0 0.0
26 0 100 0.0 0.0 0.0
27 1 9 1.0 15.931997307697284 15.931997307697284
28 0 5 0.0 5.0 0.0
29 0 9 0.0 9.0 0.0
30 1 103 1.0 3.9914906122521803 3.9914906122521803
31 1 102 1.0 2.3948263510722025 2.3948263510722025
32 0 100 0.0 0.0 0.0
33 0 100 0.0 0.0 0.0
34 0 6 0.0 6.0 0.0
35 1 22 1.0 49.12998068819353 49.12998068819353
36 0 100 0.0 0.0 0.0
37 4 51 151.22372397683895 831.5797944458234 125754.59329999167
38 0 100 0.0 0.0 0.0
39 0 100 0.0 0.0 0.0
40 0 100 0.0 0.0 0.0
41 0 7 0.0 7.0 0.0
42 1 11 1.0 20.51504931294799 20.51504931294799
43 1 9 1.0 15.931997307697284 15.931997307697284
44 0 100 0.0 0.0 0.0
45 0 100 0.0 0.0 0.0
46 0 100 0.0 0.0 0.0
47 0 5 0.0 5.0 0.0
48 3 34 57.02181064673912 269.81820202916316 15385.522425150542
49 1 19 1.0 40.84402933782601 40.84402933782601
50 2 15 13.494214179327372 49.68406405407534 670.4474016451129
51 0 100 0.0 0.0 0.0
52 1 105 1.0 7.59708563275366 7.59708563275366
53 0 5 0.0 5.0 0.0
54 1 6 1.0 9.55892689827884 9.55892689827884
55 0 100 0.0 0.0 0.0
56 0 100 0.0 0.0 0.0
57 0 100 0.0 0.0 0.0
58 0 100 0.0 0.0 0.0
59 2 10 13.494214179327372 27.685321443873434 373.59165718715303
60 0 8 0.0 8.0 0.0
61 1 9 1.0 15.931997307697284 15.931997307697284
62 0 100 0.0 0.0 0.0
63 0 100 0.0 0.0 0.0
64 0 11 0.0 11.0 0.0
65 0 100 0.0 0.0 0.0
66 0 100 0.0 0.0 0.0
67 0 100 0.0 0.0 0.0
68 0 5 0.0 5.0 0.0
69 0 5 0.0 5.0 0.0
70 0 100 0.0 0.0 0.0
71 0 100 0.0 0.0 0.0
72 1 26 1.0 60.63937356224698 60.63937356224698
73 1 16 1.0 32.892441635375256 32.892441635375256
74 0 5 0.0 5.0 0.0
75 0 100 0.0 0.0 0.0
76 0 12 0.0 12.0 0.0
77 0 100 0.0 0.0 0.0
78 0 8 0.0 8.0 0.0
79 0 5 0.0 5.0 0.0
80 0 100 0.0 0.0 0.0
81 1 15 1.0 30.323695983612147 30.323695983612147
82 1 102 1.0 2.3948263510722025 2.3948263510722025
83 0 100 0.0 0.0 0.0
84 0 6 0.0 6.0 0.0
85 1 6 1.0 9.55892689827884 9.55892689827884
86 1 18 1.0 38.15436697768484 38.15436697768484
87 0 100 0.0 0.0 0.0
88 0 9 0.0 9.0 0.0
89 2 39 13.494214179327372 197.11162840858907 2659.8665309814905
90 1 11 1.0 20.51504931294799 20.51504931294799
91 0 100 0.0 0.0 0.0
92 0 100 0.0 0.0 0.0
93 1 9 1.0 15.931997307697284 15.931997307697284
94 0 100 0.0 0.0 0.0
95 0 100 0.0 0.0 0.0
96 1 11 1.0 20.51504931294799 20.51504931294799
97 0 100 0.0 0.0 0.0
98 0 100 0.0 0.0 0.0
99 3 20 57.02181064673912 116.21344721391306 6626.701181636562
100 1 21 1.0 46.33316012586883 46.33316012586883
101 0 11 0.0 11.0 0.0
102 0 5 0.0 5.0 0.0
103 1 12 1.0 22.891970023971037 22.891970023971037
104 1 38 1.0 97.81435774219185 97.81435774219185
105 0 100 0.0 0.0 0.0
106 0 7 0.0 7.0 0.0
107 0 100 0.0 0.0 0.0
108 2 111 13.494214179327372 31.76494829034237 428.6430156251388
109 1 103 1.0 3.9914906122521803 3.9914906122521803
110 2 12 13.494214179327372 36.01211998010309 485.95526006314566
111 0 5 0.0 5.0 0.0
112 1 20 1.0 43.57075425423803 43.57075425423803
113 2 29 13.494214179327372 128.5709592386038 1734.9640612072888
114 0 100 0.0 0.0 0.0
115 0 6 0.0 6.0 0.0
116 1 16 1.0 32.892441635375256 32.892441635375256
117 1 19 1.0 40.84402933782601 40.84402933782601
118 1 13 1.0 25.320989780782124 25.320989780782124
119 2 15 13.494214179327372 49.68406405407534 670.4474016451129
120 2 13 13.494214179327372 40.41888428935346 545.4210814899858
121 4 37 151.22372397683895 480.38255499420245 72645.23889973194
122 1 26 1.0 60.63937356224698 60.63937356224698
123 0 5 0.0 5.0 0.0
124 1 7 1.0 11.607984241186918 11.607984241186918
125 1 12 1.0 22.891970023971037 22.891970023971037
126 1 15 1.0 30.323695983612147 30.323695983612147
127 1 11 1.0 20.51504931294799 20.51504931294799
128 1 15 1.0 30.323695983612147 30.323695983612147
129 4 66 151.22372397683895 1292.338741426653 195432.27711807963
130 1 10 1.0 18.1937008646705 18.1937008646705
131 1 108 1.0 13.734791927877684 13.734791927877684
132 2 23 13.494214179327372 92.0346545141889 1241.9353399348638
133 0 6 0.0 6.0 0.0
134 5 65 312.35291035940236 1969.1653870843556 615074.5396347976
135 1 15 1.0 30.323695983612147 30.323695983612147
136 2 21 13.494214179327372 80.71796600694597 1089.2255214173952
137 0 100 0.0 0.0 0.0
138 2 22 13.494214179327372 86.31942417916456 1164.8127977098563
139 2 21 13.494214179327372 80.71796600694597 1089.2255214173952
140 1 100 1.0 0.0 0.0
141 1 25 1.0 57.71571011139208 57.71571011139208
142 1 9 1.0 15.931997307697284 15.931997307697284
143 2 41 13.494214179327372 211.85407612585806 2858.8042780058545
144 2 40 13.494214179327372 204.4421003683832 2758.785489642506
145 0 100 0.0 0.0 0.0
146 2 26 13.494214179327372 109.8359986590007 1482.1504905048694
147 1 14 1.0 27.799106543625292 27.799106543625292
148 0 100 0.0 0.0 0.0
149 1 20 1.0 43.57075425423803 43.57075425423803
150 1 16 1.0 32.892441635375256 32.892441635375256
151 1 12 1.0 22.891970023971037 22.891970023971037
152 3 51 57.02181064673912 513.5688732735056 29284.627045860994
153 2 11 13.494214179327372 31.76494829034237 428.6430156251388
154 1 112 1.0 22.891970023971037 22.891970023971037
155 2 20 13.494214179327372 75.23327232919837 1015.2138902218663
156 3 21 57.02181064673912 125.57185196799401 7160.33436547931
157 1 29 1.0 69.58346013935528 69.58346013935528
158 0 100 0.0 0.0 0.0
159 0 100 0.0 0.0 0.0
160 1 7 1.0 11.607984241186918 11.607984241186918
161 1 20 1.0 43.57075425423803 43.57075425423803
162 0 100 0.0 0.0 0.0
163 1 11 1.0 20.51504931294799 20.51504931294799
164 4 54 151.22372397683895 916.9626779842689 138666.51091255614
165 0 100 0.0 0.0 0.0
166 0 5 0.0 5.0 0.0
167 3 43 57.02181064673912 391.71440685113555 22336.26473506518
168 6 81 552.5626438069447 4475.076918624486 2472760.3333945815
169 6 63 552.5626438069447 2767.0349550527303 1528960.150270167
170 2 21 13.494214179327372 80.71796600694597 1089.2255214173952
171 0 100 0.0 0.0 0.0
172 2 31 13.494214179327372 141.5519192260369 1910.1319155309898
173 3 30 57.02181064673912 221.1993434691573 12613.187078481296
174 2 22 13.494214179327372 86.31942417916456 1164.8127977098563
175 1 16 1.0 32.892441635375256 32.892441635375256
176 2 31 13.494214179327372 141.5519192260369 1910.1319155309898
177 4 53 151.22372397683895 888.1171619831025 134304.38456282625
178 1 107 1.0 11.607984241186918 11.607984241186918
179 1 17 1.0 35.503281577765854 35.503281577765854
180 0 5 0.0 5.0 0.0
181 2 39 13.494214179327372 197.11162840858907 2659.8665309814905
182 2 17 13.494214179327372 59.51335422080222 803.0859483856818
183 1 10 1.0 18.1937008646705 18.1937008646705
184 1 8 1.0 13.734791927877684 13.734791927877684
185 2 28 13.494214179327372 122.22584512913716 1649.341732421874
186 4 52 151.22372397683895 859.6554919481086 130000.30482953448
187 3 47 57.02181064673912 451.11773253603667 25723.549924056188
188 2 22 13.494214179327372 86.31942417916456 1164.8127977098563
189 1 18 1.0 38.15436697768484 38.15436697768484
190 2 24 13.494214179327372 97.86086952638261 1320.555533164218
191 3 22 57.02181064673912 135.19579244279535 7709.10887690892
192 2 24 13.494214179327372 97.86086952638261 1320.555533164218
193 1 13 1.0 25.320989780782124 25.320989780782124
194 1 7 1.0 11.607984241186918 11.607984241186918
195 3 38 57.02181064673912 321.92161897300775 18356.553600170548
196 3 27 57.02181064673912 187.1321231368427 10670.612491431313
197 1 18 1.0 38.15436697768484 38.15436697768484
198 0 100 0.0 0.0 0.0
199 6 49 552.5626438069447 1710.916389083443 945388.4832845785
