0 0 100 0.0 0.0 0.0
1 1 8 1.0 13.734791927877684 13.734791927877684
2 0 5 0.0 5.0 0.0
3 0 100 0.0 0.0 0.0
4 1 9 1.0 15.931997307697284 15.931997307697284
5 0 7 0.0 7.0 0.0
6 0 10 0.0 10.0 0.0
7 0 100 0.0 0.0 0.0
8 0 6 0.0 6.0 0.0
9 2 9 13.494214179327372 23.78240930402918 320.92492484899776
10 1 10 1.0 18.1937008646705 18.1937008646705
11 0 8 0.0 8.0 0.0
12 0 9 0.0 9.0 0.0
13 0 100 0.0 0.0 0.0
14 2 6 13.494214179327372 13.252209915340185 178.8281589470063
15 0 6 0.0 6.0 0.0
16 0 7 0.0 7.0 0.0
17 1 7 1.0 11.607984241186918 11.607984241186918
18 0 5 0.0 5.0 0.0
19 0 7 0.0 7.0 0.0
20 1 105 1.0 7.59708563275366 7.59708563275366
21 1 10 1.0 18.1937008646705 18.1937008646705
22 1 8 1.0 13.734791927877684 13.734791927877684
23 1 103 1.0 3.9914906122521803 3.9914906122521803
24 0 6 0.0 6.0 0.0
25 0 100 0.0 0.0 0.0
26 0 9 0.0 9.0 0.0
27 2 9 13.494214179327372 23.78240930402918 320.92492484899776
28 0 6 0.0 6.0 0.0
29 0 6 0.0 6.0 0.0
30 0 100 0.0 0.0 0.0
31 0 9 0.0 9.0 0.0
32 0 100 0.0 0.0 0.0
33 0 9 0.0 9.0 0.0
34 0 100 0.0 0.0 0.0
35 0 6 0.0 6.0 0.0
36 0 11 0.0 11.0 0.0
37 0 100 0.0 0.0 0.0
38 0 5 0.0 5.0 0.0
39 1 9 1.0 15.931997307697284 15.931997307697284
40 0 5 0.0 5.0 0.0
41 0 5 0.0 5.0 0.0
42 0 9 0.0 9.0 0.0
43 1 7 1.0 11.607984241186918 11.607984241186918
44 1 9 1.0 15.931997307697284 15.931997307697284
45 0 100 0.0 0.0 0.0
46 0 9 0.0 9.0 0.0
47 0 8 0.0 8.0 0.0
48 1 20 1.0 43.57075425423803 43.57075425423803
49 0 100 0.0 0.0 0.0
50 0 8 0.0 8.0 0.0
51 0 5 0.0 5.0 0.0
52 0 10 0.0 10.0 0.0
53 0 100 0.0 0.0 0.0
54 0 5 0.0 5.0 0.0
55 0 5 0.0 5.0 0.0
56 0 100 0.0 0.0 0.0
57 0 11 0.0 11.0 0.0
58 0 5 0.0 5.0 0.0
59 1 7 1.0 11.607984241186918 11.607984241186918
60 0 9 0.0 9.0 0.0
61 1 5 1.0 7.59708563275366 7.59708563275366
62 1 6 1.0 9.55892689827884 9.55892689827884
63 0 5 0.0 5.0 0.0
64 0 6 0.0 6.0 0.0
65 0 6 0.0 6.0 0.0
66 1 8 1.0 13.734791927877684 13.734791927877684
67 1 20 1.0 43.57075425423803 43.57075425423803
68 0 100 0.0 0.0 0.0
69 0 8 0.0 8.0 0.0
70 0 6 0.0 6.0 0.0
71 0 6 0.0 6.0 0.0
72 0 100 0.0 0.0 0.0
73 1 7 1.0 11.607984241186918 11.607984241186918
74 2 25 13.494214179327372 103.79546451213633 1400.6382289695412
75 0 5 0.0 5.0 0.0
76 1 5 1.0 7.59708563275366 7.59708563275366
77 0 5 0.0 5.0 0.0
78 0 6 0.0 6.0 0.0
79 0 6 0.0 6.0 0.0
80 1 7 1.0 11.607984241186918 11.607984241186918
81 1 20 1.0 43.57075425423803 43.57075425423803
82 0 7 0.0 7.0 0.0
83 0 100 0.0 0.0 0.0
84 1 8 1.0 13.734791927877684 13.734791927877684
85 0 6 0.0 6.0 0.0
86 0 10 0.0 10.0 0.0
87 0 5 0.0 5.0 0.0
88 0 11 0.0 11.0 0.0
89 0 100 0.0 0.0 0.0
90 1 9 1.0 15.931997307697284 15.931997307697284
91 1 101 1.0 1.0 1.0
92 0 5 0.0 5.0 0.0
93 1 7 1.0 11.607984241186918 11.607984241186918
94 0 100 0.0 0.0 0.0
95 0 8 0.0 8.0 0.0
96 0 6 0.0 6.0 0.0
97 0 6 0.0 6.0 0.0
98 0 5 0.0 5.0 0.0
99 0 5 0.0 5.0 0.0
100 0 6 0.0 6.0 0.0
101 0 100 0.0 0.0 0.0
102 0 5 0.0 5.0 0.0
103 0 100 0.0 0.0 0.0
104 1 7 1.0 11.607984241186918 11.607984241186918
105 0 100 0.0 0.0 0.0
106 0 5 0.0 5.0 0.0
107 1 6 1.0 9.55892689827884 9.55892689827884
108 0 5 0.0 5.0 0.0
109 0 100 0.0 0.0 0.0
110 0 6 0.0 6.0 0.0
111 0 100 0.0 0.0 0.0
112 1 10 1.0 18.1937008646705 18.1937008646705
113 1 10 1.0 18.1937008646705 18.1937008646705
114 0 7 0.0 7.0 0.0
115 0 9 0.0 9.0 0.0
116 0 100 0.0 0.0 0.0
117 0 7 0.0 7.0 0.0
118 0 6 0.0 6.0 0.0
119 1 7 1.0 11.607984241186918 11.607984241186918
120 0 100 0.0 0.0 0.0
121 1 46 1.0 124.43529823617882 124.43529823617882
122 0 100 0.0 0.0 0.0
123 0 9 0.0 9.0 0.0
124 0 11 0.0 11.0 0.0
125 1 10 1.0 18.1937008646705 18.1937008646705
126 0 7 0.0 7.0 0.0
127 0 5 0.0 5.0 0.0
128 1 6 1.0 9.55892689827884 9.55892689827884
129 0 6 0.0 6.0 0.0
130 0 100 0.0 0.0 0.0
131 1 10 1.0 18.1937008646705 18.1937008646705
132 0 7 0.0 7.0 0.0
133 0 6 0.0 6.0 0.0
134 0 9 0.0 9.0 0.0
135 0 6 0.0 6.0 0.0
136 0 10 0.0 10.0 0.0
137 1 9 1.0 15.931997307697284 15.931997307697284
138 0 6 0.0 6.0 0.0
139 0 7 0.0 7.0 0.0
140 0 11 0.0 11.0 0.0
141 0 6 0.0 6.0 0.0
142 0 6 0.0 6.0 0.0
143 0 100 0.0 0.0 0.0
144 0 7 0.0 7.0 0.0
145 0 6 0.0 6.0 0.0
146 1 9 1.0 15.931997307697284 15.931997307697284
147 1 6 1.0 9.55892689827884 9.55892689827884
148 1 106 1.0 9.55892689827884 9.55892689827884
149 0 6 0.0 6.0 0.0
150 0 5 0.0 5.0 0.0
151 1 6 1.0 9.55892689827884 9.55892689827884
152 0 6 0.0 6.0 0.0
153 0 10 0.0 10.0 0.0
154 1 11 1.0 20.51504931294799 20.51504931294799
155 0 100 0.0 0.0 0.0
156 0 100 0.0 0.0 0.0
157 0 100 0.0 0.0 0.0
158 0 9 0.0 9.0 0.0
159 0 100 0.0 0.0 0.0
160 1 8 1.0 13.734791927877684 13.734791927877684
161 1 11 1.0 20.51504931294799 20.51504931294799
162 0 100 0.0 0.0 0.0
163 1 9 1.0 15.931997307697284 15.931997307697284
164 0 6 0.0 6.0 0.0
165 1 6 1.0 9.55892689827884 9.55892689827884
166 1 103 1.0 3.9914906122521803 3.9914906122521803
167 0 7 0.0 7.0 0.0
168 0 10 0.0 10.0 0.0
169 1 21 1.0 46.33316012586883 46.33316012586883
170 0 100 0.0 0.0 0.0
171 1 25 1.0 57.71571011139208 57.71571011139208
172 0 5 0.0 5.0 0.0
173 1 6 1.0 9.55892689827884 9.55892689827884
174 1 10 1.0 18.1937008646705 18.1937008646705
175 1 7 1.0 11.607984241186918 11.607984241186918
176 1 6 1.0 9.55892689827884 9.55892689827884
177 0 11 0.0 11.0 0.0
178 0 100 0.0 0.0 0.0
179 0 6 0.0 6.0 0.0
180 0 100 0.0 0.0 0.0
181 1 7 1.0 11.607984241186918 11.607984241186918
182 1 7 1.0 11.607984241186918 11.607984241186918
183 0 7 0.0 7.0 0.0
184 1 8 1.0 13.734791927877684 13.734791927877684
185 0 11 0.0 11.0 0.0
186 2 27 13.494214179327372 115.98017876588344 1565.0613728235076
187 0 7 0.0 7.0 0.0
188 0 8 0.0 8.0 0.0
189 0 6 0.0 6.0 0.0
190 0 7 0.0 7.0 0.0
191 1 8 1.0 13.734791927877684 13.734791927877684
192 0 100 0.0 0.0 0.0
193 1 8 1.0 13.734791927877684 13.734791927877684
194 0 6 0.0 6.0 0.0
195 0 11 0.0 11.0 0.0
196 1 100 1.0 0.0 0.0
197 0 6 0.0 6.0 0.0
198 1 6 1.0 9.55892689827884 9.55892689827884
199 0 11 0.0 11.0 0.0
