0 0 6 0.0 6.0 0.0
1 3 45 57.02181064673912 421.0282951259743 24007.7957215927
2 0 100 0.0 0.0 0.0
3 1 12 1.0 22.891970023971037 22.891970023971037
4 1 101 1.0 1.0 1.0
5 0 5 0.0 5.0 0.0
6 2 105 13.494214179327372 10.188005914414083 137.47913386935764
7 2 114 13.494214179327372 44.97826169706515 606.9462967540338
8 1 10 1.0 18.1937008646705 18.1937008646705
9 0 100 0.0 0.0 0.0
10 0 5 0.0 5.0 0.0
11 0 100 0.0 0.0 0.0
12 0 100 0.0 0.0 0.0
13 4 52 151.22372397683895 859.6554919481086 130000.30482953448
14 2 15 13.494214179327372 49.68406405407534 670.4474016451129
15 0 100 0.0 0.0 0.0
16 0 100 0.0 0.0 0.0
17 0 100 0.0 0.0 0.0
18 0 7 0.0 7.0 0.0
19 3 118 57.02181064673912 98.31525163284788 5606.113662294761
20 1 5 1.0 7.59708563275366 7.59708563275366
21 0 100 0.0 0.0 0.0
22 1 109 1.0 15.931997307697284 15.931997307697284
23 0 100 0.0 0.0 0.0
24 2 21 13.494214179327372 80.71796600694597 1089.2255214173952
25 3 155 57.02181064673912 578.9666715492328 33013.72791585315
26 0 100 0.0 0.0 0.0
27 0 100 0.0 0.0 0.0
28 2 20 13.494214179327372 75.23327232919837 1015.2138902218663
29 1 6 1.0 9.55892689827884 9.55892689827884
30 0 100 0.0 0.0 0.0
31 1 103 1.0 3.9914906122521803 3.9914906122521803
32 0 6 0.0 6.0 0.0
33 1 7 1.0 11.607984241186918 11.607984241186918
34 0 100 0.0 0.0 0.0
35 2 46 13.494214179327372 250.0988923255542 3374.8880190535633
36 0 100 0.0 0.0 0.0
37 0 100 0.0 0.0 0.0
38 0 5 0.0 5.0 0.0
39 1 106 1.0 9.55892689827884 9.55892689827884
40 3 159 57.02181064673912 647.2206215128941 36905.69172657306
41 1 107 1.0 11.607984241186918 11.607984241186918
42 0 5 0.0 5.0 0.0
43 0 100 0.0 0.0 0.0
44 0 5 0.0 5.0 0.0
45 1 104 1.0 5.735193251789799 5.735193251789799
46 0 11 0.0 11.0 0.0
47 0 100 0.0 0.0 0.0
48 0 100 0.0 0.0 0.0
49 0 100 0.0 0.0 0.0
50 9 190 1814.8473014962385 16228.85406923779 29452892.01393245
51 0 5 0.0 5.0 0.0
52 0 100 0.0 0.0 0.0
53 0 8 0.0 8.0 0.0
54 7 228 880.1589317377488 16384.0 14420523.937591277
55 1 100 1.0 0.0 0.0
56 0 100 0.0 0.0 0.0
57 0 100 0.0 0.0 0.0
58 0 100 0.0 0.0 0.0
59 0 6 0.0 6.0 0.0
60 0 100 0.0 0.0 0.0
61 9 122 1814.8473014962385 31255.467204814257 56723900.31366134
62 0 10 0.0 10.0 0.0
63 1 7 1.0 11.607984241186918 11.607984241186918
64 0 100 0.0 0.0 0.0
65 0 100 0.0 0.0 0.0
66 0 100 0.0 0.0 0.0
67 0 100 0.0 0.0 0.0
68 0 100 0.0 0.0 0.0
69 1 31 1.0 75.68293941204132 75.68293941204132
70 0 8 0.0 8.0 0.0
71 0 100 0.0 0.0 0.0
72 4 38 151.22372397683895 502.796158813779 76034.7075370698
73 1 107 1.0 11.607984241186918 11.607984241186918
74 0 100 0.0 0.0 0.0
75 0 100 0.0 0.0 0.0
76 2 25 13.494214179327372 103.79546451213633 1400.6382289695412
77 0 5 0.0 5.0 0.0
78 1 20 1.0 43.57075425423803 43.57075425423803
79 0 100 0.0 0.0 0.0
80 1 101 1.0 1.0 1.0
81 4 63 151.22372397683895 1193.5182370479756 180488.2724406665
82 4 75 151.22372397683895 1608.0874365260645 243180.97063184011
83 0 100 0.0 0.0 0.0
84 2 13 13.494214179327372 40.41888428935346 545.4210814899858
85 2 34 13.494214179327372 161.72412498062124 2182.3399804528112
86 0 100 0.0 0.0 0.0
87 0 6 0.0 6.0 0.0
88 0 5 0.0 5.0 0.0
89 0 100 0.0 0.0 0.0
90 0 5 0.0 5.0 0.0
91 0 100 0.0 0.0 0.0
92 2 24 13.494214179327372 97.86086952638261 1320.555533164218
93 0 100 0.0 0.0 0.0
94 0 5 0.0 5.0 0.0
95 0 9 0.0 9.0 0.0
96 2 13 13.494214179327372 40.41888428935346 545.4210814899858
97 1 20 1.0 43.57075425423803 43.57075425423803
98 1 12 1.0 22.891970023971037 22.891970023971037
99 0 100 0.0 0.0 0.0
100 0 5 0.0 5.0 0.0
101 2 20 13.494214179327372 75.23327232919837 1015.2138902218663
102 0 100 0.0 0.0 0.0
103 2 21 13.494214179327372 80.71796600694597 1089.2255214173952
104 1 104 1.0 5.735193251789799 5.735193251789799
105 1 11 1.0 20.51504931294799 20.51504931294799
106 1 6 1.0 9.55892689827884 9.55892689827884
107 7 124 880.1589317377488 15376.0 13533323.734399626
108 0 100 0.0 0.0 0.0
109 5 176 312.35291035940236 2616.164871066153 817166.7114575435
110 0 5 0.0 5.0 0.0
111 0 100 0.0 0.0 0.0
112 0 100 0.0 0.0 0.0
113 2 28 13.494214179327372 122.22584512913716 1649.341732421874
114 2 45 13.494214179327372 242.29532664846576 3269.585032444484
115 0 6 0.0 6.0 0.0
116 0 100 0.0 0.0 0.0
117 2 19 13.494214179327372 69.8685662777562 942.821397754572
118 8 143 1300.1508247099457 30428.435598390966 39561555.63788149
119 0 100 0.0 0.0 0.0
120 2 22 13.494214179327372 86.31942417916456 1164.8127977098563
121 3 41 57.02181064673912 363.1907597716439 20709.794732343995
122 3 40 57.02181064673912 349.23013798641597 19913.734800395985
123 1 27 1.0 63.59241768810072 63.59241768810072
124 0 100 0.0 0.0 0.0
125 0 100 0.0 0.0 0.0
126 1 20 1.0 43.57075425423803 43.57075425423803
127 1 17 1.0 35.503281577765854 35.503281577765854
128 0 8 0.0 8.0 0.0
129 1 12 1.0 22.891970023971037 22.891970023971037
130 5 135 312.35291035940236 7431.446581170135 2321233.9678089223
131 0 100 0.0 0.0 0.0
132 5 47 312.35291035940236 1092.4547337912052 341231.4155355891
133 0 100 0.0 0.0 0.0
134 2 26 13.494214179327372 109.8359986590007 1482.1504905048694
135 2 21 13.494214179327372 80.71796600694597 1089.2255214173952
136 3 22 57.02181064673912 135.19579244279535 7709.10887690892
137 2 105 13.494214179327372 10.188005914414083 137.47913386935764
138 10 133 2424.408141701412 52893.67773024879 128235862.93374585
139 0 10 0.0 10.0 0.0
140 2 42 13.494214179327372 219.34644070399202 2959.9078503327996
141 2 34 13.494214179327372 161.72412498062124 2182.3399804528112
142 2 15 13.494214179327372 49.68406405407534 670.4474016451129
143 1 15 1.0 30.323695983612147 30.323695983612147
144 3 38 57.02181064673912 321.92161897300775 18356.553600170548
145 2 22 13.494214179327372 86.31942417916456 1164.8127977098563
146 5 61 312.35291035940236 1754.5251914699081 548031.0498545135
147 0 100 0.0 0.0 0.0
148 3 54 57.02181064673912 562.3460860297637 32065.99203552405
149 0 6 0.0 6.0 0.0
150 2 123 13.494214179327372 92.0346545141889 1241.9353399348638
151 1 6 1.0 9.55892689827884 9.55892689827884
152 1 16 1.0 32.892441635375256 32.892441635375256
153 3 38 57.02181064673912 321.92161897300775 18356.553600170548
154 4 60 151.22372397683895 1097.9836363389938 166041.17435281392
155 2 18 13.494214179327372 64.62733255388774 872.0950673207774
156 0 7 0.0 7.0 0.0
157 1 18 1.0 38.15436697768484 38.15436697768484
158 9 80 1814.8473014962385 12591.662837695694 22851945.3223425
159 12 174 3920.792982031498 185473.20087432943 727202024.3429891
160 0 100 0.0 0.0 0.0
161 0 6 0.0 6.0 0.0
162 1 104 1.0 5.735193251789799 5.735193251789799
163 8 95 1300.1508247099457 12996.633669206958 16897583.983472474
164 5 107 312.35291035940236 4871.189817186799 1521530.3163113818
165 6 157 552.5626438069447 2284.902982010436 1262552.0325820583
166 0 100 0.0 0.0 0.0
167 6 57 552.5626438069447 2284.902982010436 1262552.0325820583
168 1 11 1.0 20.51504931294799 20.51504931294799
169 0 8 0.0 8.0 0.0
170 1 9 1.0 15.931997307697284 15.931997307697284
171 3 71 57.02181064673912 868.3392862126454 49514.278355542076
172 2 64 13.494214179327372 402.6820690045564 5433.878085322169
173 1 101 1.0 1.0 1.0
174 3 22 57.02181064673912 135.19579244279535 7709.10887690892
175 1 5 1.0 7.59708563275366 7.59708563275366
176 0 18 0.0 18.0 0.0
177 2 22 13.494214179327372 86.31942417916456 1164.8127977098563
178 1 107 1.0 11.607984241186918 11.607984241186918
179 1 12 1.0 22.891970023971037 22.891970023971037
180 0 100 0.0 0.0 0.0
181 2 118 13.494214179327372 64.62733255388774 872.0950673207774
182 1 21 1.0 46.33316012586883 46.33316012586883
183 5 174 312.35291035940236 2492.4098028308917 778511.4557225333
184 1 25 1.0 57.71571011139208 57.71571011139208
185 1 13 1.0 25.320989780782124 25.320989780782124
186 1 18 1.0 38.15436697768484 38.15436697768484
187 3 50 57.02181064673912 497.6760852315066 28378.391495481366
188 2 22 13.494214179327372 86.31942417916456 1164.8127977098563
189 3 40 57.02181064673912 349.23013798641597 19913.734800395985
190 0 100 0.0 0.0 0.0
191 1 15 1.0 30.323695983612147 30.323695983612147
192 1 103 1.0 3.9914906122521803 3.9914906122521803
193 3 14 57.02181064673912 65.97278979840442 3761.8879277217393
194 1 24 1.0 54.8222930413608 54.8222930413608
195 3 57 57.02181064673912 612.7419199112477 34939.653732498555
196 6 68 552.5626438069447 3202.3105181925803 1769477.1662232792
197 1 8 1.0 13.734791927877684 13.734791927877684
198 0 100 0.0 0.0 0.0
199 1 17 1.0 35.503281577765854 35.503281577765854
