0 6 114 552.5626438069447 8604.337363813209 4754435.401955504
1 13 264 4801.088521889328 686135.6285227063 3294197890.559685
2 0 100 0.0 0.0 0.0
3 0 100 0.0 0.0 0.0
4 1 19 1.0 40.84402933782601 40.84402933782601
5 1 10 1.0 18.1937008646705 18.1937008646705
6 0 5 0.0 5.0 0.0
7 0 10 0.0 10.0 0.0
8 0 10 0.0 10.0 0.0
9 1 5 1.0 7.59708563275366 7.59708563275366
10 0 5 0.0 5.0 0.0
11 0 100 0.0 0.0 0.0
12 0 100 0.0 0.0 0.0
13 13 328 4801.088521889328 481901.6695597634 2313652574.4026837
14 0 100 0.0 0.0 0.0
15 5 86 312.35291035940236 3275.042744200361 1022969.1327024265
16 0 9 0.0 9.0 0.0
17 0 10 0.0 10.0 0.0
18 0 100 0.0 0.0 0.0
19 2 10 13.494214179327372 27.685321443873434 373.59165718715303
20 0 10 0.0 10.0 0.0
21 0 100 0.0 0.0 0.0
22 0 6 0.0 6.0 0.0
23 14 192 5763.781188419757 427666.3297945429 2464975146.5903063
24 0 100 0.0 0.0 0.0
25 3 16 57.02181064673912 81.54950460903234 4650.100410151621
26 1 111 1.0 20.51504931294799 20.51504931294799
27 0 10 0.0 10.0 0.0
28 0 100 0.0 0.0 0.0
29 3 46 57.02181064673912 435.9769523615719 24860.195223903953
30 0 100 0.0 0.0 0.0
31 3 53 57.02181064673912 545.90532331836 31128.509977306425
32 1 104 1.0 5.735193251789799 5.735193251789799
33 0 100 0.0 0.0 0.0
34 0 10 0.0 10.0 0.0
35 12 173 3920.792982031498 182976.5500999565 717413173.5082443
36 1 5 1.0 7.59708563275366 7.59708563275366
37 11 284 3127.3197986346404 153157.55954963647 478972668.29014206
38 0 100 0.0 0.0 0.0
39 7 99 880.1589317377488 9801.0 8626437.689961676
40 5 170 312.35291035940236 2253.023098877021 703738.322041197
41 0 100 0.0 0.0 0.0
42 0 5 0.0 5.0 0.0
43 1 10 1.0 18.1937008646705 18.1937008646705
44 0 10 0.0 10.0 0.0
45 0 5 0.0 5.0 0.0
46 0 100 0.0 0.0 0.0
47 0 100 0.0 0.0 0.0
48 0 100 0.0 0.0 0.0
49 20 247 12981.212045421978 3992725.6621728675 51830418459.86387
50 17 231 9095.850952291546 1564644.7799730715 14231775711.91606
51 0 100 0.0 0.0 0.0
52 0 9 0.0 9.0 0.0
53 7 69 880.1589317377488 4761.0 4190436.6740034223
54 0 19 0.0 19.0 0.0
55 0 100 0.0 0.0 0.0
56 2 115 13.494214179327372 49.68406405407534 670.4474016451129
57 0 100 0.0 0.0 0.0
58 0 8 0.0 8.0 0.0
59 1 18 1.0 38.15436697768484 38.15436697768484
60 0 100 0.0 0.0 0.0
61 0 100 0.0 0.0 0.0
62 0 11 0.0 11.0 0.0
63 14 237 5763.781188419757 718841.3389030525 4143244186.6278853
64 1 26 1.0 60.63937356224698 60.63937356224698
65 0 100 0.0 0.0 0.0
66 1 104 1.0 5.735193251789799 5.735193251789799
67 0 100 0.0 0.0 0.0
68 0 100 0.0 0.0 0.0
69 1 5 1.0 7.59708563275366 7.59708563275366
70 0 100 0.0 0.0 0.0
71 21 313 14374.256054893494 9831355.156027785 141318416379.34076
72 0 10 0.0 10.0 0.0
73 5 179 312.35291035940236 2806.8374672292675 876723.8517948753
74 0 11 0.0 11.0 0.0
75 5 79 312.35291035940236 2806.8374672292675 876723.8517948753
76 4 145 151.22372397683895 671.3571728121805 101525.13179122015
77 4 70 151.22372397683895 1429.1350405139644 216119.12289231233
78 1 108 1.0 13.734791927877684 13.734791927877684
79 17 337 9095.850952291546 4209827.594113514 38291964330.900635
80 18 378 10336.717591947081 3324246.0622140295 34361792751.248566
81 10 235 2424.408141701412 54678.91489606342 132564006.45341478
82 19 259 11633.622691025432 3553885.1911973516 41344559401.61276
83 0 9 0.0 9.0 0.0
84 9 318 1814.8473014962385 109157.05018253595 198103377.96306488
85 1 18 1.0 38.15436697768484 38.15436697768484
86 0 100 0.0 0.0 0.0
87 0 100 0.0 0.0 0.0
88 13 192 4801.088521889328 318478.99429131305 1529045843.95488
89 1 103 1.0 3.9914906122521803 3.9914906122521803
90 1 10 1.0 18.1937008646705 18.1937008646705
91 0 100 0.0 0.0 0.0
92 5 172 312.35291035940236 2371.3580183097592 740700.5785231582
93 0 100 0.0 0.0 0.0
94 0 6 0.0 6.0 0.0
95 0 100 0.0 0.0 0.0
96 0 100 0.0 0.0 0.0
97 16 271 7916.453847805617 1802391.5732730776 14268549705.490076
98 0 100 0.0 0.0 0.0
99 0 5 0.0 5.0 0.0
100 16 403 7916.453847805617 2401528.5219665733 19011589708.337215
101 11 119 3127.3197986346404 56469.811181865436 176599158.53420758
102 4 78 151.22372397683895 1719.6349352173313 260049.59878423504
103 11 116 3127.3197986346404 53263.405056572745 166571701.17611638
104 1 9 1.0 15.931997307697284 15.931997307697284
105 12 377 3920.792982031498 553461.4863282363 2170007911.4204707
106 0 100 0.0 0.0 0.0
107 2 31 13.494214179327372 141.5519192260369 1910.1319155309898
108 3 122 57.02181064673912 135.19579244279535 7709.10887690892
109 4 131 151.22372397683895 354.97079584466536 53680.00565065253
110 2 131 13.494214179327372 141.5519192260369 1910.1319155309898
111 0 100 0.0 0.0 0.0
112 1 25 1.0 57.71571011139208 57.71571011139208
113 0 100 0.0 0.0 0.0
114 2 22 13.494214179327372 86.31942417916456 1164.8127977098563
115 3 48 57.02181064673912 466.4489382157433 26597.763031310627
116 2 31 13.494214179327372 141.5519192260369 1910.1319155309898
117 11 229 3127.3197986346404 252740.34468079347 790399883.8339887
118 20 349 12981.212045421978 10362452.355291663 134517191334.62349
119 0 100 0.0 0.0 0.0
120 0 100 0.0 0.0 0.0
121 0 100 0.0 0.0 0.0
122 7 258 880.1589317377488 24964.0 21972287.57190116
123 9 251 1814.8473014962385 49483.85481657476 89805640.38149236
124 23 316 17276.616480405057 16230998.649656534 280416738764.0883
125 9 207 1814.8473014962385 23559.974173081857 42757755.55133868
126 11 313 3127.3197986346404 214120.66733750328 669623802.2614356
127 1 111 1.0 20.51504931294799 20.51504931294799
128 11 192 3127.3197986346404 168832.0419378618 527991787.3961891
129 5 80 312.35291035940236 2871.732646582133 896994.0499340383
130 10 129 2424.408141701412 49420.76856899131 119816113.68780379
131 14 215 5763.781188419757 565311.5939489864 3258332330.798756
132 1 113 1.0 25.320989780782124 25.320989780782124
133 13 247 4801.088521889328 584440.1619338142 2805948953.1915755
134 5 151 312.35291035940236 1267.2460047423704 395827.9777226044
135 7 107 880.1589317377488 11449.0 10076939.609465487
136 17 206 9095.850952291546 1158904.3823231321 10541221529.568708
137 4 144 151.22372397683895 646.0476428878335 97697.73042395715
138 20 351 12981.212045421978 4173667.4815493794 54179262585.074814
139 0 100 0.0 0.0 0.0
140 14 358 5763.781188419757 886269.1607321269 5108261516.504399
141 0 9 0.0 9.0 0.0
142 13 181 4801.088521889328 276265.43546600867 1326374811.210611
143 0 100 0.0 0.0 0.0
144 21 461 14374.256054893494 29093418.75789783 418196250738.2649
145 11 159 3127.3197986346404 109632.99624762133 342857439.7488234
146 2 117 13.494214179327372 59.51335422080222 803.0859483856818
147 11 228 3127.3197986346404 250220.68273777683 782520095.1537265
148 8 97 1300.1508247099457 13572.24668173896 17645967.716429733
149 16 211 7916.453847805617 947075.6893985047 7497480985.50195
150 16 219 7916.453847805617 1042175.5170884337 8250334382.34354
151 9 252 1814.8473014962385 50192.57933226694 91091867.15630053
152 20 259 12981.212045421978 4551044.310650005 59078071224.65901
153 9 132 1814.8473014962385 37037.19091196814 67216845.98158638
154 8 217 1300.1508247099457 72448.94999196367 94194562.08142118
155 6 105 552.5626438069447 7351.839824949449 4062352.0505192536
156 12 239 3920.792982031498 391209.5839510121 1533851791.2585905
157 11 146 3127.3197986346404 90184.32931477204 282035238.592673
158 7 173 880.1589317377488 5329.0 4690366.947230464
159 0 100 0.0 0.0 0.0
160 12 225 3920.792982031498 339444.1642772938 1330890297.0899603
161 17 385 9095.850952291546 5967933.248892806 54283431325.15401
162 24 421 18776.370315488246 47146276.43575825 885235945354.1742
163 7 110 880.1589317377488 12100.0 10649923.074026762
164 0 100 0.0 0.0 0.0
165 19 267 11633.622691025432 3859801.003666806 44903468539.10089
166 20 488 12981.212045421978 13880031.0076863 180179625707.80795
167 13 342 4801.088521889328 556332.1568343635 2670999932.535396
168 11 172 3127.3197986346404 131244.92094536053 410444839.74266416
169 10 199 2424.408141701412 27431.71378523401 66505670.2417442
170 15 313 6803.971395961631 1942574.5006651205 13217221337.049929
171 2 35 13.494214179327372 168.62869283493262 2275.511697894588
172 28 429 24997.705637318726 122389125.50624754 3059447332614.033
173 11 264 3127.3197986346404 117686.48609129344 368043277.9850422
174 17 257 9095.850952291546 2069242.9946733783 18821525863.62246
175 4 29 151.22372397683895 316.71264325745693 47894.465343940734
176 24 280 18776.370315488246 14306503.052351216 268624199230.60934
177 22 342 15807.685316481819 16085448.297777934 254273704865.8117
178 20 372 12981.212045421978 12357569.546037748 160416230643.16504
179 13 197 4801.088521889328 338836.37386693084 1626783425.3711228
180 16 312 7916.453847805617 2589248.8489619996 20497669013.29149
181 18 279 10336.717591947081 3356249.884797597 34692607227.157684
182 0 100 0.0 0.0 0.0
183 9 289 1814.8473014962385 80257.99045879758 145655997.40765965
184 14 198 5763.781188419757 461384.9487595967 2659321888.2805767
185 17 434 9095.850952291546 4112319.3575623785 37405043944.61072
186 5 75 312.35291035940236 2553.9502583266267 797733.7961014693
187 23 384 17276.616480405057 28477456.40921236 491994092719.41486
188 11 141 3127.3197986346404 83269.02073017742 260408857.14240214
189 15 325 6803.971395961631 2135745.2185837487 14531549376.305647
190 9 102 1814.8473014962385 21251.9061051131 38568964.44651595
191 8 171 1300.1508247099457 44138.65408801346 57386907.51411772
192 10 153 2424.408141701412 72228.7744823091 175112028.9200254
193 12 263 3920.792982031498 489920.81803539564 1920878105.1043098
194 23 415 17276.616480405057 35625214.265037954 615483163889.316
195 18 340 10336.717591947081 5688562.263133302 58801061618.21631
196 7 127 880.1589317377488 16129.0 14196083.40999815
197 8 130 1300.1508247099457 24956.252438948613 32446892.190168634
198 10 189 2424.408141701412 115559.52004722142 280163441.2535912
199 11 357 3127.3197986346404 329131.5687372534 1029299671.2676905
