0 10 215 2424.408141701412 38278.152614098304 92801864.84690912
1 15 262 6803.971395961631 1240901.7694593216 8443060144.599399
2 1 16 1.0 32.892441635375256 32.892441635375256
3 1 100 1.0 0.0 0.0
4 0 100 0.0 0.0 0.0
5 1 9 1.0 15.931997307697284 15.931997307697284
6 1 20 1.0 43.57075425423803 43.57075425423803
7 1 29 1.0 69.58346013935528 69.58346013935528
8 0 100 0.0 0.0 0.0
9 3 134 57.02181064673912 269.81820202916316 15385.522425150542
10 3 19 57.02181064673912 107.12598084817145 6108.517395270634
11 7 191 880.1589317377488 8281.0 7288596.113720298
12 0 100 0.0 0.0 0.0
13 0 100 0.0 0.0 0.0
14 0 8 0.0 8.0 0.0
15 1 9 1.0 15.931997307697284 15.931997307697284
16 21 319 14374.256054893494 10368596.396678822 149040859535.70743
17 0 100 0.0 0.0 0.0
18 0 100 0.0 0.0 0.0
19 14 207 5763.781188419757 514842.0723364665 2967437051.5399694
20 0 100 0.0 0.0 0.0
21 2 136 13.494214179327372 175.6210676402407 2369.868301139548
22 14 213 5763.781188419757 552430.8096260881 3184090308.426343
23 0 100 0.0 0.0 0.0
24 1 5 1.0 7.59708563275366 7.59708563275366
25 1 104 1.0 5.735193251789799 5.735193251789799
26 0 6 0.0 6.0 0.0
27 0 6 0.0 6.0 0.0
28 17 238 9095.850952291546 1691973.6991776354 15389940582.917145
29 0 10 0.0 10.0 0.0
30 0 100 0.0 0.0 0.0
31 0 6 0.0 6.0 0.0
32 0 7 0.0 7.0 0.0
33 0 10 0.0 10.0 0.0
34 1 9 1.0 15.931997307697284 15.931997307697284
35 0 100 0.0 0.0 0.0
36 0 5 0.0 5.0 0.0
37 0 100 0.0 0.0 0.0
38 0 6 0.0 6.0 0.0
39 1 109 1.0 15.931997307697284 15.931997307697284
40 14 300 5763.781188419757 1285601.433375647 7409925357.49603
41 1 16 1.0 32.892441635375256 32.892441635375256
42 0 100 0.0 0.0 0.0
43 5 65 312.35291035940236 1969.1653870843556 615074.5396347976
44 0 5 0.0 5.0 0.0
45 1 10 1.0 18.1937008646705 18.1937008646705
46 0 6 0.0 6.0 0.0
47 15 333 6803.971395961631 923343.1145988388 6282400140.388622
48 5 152 312.35291035940236 1312.7590262571498 410044.10245199583
49 18 239 10336.717591947081 2220858.4563228427 22956386674.696766
50 8 215 1300.1508247099457 19338.564883686733 25143051.082232103
51 0 5 0.0 5.0 0.0
52 0 100 0.0 0.0 0.0
53 1 112 1.0 22.891970023971037 22.891970023971037
54 0 6 0.0 6.0 0.0
55 6 60 552.5626438069447 2520.4667612931225 1392715.7772476552
56 0 6 0.0 6.0 0.0
57 0 100 0.0 0.0 0.0
58 0 6 0.0 6.0 0.0
59 0 6 0.0 6.0 0.0
60 0 100 0.0 0.0 0.0
61 0 100 0.0 0.0 0.0
62 0 9 0.0 9.0 0.0
63 0 100 0.0 0.0 0.0
64 0 10 0.0 10.0 0.0
65 0 100 0.0 0.0 0.0
66 8 223 1300.1508247099457 22242.203710402715 28918219.497446705
67 0 100 0.0 0.0 0.0
68 1 17 1.0 35.503281577765854 35.503281577765854
69 1 105 1.0 7.59708563275366 7.59708563275366
70 0 10 0.0 10.0 0.0
71 0 6 0.0 6.0 0.0
72 0 100 0.0 0.0 0.0
73 0 6 0.0 6.0 0.0
74 0 100 0.0 0.0 0.0
75 1 109 1.0 15.931997307697284 15.931997307697284
76 2 113 13.494214179327372 40.41888428935346 545.4210814899858
77 1 33 1.0 81.88562674252243 81.88562674252243
78 3 51 57.02181064673912 513.5688732735056 29284.627045860994
79 2 23 13.494214179327372 92.0346545141889 1241.9353399348638
80 0 100 0.0 0.0 0.0
81 1 27 1.0 63.59241768810072 63.59241768810072
82 0 100 0.0 0.0 0.0
83 0 5 0.0 5.0 0.0
84 0 100 0.0 0.0 0.0
85 0 100 0.0 0.0 0.0
86 0 100 0.0 0.0 0.0
87 0 6 0.0 6.0 0.0
88 9 238 1814.8473014962385 40759.58337596822 73972419.89998686
89 0 8 0.0 8.0 0.0
90 0 100 0.0 0.0 0.0
91 0 100 0.0 0.0 0.0
92 7 103 880.1589317377488 10609.0 9337606.106805777
93 8 215 1300.1508247099457 19338.564883686733 25143051.082232103
94 0 100 0.0 0.0 0.0
95 0 100 0.0 0.0 0.0
96 1 11 1.0 20.51504931294799 20.51504931294799
97 6 76 552.5626438069447 3961.5666745886283 2189013.755328179
98 2 18 13.494214179327372 64.62733255388774 872.0950673207774
99 0 100 0.0 0.0 0.0
100 4 108 151.22372397683895 2999.8926316694174 453654.935291729
101 2 15 13.494214179327372 49.68406405407534 670.4474016451129
102 0 100 0.0 0.0 0.0
103 20 299 12981.212045421978 6763774.097829077 87801985791.252
104 4 61 151.22372397683895 1129.4605717070829 170801.2337385546
105 0 100 0.0 0.0 0.0
106 2 110 13.494214179327372 27.685321443873434 373.59165718715303
107 5 197 312.35291035940236 4075.7152237055247 1273061.5119205434
108 3 141 57.02181064673912 363.1907597716439 20709.794732343995
109 0 100 0.0 0.0 0.0
110 4 178 151.22372397683895 1719.6349352173313 260049.59878423504
111 9 99 1814.8473014962385 19928.090733228633 36166441.69117218
112 0 100 0.0 0.0 0.0
113 0 100 0.0 0.0 0.0
114 2 40 13.494214179327372 204.4421003683832 2758.785489642506
115 0 100 0.0 0.0 0.0
116 14 271 5763.781188419757 1000502.6462075082 5766678331.175023
117 1 15 1.0 30.323695983612147 30.323695983612147
118 0 100 0.0 0.0 0.0
119 1 10 1.0 18.1937008646705 18.1937008646705
120 0 5 0.0 5.0 0.0
121 0 100 0.0 0.0 0.0
122 6 117 552.5626438069447 9042.681338614557 4996647.907568581
123 3 61 57.02181064673912 682.3928350558612 38911.2750272468
124 2 50 13.494214179327372 282.0582186126376 3806.1540129984737
125 7 50 880.1589317377488 2500.0 2200397.3293443723
126 17 250 9095.850952291546 1924777.9799244525 17507493621.64563
127 10 264 2424.408141701412 242995.88582674824 589121203.9983152
128 0 100 0.0 0.0 0.0
129 2 126 13.494214179327372 109.8359986590007 1482.1504905048694
130 18 357 10336.717591947081 6479538.527190129 66977159881.705086
131 0 100 0.0 0.0 0.0
132 18 341 10336.717591947081 5733317.076033254 59263679480.04354
133 14 322 5763.781188419757 611792.3416496987 3526237190.0198064
134 13 161 4801.088521889328 208335.99613433375 1000239559.7369292
135 9 180 1814.8473014962385 72249.91166878767 131122557.22544089
136 21 282 14374.256054893494 7339971.46272728 105506629240.85307
137 4 158 151.22372397683895 1036.142416344768 156689.31477001615
138 9 155 1814.8473014962385 52351.194230734116 95009423.57975326
139 0 100 0.0 0.0 0.0
140 8 197 1300.1508247099457 13572.24668173896 17645967.716429733
141 12 214 3920.792982031498 301705.1628707397 1182923485.2262664
142 2 29 13.494214179327372 128.5709592386038 1734.9640612072888
143 9 245 1814.8473014962385 45344.665438633376 82293643.70855354
144 0 100 0.0 0.0 0.0
145 12 150 3920.792982031498 130833.47031458805 512970952.22426313
146 13 312 4801.088521889328 1026283.6271550547 4927278542.53708
147 11 86 3127.3197986346404 26847.005926466878 83959173.1679014
148 6 182 552.5626438069447 4581.357643139669 2531487.0915184086
149 6 115 552.5626438069447 8749.296958158795 4834534.658652283
150 7 221 880.1589317377488 14641.0 12886406.919572381
151 2 51 13.494214179327372 290.23003402420613 3916.426240396108
152 13 220 4801.088521889328 442152.3154039866 2122812406.4128702
153 0 100 0.0 0.0 0.0
154 17 282 9095.850952291546 2639181.536725138 24005601894.091614
155 18 398 10336.717591947081 4001315.149074396 41360464692.361664
156 11 177 3127.3197986346404 140143.84535523065 438274622.2362041
157 10 197 2424.408141701412 126720.59559637398 307222443.6851012
158 10 237 2424.408141701412 191158.24807022724 463445612.9748372
159 5 79 312.35291035940236 2806.8374672292675 876723.8517948753
160 0 100 0.0 0.0 0.0
161 15 154 6803.971395961631 325242.1374471003 2212938199.951492
162 12 109 3920.792982031498 61754.9249540471 242128276.3657097
163 2 124 13.494214179327372 97.86086952638261 1320.555533164218
164 19 206 11633.622691025432 1908982.4924326872 22208382040.735195
165 5 154 312.35291035940236 1405.9451433371921 439151.0573270391
166 2 50 13.494214179327372 282.0582186126376 3806.1540129984737
167 20 390 12981.212045421978 14078318.521950588 182753637976.4323
168 11 172 3127.3197986346404 131244.92094536053 410444839.74266416
169 5 79 312.35291035940236 2806.8374672292675 876723.8517948753
170 0 100 0.0 0.0 0.0
171 4 163 151.22372397683895 1193.5182370479756 180488.2724406665
172 11 179 3127.3197986346404 143795.70085563886 449695142.2443835
173 22 357 15807.685316481819 18173929.973126985 287287765978.96826
174 21 335 14374.256054893494 11892546.576467881 170946509634.89633
175 13 249 4801.088521889328 595910.8869723005 2861020919.5116005
176 2 17 13.494214179327372 59.51335422080222 803.0859483856818
177 5 30 312.35291035940236 483.17833180921616 150922.15816320968
178 17 273 9095.850952291546 2424109.826939973 22049341677.83125
179 7 95 880.1589317377488 9025.0 7943434.358933183
180 18 313 10336.717591947081 4561572.951562551 47151691375.36659
181 4 48 151.22372397683895 749.6906189831174 113371.00723312848
182 18 258 10336.717591947081 2723767.2861985955 28154813223.618984
183 14 235 5763.781188419757 179413.39412486384 1034099546.00743
184 16 281 7916.453847805617 1978397.1662811837 15661889859.494408
185 8 240 1300.1508247099457 29115.631170703473 37854711.878540725
186 20 380 12981.212045421978 13104707.581370598 170114987907.02072
187 12 169 3920.792982031498 173183.80963665945 679017865.4248933
188 18 377 10336.717591947081 7493996.856067757 77463329136.11171
189 12 173 3920.792982031498 182976.5500999565 717413173.5082443
190 3 71 57.02181064673912 868.3392862126454 49514.278355542076
191 12 227 3920.792982031498 346581.45704656374 1358874144.4904182
192 1 20 1.0 43.57075425423803 43.57075425423803
193 3 166 57.02181064673912 773.2963448216119 44094.75774823344
194 9 103 1814.8473014962385 21703.328419167574 39388227.0150129
195 14 258 5763.781188419757 886269.1607321269 5108261516.504399
196 20 245 12981.212045421978 3904164.1708363225 50680782961.76538
197 17 252 9095.850952291546 1965394.7938066537 17876938106.8751
198 18 317 10336.717591947081 4718790.0919085 48776800555.73617
199 16 363 7916.453847805617 1668736.119595552 13210472474.944424
