0 0 100 0.0 0.0 0.0
1 4 34 151.22372397683895 415.7115691523703 62865.45158747665
2 0 100 0.0 0.0 0.0
3 0 100 0.0 0.0 0.0
4 0 5 0.0 5.0 0.0
5 0 6 0.0 6.0 0.0
6 2 28 13.494214179327372 122.22584512913716 1649.341732421874
7 0 100 0.0 0.0 0.0
8 1 10 1.0 18.1937008646705 18.1937008646705
9 1 31 1.0 75.68293941204132 75.68293941204132
10 0 100 0.0 0.0 0.0
11 0 100 0.0 0.0 0.0
12 0 100 0.0 0.0 0.0
13 0 5 0.0 5.0 0.0
14 1 11 1.0 20.51504931294799 20.51504931294799
15 0 100 0.0 0.0 0.0
16 0 100 0.0 0.0 0.0
17 0 20 0.0 20.0 0.0
18 1 100 1.0 0.0 0.0
19 2 26 13.494214179327372 109.8359986590007 1482.1504905048694
20 0 6 0.0 6.0 0.0
21 0 100 0.0 0.0 0.0
22 2 19 13.494214179327372 69.8685662777562 942.821397754572
23 0 100 0.0 0.0 0.0
24 2 16 13.494214179327372 54.53075711894446 735.8497159239173
25 0 5 0.0 5.0 0.0
26 0 100 0.0 0.0 0.0
27 0 9 0.0 9.0 0.0
28 1 14 1.0 27.799106543625292 27.799106543625292
29 1 19 1.0 40.84402933782601 40.84402933782601
30 1 16 1.0 32.892441635375256 32.892441635375256
31 1 16 1.0 32.892441635375256 32.892441635375256
32 5 46 312.35291035940236 1050.58572833688 328153.50982807693
33 1 24 1.0 54.8222930413608 54.8222930413608
34 0 5 0.0 5.0 0.0
35 2 6 13.494214179327372 13.252209915340185 178.8281589470063
36 0 5 0.0 5.0 0.0
37 1 11 1.0 20.51504931294799 20.51504931294799
38 1 29 1.0 69.58346013935528 69.58346013935528
39 1 7 1.0 11.607984241186918 11.607984241186918
40 1 6 1.0 9.55892689827884 9.55892689827884
41 0 100 0.0 0.0 0.0
42 3 21 57.02181064673912 125.57185196799401 7160.33436547931
43 0 6 0.0 6.0 0.0
44 3 47 57.02181064673912 451.11773253603667 25723.549924056188
45 2 30 13.494214179327372 135.01359299654277 1821.9023410158823
46 0 100 0.0 0.0 0.0
47 0 100 0.0 0.0 0.0
48 0 100 0.0 0.0 0.0
49 0 100 0.0 0.0 0.0
50 1 100 1.0 0.0 0.0
51 0 11 0.0 11.0 0.0
52 5 157 312.35291035940236 1551.0877169304622 484486.7626059507
53 3 43 57.02181064673912 391.71440685113555 22336.26473506518
54 0 5 0.0 5.0 0.0
55 1 9 1.0 15.931997307697284 15.931997307697284
56 0 100 0.0 0.0 0.0
57 2 20 13.494214179327372 75.23327232919837 1015.2138902218663
58 0 5 0.0 5.0 0.0
59 1 103 1.0 3.9914906122521803 3.9914906122521803
60 0 100 0.0 0.0 0.0
61 1 105 1.0 7.59708563275366 7.59708563275366
62 2 24 13.494214179327372 97.86086952638261 1320.555533164218
63 1 9 1.0 15.931997307697284 15.931997307697284
64 0 100 0.0 0.0 0.0
65 2 30 13.494214179327372 135.01359299654277 1821.9023410158823
66 0 6 0.0 6.0 0.0
67 1 26 1.0 60.63937356224698 60.63937356224698
68 1 12 1.0 22.891970023971037 22.891970023971037
69 2 45 13.494214179327372 242.29532664846576 3269.585032444484
70 1 27 1.0 63.59241768810072 63.59241768810072
71 1 5 1.0 7.59708563275366 7.59708563275366
72 1 14 1.0 27.799106543625292 27.799106543625292
73 0 5 0.0 5.0 0.0
74 1 8 1.0 13.734791927877684 13.734791927877684
75 0 100 0.0 0.0 0.0
76 0 100 0.0 0.0 0.0
77 0 6 0.0 6.0 0.0
78 0 100 0.0 0.0 0.0
79 1 9 1.0 15.931997307697284 15.931997307697284
80 4 43 151.22372397683895 621.143248020611 93931.59508874611
81 0 100 0.0 0.0 0.0
82 1 14 1.0 27.799106543625292 27.799106543625292
83 1 8 1.0 13.734791927877684 13.734791927877684
84 0 100 0.0 0.0 0.0
85 0 6 0.0 6.0 0.0
86 0 100 0.0 0.0 0.0
87 0 100 0.0 0.0 0.0
88 0 100 0.0 0.0 0.0
89 0 5 0.0 5.0 0.0
90 0 100 0.0 0.0 0.0
91 2 113 13.494214179327372 40.41888428935346 545.4210814899858
92 0 10 0.0 10.0 0.0
93 0 5 0.0 5.0 0.0
94 2 28 13.494214179327372 122.22584512913716 1649.341732421874
95 0 6 0.0 6.0 0.0
96 0 5 0.0 5.0 0.0
97 0 6 0.0 6.0 0.0
98 1 19 1.0 40.84402933782601 40.84402933782601
99 2 24 13.494214179327372 97.86086952638261 1320.555533164218
100 0 100 0.0 0.0 0.0
101 0 9 0.0 9.0 0.0
102 2 141 13.494214179327372 211.85407612585806 2858.8042780058545
103 1 109 1.0 15.931997307697284 15.931997307697284
104 0 100 0.0 0.0 0.0
105 3 156 57.02181064673912 595.765723501293 33971.640275308266
106 1 107 1.0 11.607984241186918 11.607984241186918
107 0 100 0.0 0.0 0.0
108 0 100 0.0 0.0 0.0
109 1 104 1.0 5.735193251789799 5.735193251789799
110 2 15 13.494214179327372 49.68406405407534 670.4474016451129
111 3 43 57.02181064673912 391.71440685113555 22336.26473506518
112 5 70 312.35291035940236 2253.023098877021 703738.322041197
113 1 17 1.0 35.503281577765854 35.503281577765854
114 0 100 0.0 0.0 0.0
115 1 107 1.0 11.607984241186918 11.607984241186918
116 0 100 0.0 0.0 0.0
117 6 39 552.5626438069447 1105.597633882476 610911.9515648035
118 1 21 1.0 46.33316012586883 46.33316012586883
119 1 102 1.0 2.3948263510722025 2.3948263510722025
120 0 100 0.0 0.0 0.0
121 1 107 1.0 11.607984241186918 11.607984241186918
122 1 28 1.0 66.57403288693754 66.57403288693754
123 0 100 0.0 0.0 0.0
124 3 24 57.02181064673912 155.22039240905832 8850.947824461866
125 1 104 1.0 5.735193251789799 5.735193251789799
126 3 72 57.02181064673912 887.8335628861327 50625.87730871281
127 1 108 1.0 13.734791927877684 13.734791927877684
128 3 33 57.02181064673912 257.33012181535685 14673.42947985759
129 3 24 57.02181064673912 155.22039240905832 8850.947824461866
130 12 199 3920.792982031498 254315.5879600347 997118772.4949182
131 0 100 0.0 0.0 0.0
132 2 122 13.494214179327372 86.31942417916456 1164.8127977098563
133 1 14 1.0 27.799106543625292 27.799106543625292
134 1 104 1.0 5.735193251789799 5.735193251789799
135 0 5 0.0 5.0 0.0
136 2 115 13.494214179327372 49.68406405407534 670.4474016451129
137 2 42 13.494214179327372 219.34644070399202 2959.9078503327996
138 1 9 1.0 15.931997307697284 15.931997307697284
139 0 100 0.0 0.0 0.0
140 11 192 3127.3197986346404 168832.0419378618 527991787.3961891
141 11 153 3127.3197986346404 100391.00291225547 313954771.0122844
142 5 133 312.35291035940236 7232.601763293923 2259124.210235402
143 10 181 2424.408141701412 104962.02514306911 254470788.3263251
144 1 10 1.0 18.1937008646705 18.1937008646705
145 0 100 0.0 0.0 0.0
146 1 9 1.0 15.931997307697284 15.931997307697284
147 0 100 0.0 0.0 0.0
148 1 18 1.0 38.15436697768484 38.15436697768484
149 1 23 1.0 51.960050539976365 51.960050539976365
150 7 170 880.1589317377488 4900.0 4312778.765514969
151 7 112 880.1589317377488 12544.0 11040713.639718322
152 3 21 57.02181064673912 125.57185196799401 7160.33436547931
153 3 35 57.02181064673912 282.5239294230334 16110.026006732896
154 1 10 1.0 18.1937008646705 18.1937008646705
155 2 29 13.494214179327372 128.5709592386038 1734.9640612072888
156 0 7 0.0 7.0 0.0
157 2 25 13.494214179327372 103.79546451213633 1400.6382289695412
158 6 138 552.5626438069447 12400.563818178562 6852088.328069487
159 3 38 57.02181064673912 321.92161897300775 18356.553600170548
160 0 5 0.0 5.0 0.0
161 4 37 151.22372397683895 480.38255499420245 72645.23889973194
162 1 21 1.0 46.33316012586883 46.33316012586883
163 2 23 13.494214179327372 92.0346545141889 1241.9353399348638
164 0 100 0.0 0.0 0.0
165 10 130 2424.408141701412 50276.83473577485 121891567.47238891
166 7 121 880.1589317377488 14641.0 12886406.919572381
167 6 72 552.5626438069447 3572.3109038912485 1973925.5575545246
168 3 45 57.02181064673912 421.0282951259743 24007.7957215927
169 2 42 13.494214179327372 219.34644070399202 2959.9078503327996
170 3 66 57.02181064673912 773.2963448216119 44094.75774823344
171 1 12 1.0 22.891970023971037 22.891970023971037
172 1 15 1.0 30.323695983612147 30.323695983612147
173 1 101 1.0 1.0 1.0
174 0 5 0.0 5.0 0.0
175 1 10 1.0 18.1937008646705 18.1937008646705
176 10 158 2424.408141701412 77583.53920841981 188094164.11890373
177 2 45 13.494214179327372 242.29532664846576 3269.585032444484
178 2 23 13.494214179327372 92.0346545141889 1241.9353399348638
179 0 100 0.0 0.0 0.0
180 2 14 13.494214179327372 44.97826169706515 606.9462967540338
181 2 108 13.494214179327372 20.066939702021244 270.7875822627225
182 4 49 151.22372397683895 776.5950928818146 117439.60196772714
183 5 155 312.35291035940236 1453.6132803589628 454040.3386571999
184 5 53 312.35291035940236 1358.9929081032851 424485.39000384894
185 4 64 151.22372397683895 1226.095534977771 185414.73275071313
186 1 27 1.0 63.59241768810072 63.59241768810072
187 4 51 151.22372397683895 831.5797944458234 125754.59329999167
188 2 42 13.494214179327372 219.34644070399202 2959.9078503327996
189 1 5 1.0 7.59708563275366 7.59708563275366
190 4 52 151.22372397683895 859.6554919481086 130000.30482953448
191 9 163 1814.8473014962385 58346.35307910868 105889721.43776713
192 1 24 1.0 54.8222930413608 54.8222930413608
193 2 29 13.494214179327372 128.5709592386038 1734.9640612072888
194 3 55 57.02181064673912 578.9666715492328 33013.72791585315
195 0 6 0.0 6.0 0.0
196 3 30 57.02181064673912 221.1993434691573 12613.187078481296
197 1 20 1.0 43.57075425423803 43.57075425423803
198 0 100 0.0 0.0 0.0
199 1 12 1.0 22.891970023971037 22.891970023971037
