0 4 74 151.22372397683895 1571.597319835911 237662.7992976057
1 0 100 0.0 0.0 0.0
2 0 5 0.0 5.0 0.0
3 1 12 1.0 22.891970023971037 22.891970023971037
4 4 17 151.22372397683895 127.0685456188709 19215.778668806503
5 3 37 57.02181064673912 308.57807572808247 17595.680603901845
6 2 15 13.494214179327372 49.68406405407534 670.4474016451129
7 1 25 1.0 57.71571011139208 57.71571011139208
8 0 100 0.0 0.0 0.0
9 1 100 1.0 0.0 0.0
10 0 10 0.0 10.0 0.0
11 0 100 0.0 0.0 0.0
12 1 28 1.0 66.57403288693754 66.57403288693754
13 0 100 0.0 0.0 0.0
14 0 5 0.0 5.0 0.0
15 2 10 13.494214179327372 27.685321443873434 373.59165718715303
16 0 100 0.0 0.0 0.0
17 0 100 0.0 0.0 0.0
18 0 100 0.0 0.0 0.0
19 0 100 0.0 0.0 0.0
20 1 25 1.0 57.71571011139208 57.71571011139208
21 1 34 1.0 85.02419427196995 85.02419427196995
22 0 6 0.0 6.0 0.0
23 0 100 0.0 0.0 0.0
24 1 13 1.0 25.320989780782124 25.320989780782124
25 0 100 0.0 0.0 0.0
26 0 6 0.0 6.0 0.0
27 0 100 0.0 0.0 0.0
28 1 40 1.0 104.3443904241405 104.3443904241405
29 0 10 0.0 10.0 0.0
30 1 6 1.0 9.55892689827884 9.55892689827884
31 0 100 0.0 0.0 0.0
32 0 100 0.0 0.0 0.0
33 2 24 13.494214179327372 97.86086952638261 1320.555533164218
34 0 100 0.0 0.0 0.0
35 1 13 1.0 25.320989780782124 25.320989780782124
36 2 21 13.494214179327372 80.71796600694597 1089.2255214173952
37 1 5 1.0 7.59708563275366 7.59708563275366
38 0 100 0.0 0.0 0.0
39 0 100 0.0 0.0 0.0
40 0 100 0.0 0.0 0.0
41 2 32 13.494214179327372 148.1842032776824 1999.6293770220316
42 0 100 0.0 0.0 0.0
43 1 103 1.0 3.9914906122521803 3.9914906122521803
44 1 12 1.0 22.891970023971037 22.891970023971037
45 0 100 0.0 0.0 0.0
46 2 27 13.494214179327372 115.98017876588344 1565.0613728235076
47 0 11 0.0 11.0 0.0
48 1 102 1.0 2.3948263510722025 2.3948263510722025
49 1 15 1.0 30.323695983612147 30.323695983612147
50 1 9 1.0 15.931997307697284 15.931997307697284
51 0 9 0.0 9.0 0.0
52 0 100 0.0 0.0 0.0
53 0 9 0.0 9.0 0.0
54 2 34 13.494214179327372 161.72412498062124 2182.3399804528112
55 0 100 0.0 0.0 0.0
56 0 100 0.0 0.0 0.0
57 2 11 13.494214179327372 31.76494829034237 428.6430156251388
58 0 100 0.0 0.0 0.0
59 0 100 0.0 0.0 0.0
60 1 13 1.0 25.320989780782124 25.320989780782124
61 2 9 13.494214179327372 23.78240930402918 320.92492484899776
62 1 26 1.0 60.63937356224698 60.63937356224698
63 1 12 1.0 22.891970023971037 22.891970023971037
64 2 21 13.494214179327372 80.71796600694597 1089.2255214173952
65 1 8 1.0 13.734791927877684 13.734791927877684
66 7 87 880.1589317377488 7569.0 6661922.954323021
67 0 6 0.0 6.0 0.0
68 0 5 0.0 5.0 0.0
69 1 22 1.0 49.12998068819353 49.12998068819353
70 0 100 0.0 0.0 0.0
71 0 7 0.0 7.0 0.0
72 0 11 0.0 11.0 0.0
73 0 6 0.0 6.0 0.0
74 0 5 0.0 5.0 0.0
75 1 12 1.0 22.891970023971037 22.891970023971037
76 0 6 0.0 6.0 0.0
77 4 19 151.22372397683895 153.68727113727346 23241.161469216648
78 0 5 0.0 5.0 0.0
79 1 100 1.0 0.0 0.0
80 6 71 552.5626438069447 3478.001961782023 1921813.959168015
81 0 9 0.0 9.0 0.0
82 0 100 0.0 0.0 0.0
83 0 100 0.0 0.0 0.0
84 0 6 0.0 6.0 0.0
85 2 27 13.494214179327372 115.98017876588344 1565.0613728235076
86 0 5 0.0 5.0 0.0
87 5 75 312.35291035940236 2553.9502583266267 797733.7961014693
88 0 5 0.0 5.0 0.0
89 2 13 13.494214179327372 40.41888428935346 545.4210814899858
90 2 12 13.494214179327372 36.01211998010309 485.95526006314566
91 0 6 0.0 6.0 0.0
92 0 100 0.0 0.0 0.0
93 2 22 13.494214179327372 86.31942417916456 1164.8127977098563
94 2 24 13.494214179327372 97.86086952638261 1320.555533164218
95 0 11 0.0 11.0 0.0
96 1 12 1.0 22.891970023971037 22.891970023971037
97 1 103 1.0 3.9914906122521803 3.9914906122521803
98 1 10 1.0 18.1937008646705 18.1937008646705
99 1 16 1.0 32.892441635375256 32.892441635375256
100 1 10 1.0 18.1937008646705 18.1937008646705
101 0 100 0.0 0.0 0.0
102 1 12 1.0 22.891970023971037 22.891970023971037
103 2 15 13.494214179327372 49.68406405407534 670.4474016451129
104 2 26 13.494214179327372 109.8359986590007 1482.1504905048694
105 0 100 0.0 0.0 0.0
106 1 11 1.0 20.51504931294799 20.51504931294799
107 2 18 13.494214179327372 64.62733255388774 872.0950673207774
108 4 28 151.22372397683895 298.26715011537044 45105.06918040517
109 0 100 0.0 0.0 0.0
110 2 24 13.494214179327372 97.86086952638261 1320.555533164218
111 2 26 13.494214179327372 109.8359986590007 1482.1504905048694
112 1 12 1.0 22.891970023971037 22.891970023971037
113 1 13 1.0 25.320989780782124 25.320989780782124
114 1 11 1.0 20.51504931294799 20.51504931294799
115 0 100 0.0 0.0 0.0
116 0 100 0.0 0.0 0.0
117 0 100 0.0 0.0 0.0
118 3 52 57.02181064673912 529.6457757489877 30201.361134604027
119 3 15 57.02181064673912 73.60859052492496 4197.295110885627
120 0 100 0.0 0.0 0.0
121 1 17 1.0 35.503281577765854 35.503281577765854
122 2 26 13.494214179327372 109.8359986590007 1482.1504905048694
123 0 100 0.0 0.0 0.0
124 4 79 151.22372397683895 1757.505455801544 265776.51993592124
125 1 21 1.0 46.33316012586883 46.33316012586883
126 1 106 1.0 9.55892689827884 9.55892689827884
127 1 12 1.0 22.891970023971037 22.891970023971037
128 2 31 13.494214179327372 141.5519192260369 1910.1319155309898
129 1 11 1.0 20.51504931294799 20.51504931294799
130 6 82 552.5626438069447 4581.357643139669 2531487.0915184086
131 1 12 1.0 22.891970023971037 22.891970023971037
132 0 100 0.0 0.0 0.0
133 3 32 57.02181064673912 245.06238675558936 13973.901014215166
134 1 8 1.0 13.734791927877684 13.734791927877684
135 1 11 1.0 20.51504931294799 20.51504931294799
136 1 22 1.0 49.12998068819353 49.12998068819353
137 0 5 0.0 5.0 0.0
138 3 56 57.02181064673912 595.765723501293 33971.640275308266
139 1 105 1.0 7.59708563275366 7.59708563275366
140 1 15 1.0 30.323695983612147 30.323695983612147
141 1 11 1.0 20.51504931294799 20.51504931294799
142 1 9 1.0 15.931997307697284 15.931997307697284
143 2 8 13.494214179327372 20.066939702021244 270.7875822627225
144 1 6 1.0 9.55892689827884 9.55892689827884
145 2 17 13.494214179327372 59.51335422080222 803.0859483856818
146 1 19 1.0 40.84402933782601 40.84402933782601
147 1 105 1.0 7.59708563275366 7.59708563275366
148 1 28 1.0 66.57403288693754 66.57403288693754
149 2 14 13.494214179327372 44.97826169706515 606.9462967540338
150 2 18 13.494214179327372 64.62733255388774 872.0950673207774
151 2 19 13.494214179327372 69.8685662777562 942.821397754572
152 5 28 312.35291035940236 426.24633698085364 133139.28388600418
153 1 12 1.0 22.891970023971037 22.891970023971037
154 2 40 13.494214179327372 204.4421003683832 2758.785489642506
155 3 43 57.02181064673912 391.71440685113555 22336.26473506518
156 3 48 57.02181064673912 466.4489382157433 26597.763031310627
157 1 12 1.0 22.891970023971037 22.891970023971037
158 2 14 13.494214179327372 44.97826169706515 606.9462967540338
159 0 100 0.0 0.0 0.0
160 1 16 1.0 32.892441635375256 32.892441635375256
161 2 17 13.494214179327372 59.51335422080222 803.0859483856818
162 2 28 13.494214179327372 122.22584512913716 1649.341732421874
163 3 37 57.02181064673912 308.57807572808247 17595.680603901845
164 1 7 1.0 11.607984241186918 11.607984241186918
165 0 100 0.0 0.0 0.0
166 2 10 13.494214179327372 27.685321443873434 373.59165718715303
167 4 43 151.22372397683895 621.143248020611 93931.59508874611
168 1 28 1.0 66.57403288693754 66.57403288693754
169 1 107 1.0 11.607984241186918 11.607984241186918
170 3 21 57.02181064673912 125.57185196799401 7160.33436547931
171 2 11 13.494214179327372 31.76494829034237 428.6430156251388
172 2 13 13.494214179327372 40.41888428935346 545.4210814899858
173 1 41 1.0 107.64164596635766 107.64164596635766
174 4 33 151.22372397683895 395.0229353848392 59736.83934515761
175 0 100 0.0 0.0 0.0
176 2 18 13.494214179327372 64.62733255388774 872.0950673207774
177 0 100 0.0 0.0 0.0
178 2 26 13.494214179327372 109.8359986590007 1482.1504905048694
179 2 14 13.494214179327372 44.97826169706515 606.9462967540338
180 3 60 57.02181064673912 664.7206420100937 37903.574581678426
181 0 7 0.0 7.0 0.0
182 1 7 1.0 11.607984241186918 11.607984241186918
183 1 16 1.0 32.892441635375256 32.892441635375256
184 1 9 1.0 15.931997307697284 15.931997307697284
185 1 106 1.0 9.55892689827884 9.55892689827884
186 1 12 1.0 22.891970023971037 22.891970023971037
187 1 6 1.0 9.55892689827884 9.55892689827884
188 2 35 13.494214179327372 168.62869283493262 2275.511697894588
189 0 100 0.0 0.0 0.0
190 3 35 57.02181064673912 282.5239294230334 16110.026006732896
191 2 50 13.494214179327372 282.0582186126376 3806.1540129984737
192 1 7 1.0 11.607984241186918 11.607984241186918
193 5 66 312.35291035940236 2024.56047903646 632377.3578256641
194 6 106 552.5626438069447 7486.36063642395 4136683.225754659
195 2 44 13.494214179327372 234.56808185291177 3165.3119361571858
196 2 36 13.494214179327372 175.6210676402407 2369.868301139548
197 1 107 1.0 11.607984241186918 11.607984241186918
198 6 63 552.5626438069447 2767.0349550527303 1528960.150270167
199 1 30 1.0 72.61998620345668 72.61998620345668
