0 13 313 4801.088521889328 409002.6193028316 1963657780.9574952
1 0 5 0.0 5.0 0.0
2 8 98 1300.1508247099457 13864.912977319558 18026478.04199365
3 0 9 0.0 9.0 0.0
4 0 5 0.0 5.0 0.0
5 3 27 57.02181064673912 187.1321231368427 10670.612491431313
6 0 100 0.0 0.0 0.0
7 0 100 0.0 0.0 0.0
8 2 124 13.494214179327372 97.86086952638261 1320.555533164218
9 1 14 1.0 27.799106543625292 27.799106543625292
10 1 8 1.0 13.734791927877684 13.734791927877684
11 0 100 0.0 0.0 0.0
12 6 30 552.5626438069447 669.3161571229465 369839.1053225597
13 0 100 0.0 0.0 0.0
14 3 32 57.02181064673912 245.06238675558936 13973.901014215166
15 0 9 0.0 9.0 0.0
16 0 8 0.0 8.0 0.0
17 1 10 1.0 18.1937008646705 18.1937008646705
18 0 100 0.0 0.0 0.0
19 1 101 1.0 1.0 1.0
20 0 100 0.0 0.0 0.0
21 0 100 0.0 0.0 0.0
22 5 109 312.35291035940236 5037.901195841188 1573603.1006241087
23 0 6 0.0 6.0 0.0
24 0 100 0.0 0.0 0.0
25 0 10 0.0 10.0 0.0
26 6 74 552.5626438069447 3764.5376458742294 2080142.874315036
27 0 100 0.0 0.0 0.0
28 0 100 0.0 0.0 0.0
29 0 100 0.0 0.0 0.0
30 0 6 0.0 6.0 0.0
31 1 23 1.0 51.960050539976365 51.960050539976365
32 0 100 0.0 0.0 0.0
33 0 100 0.0 0.0 0.0
34 7 172 880.1589317377488 5184.0 4562743.90212849
35 14 349 5763.781188419757 811962.1078218127 4679971922.773019
36 0 100 0.0 0.0 0.0
37 0 5 0.0 5.0 0.0
38 4 162 151.22372397683895 1161.3060165688764 175617.02050225413
39 3 73 57.02181064673912 907.48753481702 51746.58237461219
40 0 5 0.0 5.0 0.0
41 0 100 0.0 0.0 0.0
42 13 285 4801.088521889328 825135.6459697201 3961549278.8669596
43 0 19 0.0 19.0 0.0
44 1 106 1.0 9.55892689827884 9.55892689827884
45 1 18 1.0 38.15436697768484 38.15436697768484
46 0 100 0.0 0.0 0.0
47 0 100 0.0 0.0 0.0
48 0 100 0.0 0.0 0.0
49 0 100 0.0 0.0 0.0
50 2 67 13.494214179327372 430.18533333719057 5805.013024857389
51 0 100 0.0 0.0 0.0
52 0 100 0.0 0.0 0.0
53 6 88 552.5626438069447 5243.986173197856 2897630.86394927
54 0 100 0.0 0.0 0.0
55 1 101 1.0 1.0 1.0
56 1 8 1.0 13.734791927877684 13.734791927877684
57 12 181 3920.792982031498 203496.96985951904 797869491.2898775
58 0 7 0.0 7.0 0.0
59 0 100 0.0 0.0 0.0
60 0 5 0.0 5.0 0.0
61 0 10 0.0 10.0 0.0
62 1 20 1.0 43.57075425423803 43.57075425423803
63 0 100 0.0 0.0 0.0
64 4 100 151.22372397683895 2629.9766541734707 397714.86361625936
65 0 100 0.0 0.0 0.0
66 1 103 1.0 3.9914906122521803 3.9914906122521803
67 0 6 0.0 6.0 0.0
68 1 104 1.0 5.735193251789799 5.735193251789799
69 10 149 2424.408141701412 68096.21827794517 165093026.01212677
70 6 100 552.5626438069447 6696.723465418967 3700359.222895909
71 0 100 0.0 0.0 0.0
72 3 114 57.02181064673912 65.97278979840442 3761.8879277217393
73 0 100 0.0 0.0 0.0
74 0 5 0.0 5.0 0.0
75 11 265 3127.3197986346404 353059.6856598175 1104130545.06367
76 1 103 1.0 3.9914906122521803 3.9914906122521803
77 0 100 0.0 0.0 0.0
78 1 27 1.0 63.59241768810072 63.59241768810072
79 0 100 0.0 0.0 0.0
80 3 121 57.02181064673912 125.57185196799401 7160.33436547931
81 0 9 0.0 9.0 0.0
82 1 9 1.0 15.931997307697284 15.931997307697284
83 1 5 1.0 7.59708563275366 7.59708563275366
84 0 100 0.0 0.0 0.0
85 0 100 0.0 0.0 0.0
86 11 143 3127.3197986346404 85997.87483210127 268942856.60293394
87 0 100 0.0 0.0 0.0
88 2 28 13.494214179327372 122.22584512913716 1649.341732421874
89 0 100 0.0 0.0 0.0
90 2 6 13.494214179327372 13.252209915340185 178.8281589470063
91 6 87 552.5626438069447 5130.584655325767 2834969.421422148
92 0 5 0.0 5.0 0.0
93 0 100 0.0 0.0 0.0
94 0 100 0.0 0.0 0.0
95 0 9 0.0 9.0 0.0
96 0 100 0.0 0.0 0.0
97 0 11 0.0 11.0 0.0
98 0 5 0.0 5.0 0.0
99 2 116 13.494214179327372 54.53075711894446 735.8497159239173
100 1 15 1.0 30.323695983612147 30.323695983612147
101 1 103 1.0 3.9914906122521803 3.9914906122521803
102 0 100 0.0 0.0 0.0
103 0 100 0.0 0.0 0.0
104 1 29 1.0 69.58346013935528 69.58346013935528
105 1 10 1.0 18.1937008646705 18.1937008646705
106 0 100 0.0 0.0 0.0
107 3 121 57.02181064673912 125.57185196799401 7160.33436547931
108 2 42 13.494214179327372 219.34644070399202 2959.9078503327996
109 9 150 1814.8473014962385 48780.52804290304 88529209.68422417
110 0 100 0.0 0.0 0.0
111 7 156 880.1589317377488 3136.0 2760178.4099295805
112 1 24 1.0 54.8222930413608 54.8222930413608
113 0 100 0.0 0.0 0.0
114 2 22 13.494214179327372 86.31942417916456 1164.8127977098563
115 1 106 1.0 9.55892689827884 9.55892689827884
116 2 53 13.494214179327372 306.7864203576611 4139.841663615438
117 3 39 57.02181064673912 335.47304520277595 19129.280460637645
118 9 275 1814.8473014962385 67995.31391785582 123401111.97821027
119 2 28 13.494214179327372 122.22584512913716 1649.341732421874
120 16 254 7916.453847805617 1525824.7814323686 12079121462.04744
121 1 17 1.0 35.503281577765854 35.503281577765854
122 4 126 151.22372397683895 262.7667382888815 39736.564701292096
123 3 135 57.02181064673912 282.5239294230334 16110.026006732896
124 0 100 0.0 0.0 0.0
125 3 54 57.02181064673912 562.3460860297637 32065.99203552405
126 0 5 0.0 5.0 0.0
127 2 12 13.494214179327372 36.01211998010309 485.95526006314566
128 13 191 4801.088521889328 314495.85391629714 1509922434.419317
129 4 77 151.22372397683895 1682.1075637745857 254374.56992360097
130 2 108 13.494214179327372 20.066939702021244 270.7875822627225
131 8 254 1300.1508247099457 35499.84558585349 46155153.515523136
132 2 42 13.494214179327372 219.34644070399202 2959.9078503327996
133 0 100 0.0 0.0 0.0
134 2 35 13.494214179327372 168.62869283493262 2275.511697894588
135 7 211 880.1589317377488 12321.0 10844438.197940804
136 3 160 57.02181064673912 664.7206420100937 37903.574581678426
137 9 128 1814.8473014962385 34661.412576405404 62905171.08033713
138 8 163 1300.1508247099457 5530.688121770416 7190728.722733307
139 1 10 1.0 18.1937008646705 18.1937008646705
140 1 26 1.0 60.63937356224698 60.63937356224698
141 5 147 312.35291035940236 1092.4547337912052 341231.4155355891
142 4 79 151.22372397683895 1757.505455801544 265776.51993592124
143 3 144 57.02181064673912 406.27351121486885 23166.451227280093
144 7 109 880.1589317377488 11881.0 10457168.267976195
145 4 65 151.22372397683895 1259.0362466163215 190396.14983514193
146 2 13 13.494214179327372 40.41888428935346 545.4210814899858
147 3 53 57.02181064673912 545.90532331836 31128.509977306425
148 2 35 13.494214179327372 168.62869283493262 2275.511697894588
149 12 177 3920.792982031498 193080.10141779442 757027106.6088183
150 0 5 0.0 5.0 0.0
151 6 162 552.5626438069447 2683.6257759841665 1482871.3537662746
152 10 139 2424.408141701412 58347.49958109673 141458153.03233066
153 1 26 1.0 60.63937356224698 60.63937356224698
154 1 108 1.0 13.734791927877684 13.734791927877684
155 0 100 0.0 0.0 0.0
156 1 102 1.0 2.3948263510722025 2.3948263510722025
157 5 62 312.35291035940236 1807.1402103142602 564465.5041191616
158 1 109 1.0 15.931997307697284 15.931997307697284
159 0 100 0.0 0.0 0.0
160 11 137 3127.3197986346404 77959.47955253888 243804223.89590725
161 1 18 1.0 38.15436697768484 38.15436697768484
162 2 30 13.494214179327372 135.01359299654277 1821.9023410158823
163 1 23 1.0 51.960050539976365 51.960050539976365
164 3 40 57.02181064673912 349.23013798641597 19913.734800395985
165 2 23 13.494214179327372 92.0346545141889 1241.9353399348638
166 4 153 151.22372397683895 888.1171619831025 134304.38456282625
167 1 37 1.0 94.5824071263594 94.5824071263594
168 7 135 880.1589317377488 18225.0 16040896.530920472
169 6 207 552.5626438069447 7622.045029127996 4211657.352510546
170 10 187 2424.408141701412 112857.51981217459 273612689.8848645
171 2 119 13.494214179327372 69.8685662777562 942.821397754572
172 2 68 13.494214179327372 439.47602925740523 5930.383665479769
173 5 119 312.35291035940236 5909.069866509522 1845715.1703212946
174 2 35 13.494214179327372 168.62869283493262 2275.511697894588
175 5 67 312.35291035940236 2080.6456750556 649895.73203032
176 1 14 1.0 27.799106543625292 27.799106543625292
177 2 28 13.494214179327372 122.22584512913716 1649.341732421874
178 2 28 13.494214179327372 122.22584512913716 1649.341732421874
179 14 358 5763.781188419757 886269.1607321269 5108261516.504399
180 0 100 0.0 0.0 0.0
181 4 52 151.22372397683895 859.6554919481086 130000.30482953448
182 19 285 11633.622691025432 4607593.256776979 53603001463.056435
183 16 207 7916.453847805617 901595.8702962392 7137442096.572317
184 3 66 57.02181064673912 773.2963448216119 44094.75774823344
185 13 324 4801.088521889328 461776.76854868385 2217031143.154231
186 2 34 13.494214179327372 161.72412498062124 2182.3399804528112
187 9 265 1814.8473014962385 59899.656790704736 108708730.48716132
188 15 267 6803.971395961631 1301443.2402378954 8854982580.04626
189 13 228 4801.088521889328 481901.6695597634 2313652574.4026837
190 5 52 312.35291035940236 1312.7590262571498 410044.10245199583
191 19 182 11633.622691025432 1363884.488949937 15866917538.585613
192 2 34 13.494214179327372 161.72412498062124 2182.3399804528112
193 4 93 151.22372397683895 2323.049658002374 351300.2202662412
194 4 85 151.22372397683895 1991.8652456125124 301217.2801015651
195 8 224 1300.1508247099457 22619.999038655253 29409410.405045807
196 3 71 57.02181064673912 868.3392862126454 49514.278355542076
197 12 165 3920.792982031498 163699.3358760145 641831207.2658947
198 2 21 13.494214179327372 80.71796600694597 1089.2255214173952
199 9 167 1814.8473014962385 61474.84912546133 111567464.0452319
