0 4 124 151.22372397683895 229.15430718595061 34653.56769799196
1 5 63 312.35291035940236 1860.4532693243248 581117.9932611178
2 1 10 1.0 18.1937008646705 18.1937008646705
3 2 119 13.494214179327372 69.8685662777562 942.821397754572
4 0 100 0.0 0.0 0.0
5 0 9 0.0 9.0 0.0
6 0 100 0.0 0.0 0.0
7 0 100 0.0 0.0 0.0
8 1 21 1.0 46.33316012586883 46.33316012586883
9 4 76 151.22372397683895 1644.92462809159 248751.62792122707
10 0 5 0.0 5.0 0.0
11 20 371 12981.212045421978 12266136.615978345 159229320390.12967
12 0 100 0.0 0.0 0.0
13 0 5 0.0 5.0 0.0
14 5 171 312.35291035940236 2311.8500842163953 722113.1021196205
15 0 100 0.0 0.0 0.0
16 0 100 0.0 0.0 0.0
17 1 31 1.0 75.68293941204132 75.68293941204132
18 0 5 0.0 5.0 0.0
19 2 10 13.494214179327372 27.685321443873434 373.59165718715303
20 0 100 0.0 0.0 0.0
21 3 38 57.02181064673912 321.92161897300775 18356.553600170548
22 1 5 1.0 7.59708563275366 7.59708563275366
23 0 5 0.0 5.0 0.0
24 0 100 0.0 0.0 0.0
25 0 100 0.0 0.0 0.0
26 0 100 0.0 0.0 0.0
27 0 100 0.0 0.0 0.0
28 0 100 0.0 0.0 0.0
29 0 100 0.0 0.0 0.0
30 1 20 1.0 43.57075425423803 43.57075425423803
31 0 100 0.0 0.0 0.0
32 0 100 0.0 0.0 0.0
33 2 27 13.494214179327372 115.98017876588344 1565.0613728235076
34 0 100 0.0 0.0 0.0
35 2 49 13.494214179327372 273.9583678426836 3696.8528918881248
36 7 133 880.1589317377488 17689.0 15569131.343509039
37 1 103 1.0 3.9914906122521803 3.9914906122521803
38 8 150 1300.1508247099457 33608.73957278992 43696430.47302461
39 0 100 0.0 0.0 0.0
40 2 125 13.494214179327372 103.79546451213633 1400.6382289695412
41 1 105 1.0 7.59708563275366 7.59708563275366
42 1 10 1.0 18.1937008646705 18.1937008646705
43 0 100 0.0 0.0 0.0
44 2 131 13.494214179327372 141.5519192260369 1910.1319155309898
45 6 92 552.5626438069447 5709.4065807799225 3154804.7948445226
46 0 100 0.0 0.0 0.0
47 0 100 0.0 0.0 0.0
48 1 26 1.0 60.63937356224698 60.63937356224698
49 2 115 13.494214179327372 49.68406405407534 670.4474016451129
50 0 100 0.0 0.0 0.0
51 0 100 0.0 0.0 0.0
52 1 24 1.0 54.8222930413608 54.8222930413608
53 0 100 0.0 0.0 0.0
54 12 205 3920.792982031498 272713.754843532 1069254176.0939786
55 0 100 0.0 0.0 0.0
56 0 100 0.0 0.0 0.0
57 1 24 1.0 54.8222930413608 54.8222930413608
58 0 100 0.0 0.0 0.0
59 1 18 1.0 38.15436697768484 38.15436697768484
60 0 100 0.0 0.0 0.0
61 7 216 880.1589317377488 13456.0 11843418.585463148
62 0 100 0.0 0.0 0.0
63 0 9 0.0 9.0 0.0
64 3 24 57.02181064673912 155.22039240905832 8850.947824461866
65 0 6 0.0 6.0 0.0
66 0 100 0.0 0.0 0.0
67 1 9 1.0 15.931997307697284 15.931997307697284
68 1 113 1.0 25.320989780782124 25.320989780782124
69 12 145 3920.792982031498 120809.0743078219 473667370.71182984
70 1 10 1.0 18.1937008646705 18.1937008646705
71 6 71 552.5626438069447 3478.001961782023 1921813.959168015
72 2 14 13.494214179327372 44.97826169706515 606.9462967540338
73 1 6 1.0 9.55892689827884 9.55892689827884
74 9 227 1814.8473014962385 34080.638090162705 61851154.071201704
75 0 100 0.0 0.0 0.0
76 0 100 0.0 0.0 0.0
77 0 100 0.0 0.0 0.0
78 1 102 1.0 2.3948263510722025 2.3948263510722025
79 0 5 0.0 5.0 0.0
80 0 5 0.0 5.0 0.0
81 1 9 1.0 15.931997307697284 15.931997307697284
82 2 113 13.494214179327372 40.41888428935346 545.4210814899858
83 0 100 0.0 0.0 0.0
84 14 243 5763.781188419757 764558.9851738521 4406750696.182348
85 12 287 3920.792982031498 601593.2602146287 2358722632.686965
86 0 100 0.0 0.0 0.0
87 10 123 2424.408141701412 44453.64316262519 107773774.41175781
88 1 121 1.0 46.33316012586883 46.33316012586883
89 0 100 0.0 0.0 0.0
90 0 6 0.0 6.0 0.0
91 14 254 5763.781188419757 852766.1415540116 4915157444.810312
92 0 100 0.0 0.0 0.0
93 0 100 0.0 0.0 0.0
94 0 9 0.0 9.0 0.0
95 0 5 0.0 5.0 0.0
96 0 100 0.0 0.0 0.0
97 12 159 3920.792982031498 150044.96268779706 588295236.6954926
98 11 177 3127.3197986346404 140143.84535523065 438274622.2362041
99 0 100 0.0 0.0 0.0
100 19 328 11633.622691025432 6747335.146403253 78495951263.15028
101 20 322 12981.212045421978 8298205.68413315 107720767582.25838
102 17 321 9095.850952291546 3705966.5342257307 33708919229.497715
103 11 185 3127.3197986346404 155069.9102871652 484953200.61354923
104 26 392 21850.715853258855 60236288.0 1316206013143.0662
105 0 100 0.0 0.0 0.0
106 18 302 10336.717591947081 4146241.7026407747 42858529548.15151
107 7 218 880.1589317377488 13924.0 12255332.965516414
108 15 448 6803.971395961631 2537338.322495769 17263977368.138477
109 20 333 12981.212045421978 9104002.73234056 118180989930.61388
110 2 19 13.494214179327372 69.8685662777562 942.821397754572
111 24 403 18776.370315488246 41491407.58194915 779058033669.534
112 24 346 18776.370315488246 26564616.557636157 498787077775.1271
113 6 203 552.5626438069447 7086.292798564201 3915620.683564748
114 13 321 4801.088521889328 447011.7125487216 2146142802.2677588
115 18 292 10336.717591947081 3789934.16183888 39175479123.00117
116 9 241 1814.8473014962385 42692.5615074584 77480480.04577306
117 0 100 0.0 0.0 0.0
118 14 219 5763.781188419757 591604.5906490331 3409879410.565668
119 26 463 21850.715853258855 99252847.0 2168745757423.9756
120 14 247 5763.781188419757 795972.5966918325 4587811879.310011
121 11 332 3127.3197986346404 260384.76711621069 814306437.4653957
122 14 301 5763.781188419757 1296195.8255729612 7470989115.945651
123 23 468 17276.616480405057 50387390.62217563 870523623227.6866
124 22 404 15807.685316481819 25834609.484197 408385377000.3828
125 0 100 0.0 0.0 0.0
126 11 266 3127.3197986346404 356117.316334352 1113692734.0090542
127 13 195 4801.088521889328 330604.83694571455 1587263087.941163
128 23 353 17276.616480405057 22338496.949753672 385933644549.5924
129 0 100 0.0 0.0 0.0
130 8 203 1300.1508247099457 15376.94813547303 19992351.799857322
131 13 247 4801.088521889328 584440.1619338142 2805948953.1915755
132 0 100 0.0 0.0 0.0
133 11 188 3127.3197986346404 160887.29862578577 503146034.3412636
134 17 328 9095.850952291546 3921522.623484684 35669585289.256004
135 25 370 20302.483562333644 40577707.79617201 823828245528.96
136 6 96 552.5626438069447 6193.675591281851 3422393.759601241
137 21 329 14374.256054893494 11305295.253153095 162505208744.99457
138 4 57 151.22372397683895 1005.7817905983286 152098.06788237247
139 28 547 24997.705637318726 258204930.62891337 6454530849965.878
140 16 215 7916.453847805617 993930.6273588623 7868405939.406917
141 0 100 0.0 0.0 0.0
142 11 167 3127.3197986346404 122673.4003024803 383638953.5317793
143 15 269 6803.971395961631 1326148.282625493 9023074981.787495
144 15 216 6803.971395961631 762877.5632082765 5190597118.690024
145 13 317 4801.088521889328 427760.1792612994 2053714486.7727458
146 14 461 5763.781188419757 2029341.5222041346 11696680490.559305
147 19 365 11633.622691025432 9018470.5237446 104917483323.37918
148 17 336 9095.850952291546 4177167.7857356323 37994895581.76502
149 10 312 2424.408141701412 149184.821393251 361684895.60406876
150 3 63 57.02181064673912 718.2490844189361 40955.86328893032
151 23 407 17276.616480405057 33680058.0032658 581877445160.2201
152 5 125 312.35291035940236 346.9169961441875 108360.53339877854
153 7 177 880.1589317377488 5929.0 5218462.306273113
154 16 214 7916.453847805617 982087.162262702 7774647694.5750675
155 10 131 2424.408141701412 51140.99905783681 123986654.49056381
156 16 255 7916.453847805617 1541318.755448807 12201778792.267673
157 17 422 9095.850952291546 3736299.602115112 33984824293.945267
158 13 247 4801.088521889328 584440.1619338142 2805948953.1915755
159 10 247 2424.408141701412 66080.08644124573 160205099.57248923
160 11 151 3127.3197986346404 97411.87247104548 304638077.4007732
161 10 151 2424.408141701412 70145.74766118835 170061921.73551783
162 25 442 20302.483562333644 68715240.71834683 1395090045166.0361
163 12 331 3920.792982031498 841315.6523194131 3298624505.2872066
164 0 100 0.0 0.0 0.0
165 15 257 6803.971395961631 1182091.0845372677 8042913926.612832
166 12 221 3920.792982031498 325424.97094098834 1275923942.2432313
167 10 131 2424.408141701412 51140.99905783681 123986654.49056381
168 10 156 2424.408141701412 75416.33841413441 182839984.86853644
169 31 517 29791.0 411903502.8404523 12271017253119.914
170 18 261 10336.717591947081 2809102.033610651 29036894408.397533
171 14 223 5763.781188419757 618611.2410048468 3565539833.8487363
172 16 363 7916.453847805617 3821560.846422145 30253210067.281883
173 9 162 1814.8473014962385 57577.89660287633 104495090.27555954
174 17 478 9095.850952291546 5687736.300451254 51734801644.842735
175 17 342 9095.850952291546 4375494.176372939 39798842870.90791
176 24 405 18776.370315488246 42096378.873456076 790417198669.1072
177 13 216 4801.088521889328 423024.6252555632 2030978672.7910187
178 14 274 5763.781188419757 1028039.6669067617 5925395693.066506
179 27 470 23417.05273547914 130035786.02290134 3045054858797.762
180 14 279 5763.781188419757 1074926.1176771463 6195638936.008618
181 12 429 3920.792982031498 829411.4579191259 3251950623.425822
182 23 477 17276.616480405057 53233370.23352157 919692521483.9628
183 12 316 3920.792982031498 308377.0730000903 1209082663.638169
184 11 262 3127.3197986346404 114426.4995589995 357848257.55931705
185 7 101 880.1589317377488 10201.0 8978501.262656776
186 21 289 14374.256054893494 7861991.032627073 113010272204.25806
187 10 223 2424.408141701412 166948.78471592552 404751992.91244614
188 22 468 15807.685316481819 39248585.503833815 620429288761.635
189 3 131 57.02181064673912 233.0178128969552 13287.097604327464
190 25 429 20302.483562333644 62899092.326478384 1277007788044.0337
191 9 152 1814.8473014962385 50192.57933226694 91091867.15630053
192 17 208 9095.850952291546 1188624.1130456962 10811547770.56339
193 12 270 3920.792982031498 175602.9947070889 688502989.2712684
194 8 251 1300.1508247099457 34076.47778705137 44304560.698044986
195 11 275 3127.3197986346404 136544.81137309276 427019292.0079054
196 16 325 7916.453847805617 2875805.0629486707 22766178056.11888
197 14 230 5763.781188419757 667608.2663166124 3847947966.6292176
198 18 387 10336.717591947081 3619229.353791052 37410951730.62323
199 19 430 11633.622691025432 14071265.859125411 163699797790.17285
