0 1 13 1.0 25.320989780782124 25.320989780782124
1 0 100 0.0 0.0 0.0
2 1 14 1.0 27.799106543625292 27.799106543625292
3 0 100 0.0 0.0 0.0
4 0 100 0.0 0.0 0.0
5 1 19 1.0 40.84402933782601 40.84402933782601
6 5 63 312.35291035940236 1860.4532693243248 581117.9932611178
7 2 13 13.494214179327372 40.41888428935346 545.4210814899858
8 0 100 0.0 0.0 0.0
9 3 14 57.02181064673912 65.97278979840442 3761.8879277217393
10 0 100 0.0 0.0 0.0
11 3 21 57.02181064673912 125.57185196799401 7160.33436547931
12 0 100 0.0 0.0 0.0
13 0 100 0.0 0.0 0.0
14 0 100 0.0 0.0 0.0
15 0 100 0.0 0.0 0.0
16 0 100 0.0 0.0 0.0
17 0 100 0.0 0.0 0.0
18 0 9 0.0 9.0 0.0
19 0 100 0.0 0.0 0.0
20 0 100 0.0 0.0 0.0
21 0 100 0.0 0.0 0.0
22 1 13 1.0 25.320989780782124 25.320989780782124
23 3 39 57.02181064673912 335.47304520277595 19129.280460637645
24 2 24 13.494214179327372 97.86086952638261 1320.555533164218
25 0 100 0.0 0.0 0.0
26 2 50 13.494214179327372 282.0582186126376 3806.1540129984737
27 2 131 13.494214179327372 141.5519192260369 1910.1319155309898
28 3 57 57.02181064673912 612.7419199112477 34939.653732498555
29 0 100 0.0 0.0 0.0
30 0 100 0.0 0.0 0.0
31 2 30 13.494214179327372 135.01359299654277 1821.9023410158823
32 0 7 0.0 7.0 0.0
33 0 100 0.0 0.0 0.0
34 0 100 0.0 0.0 0.0
35 0 100 0.0 0.0 0.0
36 0 5 0.0 5.0 0.0
37 0 5 0.0 5.0 0.0
38 1 15 1.0 30.323695983612147 30.323695983612147
39 0 100 0.0 0.0 0.0
40 2 28 13.494214179327372 122.22584512913716 1649.341732421874
41 0 6 0.0 6.0 0.0
42 0 8 0.0 8.0 0.0
43 0 100 0.0 0.0 0.0
44 0 100 0.0 0.0 0.0
45 1 20 1.0 43.57075425423803 43.57075425423803
46 0 5 0.0 5.0 0.0
47 2 27 13.494214179327372 115.98017876588344 1565.0613728235076
48 1 15 1.0 30.323695983612147 30.323695983612147
49 6 62 552.5626438069447 2683.6257759841665 1482871.3537662746
50 0 100 0.0 0.0 0.0
51 1 9 1.0 15.931997307697284 15.931997307697284
52 0 7 0.0 7.0 0.0
53 2 25 13.494214179327372 103.79546451213633 1400.6382289695412
54 0 5 0.0 5.0 0.0
55 1 101 1.0 1.0 1.0
56 0 100 0.0 0.0 0.0
57 0 100 0.0 0.0 0.0
58 0 5 0.0 5.0 0.0
59 0 100 0.0 0.0 0.0
60 2 24 13.494214179327372 97.86086952638261 1320.555533164218
61 1 105 1.0 7.59708563275366 7.59708563275366
62 4 69 151.22372397683895 1394.4010936602072 210866.52610067354
63 0 100 0.0 0.0 0.0
64 0 100 0.0 0.0 0.0
65 0 100 0.0 0.0 0.0
66 0 5 0.0 5.0 0.0
67 1 18 1.0 38.15436697768484 38.15436697768484
68 0 5 0.0 5.0 0.0
69 1 19 1.0 40.84402933782601 40.84402933782601
70 0 100 0.0 0.0 0.0
71 6 73 552.5626438069447 3667.8232800781016 2026702.1286566157
72 0 6 0.0 6.0 0.0
73 0 100 0.0 0.0 0.0
74 0 100 0.0 0.0 0.0
75 0 10 0.0 10.0 0.0
76 0 100 0.0 0.0 0.0
77 0 6 0.0 6.0 0.0
78 0 6 0.0 6.0 0.0
79 0 100 0.0 0.0 0.0
80 1 12 1.0 22.891970023971037 22.891970023971037
81 0 100 0.0 0.0 0.0
82 0 100 0.0 0.0 0.0
83 0 100 0.0 0.0 0.0
84 0 6 0.0 6.0 0.0
85 0 100 0.0 0.0 0.0
86 3 127 57.02181064673912 187.1321231368427 10670.612491431313
87 1 108 1.0 13.734791927877684 13.734791927877684
88 1 12 1.0 22.891970023971037 22.891970023971037
89 1 8 1.0 13.734791927877684 13.734791927877684
90 5 67 312.35291035940236 2080.6456750556 649895.73203032
91 0 100 0.0 0.0 0.0
92 0 100 0.0 0.0 0.0
93 0 100 0.0 0.0 0.0
94 0 100 0.0 0.0 0.0
95 1 10 1.0 18.1937008646705 18.1937008646705
96 0 6 0.0 6.0 0.0
97 0 100 0.0 0.0 0.0
98 0 9 0.0 9.0 0.0
99 2 128 13.494214179327372 122.22584512913716 1649.341732421874
100 0 5 0.0 5.0 0.0
101 0 6 0.0 6.0 0.0
102 6 52 552.5626438069447 1916.8860894212144 1059199.6454473417
103 2 18 13.494214179327372 64.62733255388774 872.0950673207774
104 2 31 13.494214179327372 141.5519192260369 1910.1319155309898
105 2 112 13.494214179327372 36.01211998010309 485.95526006314566
106 1 17 1.0 35.503281577765854 35.503281577765854
107 1 106 1.0 9.55892689827884 9.55892689827884
108 1 22 1.0 49.12998068819353 49.12998068819353
109 0 7 0.0 7.0 0.0
110 2 31 13.494214179327372 141.5519192260369 1910.1319155309898
111 0 100 0.0 0.0 0.0
112 3 28 57.02181064673912 198.25318874016915 11304.755788454157
113 0 100 0.0 0.0 0.0
114 0 6 0.0 6.0 0.0
115 1 24 1.0 54.8222930413608 54.8222930413608
116 0 11 0.0 11.0 0.0
117 0 5 0.0 5.0 0.0
118 0 5 0.0 5.0 0.0
119 1 9 1.0 15.931997307697284 15.931997307697284
120 0 6 0.0 6.0 0.0
121 0 100 0.0 0.0 0.0
122 2 9 13.494214179327372 23.78240930402918 320.92492484899776
123 1 101 1.0 1.0 1.0
124 0 5 0.0 5.0 0.0
125 0 5 0.0 5.0 0.0
126 4 59 151.22372397683895 1066.8769814059906 161337.11015338267
127 4 51 151.22372397683895 831.5797944458234 125754.59329999167
128 0 7 0.0 7.0 0.0
129 0 100 0.0 0.0 0.0
130 0 5 0.0 5.0 0.0
131 1 101 1.0 1.0 1.0
132 4 33 151.22372397683895 395.0229353848392 59736.83934515761
133 3 27 57.02181064673912 187.1321231368427 10670.612491431313
134 2 19 13.494214179327372 69.8685662777562 942.821397754572
135 2 46 13.494214179327372 250.0988923255542 3374.8880190535633
136 0 5 0.0 5.0 0.0
137 3 19 57.02181064673912 107.12598084817145 6108.517395270634
138 1 16 1.0 32.892441635375256 32.892441635375256
139 1 7 1.0 11.607984241186918 11.607984241186918
140 3 13 57.02181064673912 58.65092275827274 3344.3818117787505
141 1 20 1.0 43.57075425423803 43.57075425423803
142 0 100 0.0 0.0 0.0
143 1 15 1.0 30.323695983612147 30.323695983612147
144 1 16 1.0 32.892441635375256 32.892441635375256
145 1 106 1.0 9.55892689827884 9.55892689827884
146 1 100 1.0 0.0 0.0
147 2 22 13.494214179327372 86.31942417916456 1164.8127977098563
148 1 17 1.0 35.503281577765854 35.503281577765854
149 1 105 1.0 7.59708563275366 7.59708563275366
150 4 47 151.22372397683895 723.181183304868 109362.15164933914
151 2 17 13.494214179327372 59.51335422080222 803.0859483856818
152 1 107 1.0 11.607984241186918 11.607984241186918
153 1 16 1.0 32.892441635375256 32.892441635375256
154 6 71 552.5626438069447 3478.001961782023 1921813.959168015
155 1 12 1.0 22.891970023971037 22.891970023971037
156 1 19 1.0 40.84402933782601 40.84402933782601
157 2 16 13.494214179327372 54.53075711894446 735.8497159239173
158 2 39 13.494214179327372 197.11162840858907 2659.8665309814905
159 1 14 1.0 27.799106543625292 27.799106543625292
160 5 45 312.35291035940236 1009.4539298642129 315305.87286682293
161 1 26 1.0 60.63937356224698 60.63937356224698
162 0 7 0.0 7.0 0.0
163 3 41 57.02181064673912 363.1907597716439 20709.794732343995
164 3 40 57.02181064673912 349.23013798641597 19913.734800395985
165 4 30 151.22372397683895 335.61535000671915 50753.00305180629
166 2 47 13.494214179327372 257.9778488812911 3481.2083463262925
167 2 26 13.494214179327372 109.8359986590007 1482.1504905048694
168 2 21 13.494214179327372 80.71796600694597 1089.2255214173952
169 0 5 0.0 5.0 0.0
170 3 145 57.02181064673912 421.0282951259743 24007.7957215927
171 0 100 0.0 0.0 0.0
172 2 41 13.494214179327372 211.85407612585806 2858.8042780058545
173 3 37 57.02181064673912 308.57807572808247 17595.680603901845
174 2 108 13.494214179327372 20.066939702021244 270.7875822627225
175 2 11 13.494214179327372 31.76494829034237 428.6430156251388
176 0 100 0.0 0.0 0.0
177 5 43 312.35291035940236 929.4139107485241 290305.13995081536
178 1 19 1.0 40.84402933782601 40.84402933782601
179 1 22 1.0 49.12998068819353 49.12998068819353
180 4 138 151.22372397683895 502.796158813779 76034.7075370698
181 4 46 151.22372397683895 697.0692055589992 105413.40113420851
182 3 40 57.02181064673912 349.23013798641597 19913.734800395985
183 5 61 312.35291035940236 1754.5251914699081 548031.0498545135
184 1 13 1.0 25.320989780782124 25.320989780782124
185 3 45 57.02181064673912 421.0282951259743 24007.7957215927
186 4 36 151.22372397683895 458.3949685466225 69320.19419586622
187 2 15 13.494214179327372 49.68406405407534 670.4474016451129
188 0 100 0.0 0.0 0.0
189 4 32 151.22372397683895 374.7746947170294 56674.82498739214
190 1 22 1.0 49.12998068819353 49.12998068819353
191 4 55 151.22372397683895 946.1899645328139 143086.37002616527
192 3 24 57.02181064673912 155.22039240905832 8850.947824461866
193 3 42 57.02181064673912 377.3528472077043 21517.342600485594
194 7 114 880.1589317377488 12996.0 11438545.476863785
195 3 61 57.02181064673912 682.3928350558612 38911.2750272468
196 3 33 57.02181064673912 257.33012181535685 14673.42947985759
197 5 56 312.35291035940236 1501.9949206988383 469152.4848253219
198 1 8 1.0 13.734791927877684 13.734791927877684
199 3 43 57.02181064673912 391.71440685113555 22336.26473506518
