0 1 9 1.0 15.931997307697284 15.931997307697284
1 1 9 1.0 15.931997307697284 15.931997307697284
2 1 7 1.0 11.607984241186918 11.607984241186918
3 0 7 0.0 7.0 0.0
4 0 5 0.0 5.0 0.0
5 1 5 1.0 7.59708563275366 7.59708563275366
6 0 7 0.0 7.0 0.0
7 0 5 0.0 5.0 0.0
8 1 6 1.0 9.55892689827884 9.55892689827884
9 0 5 0.0 5.0 0.0
10 0 100 0.0 0.0 0.0
11 0 8 0.0 8.0 0.0
12 0 5 0.0 5.0 0.0
13 0 6 0.0 6.0 0.0
14 1 13 1.0 25.320989780782124 25.320989780782124
15 0 5 0.0 5.0 0.0
16 1 10 1.0 18.1937008646705 18.1937008646705
17 0 6 0.0 6.0 0.0
18 0 100 0.0 0.0 0.0
19 1 12 1.0 22.891970023971037 22.891970023971037
20 1 6 1.0 9.55892689827884 9.55892689827884
21 0 5 0.0 5.0 0.0
22 1 9 1.0 15.931997307697284 15.931997307697284
23 1 10 1.0 18.1937008646705 18.1937008646705
24 0 5 0.0 5.0 0.0
25 1 7 1.0 11.607984241186918 11.607984241186918
26 0 6 0.0 6.0 0.0
27 0 5 0.0 5.0 0.0
28 1 7 1.0 11.607984241186918 11.607984241186918
29 0 100 0.0 0.0 0.0
30 0 100 0.0 0.0 0.0
31 0 5 0.0 5.0 0.0
32 0 100 0.0 0.0 0.0
33 0 5 0.0 5.0 0.0
34 0 5 0.0 5.0 0.0
35 0 5 0.0 5.0 0.0
36 0 100 0.0 0.0 0.0
37 1 14 1.0 27.799106543625292 27.799106543625292
38 0 5 0.0 5.0 0.0
39 0 5 0.0 5.0 0.0
40 0 100 0.0 0.0 0.0
41 1 11 1.0 20.51504931294799 20.51504931294799
42 1 103 1.0 3.9914906122521803 3.9914906122521803
43 0 5 0.0 5.0 0.0
44 0 100 0.0 0.0 0.0
45 0 5 0.0 5.0 0.0
46 0 5 0.0 5.0 0.0
47 0 100 0.0 0.0 0.0
48 0 100 0.0 0.0 0.0
49 1 15 1.0 30.323695983612147 30.323695983612147
50 1 19 1.0 40.84402933782601 40.84402933782601
51 0 5 0.0 5.0 0.0
52 0 6 0.0 6.0 0.0
53 1 10 1.0 18.1937008646705 18.1937008646705
54 0 6 0.0 6.0 0.0
55 0 100 0.0 0.0 0.0
56 0 5 0.0 5.0 0.0
57 0 100 0.0 0.0 0.0
58 0 100 0.0 0.0 0.0
59 0 9 0.0 9.0 0.0
60 0 6 0.0 6.0 0.0
61 1 7 1.0 11.607984241186918 11.607984241186918
62 0 5 0.0 5.0 0.0
63 0 100 0.0 0.0 0.0
64 1 10 1.0 18.1937008646705 18.1937008646705
65 0 100 0.0 0.0 0.0
66 0 100 0.0 0.0 0.0
67 1 15 1.0 30.323695983612147 30.323695983612147
68 0 5 0.0 5.0 0.0
69 1 6 1.0 9.55892689827884 9.55892689827884
70 0 100 0.0 0.0 0.0
71 0 6 0.0 6.0 0.0
72 0 6 0.0 6.0 0.0
73 0 100 0.0 0.0 0.0
74 0 5 0.0 5.0 0.0
75 0 9 0.0 9.0 0.0
76 0 9 0.0 9.0 0.0
77 1 8 1.0 13.734791927877684 13.734791927877684
78 0 6 0.0 6.0 0.0
79 1 7 1.0 11.607984241186918 11.607984241186918
80 0 5 0.0 5.0 0.0
81 1 8 1.0 13.734791927877684 13.734791927877684
82 2 9 13.494214179327372 23.78240930402918 320.92492484899776
83 1 12 1.0 22.891970023971037 22.891970023971037
84 0 100 0.0 0.0 0.0
85 0 6 0.0 6.0 0.0
86 0 11 0.0 11.0 0.0
87 0 100 0.0 0.0 0.0
88 0 8 0.0 8.0 0.0
89 1 8 1.0 13.734791927877684 13.734791927877684
90 0 5 0.0 5.0 0.0
91 0 100 0.0 0.0 0.0
92 1 104 1.0 5.735193251789799 5.735193251789799
93 0 5 0.0 5.0 0.0
94 1 9 1.0 15.931997307697284 15.931997307697284
95 0 5 0.0 5.0 0.0
96 0 6 0.0 6.0 0.0
97 0 100 0.0 0.0 0.0
98 0 100 0.0 0.0 0.0
99 0 9 0.0 9.0 0.0
100 0 100 0.0 0.0 0.0
101 0 7 0.0 7.0 0.0
102 0 5 0.0 5.0 0.0
103 0 11 0.0 11.0 0.0
104 0 5 0.0 5.0 0.0
105 0 9 0.0 9.0 0.0
106 0 11 0.0 11.0 0.0
107 0 6 0.0 6.0 0.0
108 0 11 0.0 11.0 0.0
109 0 5 0.0 5.0 0.0
110 1 9 1.0 15.931997307697284 15.931997307697284
111 1 18 1.0 38.15436697768484 38.15436697768484
112 0 100 0.0 0.0 0.0
113 0 5 0.0 5.0 0.0
114 0 5 0.0 5.0 0.0
115 0 100 0.0 0.0 0.0
116 0 100 0.0 0.0 0.0
117 1 6 1.0 9.55892689827884 9.55892689827884
118 0 6 0.0 6.0 0.0
119 0 11 0.0 11.0 0.0
120 0 6 0.0 6.0 0.0
121 1 103 1.0 3.9914906122521803 3.9914906122521803
122 0 5 0.0 5.0 0.0
123 0 6 0.0 6.0 0.0
124 0 100 0.0 0.0 0.0
125 1 6 1.0 9.55892689827884 9.55892689827884
126 0 6 0.0 6.0 0.0
127 0 100 0.0 0.0 0.0
128 0 5 0.0 5.0 0.0
129 1 8 1.0 13.734791927877684 13.734791927877684
130 1 6 1.0 9.55892689827884 9.55892689827884
131 0 100 0.0 0.0 0.0
132 0 8 0.0 8.0 0.0
133 0 100 0.0 0.0 0.0
134 2 6 13.494214179327372 13.252209915340185 178.8281589470063
135 0 5 0.0 5.0 0.0
136 0 100 0.0 0.0 0.0
137 0 11 0.0 11.0 0.0
138 0 11 0.0 11.0 0.0
139 0 6 0.0 6.0 0.0
140 1 8 1.0 13.734791927877684 13.734791927877684
141 1 8 1.0 13.734791927877684 13.734791927877684
142 1 5 1.0 7.59708563275366 7.59708563275366
143 0 6 0.0 6.0 0.0
144 0 6 0.0 6.0 0.0
145 1 8 1.0 13.734791927877684 13.734791927877684
146 0 6 0.0 6.0 0.0
147 1 6 1.0 9.55892689827884 9.55892689827884
148 1 9 1.0 15.931997307697284 15.931997307697284
149 0 100 0.0 0.0 0.0
150 0 5 0.0 5.0 0.0
151 0 8 0.0 8.0 0.0
152 1 6 1.0 9.55892689827884 9.55892689827884
153 1 8 1.0 13.734791927877684 13.734791927877684
154 1 9 1.0 15.931997307697284 15.931997307697284
155 0 7 0.0 7.0 0.0
156 1 103 1.0 3.9914906122521803 3.9914906122521803
157 0 9 0.0 9.0 0.0
158 0 100 0.0 0.0 0.0
159 0 100 0.0 0.0 0.0
160 0 5 0.0 5.0 0.0
161 0 100 0.0 0.0 0.0
162 1 101 1.0 1.0 1.0
163 0 6 0.0 6.0 0.0
164 1 11 1.0 20.51504931294799 20.51504931294799
165 1 9 1.0 15.931997307697284 15.931997307697284
166 0 5 0.0 5.0 0.0
167 0 5 0.0 5.0 0.0
168 2 9 13.494214179327372 23.78240930402918 320.92492484899776
169 0 100 0.0 0.0 0.0
170 0 100 0.0 0.0 0.0
171 1 10 1.0 18.1937008646705 18.1937008646705
172 0 5 0.0 5.0 0.0
173 0 6 0.0 6.0 0.0
174 0 8 0.0 8.0 0.0
175 1 8 1.0 13.734791927877684 13.734791927877684
176 0 5 0.0 5.0 0.0
177 0 5 0.0 5.0 0.0
178 0 5 0.0 5.0 0.0
179 0 100 0.0 0.0 0.0
180 0 5 0.0 5.0 0.0
181 1 10 1.0 18.1937008646705 18.1937008646705
182 0 8 0.0 8.0 0.0
183 1 15 1.0 30.323695983612147 30.323695983612147
184 1 11 1.0 20.51504931294799 20.51504931294799
185 0 6 0.0 6.0 0.0
186 1 9 1.0 15.931997307697284 15.931997307697284
187 0 5 0.0 5.0 0.0
188 1 10 1.0 18.1937008646705 18.1937008646705
189 1 8 1.0 13.734791927877684 13.734791927877684
190 1 10 1.0 18.1937008646705 18.1937008646705
191 0 6 0.0 6.0 0.0
192 2 14 13.494214179327372 44.97826169706515 606.9462967540338
193 1 6 1.0 9.55892689827884 9.55892689827884
194 0 6 0.0 6.0 0.0
195 0 5 0.0 5.0 0.0
196 1 17 1.0 35.503281577765854 35.503281577765854
197 1 11 1.0 20.51504931294799 20.51504931294799
198 1 9 1.0 15.931997307697284 15.931997307697284
199 0 6 0.0 6.0 0.0
