0 0 100 0.0 0.0 0.0
1 0 12 0.0 12.0 0.0
2 0 100 0.0 0.0 0.0
3 2 6 13.494214179327372 13.252209915340185 178.8281589470063
4 7 210 880.1589317377488 12100.0 10649923.074026762
5 1 13 1.0 25.320989780782124 25.320989780782124
6 23 404 17276.616480405057 32968926.61001814 569591500811.9043
7 0 10 0.0 10.0 0.0
8 0 10 0.0 10.0 0.0
9 0 9 0.0 9.0 0.0
10 0 100 0.0 0.0 0.0
11 4 71 151.22372397683895 1464.2230773075796 221425.26648327915
12 0 100 0.0 0.0 0.0
13 1 106 1.0 9.55892689827884 9.55892689827884
14 0 10 0.0 10.0 0.0
15 0 5 0.0 5.0 0.0
16 19 287 11633.622691025432 4695890.052775098 54630213072.524994
17 1 104 1.0 5.735193251789799 5.735193251789799
18 1 11 1.0 20.51504931294799 20.51504931294799
19 0 100 0.0 0.0 0.0
20 2 47 13.494214179327372 257.9778488812911 3481.2083463262925
21 2 46 13.494214179327372 250.0988923255542 3374.8880190535633
22 0 100 0.0 0.0 0.0
23 22 302 15807.685316481819 11293013.696823254 178516406794.101
24 0 100 0.0 0.0 0.0
25 0 6 0.0 6.0 0.0
26 2 38 13.494214179327372 189.8638195218893 2562.0630455335317
27 1 9 1.0 15.931997307697284 15.931997307697284
28 9 242 1814.8473014962385 43347.5615654562 78669205.13351025
29 0 100 0.0 0.0 0.0
30 0 100 0.0 0.0 0.0
31 0 6 0.0 6.0 0.0
32 9 119 1814.8473014962385 29623.09111740326 53761386.9763965
33 0 100 0.0 0.0 0.0
34 0 100 0.0 0.0 0.0
35 1 33 1.0 81.88562674252243 81.88562674252243
36 0 100 0.0 0.0 0.0
37 0 5 0.0 5.0 0.0
38 1 9 1.0 15.931997307697284 15.931997307697284
39 0 100 0.0 0.0 0.0
40 5 74 312.35291035940236 2492.4098028308917 778511.4557225333
41 1 17 1.0 35.503281577765854 35.503281577765854
42 1 102 1.0 2.3948263510722025 2.3948263510722025
43 0 5 0.0 5.0 0.0
44 0 100 0.0 0.0 0.0
45 8 108 1300.1508247099457 16970.39141279495 22064068.390995935
46 0 100 0.0 0.0 0.0
47 0 100 0.0 0.0 0.0
48 0 100 0.0 0.0 0.0
49 10 237 2424.408141701412 56496.819585189216 136971349.38256854
50 0 100 0.0 0.0 0.0
51 0 100 0.0 0.0 0.0
52 0 100 0.0 0.0 0.0
53 17 259 9095.850952291546 2111711.516257531 19207813206.11609
54 0 100 0.0 0.0 0.0
55 0 5 0.0 5.0 0.0
56 0 100 0.0 0.0 0.0
57 1 20 1.0 43.57075425423803 43.57075425423803
58 3 10 57.02181064673912 38.67239348588604 2205.169898608381
59 0 100 0.0 0.0 0.0
60 0 5 0.0 5.0 0.0
61 0 100 0.0 0.0 0.0
62 0 10 0.0 10.0 0.0
63 0 6 0.0 6.0 0.0
64 13 366 4801.088521889328 1507835.9976475262 7239254101.1970825
65 0 100 0.0 0.0 0.0
66 1 15 1.0 30.323695983612147 30.323695983612147
67 0 100 0.0 0.0 0.0
68 0 100 0.0 0.0 0.0
69 0 100 0.0 0.0 0.0
70 0 100 0.0 0.0 0.0
71 0 5 0.0 5.0 0.0
72 2 20 13.494214179327372 75.23327232919837 1015.2138902218663
73 0 6 0.0 6.0 0.0
74 0 100 0.0 0.0 0.0
75 0 100 0.0 0.0 0.0
76 0 5 0.0 5.0 0.0
77 1 10 1.0 18.1937008646705 18.1937008646705
78 0 100 0.0 0.0 0.0
79 3 142 57.02181064673912 377.3528472077043 21517.342600485594
80 0 5 0.0 5.0 0.0
81 0 100 0.0 0.0 0.0
82 1 104 1.0 5.735193251789799 5.735193251789799
83 0 100 0.0 0.0 0.0
84 0 10 0.0 10.0 0.0
85 2 30 13.494214179327372 135.01359299654277 1821.9023410158823
86 1 6 1.0 9.55892689827884 9.55892689827884
87 0 6 0.0 6.0 0.0
88 0 100 0.0 0.0 0.0
89 1 7 1.0 11.607984241186918 11.607984241186918
90 0 6 0.0 6.0 0.0
91 0 100 0.0 0.0 0.0
92 0 5 0.0 5.0 0.0
93 16 377 7916.453847805617 4212103.993541919 33344926867.03233
94 23 411 17276.616480405057 34643717.53100249 598526221238.6152
95 2 11 13.494214179327372 31.76494829034237 428.6430156251388
96 0 100 0.0 0.0 0.0
97 2 13 13.494214179327372 40.41888428935346 545.4210814899858
98 0 6 0.0 6.0 0.0
99 0 10 0.0 10.0 0.0
100 1 112 1.0 22.891970023971037 22.891970023971037
101 12 229 3920.792982031498 353804.2348984099 1387193161.2027092
102 0 100 0.0 0.0 0.0
103 21 430 14374.256054893494 23937687.251441255 344086445914.1763
104 8 113 1300.1508247099457 18645.55254126269 24242030.513695307
105 5 154 312.35291035940236 1405.9451433371921 439151.0573270391
106 0 100 0.0 0.0 0.0
107 4 29 151.22372397683895 316.71264325745693 47894.465343940734
108 8 256 1300.1508247099457 36465.56936906108 47410740.0887025
109 25 475 20302.483562333644 85053912.2626944 1726805655625.521
110 20 350 12981.212045421978 10444576.469645826 135583261877.09737
111 16 381 7916.453847805617 1978397.1662811837 15661889859.494408
112 0 10 0.0 10.0 0.0
113 23 564 17276.616480405057 86310217.50134897 1491148526111.1506
114 13 207 4801.088521889328 381784.2534940421 1832979997.288331
115 12 244 3920.792982031498 410726.2989583608 1610372790.491712
116 21 386 14374.256054893494 17689654.873087224 254275628668.45023
117 0 100 0.0 0.0 0.0
118 12 123 3920.792982031498 82047.69458952625 321692025.1384782
119 14 211 5763.781188419757 539726.1438499829 3110863394.820867
120 22 329 15807.685316481819 14406891.849517154 227739612745.7539
121 14 183 5763.781188419757 379913.03535972105 2189735606.44181
122 17 381 9095.850952291546 5806800.681160317 52817793505.49927
123 10 181 2424.408141701412 104962.02514306911 254470788.3263251
124 11 235 3127.3197986346404 268157.71975980385 838614946.1615541
125 5 78 312.35291035940236 2742.610069160227 856662.2370831986
126 14 279 5763.781188419757 1074926.1176771463 6195638936.008618
127 13 279 4801.088521889328 783888.0642039899 3763515987.4958205
128 0 100 0.0 0.0 0.0
129 0 5 0.0 5.0 0.0
130 22 300 15807.685316481819 11081622.23791871 175174797133.146
131 14 323 5763.781188419757 618611.2410048468 3565539833.8487363
132 1 20 1.0 43.57075425423803 43.57075425423803
133 22 276 15807.685316481819 8742200.02918598 138193947035.11014
134 12 339 3920.792982031498 391209.5839510121 1533851791.2585905
135 20 270 12981.212045421978 5104441.965596979 66261843528.964935
136 0 100 0.0 0.0 0.0
137 17 285 9095.850952291546 2713398.252610632 24680666079.954636
138 12 206 3920.792982031498 275852.07684250775 1081558886.9629178
139 13 237 4801.088521889328 529031.2851182016 2539926030.7013583
140 22 542 15807.685316481819 59584087.66347323 941886507653.8513
141 22 279 15807.685316481819 9015151.70798021 142508681280.09476
142 11 292 3127.3197986346404 168832.0419378618 527991787.3961891
143 13 203 4801.088521889328 364245.1060790388 1748772997.950434
144 7 237 880.1589317377488 18769.0 16519702.989785807
145 19 230 11633.622691025432 2574634.8509836164 29952330423.50788
146 19 361 11633.622691025432 8752711.290221969 101825740673.92078
147 9 129 1814.8473014962385 35247.44879474361 63968737.32976728
148 22 329 15807.685316481819 14406891.849517154 227739612745.7539
149 12 304 3920.792982031498 269596.0522671843 1057030309.7125732
150 19 247 11633.622691025432 3124487.2809806853 36349106129.83726
151 20 307 12981.212045421978 7274886.032563275 94436838194.98248
152 21 383 14374.256054893494 17307110.382518843 248776836208.63153
153 4 147 151.22372397683895 723.181183304868 109362.15164933914
154 16 354 7916.453847805617 1525824.7814323686 12079121462.04744
155 15 247 6803.971395961631 1069592.9085283494 7277479554.9502945
156 8 114 1300.1508247099457 18990.417242658223 24690406.63962806
157 11 289 3127.3197986346404 162853.276134606 509294274.72826755
158 26 359 21850.715853258855 46268279.0 1010995017448.3037
159 19 361 11633.622691025432 8752711.290221969 101825740673.92078
160 18 271 10336.717591947081 3105555.3001002325 32101248103.31057
161 15 251 6803.971395961631 1113778.5999793487 7578117735.693681
162 12 237 3920.792982031498 383555.45220462925 1503841525.223828
163 14 230 5763.781188419757 667608.2663166124 3847947966.6292176
164 11 186 3127.3197986346404 156995.63646857248 490975562.2274133
165 13 311 4801.088521889328 399807.9074474108 1919513155.406355
166 9 238 1814.8473014962385 40759.58337596822 73972419.89998686
167 17 259 9095.850952291546 2111711.516257531 19207813206.11609
168 15 203 6803.971395961631 652417.5896686066 4439030618.327432
169 16 331 7916.453847805617 3014305.958404848 23862614002.877457
170 22 342 15807.685316481819 16085448.297777934 254273704865.8117
171 16 278 7916.453847805617 1924541.9875177636 15235547822.34847
172 14 232 5763.781188419757 682016.7329967464 3930995215.8341475
173 23 473 17276.616480405057 51955874.8153043 897621723087.9484
174 18 365 10336.717591947081 6874268.704397661 71057374248.51857
175 13 316 4801.088521889328 423024.6252555632 2030978672.7910187
176 0 10 0.0 10.0 0.0
177 25 433 20302.483562333644 64652455.993963405 1312605425081.9414
178 20 353 12981.212045421978 10693434.919909036 138813746189.2592
179 12 332 3920.792982031498 364799.26300320885 1430302390.233244
180 22 423 15807.685316481819 13672193.587293234 216125733813.95212
181 14 325 5763.781188419757 1566163.4127099062 9027023216.168646
182 14 276 5763.781188419757 1046645.1143396281 6032633420.982195
183 13 259 4801.088521889328 655232.9932536905 3145831603.073481
184 16 285 7916.453847805617 2051622.2315091447 16241572708.874115
185 21 443 14374.256054893494 26021200.29673205 374035395920.89703
186 24 356 18776.370315488246 28872544.02516326 542121578566.70294
187 13 276 4801.088521889328 763726.9951302845 3666720910.1770353
188 14 179 5763.781188419757 359760.39110623644 2073580174.5966601
189 15 193 6803.971395961631 574438.4857657645 3908463025.8897743
190 20 342 12981.212045421978 9799093.183761248 127204106471.25392
191 12 354 3920.792982031498 451407.67214080825 1769876032.9648564
192 15 275 6803.971395961631 1401952.2349622357 9538842905.18753
193 21 314 14374.256054893494 9919621.010148743 142587172367.3793
194 21 319 14374.256054893494 10368596.396678822 149040859535.70743
195 11 169 3127.3197986346404 126062.89696644363 394238993.5563979
196 20 290 12981.212045421978 6216835.390701198 80702058458.17604
197 16 303 7916.453847805617 857476.216078023 6788170890.172666
198 17 309 9095.850952291546 3353800.745205272 30505671702.071472
199 19 461 11633.622691025432 8752711.290221969 101825740673.92078
