0 0 100 0.0 0.0 0.0
1 0 100 0.0 0.0 0.0
2 0 100 0.0 0.0 0.0
3 1 27 1.0 63.59241768810072 63.59241768810072
4 1 6 1.0 9.55892689827884 9.55892689827884
5 0 6 0.0 6.0 0.0
6 1 9 1.0 15.931997307697284 15.931997307697284
7 0 100 0.0 0.0 0.0
8 0 100 0.0 0.0 0.0
9 22 359 15807.685316481819 18464975.370927818 291888520040.2141
10 2 32 13.494214179327372 148.1842032776824 1999.6293770220316
11 0 100 0.0 0.0 0.0
12 9 183 1814.8473014962385 74869.18614488025 135876140.4402555
13 0 100 0.0 0.0 0.0
14 0 100 0.0 0.0 0.0
15 14 211 5763.781188419757 539726.1438499829 3110863394.820867
16 0 100 0.0 0.0 0.0
17 2 10 13.494214179327372 27.685321443873434 373.59165718715303
18 0 100 0.0 0.0 0.0
19 3 21 57.02181064673912 125.57185196799401 7160.33436547931
20 2 36 13.494214179327372 175.6210676402407 2369.868301139548
21 1 28 1.0 66.57403288693754 66.57403288693754
22 2 104 13.494214179327372 7.384494371244687 99.64794865161322
23 0 100 0.0 0.0 0.0
24 0 100 0.0 0.0 0.0
25 1 24 1.0 54.8222930413608 54.8222930413608
26 0 5 0.0 5.0 0.0
27 0 100 0.0 0.0 0.0
28 2 35 13.494214179327372 168.62869283493262 2275.511697894588
29 0 100 0.0 0.0 0.0
30 0 100 0.0 0.0 0.0
31 0 100 0.0 0.0 0.0
32 14 295 5763.781188419757 1233402.6501916174 7109062992.921518
33 0 100 0.0 0.0 0.0
34 0 100 0.0 0.0 0.0
35 1 5 1.0 7.59708563275366 7.59708563275366
36 0 10 0.0 10.0 0.0
37 4 29 151.22372397683895 316.71264325745693 47894.465343940734
38 0 5 0.0 5.0 0.0
39 13 192 4801.088521889328 318478.99429131305 1529045843.95488
40 0 100 0.0 0.0 0.0
41 0 6 0.0 6.0 0.0
42 14 307 5763.781188419757 1360851.3614912655 7843649477.598771
43 1 36 1.0 91.37308344663872 91.37308344663872
44 1 39 1.0 101.06849300292524 101.06849300292524
45 1 108 1.0 13.734791927877684 13.734791927877684
46 0 8 0.0 8.0 0.0
47 5 144 312.35291035940236 969.0623078155637 302689.43216579035
48 1 8 1.0 13.734791927877684 13.734791927877684
49 3 49 57.02181064673912 481.96892224029307 27482.74062159892
50 0 6 0.0 6.0 0.0
51 1 15 1.0 30.323695983612147 30.323695983612147
52 24 429 18776.370315488246 49814045.9969658 935326974551.7948
53 1 109 1.0 15.931997307697284 15.931997307697284
54 0 6 0.0 6.0 0.0
55 1 102 1.0 2.3948263510722025 2.3948263510722025
56 0 100 0.0 0.0 0.0
57 6 217 552.5626438069447 9042.681338614557 4996647.907568581
58 0 100 0.0 0.0 0.0
59 0 100 0.0 0.0 0.0
60 0 5 0.0 5.0 0.0
61 2 12 13.494214179327372 36.01211998010309 485.95526006314566
62 0 9 0.0 9.0 0.0
63 3 127 57.02181064673912 187.1321231368427 10670.612491431313
64 1 11 1.0 20.51504931294799 20.51504931294799
65 0 100 0.0 0.0 0.0
66 1 11 1.0 20.51504931294799 20.51504931294799
67 0 6 0.0 6.0 0.0
68 0 100 0.0 0.0 0.0
69 0 100 0.0 0.0 0.0
70 2 32 13.494214179327372 148.1842032776824 1999.6293770220316
71 5 116 312.35291035940236 5641.169189689651 1762035.614229354
72 0 100 0.0 0.0 0.0
73 0 9 0.0 9.0 0.0
74 0 100 0.0 0.0 0.0
75 0 100 0.0 0.0 0.0
76 0 6 0.0 6.0 0.0
77 0 100 0.0 0.0 0.0
78 0 100 0.0 0.0 0.0
79 0 6 0.0 6.0 0.0
80 9 190 1814.8473014962385 81175.65618270171 147321420.57036266
81 0 100 0.0 0.0 0.0
82 1 6 1.0 9.55892689827884 9.55892689827884
83 1 8 1.0 13.734791927877684 13.734791927877684
84 1 15 1.0 30.323695983612147 30.323695983612147
85 0 6 0.0 6.0 0.0
86 0 100 0.0 0.0 0.0
87 0 100 0.0 0.0 0.0
88 9 121 1814.8473014962385 30706.127839836652 55726933.24952607
89 1 6 1.0 9.55892689827884 9.55892689827884
90 0 11 0.0 11.0 0.0
91 0 100 0.0 0.0 0.0
92 0 100 0.0 0.0 0.0
93 0 100 0.0 0.0 0.0
94 0 6 0.0 6.0 0.0
95 0 6 0.0 6.0 0.0
96 0 11 0.0 11.0 0.0
97 0 6 0.0 6.0 0.0
98 2 25 13.494214179327372 103.79546451213633 1400.6382289695412
99 0 100 0.0 0.0 0.0
100 0 100 0.0 0.0 0.0
101 3 41 57.02181064673912 363.1907597716439 20709.794732343995
102 0 100 0.0 0.0 0.0
103 3 45 57.02181064673912 421.0282951259743 24007.7957215927
104 0 100 0.0 0.0 0.0
105 0 100 0.0 0.0 0.0
106 14 247 5763.781188419757 795972.5966918325 4587811879.310011
107 0 100 0.0 0.0 0.0
108 3 49 57.02181064673912 481.96892224029307 27482.74062159892
109 5 144 312.35291035940236 969.0623078155637 302689.43216579035
110 17 273 9095.850952291546 2424109.826939973 22049341677.83125
111 0 100 0.0 0.0 0.0
112 1 100 1.0 0.0 0.0
113 1 100 1.0 0.0 0.0
114 1 103 1.0 3.9914906122521803 3.9914906122521803
115 10 132 2424.408141701412 52013.27544633191 126101408.46864523
116 6 172 552.5626438069447 3572.3109038912485 1973925.5575545246
117 8 163 1300.1508247099457 39951.73547253033 51943281.8232039
118 1 13 1.0 25.320989780782124 25.320989780782124
119 0 100 0.0 0.0 0.0
120 0 100 0.0 0.0 0.0
121 2 115 13.494214179327372 49.68406405407534 670.4474016451129
122 5 111 312.35291035940236 5207.131000429813 1626462.5226069186
123 2 39 13.494214179327372 197.11162840858907 2659.8665309814905
124 5 72 312.35291035940236 2371.3580183097592 740700.5785231582
125 4 137 151.22372397683895 480.38255499420245 72645.23889973194
126 9 158 1814.8473014962385 54558.58518037661 99015501.08805917
127 0 9 0.0 9.0 0.0
128 1 7 1.0 11.607984241186918 11.607984241186918
129 2 37 13.494214179327372 182.69988024795316 2465.3913146033424
130 1 106 1.0 9.55892689827884 9.55892689827884
131 3 32 57.02181064673912 245.06238675558936 13973.901014215166
132 12 289 3920.792982031498 611497.1828724915 2397553863.1384964
133 18 253 10336.717591947081 2585179.8416463374 26722273947.492664
134 14 205 5763.781188419757 502661.10893865814 2897228643.850852
135 1 12 1.0 22.891970023971037 22.891970023971037
136 1 109 1.0 15.931997307697284 15.931997307697284
137 2 13 13.494214179327372 40.41888428935346 545.4210814899858
138 0 100 0.0 0.0 0.0
139 5 91 312.35291035940236 3629.2296992039956 1133600.4589091465
140 2 21 13.494214179327372 80.71796600694597 1089.2255214173952
141 2 105 13.494214179327372 10.188005914414083 137.47913386935764
142 3 57 57.02181064673912 612.7419199112477 34939.653732498555
143 0 100 0.0 0.0 0.0
144 15 223 6803.971395961631 826718.1208666635 5624966446.899929
145 13 273 4801.088521889328 743872.593067653 3571398168.32516
146 21 307 14374.256054893494 9312355.543241898 133858183052.76584
147 2 124 13.494214179327372 97.86086952638261 1320.555533164218
148 0 100 0.0 0.0 0.0
149 12 308 3920.792982031498 710257.1622614001 2784771297.232105
150 13 231 4801.088521889328 497325.9591017296 2387705953.8809156
151 1 105 1.0 7.59708563275366 7.59708563275366
152 4 136 151.22372397683895 458.3949685466225 69320.19419586622
153 4 54 151.22372397683895 916.9626779842689 138666.51091255614
154 3 55 57.02181064673912 578.9666715492328 33013.72791585315
155 17 262 9095.850952291546 2176417.9436832084 19796373225.635323
156 1 28 1.0 66.57403288693754 66.57403288693754
157 1 103 1.0 3.9914906122521803 3.9914906122521803
158 12 143 3920.792982031498 116927.42578684344 458448230.43206453
159 10 267 2424.408141701412 87756.07261047284 212756536.92057064
160 14 305 5763.781188419757 1339091.5207389493 7718230516.807561
161 5 75 312.35291035940236 2553.9502583266267 797733.7961014693
162 11 155 3127.3197986346404 103420.77350456103 323429832.57092255
163 4 55 151.22372397683895 946.1899645328139 143086.37002616527
164 5 47 312.35291035940236 1092.4547337912052 341231.4155355891
165 13 241 4801.088521889328 550807.6308293868 2644476194.1440234
166 1 104 1.0 5.735193251789799 5.735193251789799
167 2 109 13.494214179327372 23.78240930402918 320.92492484899776
168 0 100 0.0 0.0 0.0
169 16 370 7916.453847805617 1785339.8012225186 14133560139.028522
170 4 66 151.22372397683895 1292.338741426653 195432.27711807963
171 7 104 880.1589317377488 10816.0 9519799.005675491
172 4 80 151.22372397683895 1795.7178600152838 271555.1420032312
173 6 99 552.5626438069447 6569.204673563341 3629897.102133097
174 10 136 2424.408141701412 55583.77703491517 134757761.58996433
175 18 222 10336.717591947081 1823946.7102187003 18853622046.291645
176 6 99 552.5626438069447 6569.204673563341 3629897.102133097
177 4 71 151.22372397683895 1464.2230773075796 221425.26648327915
178 4 64 151.22372397683895 1226.095534977771 185414.73275071313
179 1 14 1.0 27.799106543625292 27.799106543625292
180 10 226 2424.408141701412 46901.01863245811 113707211.42662106
181 3 27 57.02181064673912 187.1321231368427 10670.612491431313
182 1 26 1.0 60.63937356224698 60.63937356224698
183 5 190 312.35291035940236 3557.085524945249 1111066.016113951
184 4 65 151.22372397683895 1259.0362466163215 190396.14983514193
185 6 78 552.5626438069447 4163.386850757332 2300532.045445541
186 9 162 1814.8473014962385 57577.89660287633 104495090.27555954
187 3 73 57.02181064673912 907.48753481702 51746.58237461219
188 11 196 3127.3197986346404 176993.10367369323 553514037.3405343
189 4 40 151.22372397683895 548.8883970182196 83004.94744477284
190 14 317 5763.781188419757 578369.2658744982 3333593894.607578
191 7 141 880.1589317377488 19881.0 17498439.721878186
192 14 335 5763.781188419757 703973.305306163 4057548094.273341
193 10 184 2424.408141701412 108870.3820957398 263946240.74305522
194 8 123 1300.1508247099457 22242.203710402715 28918219.497446705
195 7 169 880.1589317377488 4761.0 4190436.6740034223
196 11 137 3127.3197986346404 77959.47955253888 243804223.89590725
197 12 177 3920.792982031498 193080.10141779442 757027106.6088183
198 3 53 57.02181064673912 545.90532331836 31128.509977306425
199 5 120 312.35291035940236 5999.610526318716 1873995.808918557
