0 0 100 0.0 0.0 0.0
1 0 5 0.0 5.0 0.0
2 1 14 1.0 27.799106543625292 27.799106543625292
3 3 55 32.9215577265747 578.9666715492328 19060.48469917088
4 1 16 1.0 32.892441635375256 32.892441635375256
5 1 36 1.0 91.37308344663872 91.37308344663872
6 1 5 1.0 7.59708563275366 7.59708563275366
7 0 100 0.0 0.0 0.0
8 1 14 1.0 27.799106543625292 27.799106543625292
9 1 11 1.0 20.51504931294799 20.51504931294799
10 0 100 0.0 0.0 0.0
11 0 6 0.0 6.0 0.0
12 0 10 0.0 10.0 0.0
13 1 15 1.0 30.323695983612147 30.323695983612147
14 3 36 32.9215577265747 295.444715883087 9726.500268956508
15 2 24 9.541850352986048 97.86086952638261 933.7737724338355
16 0 100 0.0 0.0 0.0
17 0 5 0.0 5.0 0.0
18 4 32 75.61186198841948 374.7746947170294 28337.41249369607
19 0 11 0.0 11.0 0.0
20 1 36 1.0 91.37308344663872 91.37308344663872
21 0 100 0.0 0.0 0.0
22 0 11 0.0 11.0 0.0
23 1 14 1.0 27.799106543625292 27.799106543625292
24 0 100 0.0 0.0 0.0
25 0 6 0.0 6.0 0.0
26 1 10 1.0 18.1937008646705 18.1937008646705
27 0 100 0.0 0.0 0.0
28 0 5 0.0 5.0 0.0
29 0 9 0.0 9.0 0.0
30 1 28 1.0 66.57403288693754 66.57403288693754
31 0 100 0.0 0.0 0.0
32 0 100 0.0 0.0 0.0
33 0 100 0.0 0.0 0.0
34 0 6 0.0 6.0 0.0
35 0 100 0.0 0.0 0.0
36 1 15 1.0 30.323695983612147 30.323695983612147
37 0 8 0.0 8.0 0.0
38 1 13 1.0 25.320989780782124 25.320989780782124
39 1 16 1.0 32.892441635375256 32.892441635375256
40 2 21 9.541850352986048 80.71796600694597 770.1987524356932
41 2 17 9.541850352986048 59.51335422080222 567.8675199791454
42 0 10 0.0 10.0 0.0
43 0 100 0.0 0.0 0.0
44 5 54 139.6884681067044 1405.9451433371921 196394.3233148333
45 0 100 0.0 0.0 0.0
46 1 100 1.0 0.0 0.0
47 0 100 0.0 0.0 0.0
48 0 10 0.0 10.0 0.0
49 0 12 0.0 12.0 0.0
50 0 100 0.0 0.0 0.0
51 0 100 0.0 0.0 0.0
52 2 28 9.541850352986048 122.22584512913716 1166.2607234894754
53 0 100 0.0 0.0 0.0
54 1 20 1.0 43.57075425423803 43.57075425423803
55 0 100 0.0 0.0 0.0
56 1 24 1.0 54.8222930413608 54.8222930413608
57 0 100 0.0 0.0 0.0
58 5 65 139.6884681067044 1969.1653870843556 275069.6963705592
59 2 9 9.541850352986048 23.78240930402918 226.9281906125095
60 1 107 1.0 11.607984241186918 11.607984241186918
61 0 5 0.0 5.0 0.0
62 1 53 1.0 148.74811262526265 148.74811262526265
63 0 100 0.0 0.0 0.0
64 1 8 1.0 13.734791927877684 13.734791927877684
65 2 34 9.541850352986048 161.72412498062124 1543.1473990327004
66 0 100 0.0 0.0 0.0
67 0 100 0.0 0.0 0.0
68 0 100 0.0 0.0 0.0
69 4 42 75.61186198841948 596.6466987883373 45113.56784462985
70 2 32 9.541850352986048 148.1842032776824 1413.95149235211
71 0 100 0.0 0.0 0.0
72 0 100 0.0 0.0 0.0
73 0 100 0.0 0.0 0.0
74 1 10 1.0 18.1937008646705 18.1937008646705
75 0 100 0.0 0.0 0.0
76 2 10 9.541850352986048 27.685321443873434 264.16919419175593
77 0 9 0.0 9.0 0.0
78 1 10 1.0 18.1937008646705 18.1937008646705
79 0 100 0.0 0.0 0.0
80 2 72 9.541850352986048 477.2401734727425 4553.754317710011
81 0 8 0.0 8.0 0.0
82 1 37 1.0 94.5824071263594 94.5824071263594
83 0 100 0.0 0.0 0.0
84 0 19 0.0 19.0 0.0
85 2 29 9.541850352986048 128.5709592386038 1226.8048527946264
86 2 57 9.541850352986048 340.72951581223015 3251.1900507256933
87 0 100 0.0 0.0 0.0
88 0 100 0.0 0.0 0.0
89 1 8 1.0 13.734791927877684 13.734791927877684
90 3 44 32.9215577265747 406.27351121486885 13375.156852238497
91 0 10 0.0 10.0 0.0
92 0 100 0.0 0.0 0.0
93 0 10 0.0 10.0 0.0
94 0 5 0.0 5.0 0.0
95 0 5 0.0 5.0 0.0
96 1 12 1.0 22.891970023971037 22.891970023971037
97 0 5 0.0 5.0 0.0
98 0 6 0.0 6.0 0.0
99 2 31 9.541850352986048 141.5519192260369 1350.6672304328126
100 1 100 1.0 0.0 0.0
101 0 100 0.0 0.0 0.0
102 2 23 9.541850352986048 92.0346545141889 878.1809006631623
103 2 39 9.541850352986048 197.11162840858907 1880.8096611081503
104 1 43 1.0 114.29870016819844 114.29870016819844
105 1 7 1.0 11.607984241186918 11.607984241186918
106 0 100 0.0 0.0 0.0
107 0 6 0.0 6.0 0.0
108 1 19 1.0 40.84402933782601 40.84402933782601
109 0 8 0.0 8.0 0.0
110 2 21 9.541850352986048 80.71796600694597 770.1987524356932
111 2 26 9.541850352986048 109.8359986590007 1048.0386625749609
112 1 107 1.0 11.607984241186918 11.607984241186918
113 0 6 0.0 6.0 0.0
114 1 7 1.0 11.607984241186918 11.607984241186918
115 0 100 0.0 0.0 0.0
116 0 100 0.0 0.0 0.0
117 1 17 1.0 35.503281577765854 35.503281577765854
118 1 8 1.0 13.734791927877684 13.734791927877684
119 2 32 9.541850352986048 148.1842032776824 1413.95149235211
120 0 100 0.0 0.0 0.0
121 1 12 1.0 22.891970023971037 22.891970023971037
122 3 51 32.9215577265747 513.5688732735056 16907.48730804564
123 2 35 9.541850352986048 168.62869283493262 1609.0297522505775
124 1 11 1.0 20.51504931294799 20.51504931294799
125 1 14 1.0 27.799106543625292 27.799106543625292
126 3 34 32.9215577265747 269.81820202916316 8882.83551378369
127 1 12 1.0 22.891970023971037 22.891970023971037
128 2 29 9.541850352986048 128.5709592386038 1226.8048527946264
129 0 100 0.0 0.0 0.0
130 1 19 1.0 40.84402933782601 40.84402933782601
131 4 71 75.61186198841948 1464.2230773075796 110712.63324163957
132 0 100 0.0 0.0 0.0
133 2 29 9.541850352986048 128.5709592386038 1226.8048527946264
134 2 48 9.541850352986048 265.93129728965954 2537.4766429133756
135 2 29 9.541850352986048 128.5709592386038 1226.8048527946264
136 3 76 32.9215577265747 967.3986454236635 31848.270349925308
137 2 21 9.541850352986048 80.71796600694597 770.1987524356932
138 0 100 0.0 0.0 0.0
139 2 125 9.541850352986048 103.79546451213633 990.4007896934788
140 1 6 1.0 9.55892689827884 9.55892689827884
141 2 28 9.541850352986048 122.22584512913716 1166.2607234894754
142 2 35 9.541850352986048 168.62869283493262 1609.0297522505775
143 1 30 1.0 72.61998620345668 72.61998620345668
144 3 74 32.9215577265747 927.3002957027797 30528.17021484885
145 1 37 1.0 94.5824071263594 94.5824071263594
146 1 22 1.0 49.12998068819353 49.12998068819353
147 2 31 9.541850352986048 141.5519192260369 1350.6672304328126
148 1 30 1.0 72.61998620345668 72.61998620345668
149 2 48 9.541850352986048 265.93129728965954 2537.4766429133756
150 2 35 9.541850352986048 168.62869283493262 1609.0297522505775
151 2 24 9.541850352986048 97.86086952638261 933.7737724338355
152 3 77 32.9215577265747 987.6825062906825 32516.04664637668
153 2 45 9.541850352986048 242.29532664846576 2311.945748107533
154 1 41 1.0 107.64164596635766 107.64164596635766
155 2 21 9.541850352986048 80.71796600694597 770.1987524356932
156 0 100 0.0 0.0 0.0
157 1 20 1.0 43.57075425423803 43.57075425423803
158 1 35 1.0 88.18685030395203 88.18685030395203
159 2 43 9.541850352986048 226.91812071099523 2165.21875020514
160 0 100 0.0 0.0 0.0
161 2 27 9.541850352986048 115.98017876588344 1106.66550969663
162 2 24 9.541850352986048 97.86086952638261 933.7737724338355
163 2 52 9.541850352986048 298.47302352672085 2847.984924895254
164 3 61 32.9215577265747 682.3928350558612 22465.435111492498
165 3 39 32.9215577265747 335.47304520277595 11044.29522335299
166 3 80 32.9215577265747 1049.4627962762117 34549.95002949981
167 1 106 1.0 9.55892689827884 9.55892689827884
168 3 104 32.9215577265747 1591.6253392627782 52398.78548561859
169 2 47 9.541850352986048 257.9778488812911 2461.586028410529
170 1 12 1.0 22.891970023971037 22.891970023971037
171 1 19 1.0 40.84402933782601 40.84402933782601
172 1 24 1.0 54.8222930413608 54.8222930413608
173 2 14 9.541850352986048 44.97826169706515 429.17584225083993
174 3 58 32.9215577265747 629.8939717412368 20737.090752300537
175 2 20 9.541850352986048 75.23327232919837 717.8646261306569
176 2 43 9.541850352986048 226.91812071099523 2165.21875020514
177 2 36 9.541850352986048 175.6210676402407 1675.7499462548174
178 3 43 32.9215577265747 391.71440685113555 12895.848457480626
179 2 12 9.541850352986048 36.01211998010309 343.62225974392254
180 2 78 9.541850352986048 535.6395391463575 5110.992325676955
181 4 35 75.61186198841948 436.83679879622173 33030.043742042886
182 4 77 75.61186198841948 1682.1075637745857 127187.28496180048
183 2 42 9.541850352986048 219.34644070399202 2092.9709126576195
184 4 62 75.61186198841948 1161.3060165688764 87808.51025112707
185 4 79 75.61186198841948 1757.505455801544 132888.25996796062
186 2 25 9.541850352986048 103.79546451213633 990.4007896934788
187 2 42 9.541850352986048 219.34644070399202 2092.9709126576195
188 2 23 9.541850352986048 92.0346545141889 878.1809006631623
189 2 48 9.541850352986048 265.93129728965954 2537.4766429133756
190 1 33 1.0 81.88562674252243 81.88562674252243
191 4 72 75.61186198841948 1499.6637502850892 113392.36851559173
192 1 28 1.0 66.57403288693754 66.57403288693754
193 4 56 75.61186198841948 975.7969952136767 73781.82773081094
194 2 68 9.541850352986048 439.47602925740523 4193.414504898678
195 2 23 9.541850352986048 92.0346545141889 878.1809006631623
196 2 21 9.541850352986048 80.71796600694597 770.1987524356932
197 1 8 1.0 13.734791927877684 13.734791927877684
198 1 10 1.0 18.1937008646705 18.1937008646705
199 1 19 1.0 40.84402933782601 40.84402933782601
