0 0 100 0.0 0.0 0.0
1 2 65 9.541850352986048 411.78783219395143 3929.2178719752146
2 0 100 0.0 0.0 0.0
3 2 47 9.541850352986048 257.9778488812911 2461.586028410529
4 18 555 2436.3877014920204 12377758.16243356 30157017758.995594
5 1 114 1.0 27.799106543625292 27.799106543625292
6 21 423 3136.7198300107975 22861725.457171127 71710827589.77135
7 0 100 0.0 0.0 0.0
8 3 44 32.9215577265747 406.27351121486885 13375.156852238497
9 0 8 0.0 8.0 0.0
10 0 100 0.0 0.0 0.0
11 18 598 2436.3877014920204 25665753.410179798 62531725958.08894
12 1 35 1.0 88.18685030395203 88.18685030395203
13 0 18 0.0 18.0 0.0
14 0 100 0.0 0.0 0.0
15 0 5 0.0 5.0 0.0
16 0 100 0.0 0.0 0.0
17 0 100 0.0 0.0 0.0
18 1 125 1.0 57.71571011139208 57.71571011139208
19 2 105 9.541850352986048 10.188005914414083 97.21242783067595
20 0 100 0.0 0.0 0.0
21 0 6 0.0 6.0 0.0
22 2 99 9.541850352986048 755.4470017622442 7208.362240427321
23 0 100 0.0 0.0 0.0
24 23 534 3602.4235623004615 73720863.22465046 265573774713.61038
25 28 660 4724.12231882448 459761153.7036708 2171967927540.0037
26 0 100 0.0 0.0 0.0
27 0 100 0.0 0.0 0.0
28 1 109 1.0 15.931997307697284 15.931997307697284
29 2 28 9.541850352986048 122.22584512913716 1166.2607234894754
30 0 100 0.0 0.0 0.0
31 26 477 4285.277943143774 108531333.0 465086927444.89197
32 0 100 0.0 0.0 0.0
33 0 6 0.0 6.0 0.0
34 0 10 0.0 10.0 0.0
35 31 568 5350.621552679651 555278542.1589221 2971085335416.065
36 0 5 0.0 5.0 0.0
37 27 632 4506.6139001521815 319614587.91749495 1440379544600.3943
38 0 100 0.0 0.0 0.0
39 1 18 1.0 38.15436697768484 38.15436697768484
40 1 8 1.0 13.734791927877684 13.734791927877684
41 0 5 0.0 5.0 0.0
42 0 5 0.0 5.0 0.0
43 0 100 0.0 0.0 0.0
44 1 111 1.0 20.51504931294799 20.51504931294799
45 0 6 0.0 6.0 0.0
46 3 66 32.9215577265747 773.2963448216119 25458.12025579391
47 23 413 3602.4235623004615 35132226.65185482 126561161086.72206
48 21 622 3136.7198300107975 67345803.60507077 211244917636.03815
49 9 263 604.9491004987461 163544.75211768437 98936250.68488356
50 1 22 1.0 49.12998068819353 49.12998068819353
51 0 100 0.0 0.0 0.0
52 1 115 1.0 30.323695983612147 30.323695983612147
53 0 100 0.0 0.0 0.0
54 1 117 1.0 35.503281577765854 35.503281577765854
55 1 104 1.0 5.735193251789799 5.735193251789799
56 1 10 1.0 18.1937008646705 18.1937008646705
57 1 54 1.0 152.29279760785363 152.29279760785363
58 9 274 604.9491004987461 67160.9800884193 40628974.49310345
59 27 836 4506.6139001521815 747376358.1121714 3368136684113.4263
60 0 100 0.0 0.0 0.0
61 0 100 0.0 0.0 0.0
62 1 16 1.0 32.892441635375256 32.892441635375256
63 1 16 1.0 32.892441635375256 32.892441635375256
64 0 100 0.0 0.0 0.0
65 0 6 0.0 6.0 0.0
66 2 18 9.541850352986048 64.62733255388774 616.6643359418604
67 9 243 604.9491004987461 137921.79877981238 83435668.11101656
68 0 100 0.0 0.0 0.0
69 2 19 9.541850352986048 69.8685662777562 666.6754038000371
70 0 100 0.0 0.0 0.0
71 1 18 1.0 38.15436697768484 38.15436697768484
72 19 489 2668.9360872348193 19948366.7298752 53240915846.75836
73 1 112 1.0 22.891970023971037 22.891970023971037
74 1 17 1.0 35.503281577765854 35.503281577765854
75 3 57 32.9215577265747 612.7419199112477 20172.41848785035
76 0 100 0.0 0.0 0.0
77 1 56 1.0 159.43324825478544 159.43324825478544
78 1 26 1.0 60.63937356224698 60.63937356224698
79 0 100 0.0 0.0 0.0
80 1 18 1.0 38.15436697768484 38.15436697768484
81 0 100 0.0 0.0 0.0
82 7 196 332.66880679862265 9216.0 3065875.723456106
83 5 136 139.6884681067044 672.9601112794846 94004.76704154853
84 25 558 4060.496712466729 137054410.41376308 556508982914.1509
85 0 100 0.0 0.0 0.0
86 1 106 1.0 9.55892689827884 9.55892689827884
87 3 133 32.9215577265747 257.33012181535685 8471.708460130769
88 2 44 9.541850352986048 234.56808185291177 2238.2135346274663
89 0 100 0.0 0.0 0.0
90 1 103 1.0 3.9914906122521803 3.9914906122521803
91 0 100 0.0 0.0 0.0
92 0 100 0.0 0.0 0.0
93 0 100 0.0 0.0 0.0
94 0 10 0.0 10.0 0.0
95 0 100 0.0 0.0 0.0
96 12 185 1131.8354418063404 214229.6252136221 242472682.5016667
97 1 6 1.0 9.55892689827884 9.55892689827884
98 1 118 1.0 38.15436697768484 38.15436697768484
99 38 872 6636.579650383532 9373745369.55194 62209607767445.27
100 5 256 139.6884681067044 9664.332654479063 1349995.8237777804
101 0 100 0.0 0.0 0.0
102 32 612 5549.980220652734 868162166.1625402 4818282850521.13
103 31 848 5350.621552679651 1981879807.7318497 10604288814070.639
104 10 316 766.6651705632711 155517.2846853203 119229685.58880788
105 29 505 4937.473672561782 251046888.5579256 1239537402833.3093
106 28 639 4724.12231882448 416281864.4278491 1966566446665.4685
107 1 106 1.0 9.55892689827884 9.55892689827884
108 31 624 5350.621552679651 748441596.0200498 4004627734586.8354
109 14 247 1540.4353185285338 795972.5966918325 1226144300.5249672
110 29 512 4937.473672561782 262018339.56496826 1293708653330.384
111 1 23 1.0 51.960050539976365 51.960050539976365
112 24 603 3832.71054120725 134802249.20499521 516658001506.4318
113 38 771 6636.579650383532 6174642864.134429 40978509180500.44
114 44 1010 7528.2761260995885 48534502127.899864 365381133661598.25
115 30 826 5146.386239304723 1456614685.1421323 7496301771584.651
116 48 1157 8016.77096497358 162059036341.81854 1299190177156689.0
117 3 119 32.9215577265747 107.12598084817145 3526.754162509012
118 40 1034 6955.50474228233 24815423612.393612 172603796617748.7
119 51 1187 8330.590095344352 298828221152.6455 2489415419343600.5
120 36 780 6295.82243666837 4336115402.524065 27299412639194.31
121 3 116 32.9215577265747 81.54950460903234 2684.7367235598276
122 25 486 4060.496712466729 91022631.071268 369597094224.9557
123 0 100 0.0 0.0 0.0
124 23 506 3602.4235623004615 63113147.87945759 227360291011.91144
125 23 452 3602.4235623004615 45576873.86326913 164187204301.03677
126 20 406 2902.6872563902634 15729884.681808986 45658935810.37536
127 9 154 604.9491004987461 51626.24357981338 31231249.615737274
128 31 605 5350.621552679651 678457763.0005077 3630170729293.3394
129 36 705 6295.82243666837 3095979050.286028 19491734368246.004
130 19 501 2668.9360872348193 21305272.09428362 56862409540.79051
131 18 294 2436.3877014920204 3859598.119143505 9403477390.18297
132 20 627 2902.6872563902634 52173388.79842291 151443030787.8767
133 20 406 2902.6872563902634 15729884.681808986 45658935810.37536
134 46 927 7782.801884860074 51012279015.974655 397018461276535.56
135 37 746 6468.923834840442 4550690381.553004 29438069474207.375
136 35 722 6117.310290426031 2745881964.978534 16797412000658.44
137 26 760 4285.277943143774 438976000.0 1881134170369.4812
138 31 639 5350.621552679651 807067812.437602 4318314431702.652
139 34 726 5933.442745663244 2281988206.1739793 13540046367612.076
140 37 792 6468.923834840442 5564713013.538839 35997704647328.18
141 36 674 6295.82243666837 2665154056.952729 16779336708940.723
142 20 556 2902.6872563902634 37450119.554959804 108705984782.47363
143 26 727 4285.277943143774 384240583.0 1646577695190.6045
144 42 900 7252.650449022947 22381411774.59136 162324556156757.5
145 40 936 6955.50474228233 17603726298.024284 122442801747748.08
146 16 414 1979.1134619514044 5358519.307437436 10605117697.475945
147 32 658 5549.980220652734 1095358552.261528 6079218299574.294
148 38 884 6636.579650383532 9818443320.913523 65160881142018.79
149 26 680 4285.277943143774 314432000.0 1347428514218.583
150 46 928 7782.801884860074 51211150254.72195 398566236728302.44
151 30 784 5146.386239304723 1236370064.558078 6362837886929.984
152 27 657 4506.6139001521815 359573708.0817512 1620459870970.483
153 20 482 2902.6872563902634 25253602.495190084 73303310140.73361
154 33 673 5744.298091538941 1451011906.928928 8335044927772.12
155 38 745 6636.579650383532 5496537790.95767 36478210851033.73
156 0 100 0.0 0.0 0.0
157 33 704 5744.298091538941 1678919957.1420436 9644216705657.682
158 21 432 3136.7198300107975 24250969.972542107 76068498409.86923
159 33 716 5744.298091538941 1773413126.3993905 10187013637486.125
160 11 279 942.9223974109915 143795.70085563886 135588186.98819277
161 21 343 3136.7198300107975 12705560.810912099 39853784546.99605
162 39 907 6798.773358825962 13027906744.830818 88573785298024.83
163 41 969 7106.788070274764 24018231103.200882 170692478273330.3
164 10 269 766.6651705632711 253349.8758109059 194234525.75075173
165 35 750 6117.310290426031 3113458833.7091093 19045993762266.562
166 22 474 3370.209833397988 40696557.24208043 137155937402.70355
167 31 876 5350.621552679651 2197193103.025182 11756348772445.62
168 48 1177 8016.77096497358 172547966200.36786 1383277525500351.8
169 37 638 6468.923834840442 2689912433.4067574 17400838654098.627
170 42 1069 7252.650449022947 40899181562.30059 296627467522490.44
171 41 872 7106.788070274764 16646144157.525608 118300618714776.95
172 21 323 3136.7198300107975 10737029.74267018 33679054109.249287
173 31 770 5350.621552679651 1458937969.9412982 7806224945990.607
174 16 384 1979.1134619514044 4416144.763786667 8740051551.936398
175 25 562 4060.496712466729 139985490.7109734 568410624824.9493
176 1 39 1.0 101.06849300292524 101.06849300292524
177 23 468 3602.4235623004615 50387390.62217563 181516723220.16278
178 48 1143 8016.77096497358 154997977895.75192 1242583288824280.8
179 36 864 6295.82243666837 6096986878.239807 38385546784094.82
180 15 264 1756.7778603087352 1264909.7027781648 2222165361.1303825
181 26 808 4285.277943143774 527514112.0 2260544588850.6743
182 24 452 3832.71054120725 58032580.27186338 222422082141.42667
183 18 431 2436.3877014920204 10711332.262639869 26096958191.290474
184 35 667 6117.310290426031 2113771535.5706425 12930596366155.926
185 39 850 6798.773358825962 10434503796.865004 70941826426694.12
186 34 842 5933.442745663244 3705867003.7566032 21988549689832.4
187 26 617 4285.277943143774 234885113.0 1006547993911.7329
188 31 748 5350.621552679651 1330665323.1475582 7119886557436.758
189 31 552 5350.621552679651 507123753.04869515 2713427282938.141
190 23 576 3602.4235623004615 91714136.43414856 330393166086.416
191 27 601 4506.6139001521815 274346595.9521151 1236374182777.236
192 32 565 5549.980220652734 671877154.41956 3728904917737.0005
193 26 478 4285.277943143774 109215352.0 468018138978.28326
194 45 1022 7658.1450374688 60674558536.06487 464654569353575.44
195 16 451 1979.1134619514044 6677828.794879909 13216180864.55355
196 27 610 4506.6139001521815 287013192.8860835 1293457644587.4832
197 25 725 4060.496712466729 297673448.5402574 1208702059186.349
198 8 167 459.67273235884244 42018.11591959734 19314582.153331883
199 1 28 1.0 66.57403288693754 66.57403288693754
