0 1 114 1.0 27.799106543625292 27.799106543625292
1 1 22 1.0 49.12998068819353 49.12998068819353
2 0 10 0.0 10.0 0.0
3 1 23 1.0 51.960050539976365 51.960050539976365
4 1 25 1.0 57.71571011139208 57.71571011139208
5 6 71 225.58275470837765 3478.001961782023 784577.2634199304
6 1 9 1.0 15.931997307697284 15.931997307697284
7 48 992 8016.77096497358 92289495529.57175 739863748133529.8
8 0 10 0.0 10.0 0.0
9 26 376 4285.277943143774 53157376.0 227794130888.2002
10 0 100 0.0 0.0 0.0
11 0 100 0.0 0.0 0.0
12 0 100 0.0 0.0 0.0
13 24 647 3832.71054120725 101373282.47235106 388534448328.56006
14 32 778 5549.980220652734 1874633202.1206887 10404177192748.72
15 0 100 0.0 0.0 0.0
16 0 6 0.0 6.0 0.0
17 0 100 0.0 0.0 0.0
18 1 34 1.0 85.02419427196995 85.02419427196995
19 3 59 32.9215577265747 647.2206215128941 21307.511052966296
20 3 151 32.9215577265747 513.5688732735056 16907.48730804564
21 31 865 5350.621552679651 2110789461.7819674 11294035587379.676
22 0 100 0.0 0.0 0.0
23 0 6 0.0 6.0 0.0
24 0 6 0.0 6.0 0.0
25 43 980 7393.130324549447 36313657816.679985 268471604799808.88
26 7 140 332.66880679862265 19600.0 6520308.613253004
27 1 17 1.0 35.503281577765854 35.503281577765854
28 0 5 0.0 5.0 0.0
29 5 242 139.6884681067044 8146.432667329131 1137962.69983362
30 26 664 4285.277943143774 292754944.0 1254536304269.4907
31 11 221 942.9223974109915 232979.898453666 219681964.3985001
32 0 100 0.0 0.0 0.0
33 2 73 9.541850352986048 486.8291720253608 4645.251106934094
34 9 332 604.9491004987461 124821.49317104566 75510650.01673445
35 0 10 0.0 10.0 0.0
36 1 30 1.0 72.61998620345668 72.61998620345668
37 4 113 75.61186198841948 3241.266607422014 245078.20338806594
38 1 104 1.0 5.735193251789799 5.735193251789799
39 2 109 9.541850352986048 23.78240930402918 226.9281906125095
40 1 114 1.0 27.799106543625292 27.799106543625292
41 4 146 75.61186198841948 697.0692055589992 52706.70056710426
42 0 100 0.0 0.0 0.0
43 0 10 0.0 10.0 0.0
44 0 100 0.0 0.0 0.0
45 0 100 0.0 0.0 0.0
46 0 100 0.0 0.0 0.0
47 7 243 332.66880679862265 20449.0 6802744.430225034
48 0 100 0.0 0.0 0.0
49 2 104 9.541850352986048 7.384494371244687 70.4617402228846
50 0 100 0.0 0.0 0.0
51 10 236 766.6651705632711 189369.07215354725 145182672.0020077
52 0 10 0.0 10.0 0.0
53 41 899 7106.788070274764 18507484360.35459 131528769062964.78
54 0 100 0.0 0.0 0.0
55 4 63 75.61186198841948 1193.5182370479756 90244.13622033325
56 1 10 1.0 18.1937008646705 18.1937008646705
57 7 99 332.66880679862265 9801.0 3260486.9754333007
58 1 16 1.0 32.892441635375256 32.892441635375256
59 1 105 1.0 7.59708563275366 7.59708563275366
60 0 100 0.0 0.0 0.0
61 0 100 0.0 0.0 0.0
62 0 100 0.0 0.0 0.0
63 5 200 139.6884681067044 4307.65770069211 601730.1053377293
64 10 184 766.6651705632711 108870.3820957398 83467130.05871885
65 1 104 1.0 5.735193251789799 5.735193251789799
66 0 6 0.0 6.0 0.0
67 4 158 75.61186198841948 1036.142416344768 78344.65738500807
68 18 398 2436.3877014920204 8660286.827042961 21099816316.800823
69 0 9 0.0 9.0 0.0
70 0 5 0.0 5.0 0.0
71 0 100 0.0 0.0 0.0
72 3 158 32.9215577265747 629.8939717412368 20737.090752300537
73 48 877 8016.77096497358 58794298990.00247 471340429049027.3
74 34 929 5933.442745663244 5111827737.079081 30330737203652.027
75 2 120 9.541850352986048 75.23327232919837 717.8646261306569
76 2 16 9.541850352986048 54.53075711894446 520.3243240639966
77 0 100 0.0 0.0 0.0
78 0 100 0.0 0.0 0.0
79 0 9 0.0 9.0 0.0
80 4 185 75.61186198841948 1991.8652456125124 150608.64005078256
81 3 160 32.9215577265747 664.7206420100937 21883.638987981092
82 1 12 1.0 22.891970023971037 22.891970023971037
83 34 683 5933.442745663244 1868865611.2864552 11088807103907.121
84 17 553 2206.0678959513543 9140006.51078338 20163474932.22557
85 0 100 0.0 0.0 0.0
86 1 36 1.0 91.37308344663872 91.37308344663872
87 0 100 0.0 0.0 0.0
88 0 100 0.0 0.0 0.0
89 0 100 0.0 0.0 0.0
90 30 747 5146.386239304723 1062169304.5459855 5466333492727.327
91 10 273 766.6651705632711 94922.67645061052 72773909.93132952
92 0 100 0.0 0.0 0.0
93 1 8 1.0 13.734791927877684 13.734791927877684
94 2 109 9.541850352986048 23.78240930402918 226.9281906125095
95 26 635 4285.277943143774 153130375.0 656206218412.8347
96 1 125 1.0 57.71571011139208 57.71571011139208
97 0 100 0.0 0.0 0.0
98 31 871 5350.621552679651 2157624297.340103 11544631067933.244
99 27 727 4506.6139001521815 488994342.66394615 2203708701745.1187
100 20 508 2902.6872563902634 29192602.503405455 84736995267.50151
101 35 727 6117.310290426031 2809172736.5150228 17184581288667.604
102 0 100 0.0 0.0 0.0
103 10 306 766.6651705632711 139957.00179851436 107300158.65538205
104 8 206 459.67273235884244 65018.6239355122 29887288.518648926
105 20 500 2902.6872563902634 27941749.592694756 81106160463.9629
106 8 173 459.67273235884244 45219.26451860866 20786062.8765261
107 27 580 4506.6139001521815 246260620.72789666 1109801536432.4436
108 2 124 9.541850352986048 97.86086952638261 933.7737724338355
109 36 904 6295.82243666837 7089392821.622754 44633558388728.22
110 0 100 0.0 0.0 0.0
111 33 662 5744.298091538941 1375576767.5809011 7901723000780.275
112 28 610 4724.12231882448 360923962.8729364 1705048948406.6172
113 24 664 3832.71054120725 178677358.86698416 684818596804.5609
114 25 508 4060.496712466729 103779269.47776236 421395382536.65283
115 14 266 1540.4353185285338 955591.7047239607 1472027212.049679
116 3 50 32.9215577265747 497.6760852315066 16384.27196908475
117 27 476 4506.6139001521815 135142436.20102784 609034781483.9814
118 46 951 7782.801884860074 55941682091.38276 435383028823056.8
119 49 969 8126.242482129881 100394716989.37044 815831814180428.5
120 32 976 5549.980220652734 3879385319.266301 21530511790218.562
121 21 634 3136.7198300107975 43921572.262482144 137769666680.97995
122 8 266 459.67273235884244 41496.44758524493 19074785.444695026
123 28 613 4724.12231882448 366405274.47758275 1730943334894.5583
124 24 471 3832.71054120725 65457670.71605806 250880304556.30887
125 50 1012 8230.818941038662 139476446643.1237 1148005378858990.8
126 24 445 3832.71054120725 55443629.063049816 212499381552.7357
127 28 753 4724.12231882448 444943769.40405923 2101968791663.6091
128 30 720 5146.386239304723 946169668.5973161 4869354562516.738
129 37 852 6468.923834840442 7113213576.36899 46014836846483.984
130 10 222 766.6651705632711 165288.37142907528 126720837.4737973
131 37 748 6468.923834840442 4591837321.476504 29704245894609.254
132 43 814 7393.130324549447 18858972297.31258 139426839981099.6
133 41 949 7106.788070274764 22338637635.96427 158755963457461.75
134 30 767 5146.386239304723 1154091765.7447543 5939401982123.693
135 19 380 2668.9360872348193 10060279.383550808 26850242694.423214
136 32 626 5549.980220652734 933486797.816515 5180833264122.115
137 36 643 6295.82243666837 2278148175.1383514 14342816395091.137
138 34 671 5933.442745663244 1763586655.4100327 10464140446891.162
139 27 573 4506.6139001521815 237345995.00342813 1069626760227.8994
140 31 498 5350.621552679651 365737415.99555933 1956922500647.2031
141 39 733 6798.773358825962 6288075719.433517 42751201679564.99
142 42 900 7252.650449022947 22381411774.59136 162324556156757.5
143 41 895 7106.788070274764 18222817331.18107 129505700816033.84
144 40 959 6955.50474228233 19140722587.52752 133133386728258.17
145 42 906 7252.650449022947 22908528411.41261 166147548869486.6
146 40 826 6955.50474228233 11438811123.418068 79562705015006.23
147 47 976 7902.318130854768 73178187718.58072 578277319591634.1
148 17 409 2206.0678959513543 6992804.448641536 15426601396.813904
149 21 528 3136.7198300107975 42552720.803206064 133475963164.32945
150 38 886 6636.579650383532 9893978566.039883 65662176812711.125
151 36 841 6295.82243666837 5572744460.071421 35085009605537.01
152 51 917 8330.590095344352 114045090979.64369 950062905337665.2
153 35 811 6117.310290426031 4030651281.9982934 24656744564487.035
154 41 1105 7106.788070274764 37914764992.94116 269452199539105.5
155 44 938 7528.2761260995885 37308550424.408165 280869069459454.66
156 34 651 5933.442745663244 1597386400.4537332 9478000749793.324
157 26 435 4285.277943143774 82312875.0 352733547674.25055
158 35 1052 6117.310290426031 9516475150.209297 58215231364958.945
159 36 747 6295.82243666837 3754409984.3486967 23637098615914.27
160 39 949 6798.773358825962 15209229744.035929 103404105992014.88
161 29 439 4937.473672561782 162461946.79864278 802151585111.4316
162 38 969 6636.579650383532 13404646493.403484 88961004138706.53
163 37 1133 6468.923834840442 13593495713.04771 87935288416935.7
164 35 712 6117.310290426031 2622294221.3363776 16041387424705.74
165 30 713 5146.386239304723 917572203.1556804 4722180959888.911
166 25 566 4060.496712466729 142957799.44676906 580479674675.0837
167 33 689 5744.298091538941 1565771868.0461857 8994260353403.066
168 31 476 5350.621552679651 316863479.5695959 1695416563042.148
169 34 662 5933.442745663244 1687382478.2274241 10011987324597.775
170 46 907 7782.801884860074 47150935343.12374 366966388461378.94
171 38 944 6636.579650383532 12267584827.541563 81414803825816.11
172 29 614 4937.473672561782 460773394.8450463 2275056506064.331
173 52 1102 8425.648590871551 267487434395.88876 2253755124693566.5
174 40 903 6955.50474228233 15554406971.610191 108188751454424.02
175 43 974 7393.130324549447 35534821518.20344 262713566543682.06
176 32 777 5549.980220652734 1866915433.420149 10361343729113.152
177 42 1046 7252.650449022947 37898449881.49615 274864209550306.7
178 1 109 1.0 15.931997307697284 15.931997307697284
179 26 588 4285.277943143774 203297472.0 871186172658.489
180 45 1180 7658.1450374688 101554760500.65996 777721085159461.6
181 45 1159 7658.1450374688 95226458226.71675 729258028504660.9
182 34 828 5933.442745663244 3508090000.884388 20815051166881.234
183 48 858 8016.77096497358 54265871576.50879 435037063643540.75
184 38 1095 6636.579650383532 20290649129.30284 134660509104603.56
185 47 1027 7902.318130854768 88058916939.44409 695869575914003.1
186 37 739 6468.923834840442 4408715282.525031 28519643372151.49
187 44 806 7528.2761260995885 21753224944.686596 163764284016758.16
188 30 658 5146.386239304723 713050512.3416672 3669633344644.3384
189 39 849 6798.773358825962 10392580583.983702 70656800003840.34
190 43 776 7393.130324549447 15930100546.752634 117773309425318.62
191 15 403 1756.7778603087352 1789961.1439168123 3144564108.4459534
192 47 1279 7902.318130854768 195486554113.80127 1544796940911813.5
193 43 968 7393.130324549447 34768031076.92869 257044584879719.06
194 37 813 6468.923834840442 6076490815.968671 39308356271608.78
195 24 519 3832.71054120725 86935572.12415412 333198883686.12866
196 37 727 6468.923834840442 4172615000.583069 26992328630884.582
197 20 361 2902.6872563902634 11375446.457049781 33019363466.628174
198 42 799 7252.650449022947 14749481613.4227 106972834446445.86
199 49 1056 8126.242482129881 137807583071.71024 1119857835916974.4
