0 0 8 0.0 8.0 0.0
1 0 5 0.0 5.0 0.0
2 0 100 0.0 0.0 0.0
3 1 12 1.0 22.891970023971037 22.891970023971037
4 0 100 0.0 0.0 0.0
5 2 12 9.541850352986048 36.01211998010309 343.62225974392254
6 5 87 139.6884681067044 3344.5706484424895 467197.95035557833
7 2 131 9.541850352986048 141.5519192260369 1350.6672304328126
8 0 5 0.0 5.0 0.0
9 0 5 0.0 5.0 0.0
10 1 6 1.0 9.55892689827884 9.55892689827884
11 1 22 1.0 49.12998068819353 49.12998068819353
12 4 132 75.61186198841948 374.7746947170294 28337.41249369607
13 2 7 9.541850352986048 16.551687764173284 157.9337277350917
14 0 100 0.0 0.0 0.0
15 2 15 9.541850352986048 49.68406405407534 474.0779041321602
16 0 100 0.0 0.0 0.0
17 1 102 1.0 2.3948263510722025 2.3948263510722025
18 1 104 1.0 5.735193251789799 5.735193251789799
19 0 100 0.0 0.0 0.0
20 1 5 1.0 7.59708563275366 7.59708563275366
21 4 67 75.61186198841948 1326.001420918201 100261.43643491513
22 0 9 0.0 9.0 0.0
23 1 100 1.0 0.0 0.0
24 0 100 0.0 0.0 0.0
25 1 103 1.0 3.9914906122521803 3.9914906122521803
26 2 16 9.541850352986048 54.53075711894446 520.3243240639966
27 1 19 1.0 40.84402933782601 40.84402933782601
28 0 100 0.0 0.0 0.0
29 0 100 0.0 0.0 0.0
30 2 31 9.541850352986048 141.5519192260369 1350.6672304328126
31 1 10 1.0 18.1937008646705 18.1937008646705
32 1 5 1.0 7.59708563275366 7.59708563275366
33 0 100 0.0 0.0 0.0
34 4 70 75.61186198841948 1429.1350405139644 108059.56144615616
35 1 112 1.0 22.891970023971037 22.891970023971037
36 0 100 0.0 0.0 0.0
37 1 37 1.0 94.5824071263594 94.5824071263594
38 0 100 0.0 0.0 0.0
39 2 35 9.541850352986048 168.62869283493262 1609.0297522505775
40 2 16 9.541850352986048 54.53075711894446 520.3243240639966
41 1 14 1.0 27.799106543625292 27.799106543625292
42 0 100 0.0 0.0 0.0
43 5 59 139.6884681067044 1651.3976308733363 230681.20529173722
44 1 102 1.0 2.3948263510722025 2.3948263510722025
45 2 17 9.541850352986048 59.51335422080222 567.8675199791454
46 0 5 0.0 5.0 0.0
47 0 100 0.0 0.0 0.0
48 0 5 0.0 5.0 0.0
49 0 100 0.0 0.0 0.0
50 1 27 1.0 63.59241768810072 63.59241768810072
51 1 23 1.0 51.960050539976365 51.960050539976365
52 2 23 9.541850352986048 92.0346545141889 878.1809006631623
53 0 100 0.0 0.0 0.0
54 0 5 0.0 5.0 0.0
55 2 59 9.541850352986048 358.10513855020525 3416.9856426813935
56 0 100 0.0 0.0 0.0
57 1 9 1.0 15.931997307697284 15.931997307697284
58 0 100 0.0 0.0 0.0
59 1 12 1.0 22.891970023971037 22.891970023971037
60 0 100 0.0 0.0 0.0
61 0 100 0.0 0.0 0.0
62 0 5 0.0 5.0 0.0
63 1 9 1.0 15.931997307697284 15.931997307697284
64 0 100 0.0 0.0 0.0
65 0 100 0.0 0.0 0.0
66 0 6 0.0 6.0 0.0
67 0 100 0.0 0.0 0.0
68 0 6 0.0 6.0 0.0
69 2 36 9.541850352986048 175.6210676402407 1675.7499462548174
70 1 102 1.0 2.3948263510722025 2.3948263510722025
71 0 100 0.0 0.0 0.0
72 0 5 0.0 5.0 0.0
73 0 5 0.0 5.0 0.0
74 2 53 9.541850352986048 306.7864203576611 2927.3101133810746
75 2 34 9.541850352986048 161.72412498062124 1543.1473990327004
76 0 6 0.0 6.0 0.0
77 0 5 0.0 5.0 0.0
78 0 100 0.0 0.0 0.0
79 0 100 0.0 0.0 0.0
80 3 29 32.9215577265747 209.61005902119368 6900.689658136957
81 4 50 75.61186198841948 803.8922494719358 60783.78982063209
82 0 6 0.0 6.0 0.0
83 0 10 0.0 10.0 0.0
84 1 16 1.0 32.892441635375256 32.892441635375256
85 1 102 1.0 2.3948263510722025 2.3948263510722025
86 0 100 0.0 0.0 0.0
87 0 5 0.0 5.0 0.0
88 6 201 225.58275470837765 6825.411756924657 1539695.1861460118
89 2 8 9.541850352986048 20.066939702021244 191.47573567908114
90 1 19 1.0 40.84402933782601 40.84402933782601
91 0 100 0.0 0.0 0.0
92 0 100 0.0 0.0 0.0
93 5 49 139.6884681067044 1178.39286145179 164607.89364407648
94 2 42 9.541850352986048 219.34644070399202 2092.9709126576195
95 2 43 9.541850352986048 226.91812071099523 2165.21875020514
96 3 37 32.9215577265747 308.57807572808247 10158.870933237406
97 0 100 0.0 0.0 0.0
98 2 31 9.541850352986048 141.5519192260369 1350.6672304328126
99 0 14 0.0 14.0 0.0
100 1 113 1.0 25.320989780782124 25.320989780782124
101 2 38 9.541850352986048 189.8638195218893 1811.6521533242187
102 3 41 32.9215577265747 363.1907597716439 11956.805563580698
103 1 103 1.0 3.9914906122521803 3.9914906122521803
104 1 29 1.0 69.58346013935528 69.58346013935528
105 0 5 0.0 5.0 0.0
106 6 84 225.58275470837765 4797.4874870676995 1082230.443011704
107 0 6 0.0 6.0 0.0
108 3 45 32.9215577265747 421.0282951259743 13860.907322511091
109 3 51 32.9215577265747 513.5688732735056 16907.48730804564
110 1 19 1.0 40.84402933782601 40.84402933782601
111 2 20 9.541850352986048 75.23327232919837 717.8646261306569
112 7 154 332.66880679862265 23716.0 7889573.422036135
113 2 27 9.541850352986048 115.98017876588344 1106.66550969663
114 3 126 32.9215577265747 176.25042831919396 5802.438650243859
115 3 41 32.9215577265747 363.1907597716439 11956.805563580698
116 0 100 0.0 0.0 0.0
117 2 19 9.541850352986048 69.8685662777562 666.6754038000371
118 6 95 225.58275470837765 6070.84515091352 1369477.9725510685
119 5 88 139.6884681067044 3414.7546568712237 477001.8469785762
120 3 47 32.9215577265747 451.11773253603667 14851.498473166615
121 0 100 0.0 0.0 0.0
122 0 100 0.0 0.0 0.0
123 1 100 1.0 0.0 0.0
124 4 63 75.61186198841948 1193.5182370479756 90244.13622033325
125 1 19 1.0 40.84402933782601 40.84402933782601
126 1 11 1.0 20.51504931294799 20.51504931294799
127 1 103 1.0 3.9914906122521803 3.9914906122521803
128 2 45 9.541850352986048 242.29532664846576 2311.945748107533
129 4 40 75.61186198841948 548.8883970182196 41502.47372238642
130 3 52 32.9215577265747 529.6457757489877 17436.763980956737
131 3 38 32.9215577265747 321.92161897300775 10598.16116245226
132 2 26 9.541850352986048 109.8359986590007 1048.0386625749609
133 0 100 0.0 0.0 0.0
134 1 27 1.0 63.59241768810072 63.59241768810072
135 5 77 139.6884681067044 2679.0520099722326 374232.6712512085
136 0 100 0.0 0.0 0.0
137 4 81 75.61186198841948 1834.2709028460106 138692.63835536616
138 4 72 75.61186198841948 1499.6637502850892 113392.36851559173
139 7 89 332.66880679862265 7921.0 2635069.61865189
140 2 118 9.541850352986048 64.62733255388774 616.6643359418604
141 8 117 459.67273235884244 20044.718154360755 9214010.3633779
142 0 100 0.0 0.0 0.0
143 0 5 0.0 5.0 0.0
144 4 73 75.61186198841948 1535.4556318691968 116098.65932623514
145 1 104 1.0 5.735193251789799 5.735193251789799
146 6 106 225.58275470837765 7486.36063642395 1688793.855104878
147 4 72 75.61186198841948 1499.6637502850892 113392.36851559173
148 1 105 1.0 7.59708563275366 7.59708563275366
149 1 19 1.0 40.84402933782601 40.84402933782601
150 0 100 0.0 0.0 0.0
151 1 104 1.0 5.735193251789799 5.735193251789799
152 7 99 332.66880679862265 9801.0 3260486.9754333007
153 1 26 1.0 60.63937356224698 60.63937356224698
154 3 48 32.9215577265747 466.4489382157433 15356.225645969067
155 1 101 1.0 1.0 1.0
156 2 36 9.541850352986048 175.6210676402407 1675.7499462548174
157 3 44 32.9215577265747 406.27351121486885 13375.156852238497
158 0 100 0.0 0.0 0.0
159 0 100 0.0 0.0 0.0
160 2 37 9.541850352986048 182.69988024795316 1743.2949168344405
161 1 19 1.0 40.84402933782601 40.84402933782601
162 1 13 1.0 25.320989780782124 25.320989780782124
163 2 121 9.541850352986048 80.71796600694597 770.1987524356932
164 1 103 1.0 3.9914906122521803 3.9914906122521803
165 2 27 9.541850352986048 115.98017876588344 1106.66550969663
166 1 10 1.0 18.1937008646705 18.1937008646705
167 2 38 9.541850352986048 189.8638195218893 1811.6521533242187
168 6 124 225.58275470837765 10105.821436004986 2279699.0381249776
169 2 37 9.541850352986048 182.69988024795316 1743.2949168344405
170 3 31 32.9215577265747 233.0178128969552 7671.309378607293
171 4 83 75.61186198841948 1912.3940233356846 144599.67295993603
172 4 57 75.61186198841948 1005.7817905983286 76049.03394118624
173 7 112 332.66880679862265 12544.0 4172997.5124819227
174 2 25 9.541850352986048 103.79546451213633 990.4007896934788
175 7 88 332.66880679862265 7744.0 2576187.2398485336
176 1 19 1.0 40.84402933782601 40.84402933782601
177 4 65 75.61186198841948 1259.0362466163215 95198.07491757096
178 4 51 75.61186198841948 831.5797944458234 62877.296649995835
179 4 80 75.61186198841948 1795.7178600152838 135777.5710016156
180 2 25 9.541850352986048 103.79546451213633 990.4007896934788
181 3 44 32.9215577265747 406.27351121486885 13375.156852238497
182 4 83 75.61186198841948 1912.3940233356846 144599.67295993603
183 1 9 1.0 15.931997307697284 15.931997307697284
184 3 33 32.9215577265747 257.33012181535685 8471.708460130769
185 4 83 75.61186198841948 1912.3940233356846 144599.67295993603
186 5 58 139.6884681067044 1600.889370701534 223625.7838016033
187 4 47 75.61186198841948 723.181183304868 54681.07582466957
188 0 5 0.0 5.0 0.0
189 2 28 9.541850352986048 122.22584512913716 1166.2607234894754
190 2 39 9.541850352986048 197.11162840858907 1880.8096611081503
191 2 28 9.541850352986048 122.22584512913716 1166.2607234894754
192 2 30 9.541850352986048 135.01359299654277 1288.2794999919763
193 2 15 9.541850352986048 49.68406405407534 474.0779041321602
194 6 66 225.58275470837765 3024.560894461153 682288.7783557816
195 5 79 139.6884681067044 2806.8374672292675 392082.8260217585
196 5 72 139.6884681067044 2371.3580183097592 331251.36891024053
197 3 49 32.9215577265747 481.96892224029307 15867.1676959488
198 2 27 9.541850352986048 115.98017876588344 1106.66550969663
199 2 40 9.541850352986048 204.4421003683832 1950.7559275652661
