0 1 27 1.0 63.59241768810072 63.59241768810072
1 0 100 0.0 0.0 0.0
2 1 25 1.0 57.71571011139208 57.71571011139208
3 11 177 942.9223974109915 140143.84535523065 132144770.64474933
4 0 6 0.0 6.0 0.0
5 1 18 1.0 38.15436697768484 38.15436697768484
6 0 100 0.0 0.0 0.0
7 4 155 75.61186198841948 946.1899645328139 71543.18501308264
8 3 58 32.9215577265747 629.8939717412368 20737.090752300537
9 2 20 9.541850352986048 75.23327232919837 717.8646261306569
10 11 155 942.9223974109915 103420.77350456103 97517763.69501984
11 15 170 1756.7778603087352 417233.4255692907 732986444.6209024
12 4 50 75.61186198841948 803.8922494719358 60783.78982063209
13 0 100 0.0 0.0 0.0
14 0 100 0.0 0.0 0.0
15 2 7 9.541850352986048 16.551687764173284 157.9337277350917
16 1 20 1.0 43.57075425423803 43.57075425423803
17 0 100 0.0 0.0 0.0
18 0 100 0.0 0.0 0.0
19 0 100 0.0 0.0 0.0
20 16 215 1979.1134619514044 993930.6273588623 1967101484.8517292
21 0 100 0.0 0.0 0.0
22 5 101 139.6884681067044 4386.2526434047795 612708.9124861964
23 0 100 0.0 0.0 0.0
24 0 5 0.0 5.0 0.0
25 0 100 0.0 0.0 0.0
26 0 100 0.0 0.0 0.0
27 1 10 1.0 18.1937008646705 18.1937008646705
28 2 22 9.541850352986048 86.31942417916456 823.6470280735138
29 1 11 1.0 20.51504931294799 20.51504931294799
30 0 100 0.0 0.0 0.0
31 0 100 0.0 0.0 0.0
32 1 40 1.0 104.3443904241405 104.3443904241405
33 1 15 1.0 30.323695983612147 30.323695983612147
34 0 100 0.0 0.0 0.0
35 2 12 9.541850352986048 36.01211998010309 343.62225974392254
36 1 102 1.0 2.3948263510722025 2.3948263510722025
37 1 19 1.0 40.84402933782601 40.84402933782601
38 0 100 0.0 0.0 0.0
39 1 10 1.0 18.1937008646705 18.1937008646705
40 1 104 1.0 5.735193251789799 5.735193251789799
41 14 236 1540.4353185285338 711384.2292680903 1095841391.8087664
42 4 51 75.61186198841948 831.5797944458234 62877.296649995835
43 2 28 9.541850352986048 122.22584512913716 1166.2607234894754
44 1 108 1.0 13.734791927877684 13.734791927877684
45 2 18 9.541850352986048 64.62733255388774 616.6643359418604
46 2 125 9.541850352986048 103.79546451213633 990.4007896934788
47 0 100 0.0 0.0 0.0
48 1 105 1.0 7.59708563275366 7.59708563275366
49 2 133 9.541850352986048 154.90879557685506 1478.1165457556579
50 0 100 0.0 0.0 0.0
51 0 10 0.0 10.0 0.0
52 1 105 1.0 7.59708563275366 7.59708563275366
53 0 100 0.0 0.0 0.0
54 1 13 1.0 25.320989780782124 25.320989780782124
55 1 28 1.0 66.57403288693754 66.57403288693754
56 0 100 0.0 0.0 0.0
57 0 100 0.0 0.0 0.0
58 0 100 0.0 0.0 0.0
59 0 100 0.0 0.0 0.0
60 1 14 1.0 27.799106543625292 27.799106543625292
61 0 100 0.0 0.0 0.0
62 0 100 0.0 0.0 0.0
63 10 118 766.6651705632711 40534.45463665759 31076354.577702265
64 0 100 0.0 0.0 0.0
65 0 100 0.0 0.0 0.0
66 7 120 332.66880679862265 14400.0 4790430.817900166
67 0 100 0.0 0.0 0.0
68 0 100 0.0 0.0 0.0
69 0 10 0.0 10.0 0.0
70 0 5 0.0 5.0 0.0
71 11 143 942.9223974109915 85997.87483210127 81089322.3089353
72 0 100 0.0 0.0 0.0
73 0 5 0.0 5.0 0.0
74 3 35 32.9215577265747 282.5239294230334 9301.12785163911
75 0 5 0.0 5.0 0.0
76 0 100 0.0 0.0 0.0
77 1 10 1.0 18.1937008646705 18.1937008646705
78 13 159 1331.5823725933528 202153.0273720448 269183407.8149964
79 0 5 0.0 5.0 0.0
80 12 216 1131.8354418063404 308377.0730000903 349032100.66200334
81 0 100 0.0 0.0 0.0
82 0 10 0.0 10.0 0.0
83 0 8 0.0 8.0 0.0
84 0 100 0.0 0.0 0.0
85 2 29 9.541850352986048 128.5709592386038 1226.8048527946264
86 10 177 766.6651705632711 99872.9294110967 76569096.46161199
87 0 10 0.0 10.0 0.0
88 3 48 32.9215577265747 466.4489382157433 15356.225645969067
89 0 100 0.0 0.0 0.0
90 4 90 75.61186198841948 2196.381035229248 166072.4597097358
91 1 12 1.0 22.891970023971037 22.891970023971037
92 0 10 0.0 10.0 0.0
93 1 19 1.0 40.84402933782601 40.84402933782601
94 0 100 0.0 0.0 0.0
95 1 105 1.0 7.59708563275366 7.59708563275366
96 0 100 0.0 0.0 0.0
97 0 100 0.0 0.0 0.0
98 0 100 0.0 0.0 0.0
99 7 95 332.66880679862265 9025.0 3002335.9813575693
100 6 172 225.58275470837765 3572.3109038912485 805851.7343745624
101 4 187 75.61186198841948 2072.675291085697 156718.8380563789
102 0 100 0.0 0.0 0.0
103 2 45 9.541850352986048 242.29532664846576 2311.945748107533
104 5 165 139.6884681067044 1969.1653870843556 275069.6963705592
105 3 71 32.9215577265747 868.3392862126454 28587.081937302275
106 6 81 225.58275470837765 4475.076918624486 1009500.1788351899
107 0 100 0.0 0.0 0.0
108 0 100 0.0 0.0 0.0
109 18 257 2436.3877014920204 2695687.3436093205 6567739491.037442
110 0 100 0.0 0.0 0.0
111 7 88 332.66880679862265 7744.0 2576187.2398485336
112 3 67 32.9215577265747 791.9778998728451 26073.146148835265
113 0 100 0.0 0.0 0.0
114 11 155 942.9223974109915 103420.77350456103 97517763.69501984
115 4 38 75.61186198841948 502.796158813779 38017.3537685349
116 0 100 0.0 0.0 0.0
117 2 9 9.541850352986048 23.78240930402918 226.9281906125095
118 6 82 225.58275470837765 4581.357643139669 1033475.277443727
119 5 128 139.6884681067044 6746.128809296412 942356.3990211216
120 4 38 75.61186198841948 502.796158813779 38017.3537685349
121 14 280 1540.4353185285338 1084452.875593297 1670529510.8437448
122 12 157 1131.8354418063404 145644.81340415878 164845961.72609806
123 4 59 75.61186198841948 1066.8769814059906 80668.55507669134
124 1 19 1.0 40.84402933782601 40.84402933782601
125 7 198 332.66880679862265 9604.0 3194951.220493972
126 10 121 766.6651705632711 42862.07545660654 32860860.390635047
127 16 329 1979.1134619514044 2967696.4178144378 5873407931.481513
128 1 19 1.0 40.84402933782601 40.84402933782601
129 4 93 75.61186198841948 2323.049658002374 175650.1101331206
130 11 157 942.9223974109915 106501.37495943412 100422531.80431657
131 0 100 0.0 0.0 0.0
132 0 100 0.0 0.0 0.0
133 3 61 32.9215577265747 682.3928350558612 22465.435111492498
134 5 48 139.6884681067044 1135.058052192084 158554.52052289192
135 13 220 1331.5823725933528 442152.3154039866 588762229.193285
136 15 200 1756.7778603087352 628394.3274030525 1103949241.9252813
137 4 43 75.61186198841948 621.143248020611 46965.797544373054
138 7 129 332.66880679862265 16641.0 5535941.613935879
139 4 151 75.61186198841948 831.5797944458234 62877.296649995835
140 4 148 75.61186198841948 749.6906189831174 56685.50361656424
141 10 140 766.6651705632711 59285.163668541216 45451870.11581359
142 0 100 0.0 0.0 0.0
143 12 133 1131.8354418063404 98602.0705884187 111601318.12746285
144 11 97 942.9223974109915 35364.84849120888 33346307.723407164
145 6 182 225.58275470837765 4581.357643139669 1033475.277443727
146 0 100 0.0 0.0 0.0
147 7 97 332.66880679862265 9409.0 3130080.8031682405
148 8 97 459.67273235884244 13572.24668173896 6238791.71644318
149 1 103 1.0 3.9914906122521803 3.9914906122521803
150 5 92 139.6884681067044 3702.0246060004592 517130.14610553003
151 4 80 75.61186198841948 1795.7178600152838 135777.5710016156
152 13 174 1331.5823725933528 251213.18992329275 334511055.46480274
153 15 181 1756.7778603087352 488645.0691792353 858440839.0831109
154 6 148 225.58275470837765 1644.745810135621 371026.29064545565
155 8 233 459.67273235884244 26169.13941804069 12029239.819770252
156 8 125 459.67273235884244 23001.09948770076 10572978.24876898
157 13 145 1331.5823725933528 161884.16541457814 215562101.06803873
158 11 123 942.9223974109915 60909.957055037776 57433362.732536756
159 0 100 0.0 0.0 0.0
160 12 277 1131.8354418063404 553461.4863282363 626427325.9011132
161 3 39 32.9215577265747 335.47304520277595 11044.29522335299
162 2 41 9.541850352986048 211.85407612585806 2021.4798910630518
163 19 402 2668.9360872348193 11720795.162188651 31282053179.452576
164 15 287 1756.7778603087352 1561256.5726585807 2742780981.108091
165 9 210 604.9491004987461 25006.172162451465 15127461.356591798
166 9 130 604.9491004987461 35838.75307275326 21680621.434358757
167 15 209 1756.7778603087352 702105.3614276309 1233443154.5601246
168 6 59 225.58275470837765 2440.720411610211 550584.4339239968
169 11 160 942.9223974109915 111217.99791590677 104869941.23011747
170 16 236 1979.1134619514044 1263062.8148243069 2499744620.1090198
171 12 180 1131.8354418063404 200863.24359139695 227344138.05292335
172 8 110 459.67273235884244 17630.632823740572 8104321.163304322
173 14 204 1540.4353185285338 496635.5526186232 765034945.6906632
174 11 220 942.9223974109915 230573.40317476977 217412826.10076502
175 15 192 1756.7778603087352 566968.0193664308 996036863.9260398
176 8 91 459.67273235884244 11884.209766134405 5462847.1751246415
177 17 199 2206.0678959513543 1058520.849230117 2335168862.681725
178 15 196 1756.7778603087352 597204.8858322054 1049156321.4982243
179 2 122 9.541850352986048 86.31942417916456 823.6470280735138
180 8 188 459.67273235884244 53757.48635060659 24710850.635526508
181 6 156 225.58275470837765 2208.835584533681 498275.2158569973
182 12 251 1131.8354418063404 438971.232873907 496843199.3001125
183 7 282 332.66880679862265 33124.0 11019321.556397576
184 5 99 139.6884681067044 4229.702363015084 590840.6436368847
185 9 87 604.9491004987461 15085.772699605997 9126124.624955188
186 10 117 766.6651705632711 39774.44974103781 30493685.294773005
187 7 77 332.66880679862265 5929.0 1972393.3555090337
188 11 148 942.9223974109915 93037.70552118453 87727336.33965315
189 8 140 459.67273235884244 29115.631170703473 13383661.734589547
190 16 188 1979.1134619514044 703882.571636771 1393063473.1593072
191 10 108 766.6651705632711 33288.478681365275 25521117.18604072
192 15 282 1756.7778603087352 1493622.5374613854 2623963005.4703164
193 17 217 2206.0678959513543 1328179.4010124647 2930053936.637498
194 1 11 1.0 20.51504931294799 20.51504931294799
195 11 156 942.9223974109915 104954.70852315568 98964145.38022578
196 11 185 942.9223974109915 155069.9102871652 146218891.5742812
197 18 272 2436.3877014920204 3136228.358225847 7641068201.051965
198 10 196 766.6651705632711 25617.20574823993 19639819.414328773
199 16 289 1979.1134619514044 2126480.08389433 4208545360.6068206
