0 0 100 0.0 0.0 0.0
1 2 16 9.541850352986048 54.53075711894446 520.3243240639966
2 0 100 0.0 0.0 0.0
3 0 100 0.0 0.0 0.0
4 0 11 0.0 11.0 0.0
5 3 31 32.9215577265747 233.0178128969552 7671.309378607293
6 0 6 0.0 6.0 0.0
7 0 100 0.0 0.0 0.0
8 2 138 9.541850352986048 189.8638195218893 1811.6521533242187
9 22 391 3370.209833397988 23539968.984572906 79334634949.69125
10 0 100 0.0 0.0 0.0
11 2 109 9.541850352986048 23.78240930402918 226.9281906125095
12 2 25 9.541850352986048 103.79546451213633 990.4007896934788
13 0 100 0.0 0.0 0.0
14 5 109 139.6884681067044 5037.901195841188 703736.7005199897
15 1 6 1.0 9.55892689827884 9.55892689827884
16 8 138 459.67273235884244 28257.118371009565 12989026.81018921
17 26 303 4285.277943143774 27818127.0 119208406052.67229
18 1 19 1.0 40.84402933782601 40.84402933782601
19 0 10 0.0 10.0 0.0
20 0 100 0.0 0.0 0.0
21 1 6 1.0 9.55892689827884 9.55892689827884
22 0 100 0.0 0.0 0.0
23 0 100 0.0 0.0 0.0
24 6 103 225.58275470837765 7086.292798564201 1598545.450170251
25 0 10 0.0 10.0 0.0
26 2 24 9.541850352986048 97.86086952638261 933.7737724338355
27 0 100 0.0 0.0 0.0
28 3 45 32.9215577265747 421.0282951259743 13860.907322511091
29 0 9 0.0 9.0 0.0
30 0 100 0.0 0.0 0.0
31 8 107 459.67273235884244 16645.17504715694 7651333.094517854
32 0 100 0.0 0.0 0.0
33 0 9 0.0 9.0 0.0
34 15 250 1756.7778603087352 1102630.9703026707 1937077676.7184703
35 20 346 2902.6872563902634 10118553.554781266 29370996456.56598
36 0 100 0.0 0.0 0.0
37 1 105 1.0 7.59708563275366 7.59708563275366
38 21 328 3136.7198300107975 11209273.376395466 35160350079.75175
39 2 28 9.541850352986048 122.22584512913716 1166.2607234894754
40 0 5 0.0 5.0 0.0
41 1 19 1.0 40.84402933782601 40.84402933782601
42 0 100 0.0 0.0 0.0
43 0 100 0.0 0.0 0.0
44 0 100 0.0 0.0 0.0
45 10 243 766.6651705632711 202088.15382555095 154933948.9214826
46 5 152 139.6884681067044 1312.7590262571498 183377.29737111018
47 3 46 32.9215577265747 435.9769523615719 14353.040404627594
48 1 18 1.0 38.15436697768484 38.15436697768484
49 1 9 1.0 15.931997307697284 15.931997307697284
50 0 9 0.0 9.0 0.0
51 0 100 0.0 0.0 0.0
52 0 100 0.0 0.0 0.0
53 3 55 32.9215577265747 578.9666715492328 19060.48469917088
54 0 100 0.0 0.0 0.0
55 0 100 0.0 0.0 0.0
56 0 100 0.0 0.0 0.0
57 0 100 0.0 0.0 0.0
58 0 100 0.0 0.0 0.0
59 0 100 0.0 0.0 0.0
60 0 100 0.0 0.0 0.0
61 0 100 0.0 0.0 0.0
62 2 9 9.541850352986048 23.78240930402918 226.9281906125095
63 3 158 32.9215577265747 629.8939717412368 20737.090752300537
64 0 100 0.0 0.0 0.0
65 0 100 0.0 0.0 0.0
66 2 128 9.541850352986048 122.22584512913716 1166.2607234894754
67 11 126 942.9223974109915 64364.76015630769 60690973.95536911
68 0 100 0.0 0.0 0.0
69 0 100 0.0 0.0 0.0
70 1 9 1.0 15.931997307697284 15.931997307697284
71 0 100 0.0 0.0 0.0
72 0 100 0.0 0.0 0.0
73 0 100 0.0 0.0 0.0
74 0 100 0.0 0.0 0.0
75 0 8 0.0 8.0 0.0
76 1 36 1.0 91.37308344663872 91.37308344663872
77 1 104 1.0 5.735193251789799 5.735193251789799
78 12 325 1131.8354418063404 339444.1642772938 384194935.6433748
79 12 205 1131.8354418063404 272713.754843532 308667093.19999504
80 0 8 0.0 8.0 0.0
81 2 131 9.541850352986048 141.5519192260369 1350.6672304328126
82 8 108 459.67273235884244 16970.39141279495 7800826.189918491
83 1 104 1.0 5.735193251789799 5.735193251789799
84 0 10 0.0 10.0 0.0
85 8 228 459.67273235884244 24164.252749000952 11107648.086542938
86 0 100 0.0 0.0 0.0
87 0 100 0.0 0.0 0.0
88 0 100 0.0 0.0 0.0
89 7 200 332.66880679862265 10000.0 3326688.0679862266
90 0 100 0.0 0.0 0.0
91 0 100 0.0 0.0 0.0
92 3 49 32.9215577265747 481.96892224029307 15867.1676959488
93 0 100 0.0 0.0 0.0
94 2 30 9.541850352986048 135.01359299654277 1288.2794999919763
95 1 13 1.0 25.320989780782124 25.320989780782124
96 3 65 32.9215577265747 754.7803226662346 24848.54396353912
97 14 282 1540.4353185285338 1103656.527037045 1700111493.7724059
98 0 100 0.0 0.0 0.0
99 1 115 1.0 30.323695983612147 30.323695983612147
100 12 168 1131.8354418063404 170783.8914273342 193299261.20706287
101 0 100 0.0 0.0 0.0
102 10 203 766.6651705632711 135464.42171872893 103855853.98224421
103 18 262 2436.3877014920204 2837913.492794475 6914257531.7427225
104 13 344 1331.5823725933528 1298574.014341037 1729158267.0043128
105 13 277 1331.5823725933528 770413.209898135 1025868649.9134194
106 9 95 604.9491004987461 18233.76455050816 11030499.463535836
107 6 74 225.58275470837765 3764.5376458742294 849214.7723596997
108 0 100 0.0 0.0 0.0
109 18 366 2436.3877014920204 6924639.276530972 16871105970.608662
110 5 109 139.6884681067044 5037.901195841188 703736.7005199897
111 8 102 459.67273235884244 15068.038606609061 6926366.477588512
112 14 347 1540.4353185285338 1840734.8023786484 2835532901.628711
113 9 162 604.9491004987461 57577.89660287633 34831696.75851985
114 10 199 766.6651705632711 129599.54388675165 99359456.41885859
115 6 112 225.58275470837765 8317.887761606735 1876372.0346183486
116 17 443 2206.0678959513543 8620645.595088685 19017729489.699608
117 2 31 9.541850352986048 141.5519192260369 1350.6672304328126
118 1 23 1.0 51.960050539976365 51.960050539976365
119 11 124 942.9223974109915 62049.63588533698 58507991.42748104
120 9 179 604.9491004987461 71387.91888231963 43186057.31433672
121 20 351 2902.6872563902634 10527114.337398842 30556920633.73085
122 12 235 1131.8354418063404 102123.96927613537 115587527.8846718
123 9 129 604.9491004987461 35247.44879474361 21322912.44325576
124 0 100 0.0 0.0 0.0
125 9 133 604.9491004987461 37644.33692394514 22772907.76101235
126 7 165 332.66880679862265 4225.0 1405525.7087241807
127 10 245 766.6651705632711 205805.8923339362 157784209.5491234
128 17 270 2206.0678959513543 2354917.3050674964 5195107464.329685
129 3 33 32.9215577265747 257.33012181535685 8471.708460130769
130 11 181 942.9223974109915 147500.54993418368 139081572.16338015
131 16 220 1979.1134619514044 1054455.6464504753 2086887364.9208062
132 6 125 225.58275470837765 10262.29633791766 2314997.077541162
133 16 310 1979.1134619514044 2546786.030492052 5040378517.6566
134 8 197 459.67273235884244 13572.24668173896 6238791.71644318
135 16 150 1979.1134619514044 393861.3761594558 779496351.6998849
136 6 76 225.58275470837765 3961.5666745886283 893661.1234146099
137 12 267 1131.8354418063404 507621.6062484529 574544124.9786619
138 6 82 225.58275470837765 4581.357643139669 1033475.277443727
139 11 245 942.9223974109915 295001.9516751417 278163947.5144461
140 16 422 1979.1134619514044 2808042.230496618 5557434180.103905
141 2 33 9.541850352986048 154.90879557685506 1478.1165457556579
142 14 319 1540.4353185285338 1495818.2036540436 2304211191.006596
143 12 270 1131.8354418063404 521134.6583635325 589838676.2894851
144 5 70 139.6884681067044 2253.023098877021 314721.345291151
145 0 100 0.0 0.0 0.0
146 16 372 1979.1134619514044 4069956.2360703927 8054905176.359982
147 12 277 1131.8354418063404 553461.4863282363 626427325.9011132
148 12 369 1131.8354418063404 516607.63282137713 584714828.3349111
149 8 121 459.67273235884244 21496.519829988905 9881364.00645704
150 6 107 225.58275470837765 7622.045029127996 1719401.9141819899
151 1 37 1.0 94.5824071263594 94.5824071263594
152 14 316 1540.4353185285338 1461364.2042380264 2251137033.4416018
153 11 165 942.9223974109915 119335.84349280817 112524439.64330155
154 0 100 0.0 0.0 0.0
155 14 225 1540.4353185285338 632384.0785092266 974146769.4107337
156 17 267 2206.0678959513543 2286959.6709464476 5045188309.410432
157 10 205 766.6651705632711 138450.51045314563 106145184.21113284
158 14 239 1540.4353185285338 733894.4795303408 1130516976.341653
159 17 251 2206.0678959513543 1945020.81997725 4290847987.9087896
160 10 246 766.6651705632711 207678.75712180443 159220069.75115636
161 20 349 2902.6872563902634 10362452.355291663 30078958396.65638
162 12 228 1131.8354418063404 350182.1438103924 396348561.45232695
163 16 274 1979.1134619514044 1854142.6538312496 3669558686.5757284
164 7 168 332.66880679862265 28224.0 9389244.403084327
165 1 102 1.0 2.3948263510722025 2.3948263510722025
166 13 205 1331.5823725933528 372954.3568141739 496619447.3156456
167 7 115 332.66880679862265 13225.0 4399544.969911785
168 19 402 2668.9360872348193 11720795.162188651 31282053179.452576
169 11 210 942.9223974109915 207278.85551015017 195447875.3702373
170 13 243 1331.5823725933528 561888.9684414291 748201445.7312697
171 17 298 2206.0678959513543 3049867.566321232 6728214924.964558
172 8 225 459.67273235884244 23001.09948770076 10572978.24876898
173 12 185 1131.8354418063404 214229.6252136221 242472682.5016667
174 11 250 942.9223974109915 95941.23722419069 90465141.41401054
175 17 237 2206.0678959513543 1673405.8820999332 3691646993.3968196
176 14 201 1540.4353185285338 478817.402515497 737587237.9609648
177 19 415 2668.9360872348193 12778382.232886618 34104685477.831345
178 7 125 332.66880679862265 15625.0 5197950.106228479
179 12 178 1131.8354418063404 195654.84795872527 221449091.28091618
180 23 420 3602.4235623004615 36877402.526920564 132848023779.41722
181 10 229 766.6651705632711 177103.49418596612 135779080.57743502
182 14 230 1540.4353185285338 667608.2663166124 1028407352.375713
183 12 145 1131.8354418063404 120809.0743078219 136735991.99340862
184 18 306 2436.3877014920204 4294406.511735274 10462839210.39907
185 12 284 1131.8354418063404 586911.3564387984 664287074.4160659
186 16 226 1979.1134619514044 1129992.8408612981 2236384043.257306
187 11 249 942.9223974109915 306144.908613068 288670891.184603
188 14 403 1540.4353185285338 2662163.7294236324 4100891032.509803
189 9 169 604.9491004987461 63071.970849882 38155332.03231925
190 7 139 332.66880679862265 19321.0 6427494.016156188
191 8 138 459.67273235884244 28257.118371009565 12989026.81018921
192 13 237 1331.5823725933528 529031.2851182016 704448733.8138055
193 6 84 225.58275470837765 4797.4874870676995 1082230.443011704
194 8 200 459.67273235884244 14459.978462742583 6646857.809818897
195 15 271 1756.7778603087352 423445.583558238 743899826.240625
196 18 266 2436.3877014920204 2955004.571872103 7199536796.761885
197 15 427 1756.7778603087352 4248766.8500427855 7464139535.768849
198 10 191 766.6651705632711 118296.7449298396 90693994.12871525
199 19 379 2668.9360872348193 9988578.760081306 26658878312.968224
