0 4 200 75.61186198841948 2629.9766541734707 198857.43180812968
1 0 100 0.0 0.0 0.0
2 1 13 1.0 25.320989780782124 25.320989780782124
3 3 31 32.9215577265747 233.0178128969552 7671.309378607293
4 0 100 0.0 0.0 0.0
5 0 100 0.0 0.0 0.0
6 0 100 0.0 0.0 0.0
7 1 108 1.0 13.734791927877684 13.734791927877684
8 0 6 0.0 6.0 0.0
9 1 101 1.0 1.0 1.0
10 0 6 0.0 6.0 0.0
11 0 100 0.0 0.0 0.0
12 3 116 32.9215577265747 81.54950460903234 2684.7367235598276
13 0 100 0.0 0.0 0.0
14 0 100 0.0 0.0 0.0
15 1 101 1.0 1.0 1.0
16 0 100 0.0 0.0 0.0
17 0 100 0.0 0.0 0.0
18 0 100 0.0 0.0 0.0
19 16 265 1979.1134619514044 1701560.9309244899 3367582144.723222
20 0 100 0.0 0.0 0.0
21 0 100 0.0 0.0 0.0
22 1 30 1.0 72.61998620345668 72.61998620345668
23 19 268 2668.9360872348193 3899167.216437636 10406628094.113346
24 10 208 766.6651705632711 33288.478681365275 25521117.18604072
25 13 196 1331.5823725933528 334705.799790386 445688343.00563794
26 3 53 32.9215577265747 545.90532331836 17972.053614869816
27 0 100 0.0 0.0 0.0
28 1 105 1.0 7.59708563275366 7.59708563275366
29 1 28 1.0 66.57403288693754 66.57403288693754
30 0 10 0.0 10.0 0.0
31 0 100 0.0 0.0 0.0
32 11 227 942.9223974109915 247715.2302592055 233576238.79122585
33 0 100 0.0 0.0 0.0
34 1 27 1.0 63.59241768810072 63.59241768810072
35 0 100 0.0 0.0 0.0
36 0 100 0.0 0.0 0.0
37 1 106 1.0 9.55892689827884 9.55892689827884
38 22 429 3370.209833397988 30644911.332811538 103279781517.45088
39 1 19 1.0 40.84402933782601 40.84402933782601
40 2 40 9.541850352986048 204.4421003683832 1950.7559275652661
41 4 88 75.61186198841948 2113.579549242958 159811.6851789044
42 0 9 0.0 9.0 0.0
43 4 43 75.61186198841948 621.143248020611 46965.797544373054
44 0 100 0.0 0.0 0.0
45 5 88 139.6884681067044 3414.7546568712237 477001.8469785762
46 0 100 0.0 0.0 0.0
47 1 8 1.0 13.734791927877684 13.734791927877684
48 1 37 1.0 94.5824071263594 94.5824071263594
49 0 100 0.0 0.0 0.0
50 0 6 0.0 6.0 0.0
51 2 25 9.541850352986048 103.79546451213633 990.4007896934788
52 2 30 9.541850352986048 135.01359299654277 1288.2794999919763
53 5 234 139.6884681067044 7331.721036814195 1024156.8802182734
54 6 182 225.58275470837765 4581.357643139669 1033475.277443727
55 6 205 225.58275470837765 7351.839824949449 1658448.2798868536
56 1 9 1.0 15.931997307697284 15.931997307697284
57 2 39 9.541850352986048 197.11162840858907 1880.8096611081503
58 1 47 1.0 127.85310766976465 127.85310766976465
59 0 100 0.0 0.0 0.0
60 9 124 604.9491004987461 32369.82111547107 19582094.16710954
61 1 102 1.0 2.3948263510722025 2.3948263510722025
62 9 193 604.9491004987461 83962.22765060987 50792874.093107395
63 0 100 0.0 0.0 0.0
64 0 16 0.0 16.0 0.0
65 7 131 332.66880679862265 17161.0 5708929.393471164
66 15 241 1756.7778603087352 1005325.7957397868 1766134100.3529193
67 1 31 1.0 75.68293941204132 75.68293941204132
68 0 8 0.0 8.0 0.0
69 1 16 1.0 32.892441635375256 32.892441635375256
70 0 7 0.0 7.0 0.0
71 0 100 0.0 0.0 0.0
72 5 108 139.6884681067044 4954.230173639048 692048.8236036508
73 0 6 0.0 6.0 0.0
74 1 105 1.0 7.59708563275366 7.59708563275366
75 0 100 0.0 0.0 0.0
76 1 104 1.0 5.735193251789799 5.735193251789799
77 0 100 0.0 0.0 0.0
78 3 53 32.9215577265747 545.90532331836 17972.053614869816
79 7 223 332.66880679862265 15129.0 5032946.378056362
80 0 10 0.0 10.0 0.0
81 0 100 0.0 0.0 0.0
82 0 100 0.0 0.0 0.0
83 5 95 139.6884681067044 3924.3008107112732 548179.5686381559
84 0 100 0.0 0.0 0.0
85 1 104 1.0 5.735193251789799 5.735193251789799
86 0 6 0.0 6.0 0.0
87 0 5 0.0 5.0 0.0
88 0 6 0.0 6.0 0.0
89 0 100 0.0 0.0 0.0
90 0 100 0.0 0.0 0.0
91 0 9 0.0 9.0 0.0
92 12 236 1131.8354418063404 379760.94856701704 429826901.00214463
93 23 358 3602.4235623004615 23263411.10987447 83804660321.69412
94 0 100 0.0 0.0 0.0
95 0 6 0.0 6.0 0.0
96 3 85 32.9215577265747 1155.4778704989785 38040.13141541172
97 0 100 0.0 0.0 0.0
98 4 84 75.61186198841948 1951.9617083430758 147591.45929791615
99 17 276 2206.0678959513543 2494545.7359523093 5503137263.066733
100 18 509 2436.3877014920204 16695913.76868943 40677718971.206215
101 7 122 332.66880679862265 14884.0 4951442.5203907
102 14 253 1540.4353185285338 844510.0950808555 1300913177.31644
103 0 100 0.0 0.0 0.0
104 12 163 1131.8354418063404 159071.89323840395 180043206.56245995
105 1 107 1.0 11.607984241186918 11.607984241186918
106 15 207 1756.7778603087352 685298.1798703804 1203916670.1061578
107 10 243 766.6651705632711 202088.15382555095 154933948.9214826
108 4 70 75.61186198841948 1429.1350405139644 108059.56144615616
109 14 252 1540.4353185285338 836301.7565706861 1288268762.768937
110 11 165 942.9223974109915 119335.84349280817 112524439.64330155
111 9 301 604.9491004987461 91640.08514930584 55437587.080701075
112 0 100 0.0 0.0 0.0
113 0 9 0.0 9.0 0.0
114 11 205 942.9223974109915 196153.083719731 184957135.96056768
115 0 100 0.0 0.0 0.0
116 6 241 225.58275470837765 12921.36097430879 2914836.2031659037
117 7 258 332.66880679862265 24964.0 8304744.092920816
118 0 100 0.0 0.0 0.0
119 14 287 1540.4353185285338 1152545.3184725586 1775421514.7798462
120 21 310 3136.7198300107975 9569592.683205297 30017131134.536293
121 2 123 9.541850352986048 92.0346545141889 878.1809006631623
122 6 47 225.58275470837765 1579.8219117523295 356380.57880174596
123 13 203 1331.5823725933528 364245.1060790388 485022362.558244
124 23 394 3602.4235623004615 30669494.74020356 110484510495.95938
125 15 353 1756.7778603087352 2630207.206869053 4620689789.05203
126 18 285 2436.3877014920204 3552319.924994193 8654828577.020908
127 1 19 1.0 40.84402933782601 40.84402933782601
128 10 264 766.6651705632711 84288.55756198421 64621101.35979072
129 12 320 1131.8354418063404 321973.1842669141 364420661.264537
130 10 212 766.6651705632711 149184.821393251 114374806.53890792
131 16 312 1979.1134619514044 2589248.8489619996 5124417253.322872
132 14 245 1540.4353185285338 780171.793783506 1201804185.6638727
133 0 100 0.0 0.0 0.0
134 14 252 1540.4353185285338 836301.7565706861 1288268762.768937
135 14 231 1540.4353185285338 674789.6362210688 1039469788.2119555
136 1 8 1.0 13.734791927877684 13.734791927877684
137 11 335 942.9223974109915 268157.71975980385 252851920.00017905
138 6 70 225.58275470837765 3384.897920195671 763574.5972443977
139 18 432 2436.3877014920204 10777776.54572248 26258842225.427402
140 14 379 1540.4353185285338 1074926.1176771463 1655854156.478635
141 15 247 1756.7778603087352 1069592.9085283494 1879037141.2458303
142 16 296 1979.1134619514044 2261449.4362102253 4475665022.72607
143 11 184 942.9223974109915 153157.55954963647 144415693.2321599
144 20 315 2902.6872563902634 7809970.383198372 22669901504.0953
145 13 239 1331.5823725933528 539855.2163528436 718861689.8480172
146 6 114 225.58275470837765 8604.337363813209 1940990.124969204
147 7 145 332.66880679862265 21025.0 6994361.662941041
148 6 160 225.58275470837765 2520.4667612931225 568573.8351634055
149 13 439 1331.5823725933528 1253548.753707869 1669203423.6237648
150 8 127 459.67273235884244 23773.224239432624 10927902.943119459
151 16 266 1979.1134619514044 1718120.0730722018 3400354565.866125
152 6 236 225.58275470837765 12059.050322553525 2720313.7909285743
153 7 129 332.66880679862265 16641.0 5535941.613935879
154 9 145 604.9491004987461 45344.665438633376 27431214.569517843
155 8 198 459.67273235884244 59876.459040592905 27523575.531161655
156 6 187 225.58275470837765 5130.584655325767 1157371.4198129189
157 0 100 0.0 0.0 0.0
158 15 345 1756.7778603087352 1047903.4803767416 1840933634.0663288
159 13 314 1331.5823725933528 413645.90394894715 550803594.1938611
160 22 483 3370.209833397988 42932741.42795043 144692347335.2117
161 13 330 1331.5823725933528 492152.9289485213 655342164.8080398
162 11 175 942.9223974109915 136544.81137309276 128751160.89394824
163 15 384 1756.7778603087352 3251671.1586509827 5712463900.522499
164 7 128 332.66880679862265 16384.0 5450445.730588634
165 9 179 604.9491004987461 71387.91888231963 43186057.31433672
166 5 139 139.6884681067044 778.3165439750189 108721.84572997481
167 12 194 1131.8354418063404 239545.25146829078 271125805.5282238
168 12 187 1131.8354418063404 219715.13514294155 248681377.05605105
169 21 321 3136.7198300107975 10551778.918847682 33097974176.63942
170 19 382 2668.9360872348193 10204653.891477132 27235569028.704548
171 16 349 1979.1134619514044 3453983.1025561523 6835824455.621559
172 21 470 3136.7198300107975 30713074.505985223 96338309843.52293
173 15 360 1756.7778603087352 2763622.127110308 4855070167.166722
174 5 84 139.6884681067044 3137.9608221632784 438336.940226843
175 16 309 1979.1134619514044 2525715.3266363554 4998677204.002999
176 7 61 332.66880679862265 3721.0 1237860.630097675
177 9 184 604.9491004987461 75753.39209344504 45826946.4066584
178 7 110 332.66880679862265 12100.0 4025292.562263334
179 12 226 1131.8354418063404 343002.1415770093 388221980.45233524
180 14 220 1540.4353185285338 598289.1109657976 921625677.2227516
181 11 155 942.9223974109915 103420.77350456103 97517763.69501984
182 8 251 459.67273235884244 34076.47778705137 15664027.653539306
183 12 217 1131.8354418063404 311744.51331515337 352843488.9587592
184 20 276 2902.6872563902634 5423542.888762931 15742848827.698196
185 21 461 3136.7198300107975 14663436.68118662 45995092613.98579
186 8 99 459.67273235884244 14160.822691605603 6509344.059099445
187 14 323 1540.4353185285338 1542501.3667381695 2376123584.2020106
188 5 206 139.6884681067044 4788.781200314608 668937.5099701327
189 12 178 1131.8354418063404 195654.84795872527 221449091.28091618
190 23 427 3602.4235623004615 38678261.46970041 139335480467.26685
191 7 109 332.66880679862265 11881.0 3952438.093574436
192 16 418 1979.1134619514044 5492654.972906778 10870587398.734129
193 14 305 1540.4353185285338 1339091.5207389493 2062783873.288362
194 19 361 2668.9360872348193 8752711.290221969 23360427023.621048
195 0 100 0.0 0.0 0.0
196 13 230 1331.5823725933528 492152.9289485213 655342164.8080398
197 17 264 2206.0678959513543 2220228.3892946313 4897974571.302671
198 13 183 1331.5823725933528 283680.1788009205 377743525.54543626
199 22 435 3370.209833397988 31879571.44319928 107440845162.3839
