0 1 58 1.0 166.64030394051025 166.64030394051025
1 0 10 0.0 10.0 0.0
2 1 104 1.0 5.735193251789799 5.735193251789799
3 0 6 0.0 6.0 0.0
4 0 100 0.0 0.0 0.0
5 0 100 0.0 0.0 0.0
6 0 100 0.0 0.0 0.0
7 0 100 0.0 0.0 0.0
8 0 100 0.0 0.0 0.0
9 0 100 0.0 0.0 0.0
10 0 100 0.0 0.0 0.0
11 0 100 0.0 0.0 0.0
12 0 100 0.0 0.0 0.0
13 0 100 0.0 0.0 0.0
14 2 54 9.541850352986048 315.16948038953416 3007.300017705306
15 0 100 0.0 0.0 0.0
16 0 9 0.0 9.0 0.0
17 1 37 1.0 94.5824071263594 94.5824071263594
18 25 454 4060.496712466729 74390506.83300525 302062408434.15155
19 2 136 9.541850352986048 175.6210676402407 1675.7499462548174
20 1 9 1.0 15.931997307697284 15.931997307697284
21 3 32 32.9215577265747 245.06238675558936 8067.83551218631
22 0 100 0.0 0.0 0.0
23 1 107 1.0 11.607984241186918 11.607984241186918
24 3 114 32.9215577265747 65.97278979840442 2171.9270077313495
25 41 907 7106.788070274764 19086299521.449062 135642285744725.14
26 5 162 139.6884681067044 1807.1402103142602 252436.6476328266
27 1 48 1.0 131.28987200165307 131.28987200165307
28 2 35 9.541850352986048 168.62869283493262 1609.0297522505775
29 36 822 6295.82243666837 5164158522.000487 32512625089322.836
30 0 100 0.0 0.0 0.0
31 0 10 0.0 10.0 0.0
32 1 18 1.0 38.15436697768484 38.15436697768484
33 4 50 75.61186198841948 803.8922494719358 60783.78982063209
34 1 54 1.0 152.29279760785363 152.29279760785363
35 1 104 1.0 5.735193251789799 5.735193251789799
36 0 100 0.0 0.0 0.0
37 0 100 0.0 0.0 0.0
38 1 30 1.0 72.61998620345668 72.61998620345668
39 2 127 9.541850352986048 115.98017876588344 1106.66550969663
40 33 737 5744.298091538941 1947518148.4460404 11187124783356.041
41 0 100 0.0 0.0 0.0
42 0 100 0.0 0.0 0.0
43 18 517 2436.3877014920204 9807885.089865042 23895810610.594147
44 0 100 0.0 0.0 0.0
45 0 100 0.0 0.0 0.0
46 32 984 5549.980220652734 3982305079.4555407 22101714423583.164
47 1 102 1.0 2.3948263510722025 2.3948263510722025
48 27 631 4506.6139001521815 318081399.25909436 1433470055280.8904
49 2 73 9.541850352986048 486.8291720253608 4645.251106934094
50 1 24 1.0 54.8222930413608 54.8222930413608
51 1 27 1.0 63.59241768810072 63.59241768810072
52 0 100 0.0 0.0 0.0
53 0 100 0.0 0.0 0.0
54 1 27 1.0 63.59241768810072 63.59241768810072
55 21 412 3136.7198300107975 21234637.180664185 66607107527.67393
56 0 18 0.0 18.0 0.0
57 0 100 0.0 0.0 0.0
58 0 100 0.0 0.0 0.0
59 14 203 1540.4353185285338 490653.14865003707 755819439.327748
60 1 114 1.0 27.799106543625292 27.799106543625292
61 0 100 0.0 0.0 0.0
62 2 115 9.541850352986048 49.68406405407534 474.0779041321602
63 0 100 0.0 0.0 0.0
64 21 808 3136.7198300107975 140178362.77065498 439700250241.16077
65 0 5 0.0 5.0 0.0
66 9 208 604.9491004987461 98654.30979932014 59680835.973423354
67 1 101 1.0 1.0 1.0
68 3 41 32.9215577265747 363.1907597716439 11956.805563580698
69 4 166 75.61186198841948 1292.338741426653 97716.13855903981
70 2 37 9.541850352986048 182.69988024795316 1743.2949168344405
71 0 100 0.0 0.0 0.0
72 0 100 0.0 0.0 0.0
73 0 10 0.0 10.0 0.0
74 1 47 1.0 127.85310766976465 127.85310766976465
75 0 100 0.0 0.0 0.0
76 26 653 4285.277943143774 278445077.0 1193214546845.0698
77 0 100 0.0 0.0 0.0
78 44 1006 7528.2761260995885 47854265382.09865 360260123608087.25
79 1 44 1.0 117.65777237975428 117.65777237975428
80 1 6 1.0 9.55892689827884 9.55892689827884
81 0 100 0.0 0.0 0.0
82 3 39 32.9215577265747 335.47304520277595 11044.29522335299
83 2 19 9.541850352986048 69.8685662777562 666.6754038000371
84 0 5 0.0 5.0 0.0
85 30 750 5146.386239304723 1075627327.0946505 5535593674780.029
86 3 124 32.9215577265747 155.22039240905832 5110.09710903639
87 0 100 0.0 0.0 0.0
88 1 8 1.0 13.734791927877684 13.734791927877684
89 1 44 1.0 117.65777237975428 117.65777237975428
90 0 100 0.0 0.0 0.0
91 0 100 0.0 0.0 0.0
92 2 121 9.541850352986048 80.71796600694597 770.1987524356932
93 0 10 0.0 10.0 0.0
94 0 9 0.0 9.0 0.0
95 5 112 139.6884681067044 5292.687692718977 739327.4359631217
96 0 9 0.0 9.0 0.0
97 0 100 0.0 0.0 0.0
98 0 100 0.0 0.0 0.0
99 17 344 2206.0678959513543 4442871.05846362 9801275207.928005
100 33 578 5744.298091538941 886286266.3014472 5091092508072.576
101 1 113 1.0 25.320989780782124 25.320989780782124
102 2 110 9.541850352986048 27.685321443873434 264.16919419175593
103 26 536 4285.277943143774 153990656.0 659892761607.0404
104 33 858 5744.298091538941 3186838363.52838 18306149529659.152
105 42 1006 7252.650449022947 33059474184.388847 239768810287870.3
106 0 100 0.0 0.0 0.0
107 1 41 1.0 107.64164596635766 107.64164596635766
108 35 877 6117.310290426031 5218798763.576734 31925011380090.6
109 54 1379 8602.009448624298 870189125566.1067 7485375080209765.0
110 44 1046 7528.2761260995885 54973328269.490295 413854394783439.4
111 22 515 3370.209833397988 51525122.66771745 173650475081.77893
112 12 357 1131.8354418063404 464044.19903643837 525221671.0340766
113 31 684 5350.621552679651 1001710154.9799072 5359771944773.565
114 32 655 5549.980220652734 1079420473.8775523 5990762279788.016
115 37 779 6468.923834840442 5263538701.382146 34049430960976.074
116 31 564 5350.621552679651 542958564.3328501 2905165796531.3486
117 40 1166 6955.50474228233 37552842226.92356 261198972195546.97
118 53 1016 8516.089422990353 231924181364.95422 1975087067857783.0
119 31 735 5350.621552679651 1258621292.6105235 6734406214903.389
120 41 738 7106.788070274764 9320524078.340454 66238989328658.63
121 27 452 4506.6139001521815 115495241.14059 520492459125.61096
122 30 732 5146.386239304723 996597259.5198437 5128874422521.722
123 50 1134 8230.818941038662 212724731961.827 1750898753058778.0
124 20 437 2902.6872563902634 19270282.159972668 55935602452.7973
125 12 426 1131.8354418063404 811737.7078625535 918753507.2094793
126 39 717 6798.773358825962 5830934231.439663 39643200309778.31
127 30 498 5146.386239304723 297183075.2087744 1529418888808.697
128 27 639 4506.6139001521815 197111662.10826197 888306156339.1935
129 49 908 8126.242482129881 79009887175.64755 642053501675036.0
130 40 872 6955.50474228233 13789218043.292183 95910971492483.84
131 42 998 7252.650449022947 22207649256.7016 161064317353360.97
132 54 1396 8602.009448624298 911695351160.4764 7842412024949266.0
133 28 562 4724.12231882448 280582866.99078244 1325507784230.9158
134 22 888 3370.209833397988 242601943.85642952 817619456786.4054
135 51 1095 8330.590095344352 221129716948.8579 1842141029800456.0
136 15 321 1756.7778603087352 2070126.5911588015 3636752563.384175
137 19 540 2668.9360872348193 26113059.429616977 69694086659.81224
138 27 664 4506.6139001521815 371333786.8999057 1673458005639.263
139 31 931 5350.621552679651 2665800798.19333 14263691205963.848
140 31 770 5350.621552679651 1458937969.9412982 7806224945990.607
141 46 835 7782.801884860074 34983104768.6968 272266573732070.9
142 53 1082 8516.089422990353 294212003891.201 2505535734454653.5
143 44 905 7528.2761260995885 32846079152.00575 247274353516022.28
144 53 1363 8516.089422990353 704128509296.3219 5996421350444372.0
145 40 992 6955.50474228233 21509148052.67995 149606981282868.12
146 23 444 3602.4235623004615 43288636.051261924 155944002490.91516
147 24 570 3832.71054120725 114347575.90612675 438261159536.9082
148 33 711 5744.298091538941 1733606051.189278 9958349931326.928
149 26 594 4285.277943143774 209584584.0 898128195038.1635
150 30 597 5146.386239304723 525281439.26045406 2703301170772.18
151 24 766 3832.71054120725 271353909.78842944 1040020990443.9147
152 31 962 5350.621552679651 2957947728.7800913 15826858869310.58
153 52 1674 8425.648590871551 1286313079523.037 1.0838021985902924e+16
154 20 700 2902.6872563902634 70698429.55122834 205215430505.15533
155 36 1028 6295.82243666837 10880009477.538206 68498607779849.55
156 51 1040 8330.590095344352 182436024310.3115 1519799737153482.5
157 34 893 5933.442745663244 3045894432.4801545 18072640224455.438
158 24 552 3832.71054120725 104106656.86528675 399010681177.43066
159 17 667 2206.0678959513543 16459972.482583767 36311816862.07076
160 28 731 4724.12231882448 629305524.9140781 2972916275606.1514
161 57 1290 8833.632285946418 1098269816565.7075 9701711710295284.0
162 18 478 2436.3877014920204 14118540.921982406 34398239465.32974
163 0 100 0.0 0.0 0.0
164 19 505 2668.9360872348193 11959743.060262103 31919789847.58972
165 27 581 4506.6139001521815 247552182.71294913 1115622107627.1892
166 39 752 6798.773358825962 6863199917.9814625 46661340758668.89
167 48 1115 8016.77096497358 141550146188.99063 1134775102055665.8
168 50 999 8230.818941038662 132946819279.27888 1094261198274732.6
169 29 856 4937.473672561782 1293831750.4521441 6388260204581.987
170 57 1315 8833.632285946418 1182978469588.8562 1.0449996802539602e+16
171 55 1321 8683.506947919002 871253701970.6969 7565537574462698.0
172 39 1252 6798.773358825962 29513465125.452366 200655360421564.66
173 24 630 3832.71054120725 153222104.08981994 587255973491.0074
174 31 889 5350.621552679651 2302393311.871312 12319235277244.125
175 51 1211 8330.590095344352 322010410369.53455 2682536735222215.0
176 37 685 6468.923834840442 3416032254.211208 22098052469850.61
177 14 372 1540.4353185285338 2185264.6273391214 3366258812.2842774
178 2 150 9.541850352986048 282.0582186126376 2691.3573128316116
179 28 526 4724.12231882448 228944536.58935493 1081561995074.6995
180 55 1398 8683.506947919002 1082125192163.9608 9396641624673940.0
181 39 1012 6798.773358825962 18948410450.045994 128825948159872.16
182 46 1145 7782.801884860074 109319343360.44907 850810791557368.6
183 42 1010 7252.650449022947 33522289603.571022 243125448745616.66
184 49 1115 8126.242482129881 168366853785.97513 1368189879818141.2
185 45 1007 7658.1450374688 57543775250.37608 440678576870887.56
186 38 1065 6636.579650383532 18466416724.459057 122553845449047.1
187 23 818 3602.4235623004615 173176319.30865702 623854453109.9744
188 26 617 4285.277943143774 234885113.0 1006547993911.7329
189 52 1518 8425.648590871551 890770520340.3394 7505319379495499.0
190 39 933 6798.773358825962 14350014852.308292 97562498676630.48
191 46 1039 7782.801884860074 76991159774.60716 599206943411375.8
192 18 554 2436.3877014920204 12305300.350102384 29980482436.1549
193 42 1115 7252.650449022947 34107296847.58043 247368301796563.16
194 20 521 2902.6872563902634 31300356.073335152 90855144694.54753
195 38 901 6636.579650383532 10473612986.615402 69508966812964.46
196 23 867 3602.4235623004615 298341426.3845974 1074752184018.2024
197 58 1189 8902.46046345971 936854049166.5548 8340306132737394.0
198 48 1171 8016.77096497358 169351000864.4293 1357648186619172.2
199 42 945 7252.650449022947 26553515497.805084 192583366098293.84
