0 1 7 1.0 11.607984241186918 11.607984241186918
1 1 119 1.0 40.84402933782601 40.84402933782601
2 20 335 2902.6872563902634 9255655.137418203 26866272216.92689
3 0 100 0.0 0.0 0.0
4 0 10 0.0 10.0 0.0
5 0 100 0.0 0.0 0.0
6 0 100 0.0 0.0 0.0
7 0 6 0.0 6.0 0.0
8 15 254 1756.7778603087352 1147628.281289161 2016127956.4329634
9 0 100 0.0 0.0 0.0
10 1 25 1.0 57.71571011139208 57.71571011139208
11 1 113 1.0 25.320989780782124 25.320989780782124
12 1 11 1.0 20.51504931294799 20.51504931294799
13 3 129 32.9215577265747 209.61005902119368 6900.689658136957
14 1 112 1.0 22.891970023971037 22.891970023971037
15 0 100 0.0 0.0 0.0
16 1 106 1.0 9.55892689827884 9.55892689827884
17 0 100 0.0 0.0 0.0
18 0 100 0.0 0.0 0.0
19 0 100 0.0 0.0 0.0
20 0 100 0.0 0.0 0.0
21 0 100 0.0 0.0 0.0
22 1 106 1.0 9.55892689827884 9.55892689827884
23 0 100 0.0 0.0 0.0
24 0 100 0.0 0.0 0.0
25 0 11 0.0 11.0 0.0
26 33 709 5744.298091538941 1717857695.5794592 9867886682252.57
27 0 100 0.0 0.0 0.0
28 1 30 1.0 72.61998620345668 72.61998620345668
29 0 10 0.0 10.0 0.0
30 0 100 0.0 0.0 0.0
31 0 100 0.0 0.0 0.0
32 39 650 6798.773358825962 4168966063.715629 28343855407839.355
33 0 100 0.0 0.0 0.0
34 0 100 0.0 0.0 0.0
35 0 6 0.0 6.0 0.0
36 1 105 1.0 7.59708563275366 7.59708563275366
37 0 100 0.0 0.0 0.0
38 1 7 1.0 11.607984241186918 11.607984241186918
39 0 100 0.0 0.0 0.0
40 10 206 766.6651705632711 31933.014755119944 24481930.203833483
41 33 455 5744.298091538941 408248961.39159006 2345103729794.4653
42 0 100 0.0 0.0 0.0
43 28 405 4724.12231882448 102548175.99079382 484450126952.8498
44 2 123 9.541850352986048 92.0346545141889 878.1809006631623
45 1 104 1.0 5.735193251789799 5.735193251789799
46 0 100 0.0 0.0 0.0
47 8 216 459.67273235884244 19689.9977613532 9050955.071100716
48 1 104 1.0 5.735193251789799 5.735193251789799
49 5 120 139.6884681067044 5999.610526318716 838076.40365832
50 20 384 2902.6872563902634 13488817.992595982 39153820090.87605
51 7 157 332.66880679862265 24649.0 8199953.41877925
52 0 100 0.0 0.0 0.0
53 3 128 32.9215577265747 198.25318874016915 6526.8037975869875
54 0 100 0.0 0.0 0.0
55 23 333 3602.4235623004615 18879401.55568837 68011601006.34377
56 0 100 0.0 0.0 0.0
57 0 100 0.0 0.0 0.0
58 2 49 9.541850352986048 273.9583678426836 2614.069748903192
59 0 6 0.0 6.0 0.0
60 14 183 1540.4353185285338 379913.03535972105 585231457.637494
61 3 54 32.9215577265747 562.3460860297637 18513.309133542207
62 1 106 1.0 9.55892689827884 9.55892689827884
63 0 5 0.0 5.0 0.0
64 18 295 2436.3877014920204 3894728.059858422 9489067545.694937
65 8 164 459.67273235884244 40463.25900302208 18599856.82606269
66 4 141 75.61186198841948 572.5607883495287 43292.38730866522
67 0 100 0.0 0.0 0.0
68 30 533 5146.386239304723 367864686.0264161 1893173758092.5002
69 0 100 0.0 0.0 0.0
70 0 6 0.0 6.0 0.0
71 0 6 0.0 6.0 0.0
72 0 100 0.0 0.0 0.0
73 0 100 0.0 0.0 0.0
74 8 174 459.67273235884244 45764.660622089395 21036766.593630955
75 3 145 32.9215577265747 421.0282951259743 13860.907322511091
76 0 100 0.0 0.0 0.0
77 0 100 0.0 0.0 0.0
78 0 100 0.0 0.0 0.0
79 0 100 0.0 0.0 0.0
80 0 100 0.0 0.0 0.0
81 1 107 1.0 11.607984241186918 11.607984241186918
82 1 11 1.0 20.51504931294799 20.51504931294799
83 3 131 32.9215577265747 233.0178128969552 7671.309378607293
84 3 19 32.9215577265747 107.12598084817145 3526.754162509012
85 0 100 0.0 0.0 0.0
86 7 176 332.66880679862265 30976.0 10304748.959394135
87 1 119 1.0 40.84402933782601 40.84402933782601
88 0 100 0.0 0.0 0.0
89 0 6 0.0 6.0 0.0
90 5 80 139.6884681067044 2871.732646582133 401147.9342130701
91 0 100 0.0 0.0 0.0
92 0 100 0.0 0.0 0.0
93 1 112 1.0 22.891970023971037 22.891970023971037
94 4 36 75.61186198841948 458.3949685466225 34660.09709793311
95 41 851 7106.788070274764 15293722947.688017 108689247794716.61
96 1 10 1.0 18.1937008646705 18.1937008646705
97 1 102 1.0 2.3948263510722025 2.3948263510722025
98 0 100 0.0 0.0 0.0
99 7 214 332.66880679862265 12996.0 4323363.8131549
100 16 316 1979.1134619514044 2675465.6404784503 5295050066.059338
101 7 146 332.66880679862265 21316.0 7091168.28571944
102 15 307 1756.7778603087352 1850103.3372293164 3250220582.1277685
103 23 365 3602.4235623004615 24599799.393272664 88618896962.19005
104 18 339 2436.3877014920204 5644026.527050734 13751036817.401127
105 7 82 332.66880679862265 6724.0 2236865.056913939
106 4 45 75.61186198841948 671.3571728121805 50762.565895610074
107 33 494 5744.298091538941 532880236.20206046 3061022923834.316
108 32 602 5549.980220652734 823476422.7563375 4570277858471.542
109 2 48 9.541850352986048 265.93129728965954 2537.4766429133756
110 16 256 1979.1134619514044 1556908.4964091864 3081298564.2699404
111 13 280 1331.5823725933528 790676.804581966 1052851295.399785
112 0 100 0.0 0.0 0.0
113 6 126 225.58275470837765 10419.918236435944 2350553.8596112807
114 19 222 2668.9360872348193 2338739.4886579765 6241946219.920382
115 0 100 0.0 0.0 0.0
116 13 267 1331.5823725933528 705078.2947892806 938869828.6395857
117 14 187 1540.4353185285338 400722.0136188303 617286342.6903183
118 31 317 5350.621552679651 87170233.18711312 466414928443.0785
119 27 363 4506.6139001521815 59345012.63149855 267445058829.81818
120 26 488 4285.277943143774 116214272.0 498010456480.1111
121 13 248 1331.5823725933528 590159.2186833756 785845612.6222486
122 37 593 6468.923834840442 2103495953.0087013 13607355106908.398
123 18 377 2436.3877014920204 7493996.856067757 18258281775.14335
124 40 720 6955.50474228233 7123659877.643519 49548650061355.86
125 21 353 3136.7198300107975 13770982.618961489 43195714259.63053
126 16 306 1979.1134619514044 2463143.6663327124 4874840788.759409
127 0 100 0.0 0.0 0.0
128 15 268 1756.7778603087352 1313760.7356072676 2307985774.0577655
129 14 306 1540.4353185285338 1349945.3753509228 2079503534.2748199
130 30 516 5146.386239304723 332250229.35130215 1709888008339.3796
131 20 367 2902.6872563902634 11904720.652135145 34555680927.83867
132 9 184 604.9491004987461 75753.39209344504 45826946.4066584
133 12 262 1131.8354418063404 485551.9600965678 549564917.2758334
134 15 340 1756.7778603087352 2392914.326746138 4203818910.8431973
135 6 74 225.58275470837765 3764.5376458742294 849214.7723596997
136 0 100 0.0 0.0 0.0
137 23 614 3602.4235623004615 110273020.4752823 397250127246.1982
138 13 168 1331.5823725933528 230840.47046310757 307383101.34983057
139 23 388 3602.4235623004615 29341538.884173915 105700651030.5033
140 20 360 2902.6872563902634 11288721.829129614 32767628994.349113
141 17 242 2206.0678959513543 1767517.0253857954 3899262565.251038
142 20 377 2902.6872563902634 12821252.042003596 37216084913.29148
143 17 274 2206.0678959513543 2447449.890451356 5399240630.274395
144 26 366 4285.277943143774 49027896.0 210098161327.54684
145 9 114 604.9491004987461 27006.4292253054 16337515.067531552
146 12 101 1131.8354418063404 51621.47046764421 58427009.833439045
147 26 611 4285.277943143774 228099131.0 977468174924.5623
148 25 413 4060.496712466729 56200702.366191864 228202767196.2432
149 22 408 3370.209833397988 26568695.620848633 89542079241.94212
150 33 616 5744.298091538941 1089327821.6549177 6257423726992.615
151 8 198 459.67273235884244 59876.459040592905 27523575.531161655
152 9 117 604.9491004987461 28560.865627887746 17277869.97105625
153 26 373 4285.277943143774 51895117.0 222385000236.96548
154 33 632 5744.298091538941 1183684876.5384529 6799438777283.342
155 31 568 5350.621552679651 555278542.1589221 2971085335416.065
156 9 169 604.9491004987461 63071.970849882 38155332.03231925
157 20 304 2902.6872563902634 7080435.268983905 20552289224.97575
158 24 383 3832.71054120725 35753539.02371111 137032965901.64233
159 32 585 5549.980220652734 751185916.2933595 4169066977461.0454
160 25 444 4060.496712466729 69640461.5087537 282774865010.9602
161 21 377 3136.7198300107975 16558072.98185693 51938035868.95665
162 17 315 2206.0678959513543 3527165.8735808763 7781167397.401984
163 17 289 2206.0678959513543 2814341.815191647 6208629126.727752
164 18 181 2436.3877014920204 1057774.8368153758 2577149603.3647103
165 6 102 225.58275470837765 6955.268535289175 1568988.635927035
166 18 304 2436.3877014920204 4219917.534448581 10281355182.24105
167 22 334 3370.209833397988 15038317.249027066 50682284670.429596
168 25 579 4060.496712466729 152905949.28055102 620874104370.2819
169 6 112 225.58275470837765 8317.887761606735 1876372.0346183486
170 13 161 1331.5823725933528 208335.99613433375 277416540.02915573
171 18 341 2436.3877014920204 5733317.076033254 13968583212.80161
172 26 524 4285.277943143774 143877824.0 616556465694.7219
173 31 509 5350.621552679651 392006537.7772444 2097478629822.2537
174 15 271 1756.7778603087352 1351134.0744003414 2373642428.2152553
175 28 504 4724.12231882448 200781089.8933091 948514427962.8857
176 17 238 2206.0678959513543 1691973.6991776354 3732608858.5498357
177 12 218 1131.8354418063404 315132.98931001755 356678686.1834565
178 27 388 4506.6139001521815 72647030.68165039 327392118274.70764
179 22 446 3370.209833397988 34225982.44525062 115348742594.69057
180 28 501 4724.12231882448 197131883.68119827 931275131450.2601
181 28 463 4724.12231882448 154706773.56295428 730853721862.0774
182 26 389 4285.277943143774 58863869.0 252248039473.80457
183 14 271 1540.4353185285338 1000502.6462075082 1541209612.4993038
184 15 258 1756.7778603087352 1193715.5843725286 2097093110.1311622
185 19 366 2668.9360872348193 9085696.343535515 24249142848.91938
186 23 401 3602.4235623004615 32267677.350820687 116241841189.30537
187 33 510 5744.298091538941 590848714.901971 3394011145399.6274
188 24 440 3832.71054120725 53641697.92702834 205593101093.17664
189 18 361 2436.3877014920204 6675079.372143912 16263081288.774504
190 31 485 5350.621552679651 336278051.5229552 1799296590171.8423
191 13 208 1331.5823725933528 386244.5945999156 514316493.6787133
192 0 100 0.0 0.0 0.0
193 20 243 2902.6872563902634 3816865.2113300213 11079166008.286982
194 24 451 3832.71054120725 57657962.16093209 220986279358.73315
195 7 132 332.66880679862265 17424.0 5796421.289659201
196 27 492 4506.6139001521815 149414086.4312278 673351598789.5106
197 24 516 3832.71054120725 85474357.53383715 327598471122.855
198 25 302 4060.496712466729 22233652.732635874 90279673826.99487
199 15 315 1756.7778603087352 1974004.3791972483 3467887189.526215
