0 7 172 332.66880679862265 29584.0 9841673.980330452
1 3 158 32.9215577265747 629.8939717412368 20737.090752300537
2 1 32 1.0 78.7716859795011 78.7716859795011
3 1 28 1.0 66.57403288693754 66.57403288693754
4 0 100 0.0 0.0 0.0
5 2 118 9.541850352986048 64.62733255388774 616.6643359418604
6 0 6 0.0 6.0 0.0
7 1 9 1.0 15.931997307697284 15.931997307697284
8 0 5 0.0 5.0 0.0
9 8 170 459.67273235884244 43603.43660138131 20043310.842792507
10 0 6 0.0 6.0 0.0
11 0 100 0.0 0.0 0.0
12 1 110 1.0 18.1937008646705 18.1937008646705
13 0 100 0.0 0.0 0.0
14 2 50 9.541850352986048 282.0582186126376 2691.3573128316116
15 22 400 3370.209833397988 25113803.331545744 84638786941.99861
16 0 14 0.0 14.0 0.0
17 4 146 75.61186198841948 697.0692055589992 52706.70056710426
18 22 387 3370.209833397988 22861554.9925687 77048237442.7239
19 0 100 0.0 0.0 0.0
20 0 11 0.0 11.0 0.0
21 0 7 0.0 7.0 0.0
22 20 323 2902.6872563902634 8369499.780206239 24294040354.36576
23 0 100 0.0 0.0 0.0
24 25 383 4060.496712466729 44948604.38328597 182513660328.3003
25 0 5 0.0 5.0 0.0
26 0 5 0.0 5.0 0.0
27 4 140 75.61186198841948 548.8883970182196 41502.47372238642
28 1 117 1.0 35.503281577765854 35.503281577765854
29 6 210 225.58275470837765 8036.070233330496 1812798.8602646885
30 1 101 1.0 1.0 1.0
31 0 100 0.0 0.0 0.0
32 22 386 3370.209833397988 22693956.928053644 76483396797.63678
33 7 169 332.66880679862265 4761.0 1583836.1891682425
34 0 100 0.0 0.0 0.0
35 5 82 139.6884681067044 3003.520233876968 419557.14039776416
36 7 109 332.66880679862265 11881.0 3952438.093574436
37 1 15 1.0 30.323695983612147 30.323695983612147
38 0 6 0.0 6.0 0.0
39 0 100 0.0 0.0 0.0
40 0 100 0.0 0.0 0.0
41 0 100 0.0 0.0 0.0
42 0 100 0.0 0.0 0.0
43 19 310 2668.9360872348193 5788900.314780151 15450204955.52175
44 0 6 0.0 6.0 0.0
45 23 396 3602.4235623004615 31120712.492786575 112109987959.5927
46 2 113 9.541850352986048 40.41888428935346 385.6709453236695
47 1 101 1.0 1.0 1.0
48 6 82 225.58275470837765 4581.357643139669 1033475.277443727
49 0 100 0.0 0.0 0.0
50 2 10 9.541850352986048 27.685321443873434 264.16919419175593
51 7 209 332.66880679862265 11881.0 3952438.093574436
52 0 5 0.0 5.0 0.0
53 0 100 0.0 0.0 0.0
54 11 272 942.9223974109915 131244.92094536053 123753775.5058154
55 0 100 0.0 0.0 0.0
56 25 458 4060.496712466729 76349028.83078898 310014980567.44617
57 0 100 0.0 0.0 0.0
58 1 113 1.0 25.320989780782124 25.320989780782124
59 11 226 942.9223974109915 245223.9691790364 231227172.92093608
60 1 37 1.0 94.5824071263594 94.5824071263594
61 8 232 459.67273235884244 25761.522721704056 11841869.539210107
62 0 11 0.0 11.0 0.0
63 8 209 459.67273235884244 17298.876533787272 7951821.843024257
64 0 10 0.0 10.0 0.0
65 1 17 1.0 35.503281577765854 35.503281577765854
66 24 406 3832.71054120725 42401028.65531073 162510869485.2401
67 1 25 1.0 57.71571011139208 57.71571011139208
68 25 539 4060.496712466729 123686123.22867541 502227096747.79126
69 1 106 1.0 9.55892689827884 9.55892689827884
70 0 6 0.0 6.0 0.0
71 4 182 75.61186198841948 1873.1633591984112 141633.36939747448
72 17 209 2206.0678959513543 1203658.847953506 2655353142.148022
73 7 133 332.66880679862265 17689.0 5884578.523460836
74 0 100 0.0 0.0 0.0
75 0 9 0.0 9.0 0.0
76 28 458 4724.12231882448 149631069.10575923 706875473152.0853
77 7 107 332.66880679862265 11449.0 3808725.1690374305
78 0 100 0.0 0.0 0.0
79 0 100 0.0 0.0 0.0
80 0 100 0.0 0.0 0.0
81 0 100 0.0 0.0 0.0
82 2 10 9.541850352986048 27.685321443873434 264.16919419175593
83 0 100 0.0 0.0 0.0
84 1 17 1.0 35.503281577765854 35.503281577765854
85 3 36 32.9215577265747 295.444715883087 9726.500268956508
86 1 19 1.0 40.84402933782601 40.84402933782601
87 0 100 0.0 0.0 0.0
88 0 100 0.0 0.0 0.0
89 0 100 0.0 0.0 0.0
90 2 20 9.541850352986048 75.23327232919837 717.8646261306569
91 19 300 2668.9360872348193 5295921.904875905 14134477087.10067
92 0 5 0.0 5.0 0.0
93 0 100 0.0 0.0 0.0
94 1 14 1.0 27.799106543625292 27.799106543625292
95 1 103 1.0 3.9914906122521803 3.9914906122521803
96 0 5 0.0 5.0 0.0
97 0 100 0.0 0.0 0.0
98 8 132 459.67273235884244 25761.522721704056 11841869.539210107
99 0 100 0.0 0.0 0.0
100 6 79 225.58275470837765 4266.090224510861 962356.3846796412
101 21 403 3136.7198300107975 19960306.58463357 62609889477.11521
102 0 100 0.0 0.0 0.0
103 13 201 1331.5823725933528 355656.01713656815 473585283.12581354
104 7 83 332.66880679862265 6889.0 2291755.4100357112
105 12 316 1131.8354418063404 308377.0730000903 349032100.66200334
106 5 47 139.6884681067044 1092.4547337912052 152603.328239211
107 2 26 9.541850352986048 109.8359986590007 1048.0386625749609
108 10 109 766.6651705632711 33977.85568453712 26049638.52375986
109 0 100 0.0 0.0 0.0
110 13 289 1331.5823725933528 306617.40730741044 408286334.700824
111 7 113 332.66880679862265 12769.0 4247847.994011613
112 24 360 3832.71054120725 29831415.181761667 114335179426.26794
113 0 100 0.0 0.0 0.0
114 28 540 4724.12231882448 248187167.5717077 1172466537571.3357
115 15 272 1756.7778603087352 1363732.5899489343 2395775221.4037786
116 6 180 225.58275470837765 4369.987349380403 985793.784313993
117 2 27 9.541850352986048 115.98017876588344 1106.66550969663
118 0 100 0.0 0.0 0.0
119 20 474 2902.6872563902634 24114016.707668576 69995448997.73148
120 0 100 0.0 0.0 0.0
121 0 100 0.0 0.0 0.0
122 7 53 332.66880679862265 2809.0 934466.6782973311
123 12 173 1131.8354418063404 182976.5500999565 207099344.42258427
124 23 278 3602.4235623004615 11216183.695917742 40405444425.26435
125 0 100 0.0 0.0 0.0
126 7 220 332.66880679862265 14400.0 4790430.817900166
127 5 183 139.6884681067044 3070.409639894098 428900.8190568644
128 19 411 2668.9360872348193 12446816.53959254 33219757833.709747
129 21 370 3136.7198300107975 15710942.526400527 49280824970.720474
130 21 321 3136.7198300107975 10551778.918847682 33097974176.63942
131 19 414 2668.9360872348193 12694974.374791807 33882075235.40314
132 17 338 2206.0678959513543 4242644.852368622 9359562602.73369
133 17 239 2206.0678959513543 1710668.3916587061 3773850619.4570093
134 10 274 766.6651705632711 96147.26174298109 73712756.82337406
135 21 324 3136.7198300107975 10830433.996080315 33972037083.12821
136 23 409 3602.4235623004615 34159667.71442179 123057591854.7874
137 10 235 766.6651705632711 187589.15153005926 143818068.85361218
138 20 333 2902.6872563902634 9104002.73234056 26426072713.30708
139 0 100 0.0 0.0 0.0
140 3 64 32.9215577265747 736.4308795040106 24244.45171122346
141 16 308 1979.1134619514044 2504751.4965214226 4957187405.608474
142 22 338 3370.209833397988 15556170.651291622 52427559299.000206
143 20 419 2902.6872563902634 17158908.707052145 49806945637.52419
144 18 289 2436.3877014920204 3686921.245433308 8982769578.743355
145 4 128 75.61186198841948 298.26715011537044 22552.534590202584
146 20 304 2902.6872563902634 7080435.268983905 20552289224.97575
147 20 272 2902.6872563902634 5209439.616394123 15121373987.441803
148 19 266 2668.9360872348193 3820686.7532019024 10197168753.64059
149 13 208 1331.5823725933528 386244.5945999156 514316493.6787133
150 9 173 604.9491004987461 66332.16348879764 40127582.6366839
151 22 350 3370.209833397988 17178732.05443486 57895931695.16558
152 22 481 3370.209833397988 42429099.82405858 142994969449.26706
153 24 345 3832.71054120725 26340744.77811328 100956450174.3246
154 5 103 139.6884681067044 4545.356706035842 634933.9152646826
155 26 483 4285.277943143774 112678587.0 482859063535.7068
156 3 69 32.9215577265747 829.8335342600375 27319.412601589327
157 27 389 4506.6139001521815 73217078.73264088 329961104745.056
158 15 286 1756.7778603087352 1547585.1108618248 2718763259.7054935
159 20 335 2902.6872563902634 9255655.137418203 26866272216.92689
160 21 330 3136.7198300107975 11401844.515856873 35764391791.58811
161 16 242 1979.1134619514044 1347288.3860441179 2666436581.950694
162 17 305 2206.0678959513543 3241211.8990082243 7150333514.377567
163 5 83 139.6884681067044 3070.409639894098 428900.8190568644
164 9 288 604.9491004987461 79345.91287443922 48000238.621643886
165 3 26 32.9215577265747 176.25042831919396 5802.438650243859
166 24 372 3832.71054120725 32833195.53276576 125840134619.95013
167 18 368 2436.3877014920204 7026071.252348587 17118233589.028734
168 22 320 3370.209833397988 13314145.62905715 44871464522.34125
169 20 301 2902.6872563902634 6889330.625601458 19997572211.992516
170 12 196 1131.8354418063404 245392.4596504624 277743882.98442566
171 10 112 766.6651705632711 36092.75916782261 27671061.363497786
172 7 148 332.66880679862265 21904.0 7286777.544117031
173 8 279 459.67273235884244 48542.612462899684 22313715.306657497
174 0 100 0.0 0.0 0.0
175 12 242 1131.8354418063404 402854.0732554629 455964517.9865807
176 15 407 1756.7778603087352 3765007.5873630987 6614281973.373898
177 16 310 1979.1134619514044 2546786.030492052 5040378517.6566
178 8 173 459.67273235884244 45219.26451860866 20786062.8765261
179 15 275 1756.7778603087352 1401952.2349622357 2462918647.5920057
180 4 85 75.61186198841948 1991.8652456125124 150608.64005078256
181 20 351 2902.6872563902634 10527114.337398842 30556920633.73085
182 12 267 1131.8354418063404 507621.6062484529 574544124.9786619
183 10 130 766.6651705632711 50276.83473577485 38545498.078084216
184 16 207 1979.1134619514044 901595.8702962392 1784360524.1430793
185 10 316 766.6651705632711 155517.2846853203 119229685.58880788
186 14 197 1540.4353185285338 455659.37602342636 701913796.0451597
187 1 117 1.0 35.503281577765854 35.503281577765854
188 10 227 766.6651705632711 173681.91512088914 133155875.07991205
189 16 242 1979.1134619514044 1347288.3860441179 2666436581.950694
190 14 205 1540.4353185285338 502661.10893865814 774316925.4598279
191 12 224 1131.8354418063404 335907.49192777043 380192004.5321278
192 9 270 604.9491004987461 63878.767860182066 38643403.15798535
193 12 218 1131.8354418063404 315132.98931001755 356678686.1834565
194 9 214 604.9491004987461 104887.63073855339 63451677.868732505
195 17 348 2206.0678959513543 1884684.4024590454 4157741754.265162
196 2 16 9.541850352986048 54.53075711894446 520.3243240639966
197 10 216 766.6651705632711 39022.35413079504 29917079.785466347
198 13 230 1331.5823725933528 492152.9289485213 655342164.8080398
199 13 280 1331.5823725933528 790676.804581966 1052851295.399785
