0 24 426 3832.71054120725 48802302.07728306 187045097606.78326
1 0 100 0.0 0.0 0.0
2 0 100 0.0 0.0 0.0
3 2 52 9.541850352986048 298.47302352672085 2847.984924895254
4 16 345 1979.1134619514044 3353107.828373114 6636180842.50787
5 3 89 32.9215577265747 1242.9788737846095 40920.80074621283
6 0 100 0.0 0.0 0.0
7 6 125 225.58275470837765 10262.29633791766 2314997.077541162
8 1 36 1.0 91.37308344663872 91.37308344663872
9 0 100 0.0 0.0 0.0
10 2 29 9.541850352986048 128.5709592386038 1226.8048527946264
11 7 228 332.66880679862265 16384.0 5450445.730588634
12 0 100 0.0 0.0 0.0
13 0 100 0.0 0.0 0.0
14 2 40 9.541850352986048 204.4421003683832 1950.7559275652661
15 26 629 4285.277943143774 248858189.0 1066426508292.4045
16 0 100 0.0 0.0 0.0
17 5 86 139.6884681067044 3275.042744200361 457485.7039213258
18 29 695 4937.473672561782 677185368.8539822 3343584930160.5767
19 0 100 0.0 0.0 0.0
20 0 100 0.0 0.0 0.0
21 0 100 0.0 0.0 0.0
22 2 120 9.541850352986048 75.23327232919837 717.8646261306569
23 9 133 604.9491004987461 37644.33692394514 22772907.76101235
24 0 100 0.0 0.0 0.0
25 0 100 0.0 0.0 0.0
26 0 100 0.0 0.0 0.0
27 12 305 1131.8354418063404 694097.3510327105 785603981.9627185
28 3 65 32.9215577265747 754.7803226662346 24848.54396353912
29 0 10 0.0 10.0 0.0
30 5 75 139.6884681067044 2553.9502583266267 356757.3992063684
31 2 43 9.541850352986048 226.91812071099523 2165.21875020514
32 0 10 0.0 10.0 0.0
33 11 214 942.9223974109915 216429.11062204491 204075855.85726726
34 3 35 32.9215577265747 282.5239294230334 9301.12785163911
35 0 100 0.0 0.0 0.0
36 0 100 0.0 0.0 0.0
37 0 6 0.0 6.0 0.0
38 0 5 0.0 5.0 0.0
39 0 10 0.0 10.0 0.0
40 0 100 0.0 0.0 0.0
41 0 100 0.0 0.0 0.0
42 0 100 0.0 0.0 0.0
43 0 100 0.0 0.0 0.0
44 0 100 0.0 0.0 0.0
45 6 101 225.58275470837765 6825.411756924657 1539695.1861460118
46 0 100 0.0 0.0 0.0
47 0 100 0.0 0.0 0.0
48 13 208 1331.5823725933528 386244.5945999156 514316493.6787133
49 0 5 0.0 5.0 0.0
50 4 43 75.61186198841948 621.143248020611 46965.797544373054
51 1 17 1.0 35.503281577765854 35.503281577765854
52 0 100 0.0 0.0 0.0
53 2 141 9.541850352986048 211.85407612585806 2021.4798910630518
54 3 39 32.9215577265747 335.47304520277595 11044.29522335299
55 1 112 1.0 22.891970023971037 22.891970023971037
56 0 100 0.0 0.0 0.0
57 0 100 0.0 0.0 0.0
58 1 102 1.0 2.3948263510722025 2.3948263510722025
59 0 100 0.0 0.0 0.0
60 0 100 0.0 0.0 0.0
61 0 5 0.0 5.0 0.0
62 4 86 75.61186198841948 2032.1034843472744 153651.12820465246
63 1 122 1.0 49.12998068819353 49.12998068819353
64 1 106 1.0 9.55892689827884 9.55892689827884
65 3 46 32.9215577265747 435.9769523615719 14353.040404627594
66 0 100 0.0 0.0 0.0
67 0 100 0.0 0.0 0.0
68 0 100 0.0 0.0 0.0
69 18 413 2436.3877014920204 9558845.250616442 23289053009.06731
70 0 100 0.0 0.0 0.0
71 0 100 0.0 0.0 0.0
72 0 100 0.0 0.0 0.0
73 2 34 9.541850352986048 161.72412498062124 1543.1473990327004
74 0 100 0.0 0.0 0.0
75 0 7 0.0 7.0 0.0
76 0 100 0.0 0.0 0.0
77 27 422 4506.6139001521815 93755085.95514579 422517973575.4226
78 1 7 1.0 11.607984241186918 11.607984241186918
79 1 106 1.0 9.55892689827884 9.55892689827884
80 0 10 0.0 10.0 0.0
81 9 115 604.9491004987461 27519.39696484649 16647834.440151809
82 16 329 1979.1134619514044 2967696.4178144378 5873407931.481513
83 0 6 0.0 6.0 0.0
84 1 129 1.0 69.58346013935528 69.58346013935528
85 0 100 0.0 0.0 0.0
86 1 130 1.0 72.61998620345668 72.61998620345668
87 0 100 0.0 0.0 0.0
88 14 295 1540.4353185285338 1233402.6501916174 1899977004.321862
89 3 103 32.9215577265747 1567.4003085967454 51601.259740118745
90 2 13 9.541850352986048 40.41888428935346 385.6709453236695
91 3 134 32.9215577265747 269.81820202916316 8882.83551378369
92 16 335 1979.1134619514044 3108860.44983725 6152787567.6012
93 3 65 32.9215577265747 754.7803226662346 24848.54396353912
94 4 102 75.61186198841948 2720.557944067154 205706.4517983039
95 0 100 0.0 0.0 0.0
96 22 373 3370.209833397988 20587225.833118886 69383270945.16235
97 0 100 0.0 0.0 0.0
98 0 100 0.0 0.0 0.0
99 10 214 766.6651705632711 152332.9437676605 116788362.31603862
100 18 372 2436.3877014920204 7231710.279578148 17619249985.91762
101 17 388 2206.0678959513543 6090577.389605472 13436227247.015835
102 18 389 2436.3877014920204 8147526.586164821 19850533572.111237
103 0 100 0.0 0.0 0.0
104 19 454 2668.9360872348193 16306442.195338482 43520852029.54745
105 41 839 7106.788070274764 14557087053.171413 103454132607429.83
106 32 655 5549.980220652734 1079420473.8775523 5990762279788.016
107 23 528 3602.4235623004615 71356774.35444424 257057325264.2072
108 19 344 2668.9360872348193 7678544.792234537 20493545293.443745
109 5 211 139.6884681067044 5207.131000429813 727376.1526809717
110 18 549 2436.3877014920204 20430517.18853453 49776660813.26686
111 15 365 1756.7778603087352 2861366.128323333 5026784664.475755
112 22 354 3370.209833397988 17742965.512967017 59797516845.44282
113 21 314 3136.7198300107975 9919621.010148743 31115071928.7253
114 22 565 3370.209833397988 67059406.848792925 226004272383.6383
115 15 277 1756.7778603087352 1427786.7586369168 2508304166.815307
116 13 333 1331.5823725933528 507767.10188706696 676133722.2556313
117 17 432 2206.0678959513543 8070888.528002393 17804928073.42816
118 2 132 9.541850352986048 148.1842032776824 1413.95149235211
119 16 312 1979.1134619514044 2589248.8489619996 5124417253.322872
120 12 289 1131.8354418063404 611497.1828724915 692114184.139819
121 21 445 3136.7198300107975 26351716.677688375 82657952257.73138
122 0 100 0.0 0.0 0.0
123 23 384 3602.4235623004615 28477456.40921236 102587859962.9309
124 20 304 2902.6872563902634 7080435.268983905 20552289224.97575
125 23 426 3602.4235623004615 38417555.640370876 138396307644.86102
126 12 328 1131.8354418063404 823495.8950539443 932061840.2040888
127 14 256 1540.4353185285338 869421.7094878121 1339287907.9904802
128 29 615 4937.473672561782 463109206.53552055 2286589514790.1094
129 22 390 3370.209833397988 23369158.73786051 78758968576.576
130 0 100 0.0 0.0 0.0
131 29 709 4937.473672561782 720477868.757007 3557340508651.145
132 17 315 2206.0678959513543 3527165.8735808763 7781167397.401984
133 13 285 1331.5823725933528 825135.6459697201 1098736081.1717086
134 11 287 942.9223974109915 423784.2649788227 399595675.1188864
135 36 789 6295.82243666837 4505088179.659736 28363235240671.227
136 39 758 6798.773358825962 7052289825.331465 47946920183182.95
137 0 100 0.0 0.0 0.0
138 2 123 9.541850352986048 92.0346545141889 878.1809006631623
139 20 388 2902.6872563902634 13880031.0076863 40289389124.31273
140 19 304 2668.9360872348193 5489790.8007965 14651900779.615517
141 25 445 4060.496712466729 70106150.40698564 284665793251.26324
142 23 398 3602.4235623004615 31576245.2912143 113751010046.0494
143 16 266 1979.1134619514044 1718120.0730722018 3400354565.866125
144 15 242 1756.7778603087352 1015870.4259704453 1784658673.2872822
145 14 370 1540.4353185285338 2156403.863269482 3321800671.991685
146 4 218 75.61186198841948 3490.3453240355857 263911.508932904
147 17 342 2206.0678959513543 4375494.176372939 9652637231.418453
148 21 378 3136.7198300107975 16681434.616910586 52324986755.892006
149 34 730 5933.442745663244 2323373025.8606043 13785600825762.264
150 8 198 459.67273235884244 59876.459040592905 27523575.531161655
151 32 740 5549.980220652734 1596464411.833284 8860345908650.727
152 23 447 3602.4235623004615 44137707.556888595 159002717688.8626
153 17 502 2206.0678959513543 11963163.1352254 26391550126.649506
154 15 396 1756.7778603087352 1687582.038479474 2964706762.6554236
155 25 538 4060.496712466729 123007546.26231802 499471737206.7414
156 18 336 2436.3877014920204 5511729.468689084 13428709891.465233
157 15 431 1756.7778603087352 4349774.433352236 7641587421.850182
158 11 183 942.9223974109915 151258.56329001058 142625087.12635896
159 16 389 1979.1134619514044 4565514.544050261 9035671294.8648
160 18 371 2436.3877014920204 7179952.590684328 17493148189.239067
161 5 171 139.6884681067044 2311.8500842163953 322938.7967565438
162 16 336 1979.1134619514044 3132778.3997556516 6200123904.266988
163 21 349 3136.7198300107975 13338188.70272855 41838161000.27464
164 27 804 4506.6139001521815 663847735.4456521 2991705432143.924
165 14 209 1540.4353185285338 527196.8237004351 812112607.044211
166 13 222 1331.5823725933528 451902.215379468 601745024.1351843
167 19 333 2668.9360872348193 7030190.028455888 18763127867.0643
168 18 330 2436.3877014920204 5252992.122174724 12798325402.500965
169 28 627 4724.12231882448 392728240.3006662 1855296245237.041
170 25 442 4060.496712466729 68715240.71834683 279018009033.2072
171 21 485 3136.7198300107975 33539299.178167798 105203384816.82378
172 21 409 3136.7198300107975 20804219.62306283 65257008239.560936
173 20 466 2902.6872563902634 23007764.184391428 66784343896.06532
174 28 494 4724.12231882448 188791583.42599532 891874532868.9584
175 25 540 4060.496712466729 124367175.39346075 504992506823.9205
176 24 710 3832.71054120725 217335158.33857802 832982752339.2147
177 26 625 4285.277943143774 244140625.0 1046210435337.8354
178 21 433 3136.7198300107975 24408594.941947047 76562923777.10655
179 13 197 1331.5823725933528 338836.37386693084 451188542.6346561
180 19 441 2668.9360872348193 15069911.200997591 40220629835.766685
181 24 458 3832.71054120725 60313961.81154749 231165957217.0896
182 0 100 0.0 0.0 0.0
183 23 508 3602.4235623004615 63835395.39011417 229962132462.11356
184 12 270 1131.8354418063404 521134.6583635325 589838676.2894851
185 18 389 2436.3877014920204 8147526.586164821 19850533572.111237
186 14 255 1540.4353185285338 861069.9838108779 1326422614.787069
187 14 303 1540.4353185285338 1317539.8879790967 2029584977.0131285
188 29 496 4937.473672561782 237404137.93006188 1172176680786.9065
189 22 486 3370.209833397988 43695445.64494817 147262820587.3116
190 24 506 3832.71054120725 80720543.62033914 309378478425.65344
191 18 396 2436.3877014920204 8544646.829361916 20818072448.650158
192 23 447 3602.4235623004615 44137707.556888595 159002717688.8626
193 30 626 5146.386239304723 609683586.4050131 3137667219404.7114
194 32 560 5549.980220652734 652991370.4100035 3624089190032.4424
195 20 470 2902.6872563902634 23556750.486872304 68377879440.20937
196 28 601 4724.12231882448 344812337.6360474 1628935660032.494
197 25 400 4060.496712466729 51120194.09155698 207573380049.42822
198 25 524 4060.496712466729 113764888.73028101 461941956683.4493
199 18 369 2436.3877014920204 7077133.495842107 17242641011.086937
