0 0 100 0.0 0.0 0.0
1 0 10 0.0 10.0 0.0
2 1 34 1.0 85.02419427196995 85.02419427196995
3 0 100 0.0 0.0 0.0
4 0 100 0.0 0.0 0.0
5 0 6 0.0 6.0 0.0
6 2 121 9.541850352986048 80.71796600694597 770.1987524356932
7 0 5 0.0 5.0 0.0
8 0 100 0.0 0.0 0.0
9 1 18 1.0 38.15436697768484 38.15436697768484
10 1 36 1.0 91.37308344663872 91.37308344663872
11 40 1043 6955.50474228233 25568190221.222343 177839668335288.72
12 0 100 0.0 0.0 0.0
13 36 1186 6295.82243666837 13063467874.15882 82245274142825.55
14 1 36 1.0 91.37308344663872 91.37308344663872
15 0 10 0.0 10.0 0.0
16 2 118 9.541850352986048 64.62733255388774 616.6643359418604
17 0 100 0.0 0.0 0.0
18 3 154 32.9215577265747 562.3460860297637 18513.309133542207
19 3 159 32.9215577265747 647.2206215128941 21307.511052966296
20 1 56 1.0 159.43324825478544 159.43324825478544
21 0 100 0.0 0.0 0.0
22 1 108 1.0 13.734791927877684 13.734791927877684
23 0 100 0.0 0.0 0.0
24 0 100 0.0 0.0 0.0
25 0 100 0.0 0.0 0.0
26 29 648 4937.473672561782 544775102.6088111 2689812726598.1484
27 6 181 225.58275470837765 4475.076918624486 1009500.1788351899
28 0 100 0.0 0.0 0.0
29 4 162 75.61186198841948 1161.3060165688764 87808.51025112707
30 0 100 0.0 0.0 0.0
31 56 1368 8760.68123103637 1172818731343.2778 1.027469104708694e+16
32 1 105 1.0 7.59708563275366 7.59708563275366
33 1 107 1.0 11.607984241186918 11.607984241186918
34 0 100 0.0 0.0 0.0
35 0 100 0.0 0.0 0.0
36 0 100 0.0 0.0 0.0
37 0 5 0.0 5.0 0.0
38 0 100 0.0 0.0 0.0
39 0 100 0.0 0.0 0.0
40 43 1049 7393.130324549447 46173172578.64195 341364282371812.8
41 0 12 0.0 12.0 0.0
42 1 103 1.0 3.9914906122521803 3.9914906122521803
43 2 109 9.541850352986048 23.78240930402918 226.9281906125095
44 1 27 1.0 63.59241768810072 63.59241768810072
45 0 100 0.0 0.0 0.0
46 0 100 0.0 0.0 0.0
47 0 100 0.0 0.0 0.0
48 0 100 0.0 0.0 0.0
49 1 28 1.0 66.57403288693754 66.57403288693754
50 2 126 9.541850352986048 109.8359986590007 1048.0386625749609
51 20 528 2902.6872563902634 32474356.373224042 94262900404.03336
52 0 100 0.0 0.0 0.0
53 0 100 0.0 0.0 0.0
54 1 20 1.0 43.57075425423803 43.57075425423803
55 25 594 4060.496712466729 164942068.96008235 669746728759.8749
56 0 100 0.0 0.0 0.0
57 0 100 0.0 0.0 0.0
58 0 100 0.0 0.0 0.0
59 1 18 1.0 38.15436697768484 38.15436697768484
60 1 102 1.0 2.3948263510722025 2.3948263510722025
61 0 100 0.0 0.0 0.0
62 1 106 1.0 9.55892689827884 9.55892689827884
63 8 245 459.67273235884244 31320.350759055804 14397111.211852526
64 0 100 0.0 0.0 0.0
65 2 32 9.541850352986048 148.1842032776824 1413.95149235211
66 22 487 3370.209833397988 43951618.27491111 148126176103.86014
67 1 108 1.0 13.734791927877684 13.734791927877684
68 2 120 9.541850352986048 75.23327232919837 717.8646261306569
69 36 742 6295.82243666837 3671323178.892401 23113998841931.42
70 1 15 1.0 30.323695983612147 30.323695983612147
71 0 100 0.0 0.0 0.0
72 7 131 332.66880679862265 17161.0 5708929.393471164
73 0 6 0.0 6.0 0.0
74 0 100 0.0 0.0 0.0
75 5 207 139.6884681067044 4871.189817186799 680449.0434198013
76 1 6 1.0 9.55892689827884 9.55892689827884
77 26 757 4285.277943143774 433798093.0 1858945399710.7314
78 6 259 225.58275470837765 16260.024842230365 3667981.1955369795
79 2 112 9.541850352986048 36.01211998010309 343.62225974392254
80 0 100 0.0 0.0 0.0
81 3 150 32.9215577265747 497.6760852315066 16384.27196908475
82 2 143 9.541850352986048 226.91812071099523 2165.21875020514
83 1 118 1.0 38.15436697768484 38.15436697768484
84 0 100 0.0 0.0 0.0
85 1 10 1.0 18.1937008646705 18.1937008646705
86 1 42 1.0 110.9598727978785 110.9598727978785
87 2 53 9.541850352986048 306.7864203576611 2927.3101133810746
88 1 114 1.0 27.799106543625292 27.799106543625292
89 1 32 1.0 78.7716859795011 78.7716859795011
90 0 100 0.0 0.0 0.0
91 0 100 0.0 0.0 0.0
92 0 10 0.0 10.0 0.0
93 1 104 1.0 5.735193251789799 5.735193251789799
94 8 293 459.67273235884244 56774.16885989784 26097537.32723155
95 1 22 1.0 49.12998068819353 49.12998068819353
96 0 100 0.0 0.0 0.0
97 9 312 604.9491004987461 102787.11568060874 62180973.17384482
98 15 319 1756.7778603087352 2037779.4216011032 3579925772.061558
99 0 100 0.0 0.0 0.0
100 0 100 0.0 0.0 0.0
101 18 623 2436.3877014920204 17949584.033702582 43732145786.610504
102 42 1092 7252.650449022947 44065966330.46419 319595050493271.2
103 44 1080 7528.2761260995885 61597721168.95546 463724653698386.6
104 19 480 2668.9360872348193 18967428.21432948 50622853643.25984
105 31 620 5350.621552679651 733315746.7126272 3923695039279.955
106 36 695 6295.82243666837 2952051079.93455 18585589423243.03
107 3 178 32.9215577265747 1008.1216991286578 33188.93671327668
108 42 914 7252.650449022947 23625072995.49339 171344396268965.03
109 47 995 7902.318130854768 78489598472.99927 620249777096692.9
110 38 974 6636.579650383532 13640658386.469805 90527315865478.97
111 23 550 3602.4235623004615 80273800.13487035 289180229041.25494
112 43 1020 7393.130324549447 41822174335.100296 309196785315423.6
113 27 498 4506.6139001521815 155016125.13836652 698597824296.2926
114 38 688 6636.579650383532 4196259933.2877655 27848813280977.34
115 10 265 766.6651705632711 85435.8497069907 65500690.28782802
116 42 1009 7252.650449022947 33406154504.456425 242283161466875.84
117 5 295 139.6884681067044 14496.696630400025 2025021.344908203
118 17 283 2206.0678959513543 2663779.0645129196 5876477476.129284
119 43 1194 7393.130324549447 72928470082.55446 539169683690330.5
120 19 369 2668.9360872348193 9289270.093900293 24792468177.68167
121 33 780 5744.298091538941 2340258359.777281 13443141629776.686
122 0 100 0.0 0.0 0.0
123 33 638 5744.298091538941 1220478606.7370374 7010792931443.67
124 42 875 7252.650449022947 20278008772.54619 147069309429498.38
125 18 357 2436.3877014920204 6479538.527190129 15786667978.98975
126 32 574 5549.980220652734 706813129.6570219 3922798889294.1274
127 21 452 3136.7198300107975 27529753.494677793 86353123702.06488
128 50 1300 8230.818941038662 353053261214.5703 2905917469600356.0
129 29 560 4937.473672561782 346145882.54813975 1709086181947.1028
130 22 714 3370.209833397988 130478247.50745551 439739072794.1631
131 38 830 6636.579650383532 7928865118.185389 52620544893984.97
132 49 1149 8126.242482129881 188068205915.34763 1528287844447248.0
133 35 684 6117.310290426031 2296936528.2938924 14051073460987.672
134 30 567 5146.386239304723 446737640.35701907 2299084444912.825
135 30 650 5146.386239304723 686169793.0887927 3531294780978.7314
136 39 950 6798.773358825962 15264109813.69385 103777223147535.66
137 63 1502 9188.2629227812 5089554048015.983 4.676416075287622e+16
138 43 873 7393.130324549447 24143750775.372944 178497896005773.94
139 31 707 5350.621552679651 1112609464.3434527 5953152179631.44
140 22 540 3370.209833397988 58960938.74487216 198710735544.34457
141 20 574 2902.6872563902634 40891093.116947696 118694054890.43169
142 44 1282 7528.2761260995885 113351196268.55453 853339104733387.9
143 42 857 7252.650449022947 18853818531.82554 136740155440641.66
144 20 498 2902.6872563902634 27634476.572861243 80214242985.05962
145 35 823 6117.310290426031 2758459755.4155827 16874354247529.816
146 41 963 7106.788070274764 23505228229.506664 167046675570543.6
147 48 1418 8016.77096497358 341151140639.09436 2734930558943110.0
148 43 988 7393.130324549447 37371040861.93877 276288975456376.0
149 0 100 0.0 0.0 0.0
150 50 1260 8230.818941038662 314417293710.7358 2587911816464440.5
151 32 840 5549.980220652734 2397321059.688264 13305084463824.117
152 59 1296 8967.266196081293 1532627451981.6917 1.3743478341341628e+16
153 36 784 6295.82243666837 4410656431.101951 27768709719367.3
154 24 520 3832.71054120725 87426270.80851515 335079589706.2357
155 32 728 5549.980220652734 1514902408.6471581 8407678404210.913
156 38 963 6636.579650383532 13125250673.936666 87106771528830.81
157 27 604 4506.6139001521815 278526228.3332599 1255210172163.6294
158 26 564 4285.277943143774 179406144.0 768805191747.6757
159 43 974 7393.130324549447 35534821518.20344 262713566543682.06
160 47 1133 7902.318130854768 125836934201.62431 994403486672674.2
161 58 1337 8902.46046345971 1479170933171.7705 1.3168260751260492e+16
162 33 762 5744.298091538941 2169778172.1311817 12463852613235.998
163 1 104 1.0 5.735193251789799 5.735193251789799
164 18 513 2436.3877014920204 9558845.250616442 23289053009.06731
165 18 503 2436.3877014920204 16175900.447949631 39410764911.94374
166 29 628 4937.473672561782 288307955.19414055 1423512938361.191
167 33 711 5744.298091538941 1733606051.189278 9958349931326.928
168 30 847 5146.386239304723 1576145468.3792067 8111453349609.246
169 37 1203 6468.923834840442 22687011204.07912 146760547519359.6
170 29 791 4937.473672561782 1012297530.7952826 4998192407101.008
171 43 978 7393.130324549447 36052700275.021255 266542311685151.84
172 49 1348 8126.242482129881 338747535172.58905 2752744611036279.0
173 24 776 3832.71054120725 188284399.30251476 721639601951.6233
174 24 482 3832.71054120725 70028872.21374913 268400396722.49176
175 39 948 6798.773358825962 15154489440.382166 103031939073879.62
176 18 613 2436.3877014920204 17048322.226829812 41536322604.52121
177 37 886 6468.923834840442 8113340189.121175 52484579729574.83
178 30 827 5146.386239304723 1462161555.8575375 7524848110705.615
179 34 820 5933.442745663244 3398429983.0231857 20164389729413.383
180 41 810 7106.788070274764 12881647830.703503 91547141128724.45
181 39 1033 6798.773358825962 20327225326.780457 138200198010567.31
182 20 400 2902.6872563902634 15096845.7758247 43821421845.17554
183 32 741 5549.980220652734 1603394623.3245218 8898808445352.037
184 47 1044 7902.318130854768 93472891937.05637 738652528697629.0
185 36 772 6295.82243666837 4189685920.859897 26377518623143.32
186 39 845 6798.773358825962 10226078996.889585 69524793449302.625
187 25 633 4060.496712466729 199134944.30899683 808586786703.9268
188 63 1441 9188.2629227812 4311773343360.986 3.961770714224008e+16
189 53 1152 8516.089422990353 372876715949.86053 3175451456779985.5
190 32 867 5549.980220652734 2653365740.4128027 14726127377448.65
191 47 1109 7902.318130854768 116416793318.61606 919962536577671.9
192 30 687 5146.386239304723 816509055.1701926 4202070965795.58
193 54 1080 8602.009448624298 343531317877.8165 2955059642283335.0
194 39 941 6798.773358825962 10061473866.45242 68405680473760.35
195 68 1593 9385.840957235298 13617554609898.16 1.2781220179497048e+17
196 43 1175 7393.130324549447 50341693997.59873 372182704482836.06
197 16 520 1979.1134619514044 5560484.162346524 11004829060.667583
198 36 900 6295.82243666837 6985402656.453585 43978854773663.31
199 52 1174 8425.648590871551 339273971498.9004 2858603259879105.0
