0 3 158 32.9215577265747 629.8939717412368 20737.090752300537
1 0 100 0.0 0.0 0.0
2 0 100 0.0 0.0 0.0
3 23 367 3602.4235623004615 24990621.58204598 90026804023.69687
4 0 100 0.0 0.0 0.0
5 0 100 0.0 0.0 0.0
6 0 100 0.0 0.0 0.0
7 21 562 3136.7198300107975 50683815.947395526 158980930542.81305
8 3 53 32.9215577265747 545.90532331836 17972.053614869816
9 2 37 9.541850352986048 182.69988024795316 1743.2949168344405
10 1 114 1.0 27.799106543625292 27.799106543625292
11 1 104 1.0 5.735193251789799 5.735193251789799
12 0 6 0.0 6.0 0.0
13 1 11 1.0 20.51504931294799 20.51504931294799
14 0 5 0.0 5.0 0.0
15 1 38 1.0 97.81435774219185 97.81435774219185
16 0 6 0.0 6.0 0.0
17 2 134 9.541850352986048 161.72412498062124 1543.1473990327004
18 22 597 3370.209833397988 78433525.6282488 264337439340.3972
19 8 292 459.67273235884244 56163.98943503071 25817054.483773723
20 0 100 0.0 0.0 0.0
21 40 1080 6955.50474228233 28833946682.474213 200554652888665.25
22 0 100 0.0 0.0 0.0
23 0 100 0.0 0.0 0.0
24 0 10 0.0 10.0 0.0
25 5 152 139.6884681067044 9218.768601942495 1287755.663835532
26 1 10 1.0 18.1937008646705 18.1937008646705
27 0 10 0.0 10.0 0.0
28 0 100 0.0 0.0 0.0
29 0 5 0.0 5.0 0.0
30 3 158 32.9215577265747 629.8939717412368 20737.090752300537
31 0 100 0.0 0.0 0.0
32 0 5 0.0 5.0 0.0
33 7 211 332.66880679862265 12321.0 4098812.36856583
34 2 21 9.541850352986048 80.71796600694597 770.1987524356932
35 1 10 1.0 18.1937008646705 18.1937008646705
36 0 100 0.0 0.0 0.0
37 0 100 0.0 0.0 0.0
38 1 57 1.0 163.02855966848514 163.02855966848514
39 0 100 0.0 0.0 0.0
40 0 10 0.0 10.0 0.0
41 2 40 9.541850352986048 204.4421003683832 1950.7559275652661
42 1 21 1.0 46.33316012586883 46.33316012586883
43 0 100 0.0 0.0 0.0
44 0 10 0.0 10.0 0.0
45 0 9 0.0 9.0 0.0
46 0 100 0.0 0.0 0.0
47 12 282 1131.8354418063404 577239.0748257453 653339643.2832806
48 1 9 1.0 15.931997307697284 15.931997307697284
49 13 244 1331.5823725933528 567478.1203018626 755643861.8263704
50 0 100 0.0 0.0 0.0
51 0 100 0.0 0.0 0.0
52 1 122 1.0 49.12998068819353 49.12998068819353
53 2 128 9.541850352986048 122.22584512913716 1166.2607234894754
54 0 9 0.0 9.0 0.0
55 1 9 1.0 15.931997307697284 15.931997307697284
56 1 121 1.0 46.33316012586883 46.33316012586883
57 2 61 9.541850352986048 375.74324992186104 3585.2858618990344
58 0 100 0.0 0.0 0.0
59 1 16 1.0 32.892441635375256 32.892441635375256
60 0 100 0.0 0.0 0.0
61 4 151 75.61186198841948 831.5797944458234 62877.296649995835
62 1 26 1.0 60.63937356224698 60.63937356224698
63 0 100 0.0 0.0 0.0
64 0 100 0.0 0.0 0.0
65 0 100 0.0 0.0 0.0
66 1 10 1.0 18.1937008646705 18.1937008646705
67 0 100 0.0 0.0 0.0
68 1 12 1.0 22.891970023971037 22.891970023971037
69 20 684 2902.6872563902634 42886764.7657246 124486865553.27576
70 1 109 1.0 15.931997307697284 15.931997307697284
71 1 33 1.0 81.88562674252243 81.88562674252243
72 1 101 1.0 1.0 1.0
73 0 100 0.0 0.0 0.0
74 0 5 0.0 5.0 0.0
75 0 100 0.0 0.0 0.0
76 0 10 0.0 10.0 0.0
77 0 5 0.0 5.0 0.0
78 1 108 1.0 13.734791927877684 13.734791927877684
79 1 10 1.0 18.1937008646705 18.1937008646705
80 0 100 0.0 0.0 0.0
81 2 39 9.541850352986048 197.11162840858907 1880.8096611081503
82 1 10 1.0 18.1937008646705 18.1937008646705
83 2 50 9.541850352986048 282.0582186126376 2691.3573128316116
84 0 100 0.0 0.0 0.0
85 1 10 1.0 18.1937008646705 18.1937008646705
86 0 100 0.0 0.0 0.0
87 0 100 0.0 0.0 0.0
88 10 187 766.6651705632711 112857.51981217459 86523929.67614858
89 3 150 32.9215577265747 497.6760852315066 16384.27196908475
90 1 19 1.0 40.84402933782601 40.84402933782601
91 0 5 0.0 5.0 0.0
92 1 47 1.0 127.85310766976465 127.85310766976465
93 1 100 1.0 331.01075115311215 331.01075115311215
94 0 100 0.0 0.0 0.0
95 1 117 1.0 35.503281577765854 35.503281577765854
96 0 18 0.0 18.0 0.0
97 1 112 1.0 22.891970023971037 22.891970023971037
98 0 100 0.0 0.0 0.0
99 0 10 0.0 10.0 0.0
100 25 499 4060.496712466729 98426549.06750332 399660678908.0424
101 8 339 459.67273235884244 88565.99345860891 40711372.20719412
102 4 80 75.61186198841948 1795.7178600152838 135777.5710016156
103 22 264 3370.209833397988 7704056.264910789 25964286181.053715
104 27 724 4506.6139001521815 482892647.11948335 2176210715789.946
105 2 122 9.541850352986048 86.31942417916456 823.6470280735138
106 5 101 139.6884681067044 4386.2526434047795 612708.9124861964
107 34 865 5933.442745663244 4047384289.80993 24014922953284.11
108 49 1422 8126.242482129881 412459608453.08026 3351746792374078.0
109 34 903 5933.442745663244 4658548523.739405 27641230943501.785
110 39 912 6798.773358825962 13275165731.383476 90254843108529.34
111 34 706 5933.442745663244 2082711341.0709543 12357648497988.02
112 36 1191 6295.82243666837 13264962158.222145 83513846377291.86
113 54 1193 8602.009448624298 501553593233.5466 4314368747986435.5
114 22 648 3370.209833397988 99025107.05125563 333735389537.4302
115 10 352 766.6651705632711 460744.5251428449 353236779.95473254
116 19 574 2668.9360872348193 30820454.82063755 82257824095.7899
117 34 790 5933.442745663244 3008363825.559824 17849954517083.66
118 20 428 2902.6872563902634 18195074.289133117 52814610268.14083
119 37 933 6468.923834840442 9653149836.592722 62445491059220.78
120 24 582 3832.71054120725 121530099.06251563 465789691750.865
121 28 571 4724.12231882448 294618149.68964857 1391812176479.6404
122 32 943 5549.980220652734 3474148430.510032 19281455072942.418
123 40 1095 6955.50474228233 30238494603.650917 210323992615172.6
124 35 1029 6117.310290426031 8846600404.854101 54117399691901.086
125 8 231 459.67273235884244 25357.227736120636 11656026.158507997
126 43 1016 7393.130324549447 41246034087.19759 304937305377460.7
127 29 681 4937.473672561782 635692079.4666495 3138712906222.6343
128 43 1026 7393.130324549447 42697168222.167244 315665729155693.7
129 41 1309 7106.788070274764 68322737960.15178 485555219063715.44
130 33 864 5744.298091538941 3259601993.584181 18724125510922.137
131 20 518 2902.6872563902634 30805623.04427443 89419089435.77762
132 16 440 1979.1134619514044 6267021.762738063 12403147136.97732
133 47 1037 7902.318130854768 91215231212.58911 720811775421352.8
134 11 323 942.9223974109915 237835.15281631702 224260092.48217118
135 30 1100 5146.386239304723 3582384007.677201 18436331761015.25
136 40 638 6955.50474228233 4694950530.203757 32655750677613.17
137 34 776 5933.442745663244 2837457187.765155 16835889766875.188
138 14 399 1540.4353185285338 1275058.6936311622 1964145444.8662956
139 34 1000 5933.442745663244 6504275534.22838 38592746484362.305
140 21 612 3136.7198300107975 64355710.53589582 201865833412.3792
141 42 862 7252.650449022947 19242011122.195526 139555580605495.92
142 21 489 3136.7198300107975 34320151.440754436 107652699593.18808
143 33 817 5744.298091538941 2719374008.453255 15620894926938.633
144 48 1110 8016.77096497358 139241202468.61755 1116264829078420.8
145 47 1408 7902.318130854768 277192480851.71954 2190463167171156.5
146 21 636 3136.7198300107975 71679851.98369251 224839613129.4871
147 31 764 5350.621552679651 911643743.988019 4877860664947.864
148 37 1062 6468.923834840442 14919566454.137117 96513539040653.5
149 33 946 5744.298091538941 4372522418.124575 25117072181644.23
150 23 602 3602.4235623004615 104170246.12756704 375265349140.5859
151 32 848 5549.980220652734 2471327079.2856913 13715816408799.076
152 26 674 4285.277943143774 306182024.0 1312075074034.3176
153 21 557 3136.7198300107975 49430414.60217696 155049361688.30374
154 20 646 2902.6872563902634 56652415.950954944 164444245824.5574
155 39 858 6798.773358825962 10774209208.24152 73251406527409.8
156 31 1015 5350.621552679651 2523050365.6730647 13499887665066.576
157 23 760 3602.4235623004615 135822606.02125677 489290556224.02795
158 45 1425 7658.1450374688 199650147446.76422 1528949785899351.8
159 24 438 3832.71054120725 52931859.87644505 202872497314.15604
160 60 1517 9028.149747574074 3326141938968.7046 3.0028907506695852e+16
161 50 1071 8230.818941038662 172092311612.3746 1416460658026260.5
162 32 788 5549.980220652734 1953022651.4545908 10839237086059.736
163 15 221 1756.7778603087352 808161.8580406137 1419760859.7517211
164 38 922 6636.579650383532 11324770898.284386 75157744088809.78
165 26 659 4285.277943143774 174676879.0 748538976755.8939
166 52 1118 8425.648590871551 282369977515.9032 2379150203161301.5
167 49 1087 8126.242482129881 153308162200.0938 1245819300527660.8
168 32 1064 5549.980220652734 3728460355.2591796 20692881225176.312
169 34 854 5933.442745663244 3881441817.8488755 23030312796829.363
170 46 1114 7782.801884860074 99009926903.56233 770574645724903.1
171 0 100 0.0 0.0 0.0
172 50 1177 8230.818941038662 244207416713.0467 2010027031023866.2
173 47 1199 7902.318130854768 154586469395.62268 1221591459889854.8
174 19 572 2668.9360872348193 30529827.92424221 81482159484.07933
175 44 1068 7528.2761260995885 59197696920.19911 445656608444414.1
176 9 320 604.9491004987461 249564.04548839424 150973544.83503225
177 47 1228 7902.318130854768 168613341581.47568 1332436266283303.5
178 43 1224 7393.130324549447 79605667485.29247 588535074291515.6
179 49 1264 8126.242482129881 267259973638.07043 2171819351550600.0
180 21 427 3136.7198300107975 23472662.92874022 73627167271.73877
181 66 1914 9316.627717729301 21368056607853.125 1.990782284667332e+17
182 36 1019 6295.82243666837 10565833180.292439 66520609598580.25
183 17 585 2206.0678959513543 10930362.07621758 24113120867.467796
184 53 1297 8516.089422990353 430989650043.52435 3670346400153971.5
185 40 933 6955.50474228233 11776559940.216131 81911918511945.4
186 61 1188 9085.210990399466 1478394001440.7095 1.3431521430029778e+16
187 47 1209 7902.318130854768 159323784676.98862 1259027232329368.2
188 18 663 2436.3877014920204 33801140.2532491 82352682409.42299
189 35 942 6117.310290426031 6608451629.497097 40425949156905.266
190 28 570 4724.12231882448 293035805.05188245 1384336986860.2974
191 45 1199 7658.1450374688 107536653988.80574 823531293090372.1
192 28 625 4724.12231882448 388892188.612046 1837174267838.666
193 29 702 4937.473672561782 698604208.7345381 3449339888167.6377
194 20 453 2902.6872563902634 21280094.115186263 61769458002.93661
195 38 706 6636.579650383532 4580354597.714089 30397888114729.973
196 40 895 6955.50474228233 15084366679.226898 104919383971688.25
197 31 629 5350.621552679651 767647707.6052984 4107392369178.0366
198 39 801 6798.773358825962 8516938690.754531 57904735869455.97
199 48 1112 8016.77096497358 140161469229.0351 1123642396923366.4
