0 0 100 0.0 0.0 0.0
1 0 100 0.0 0.0 0.0
2 45 1114 7658.1450374688 82629570674.42484 632789236608524.0
3 0 100 0.0 0.0 0.0
4 0 100 0.0 0.0 0.0
5 1 10 1.0 18.1937008646705 18.1937008646705
6 1 116 1.0 32.892441635375256 32.892441635375256
7 1 23 1.0 51.960050539976365 51.960050539976365
8 0 6 0.0 6.0 0.0
9 2 78 9.541850352986048 535.6395391463575 5110.992325676955
10 4 55 75.61186198841948 946.1899645328139 71543.18501308264
11 1 44 1.0 117.65777237975428 117.65777237975428
12 0 100 0.0 0.0 0.0
13 23 555 3602.4235623004615 82396876.99983498 296828451164.1785
14 0 100 0.0 0.0 0.0
15 5 224 139.6884681067044 6367.950129749906 889529.1986046539
16 0 100 0.0 0.0 0.0
17 0 100 0.0 0.0 0.0
18 1 39 1.0 101.06849300292524 101.06849300292524
19 0 100 0.0 0.0 0.0
20 0 100 0.0 0.0 0.0
21 0 100 0.0 0.0 0.0
22 0 5 0.0 5.0 0.0
23 0 100 0.0 0.0 0.0
24 1 18 1.0 38.15436697768484 38.15436697768484
25 28 637 4724.12231882448 412291859.0993837 1947717173441.0364
26 0 100 0.0 0.0 0.0
27 1 10 1.0 18.1937008646705 18.1937008646705
28 0 100 0.0 0.0 0.0
29 1 43 1.0 114.29870016819844 114.29870016819844
30 1 37 1.0 94.5824071263594 94.5824071263594
31 2 32 9.541850352986048 148.1842032776824 1413.95149235211
32 0 100 0.0 0.0 0.0
33 0 100 0.0 0.0 0.0
34 0 100 0.0 0.0 0.0
35 1 105 1.0 7.59708563275366 7.59708563275366
36 30 590 5146.386239304723 506175242.9849927 2604973305174.691
37 27 576 4506.6139001521815 241139563.7468149 1086722909858.0292
38 51 1105 8330.590095344352 228761879980.54642 1905721451558293.5
39 0 100 0.0 0.0 0.0
40 1 18 1.0 38.15436697768484 38.15436697768484
41 0 100 0.0 0.0 0.0
42 1 112 1.0 22.891970023971037 22.891970023971037
43 0 100 0.0 0.0 0.0
44 1 46 1.0 124.43529823617882 124.43529823617882
45 1 10 1.0 18.1937008646705 18.1937008646705
46 2 43 9.541850352986048 226.91812071099523 2165.21875020514
47 17 309 2206.0678959513543 3353800.745205272 7398712153.415078
48 0 100 0.0 0.0 0.0
49 1 111 1.0 20.51504931294799 20.51504931294799
50 0 100 0.0 0.0 0.0
51 28 620 4724.12231882448 379412794.09760404 1792392448644.0483
52 0 100 0.0 0.0 0.0
53 17 291 2206.0678959513543 2865671.121395722 6321865061.266019
54 1 110 1.0 18.1937008646705 18.1937008646705
55 0 9 0.0 9.0 0.0
56 34 842 5933.442745663244 2450651247.7664623 14540798868210.492
57 0 5 0.0 5.0 0.0
58 3 127 32.9215577265747 187.1321231368427 6160.680994346051
59 0 100 0.0 0.0 0.0
60 1 41 1.0 107.64164596635766 107.64164596635766
61 0 100 0.0 0.0 0.0
62 2 130 9.541850352986048 135.01359299654277 1288.2794999919763
63 1 103 1.0 3.9914906122521803 3.9914906122521803
64 4 48 75.61186198841948 749.6906189831174 56685.50361656424
65 1 64 1.0 188.64450930209398 188.64450930209398
66 29 739 4937.473672561782 521607061.1667365 2575421131933.0845
67 5 259 139.6884681067044 10004.69947362246 1397541.1433382733
68 21 538 3136.7198300107975 44849679.08605037 140680877758.83475
69 0 100 0.0 0.0 0.0
70 1 113 1.0 25.320989780782124 25.320989780782124
71 29 691 4937.473672561782 665148305.0590458 3284152244578.1313
72 1 103 1.0 3.9914906122521803 3.9914906122521803
73 0 100 0.0 0.0 0.0
74 0 100 0.0 0.0 0.0
75 1 9 1.0 15.931997307697284 15.931997307697284
76 4 161 75.61186198841948 1129.4605717070829 85400.6168692773
77 35 948 6117.310290426031 6748458224.659014 41282412942216.77
78 23 422 3602.4235623004615 37386215.814839445 134680984756.62776
79 0 10 0.0 10.0 0.0
80 40 717 6955.50474228233 7021831162.863429 48840379952802.43
81 1 112 1.0 22.891970023971037 22.891970023971037
82 0 18 0.0 18.0 0.0
83 1 115 1.0 30.323695983612147 30.323695983612147
84 0 100 0.0 0.0 0.0
85 0 100 0.0 0.0 0.0
86 1 107 1.0 11.607984241186918 11.607984241186918
87 7 130 332.66880679862265 16900.0 5622102.834896723
88 1 104 1.0 5.735193251789799 5.735193251789799
89 1 103 1.0 3.9914906122521803 3.9914906122521803
90 1 41 1.0 107.64164596635766 107.64164596635766
91 0 100 0.0 0.0 0.0
92 0 6 0.0 6.0 0.0
93 28 516 4724.12231882448 215833732.13960344 1019624951155.8851
94 0 100 0.0 0.0 0.0
95 0 9 0.0 9.0 0.0
96 6 110 225.58275470837765 8036.070233330496 1812798.8602646885
97 0 100 0.0 0.0 0.0
98 2 9 9.541850352986048 23.78240930402918 226.9281906125095
99 1 42 1.0 110.9598727978785 110.9598727978785
100 2 49 9.541850352986048 273.9583678426836 2614.069748903192
101 24 530 3832.71054120725 92433833.84739015 354272129351.09174
102 21 349 3136.7198300107975 13338188.70272855 41838161000.27464
103 28 580 4724.12231882448 309119442.29573536 1460318056531.8594
104 23 492 3602.4235623004615 58206438.331817925 209684244924.12967
105 21 480 3136.7198300107975 32579424.024859205 102192525389.10606
106 4 161 75.61186198841948 1129.4605717070829 85400.6168692773
107 1 23 1.0 51.960050539976365 51.960050539976365
108 36 677 6295.82243666837 2704888794.8629346 17029499563390.932
109 25 526 4060.496712466729 115056078.90531471 467184830144.34296
110 25 509 4060.496712466729 104385647.25738297 423857577517.3152
111 13 253 1331.5823725933528 619244.7509951711 824575394.74613
112 30 542 5146.386239304723 387732729.44084716 1995422383322.437
113 27 571 4506.6139001521815 234839315.4620672 1058330123363.5751
114 38 718 6636.579650383532 4849778434.241768 32185940865557.824
115 5 228 139.6884681067044 6746.128809296412 942356.3990211216
116 28 568 4724.12231882448 289888332.1621043 1369467939933.8013
117 23 457 3602.4235623004615 47046356.28687297 169480902408.21362
118 23 518 3602.4235623004615 67527684.6797981 243263322398.10056
119 26 808 4285.277943143774 527514112.0 2260544588850.6743
120 13 255 1331.5823725933528 631108.7468210144 840373282.456344
121 33 649 5744.298091538941 1289974448.052895 7409997760084.243
122 42 884 7252.650449022947 21018182093.00436 152437527794474.16
123 12 308 1131.8354418063404 710257.1622614001 803894229.0442494
124 9 136 604.9491004987461 39497.557201796815 23894011.701124758
125 31 747 5350.621552679651 1325025669.6795967 7089710906041.438
126 17 511 2206.0678959513543 7082775.241555386 15625083074.634436
127 13 281 1331.5823725933528 797499.8208255961 1061936703.557721
128 28 591 4724.12231882448 327487593.11648697 1547091447779.7063
129 29 636 4937.473672561782 514035459.50157744 2538036548052.237
130 35 563 6117.310290426031 1207754369.1943514 7388208230979.606
131 29 609 4937.473672561782 449214088.4214061 2217982734924.533
132 34 602 5933.442745663244 1236643270.3736703 7337552041571.924
133 17 534 2206.0678959513543 14066312.990692697 31031241503.170643
134 28 711 4724.12231882448 577892368.0509474 2730034233787.812
135 15 481 1756.7778603087352 5735642.593314798 10076249922.579216
136 26 488 4285.277943143774 116214272.0 498010456480.1111
137 2 114 9.541850352986048 44.97826169706515 429.17584225083993
138 30 864 5146.386239304723 1677673544.417926 8633956043037.996
139 7 161 332.66880679862265 25921.0 8623108.141027099
140 18 525 2436.3877014920204 18133330.20249741 44179822692.4585
141 44 1073 7528.2761260995885 60189378599.09453 453122261952332.8
142 1 39 1.0 101.06849300292524 101.06849300292524
143 1 25 1.0 57.71571011139208 57.71571011139208
144 35 774 6117.310290426031 3454717127.3089213 21133576633397.92
145 20 463 2902.6872563902634 22601425.95366459 65604871091.95036
146 4 144 75.61186198841948 646.0476428878335 48848.86521197858
147 31 666 5350.621552679651 920390067.286508 4924658930895.464
148 34 625 5933.442745663244 1398005667.5813954 8294986586706.931
149 39 921 6798.773358825962 13728571018.525295 93337442895499.97
150 38 918 6636.579650383532 11159018673.74979 74057716248457.69
151 34 649 5933.442745663244 1581389619.570476 9383084766307.598
152 1 53 1.0 148.74811262526265 148.74811262526265
153 18 437 2436.3877014920204 5555610.561352802 13535621245.959146
154 32 545 5549.980220652734 598529721.8709747 3321828117856.6914
155 30 701 5146.386239304723 869928429.2268758 4476987697353.166
156 18 309 2436.3877014920204 4407672.436696957 10738798916.973831
157 8 144 459.67273235884244 30872.72070965809 14191347.883959955
158 38 674 6636.579650383532 3913666452.134603 25973359134625.223
159 34 714 5933.442745663244 2160907018.1251817 12821618070747.65
160 1 105 1.0 7.59708563275366 7.59708563275366
161 28 639 4724.12231882448 416281864.4278491 1966566446665.4685
162 25 443 4060.496712466729 69176826.43001583 280892276297.9608
163 22 637 3370.209833397988 94319076.21518855 317875078137.44275
164 27 699 4506.6139001521815 434018281.0898639 1955952818479.7373
165 34 692 5933.442745663244 1950632082.7597277 11573963780908.691
166 36 862 6295.82243666837 6050084729.448644 38090259183407.45
167 33 594 5744.298091538941 968258462.5257022 5561965238402.82
168 22 495 3370.209833397988 46036123.76704495 155151397011.2217
169 33 648 5744.298091538941 1283546388.8486748 7373073071865.142
170 12 230 1131.8354418063404 357447.7632466928 404572047.0370087
171 29 592 4937.473672561782 411384689.0879362 2031201071666.6995
172 25 766 4060.496712466729 350361510.81670403 1422641762846.103
173 29 538 4937.473672561782 305615554.12732315 1508968752429.0383
174 19 494 2668.9360872348193 20506893.90059574 54731589168.39558
175 31 719 5350.621552679651 1173677804.1630301 6279905754856.437
176 37 811 6468.923834840442 6026380785.501499 38984198301155.12
177 26 432 4285.277943143774 80621568.0 345485827092.0659
178 30 726 5146.386239304723 971160361.2437751 4997966319263.168
179 34 810 5933.442745663244 3264730668.3501763 19371092500666.668
180 19 312 2668.9360872348193 5890839.205269608 15722273339.041739
181 36 744 6295.82243666837 3704401781.780379 23322255852167.195
182 37 840 6468.923834840442 6781957163.673364 43871964342953.51
183 32 750 5549.980220652734 1666701027.55297 9250157736660.57
184 52 1042 8425.648590871551 216757194293.52756 1826319948660531.5
185 33 717 5744.298091538941 1781449663.5215626 10233177902339.6
186 39 1016 6798.773358825962 19205774686.431892 130575709273727.19
187 25 584 4060.496712466729 156850960.73615563 636892810416.408
188 32 687 5549.980220652734 1257871064.2340267 6981159526630.252
189 34 786 5933.442745663244 2958824077.3926544 17556013257699.186
190 33 662 5744.298091538941 1375576767.5809011 7901723000780.275
191 20 503 2902.6872563902634 28406728.998886775 82455850260.80038
192 40 780 6955.50474228233 9387943556.63925 65297885928483.15
193 33 620 5744.298091538941 1112410478.451552 6390017388377.17
194 27 562 4506.6139001521815 223778815.8608992 1008484722118.3239
195 31 864 5350.621552679651 2103051983.9659636 11252635271813.986
196 30 652 5146.386239304723 692824039.370165 3565540102474.131
197 43 1157 7393.130324549447 65258009728.66977 482460970644771.3
198 25 777 4060.496712466729 243000855.32978222 986704174193.184
199 44 940 7528.2761260995885 37592270397.33528 283004991758139.5
