0 13 278 1331.5823725933528 777133.5494315446 1034817335.5739498
1 52 1055 8425.648590871551 227091116500.9142 1913389945745375.2
2 1 11 1.0 20.51504931294799 20.51504931294799
3 2 147 9.541850352986048 257.9778488812911 2461.586028410529
4 1 24 1.0 54.8222930413608 54.8222930413608
5 0 100 0.0 0.0 0.0
6 0 100 0.0 0.0 0.0
7 1 113 1.0 25.320989780782124 25.320989780782124
8 0 100 0.0 0.0 0.0
9 0 100 0.0 0.0 0.0
10 3 68 32.9215577265747 810.8239638778247 26693.587932893923
11 0 10 0.0 10.0 0.0
12 0 9 0.0 9.0 0.0
13 0 100 0.0 0.0 0.0
14 1 45 1.0 121.03674784737703 121.03674784737703
15 0 100 0.0 0.0 0.0
16 1 12 1.0 22.891970023971037 22.891970023971037
17 0 5 0.0 5.0 0.0
18 1 115 1.0 30.323695983612147 30.323695983612147
19 0 100 0.0 0.0 0.0
20 1 112 1.0 22.891970023971037 22.891970023971037
21 1 30 1.0 72.61998620345668 72.61998620345668
22 0 100 0.0 0.0 0.0
23 0 100 0.0 0.0 0.0
24 0 100 0.0 0.0 0.0
25 0 100 0.0 0.0 0.0
26 0 100 0.0 0.0 0.0
27 2 129 9.541850352986048 128.5709592386038 1226.8048527946264
28 4 59 75.61186198841948 1066.8769814059906 80668.55507669134
29 3 40 32.9215577265747 349.23013798641597 11497.20014757944
30 1 26 1.0 60.63937356224698 60.63937356224698
31 1 105 1.0 7.59708563275366 7.59708563275366
32 1 116 1.0 32.892441635375256 32.892441635375256
33 0 7 0.0 7.0 0.0
34 0 100 0.0 0.0 0.0
35 0 10 0.0 10.0 0.0
36 0 100 0.0 0.0 0.0
37 0 100 0.0 0.0 0.0
38 0 6 0.0 6.0 0.0
39 1 6 1.0 9.55892689827884 9.55892689827884
40 0 100 0.0 0.0 0.0
41 0 100 0.0 0.0 0.0
42 1 23 1.0 51.960050539976365 51.960050539976365
43 1 106 1.0 9.55892689827884 9.55892689827884
44 0 100 0.0 0.0 0.0
45 0 10 0.0 10.0 0.0
46 18 562 2436.3877014920204 21747078.29349993 52984314097.667305
47 1 29 1.0 69.58346013935528 69.58346013935528
48 0 100 0.0 0.0 0.0
49 8 240 459.67273235884244 89338.54998123541 41066495.374851495
50 0 100 0.0 0.0 0.0
51 0 5 0.0 5.0 0.0
52 0 100 0.0 0.0 0.0
53 29 700 4937.473672561782 692438349.5637201 3418896120843.0005
54 1 25 1.0 57.71571011139208 57.71571011139208
55 0 100 0.0 0.0 0.0
56 0 100 0.0 0.0 0.0
57 1 38 1.0 97.81435774219185 97.81435774219185
58 1 33 1.0 81.88562674252243 81.88562674252243
59 1 106 1.0 9.55892689827884 9.55892689827884
60 1 35 1.0 88.18685030395203 88.18685030395203
61 1 106 1.0 9.55892689827884 9.55892689827884
62 43 1020 7393.130324549447 41822174335.100296 309196785315423.6
63 0 5 0.0 5.0 0.0
64 0 100 0.0 0.0 0.0
65 0 100 0.0 0.0 0.0
66 1 10 1.0 18.1937008646705 18.1937008646705
67 0 10 0.0 10.0 0.0
68 0 6 0.0 6.0 0.0
69 1 8 1.0 13.734791927877684 13.734791927877684
70 8 192 459.67273235884244 56163.98943503071 25817054.483773723
71 16 484 1979.1134619514044 4416144.763786667 8740051551.936398
72 1 9 1.0 15.931997307697284 15.931997307697284
73 17 293 2206.0678959513543 2917575.38788949 6436369397.240824
74 0 18 0.0 18.0 0.0
75 0 100 0.0 0.0 0.0
76 0 6 0.0 6.0 0.0
77 0 100 0.0 0.0 0.0
78 2 36 9.541850352986048 175.6210676402407 1675.7499462548174
79 2 10 9.541850352986048 27.685321443873434 264.16919419175593
80 13 580 1331.5823725933528 2898496.8094195016 3859587258.441083
81 0 5 0.0 5.0 0.0
82 3 168 32.9215577265747 810.8239638778247 26693.587932893923
83 21 390 3136.7198300107975 18208112.882262025 57113748744.86635
84 0 5 0.0 5.0 0.0
85 0 100 0.0 0.0 0.0
86 0 100 0.0 0.0 0.0
87 22 660 3370.209833397988 104329685.09576319 351612930625.05664
88 0 100 0.0 0.0 0.0
89 1 10 1.0 18.1937008646705 18.1937008646705
90 6 128 225.58275470837765 10738.599848141443 2422442.9354547127
91 2 123 9.541850352986048 92.0346545141889 878.1809006631623
92 2 57 9.541850352986048 340.72951581223015 3251.1900507256933
93 2 52 9.541850352986048 298.47302352672085 2847.984924895254
94 41 1113 7106.788070274764 38877503106.54105 276294175279636.06
95 2 10 9.541850352986048 27.685321443873434 264.16919419175593
96 3 138 32.9215577265747 321.92161897300775 10598.16116245226
97 0 100 0.0 0.0 0.0
98 0 6 0.0 6.0 0.0
99 9 391 604.9491004987461 203374.51394204888 123031229.27361217
100 0 100 0.0 0.0 0.0
101 42 1364 7252.650449022947 96051153474.2475 696625441374173.1
102 0 100 0.0 0.0 0.0
103 12 349 1131.8354418063404 430791.02181594196 487584546.5032515
104 23 570 3602.4235623004615 88985378.65849765 320563024779.6006
105 4 87 75.61186198841948 2072.675291085697 156718.8380563789
106 40 1053 6955.50474228233 18730936893.61735 130283120390946.55
107 67 1773 9352.808382083527 18201558896821.367 1.702356926171779e+17
108 2 39 9.541850352986048 197.11162840858907 1880.8096611081503
109 10 203 766.6651705632711 135464.42171872893 103855853.98224421
110 11 322 942.9223974109915 235400.47553003722 221964380.73847014
111 44 1186 7528.2761260995885 85939188380.37357 646973940180341.5
112 43 1033 7393.130324549447 43734488602.23607 323334773913853.6
113 3 80 32.9215577265747 1049.4627962762117 34549.95002949981
114 24 627 3832.71054120725 151098414.7348826 579116486914.0894
115 48 1273 8016.77096497358 229888002197.8981 1842959461215892.0
116 16 462 1979.1134619514044 3794549.680763768 7509844355.242977
117 39 1016 6798.773358825962 19205774686.431892 130575709273727.19
118 28 753 4724.12231882448 444943769.40405923 2101968791663.6091
119 23 390 3602.4235623004615 29779927.234566107 107279911553.39417
120 47 962 7902.318130854768 69434883448.9126 548696538392129.7
121 40 1009 6955.50474228233 22807060134.54531 158634614923348.2
122 35 766 6117.310290426031 3338209329.050255 20420862280195.3
123 32 792 5549.980220652734 1985000100.8855 11016711297908.205
124 35 739 6117.310290426031 2965208514.5812135 18139100559506.543
125 17 480 2206.0678959513543 10637507.974125154 23467064834.64403
126 51 1193 8330.590095344352 304505247738.42816 2536708400790128.0
127 17 598 2206.0678959513543 18924121.696406014 41747897333.51779
128 40 970 6955.50474228233 19908465514.428238 138473426297169.83
129 29 773 4937.473672561782 942421545.9352251 4653181571510.148
130 42 1014 7252.650449022947 33989716400.877228 246515531916984.84
131 21 589 3136.7198300107975 57805878.595411316 181320845681.42337
132 39 873 6798.773358825962 11432132020.77742 77724474617442.73
133 0 100 0.0 0.0 0.0
134 29 770 4937.473672561782 931103178.9107232 4597297432310.278
135 48 1188 8016.77096497358 178522663819.12292 1431175307894884.0
136 40 1134 6955.50474228233 34116887029.622288 237300169526448.34
137 33 977 5744.298091538941 3421182279.110533 19652290836701.48
138 44 1211 7528.2761260995885 92558170017.69392 696803461619671.9
139 40 1005 6955.50474228233 22496801307.884956 156476608183177.12
140 4 178 75.61186198841948 1719.6349352173313 130024.79939211752
141 47 1157 7902.318130854768 135797651265.60617 1073116241723692.6
142 37 922 6468.923834840442 9275822817.648478 60004591312843.07
143 54 1416 8602.009448624298 962373716343.9188 8278347801098070.0
144 13 386 1331.5823725933528 832130.7917623617 1108050694.0029109
145 44 1274 7528.2761260995885 82886137301.16113 623989728628943.9
146 26 831 4285.277943143774 573856191.0 2459133277828.801
147 58 1521 8902.46046345971 2443529717466.4126 2.1753426701033616e+16
148 26 923 4285.277943143774 557441767.0 2388792908712.191
149 35 1032 6117.310290426031 8932049309.32869 54640117154549.12
150 50 1546 8230.818941038662 671366105285.6139 5525892855756187.0
151 30 696 5146.386239304723 850584898.0094782 4377438414476.39
152 53 1387 8516.089422990353 752150625583.8894 6405381987030538.0
153 20 549 2902.6872563902634 20765698.87149794 60276329484.33475
154 29 868 4937.473672561782 1351026941.078191 6670659952495.246
155 22 558 3370.209833397988 64723546.17908285 218131931785.1338
156 50 1417 8230.818941038662 370479989474.73425 3049353714644447.0
157 27 764 4506.6139001521815 568551091.3879484 2562240251395.6216
158 25 757 4060.496712466729 338306407.66627055 1373692056135.3206
159 35 856 6117.310290426031 4817425756.314422 29469688152465.617
160 37 1036 6468.923834840442 13726674656.074987 88796812855783.72
161 53 1500 8516.089422990353 1011282986832.5273 8612176347814579.0
162 38 1154 6636.579650383532 24243056840.288136 160890977689347.53
163 55 1336 8683.506947919002 909714862713.7478 7899515331000010.0
164 39 782 6798.773358825962 7845631626.70381 53340671286796.25
165 1 115 1.0 30.323695983612147 30.323695983612147
166 39 1061 6798.773358825962 22274145688.394604 151436868296865.4
167 52 1276 8425.648590871551 463940881077.59296 3909002830899127.0
168 48 1438 8016.77096497358 359091497897.8561 2878754294116404.0
169 20 478 2902.6872563902634 24679616.27167091 71637207644.38094
170 20 682 2902.6872563902634 42482774.101024576 123314206999.15036
171 41 743 7106.788070274764 9541872602.212175 67812066377483.11
172 18 424 2436.3877014920204 10253387.802626278 24981227940.946957
173 55 1368 8683.506947919002 744915769098.8043 6468481256583895.0
174 30 557 5146.386239304723 422451040.7604178 2174096222949.3728
175 50 1223 8230.818941038662 281516713438.05426 2317113097184890.5
176 31 1006 5350.621552679651 3409214967.530936 18241419082989.082
177 22 586 3370.209833397988 43695445.64494817 147262820587.3116
178 40 1164 6955.50474228233 27387494740.10417 190493849544026.94
179 26 664 4285.277943143774 292754944.0 1254536304269.4907
180 43 1364 7393.130324549447 116677386817.3906 862611126668836.4
181 36 955 6295.82243666837 8512014460.972759 53590131624637.914
182 38 974 6636.579650383532 9446854580.088263 62694802866346.23
183 58 1241 8902.46046345971 1106731973509.8972 9852637637818600.0
184 55 1529 8683.506947919002 1524420410781.4934 1.3237315228570638e+16
185 46 1238 7782.801884860074 144907519091.94656 1127786512719199.0
186 55 1414 8683.506947919002 1130279446340.9768 9814789425391916.0
187 55 1511 8683.506947919002 1456895038256.8655 1.2650958187092212e+16
188 51 1104 8330.590095344352 227990114290.85574 1899292187947829.8
189 46 1101 7782.801884860074 94903320292.06084 738613740048530.4
190 40 995 6955.50474228233 21734278644.921017 151172878184833.72
191 47 1365 7902.318130854768 247644224631.65134 1956963446308169.2
192 18 492 2436.3877014920204 15249096.702736922 37152711665.41075
193 31 877 5350.621552679651 1501463336.194138 8033762087198.648
194 51 1230 8330.590095344352 341275649574.8758 2843027546130670.5
195 44 1019 7528.2761260995885 50090413153.47161 377094461489745.1
196 46 1205 7782.801884860074 131445707239.04826 1023015898056830.2
197 32 870 5549.980220652734 2682927373.0229344 14890193853725.086
198 45 1187 7658.1450374688 103729934364.37912 794378882089534.4
199 36 970 6295.82243666837 8965737900.779356 56446693837014.64
