0 1 15 1.0 30.323695983612147 30.323695983612147
1 10 217 766.6651705632711 39774.44974103781 30493685.294773005
2 1 11 1.0 20.51504931294799 20.51504931294799
3 4 35 75.61186198841948 436.83679879622173 33030.043742042886
4 2 114 9.541850352986048 44.97826169706515 429.17584225083993
5 12 238 1131.8354418063404 387371.65329229925 438440966.3473421
6 0 100 0.0 0.0 0.0
7 6 146 225.58275470837765 1516.1469814977904 342016.61262906325
8 4 61 75.61186198841948 1129.4605717070829 85400.6168692773
9 1 8 1.0 13.734791927877684 13.734791927877684
10 3 31 32.9215577265747 233.0178128969552 7671.309378607293
11 1 9 1.0 15.931997307697284 15.931997307697284
12 2 26 9.541850352986048 109.8359986590007 1048.0386625749609
13 5 194 139.6884681067044 3849.5614363989175 537739.3399332094
14 1 25 1.0 57.71571011139208 57.71571011139208
15 6 200 225.58275470837765 6696.723465418967 1510665.3268494436
16 1 20 1.0 43.57075425423803 43.57075425423803
17 2 21 9.541850352986048 80.71796600694597 770.1987524356932
18 0 100 0.0 0.0 0.0
19 2 27 9.541850352986048 115.98017876588344 1106.66550969663
20 1 25 1.0 57.71571011139208 57.71571011139208
21 1 109 1.0 15.931997307697284 15.931997307697284
22 3 55 32.9215577265747 578.9666715492328 19060.48469917088
23 1 104 1.0 5.735193251789799 5.735193251789799
24 6 66 225.58275470837765 3024.560894461153 682288.7783557816
25 0 5 0.0 5.0 0.0
26 1 114 1.0 27.799106543625292 27.799106543625292
27 11 270 942.9223974109915 368496.5781123595 347463676.87145275
28 0 100 0.0 0.0 0.0
29 0 100 0.0 0.0 0.0
30 6 113 225.58275470837765 8460.534002517481 1908550.5665917895
31 4 77 75.61186198841948 1682.1075637745857 127187.28496180048
32 14 273 1540.4353185285338 1018811.257612624 1569412844.1409585
33 3 42 32.9215577265747 377.3528472077043 12423.04354263576
34 1 10 1.0 18.1937008646705 18.1937008646705
35 0 9 0.0 9.0 0.0
36 1 100 1.0 0.0 0.0
37 0 100 0.0 0.0 0.0
38 0 100 0.0 0.0 0.0
39 1 19 1.0 40.84402933782601 40.84402933782601
40 0 100 0.0 0.0 0.0
41 0 100 0.0 0.0 0.0
42 8 163 459.67273235884244 39951.73547253033 18364723.407135706
43 0 100 0.0 0.0 0.0
44 1 19 1.0 40.84402933782601 40.84402933782601
45 1 108 1.0 13.734791927877684 13.734791927877684
46 2 16 9.541850352986048 54.53075711894446 520.3243240639966
47 4 42 75.61186198841948 596.6466987883373 45113.56784462985
48 3 37 32.9215577265747 308.57807572808247 10158.870933237406
49 1 7 1.0 11.607984241186918 11.607984241186918
50 0 100 0.0 0.0 0.0
51 1 104 1.0 5.735193251789799 5.735193251789799
52 14 171 1540.4353185285338 321397.1115610502 495091461.921697
53 6 83 225.58275470837765 4688.828251009056 1057718.7932170872
54 0 100 0.0 0.0 0.0
55 1 21 1.0 46.33316012586883 46.33316012586883
56 0 100 0.0 0.0 0.0
57 7 59 332.66880679862265 3481.0 1158020.1164660056
58 0 100 0.0 0.0 0.0
59 1 12 1.0 22.891970023971037 22.891970023971037
60 0 100 0.0 0.0 0.0
61 1 102 1.0 2.3948263510722025 2.3948263510722025
62 3 39 32.9215577265747 335.47304520277595 11044.29522335299
63 1 16 1.0 32.892441635375256 32.892441635375256
64 0 10 0.0 10.0 0.0
65 0 100 0.0 0.0 0.0
66 0 6 0.0 6.0 0.0
67 2 32 9.541850352986048 148.1842032776824 1413.95149235211
68 3 58 32.9215577265747 629.8939717412368 20737.090752300537
69 14 209 1540.4353185285338 527196.8237004351 812112607.044211
70 7 181 332.66880679862265 6561.0 2182640.041405763
71 1 12 1.0 22.891970023971037 22.891970023971037
72 3 20 32.9215577265747 116.21344721391306 3825.92771105708
73 2 19 9.541850352986048 69.8685662777562 666.6754038000371
74 1 114 1.0 27.799106543625292 27.799106543625292
75 2 10 9.541850352986048 27.685321443873434 264.16919419175593
76 0 100 0.0 0.0 0.0
77 0 5 0.0 5.0 0.0
78 0 100 0.0 0.0 0.0
79 2 23 9.541850352986048 92.0346545141889 878.1809006631623
80 0 5 0.0 5.0 0.0
81 0 6 0.0 6.0 0.0
82 0 7 0.0 7.0 0.0
83 0 5 0.0 5.0 0.0
84 4 106 75.61186198841948 2905.522977389894 219692.00237058633
85 0 100 0.0 0.0 0.0
86 0 100 0.0 0.0 0.0
87 0 100 0.0 0.0 0.0
88 2 31 9.541850352986048 141.5519192260369 1350.6672304328126
89 0 100 0.0 0.0 0.0
90 10 137 766.6651705632711 56496.819585189216 43314143.823561445
91 4 29 75.61186198841948 316.71264325745693 23947.232671970367
92 3 136 32.9215577265747 295.444715883087 9726.500268956508
93 0 100 0.0 0.0 0.0
94 0 100 0.0 0.0 0.0
95 0 6 0.0 6.0 0.0
96 0 100 0.0 0.0 0.0
97 0 100 0.0 0.0 0.0
98 11 121 942.9223974109915 58666.226571061445 55317699.005441666
99 2 51 9.541850352986048 290.23003402420613 2769.3315526010238
100 0 100 0.0 0.0 0.0
101 3 52 32.9215577265747 529.6457757489877 17436.763980956737
102 4 34 75.61186198841948 415.7115691523703 31432.725793738326
103 0 100 0.0 0.0 0.0
104 5 74 139.6884681067044 2492.4098028308917 348160.9072515804
105 14 245 1540.4353185285338 780171.793783506 1201804185.6638727
106 0 100 0.0 0.0 0.0
107 5 82 139.6884681067044 3003.520233876968 419557.14039776416
108 10 147 766.6651705632711 66080.08644124573 50661300.742313355
109 11 123 942.9223974109915 60909.957055037776 57433362.732536756
110 0 100 0.0 0.0 0.0
111 4 104 75.61186198841948 2812.409095796941 212651.48840637392
112 0 100 0.0 0.0 0.0
113 10 111 766.6651705632711 35379.980043554126 27124598.43461655
114 3 82 32.9215577265747 1091.4155133611555 35931.098826798436
115 12 148 1131.8354418063404 126768.58795140548 143481180.75114495
116 0 100 0.0 0.0 0.0
117 1 27 1.0 63.59241768810072 63.59241768810072
118 2 46 9.541850352986048 250.0988923255542 2386.406204018009
119 11 180 942.9223974109915 145641.49049735971 137328623.38228056
120 2 19 9.541850352986048 69.8685662777562 666.6754038000371
121 1 101 1.0 1.0 1.0
122 8 81 459.67273235884244 9328.435527658881 4288027.447632258
123 10 182 766.6651705632711 106256.07517273349 81462831.99568747
124 15 260 1756.7778603087352 1217170.7636398226 2138298649.7775168
125 15 207 1756.7778603087352 685298.1798703804 1203916670.1061578
126 7 84 332.66880679862265 7056.0 2347311.1007710816
127 7 191 332.66880679862265 8281.0 2754830.389099394
128 7 78 332.66880679862265 6084.0 2023957.0205628201
129 2 31 9.541850352986048 141.5519192260369 1350.6672304328126
130 16 259 1979.1134619514044 1604254.4628505823 3175001603.8232064
131 7 75 332.66880679862265 5625.0 1871262.0382422525
132 0 100 0.0 0.0 0.0
133 3 75 32.9215577265747 947.2709566120693 31185.635480811874
134 9 109 604.9491004987461 24518.97583158066 14832732.374465218
135 12 156 1131.8354418063404 143472.92176020972 162387737.7877135
136 4 66 75.61186198841948 1292.338741426653 97716.13855903981
137 7 101 332.66880679862265 10201.0 3393554.4981527496
138 7 109 332.66880679862265 11881.0 3952438.093574436
139 10 128 766.6651705632711 48572.78656303952 37239063.695086055
140 14 270 1540.4353185285338 991422.2749362324 1527221887.8876786
141 10 181 766.6651705632711 104962.02514306911 80470728.90897743
142 2 131 9.541850352986048 141.5519192260369 1350.6672304328126
143 11 149 942.9223974109915 94483.18968962383 89090315.73717758
144 7 94 332.66880679862265 8836.0 2939461.5768726296
145 7 116 332.66880679862265 13456.0 4476391.464282267
146 0 100 0.0 0.0 0.0
147 6 227 225.58275470837765 10578.68633606439 2386369.2048852793
148 1 106 1.0 9.55892689827884 9.55892689827884
149 1 104 1.0 5.735193251789799 5.735193251789799
150 9 250 604.9491004987461 48780.52804290304 29509736.561408054
151 15 186 1756.7778603087352 523376.5533464954 919456341.5238167
152 8 218 459.67273235884244 20402.728323412415 9378577.87599813
153 14 257 1540.4353185285338 877821.4060379151 1352227097.2211812
154 7 109 332.66880679862265 11881.0 3952438.093574436
155 0 100 0.0 0.0 0.0
156 7 182 332.66880679862265 6724.0 2236865.056913939
157 7 142 332.66880679862265 20164.0 6707933.820287427
158 6 185 225.58275470837765 4907.334112484054 1107009.9473685443
159 4 40 75.61186198841948 548.8883970182196 41502.47372238642
160 16 239 1979.1134619514044 1304760.3121149486 2582268698.326611
161 15 148 1756.7778603087352 294250.2483160136 516932321.6319204
162 10 177 766.6651705632711 99872.9294110967 76569096.46161199
163 5 57 139.6884681067044 1551.0877169304622 216669.0670771418
164 11 174 942.9223974109915 134765.04830411234 127072982.43412168
165 17 229 2206.0678959513543 1529391.006766026 3373940400.38325
166 2 33 9.541850352986048 154.90879557685506 1478.1165457556579
167 8 115 459.67273235884244 19338.564883686733 8889410.959983042
168 12 194 1131.8354418063404 239545.25146829078 271125805.5282238
169 7 90 332.66880679862265 8100.0 2694617.3350688433
170 17 244 2206.0678959513543 1806056.5395150175 3984283350.097079
171 14 232 1540.4353185285338 682016.7329967464 1050602663.335633
172 13 202 1331.5823725933528 359935.57175293716 479283862.6155211
173 9 103 604.9491004987461 21703.328419167574 13129409.005004298
174 12 176 1131.8354418063404 190524.93737518354 215642876.6691662
175 17 183 2206.0678959513543 849765.7509005617 1874640942.140725
176 12 190 1131.8354418063404 228093.22550877134 258163996.66675344
177 9 139 604.9491004987461 41398.5782979627 25044032.703279447
178 4 43 75.61186198841948 621.143248020611 46965.797544373054
179 8 138 459.67273235884244 28257.118371009565 12989026.81018921
180 7 74 332.66880679862265 5476.0 1821694.3860292577
181 7 187 332.66880679862265 7569.0 2517970.198658775
182 5 157 139.6884681067044 1551.0877169304622 216669.0670771418
183 15 177 1756.7778603087352 461889.0598138677 811436474.1998198
184 10 128 766.6651705632711 48572.78656303952 37239063.695086055
185 6 102 225.58275470837765 6955.268535289175 1568988.635927035
186 13 160 1331.5823725933528 205230.88858776126 273281833.5551332
187 8 155 459.67273235884244 35981.02511980672 16539496.129893702
188 6 91 225.58275470837765 5591.281626292221 1261296.7116093368
189 9 111 604.9491004987461 25498.508505617654 15425299.784533028
190 14 235 1540.4353185285338 703973.305306163 1084425342.794884
191 14 176 1540.4353185285338 345072.5827593875 531561993.93842095
192 9 152 604.9491004987461 50192.57933226694 30363955.718766842
193 11 213 942.9223974109915 214120.66733750328 201899172.98112
194 6 200 225.58275470837765 6696.723465418967 1510665.3268494436
195 12 149 1131.8354418063404 128791.81270302724 145771138.23177028
196 9 282 604.9491004987461 73990.54056378055 44760510.95947503
197 13 161 1331.5823725933528 208335.99613433375 277416540.02915573
198 8 259 459.67273235884244 37939.40769100099 17439711.197398506
199 9 213 604.9491004987461 26498.629929601415 16030322.340361528
