0 0 100 0.0 0.0 0.0
1 3 47 32.9215577265747 451.11773253603667 14851.498473166615
2 2 119 9.541850352986048 69.8685662777562 666.6754038000371
3 0 5 0.0 5.0 0.0
4 4 72 75.61186198841948 1499.6637502850892 113392.36851559173
5 0 100 0.0 0.0 0.0
6 0 100 0.0 0.0 0.0
7 2 113 9.541850352986048 40.41888428935346 385.6709453236695
8 3 135 32.9215577265747 282.5239294230334 9301.12785163911
9 0 6 0.0 6.0 0.0
10 0 100 0.0 0.0 0.0
11 3 57 32.9215577265747 612.7419199112477 20172.41848785035
12 0 9 0.0 9.0 0.0
13 5 110 139.6884681067044 5122.201821660722 715512.5258011569
14 2 50 9.541850352986048 282.0582186126376 2691.3573128316116
15 3 42 32.9215577265747 377.3528472077043 12423.04354263576
16 0 9 0.0 9.0 0.0
17 4 67 75.61186198841948 1326.001420918201 100261.43643491513
18 2 30 9.541850352986048 135.01359299654277 1288.2794999919763
19 0 100 0.0 0.0 0.0
20 1 105 1.0 7.59708563275366 7.59708563275366
21 5 146 139.6884681067044 1050.58572833688 146754.71100614508
22 8 87 459.67273235884244 10823.372908066605 4975209.3979896465
23 2 122 9.541850352986048 86.31942417916456 823.6470280735138
24 0 100 0.0 0.0 0.0
25 1 104 1.0 5.735193251789799 5.735193251789799
26 0 100 0.0 0.0 0.0
27 5 118 139.6884681067044 5819.148784232864 812867.97935448
28 5 61 139.6884681067044 1754.5251914699081 245086.93625105367
29 0 6 0.0 6.0 0.0
30 0 100 0.0 0.0 0.0
31 3 43 32.9215577265747 391.71440685113555 12895.848457480626
32 0 100 0.0 0.0 0.0
33 1 33 1.0 81.88562674252243 81.88562674252243
34 4 174 75.61186198841948 1571.597319835911 118831.39964880285
35 7 139 332.66880679862265 19321.0 6427494.016156188
36 3 153 32.9215577265747 545.90532331836 17972.053614869816
37 0 18 0.0 18.0 0.0
38 1 6 1.0 9.55892689827884 9.55892689827884
39 0 100 0.0 0.0 0.0
40 0 100 0.0 0.0 0.0
41 0 8 0.0 8.0 0.0
42 0 6 0.0 6.0 0.0
43 0 100 0.0 0.0 0.0
44 0 100 0.0 0.0 0.0
45 1 102 1.0 2.3948263510722025 2.3948263510722025
46 0 100 0.0 0.0 0.0
47 0 100 0.0 0.0 0.0
48 0 8 0.0 8.0 0.0
49 0 100 0.0 0.0 0.0
50 4 40 75.61186198841948 548.8883970182196 41502.47372238642
51 0 100 0.0 0.0 0.0
52 0 10 0.0 10.0 0.0
53 0 100 0.0 0.0 0.0
54 0 5 0.0 5.0 0.0
55 0 5 0.0 5.0 0.0
56 3 95 32.9215577265747 1378.6071657178634 45385.89538845017
57 0 9 0.0 9.0 0.0
58 0 100 0.0 0.0 0.0
59 3 62 32.9215577265747 700.2360303580608 23052.86089566041
60 0 100 0.0 0.0 0.0
61 0 100 0.0 0.0 0.0
62 1 101 1.0 1.0 1.0
63 1 104 1.0 5.735193251789799 5.735193251789799
64 8 139 459.67273235884244 28684.707028409903 13185577.656662071
65 0 100 0.0 0.0 0.0
66 0 100 0.0 0.0 0.0
67 0 100 0.0 0.0 0.0
68 0 100 0.0 0.0 0.0
69 0 100 0.0 0.0 0.0
70 3 139 32.9215577265747 335.47304520277595 11044.29522335299
71 0 100 0.0 0.0 0.0
72 4 84 75.61186198841948 1951.9617083430758 147591.45929791615
73 0 100 0.0 0.0 0.0
74 0 100 0.0 0.0 0.0
75 0 100 0.0 0.0 0.0
76 0 100 0.0 0.0 0.0
77 0 100 0.0 0.0 0.0
78 2 37 9.541850352986048 182.69988024795316 1743.2949168344405
79 0 100 0.0 0.0 0.0
80 0 100 0.0 0.0 0.0
81 2 109 9.541850352986048 23.78240930402918 226.9281906125095
82 0 100 0.0 0.0 0.0
83 4 26 75.61186198841948 262.7667382888815 19868.282350646048
84 1 17 1.0 35.503281577765854 35.503281577765854
85 1 102 1.0 2.3948263510722025 2.3948263510722025
86 0 8 0.0 8.0 0.0
87 0 100 0.0 0.0 0.0
88 1 19 1.0 40.84402933782601 40.84402933782601
89 0 5 0.0 5.0 0.0
90 0 10 0.0 10.0 0.0
91 1 132 1.0 78.7716859795011 78.7716859795011
92 5 143 139.6884681067044 929.4139107485241 129828.40542952261
93 0 100 0.0 0.0 0.0
94 2 10 9.541850352986048 27.685321443873434 264.16919419175593
95 0 100 0.0 0.0 0.0
96 0 8 0.0 8.0 0.0
97 5 48 139.6884681067044 1135.058052192084 158554.52052289192
98 5 72 139.6884681067044 2371.3580183097592 331251.36891024053
99 0 100 0.0 0.0 0.0
100 3 152 32.9215577265747 529.6457757489877 17436.763980956737
101 3 130 32.9215577265747 221.1993434691573 7282.2269551002855
102 0 100 0.0 0.0 0.0
103 6 118 225.58275470837765 9191.104391557652 2073354.6474598425
104 4 195 75.61186198841948 2409.1275506493207 182158.6198721955
105 3 79 32.9215577265747 1028.715399126087 33866.9133965458
106 6 170 225.58275470837765 3384.897920195671 763574.5972443977
107 8 137 459.67273235884244 27832.86327038359 12794008.308867292
108 4 91 75.61186198841948 2238.2761103848434 169240.22435039515
109 3 55 32.9215577265747 578.9666715492328 19060.48469917088
110 2 48 9.541850352986048 265.93129728965954 2537.4766429133756
111 0 100 0.0 0.0 0.0
112 4 153 75.61186198841948 888.1171619831025 67152.19228141312
113 0 100 0.0 0.0 0.0
114 3 43 32.9215577265747 391.71440685113555 12895.848457480626
115 4 87 75.61186198841948 2072.675291085697 156718.8380563789
116 0 100 0.0 0.0 0.0
117 5 163 139.6884681067044 1860.4532693243248 259883.86717602485
118 2 112 9.541850352986048 36.01211998010309 343.62225974392254
119 4 168 75.61186198841948 1360.0227175454593 102833.85002016247
120 1 104 1.0 5.735193251789799 5.735193251789799
121 1 7 1.0 11.607984241186918 11.607984241186918
122 0 100 0.0 0.0 0.0
123 2 18 9.541850352986048 64.62733255388774 616.6643359418604
124 4 71 75.61186198841948 1464.2230773075796 110712.63324163957
125 0 100 0.0 0.0 0.0
126 2 34 9.541850352986048 161.72412498062124 1543.1473990327004
127 3 54 32.9215577265747 562.3460860297637 18513.309133542207
128 7 197 332.66880679862265 9409.0 3130080.8031682405
129 0 100 0.0 0.0 0.0
130 6 133 225.58275470837765 11555.32145660623 2606681.2457220564
131 4 57 75.61186198841948 1005.7817905983286 76049.03394118624
132 6 46 225.58275470837765 1516.1469814977904 342016.61262906325
133 4 91 75.61186198841948 2238.2761103848434 169240.22435039515
134 4 103 75.61186198841948 2766.3252371383346 209167.00204558554
135 5 153 139.6884681067044 1358.9929081032851 189835.63750082318
136 2 16 9.541850352986048 54.53075711894446 520.3243240639966
137 0 100 0.0 0.0 0.0
138 4 141 75.61186198841948 572.5607883495287 43292.38730866522
139 8 217 459.67273235884244 72448.94999196367 33302806.799335077
140 8 167 459.67273235884244 42018.11591959734 19314582.153331883
141 1 27 1.0 63.59241768810072 63.59241768810072
142 3 155 32.9215577265747 578.9666715492328 19060.48469917088
143 4 71 75.61186198841948 1464.2230773075796 110712.63324163957
144 3 130 32.9215577265747 221.1993434691573 7282.2269551002855
145 2 20 9.541850352986048 75.23327232919837 717.8646261306569
146 0 100 0.0 0.0 0.0
147 5 103 139.6884681067044 4545.356706035842 634933.9152646826
148 3 101 32.9215577265747 1519.3640883793698 50019.83254326596
149 4 150 75.61186198841948 803.8922494719358 60783.78982063209
150 5 71 139.6884681067044 2311.8500842163953 322938.7967565438
151 3 152 32.9215577265747 529.6457757489877 17436.763980956737
152 4 165 75.61186198841948 1259.0362466163215 95198.07491757096
153 6 126 225.58275470837765 10419.918236435944 2350553.8596112807
154 6 92 225.58275470837765 5709.4065807799225 1287943.6642424744
155 2 110 9.541850352986048 27.685321443873434 264.16919419175593
156 4 64 75.61186198841948 1226.095534977771 92707.36637535656
157 7 58 332.66880679862265 3364.0 1119097.8660705667
158 4 104 75.61186198841948 2812.409095796941 212651.48840637392
159 3 143 32.9215577265747 391.71440685113555 12895.848457480626
160 2 29 9.541850352986048 128.5709592386038 1226.8048527946264
161 3 68 32.9215577265747 810.8239638778247 26693.587932893923
162 4 95 75.61186198841948 2409.1275506493207 182158.6198721955
163 5 169 139.6884681067044 2194.8788310889477 306599.26159464906
164 5 69 139.6884681067044 2194.8788310889477 306599.26159464906
165 4 164 75.61186198841948 1226.095534977771 92707.36637535656
166 3 193 32.9215577265747 1332.8212345645688 43878.55121292201
167 0 100 0.0 0.0 0.0
168 5 200 139.6884681067044 4307.65770069211 601730.1053377293
169 1 119 1.0 40.84402933782601 40.84402933782601
170 3 128 32.9215577265747 198.25318874016915 6526.8037975869875
171 8 123 459.67273235884244 22242.203710402715 10224134.553242799
172 7 129 332.66880679862265 16641.0 5535941.613935879
173 2 37 9.541850352986048 182.69988024795316 1743.2949168344405
174 3 43 32.9215577265747 391.71440685113555 12895.848457480626
175 5 141 139.6884681067044 8042.485898893719 1123442.5349862352
176 9 158 604.9491004987461 54558.58518037661 33005167.029353052
177 5 66 139.6884681067044 2024.56047903646 282807.7519059787
178 9 120 604.9491004987461 30162.00470437385 18246477.615149908
179 6 118 225.58275470837765 9191.104391557652 2073354.6474598425
180 6 91 225.58275470837765 5591.281626292221 1261296.7116093368
181 6 130 225.58275470837765 11061.859988496359 2495364.8484033914
182 3 29 32.9215577265747 209.61005902119368 6900.689658136957
183 4 154 75.61186198841948 916.9626779842689 69333.25545627807
184 3 54 32.9215577265747 562.3460860297637 18513.309133542207
185 5 95 139.6884681067044 3924.3008107112732 548179.5686381559
186 4 68 75.61186198841948 1360.0227175454593 102833.85002016247
187 3 139 32.9215577265747 335.47304520277595 11044.29522335299
188 2 43 9.541850352986048 226.91812071099523 2165.21875020514
189 4 89 75.61186198841948 2154.8151586700715 162929.58638791565
190 5 106 139.6884681067044 4788.781200314608 668937.5099701327
191 3 23 32.9215577265747 145.08021796711313 4776.266770788355
192 5 213 139.6884681067044 5378.870870117234 751366.2319904525
193 8 144 459.67273235884244 30872.72070965809 14191347.883959955
194 3 131 32.9215577265747 233.0178128969552 7671.309378607293
195 7 108 332.66880679862265 11664.0 3880248.9624991347
196 5 180 139.6884681067044 2871.732646582133 401147.9342130701
197 4 109 75.61186198841948 3047.546245398672 230430.64611041034
198 6 199 225.58275470837765 6569.204673563341 1481899.2865055674
199 3 148 32.9215577265747 466.4489382157433 15356.225645969067
