0 0 100 0.0 0.0 0.0
1 12 208 1131.8354418063404 282190.7201272955 319393458.3889269
2 0 100 0.0 0.0 0.0
3 3 56 32.9215577265747 595.765723501293 19613.535657762357
4 25 639 4060.496712466729 123686123.22867541 502227096747.79126
5 0 8 0.0 8.0 0.0
6 1 39 1.0 101.06849300292524 101.06849300292524
7 1 14 1.0 27.799106543625292 27.799106543625292
8 1 22 1.0 49.12998068819353 49.12998068819353
9 2 133 9.541850352986048 154.90879557685506 1478.1165457556579
10 1 60 1.0 173.91225657453782 173.91225657453782
11 1 113 1.0 25.320989780782124 25.320989780782124
12 0 100 0.0 0.0 0.0
13 2 142 9.541850352986048 219.34644070399202 2092.9709126576195
14 28 768 4724.12231882448 732392392.3838092 3459911246997.6094
15 47 908 7902.318130854768 56285615737.85003 444786841751536.75
16 0 100 0.0 0.0 0.0
17 2 151 9.541850352986048 290.23003402420613 2769.3315526010238
18 1 31 1.0 75.68293941204132 75.68293941204132
19 1 21 1.0 46.33316012586883 46.33316012586883
20 0 100 0.0 0.0 0.0
21 0 6 0.0 6.0 0.0
22 36 493 6295.82243666837 940076827.3164748 5918556781611.079
23 0 5 0.0 5.0 0.0
24 22 478 3370.209833397988 41680845.49824969 140473195362.54337
25 15 443 1756.7778603087352 2446475.4330598735 4297913876.588811
26 1 12 1.0 22.891970023971037 22.891970023971037
27 0 100 0.0 0.0 0.0
28 0 100 0.0 0.0 0.0
29 0 100 0.0 0.0 0.0
30 22 497 3370.209833397988 46567068.589626804 156940792473.27884
31 27 922 4506.6139001521815 710015149.9430885 3199764144052.158
32 0 5 0.0 5.0 0.0
33 0 9 0.0 9.0 0.0
34 0 6 0.0 6.0 0.0
35 0 100 0.0 0.0 0.0
36 1 6 1.0 9.55892689827884 9.55892689827884
37 17 476 2206.0678959513543 10406756.151849108 22958010647.588573
38 0 100 0.0 0.0 0.0
39 2 126 9.541850352986048 109.8359986590007 1048.0386625749609
40 2 78 9.541850352986048 535.6395391463575 5110.992325676955
41 0 100 0.0 0.0 0.0
42 1 24 1.0 54.8222930413608 54.8222930413608
43 22 348 3370.209833397988 16901034.510114647 56960032700.58713
44 1 17 1.0 35.503281577765854 35.503281577765854
45 0 100 0.0 0.0 0.0
46 26 618 4285.277943143774 236029032.0 1011450004771.176
47 0 100 0.0 0.0 0.0
48 1 10 1.0 18.1937008646705 18.1937008646705
49 0 10 0.0 10.0 0.0
50 0 100 0.0 0.0 0.0
51 0 100 0.0 0.0 0.0
52 1 10 1.0 18.1937008646705 18.1937008646705
53 2 22 9.541850352986048 86.31942417916456 823.6470280735138
54 2 132 9.541850352986048 148.1842032776824 1413.95149235211
55 0 100 0.0 0.0 0.0
56 0 100 0.0 0.0 0.0
57 0 100 0.0 0.0 0.0
58 38 934 6636.579650383532 11832440149.032381 78526931507449.39
59 1 104 1.0 5.735193251789799 5.735193251789799
60 2 54 9.541850352986048 315.16948038953416 3007.300017705306
61 0 100 0.0 0.0 0.0
62 0 8 0.0 8.0 0.0
63 2 36 9.541850352986048 175.6210676402407 1675.7499462548174
64 0 100 0.0 0.0 0.0
65 1 107 1.0 11.607984241186918 11.607984241186918
66 0 100 0.0 0.0 0.0
67 0 100 0.0 0.0 0.0
68 1 9 1.0 15.931997307697284 15.931997307697284
69 2 128 9.541850352986048 122.22584512913716 1166.2607234894754
70 33 877 5744.298091538941 3421182279.110533 19652290836701.48
71 11 211 942.9223974109915 209545.5587766108 197585200.6484677
72 0 100 0.0 0.0 0.0
73 1 18 1.0 38.15436697768484 38.15436697768484
74 0 6 0.0 6.0 0.0
75 1 113 1.0 25.320989780782124 25.320989780782124
76 4 138 75.61186198841948 502.796158813779 38017.3537685349
77 7 273 332.66880679862265 29929.0 9956444.718675977
78 14 264 1540.4353185285338 937969.7744155535 1444881768.2219603
79 6 218 225.58275470837765 9191.104391557652 2073354.6474598425
80 0 100 0.0 0.0 0.0
81 41 965 7106.788070274764 23675353027.865273 168255716457976.44
82 42 970 7252.650449022947 29097139798.71709 211031384026448.97
83 0 100 0.0 0.0 0.0
84 1 16 1.0 32.892441635375256 32.892441635375256
85 25 853 4060.496712466729 333038012.8828573 1352299756437.2944
86 0 100 0.0 0.0 0.0
87 21 570 3136.7198300107975 52731452.70894173 165403793377.4141
88 0 100 0.0 0.0 0.0
89 2 148 9.541850352986048 265.93129728965954 2537.4766429133756
90 0 100 0.0 0.0 0.0
91 0 100 0.0 0.0 0.0
92 0 100 0.0 0.0 0.0
93 23 459 3602.4235623004615 47642704.18285433 171629200120.0252
94 2 28 9.541850352986048 122.22584512913716 1166.2607234894754
95 1 21 1.0 46.33316012586883 46.33316012586883
96 39 867 6798.773358825962 11165649096.271793 75912717609731.84
97 3 124 32.9215577265747 155.22039240905832 5110.09710903639
98 2 36 9.541850352986048 175.6210676402407 1675.7499462548174
99 0 100 0.0 0.0 0.0
100 1 105 1.0 7.59708563275366 7.59708563275366
101 13 299 1331.5823725933528 926231.9616259682 1233354153.0337021
102 0 100 0.0 0.0 0.0
103 24 497 3832.71054120725 76593851.63272509 293562062544.4096
104 21 553 3136.7198300107975 27700756.40014084 86889511906.62029
105 30 835 5146.386239304723 1507055916.9759927 7755891832988.01
106 16 262 1979.1134619514044 1652470.0276496839 3270425677.192699
107 28 594 4724.12231882448 188791583.42599532 891874532868.9584
108 25 616 4060.496712466729 183705387.20866275 745935120823.2026
109 32 654 5549.980220652734 1074143454.9682868 5961474929217.582
110 7 178 332.66880679862265 31684.0 10540278.47460756
111 50 1532 8230.818941038662 649095245536.094 5342585441496624.0
112 41 908 7106.788070274764 19159546590.901176 136162837144090.02
113 22 449 3370.209833397988 34884764.18840005 117568975303.51584
114 55 1326 8683.506947919002 883937896468.3955 7675680865512220.0
115 51 1362 8330.590095344352 499287877242.5051 4159362644881920.0
116 57 1441 8833.632285946418 1685771156997.257 1.4891482519168218e+16
117 35 869 6117.310290426031 5063251323.428178 30973479423820.414
118 42 1018 7252.650449022947 34461782060.00657 249939259131637.6
119 15 288 1756.7778603087352 1575000.625354255 2766926228.594768
120 40 1014 6955.50474228233 23199140850.481808 161361734202401.94
121 44 959 7528.2761260995885 40365528131.752014 303882841751670.0
122 48 1350 8016.77096497358 285002213707.1192 2284797471800428.5
123 18 393 2436.3877014920204 8373005.160083629 20399886796.55698
124 34 710 5933.442745663244 2121559059.8546786 12588149213190.875
125 7 233 332.66880679862265 54289.0 18060256.852290425
126 54 1143 8602.009448624298 426191159617.51935 3666100381950047.5
127 47 1197 7902.318130854768 153651404620.4926 1214202280563821.0
128 10 246 766.6651705632711 207678.75712180443 159220069.75115636
129 23 501 3602.4235623004615 61330937.038664244 220940012686.05017
130 29 865 4937.473672561782 912444688.6113387 4505171627687.318
131 34 733 5933.442745663244 2354751523.9468503 13971783347601.906
132 24 544 3832.71054120725 99756156.37843858 382336472101.9604
133 19 500 2668.9360872348193 21190037.556046862 56554855923.19459
134 36 875 6295.82243666837 6359508058.808024 40038333522816.87
135 33 714 5744.298091538941 1757415304.5294342 10095117379849.756
136 2 154 9.541850352986048 315.16948038953416 3007.300017705306
137 21 448 3136.7198300107975 26852533.78828788 84228875219.75757
138 27 708 4506.6139001521815 451210876.4482255 2033433207701.4216
139 23 466 3602.4235623004615 49768767.24116388 179288179776.2161
140 25 568 4060.496712466729 144459502.7314864 586577335925.779
141 45 1233 7658.1450374688 118869016920.28395 910316172036867.4
142 39 898 6798.773358825962 12591080459.884872 85603902389499.4
143 42 938 7252.650449022947 25870788115.058414 187631783039255.94
144 28 856 4724.12231882448 1022088467.6096474 4828470941647.848
145 30 670 5146.386239304723 754704096.6501883 3883998777747.4307
146 40 1029 6955.50474228233 24404090701.794624 169742768607420.62
147 21 442 3136.7198300107975 25856946.98011788 81105998336.07356
148 46 1097 7782.801884860074 93664920017.19109 728975516055062.9
149 39 754 6798.773358825962 6925826092.063852 47087121922585.44
150 17 545 2206.0678959513543 14838417.434211459 32734556328.338768
151 38 925 6636.579650383532 11450218801.65159 75990289091479.86
152 23 391 3602.4235623004615 30000716.640534934 108075288511.76259
153 61 1296 9085.210990399466 2086186928129.259 1.8953448407467644e+16
154 36 652 6295.82243666837 2386147765.4261317 15022762638775.934
155 34 1002 5933.442745663244 6546924087.307464 38845799232242.42
156 47 1191 7902.318130854768 150870804806.13028 1192229096236134.0
157 50 968 8230.818941038662 118279386263.21837 973536212789725.9
158 41 945 7106.788070274764 22013051337.349445 156442090634621.0
159 37 968 6468.923834840442 10925454659.135342 70675934050949.17
160 33 754 5744.298091538941 2096844229.356847 12044898304948.977
161 28 852 4724.12231882448 1007485660.720992 4759485495707.666
162 24 688 3832.71054120725 198225228.50035095 759739922806.5109
163 14 422 1540.4353185285338 2982478.1142365914 4594314623.908424
164 34 667 5933.442745663244 1729429533.1013167 10261471117315.78
165 35 990 6117.310290426031 7786987486.381575 47635418681860.74
166 36 882 6295.82243666837 6530625544.2151165 41115658826749.12
167 34 642 5933.442745663244 1526276596.740927 9056074800808.037
168 25 627 4060.496712466729 193594980.14104882 786091780412.7904
169 35 877 6117.310290426031 5218798763.576734 31925011380090.6
170 33 666 5744.298091538941 1402685906.4651983 8057445975536.607
171 0 100 0.0 0.0 0.0
172 27 502 4506.6139001521815 158828020.69657674 715776565804.8511
173 40 760 6955.50474228233 8583632100.314984 59703493779747.71
174 59 1326 8967.266196081293 1676272423736.8926 1.5031581040799094e+16
175 31 741 5350.621552679651 1291531148.130583 6910494397144.593
176 20 499 2902.6872563902634 27787842.3065118 80659415745.69403
177 47 1061 7902.318130854768 99124147272.83884 783310546199672.6
178 22 650 3370.209833397988 99896762.15504615 336673050139.5565
179 0 100 0.0 0.0 0.0
180 34 963 5933.442745663244 5749623805.753606 34115063660541.426
181 31 794 5350.621552679651 1608259895.0635023 8605190056837.09
182 47 1032 7902.318130854768 89627003376.06717 708261093792877.1
183 26 549 4285.277943143774 165469149.0 709081294480.4707
184 24 520 3832.71054120725 87426270.80851515 335079589706.2357
185 42 985 7252.650449022947 30704263454.07901 222687290127145.0
186 32 1001 5549.980220652734 4207220833.840505 23349992411732.906
187 39 977 6798.773358825962 16799469751.047665 114215787385825.47
188 27 595 4506.6139001521815 266113937.1615237 1199272768236.347
189 40 849 6955.50474228233 8162773783.072381 56776211758337.82
190 20 546 2902.6872563902634 35621069.71583831 103396825123.15302
191 19 469 2668.9360872348193 17810602.915787794 47535360857.355736
192 32 626 5549.980220652734 933486797.816515 5180833264122.115
193 23 517 3602.4235623004615 67152338.27828537 241911165677.26642
194 28 630 4724.12231882448 398530047.45911574 1882704691923.788
195 21 476 3136.7198300107975 31824383.080697916 99824173487.08527
196 27 678 4506.6139001521815 395622392.7331107 1782917374302.5022
197 22 751 3370.209833397988 100334448.6530819 338148145479.1821
198 50 1262 8230.818941038662 316272060502.11273 2603178066102115.0
199 33 807 5744.298091538941 2613014429.058064 15009933798001.951
