0 2 144 9.541850352986048 234.56808185291177 2238.2135346274663
1 4 63 75.61186198841948 1193.5182370479756 90244.13622033325
2 1 105 1.0 7.59708563275366 7.59708563275366
3 3 21 32.9215577265747 125.57185196799401 4134.020973397207
4 0 5 0.0 5.0 0.0
5 0 100 0.0 0.0 0.0
6 2 24 9.541850352986048 97.86086952638261 933.7737724338355
7 6 56 225.58275470837765 2208.835584533681 498275.2158569973
8 1 106 1.0 9.55892689827884 9.55892689827884
9 0 100 0.0 0.0 0.0
10 1 102 1.0 2.3948263510722025 2.3948263510722025
11 12 227 1131.8354418063404 346581.45704656374 392273176.55818266
12 0 5 0.0 5.0 0.0
13 0 100 0.0 0.0 0.0
14 0 100 0.0 0.0 0.0
15 6 87 225.58275470837765 5130.584655325767 1157371.4198129189
16 0 100 0.0 0.0 0.0
17 2 27 9.541850352986048 115.98017876588344 1106.66550969663
18 5 47 139.6884681067044 1092.4547337912052 152603.328239211
19 1 103 1.0 3.9914906122521803 3.9914906122521803
20 0 10 0.0 10.0 0.0
21 6 87 225.58275470837765 5130.584655325767 1157371.4198129189
22 5 87 139.6884681067044 3344.5706484424895 467197.95035557833
23 0 100 0.0 0.0 0.0
24 1 101 1.0 1.0 1.0
25 0 5 0.0 5.0 0.0
26 0 100 0.0 0.0 0.0
27 5 48 139.6884681067044 1135.058052192084 158554.52052289192
28 5 85 139.6884681067044 3206.1723328082135 447865.30165607814
29 8 119 459.67273235884244 20764.03051150532 9544658.640006023
30 0 100 0.0 0.0 0.0
31 2 18 9.541850352986048 64.62733255388774 616.6643359418604
32 1 11 1.0 20.51504931294799 20.51504931294799
33 0 100 0.0 0.0 0.0
34 0 5 0.0 5.0 0.0
35 0 10 0.0 10.0 0.0
36 0 6 0.0 6.0 0.0
37 0 100 0.0 0.0 0.0
38 0 100 0.0 0.0 0.0
39 0 100 0.0 0.0 0.0
40 0 100 0.0 0.0 0.0
41 2 13 9.541850352986048 40.41888428935346 385.6709453236695
42 0 100 0.0 0.0 0.0
43 1 11 1.0 20.51504931294799 20.51504931294799
44 0 100 0.0 0.0 0.0
45 4 25 75.61186198841948 245.72185754407212 18579.487180160453
46 1 108 1.0 13.734791927877684 13.734791927877684
47 0 100 0.0 0.0 0.0
48 1 8 1.0 13.734791927877684 13.734791927877684
49 0 100 0.0 0.0 0.0
50 1 19 1.0 40.84402933782601 40.84402933782601
51 0 5 0.0 5.0 0.0
52 0 10 0.0 10.0 0.0
53 0 5 0.0 5.0 0.0
54 0 100 0.0 0.0 0.0
55 0 100 0.0 0.0 0.0
56 1 31 1.0 75.68293941204132 75.68293941204132
57 2 19 9.541850352986048 69.8685662777562 666.6754038000371
58 6 83 225.58275470837765 4688.828251009056 1057718.7932170872
59 4 55 75.61186198841948 946.1899645328139 71543.18501308264
60 1 108 1.0 13.734791927877684 13.734791927877684
61 1 11 1.0 20.51504931294799 20.51504931294799
62 2 10 9.541850352986048 27.685321443873434 264.16919419175593
63 6 56 225.58275470837765 2208.835584533681 498275.2158569973
64 1 20 1.0 43.57075425423803 43.57075425423803
65 0 100 0.0 0.0 0.0
66 0 5 0.0 5.0 0.0
67 4 38 75.61186198841948 502.796158813779 38017.3537685349
68 0 100 0.0 0.0 0.0
69 0 100 0.0 0.0 0.0
70 0 100 0.0 0.0 0.0
71 1 15 1.0 30.323695983612147 30.323695983612147
72 0 100 0.0 0.0 0.0
73 0 100 0.0 0.0 0.0
74 1 100 1.0 0.0 0.0
75 0 100 0.0 0.0 0.0
76 2 123 9.541850352986048 92.0346545141889 878.1809006631623
77 3 57 32.9215577265747 612.7419199112477 20172.41848785035
78 0 10 0.0 10.0 0.0
79 4 49 75.61186198841948 776.5950928818146 58719.80098386357
80 0 100 0.0 0.0 0.0
81 2 24 9.541850352986048 97.86086952638261 933.7737724338355
82 1 6 1.0 9.55892689827884 9.55892689827884
83 1 106 1.0 9.55892689827884 9.55892689827884
84 0 10 0.0 10.0 0.0
85 2 12 9.541850352986048 36.01211998010309 343.62225974392254
86 0 100 0.0 0.0 0.0
87 0 100 0.0 0.0 0.0
88 0 100 0.0 0.0 0.0
89 0 10 0.0 10.0 0.0
90 0 10 0.0 10.0 0.0
91 8 173 459.67273235884244 7513.940270393182 3453953.4548727735
92 0 100 0.0 0.0 0.0
93 3 40 32.9215577265747 349.23013798641597 11497.20014757944
94 0 100 0.0 0.0 0.0
95 7 78 332.66880679862265 6084.0 2023957.0205628201
96 2 112 9.541850352986048 36.01211998010309 343.62225974392254
97 2 17 9.541850352986048 59.51335422080222 567.8675199791454
98 1 47 1.0 127.85310766976465 127.85310766976465
99 1 9 1.0 15.931997307697284 15.931997307697284
100 1 100 1.0 0.0 0.0
101 11 138 942.9223974109915 79268.40782369916 74743957.1440746
102 12 132 1131.8354418063404 96867.71209580435 109638309.71672411
103 0 100 0.0 0.0 0.0
104 9 127 604.9491004987461 34080.638090162705 20617051.357067235
105 8 96 459.67273235884244 13282.821141836259 6105750.687701672
106 12 151 1131.8354418063404 132893.60415581556 150413691.1729344
107 5 109 139.6884681067044 5037.901195841188 703736.7005199897
108 6 51 225.58275470837765 1846.9886924473915 416648.7971575071
109 5 34 139.6884681067044 606.571327772905 84731.01957404678
110 0 100 0.0 0.0 0.0
111 5 133 139.6884681067044 574.5435462484656 80257.10783604163
112 6 93 225.58275470837765 5828.709556476301 1314856.3581449701
113 5 61 139.6884681067044 1754.5251914699081 245086.93625105367
114 4 152 75.61186198841948 859.6554919481086 65000.15241476724
115 0 100 0.0 0.0 0.0
116 4 91 75.61186198841948 2238.2761103848434 169240.22435039515
117 9 113 604.9491004987461 26498.629929601415 16030322.340361528
118 13 175 1331.5823725933528 254706.95345711283 339163289.400447
119 13 172 1331.5823725933528 244310.19630067714 325319150.8388034
120 10 120 766.6651705632711 42078.2525506963 32259930.668783974
121 9 127 604.9491004987461 34080.638090162705 20617051.357067235
122 10 116 766.6651705632711 39022.35413079504 29917079.785466347
123 7 100 332.66880679862265 10000.0 3326688.0679862266
124 7 114 332.66880679862265 12996.0 4323363.8131549
125 2 124 9.541850352986048 97.86086952638261 933.7737724338355
126 3 56 32.9215577265747 595.765723501293 19613.535657762357
127 6 84 225.58275470837765 4797.4874870676995 1082230.443011704
128 3 63 32.9215577265747 718.2490844189361 23645.87869475743
129 9 115 604.9491004987461 27519.39696484649 16647834.440151809
130 8 208 459.67273235884244 16970.39141279495 7800826.189918491
131 5 164 139.6884681067044 1914.4623288244568 267428.3099614821
132 9 166 604.9491004987461 8319.334274072155 5032773.785848339
133 5 164 139.6884681067044 1914.4623288244568 267428.3099614821
134 11 165 942.9223974109915 119335.84349280817 112524439.64330155
135 10 100 766.6651705632711 28051.764298663686 21506310.660635673
136 4 135 75.61186198841948 436.83679879622173 33030.043742042886
137 9 98 604.9491004987461 19496.94350076754 11794658.433264196
138 5 91 139.6884681067044 3629.2296992039956 506961.5370891617
139 1 102 1.0 2.3948263510722025 2.3948263510722025
140 0 100 0.0 0.0 0.0
141 9 163 604.9491004987461 58346.35307910868 35296573.81258904
142 12 133 1131.8354418063404 98602.0705884187 111601318.12746285
143 9 136 604.9491004987461 39497.557201796815 23894011.701124758
144 0 100 0.0 0.0 0.0
145 4 36 75.61186198841948 458.3949685466225 34660.09709793311
146 2 35 9.541850352986048 168.62869283493262 1609.0297522505775
147 2 30 9.541850352986048 135.01359299654277 1288.2794999919763
148 4 77 75.61186198841948 1682.1075637745857 127187.28496180048
149 6 146 225.58275470837765 13812.047662904135 3115759.7599613243
150 11 148 942.9223974109915 93037.70552118453 87727336.33965315
151 9 109 604.9491004987461 24518.97583158066 14832732.374465218
152 8 73 459.67273235884244 7513.940270393182 3453953.4548727735
153 9 102 604.9491004987461 21251.9061051131 12856321.48217198
154 10 139 766.6651705632711 58347.49958109673 44732995.71828191
155 6 49 225.58275470837765 1710.916389083443 385953.23212515353
156 8 125 459.67273235884244 23001.09948770076 10572978.24876898
157 7 107 332.66880679862265 11449.0 3808725.1690374305
158 9 105 604.9491004987461 22621.44489281392 13684822.739889735
159 3 48 32.9215577265747 466.4489382157433 15356.225645969067
160 7 107 332.66880679862265 11449.0 3808725.1690374305
161 9 117 604.9491004987461 28560.865627887746 17277869.97105625
162 2 34 9.541850352986048 161.72412498062124 1543.1473990327004
163 0 100 0.0 0.0 0.0
164 7 119 332.66880679862265 14161.0 4710922.973075296
165 6 141 225.58275470837765 12921.36097430879 2914836.2031659037
166 5 143 139.6884681067044 8250.979311199064 1152566.6603615081
167 6 109 225.58275470837765 7896.900764171442 1781404.6280404862
168 13 137 1331.5823725933528 141188.8970662578 188004646.53932625
169 6 158 225.58275470837765 2362.1985438616953 532871.2546924397
170 0 100 0.0 0.0 0.0
171 4 64 75.61186198841948 1226.095534977771 92707.36637535656
172 8 79 459.67273235884244 8855.710583538383 4070728.6809142074
173 13 168 1331.5823725933528 230840.47046310757 307383101.34983057
174 3 139 32.9215577265747 335.47304520277595 11044.29522335299
175 11 142 942.9223974109915 84627.25297767794 79796932.26401855
176 9 97 604.9491004987461 19070.84539875929 11536890.769730086
177 5 53 139.6884681067044 1358.9929081032851 189835.63750082318
178 10 109 766.6651705632711 33977.85568453712 26049638.52375986
179 7 137 332.66880679862265 18769.0 6243860.834803348
180 7 71 332.66880679862265 5041.0 1676983.4550718567
181 11 138 942.9223974109915 79268.40782369916 74743957.1440746
182 9 114 604.9491004987461 27006.4292253054 16337515.067531552
183 13 164 1331.5823725933528 217815.4926359024 290039270.4717049
184 5 72 139.6884681067044 2371.3580183097592 331251.36891024053
185 7 137 332.66880679862265 18769.0 6243860.834803348
186 3 46 32.9215577265747 435.9769523615719 14353.040404627594
187 4 21 75.61186198841948 182.37411197845725 13789.646185175669
188 0 100 0.0 0.0 0.0
189 3 30 32.9215577265747 221.1993434691573 7282.2269551002855
190 6 97 225.58275470837765 6317.679695554275 1425159.589088318
191 9 136 604.9491004987461 39497.557201796815 23894011.701124758
192 11 146 942.9223974109915 90184.32931477204 85036824.0063872
193 9 156 604.9491004987461 53081.564462536255 32111644.674677517
194 4 93 75.61186198841948 2323.049658002374 175650.1101331206
195 8 152 459.67273235884244 34547.573678850335 15880577.58932556
196 11 148 942.9223974109915 93037.70552118453 87727336.33965315
197 9 79 604.9491004987461 12255.008991227862 7413656.6658473415
198 6 124 225.58275470837765 10105.821436004986 2279699.0381249776
199 7 95 332.66880679862265 9025.0 3002335.9813575693
