0 0 100 0.0 0.0 0.0
1 1 27 1.0 63.59241768810072 63.59241768810072
2 5 43 139.6884681067044 929.4139107485241 129828.40542952261
3 5 67 139.6884681067044 2080.6456750556 290642.2070213566
4 0 100 0.0 0.0 0.0
5 0 100 0.0 0.0 0.0
6 0 100 0.0 0.0 0.0
7 0 5 0.0 5.0 0.0
8 0 100 0.0 0.0 0.0
9 0 100 0.0 0.0 0.0
10 0 5 0.0 5.0 0.0
11 5 81 139.6884681067044 2937.2940727723303 410306.1094044695
12 1 18 1.0 38.15436697768484 38.15436697768484
13 0 100 0.0 0.0 0.0
14 3 55 32.9215577265747 578.9666715492328 19060.48469917088
15 0 100 0.0 0.0 0.0
16 0 5 0.0 5.0 0.0
17 3 55 32.9215577265747 578.9666715492328 19060.48469917088
18 0 14 0.0 14.0 0.0
19 1 6 1.0 9.55892689827884 9.55892689827884
20 0 100 0.0 0.0 0.0
21 5 95 139.6884681067044 3924.3008107112732 548179.5686381559
22 1 12 1.0 22.891970023971037 22.891970023971037
23 0 6 0.0 6.0 0.0
24 6 97 225.58275470837765 6317.679695554275 1425159.589088318
25 0 6 0.0 6.0 0.0
26 8 80 459.67273235884244 9090.477490208035 4178644.62637048
27 2 119 9.541850352986048 69.8685662777562 666.6754038000371
28 0 100 0.0 0.0 0.0
29 6 106 225.58275470837765 7486.36063642395 1688793.855104878
30 2 18 9.541850352986048 64.62733255388774 616.6643359418604
31 1 6 1.0 9.55892689827884 9.55892689827884
32 1 9 1.0 15.931997307697284 15.931997307697284
33 3 39 32.9215577265747 335.47304520277595 11044.29522335299
34 0 100 0.0 0.0 0.0
35 0 100 0.0 0.0 0.0
36 5 55 139.6884681067044 1453.6132803589628 203053.01235290492
37 1 105 1.0 7.59708563275366 7.59708563275366
38 0 100 0.0 0.0 0.0
39 0 100 0.0 0.0 0.0
40 0 100 0.0 0.0 0.0
41 1 15 1.0 30.323695983612147 30.323695983612147
42 1 107 1.0 11.607984241186918 11.607984241186918
43 4 60 75.61186198841948 1097.9836363389938 83020.58717640696
44 0 100 0.0 0.0 0.0
45 1 12 1.0 22.891970023971037 22.891970023971037
46 0 5 0.0 5.0 0.0
47 6 77 225.58275470837765 4061.8785529685815 916289.7532695315
48 1 101 1.0 1.0 1.0
49 6 94 225.58275470837765 5949.1894450157 1342034.543288646
50 1 16 1.0 32.892441635375256 32.892441635375256
51 2 14 9.541850352986048 44.97826169706515 429.17584225083993
52 2 50 9.541850352986048 282.0582186126376 2691.3573128316116
53 8 156 459.67273235884244 36465.56936906108 16762227.908897216
54 2 42 9.541850352986048 219.34644070399202 2092.9709126576195
55 1 108 1.0 13.734791927877684 13.734791927877684
56 3 46 32.9215577265747 435.9769523615719 14353.040404627594
57 0 100 0.0 0.0 0.0
58 0 100 0.0 0.0 0.0
59 1 104 1.0 5.735193251789799 5.735193251789799
60 0 8 0.0 8.0 0.0
61 0 100 0.0 0.0 0.0
62 0 100 0.0 0.0 0.0
63 4 74 75.61186198841948 1571.597319835911 118831.39964880285
64 0 100 0.0 0.0 0.0
65 4 46 75.61186198841948 697.0692055589992 52706.70056710426
66 0 18 0.0 18.0 0.0
67 1 28 1.0 66.57403288693754 66.57403288693754
68 0 100 0.0 0.0 0.0
69 7 106 332.66880679862265 11236.0 3737866.7131893244
70 9 106 604.9491004987461 23088.154186617474 13967158.1073706
71 0 100 0.0 0.0 0.0
72 2 5 9.541850352986048 10.188005914414083 97.21242783067595
73 1 19 1.0 40.84402933782601 40.84402933782601
74 0 5 0.0 5.0 0.0
75 3 50 32.9215577265747 497.6760852315066 16384.27196908475
76 0 100 0.0 0.0 0.0
77 2 51 9.541850352986048 290.23003402420613 2769.3315526010238
78 6 89 225.58275470837765 5358.570280584671 1208801.0451927343
79 2 21 9.541850352986048 80.71796600694597 770.1987524356932
80 1 16 1.0 32.892441635375256 32.892441635375256
81 1 19 1.0 40.84402933782601 40.84402933782601
82 0 6 0.0 6.0 0.0
83 4 60 75.61186198841948 1097.9836363389938 83020.58717640696
84 1 104 1.0 5.735193251789799 5.735193251789799
85 6 156 225.58275470837765 2208.835584533681 498275.2158569973
86 3 30 32.9215577265747 221.1993434691573 7282.2269551002855
87 0 6 0.0 6.0 0.0
88 5 95 139.6884681067044 3924.3008107112732 548179.5686381559
89 1 100 1.0 0.0 0.0
90 1 113 1.0 25.320989780782124 25.320989780782124
91 3 26 32.9215577265747 176.25042831919396 5802.438650243859
92 0 100 0.0 0.0 0.0
93 0 100 0.0 0.0 0.0
94 0 100 0.0 0.0 0.0
95 4 40 75.61186198841948 548.8883970182196 41502.47372238642
96 0 100 0.0 0.0 0.0
97 0 100 0.0 0.0 0.0
98 1 20 1.0 43.57075425423803 43.57075425423803
99 5 63 139.6884681067044 1860.4532693243248 259883.86717602485
100 5 208 139.6884681067044 4954.230173639048 692048.8236036508
101 3 54 32.9215577265747 562.3460860297637 18513.309133542207
102 8 120 459.67273235884244 21128.626944217714 9712253.678439217
103 4 29 75.61186198841948 316.71264325745693 23947.232671970367
104 2 37 9.541850352986048 182.69988024795316 1743.2949168344405
105 9 118 604.9491004987461 29089.380350657248 17597594.477196
106 8 153 459.67273235884244 35022.02902356311 16098671.774011938
107 6 187 225.58275470837765 5130.584655325767 1157371.4198129189
108 2 39 9.541850352986048 197.11162840858907 1880.8096611081503
109 1 19 1.0 40.84402933782601 40.84402933782601
110 5 75 139.6884681067044 2553.9502583266267 356757.3992063684
111 5 59 139.6884681067044 1651.3976308733363 230681.20529173722
112 0 100 0.0 0.0 0.0
113 5 54 139.6884681067044 1405.9451433371921 196394.3233148333
114 5 75 139.6884681067044 2553.9502583266267 356757.3992063684
115 4 48 75.61186198841948 749.6906189831174 56685.50361656424
116 2 31 9.541850352986048 141.5519192260369 1350.6672304328126
117 2 59 9.541850352986048 358.10513855020525 3416.9856426813935
118 5 21 139.6884681067044 252.7155168963687 35301.44342204771
119 5 99 139.6884681067044 4229.702363015084 590840.6436368847
120 4 173 75.61186198841948 1535.4556318691968 116098.65932623514
121 6 55 225.58275470837765 2133.9982456992793 481393.20280768874
122 4 89 75.61186198841948 2154.8151586700715 162929.58638791565
123 3 132 32.9215577265747 245.06238675558936 8067.83551218631
124 5 120 139.6884681067044 5999.610526318716 838076.40365832
125 1 17 1.0 35.503281577765854 35.503281577765854
126 7 95 332.66880679862265 9025.0 3002335.9813575693
127 10 165 766.6651705632711 85435.8497069907 65500690.28782802
128 8 108 459.67273235884244 16970.39141279495 7800826.189918491
129 1 6 1.0 9.55892689827884 9.55892689827884
130 3 71 32.9215577265747 868.3392862126454 28587.081937302275
131 5 157 139.6884681067044 1551.0877169304622 216669.0670771418
132 5 54 139.6884681067044 1405.9451433371921 196394.3233148333
133 7 80 332.66880679862265 6400.0 2129080.363511185
134 5 139 139.6884681067044 778.3165439750189 108721.84572997481
135 5 130 139.6884681067044 483.17833180921616 67494.44099278233
136 3 126 32.9215577265747 176.25042831919396 5802.438650243859
137 9 116 604.9491004987461 28037.540124113097 16961284.67827972
138 7 86 332.66880679862265 7396.0 2460418.495082613
139 8 119 459.67273235884244 20764.03051150532 9544658.640006023
140 4 33 75.61186198841948 395.0229353848392 29868.419672578806
141 8 106 459.67273235884244 16323.225002619285 7503341.43786218
142 11 104 942.9223974109915 41481.41690305604 39113757.074234426
143 4 113 75.61186198841948 3241.266607422014 245078.20338806594
144 2 13 9.541850352986048 40.41888428935346 385.6709453236695
145 5 117 139.6884681067044 5729.848236431501 800393.7226310181
146 5 167 139.6884681067044 2080.6456750556 290642.2070213566
147 7 92 332.66880679862265 8464.0 2815708.780743542
148 4 146 75.61186198841948 697.0692055589992 52706.70056710426
149 5 170 139.6884681067044 2253.023098877021 314721.345291151
150 1 104 1.0 5.735193251789799 5.735193251789799
151 6 75 225.58275470837765 3862.4525781644106 871302.6925128031
152 1 105 1.0 7.59708563275366 7.59708563275366
153 7 88 332.66880679862265 7744.0 2576187.2398485336
154 4 165 75.61186198841948 1259.0362466163215 95198.07491757096
155 7 150 332.66880679862265 2500.0 831672.0169965567
156 7 203 332.66880679862265 10609.0 3529283.3713265876
157 7 164 332.66880679862265 4096.0 1362611.4326471584
158 5 150 139.6884681067044 1222.4564081968258 170763.0629882387
159 7 90 332.66880679862265 8100.0 2694617.3350688433
160 7 97 332.66880679862265 9409.0 3130080.8031682405
161 6 174 225.58275470837765 3764.5376458742294 849214.7723596997
162 4 150 75.61186198841948 803.8922494719358 60783.78982063209
163 3 43 32.9215577265747 391.71440685113555 12895.848457480626
164 1 135 1.0 88.18685030395203 88.18685030395203
165 0 100 0.0 0.0 0.0
166 1 28 1.0 66.57403288693754 66.57403288693754
167 9 156 604.9491004987461 53081.564462536255 32111644.674677517
168 7 227 332.66880679862265 16129.0 5365615.184854985
169 7 156 332.66880679862265 24336.0 8095828.082251281
170 1 117 1.0 35.503281577765854 35.503281577765854
171 1 115 1.0 30.323695983612147 30.323695983612147
172 9 127 604.9491004987461 34080.638090162705 20617051.357067235
173 5 63 139.6884681067044 1860.4532693243248 259883.86717602485
174 2 48 9.541850352986048 265.93129728965954 2537.4766429133756
175 9 148 604.9491004987461 47390.045546024034 28668565.42566185
176 11 104 942.9223974109915 41481.41690305604 39113757.074234426
177 13 223 1331.5823725933528 456823.8815468923 608298628.0475156
178 5 181 139.6884681067044 2937.2940727723303 410306.1094044695
179 5 73 139.6884681067044 2431.5451615879456 339658.8187544891
180 5 159 139.6884681067044 1651.3976308733363 230681.20529173722
181 6 163 225.58275470837765 2767.0349550527303 624195.3675351668
182 10 173 766.6651705632711 94922.67645061052 72773909.93132952
183 7 124 332.66880679862265 15376.0 5115115.5733356215
184 6 188 225.58275470837765 5243.986173197856 1182952.846602616
185 5 150 139.6884681067044 1222.4564081968258 170763.0629882387
186 6 73 225.58275470837765 3667.8232800781016 827397.6793035355
187 6 77 225.58275470837765 4061.8785529685815 916289.7532695315
188 7 75 332.66880679862265 5625.0 1871262.0382422525
189 4 51 75.61186198841948 831.5797944458234 62877.296649995835
190 5 144 139.6884681067044 969.0623078155637 135366.82927870372
191 4 79 75.61186198841948 1757.505455801544 132888.25996796062
192 8 78 459.67273235884244 8624.131594582768 3964278.134304082
193 5 193 139.6884681067044 3775.468945982596 527389.4734487426
194 6 167 225.58275470837765 3112.8302065571443 702200.8129346088
195 3 23 32.9215577265747 145.08021796711313 4776.266770788355
196 5 177 139.6884681067044 2679.0520099722326 374232.6712512085
197 6 196 225.58275470837765 6193.675591281851 1397186.4016513997
198 6 165 225.58275470837765 2937.504168606418 662650.2823215784
199 6 233 225.58275470837765 11555.32145660623 2606681.2457220564
