0 13 339 1331.5823725933528 1253548.753707869 1669203423.6237648
1 2 33 9.541850352986048 154.90879557685506 1478.1165457556579
2 0 100 0.0 0.0 0.0
3 36 1127 6295.82243666837 14780446800.324575 93055068589466.67
4 2 165 9.541850352986048 411.78783219395143 3929.2178719752146
5 1 9 1.0 15.931997307697284 15.931997307697284
6 13 316 1331.5823725933528 423024.6252555632 563292134.1632168
7 0 100 0.0 0.0 0.0
8 0 9 0.0 9.0 0.0
9 0 100 0.0 0.0 0.0
10 4 144 75.61186198841948 646.0476428878335 48848.86521197858
11 1 10 1.0 18.1937008646705 18.1937008646705
12 5 171 139.6884681067044 2311.8500842163953 322938.7967565438
13 0 7 0.0 7.0 0.0
14 0 100 0.0 0.0 0.0
15 0 100 0.0 0.0 0.0
16 30 574 5146.386239304723 464293325.4666218 2389432781182.4517
17 1 122 1.0 49.12998068819353 49.12998068819353
18 0 100 0.0 0.0 0.0
19 0 5 0.0 5.0 0.0
20 0 100 0.0 0.0 0.0
21 0 100 0.0 0.0 0.0
22 0 9 0.0 9.0 0.0
23 2 129 9.541850352986048 128.5709592386038 1226.8048527946264
24 0 100 0.0 0.0 0.0
25 1 18 1.0 38.15436697768484 38.15436697768484
26 24 460 3832.71054120725 61087328.44752779 234130047675.02927
27 0 100 0.0 0.0 0.0
28 0 100 0.0 0.0 0.0
29 2 13 9.541850352986048 40.41888428935346 385.6709453236695
30 0 100 0.0 0.0 0.0
31 19 556 2668.9360872348193 28266977.495265055 75442756314.1674
32 0 6 0.0 6.0 0.0
33 0 5 0.0 5.0 0.0
34 0 7 0.0 7.0 0.0
35 0 9 0.0 9.0 0.0
36 0 100 0.0 0.0 0.0
37 0 100 0.0 0.0 0.0
38 1 115 1.0 30.323695983612147 30.323695983612147
39 0 100 0.0 0.0 0.0
40 0 100 0.0 0.0 0.0
41 0 100 0.0 0.0 0.0
42 0 6 0.0 6.0 0.0
43 1 6 1.0 9.55892689827884 9.55892689827884
44 52 1145 8425.648590871551 308849906739.53345 2602260781510760.0
45 37 826 6468.923834840442 6409367608.629436 41461710889717.24
46 0 5 0.0 5.0 0.0
47 0 100 0.0 0.0 0.0
48 12 355 1131.8354418063404 455597.5748377864 515661482.4024232
49 0 18 0.0 18.0 0.0
50 2 132 9.541850352986048 148.1842032776824 1413.95149235211
51 1 115 1.0 30.323695983612147 30.323695983612147
52 0 100 0.0 0.0 0.0
53 24 476 3832.71054120725 67510329.19636756 258747550351.28955
54 38 780 6636.579650383532 6422502927.87391 42623452235656.64
55 34 858 5933.442745663244 3941226903.0549374 23385044176944.133
56 0 100 0.0 0.0 0.0
57 1 14 1.0 27.799106543625292 27.799106543625292
58 0 100 0.0 0.0 0.0
59 0 100 0.0 0.0 0.0
60 0 100 0.0 0.0 0.0
61 0 9 0.0 9.0 0.0
62 6 94 225.58275470837765 5949.1894450157 1342034.543288646
63 1 48 1.0 131.28987200165307 131.28987200165307
64 0 100 0.0 0.0 0.0
65 50 1065 8230.818941038662 168544042988.7183 1387255501430777.0
66 7 242 332.66880679862265 20164.0 6707933.820287427
67 0 100 0.0 0.0 0.0
68 4 203 75.61186198841948 2766.3252371383346 209167.00204558554
69 22 453 3370.209833397988 35775850.90377699 120572124514.08951
70 1 103 1.0 3.9914906122521803 3.9914906122521803
71 2 124 9.541850352986048 97.86086952638261 933.7737724338355
72 1 18 1.0 38.15436697768484 38.15436697768484
73 0 5 0.0 5.0 0.0
74 1 6 1.0 9.55892689827884 9.55892689827884
75 2 112 9.541850352986048 36.01211998010309 343.62225974392254
76 0 100 0.0 0.0 0.0
77 3 129 32.9215577265747 209.61005902119368 6900.689658136957
78 2 66 9.541850352986048 420.9557626935435 4016.6968928488986
79 1 13 1.0 25.320989780782124 25.320989780782124
80 0 100 0.0 0.0 0.0
81 0 10 0.0 10.0 0.0
82 1 7 1.0 11.607984241186918 11.607984241186918
83 2 129 9.541850352986048 128.5709592386038 1226.8048527946264
84 0 5 0.0 5.0 0.0
85 31 731 5350.621552679651 1237003458.5125277 6618737365856.399
86 0 100 0.0 0.0 0.0
87 0 100 0.0 0.0 0.0
88 1 104 1.0 5.735193251789799 5.735193251789799
89 9 152 604.9491004987461 50192.57933226694 30363955.718766842
90 0 5 0.0 5.0 0.0
91 0 18 0.0 18.0 0.0
92 2 123 9.541850352986048 92.0346545141889 878.1809006631623
93 0 6 0.0 6.0 0.0
94 0 100 0.0 0.0 0.0
95 0 100 0.0 0.0 0.0
96 1 16 1.0 32.892441635375256 32.892441635375256
97 1 106 1.0 9.55892689827884 9.55892689827884
98 0 100 0.0 0.0 0.0
99 0 100 0.0 0.0 0.0
100 42 1054 7252.650449022947 38923683543.11395 282299870926592.5
101 32 638 5549.980220652734 992107234.3546864 5506175527434.996
102 0 100 0.0 0.0 0.0
103 35 698 6117.310290426031 2455860601.180279 15023261327451.979
104 0 100 0.0 0.0 0.0
105 0 100 0.0 0.0 0.0
106 20 548 2902.6872563902634 35982215.19808172 104445117512.16386
107 14 338 1540.4353185285338 1725221.6566834578 2657592372.2455072
108 22 439 3370.209833397988 32720323.931955703 110274357467.44463
109 42 856 7252.650449022947 18776857021.662605 136181980509400.97
110 39 795 6798.773358825962 8300725515.823437 56434751495907.27
111 37 716 6468.923834840442 3964125264.6552267 25643624408821.37
112 37 1026 6468.923834840442 13286279158.411612 85947927924192.69
113 31 1068 5350.621552679651 4122060721.0061917 22055586935269.953
114 0 100 0.0 0.0 0.0
115 8 264 459.67273235884244 40463.25900302208 18599856.82606269
116 0 100 0.0 0.0 0.0
117 3 186 32.9215577265747 1177.1312153238637 38752.99325703761
118 29 755 4937.473672561782 875891513.5464281 4324691288155.7803
119 20 579 2902.6872563902634 41881350.84789467 121568463386.59341
120 24 727 3832.71054120725 232904229.7897746 892654496607.0248
121 25 633 4060.496712466729 199134944.30899683 808586786703.9268
122 40 969 6955.50474228233 19837782911.67622 137981793118531.31
123 26 748 4285.277943143774 418508992.0 1793427352424.934
124 30 672 5146.386239304723 761803794.520273 3920536565169.2554
125 27 619 4506.6139001521815 300066171.83759034 1352282380968.7375
126 30 720 5146.386239304723 946169668.5973161 4869354562516.738
127 27 944 4506.6139001521815 1080854287.2065148 4870992954763.958
128 42 1189 7252.650449022947 59372610549.88699 430608790564302.5
129 33 949 5744.298091538941 4417603743.555566 25376032753281.516
130 44 1023 7528.2761260995885 50793306945.878365 382386040046304.5
131 19 371 2668.9360872348193 9426572.322722908 25158919051.04412
132 31 664 5350.621552679651 911643743.988019 4877860664947.864
133 42 869 7252.650449022947 19795030910.346172 143566439820345.28
134 35 863 6117.310290426031 4948733302.605708 30272937156603.9
135 23 681 3602.4235623004615 148665573.15588364 535556363639.6582
136 24 522 3832.71054120725 88413128.30408753 338861928832.18536
137 28 634 4724.12231882448 406355342.60414547 1919672343369.8118
138 15 518 1756.7778603087352 4026709.930905187 7074034856.499549
139 47 1240 7902.318130854768 174678917880.3018 1380368379843600.0
140 34 803 5933.442745663244 3173344053.825723 18828855255665.83
141 0 100 0.0 0.0 0.0
142 36 1038 6295.82243666837 8017505113.144891 50476788577440.984
143 37 1091 6468.923834840442 16333983090.012531 105663292528862.8
144 45 1253 7658.1450374688 125923558914.851 964340877804176.2
145 43 1144 7393.130324549447 62706018197.935486 463593764670906.3
146 32 944 5549.980220652734 3485979288.585653 19347116101255.46
147 42 1092 7252.650449022947 44065966330.46419 319595050493271.2
148 21 456 3136.7198300107975 28217859.580777142 88511519707.48383
149 33 823 5744.298091538941 2784605724.3995275 15995605348356.615
150 31 706 5350.621552679651 1107620942.41715 5926460486696.55
151 25 820 4060.496712466729 291632745.76157427 1184173805412.5178
152 52 1036 8425.648590871551 212105970302.9218 1787130369798256.2
153 48 1228 8016.77096497358 201521423865.93512 1615551099668562.5
154 36 558 6295.82243666837 1420347123.8481877 8942253290180.809
155 20 623 2902.6872563902634 51260239.68368202 148792444489.33426
156 36 884 6295.82243666837 6580101947.304074 41427153475402.22
157 36 821 6295.82243666837 5143253749.296451 32381012352299.31
158 24 740 3832.71054120725 245292598.2779259 940135527099.922
159 32 902 5549.980220652734 3012495600.9270425 16719290999948.457
160 31 547 5350.621552679651 259538565.86403146 1388692644263.654
161 40 1002 6955.50474228233 22266082480.226925 154871842283267.88
162 32 586 5549.980220652734 755312418.6135465 4191968983718.561
163 45 1256 7658.1450374688 127007167269.38643 972639307747021.5
164 61 1489 9085.210990399466 3613876463885.214 3.2832830167635904e+16
165 38 854 6636.579650383532 8733603589.542978 57961255856877.5
166 11 275 942.9223974109915 384306.52115315304 362371226.266409
167 51 1028 8330.590095344352 174702011214.85733 1455370844263228.5
168 20 357 2902.6872563902634 11031080.546237102 32019776925.77698
169 0 100 0.0 0.0 0.0
170 37 1050 6468.923834840442 14360320168.219732 92895817412136.53
171 17 567 2206.0678959513543 9898952.565176453 21837761457.58108
172 21 533 3136.7198300107975 43691492.82313168 137047971941.09158
173 46 1175 7782.801884860074 120014223629.12625 934046925870782.2
174 28 493 4724.12231882448 187619899.54241243 886339354883.9175
175 31 717 5350.621552679651 1163344184.7064881 6224614467875.072
176 36 807 6295.82243666837 4856769721.674813 30577359783451.883
177 49 1196 8126.242482129881 218001062449.82562 1771529494829222.2
178 28 1019 4724.12231882448 1271288462.0663407 6005722197311.648
179 23 610 3602.4235623004615 108213517.83116074 389830926394.3946
180 45 1177 7658.1450374688 100632686672.55133 770659710048551.6
181 39 1182 6798.773358825962 32225818477.632996 219096036132092.62
182 44 959 7528.2761260995885 40365528131.752014 303882841751670.0
183 53 1463 8516.089422990353 920182275465.415 7836354543314217.0
184 40 851 6955.50474228233 12677500086.719337 88178411973461.0
185 34 905 5933.442745663244 3199270846.916415 18982690398048.105
186 54 1355 8602.009448624298 813984714792.2128 7001904207678369.0
187 18 466 2436.3877014920204 13192447.650847012 32141917209.100956
188 56 1293 8760.68123103637 944040101871.2747 8270434401809338.0
189 19 351 2668.9360872348193 8110104.992584567 21645351885.972225
190 37 1162 6468.923834840442 20190525350.728302 130610970679276.5
191 45 1123 7658.1450374688 85046548189.62587 651298800972234.5
192 31 904 5350.621552679651 2428005983.4867344 12991341145279.275
193 44 1001 7528.2761260995885 47013640356.88899 353931666299799.56
194 45 879 7658.1450374688 35355181503.25339 270755107777948.66
195 37 1121 6468.923834840442 17893655426.056133 115752694078036.53
196 39 827 6798.773358825962 9500106879.132214 64589073555843.34
197 47 1024 7902.318130854768 87127666689.03024 688510540175794.8
198 33 1057 5744.298091538941 4539389953.972827 26075609049357.15
199 31 704 5350.621552679651 1097689902.8723636 5873323252467.701
