0 1 8 1.0 13.734791927877684 13.734791927877684
1 2 30 9.541850352986048 135.01359299654277 1288.2794999919763
2 0 100 0.0 0.0 0.0
3 0 100 0.0 0.0 0.0
4 11 188 942.9223974109915 160887.29862578577 151704237.33320403
5 5 58 139.6884681067044 1600.889370701534 223625.7838016033
6 1 20 1.0 43.57075425423803 43.57075425423803
7 0 9 0.0 9.0 0.0
8 0 100 0.0 0.0 0.0
9 31 732 5350.621552679651 1242383877.5149977 6647525951733.463
10 25 549 4060.496712466729 130608757.97598012 530336432380.82996
11 0 6 0.0 6.0 0.0
12 0 100 0.0 0.0 0.0
13 0 100 0.0 0.0 0.0
14 0 100 0.0 0.0 0.0
15 2 128 9.541850352986048 122.22584512913716 1166.2607234894754
16 0 100 0.0 0.0 0.0
17 1 15 1.0 30.323695983612147 30.323695983612147
18 1 102 1.0 2.3948263510722025 2.3948263510722025
19 2 50 9.541850352986048 282.0582186126376 2691.3573128316116
20 1 110 1.0 18.1937008646705 18.1937008646705
21 1 26 1.0 60.63937356224698 60.63937356224698
22 1 10 1.0 18.1937008646705 18.1937008646705
23 0 100 0.0 0.0 0.0
24 0 100 0.0 0.0 0.0
25 0 100 0.0 0.0 0.0
26 1 23 1.0 51.960050539976365 51.960050539976365
27 0 100 0.0 0.0 0.0
28 0 100 0.0 0.0 0.0
29 0 100 0.0 0.0 0.0
30 0 100 0.0 0.0 0.0
31 30 882 5146.386239304723 1789938154.3188655 9211713086593.104
32 7 232 332.66880679862265 17424.0 5796421.289659201
33 2 111 9.541850352986048 31.76494829034237 303.0963830567869
34 8 227 459.67273235884244 79566.68644450758 36574636.162686065
35 0 100 0.0 0.0 0.0
36 0 100 0.0 0.0 0.0
37 36 998 6295.82243666837 9857534951.648268 62061289718829.82
38 26 422 4285.277943143774 75151448.0 322044842509.7163
39 0 100 0.0 0.0 0.0
40 8 179 459.67273235884244 48542.612462899684 22313715.306657497
41 28 722 4724.12231882448 605803710.3850601 2861890829056.7437
42 0 100 0.0 0.0 0.0
43 17 314 2206.0678959513543 3497895.9541788176 7716595967.892019
44 0 7 0.0 7.0 0.0
45 1 10 1.0 18.1937008646705 18.1937008646705
46 17 604 2206.0678959513543 19425787.062512275 42854605192.195496
47 25 667 4060.496712466729 232520731.02221733 944149663896.0741
48 0 100 0.0 0.0 0.0
49 22 487 3370.209833397988 43951618.27491111 148126176103.86014
50 7 111 332.66880679862265 12321.0 4098812.36856583
51 2 53 9.541850352986048 306.7864203576611 2927.3101133810746
52 1 28 1.0 66.57403288693754 66.57403288693754
53 2 48 9.541850352986048 265.93129728965954 2537.4766429133756
54 1 34 1.0 85.02419427196995 85.02419427196995
55 6 114 225.58275470837765 8604.337363813209 1940990.124969204
56 0 100 0.0 0.0 0.0
57 17 234 2206.0678959513543 1618460.368876729 3570433460.648538
58 0 6 0.0 6.0 0.0
59 0 100 0.0 0.0 0.0
60 0 100 0.0 0.0 0.0
61 0 100 0.0 0.0 0.0
62 18 333 2436.3877014920204 5381388.5642231405 13111148914.823061
63 1 6 1.0 9.55892689827884 9.55892689827884
64 1 119 1.0 40.84402933782601 40.84402933782601
65 0 100 0.0 0.0 0.0
66 5 109 139.6884681067044 5037.901195841188 703736.7005199897
67 0 100 0.0 0.0 0.0
68 0 100 0.0 0.0 0.0
69 0 6 0.0 6.0 0.0
70 26 376 4285.277943143774 53157376.0 227794130888.2002
71 21 482 3136.7198300107975 32961223.733751655 103390124107.08136
72 20 453 2902.6872563902634 21280094.115186263 61769458002.93661
73 8 296 459.67273235884244 58625.25872031313 26948432.86121039
74 35 848 6117.310290426031 4670356795.735612 28570021686514.605
75 1 36 1.0 91.37308344663872 91.37308344663872
76 1 8 1.0 13.734791927877684 13.734791927877684
77 32 535 5549.980220652734 564012098.7181301 3130255992094.4595
78 27 666 4506.6139001521815 374740564.5078103 1688811036961.7732
79 0 100 0.0 0.0 0.0
80 0 100 0.0 0.0 0.0
81 27 636 4506.6139001521815 325796909.6628705 1468240881713.317
82 0 100 0.0 0.0 0.0
83 0 100 0.0 0.0 0.0
84 0 6 0.0 6.0 0.0
85 0 100 0.0 0.0 0.0
86 2 16 9.541850352986048 54.53075711894446 520.3243240639966
87 0 5 0.0 5.0 0.0
88 0 8 0.0 8.0 0.0
89 0 100 0.0 0.0 0.0
90 0 10 0.0 10.0 0.0
91 2 135 9.541850352986048 168.62869283493262 1609.0297522505775
92 2 44 9.541850352986048 234.56808185291177 2238.2135346274663
93 30 582 5146.386239304723 484926110.8463569 2495617063939.248
94 20 450 2902.6872563902634 20893545.794594694 60647429118.7764
95 1 106 1.0 9.55892689827884 9.55892689827884
96 32 656 5549.980220652734 1084715307.8288715 6020148503489.479
97 0 5 0.0 5.0 0.0
98 0 100 0.0 0.0 0.0
99 3 79 32.9215577265747 1028.715399126087 33866.9133965458
100 5 233 139.6884681067044 7232.601763293923 1010311.060740377
101 10 286 766.6651705632711 290341.5244838267 222594734.38999316
102 22 423 3370.209833397988 29441684.105599444 99224653284.4885
103 28 606 4724.12231882448 353701954.967183 1670931299672.3206
104 28 673 4724.12231882448 488155587.9888997 2306106708277.2485
105 10 185 766.6651705632711 110190.66039047457 84479341.44274266
106 17 330 2206.0678959513543 3984499.109773183 8790075567.51737
107 20 468 2902.6872563902634 23281225.689170755 67578117121.10158
108 0 100 0.0 0.0 0.0
109 16 398 1979.1134619514044 4842074.654855007 9583015133.197245
110 0 100 0.0 0.0 0.0
111 0 100 0.0 0.0 0.0
112 47 889 7902.318130854768 52121899223.12492 411883829245485.1
113 15 290 1756.7778603087352 1602707.028719395 2815600224.6154294
114 22 466 3370.209833397988 38773463.60756701 130674708325.12137
115 24 558 3832.71054120725 107450172.75563522 411825409775.0632
116 10 218 766.6651705632711 158737.91968892005 121698834.27316472
117 12 252 1131.8354418063404 443094.5319892783 501510095.3760584
118 0 100 0.0 0.0 0.0
119 38 765 6636.579650383532 6013200109.126501 39907081477912.97
120 18 394 2436.3877014920204 8429977.152484052 20538692658.170868
121 11 228 942.9223974109915 250220.68273777683 235938686.04891962
122 15 314 1756.7778603087352 1958251.40778253 3440212718.110761
123 19 487 2668.9360872348193 19727677.399557885 52651910129.0068
124 35 756 6117.310290426031 3196462053.413994 19553750212305.746
125 30 665 5146.386239304723 737152430.328956 3793671123714.9727
126 23 500 3602.4235623004615 60978488.91190093 219670345249.70935
127 26 461 4285.277943143774 97972181.0 419838026280.9895
128 21 423 3136.7198300107975 22861725.457171127 71710827589.77135
129 0 100 0.0 0.0 0.0
130 20 666 2902.6872563902634 61624202.53967416 178875787397.1247
131 32 658 5549.980220652734 1095358552.261528 6079218299574.294
132 35 911 6117.310290426031 5917174439.181013 36197192087047.89
133 19 296 2668.9360872348193 5106434.389935744 13628747020.396425
134 37 683 6468.923834840442 3382615996.2606506 21881885242323.07
135 9 163 604.9491004987461 58346.35307910868 35296573.81258904
136 1 119 1.0 40.84402933782601 40.84402933782601
137 39 737 6798.773358825962 6406205474.411123 43554339110591.375
138 30 514 5146.386239304723 328221549.46217847 1689154865595.4297
139 20 517 2902.6872563902634 30641827.38457848 88943641861.72615
140 20 712 2902.6872563902634 74092801.67418778 215068231209.91605
141 23 443 3602.4235623004615 43008002.67108335 154933042189.79187
142 7 163 332.66880679862265 26569.0 8838677.527832605
143 23 604 3602.4235623004615 105171643.22151725 378872805627.05133
144 20 464 2902.6872563902634 22736359.277269024 65996540330.83934
145 15 468 1756.7778603087352 5353008.30732869 9404046480.36378
146 24 428 3832.71054120725 49475279.65552134 189624425864.89325
147 8 210 459.67273235884244 17630.632823740572 8104321.163304322
148 28 655 4724.12231882448 449143926.2925155 2121810846562.93
149 16 325 1979.1134619514044 2875805.0629486707 5691544514.02972
150 18 303 2436.3877014920204 4182978.1989030223 10191356639.416565
151 18 410 2436.3877014920204 9374686.449824803 22840370771.69704
152 33 703 5744.298091538941 1671206317.296477 9599907259013.975
153 1 17 1.0 35.503281577765854 35.503281577765854
154 23 472 3602.4235623004615 51639662.727986775 186027937760.5485
155 30 783 5146.386239304723 1231422861.2278628 6337377667788.322
156 23 554 3602.4235623004615 81969362.71979353 295288363648.53723
157 24 480 3832.71054120725 69182609.39899552 265156916311.7539
158 31 505 5350.621552679651 382309557.1116925 2045593756077.234
159 30 772 5146.386239304723 1177891041.5958424 6061882247869.15
160 0 100 0.0 0.0 0.0
161 34 663 5933.442745663244 1695734462.7318203 10061543346467.277
162 34 927 5933.442745663244 5075917537.480028 30117666090345.71
163 8 142 459.67273235884244 29987.49355902603 13784433.100870684
164 25 468 4060.496712466729 81394084.25919822 330500411548.7143
165 30 501 5146.386239304723 302843318.6257895 1558548687641.139
166 22 382 3370.209833397988 22031534.032416414 74250892640.89223
167 27 441 4506.6139001521815 107169957.27655171 482973619141.2233
168 1 104 1.0 5.735193251789799 5.735193251789799
169 25 513 4060.496712466729 106834627.24656819 433801652712.2986
170 30 610 5146.386239304723 562058156.01154 2892568359786.777
171 24 516 3832.71054120725 85474357.53383715 327598471122.855
172 21 604 3136.7198300107975 62026158.13176482 194558680191.2922
173 22 542 3370.209833397988 59584087.66347323 200810878157.48523
174 24 670 3832.71054120725 183439497.73776534 703070496653.2968
175 21 304 3136.7198300107975 9059608.578108534 28417453879.088966
176 33 584 5744.298091538941 916439303.768695 5264300543649.79
177 28 751 4724.12231882448 683717920.5056844 3229967088041.1655
178 21 364 3136.7198300107975 15007446.602457665 47074155355.757126
179 24 505 3832.71054120725 80254970.82041991 307594072647.7037
180 19 475 2668.9360872348193 18435897.641202144 49204232515.171684
181 28 692 4724.12231882448 531747847.7028425 2512041875319.879
182 29 556 4937.473672561782 338521006.66917014 1671438558038.1392
183 18 468 2436.3877014920204 7026071.252348587 17118233589.028734
184 37 727 6468.923834840442 4172615000.583069 26992328630884.582
185 17 395 2206.0678959513543 6382774.3718602145 14080833628.86189
186 29 669 4937.473672561782 601528039.556716 2970028858618.9873
187 14 236 1540.4353185285338 711384.2292680903 1095841391.8087664
188 29 605 4937.473672561782 440109480.3282565 2173028972165.614
189 26 518 4285.277943143774 138991832.0 595618631946.745
190 37 704 6468.923834840442 3745150279.826586 24227091910229.555
191 15 260 1756.7778603087352 1217170.7636398226 2138298649.7775168
192 24 446 3832.71054120725 55808727.64127888 213898698722.094
193 20 372 2902.6872563902634 12357569.546037748 35870159641.24019
194 18 345 2436.3877014920204 5914535.698956064 14410102036.972065
195 28 566 4724.12231882448 286763742.4452648 1354706995915.3105
196 26 415 4285.277943143774 71473375.0 306283277409.54364
197 19 388 2668.9360872348193 10645607.316489683 28412445537.51034
198 19 420 2668.9360872348193 13200612.619024092 35231591392.520744
199 31 521 5350.621552679651 422106577.84916764 2258532552967.6074
