0 1 108 1.0 13.734791927877684 13.734791927877684
1 7 234 332.66880679862265 17956.0 5973401.094876069
2 0 100 0.0 0.0 0.0
3 0 100 0.0 0.0 0.0
4 24 640 3832.71054120725 160442721.67752174 614930510633.4186
5 32 682 5549.980220652734 1228741893.162061 6819493203336.833
6 0 9 0.0 9.0 0.0
7 20 459 2902.6872563902634 22066800.623891935 64053020960.27583
8 0 100 0.0 0.0 0.0
9 27 555 4506.6139001521815 215421878.24428514 970823230892.5862
10 41 839 7106.788070274764 14557087053.171413 103454132607429.83
11 24 572 3832.71054120725 115524713.31962352 442772786510.06665
12 0 100 0.0 0.0 0.0
13 40 1071 6955.50474228233 28013817048.599865 194850237330965.94
14 22 446 3370.209833397988 34225982.44525062 115348742594.69057
15 1 43 1.0 114.29870016819844 114.29870016819844
16 0 100 0.0 0.0 0.0
17 0 100 0.0 0.0 0.0
18 1 105 1.0 7.59708563275366 7.59708563275366
19 1 11 1.0 20.51504931294799 20.51504931294799
20 0 100 0.0 0.0 0.0
21 4 210 75.61186198841948 3095.5112687915 234057.37083946014
22 0 100 0.0 0.0 0.0
23 3 64 32.9215577265747 736.4308795040106 24244.45171122346
24 0 100 0.0 0.0 0.0
25 0 5 0.0 5.0 0.0
26 1 110 1.0 18.1937008646705 18.1937008646705
27 0 100 0.0 0.0 0.0
28 0 100 0.0 0.0 0.0
29 0 9 0.0 9.0 0.0
30 0 9 0.0 9.0 0.0
31 4 27 75.61186198841948 280.28354879760207 21192.761009308724
32 0 5 0.0 5.0 0.0
33 0 100 0.0 0.0 0.0
34 0 10 0.0 10.0 0.0
35 0 100 0.0 0.0 0.0
36 37 807 6468.923834840442 5927032851.773973 38341524084722.98
37 1 21 1.0 46.33316012586883 46.33316012586883
38 0 5 0.0 5.0 0.0
39 1 7 1.0 11.607984241186918 11.607984241186918
40 49 876 8126.242482129881 69227366692.72546 562558368144408.8
41 0 100 0.0 0.0 0.0
42 0 5 0.0 5.0 0.0
43 0 100 0.0 0.0 0.0
44 1 51 1.0 141.71101512179817 141.71101512179817
45 1 9 1.0 15.931997307697284 15.931997307697284
46 0 100 0.0 0.0 0.0
47 1 41 1.0 107.64164596635766 107.64164596635766
48 0 100 0.0 0.0 0.0
49 30 713 5146.386239304723 917572203.1556804 4722180959888.911
50 15 473 1756.7778603087352 3022039.821791286 5309052651.894287
51 0 100 0.0 0.0 0.0
52 0 10 0.0 10.0 0.0
53 9 318 604.9491004987461 109157.05018253595 66034459.32102162
54 1 10 1.0 18.1937008646705 18.1937008646705
55 0 100 0.0 0.0 0.0
56 2 132 9.541850352986048 148.1842032776824 1413.95149235211
57 0 100 0.0 0.0 0.0
58 3 132 32.9215577265747 245.06238675558936 8067.83551218631
59 0 100 0.0 0.0 0.0
60 1 118 1.0 38.15436697768484 38.15436697768484
61 0 100 0.0 0.0 0.0
62 1 8 1.0 13.734791927877684 13.734791927877684
63 24 496 3832.71054120725 76144096.01502645 291838279447.48883
64 0 100 0.0 0.0 0.0
65 0 100 0.0 0.0 0.0
66 23 377 3602.4235623004615 27005636.05898414 97285739653.79546
67 0 100 0.0 0.0 0.0
68 0 100 0.0 0.0 0.0
69 1 103 1.0 3.9914906122521803 3.9914906122521803
70 0 100 0.0 0.0 0.0
71 27 601 4506.6139001521815 274346595.9521151 1236374182777.236
72 0 100 0.0 0.0 0.0
73 1 103 1.0 3.9914906122521803 3.9914906122521803
74 0 100 0.0 0.0 0.0
75 0 100 0.0 0.0 0.0
76 1 25 1.0 57.71571011139208 57.71571011139208
77 4 139 75.61186198841948 4618.529923931012 349215.64719765715
78 0 100 0.0 0.0 0.0
79 1 19 1.0 40.84402933782601 40.84402933782601
80 0 100 0.0 0.0 0.0
81 0 100 0.0 0.0 0.0
82 20 403 2902.6872563902634 15411293.046246452 44734163929.83546
83 0 100 0.0 0.0 0.0
84 0 100 0.0 0.0 0.0
85 27 514 4506.6139001521815 170639948.080991 769008361943.0406
86 0 100 0.0 0.0 0.0
87 0 100 0.0 0.0 0.0
88 0 6 0.0 6.0 0.0
89 0 100 0.0 0.0 0.0
90 0 6 0.0 6.0 0.0
91 0 100 0.0 0.0 0.0
92 0 100 0.0 0.0 0.0
93 3 32 32.9215577265747 245.06238675558936 8067.83551218631
94 24 710 3832.71054120725 217335158.33857802 832982752339.2147
95 7 234 332.66880679862265 17956.0 5973401.094876069
96 0 18 0.0 18.0 0.0
97 1 55 1.0 155.85458639063 155.85458639063
98 1 116 1.0 32.892441635375256 32.892441635375256
99 0 100 0.0 0.0 0.0
100 25 550 4060.496712466729 131314805.16499655 533203334670.67755
101 34 777 5933.442745663244 2849435409.1722827 16906961857789.258
102 21 670 3136.7198300107975 82941664.85619304 260164764888.53036
103 54 1219 8602.009448624298 544409112804.87695 4683012332264723.0
104 36 838 6295.82243666837 5506778353.350143 34669698710781.535
105 29 417 4937.473672561782 138475174.16179878 683717526727.2891
106 16 292 1979.1134619514044 2183702.8447015383 4321795696.850391
107 38 1025 6636.579650383532 16218146684.872711 107633022255761.38
108 29 706 4937.473672561782 711047428.6389873 3510777958847.7524
109 35 774 6117.310290426031 3454717127.3089213 21133576633397.92
110 45 966 7658.1450374688 49581074894.42539 379699062655112.75
111 0 100 0.0 0.0 0.0
112 35 739 6117.310290426031 2965208514.5812135 18139100559506.543
113 25 588 4060.496712466729 160055071.75705904 649903092683.1647
114 44 927 7528.2761260995885 35775527025.41498 269328046004062.22
115 3 146 32.9215577265747 435.9769523615719 14353.040404627594
116 39 686 6798.773358825962 5012934495.420039 34081805497001.426
117 35 801 6117.310290426031 3868862772.0240765 23667034047549.062
118 44 919 7528.2761260995885 34689425028.381615 261151570269286.84
119 40 685 6955.50474228233 5998975897.015557 41725905300529.1
120 36 889 6295.82243666837 6704939851.727336 42213110755016.85
121 18 308 2436.3877014920204 4369712.206329453 10646313078.56064
122 27 432 4506.6139001521815 100665552.4175704 453660777791.5208
123 5 229 139.6884681067044 6842.204111735111 955777.0108416717
124 0 100 0.0 0.0 0.0
125 39 1064 6798.773358825962 22490274264.728714 152906277503726.72
126 32 628 5549.980220652734 943086680.5132458 5234112423209.559
127 31 606 5350.621552679651 682024445.7959039 3649254699129.958
128 27 666 4506.6139001521815 374740564.5078103 1688811036961.7732
129 29 568 4937.473672561782 361743454.36686224 1786098782157.9368
130 0 100 0.0 0.0 0.0
131 44 1253 7528.2761260995885 104491610299.79854 786641695197675.2
132 32 886 5549.980220652734 2844427366.265458 15786515621856.643
133 19 562 2668.9360872348193 29102660.69717712 77673141369.24646
134 37 868 6468.923834840442 7572356438.190325 48984997048916.87
135 35 612 6117.310290426031 1590927748.2644608 9732198685782.5
136 0 100 0.0 0.0 0.0
137 32 765 5549.980220652734 1776000359.4480247 9856766866808.684
138 33 768 5744.298091538941 2225616125.816653 12784602464026.889
139 37 762 6468.923834840442 4887218286.7195015 31615042861027.855
140 29 761 4937.473672561782 897701741.455945 4432378714251.593
141 47 920 7902.318130854768 59036389270.94332 466524329315975.3
142 32 739 5549.980220652734 1589554843.4269257 8821997940662.191
143 47 1055 7902.318130854768 97102095771.23566 767331651957031.6
144 34 910 5933.442745663244 4777719061.603816 28348322506890.164
145 1 114 1.0 27.799106543625292 27.799106543625292
146 20 662 2902.6872563902634 60608467.82054993 175927427172.04965
147 34 676 5933.442745663244 1806938189.3186088 10721364291274.377
148 33 741 5744.298091538941 1981969350.0022852 11385022754706.803
149 39 825 6798.773358825962 9421763599.94453 64056435356459.06
150 33 656 5744.298091538941 1335595419.985385 7672058222090.196
151 35 690 6117.310290426031 2364139875.439002 14462177188029.523
152 38 782 6636.579650383532 6478520658.688575 42995218368041.91
153 36 695 6295.82243666837 2952051079.93455 18585589423243.03
154 19 445 2668.9360872348193 15443832.008033264 41218600571.43216
155 44 1118 7528.2761260995885 69659802719.27768 524418229760345.4
156 19 540 2668.9360872348193 26113059.429616977 69694086659.81224
157 42 997 7252.650449022947 32034857857.83756 232337626227031.84
158 23 550 3602.4235623004615 80273800.13487035 289180229041.25494
159 36 670 6295.82243666837 2612812300.4578805 16449802304025.822
160 30 535 5146.386239304723 372218353.51856107 1915579412564.5833
161 30 639 5146.386239304723 650348459.8459065 3346944364503.993
162 28 985 4724.12231882448 1573202027.9725096 7431998812364.867
163 31 740 5350.621552679651 1286005720.5934675 6880929925476.732
164 35 648 6117.310290426031 1921392646.2611237 11753755006922.076
165 23 519 3602.4235623004615 67904399.08945757 244620407263.71597
166 38 910 6636.579650383532 10832657945.783543 71891797282552.53
167 27 595 4506.6139001521815 266113937.1615237 1199272768236.347
168 29 786 4937.473672561782 992546937.1298668 4900674370860.552
169 39 900 6798.773358825962 12687243162.175493 86257690807945.6
170 23 594 3602.4235623004615 100226973.59192562 361060011245.61896
171 37 746 6468.923834840442 4550690381.553004 29438069474207.375
172 29 596 4937.473672561782 420083274.2338377 2074150106813.125
173 42 826 7252.650449022947 16570752851.39224 120181878108298.22
174 32 880 5549.980220652734 2783102843.262122 15446165732147.164
175 23 638 3602.4235623004615 123169403.26621622 443708360480.7047
176 40 757 6955.50474228233 8467360461.885777 58894765847260.42
177 38 612 6636.579650383532 2821391227.1793814 18724387604069.3
178 26 638 4285.277943143774 259694072.0 1112861278706.791
179 31 861 5350.621552679651 2079956155.3070662 11129058233214.693
180 48 1215 8016.77096497358 193824015559.3579 1553842740250847.8
181 28 480 4724.12231882448 172831367.9249147 816476522607.0549
182 37 856 6468.923834840442 7226111823.02635 46745167005197.48
183 23 492 3602.4235623004615 58206438.331817925 209684244924.12967
184 25 911 4060.496712466729 414918542.35859984 1684775377188.582
185 38 843 6636.579650383532 8357953514.705975 55468224214549.19
186 38 998 6636.579650383532 14814459488.85298 98317340375152.9
187 28 522 4724.12231882448 223637594.91637868 1056491353472.6926
188 36 675 6295.82243666837 2678353255.5280375 16862436519477.19
189 27 582 4506.6139001521815 248848279.975836 1121463117568.0642
190 30 844 5146.386239304723 1558674908.1359842 8021543098780.582
191 43 920 7393.130324549447 29053832105.62746 214798767184482.7
192 36 568 6295.82243666837 1506953013.4726794 9487508593226.307
193 41 891 7106.788070274764 17941283070.86149 127504896493421.02
194 23 644 3602.4235623004615 126540303.12953217 455851769574.46954
195 36 692 6295.82243666837 2909803011.006198 18319603082978.0
196 32 714 5549.980220652734 1423426286.5398107 7899987735853.12
197 33 725 5744.298091538941 1846650728.6521254 10607712256335.398
198 35 1027 6117.310290426031 8789952125.206213 53770864587876.13
199 30 750 5146.386239304723 1075627327.0946505 5535593674780.029
