0 48 939 8016.77096497358 75490478081.38031 605189872814784.1
1 1 15 1.0 30.323695983612147 30.323695983612147
2 1 114 1.0 27.799106543625292 27.799106543625292
3 0 100 0.0 0.0 0.0
4 21 626 3136.7198300107975 68566388.13145153 215073549324.14102
5 3 152 32.9215577265747 529.6457757489877 17436.763980956737
6 0 100 0.0 0.0 0.0
7 0 100 0.0 0.0 0.0
8 0 6 0.0 6.0 0.0
9 0 9 0.0 9.0 0.0
10 0 15 0.0 15.0 0.0
11 1 6 1.0 9.55892689827884 9.55892689827884
12 0 100 0.0 0.0 0.0
13 0 5 0.0 5.0 0.0
14 0 100 0.0 0.0 0.0
15 0 100 0.0 0.0 0.0
16 0 100 0.0 0.0 0.0
17 1 18 1.0 38.15436697768484 38.15436697768484
18 0 100 0.0 0.0 0.0
19 0 100 0.0 0.0 0.0
20 0 10 0.0 10.0 0.0
21 6 130 225.58275470837765 11061.859988496359 2495364.8484033914
22 23 492 3602.4235623004615 58206438.331817925 209684244924.12967
23 0 100 0.0 0.0 0.0
24 1 19 1.0 40.84402933782601 40.84402933782601
25 18 500 2436.3877014920204 8776900.418370932 21383932236.53911
26 0 100 0.0 0.0 0.0
27 34 795 5933.442745663244 3071094651.9951096 18222164284125.566
28 1 105 1.0 7.59708563275366 7.59708563275366
29 2 26 9.541850352986048 109.8359986590007 1048.0386625749609
30 0 12 0.0 12.0 0.0
31 2 128 9.541850352986048 122.22584512913716 1166.2607234894754
32 20 391 2902.6872563902634 14178135.593302423 41154693506.05215
33 0 100 0.0 0.0 0.0
34 4 159 75.61186198841948 1066.8769814059906 80668.55507669134
35 0 100 0.0 0.0 0.0
36 16 365 1979.1134619514044 1701560.9309244899 3367582144.723222
37 26 393 4285.277943143774 60698457.0 260109758964.96082
38 0 18 0.0 18.0 0.0
39 1 6 1.0 9.55892689827884 9.55892689827884
40 1 112 1.0 22.891970023971037 22.891970023971037
41 0 100 0.0 0.0 0.0
42 0 100 0.0 0.0 0.0
43 1 36 1.0 91.37308344663872 91.37308344663872
44 1 13 1.0 25.320989780782124 25.320989780782124
45 0 100 0.0 0.0 0.0
46 2 29 9.541850352986048 128.5709592386038 1226.8048527946264
47 0 5 0.0 5.0 0.0
48 0 18 0.0 18.0 0.0
49 1 113 1.0 25.320989780782124 25.320989780782124
50 0 6 0.0 6.0 0.0
51 0 100 0.0 0.0 0.0
52 1 104 1.0 5.735193251789799 5.735193251789799
53 0 10 0.0 10.0 0.0
54 0 100 0.0 0.0 0.0
55 0 100 0.0 0.0 0.0
56 0 100 0.0 0.0 0.0
57 1 19 1.0 40.84402933782601 40.84402933782601
58 0 100 0.0 0.0 0.0
59 1 19 1.0 40.84402933782601 40.84402933782601
60 8 301 459.67273235884244 61778.99802875516 28398120.826269425
61 1 115 1.0 30.323695983612147 30.323695983612147
62 0 10 0.0 10.0 0.0
63 1 111 1.0 20.51504931294799 20.51504931294799
64 9 187 604.9491004987461 78439.41885320956 47451855.87889351
65 0 100 0.0 0.0 0.0
66 4 60 75.61186198841948 1097.9836363389938 83020.58717640696
67 0 18 0.0 18.0 0.0
68 16 460 1979.1134619514044 3740878.133061797 7403622272.662239
69 1 121 1.0 46.33316012586883 46.33316012586883
70 1 20 1.0 43.57075425423803 43.57075425423803
71 0 100 0.0 0.0 0.0
72 0 100 0.0 0.0 0.0
73 1 8 1.0 13.734791927877684 13.734791927877684
74 1 64 1.0 188.64450930209398 188.64450930209398
75 0 10 0.0 10.0 0.0
76 0 9 0.0 9.0 0.0
77 1 108 1.0 13.734791927877684 13.734791927877684
78 5 120 139.6884681067044 5999.610526318716 838076.40365832
79 0 100 0.0 0.0 0.0
80 1 8 1.0 13.734791927877684 13.734791927877684
81 1 103 1.0 3.9914906122521803 3.9914906122521803
82 2 42 9.541850352986048 219.34644070399202 2092.9709126576195
83 0 100 0.0 0.0 0.0
84 46 1254 7782.801884860074 151780840601.30423 1181280212317477.0
85 0 9 0.0 9.0 0.0
86 1 20 1.0 43.57075425423803 43.57075425423803
87 0 9 0.0 9.0 0.0
88 1 112 1.0 22.891970023971037 22.891970023971037
89 2 58 9.541850352986048 349.384203814786 3333.771788497865
90 0 100 0.0 0.0 0.0
91 1 121 1.0 46.33316012586883 46.33316012586883
92 1 14 1.0 27.799106543625292 27.799106543625292
93 1 104 1.0 5.735193251789799 5.735193251789799
94 0 10 0.0 10.0 0.0
95 0 100 0.0 0.0 0.0
96 8 230 459.67273235884244 24956.252438948613 11471708.748048535
97 1 120 1.0 43.57075425423803 43.57075425423803
98 0 9 0.0 9.0 0.0
99 0 100 0.0 0.0 0.0
100 26 620 4285.277943143774 238328000.0 1021301721633.5693
101 5 170 139.6884681067044 11297.82039388973 1578175.22376714
102 21 487 3136.7198300107975 33928280.62726609 106423510641.71672
103 41 1129 7106.788070274764 40855025021.290215 290348004432082.3
104 0 100 0.0 0.0 0.0
105 31 777 5350.621552679651 1501463336.194138 8033762087198.648
106 25 644 4060.496712466729 209562387.99658203 850927387516.7985
107 20 497 2902.6872563902634 27481651.567901928 79770639790.70644
108 34 791 5933.442745663244 3020838141.7657146 17923970158082.613
109 37 872 6468.923834840442 7690314583.821621 49748059308704.74
110 4 153 75.61186198841948 888.1171619831025 67152.19228141312
111 27 626 4506.6139001521815 310489400.8250475 1399255849608.0813
112 36 897 6295.82243666837 6908114099.569972 43492259743137.74
113 0 100 0.0 0.0 0.0
114 30 790 5146.386239304723 1266338125.7879465 6517065104862.0205
115 41 945 7106.788070274764 22013051337.349445 156442090634621.0
116 48 1052 8016.77096497358 114414074651.42079 917231431649829.9
117 24 782 3832.71054120725 288262312.469256 1104826003633.6956
118 24 608 3832.71054120725 138096746.61446023 529284856455.66833
119 44 979 7528.2761260995885 43440511635.146866 327032166648427.56
120 32 838 5549.980220652734 2379060819.561146 13203740492294.242
121 26 782 4285.277943143774 478211768.0 2049270341562.1875
122 40 1058 6955.50474228233 19071987274.648003 132655297933562.44
123 18 300 2436.3877014920204 4073375.4366824245 9924321817.492746
124 1 113 1.0 25.320989780782124 25.320989780782124
125 31 886 5350.621552679651 1557376406.1140428 8332931764188.575
126 43 1195 7393.130324549447 73144329236.4487 540765558546817.6
127 39 804 6798.773358825962 8626525781.35077 58649793661472.94
128 19 556 2668.9360872348193 28266977.495265055 75442756314.1674
129 32 1058 5549.980220652734 3654535800.214222 20282601406856.242
130 23 591 3602.4235623004615 98773787.39694925 355825019056.42633
131 30 559 5146.386239304723 427234482.19670796 2198713660133.6165
132 17 492 2206.0678959513543 11348654.554759594 25035902475.49725
133 34 833 5933.442745663244 3577861032.2624207 21229033586868.664
134 45 1253 7658.1450374688 125923558914.851 964340877804176.2
135 35 894 6117.310290426031 5560345449.678658 34014358437642.81
136 17 407 2206.0678959513543 6903543.891344941 15229686546.98716
137 28 590 4724.12231882448 325788129.993756 1539062976111.5938
138 48 1260 8016.77096497358 221413266414.0722 1775019445448294.0
139 46 1106 7782.801884860074 96467913160.07477 750790656370747.9
140 25 677 4060.496712466729 151346537.85574687 614542119406.4816
141 28 724 4724.12231882448 610974259.920007 2886317137515.374
142 30 677 5146.386239304723 779751966.4708588 4012904790316.4253
143 17 522 2206.0678959513543 13252920.202609258 29236841786.5814
144 26 617 4285.277943143774 234885113.0 1006547993911.7329
145 19 493 2668.9360872348193 20394408.617737114 54431373137.691376
146 35 890 6117.310290426031 5478620655.67027 33514422514272.35
147 36 747 6295.82243666837 3754409984.3486967 23637098615914.27
148 39 1012 6798.773358825962 18948410450.045994 128825948159872.16
149 28 718 4724.12231882448 595551312.7762585 2813457248691.5415
150 28 656 4724.12231882448 451253997.35506845 2131779080363.8418
151 39 1093 6798.773358825962 24656690060.970325 167635247503353.94
152 16 439 1979.1134619514044 6230463.768788133 12330794719.009075
153 35 982 6117.310290426031 7581138891.125278 46376178951829.66
154 44 1046 7528.2761260995885 54973328269.490295 413854394783439.4
155 1 100 1.0 0.0 0.0
156 46 1190 7782.801884860074 125635995397.25702 977800061784043.5
157 20 509 2902.6872563902634 29351420.76989971 85197995025.73639
158 21 530 3136.7198300107975 43005909.25308003 134897488361.78099
159 27 637 4506.6139001521815 327354922.46458536 1475262243862.1401
160 39 1296 6798.773358825962 33550003907.389717 228098872754068.12
161 27 1011 4506.6139001521815 1331049548.0454793 5998526395013.036
162 53 1370 8516.089422990353 717894804992.549 6113656355616768.0
163 39 966 6798.773358825962 16161370072.232832 109877492289223.78
164 49 1301 8126.242482129881 297232063156.47003 2415379818673218.5
165 46 954 7782.801884860074 56581164528.12498 440359993937069.06
166 56 1287 8760.68123103637 927292090815.0609 8123710415691977.0
167 25 535 4060.496712466729 120986622.35094124 491265782308.4506
168 56 1234 8760.68123103637 788732777460.776 6909836439803806.0
169 44 1082 7528.2761260995885 62004416965.78359 466786371956232.9
170 19 525 2668.9360872348193 24190694.29059862 64563416967.44396
171 34 728 5933.442745663244 2302616064.2667227 13662440582571.035
172 31 993 5350.621552679651 2335443795.5569344 12496075907578.902
173 40 969 6955.50474228233 19837782911.67622 137981793118531.31
174 0 100 0.0 0.0 0.0
175 35 841 6117.310290426031 4544264440.675561 27798675625361.703
176 44 1001 7528.2761260995885 47013640356.88899 353931666299799.56
177 33 616 5744.298091538941 1089327821.6549177 6257423726992.615
178 35 740 6117.310290426031 2978478014.8481965 18220274210038.57
179 32 1044 5549.980220652734 3485979288.585653 19347116101255.46
180 25 560 4060.496712466729 138514814.6603676 562438949556.361
181 39 721 6798.773358825962 5942936907.6769 40404681121097.25
182 33 605 5744.298091538941 1027560827.9308212 5902615702823.19
183 54 1627 8602.009448624298 1632127930494.773 1.4039579879479658e+16
184 30 781 5146.386239304723 1221568968.8669975 6286665731738.775
185 16 343 1979.1134619514044 3303353.8549748245 6537712083.969742
186 17 551 2206.0678959513543 9034629.1568375 19931005334.72526
187 57 1301 8833.632285946418 1134967014154.9614 1.0025881259723472e+16
188 28 594 4724.12231882448 332621843.15116745 1571346272958.9658
189 29 847 4937.473672561782 1252029339.9750166 6181861903401.55
190 18 428 2436.3877014920204 10513538.072703416 25615054859.50272
191 27 654 4506.6139001521815 214245394.92935583 965521274832.2286
192 48 1142 8016.77096497358 154502330040.9617 1238609793493147.0
193 24 738 3832.71054120725 243359147.95380133 932725171661.7491
194 26 528 4285.277943143774 147197952.0 630784136981.536
195 31 759 5350.621552679651 1393790981.05168 7457648063145.635
196 23 817 3602.4235623004615 172481511.96664178 621351462769.8394
197 54 1042 8602.009448624298 299783322158.048 2578738969743510.5
198 32 970 5549.980220652734 3803407631.1151147 21108837123768.555
199 42 976 7252.650449022947 29732586623.342785 215640057724400.72
