0 24 775 3832.71054120725 280782107.32405424 1076156542523.2881
1 0 6 0.0 6.0 0.0
2 11 190 942.9223974109915 164832.7121547771 155424456.11673832
3 2 120 9.541850352986048 75.23327232919837 717.8646261306569
4 2 112 9.541850352986048 36.01211998010309 343.62225974392254
5 5 108 139.6884681067044 4954.230173639048 692048.8236036508
6 1 11 1.0 20.51504931294799 20.51504931294799
7 0 100 0.0 0.0 0.0
8 1 105 1.0 7.59708563275366 7.59708563275366
9 0 100 0.0 0.0 0.0
10 4 76 75.61186198841948 1644.92462809159 124375.81396061354
11 0 18 0.0 18.0 0.0
12 1 26 1.0 60.63937356224698 60.63937356224698
13 1 24 1.0 54.8222930413608 54.8222930413608
14 0 100 0.0 0.0 0.0
15 0 18 0.0 18.0 0.0
16 0 100 0.0 0.0 0.0
17 0 100 0.0 0.0 0.0
18 27 473 4506.6139001521815 132572620.62323818 597453614880.2869
19 0 18 0.0 18.0 0.0
20 1 9 1.0 15.931997307697284 15.931997307697284
21 48 991 8016.77096497358 91949512601.50818 737138182867243.0
22 0 100 0.0 0.0 0.0
23 3 56 32.9215577265747 595.765723501293 19613.535657762357
24 0 100 0.0 0.0 0.0
25 0 100 0.0 0.0 0.0
26 2 7 9.541850352986048 16.551687764173284 157.9337277350917
27 0 100 0.0 0.0 0.0
28 0 100 0.0 0.0 0.0
29 0 100 0.0 0.0 0.0
30 36 1000 6295.82243666837 9923515558.575401 62476691904306.664
31 9 380 604.9491004987461 187172.5489594116 113229865.13105357
32 31 924 5350.621552679651 1809221943.8771696 9680461926490.158
33 0 100 0.0 0.0 0.0
34 0 100 0.0 0.0 0.0
35 19 389 2668.9360872348193 10720247.792152671 28611656196.57566
36 0 6 0.0 6.0 0.0
37 0 10 0.0 10.0 0.0
38 0 100 0.0 0.0 0.0
39 0 100 0.0 0.0 0.0
40 42 1079 7252.650449022947 42255325005.19186 306463101872515.3
41 4 36 75.61186198841948 458.3949685466225 34660.09709793311
42 0 9 0.0 9.0 0.0
43 0 100 0.0 0.0 0.0
44 1 115 1.0 30.323695983612147 30.323695983612147
45 0 100 0.0 0.0 0.0
46 0 100 0.0 0.0 0.0
47 28 722 4724.12231882448 605803710.3850601 2861890829056.7437
48 2 149 9.541850352986048 273.9583678426836 2614.069748903192
49 0 100 0.0 0.0 0.0
50 0 10 0.0 10.0 0.0
51 2 74 9.541850352986048 496.47644052360766 4737.303899259442
52 25 399 4060.496712466729 50742513.683515415 206039809994.21237
53 0 100 0.0 0.0 0.0
54 1 45 1.0 121.03674784737703 121.03674784737703
55 0 6 0.0 6.0 0.0
56 1 29 1.0 69.58346013935528 69.58346013935528
57 8 205 459.67273235884244 16004.538823908642 7356850.091329261
58 0 100 0.0 0.0 0.0
59 0 10 0.0 10.0 0.0
60 33 623 5744.298091538941 1129942787.810577 6490728199568.487
61 0 18 0.0 18.0 0.0
62 0 6 0.0 6.0 0.0
63 8 299 459.67273235884244 60507.20551762382 27813512.487684168
64 2 56 9.541850352986048 332.1417203303481 3169.2465913755254
65 0 5 0.0 5.0 0.0
66 5 208 139.6884681067044 4954.230173639048 692048.8236036508
67 0 100 0.0 0.0 0.0
68 9 234 604.9491004987461 127151.30778768037 76920069.27339646
69 0 5 0.0 5.0 0.0
70 30 680 5146.386239304723 790658048.3356266 4069031699949.997
71 1 44 1.0 117.65777237975428 117.65777237975428
72 0 100 0.0 0.0 0.0
73 1 35 1.0 88.18685030395203 88.18685030395203
74 1 119 1.0 40.84402933782601 40.84402933782601
75 0 10 0.0 10.0 0.0
76 0 100 0.0 0.0 0.0
77 0 100 0.0 0.0 0.0
78 1 15 1.0 30.323695983612147 30.323695983612147
79 0 10 0.0 10.0 0.0
80 0 100 0.0 0.0 0.0
81 1 112 1.0 22.891970023971037 22.891970023971037
82 0 100 0.0 0.0 0.0
83 22 527 3370.209833397988 55013254.00665253 185406209620.4416
84 0 100 0.0 0.0 0.0
85 3 52 32.9215577265747 529.6457757489877 17436.763980956737
86 0 100 0.0 0.0 0.0
87 0 100 0.0 0.0 0.0
88 2 117 9.541850352986048 59.51335422080222 567.8675199791454
89 25 487 4060.496712466729 91578596.06237566 371854588243.5949
90 2 135 9.541850352986048 168.62869283493262 1609.0297522505775
91 1 36 1.0 91.37308344663872 91.37308344663872
92 1 35 1.0 88.18685030395203 88.18685030395203
93 0 100 0.0 0.0 0.0
94 33 681 5744.298091538941 1507637108.543685 8660316965340.776
95 3 27 32.9215577265747 187.1321231368427 6160.680994346051
96 0 100 0.0 0.0 0.0
97 0 100 0.0 0.0 0.0
98 31 818 5350.621552679651 1767727494.2278295 9458440829879.818
99 1 18 1.0 38.15436697768484 38.15436697768484
100 27 471 4506.6139001521815 130877746.38767819 589815471091.3025
101 39 899 6798.773358825962 12639097097.747957 85930356627783.34
102 18 562 2436.3877014920204 21747078.29349993 52984314097.667305
103 58 1552 8902.46046345971 2643199949955.624 2.3530983051498628e+16
104 1 118 1.0 38.15436697768484 38.15436697768484
105 3 132 32.9215577265747 245.06238675558936 8067.83551218631
106 19 329 2668.9360872348193 6803319.858399732 18157625883.084324
107 23 462 3602.4235623004615 48546451.26113377 174884879889.17923
108 0 100 0.0 0.0 0.0
109 28 450 4724.12231882448 141745554.82307014 669623339133.8246
110 24 610 3832.71054120725 139429234.93384108 534391898483.3949
111 48 1380 8016.77096497358 308871238598.49945 2476149977511877.0
112 25 467 4060.496712466729 80879929.49732365 328412687828.4235
113 10 192 766.6651705632711 119678.59262434934 91753408.62711903
114 22 382 3370.209833397988 22031534.032416414 74250892640.89223
115 4 154 75.61186198841948 5503.10520525825 416100.03128773964
116 43 856 7393.130324549447 22524433315.129723 166526070985377.38
117 39 1034 6798.773358825962 20394601510.90118 138658273416186.66
118 31 688 5350.621552679651 1020426535.9643868 5459916216257.285
119 22 610 3370.209833397988 83388765.74193068 281037638298.37604
120 6 109 225.58275470837765 7896.900764171442 1781404.6280404862
121 27 592 4506.6139001521815 262060473.34451467 1181005371854.85
122 32 617 5549.980220652734 505375368.59356153 2804823299699.351
123 46 756 7782.801884860074 24439061701.53006 190204375474879.8
124 35 754 6117.310290426031 3168625056.2432027 19383462663058.305
125 39 881 6798.773358825962 11794402208.608013 80187467519162.23
126 39 916 6798.773358825962 13475349348.3091 91615846150156.69
127 1 21 1.0 46.33316012586883 46.33316012586883
128 43 900 7393.130324549447 26884695709.889397 198762059119067.72
129 16 571 1979.1134619514044 7466025.17391305 14776110928.959393
130 0 100 0.0 0.0 0.0
131 22 513 3370.209833397988 50958106.97401329 171739513215.16617
132 29 631 4937.473672561782 501582346.3140531 2476549629547.4033
133 20 627 2902.6872563902634 52173388.79842291 151443030787.8767
134 44 1094 7528.2761260995885 64485246580.29128 485462742316052.0
135 38 874 6636.579650383532 9446854580.088263 62694802866346.23
136 39 1044 6798.773358825962 14936921705.594936 101552745354868.1
137 18 521 2436.3877014920204 10060942.599595565 24512356815.071793
138 54 1002 8602.009448624298 258319556281.22327 2222067263895518.8
139 29 606 4937.473672561782 442373786.93415505 2184208926418.846
140 31 798 5350.621552679651 1634123535.9371703 8743576611126.504
141 35 926 6117.310290426031 6245017414.99673 38202709296649.266
142 37 621 6468.923834840442 2456434954.87623 15890490628334.049
143 44 1039 7528.2761260995885 53675938092.82199 404087283290191.25
144 33 646 5744.298091538941 1270756762.7757993 7299605647223.227
145 0 100 0.0 0.0 0.0
146 35 707 6117.310290426031 2561979237.985058 15672421956383.836
147 47 1090 7902.318130854768 109330284251.68037 863962687493559.4
148 27 539 4506.6139001521815 197111662.10826197 888306156339.1935
149 37 873 6468.923834840442 7720004587.048676 49940121678236.73
150 46 947 7782.801884860074 55097187182.38892 428810492253584.8
151 0 100 0.0 0.0 0.0
152 28 465 4724.12231882448 156769144.68609005 740596615314.5822
153 17 536 2206.0678959513543 8268210.064053962 18240232779.291336
154 41 930 7106.788070274764 20822162145.006115 147978693529456.25
155 47 1134 7902.318130854768 126241041584.17044 997596871768580.9
156 15 516 1756.7778603087352 3978337.631132564 6989055471.206788
157 27 709 4506.6139001521815 453148889.95946056 2042167086329.8362
158 51 1273 8330.590095344352 387977603967.4113 3232082384826350.5
159 22 480 3370.209833397988 42178722.32549526 142151144741.54736
160 36 986 6295.82243666837 9468083450.815454 59609372221892.42
161 32 767 5549.980220652734 1790936406.130291 9939661630470.006
162 31 679 5350.621552679651 978647108.9084169 5236370313393.005
163 40 833 6955.50474228233 11776559940.216131 81911918511945.4
164 30 746 5146.386239304723 1057708932.3775268 5443378694777.394
165 19 433 2668.9360872348193 14339340.969989518 38270784581.969765
166 42 874 7252.650449022947 20196934065.836227 146481302921473.97
167 36 887 6295.82243666837 6654807585.7273655 41897486909933.21
168 43 1130 7393.130324549447 60038578420.82755 443873034765860.25
169 33 856 5744.298091538941 3162835574.7548475 18168270355915.74
170 26 517 4285.277943143774 72511713.0 310732844338.4717
171 39 650 6798.773358825962 4168966063.715629 28343855407839.355
172 36 1061 6295.82243666837 12088013019.65267 76103983583868.66
173 42 1145 7252.650449022947 52025134195.58913 377320112884118.56
174 35 818 6117.310290426031 4146670266.9052377 25366468694743.066
175 41 766 7106.788070274764 10608550624.367113 75392721020158.11
176 25 569 4060.496712466729 145214257.04439023 589642013332.045
177 42 801 7252.650449022947 14879232325.23762 107913871004751.38
178 33 796 5744.298091538941 2499379530.6201043 14357181067772.559
179 26 652 4285.277943143774 277167808.0 1187741094171.9084
180 34 810 5933.442745663244 3264730668.3501763 19371092500666.668
181 37 839 6468.923834840442 6754851527.899283 43696620049636.055
182 35 995 6117.310290426031 7917602924.656512 48434433846508.52
183 36 847 6295.82243666837 5706332568.144518 35926056613615.695
184 44 812 7528.2761260995885 22334712139.42933 168141880182572.47
185 21 444 3136.7198300107975 26186123.125301342 82138531678.23705
186 27 847 4506.6139001521815 777639790.7761468 3504522290423.2173
187 37 840 6468.923834840442 6781957163.673364 43871964342953.51
188 42 907 7252.650449022947 22997235515.899143 166790910490672.38
189 37 831 6468.923834840442 6540739303.125548 42311544375466.52
190 45 1085 7658.1450374688 75177877659.79286 575723090727779.2
191 32 823 5549.980220652734 2245148424.7509756 12460529349797.557
192 25 497 4060.496712466729 97262449.01084337 394933854454.9924
193 45 1053 7658.1450374688 67531366950.69392 517165002686941.1
194 42 699 7252.650449022947 9232850858.852022 66962639927215.02
195 25 682 4060.496712466729 248356235.6712199 1008449678463.6006
196 30 808 5146.386239304723 1359207609.5700092 6995007338249.362
197 17 412 2206.0678959513543 3439807.8883009166 7588449750.620874
198 39 989 6798.773358825962 17515689118.7568 119085200542081.53
199 28 626 4724.12231882448 390807039.7330827 1846220258756.7815
