0 0 100 0.0 0.0 0.0
1 23 680 3602.4235623004615 148036744.02179 533291054750.33826
2 0 100 0.0 0.0 0.0
3 0 100 0.0 0.0 0.0
4 23 620 3602.4235623004615 113410020.41456456 408550929742.40375
5 1 102 1.0 2.3948263510722025 2.3948263510722025
6 0 6 0.0 6.0 0.0
7 1 20 1.0 43.57075425423803 43.57075425423803
8 1 10 1.0 18.1937008646705 18.1937008646705
9 0 100 0.0 0.0 0.0
10 0 100 0.0 0.0 0.0
11 0 100 0.0 0.0 0.0
12 0 100 0.0 0.0 0.0
13 4 186 75.61186198841948 2032.1034843472744 153651.12820465246
14 2 114 9.541850352986048 44.97826169706515 429.17584225083993
15 3 46 32.9215577265747 435.9769523615719 14353.040404627594
16 0 100 0.0 0.0 0.0
17 1 10 1.0 18.1937008646705 18.1937008646705
18 0 100 0.0 0.0 0.0
19 0 100 0.0 0.0 0.0
20 0 6 0.0 6.0 0.0
21 1 29 1.0 69.58346013935528 69.58346013935528
22 0 100 0.0 0.0 0.0
23 0 10 0.0 10.0 0.0
24 0 100 0.0 0.0 0.0
25 0 100 0.0 0.0 0.0
26 1 119 1.0 40.84402933782601 40.84402933782601
27 0 100 0.0 0.0 0.0
28 0 5 0.0 5.0 0.0
29 1 114 1.0 27.799106543625292 27.799106543625292
30 0 10 0.0 10.0 0.0
31 1 121 1.0 46.33316012586883 46.33316012586883
32 29 525 4937.473672561782 283248363.21266073 1398531336158.7295
33 2 158 9.541850352986048 349.384203814786 3333.771788497865
34 1 17 1.0 35.503281577765854 35.503281577765854
35 0 7 0.0 7.0 0.0
36 0 100 0.0 0.0 0.0
37 0 100 0.0 0.0 0.0
38 0 100 0.0 0.0 0.0
39 1 105 1.0 7.59708563275366 7.59708563275366
40 0 100 0.0 0.0 0.0
41 0 100 0.0 0.0 0.0
42 1 8 1.0 13.734791927877684 13.734791927877684
43 0 100 0.0 0.0 0.0
44 0 100 0.0 0.0 0.0
45 1 8 1.0 13.734791927877684 13.734791927877684
46 2 19 9.541850352986048 69.8685662777562 666.6754038000371
47 0 100 0.0 0.0 0.0
48 0 100 0.0 0.0 0.0
49 0 100 0.0 0.0 0.0
50 1 44 1.0 117.65777237975428 117.65777237975428
51 0 6 0.0 6.0 0.0
52 0 18 0.0 18.0 0.0
53 0 100 0.0 0.0 0.0
54 0 100 0.0 0.0 0.0
55 0 18 0.0 18.0 0.0
56 1 31 1.0 75.68293941204132 75.68293941204132
57 0 5 0.0 5.0 0.0
58 1 12 1.0 22.891970023971037 22.891970023971037
59 1 18 1.0 38.15436697768484 38.15436697768484
60 0 100 0.0 0.0 0.0
61 0 100 0.0 0.0 0.0
62 9 396 604.9491004987461 210977.718455809 127630781.00511937
63 0 100 0.0 0.0 0.0
64 0 100 0.0 0.0 0.0
65 42 880 7252.650449022947 20686874628.976574 150034670566728.38
66 0 6 0.0 6.0 0.0
67 0 100 0.0 0.0 0.0
68 29 846 4937.473672561782 1247441962.1483686 6159211846156.381
69 16 334 1979.1134619514044 1235722.966879415 2445635958.99358
70 0 18 0.0 18.0 0.0
71 0 100 0.0 0.0 0.0
72 0 100 0.0 0.0 0.0
73 0 100 0.0 0.0 0.0
74 1 12 1.0 22.891970023971037 22.891970023971037
75 0 100 0.0 0.0 0.0
76 3 107 32.9215577265747 1665.121557891356 54818.395489884264
77 1 6 1.0 9.55892689827884 9.55892689827884
78 0 100 0.0 0.0 0.0
79 0 5 0.0 5.0 0.0
80 0 100 0.0 0.0 0.0
81 6 65 225.58275470837765 2937.504168606418 662650.2823215784
82 1 20 1.0 43.57075425423803 43.57075425423803
83 0 6 0.0 6.0 0.0
84 0 10 0.0 10.0 0.0
85 0 100 0.0 0.0 0.0
86 3 38 32.9215577265747 321.92161897300775 10598.16116245226
87 0 18 0.0 18.0 0.0
88 0 100 0.0 0.0 0.0
89 0 6 0.0 6.0 0.0
90 0 100 0.0 0.0 0.0
91 0 8 0.0 8.0 0.0
92 2 28 9.541850352986048 122.22584512913716 1166.2607234894754
93 0 100 0.0 0.0 0.0
94 1 37 1.0 94.5824071263594 94.5824071263594
95 59 1246 8967.266196081293 1313842833644.0344 1.1781578429099808e+16
96 1 18 1.0 38.15436697768484 38.15436697768484
97 1 110 1.0 18.1937008646705 18.1937008646705
98 1 100 1.0 0.0 0.0
99 0 100 0.0 0.0 0.0
100 24 474 3832.71054120725 66684259.76091469 255581465318.2602
101 48 1216 8016.77096497358 194408408868.55746 1558527687564163.8
102 39 1094 6798.773358825962 24733925270.162323 168160352185971.8
103 28 604 4724.12231882448 350127787.46067655 1654046495183.6162
104 7 152 332.66880679862265 23104.0 7685980.112275378
105 0 100 0.0 0.0 0.0
106 22 685 3370.209833397988 115964959.68476199 390826247459.1861
107 32 857 5549.980220652734 2556446306.1735086 14188226434423.715
108 38 863 6636.579650383532 9049683846.17026 60058947655898.12
109 52 1290 8425.648590871551 483352329524.91455 4072556874156078.0
110 25 670 4060.496712466729 235632663.31147534 956785654726.0253
111 47 1095 7902.318130854768 111163950509.2921 878452901607021.1
112 7 169 332.66880679862265 28561.0 9501353.79097546
113 34 940 5933.442745663244 5312492840.759502 31521372107392.387
114 49 1275 8126.242482129881 275928995571.7165 2242265925866310.2
115 26 587 4285.277943143774 202262003.0 866748900191.9799
116 0 100 0.0 0.0 0.0
117 7 232 332.66880679862265 17424.0 5796421.289659201
118 4 124 75.61186198841948 229.15430718595061 17326.78384899598
119 38 970 6636.579650383532 13451616675.036884 89272725490309.58
120 0 100 0.0 0.0 0.0
121 13 319 1331.5823725933528 437323.9661405178 582332884.4253258
122 0 100 0.0 0.0 0.0
123 47 963 7902.318130854768 69697553723.29044 550772242463782.25
124 22 503 3370.209833397988 48183682.2868428 162389119852.44205
125 46 1128 7782.801884860074 103574461366.77728 806099513148721.1
126 52 1236 8425.648590871551 411628023268.0367 3468233074211575.5
127 40 799 6955.50474228233 10200274176.168528 70948055404920.19
128 51 1165 8330.590095344352 278673535097.61945 2321514991318825.5
129 46 1137 7782.801884860074 106587937751.59885 829552802836491.8
130 32 848 5549.980220652734 2471327079.2856913 13715816408799.076
131 56 1267 8760.68123103637 873050393617.7216 7648516197115688.0
132 52 1384 8425.648590871551 629513064196.8132 5304055862285112.0
133 38 816 6636.579650383532 7484399910.025312 49670816138206.33
134 48 1264 8016.77096497358 223996265999.5191 1795726761527443.5
135 38 838 6636.579650383532 8191030945.741989 54360429290173.06
136 33 807 5744.298091538941 2613014429.058064 15009933798001.951
137 23 626 3602.4235623004615 116604755.00708947 420059716913.8118
138 27 687 4506.6139001521815 411785966.01674837 1855760358338.672
139 31 872 5350.621552679651 2165498678.4338446 11586763901127.43
140 47 1161 7902.318130854768 137511645861.69662 1086660772296565.2
141 43 1037 7393.130324549447 44335285791.14711 327776545830095.94
142 23 441 3602.4235623004615 42450307.32509759 152923987334.82745
143 44 1208 7528.2761260995885 91745176931.8868 690683025181106.0
144 23 571 3602.4235623004615 89436436.15795937 322187924943.61383
145 24 739 3832.71054120725 159710795.857312 612125250826.919
146 51 1285 8330.590095344352 401805252338.56586 3347274855388995.0
147 37 978 6468.923834840442 11309559448.556444 73160678678311.72
148 20 623 2902.6872563902634 51260239.68368202 148792444489.33426
149 26 653 4285.277943143774 278445077.0 1193214546845.0698
150 23 535 3602.4235623004615 74119783.06242801 267010852936.68933
151 25 848 4060.496712466729 326529320.5710598 1325871232702.7832
152 43 1006 7393.130324549447 39830593975.002655 294472772161408.6
153 48 1139 8016.77096497358 153022296831.65784 1226744706233603.2
154 33 1076 5744.298091538941 6635823306.5981245 38118147155881.23
155 33 1002 5744.298091538941 3747330296.0489764 21525782267960.188
156 28 711 4724.12231882448 577892368.0509474 2730034233787.812
157 21 532 3136.7198300107975 43462189.954368964 136328713085.5652
158 25 602 4060.496712466729 171610429.05023032 696823582983.4651
159 13 603 1331.5823725933528 3244615.065075933 4320472226.505947
160 17 416 2206.0678959513543 7310823.629638362 16128173302.307743
161 32 742 5549.980220652734 1610345511.5908096 8937385737745.9
162 31 608 5350.621552679651 689196305.3798966 3687628605592.862
163 53 1121 8516.089422990353 336346502134.36835 2864356889286296.5
164 19 703 2668.9360872348193 35232405.179969564 94033037624.89975
165 48 1112 8016.77096497358 140161469229.0351 1123642396923366.4
166 51 1426 8330.590095344352 592633665892.9211 4936988147255183.0
167 35 865 6117.310290426031 4986703144.353819 30505210460255.465
168 26 380 4285.277943143774 54872000.0 235141771296.18515
169 37 1005 6468.923834840442 12393913670.362535 80175283549163.0
170 13 470 1331.5823725933528 1547859.4326329508 2061102335.7463856
171 40 830 6955.50474228233 11630955768.72354 80899168006632.6
172 25 585 4060.496712466729 157647966.78322366 640129050850.3438
173 36 1067 6295.82243666837 12317303674.5147 77547556833267.4
174 60 1516 9028.149747574074 3317519209111.25 2.9951060210309876e+16
175 34 928 5933.442745663244 5093850666.80497 30224071286445.824
176 52 1410 8425.648590871551 675098106339.8965 5688139408382801.0
177 25 801 4060.496712466729 269419136.59476334 1093975518418.6611
178 32 652 5549.980220652734 1063642730.9344949 5903196118527.504
179 48 1390 8016.77096497358 317140718121.11786 2542444500844248.0
180 38 964 6636.579650383532 13171528751.385775 87413899675888.44
181 0 100 0.0 0.0 0.0
182 45 988 7658.1450374688 53747404228.61992 411605416970235.25
183 57 1516 8833.632285946418 2051607316361.0032 1.8123144627890444e+16
184 57 1301 8833.632285946418 1134967014154.9614 1.0025881259723472e+16
185 43 1059 7393.130324549447 47745936630.377914 352991931976063.2
186 57 1221 8833.632285946418 887759973011.5189 7842145159765474.0
187 27 697 4506.6139001521815 430258341.1207397 1939008220751.1445
188 45 992 7658.1450374688 54531163915.58506 417607562327535.44
189 27 658 4506.6139001521815 361238199.35196024 1627961090465.4888
190 42 1266 7252.650449022947 73970784893.31671 536484246271093.3
191 21 624 3136.7198300107975 67954333.4198789 213153705173.2996
192 30 566 5146.386239304723 444267226.4080959 2286370740560.7007
193 32 751 5549.980220652734 1673839524.4061844 9289776253001.102
194 24 619 3832.71054120725 86935572.12415412 333198883686.12866
195 40 1209 6955.50474228233 31592606138.245605 219742521815625.16
196 27 736 4506.6139001521815 507609281.8255071 2287599045321.096
197 45 919 7658.1450374688 41466877544.10397 317559362483706.25
198 26 702 4285.277943143774 345948408.0 1482485082268.103
199 30 752 5146.386239304723 1084663626.209878 5582097960200.878
