0 28 441 4724.12231882448 133215013.43455715 629324018168.6945
1 0 6 0.0 6.0 0.0
2 0 5 0.0 5.0 0.0
3 1 12 1.0 22.891970023971037 22.891970023971037
4 1 18 1.0 38.15436697768484 38.15436697768484
5 0 10 0.0 10.0 0.0
6 38 804 6636.579650383532 7117665225.444921 47236952193430.27
7 0 100 0.0 0.0 0.0
8 1 34 1.0 85.02419427196995 85.02419427196995
9 0 13 0.0 13.0 0.0
10 5 212 139.6884681067044 5292.687692718977 739327.4359631217
11 0 100 0.0 0.0 0.0
12 38 1140 6636.579650383532 23260053647.383385 154367198703053.8
13 1 115 1.0 30.323695983612147 30.323695983612147
14 1 18 1.0 38.15436697768484 38.15436697768484
15 0 100 0.0 0.0 0.0
16 0 18 0.0 18.0 0.0
17 37 796 6468.923834840442 5659764893.699847 36612588020448.125
18 1 28 1.0 66.57403288693754 66.57403288693754
19 1 7 1.0 11.607984241186918 11.607984241186918
20 2 151 9.541850352986048 290.23003402420613 2769.3315526010238
21 3 45 32.9215577265747 421.0282951259743 13860.907322511091
22 13 261 1331.5823725933528 208335.99613433375 277416540.02915573
23 44 1252 7528.2761260995885 104195292300.9264 784410931481032.5
24 0 100 0.0 0.0 0.0
25 0 11 0.0 11.0 0.0
26 0 100 0.0 0.0 0.0
27 0 100 0.0 0.0 0.0
28 3 145 32.9215577265747 421.0282951259743 13860.907322511091
29 0 100 0.0 0.0 0.0
30 0 100 0.0 0.0 0.0
31 0 100 0.0 0.0 0.0
32 0 100 0.0 0.0 0.0
33 1 113 1.0 25.320989780782124 25.320989780782124
34 0 100 0.0 0.0 0.0
35 1 104 1.0 5.735193251789799 5.735193251789799
36 37 830 6468.923834840442 6514315030.417042 42140607767924.14
37 2 39 9.541850352986048 197.11162840858907 1880.8096611081503
38 0 6 0.0 6.0 0.0
39 6 174 225.58275470837765 3764.5376458742294 849214.7723596997
40 1 19 1.0 40.84402933782601 40.84402933782601
41 0 100 0.0 0.0 0.0
42 0 100 0.0 0.0 0.0
43 0 5 0.0 5.0 0.0
44 0 100 0.0 0.0 0.0
45 0 100 0.0 0.0 0.0
46 0 100 0.0 0.0 0.0
47 1 13 1.0 25.320989780782124 25.320989780782124
48 6 195 225.58275470837765 6070.84515091352 1369477.9725510685
49 0 10 0.0 10.0 0.0
50 1 101 1.0 1.0 1.0
51 1 112 1.0 22.891970023971037 22.891970023971037
52 1 9 1.0 15.931997307697284 15.931997307697284
53 0 10 0.0 10.0 0.0
54 0 100 0.0 0.0 0.0
55 0 10 0.0 10.0 0.0
56 2 36 9.541850352986048 175.6210676402407 1675.7499462548174
57 0 100 0.0 0.0 0.0
58 1 9 1.0 15.931997307697284 15.931997307697284
59 0 10 0.0 10.0 0.0
60 5 118 139.6884681067044 5819.148784232864 812867.97935448
61 0 9 0.0 9.0 0.0
62 2 49 9.541850352986048 273.9583678426836 2614.069748903192
63 1 33 1.0 81.88562674252243 81.88562674252243
64 0 10 0.0 10.0 0.0
65 5 173 139.6884681067044 2431.5451615879456 339658.8187544891
66 0 100 0.0 0.0 0.0
67 0 100 0.0 0.0 0.0
68 2 130 9.541850352986048 135.01359299654277 1288.2794999919763
69 0 100 0.0 0.0 0.0
70 0 100 0.0 0.0 0.0
71 0 100 0.0 0.0 0.0
72 2 117 9.541850352986048 59.51335422080222 567.8675199791454
73 0 6 0.0 6.0 0.0
74 0 100 0.0 0.0 0.0
75 0 100 0.0 0.0 0.0
76 26 600 4285.277943143774 216000000.0 925620035719.0552
77 0 6 0.0 6.0 0.0
78 24 473 3832.71054120725 66273731.32016443 254008028635.93127
79 0 100 0.0 0.0 0.0
80 0 100 0.0 0.0 0.0
81 1 18 1.0 38.15436697768484 38.15436697768484
82 2 40 9.541850352986048 204.4421003683832 1950.7559275652661
83 0 9 0.0 9.0 0.0
84 3 23 32.9215577265747 145.08021796711313 4776.266770788355
85 0 100 0.0 0.0 0.0
86 0 100 0.0 0.0 0.0
87 0 5 0.0 5.0 0.0
88 1 10 1.0 18.1937008646705 18.1937008646705
89 0 18 0.0 18.0 0.0
90 10 125 766.6651705632711 46077.20429199722 35325787.687602736
91 0 100 0.0 0.0 0.0
92 2 44 9.541850352986048 234.56808185291177 2238.2135346274663
93 0 100 0.0 0.0 0.0
94 2 41 9.541850352986048 211.85407612585806 2021.4798910630518
95 9 282 604.9491004987461 190064.793525685 114979525.87984306
96 0 100 0.0 0.0 0.0
97 0 10 0.0 10.0 0.0
98 1 12 1.0 22.891970023971037 22.891970023971037
99 0 100 0.0 0.0 0.0
100 5 234 139.6884681067044 7331.721036814195 1024156.8802182734
101 38 1046 6636.579650383532 17372823247.407425 115296125233454.06
102 7 197 332.66880679862265 9409.0 3130080.8031682405
103 0 100 0.0 0.0 0.0
104 50 1213 8230.818941038662 273074532114.44534 2247627031242847.2
105 30 782 5146.386239304723 1226489169.2287407 6311986983175.072
106 44 1194 7528.2761260995885 88018930626.17265 662630814077831.5
107 22 355 3370.209833397988 17885875.538910538 60279153620.16883
108 26 663 4285.277943143774 291434247.0 1248876750545.8145
109 44 977 7528.2761260995885 43125679879.79232 324662026260853.9
110 47 797 7902.318130854768 35042842773.24758 276919691803727.34
111 23 600 3602.4235623004615 103175098.99042319 371680407645.7831
112 0 100 0.0 0.0 0.0
113 41 1006 7106.788070274764 27359652993.650322 194439255502131.34
114 46 1437 7782.801884860074 248148887067.25146 1931293625992934.2
115 36 920 6295.82243666837 7516204051.776947 47320686107755.016
116 42 998 7252.650449022947 32147567819.401264 233155072180376.22
117 23 563 3602.4235623004615 85869533.03965965 309338429105.80786
118 26 482 4285.277943143774 111980168.0 479866143999.93427
119 35 783 6117.310290426031 3589143429.2864237 21955904033788.812
120 46 1035 7782.801884860074 75926846826.6972 590923606594301.1
121 32 711 5549.980220652734 1404331537.4109726 7794012255869.742
122 39 960 6798.773358825962 10860342816.686739 73837009409806.7
123 2 74 9.541850352986048 496.47644052360766 4737.303899259442
124 20 532 2902.6872563902634 33157631.831802033 96246235370.2519
125 0 100 0.0 0.0 0.0
126 20 479 2902.6872563902634 24822324.49792222 72051444994.10268
127 19 534 2668.9360872348193 25332965.872968595 67612066815.05401
128 36 746 6295.82243666837 3737688419.5157185 23531822612862.598
129 35 834 6117.310290426031 4420565003.326704 27041967784347.63
130 31 597 5350.621552679651 650382949.0691632 3479953024784.8164
131 12 267 1131.8354418063404 168403.19994789627 190604710.21462867
132 40 883 6955.50474228233 14398342084.010447 100147736646337.9
133 39 860 6798.773358825962 10860342816.686739 73837009409806.7
134 17 393 2206.0678959513543 2917575.38788949 6436369397.240824
135 42 877 7252.650449022947 20440855452.174313 148250379473625.2
136 0 100 0.0 0.0 0.0
137 35 968 6117.310290426031 7230081687.431632 44228653107146.33
138 20 512 2902.6872563902634 29831177.46238613 86590578663.18466
139 28 783 4724.12231882448 777236077.0642813 3671758298654.955
140 0 100 0.0 0.0 0.0
141 44 788 7528.2761260995885 20074036490.28403 151122889664257.25
142 41 938 7106.788070274764 21451430577.492615 152450770918451.8
143 20 604 2902.6872563902634 47061963.79214604 136606162560.16231
144 39 976 6798.773358825962 16740736630.15934 113816474208249.22
145 42 910 7252.650449022947 23264829520.191612 168731676266060.0
146 0 100 0.0 0.0 0.0
147 53 1303 8516.089422990353 593953048650.3131 5058157275363806.0
148 25 617 4060.496712466729 184590279.83260256 749528224413.5963
149 36 1063 6295.82243666837 12164108318.477703 76583066073536.28
150 45 989 7658.1450374688 53942577709.119156 413100083791366.0
151 21 327 3136.7198300107975 11113777.59952985 34860806582.77508
152 49 942 8126.242482129881 90468461426.95515 735168654540651.5
153 28 794 4724.12231882448 811273557.8378981 3832555521254.1577
154 19 529 2668.9360872348193 24694262.147690155 65907407393.60706
155 51 1120 8330.590095344352 240569346907.8084 2004084618593648.2
156 31 460 5350.621552679651 284268780.4285597 1521014663315.011
157 38 648 6636.579650383532 3424879790.199828 22729487520650.0
158 43 1304 7393.130324549447 99543993294.96344 735941715455741.1
159 21 537 3136.7198300107975 44616481.68528514 139949402847.5475
160 22 652 3370.209833397988 100773376.59458013 339627424743.7726
161 19 458 2668.9360872348193 16699371.599925095 44569555497.18435
162 34 766 5933.442745663244 2719590774.1725106 16136536150186.568
163 21 536 3136.7198300107975 44384065.52586902 139220378471.49197
164 30 740 5146.386239304723 1031214501.3022729 5307028119273.5
165 33 657 5744.298091538941 1342202434.153924 7710010880969.307
166 50 981 8230.818941038662 124278043267.58618 1022910072482070.8
167 47 1274 7902.318130854768 192723477604.55652 1522962231315869.8
168 24 597 3832.71054120725 76593851.63272509 293562062544.4096
169 43 974 7393.130324549447 35534821518.20344 262713566543682.06
170 24 417 3832.71054120725 45848412.33554995 175723693256.07883
171 39 986 6798.773358825962 17334647859.82399 117854342054000.81
172 31 845 5350.621552679651 1959705617.3311415 10485643112999.387
173 31 766 5350.621552679651 1435012109.957738 7678206723896.174
174 24 600 3832.71054120725 132850604.70559219 509177913060.8807
175 38 771 6636.579650383532 6174642864.134429 40978509180500.44
176 28 634 4724.12231882448 406355342.60414547 1919672343369.8118
177 48 898 8016.77096497358 64112241653.0303 513973157383383.0
178 39 1150 6798.773358825962 29338599193.975792 199466486585275.44
179 43 971 7393.130324549447 35149927659.9119 259867996088214.1
180 40 1030 6955.50474228233 24485967047.430466 170312259917771.47
181 20 670 2902.6872563902634 40109732.574160375 116426009600.23676
182 29 685 4937.473672561782 647366051.0913666 3196352833773.908
183 21 477 3136.7198300107975 32012076.491669096 100412915131.24094
184 31 625 5350.621552679651 752256175.0415246 4025038103313.538
185 17 322 2206.0678959513543 3736299.602115112 8242530601.881968
186 35 799 6117.310290426031 3837057451.1120343 23472471030643.527
187 44 949 7528.2761260995885 38888237164.18249 292761387429213.8
188 22 339 3370.209833397988 15687414.583907524 52869878891.276146
189 31 837 5350.621552679651 1901406320.687359 10173705639871.1
190 38 850 6636.579650383532 8595655122.330889 57045749866576.14
191 39 988 6798.773358825962 17455194111.565086 118673908698844.52
192 39 822 6798.773358825962 9305107424.316101 63263316457453.97
193 47 935 7902.318130854768 62610318215.517296 494766652813068.9
194 39 1108 6798.773358825962 25833278023.12848 175634602394790.1
195 25 549 4060.496712466729 130608757.97598012 530336432380.82996
196 39 876 6798.773358825962 11567046703.020632 78641728964792.34
197 49 1110 8126.242482129881 165602076210.61765 1345722626831631.2
198 24 561 3832.71054120725 109148096.95631748 418333061757.18896
199 38 852 6636.579650383532 8664435774.34774 57502218142091.29
