0 0 6 0.0 6.0 0.0
1 0 100 0.0 0.0 0.0
2 1 11 1.0 20.51504931294799 20.51504931294799
3 0 100 0.0 0.0 0.0
4 0 100 0.0 0.0 0.0
5 0 100 0.0 0.0 0.0
6 43 968 7393.130324549447 34768031076.92869 257044584879719.06
7 0 100 0.0 0.0 0.0
8 26 584 4285.277943143774 199176704.0 853527536439.2762
9 0 100 0.0 0.0 0.0
10 1 15 1.0 30.323695983612147 30.323695983612147
11 0 11 0.0 11.0 0.0
12 0 12 0.0 12.0 0.0
13 2 31 9.541850352986048 141.5519192260369 1350.6672304328126
14 1 24 1.0 54.8222930413608 54.8222930413608
15 0 100 0.0 0.0 0.0
16 1 14 1.0 27.799106543625292 27.799106543625292
17 0 100 0.0 0.0 0.0
18 3 16 32.9215577265747 81.54950460903234 2684.7367235598276
19 1 109 1.0 15.931997307697284 15.931997307697284
20 0 6 0.0 6.0 0.0
21 15 464 1756.7778603087352 2841653.288538542 4992153583.978021
22 38 862 6636.579650383532 9014171798.684921 59823269124213.47
23 1 11 1.0 20.51504931294799 20.51504931294799
24 1 12 1.0 22.891970023971037 22.891970023971037
25 1 34 1.0 85.02419427196995 85.02419427196995
26 11 305 942.9223974109915 487109.74466033914 459306688.2373829
27 0 100 0.0 0.0 0.0
28 0 100 0.0 0.0 0.0
29 2 26 9.541850352986048 109.8359986590007 1048.0386625749609
30 0 5 0.0 5.0 0.0
31 0 10 0.0 10.0 0.0
32 1 51 1.0 141.71101512179817 141.71101512179817
33 3 170 32.9215577265747 849.0056290582019 27950.587827226456
34 1 7 1.0 11.607984241186918 11.607984241186918
35 37 1043 6468.923834840442 14040986301.84164 90830070952651.55
36 11 182 942.9223974109915 149372.90046118762 140847053.41109642
37 0 100 0.0 0.0 0.0
38 1 30 1.0 72.61998620345668 72.61998620345668
39 0 100 0.0 0.0 0.0
40 22 521 3370.209833397988 53250671.77394885 179465937647.61108
41 1 102 1.0 2.3948263510722025 2.3948263510722025
42 18 512 2436.3877014920204 16959788.4488955 41320619996.795425
43 0 10 0.0 10.0 0.0
44 2 46 9.541850352986048 250.0988923255542 2386.406204018009
45 1 7 1.0 11.607984241186918 11.607984241186918
46 3 43 32.9215577265747 391.71440685113555 12895.848457480626
47 1 17 1.0 35.503281577765854 35.503281577765854
48 24 392 3832.71054120725 38266122.74351263 146662972010.19135
49 0 100 0.0 0.0 0.0
50 3 33 32.9215577265747 257.33012181535685 8471.708460130769
51 12 202 1131.8354418063404 263422.36369249143 298150767.3915615
52 1 38 1.0 97.81435774219185 97.81435774219185
53 16 344 1979.1134619514044 3328174.026710203 6586834019.979176
54 1 9 1.0 15.931997307697284 15.931997307697284
55 0 100 0.0 0.0 0.0
56 0 100 0.0 0.0 0.0
57 0 100 0.0 0.0 0.0
58 1 115 1.0 30.323695983612147 30.323695983612147
59 3 62 32.9215577265747 700.2360303580608 23052.86089566041
60 2 135 9.541850352986048 168.62869283493262 1609.0297522505775
61 0 100 0.0 0.0 0.0
62 1 117 1.0 35.503281577765854 35.503281577765854
63 6 215 225.58275470837765 8749.296958158795 1973690.5095830902
64 0 100 0.0 0.0 0.0
65 0 10 0.0 10.0 0.0
66 1 37 1.0 94.5824071263594 94.5824071263594
67 0 100 0.0 0.0 0.0
68 35 718 6117.310290426031 2695970456.235028 16492087814611.098
69 34 1057 5933.442745663244 7797399941.378967 46265426117210.04
70 1 8 1.0 13.734791927877684 13.734791927877684
71 47 843 7902.318130854768 42969774429.42317 339560827552370.3
72 0 100 0.0 0.0 0.0
73 1 15 1.0 30.323695983612147 30.323695983612147
74 0 100 0.0 0.0 0.0
75 0 100 0.0 0.0 0.0
76 13 276 1331.5823725933528 763726.9951302845 1016965404.1891762
77 0 100 0.0 0.0 0.0
78 0 100 0.0 0.0 0.0
79 0 100 0.0 0.0 0.0
80 0 100 0.0 0.0 0.0
81 33 718 5744.298091538941 1789511342.7110403 10279486590722.316
82 0 100 0.0 0.0 0.0
83 0 18 0.0 18.0 0.0
84 0 5 0.0 5.0 0.0
85 0 7 0.0 7.0 0.0
86 37 727 6468.923834840442 4172615000.583069 26992328630884.582
87 0 100 0.0 0.0 0.0
88 0 100 0.0 0.0 0.0
89 20 467 2902.6872563902634 23144237.443457883 67180483085.99557
90 1 56 1.0 159.43324825478544 159.43324825478544
91 0 100 0.0 0.0 0.0
92 0 100 0.0 0.0 0.0
93 2 58 9.541850352986048 349.384203814786 3333.771788497865
94 0 100 0.0 0.0 0.0
95 40 817 6955.50474228233 11014741343.079067 76613085646799.69
96 0 100 0.0 0.0 0.0
97 0 100 0.0 0.0 0.0
98 1 122 1.0 49.12998068819353 49.12998068819353
99 0 10 0.0 10.0 0.0
100 1 114 1.0 27.799106543625292 27.799106543625292
101 29 678 4937.473672561782 627030890.2871805 3095948512675.929
102 23 602 3602.4235623004615 104170246.12756704 375265349140.5859
103 10 360 766.6651705632711 234883.57324834098 180077054.7469499
104 31 705 5350.621552679651 1102647763.7696023 5899850889839.655
105 33 798 5744.298091538941 2519781100.248809 14474373765255.125
106 37 772 6468.923834840442 5106206192.632498 33031658945130.23
107 4 147 75.61186198841948 723.181183304868 54681.07582466957
108 3 52 32.9215577265747 529.6457757489877 17436.763980956737
109 31 620 5350.621552679651 733315746.7126272 3923695039279.955
110 1 115 1.0 30.323695983612147 30.323695983612147
111 36 627 6295.82243666837 2094671985.6788151 13187682884897.371
112 33 778 5744.298091538941 2320874301.215391 13331793819173.344
113 0 100 0.0 0.0 0.0
114 33 774 5744.298091538941 2282439670.4266787 13111013842884.738
115 28 615 4724.12231882448 370090504.91928506 1748352814274.2156
116 29 777 4937.473672561782 957657348.4466293 4728407945290.557
117 28 701 4724.12231882448 553283027.1782131 2613776697319.368
118 23 631 3602.4235623004615 119311493.04621272 429810533802.9244
119 18 518 2436.3877014920204 9870771.804659542 24049027029.1067
120 35 669 6117.310290426031 2134771951.3409183 13059062425650.658
121 17 588 2206.0678959513543 11108440.995460158 24505975054.15456
122 30 581 5146.386239304723 482313504.5065238 2482171582623.2104
123 1 121 1.0 46.33316012586883 46.33316012586883
124 34 644 5933.442745663244 1541884809.6892996 9148685238699.326
125 49 1151 8126.242482129881 189277029679.46985 1538111039472666.2
126 26 516 4285.277943143774 137388096.0 588746177439.3193
127 22 620 3370.209833397988 87335441.60699074 294338764108.03595
128 2 154 9.541850352986048 315.16948038953416 3007.300017705306
129 36 690 6295.82243666837 2881873899.236345 18143766354461.14
130 0 100 0.0 0.0 0.0
131 41 897 7106.788070274764 18364757957.685345 130514442767161.75
132 6 205 225.58275470837765 7351.839824949449 1658448.2798868536
133 42 806 7252.650449022947 15207175160.382595 110292325755319.44
134 26 629 4285.277943143774 248858189.0 1066426508292.4045
135 35 830 6117.310290426031 4350944012.459437 26616074580485.645
136 16 334 1979.1134619514044 3085054.421850656 6105672737.137341
137 31 573 5350.621552679651 570946081.6827395 3054916410069.6626
138 0 100 0.0 0.0 0.0
139 44 1007 7528.2761260995885 48023677844.81704 361535507406633.9
140 37 944 6468.923834840442 10041132102.348799 64955318785665.664
141 24 556 3832.71054120725 59547065.64690977 228226666202.87122
142 27 609 4506.6139001521815 285586820.7120648 1287029535921.2603
143 45 1033 7658.1450374688 63047190743.66171 482824530919921.8
144 43 1137 7393.130324549447 61361910044.65323 453656597923401.1
145 22 443 3370.209833397988 33575320.91405229 113155876704.03215
146 33 978 5744.298091538941 4870090635.508128 27975252343171.008
147 36 853 6295.82243666837 5842146021.119708 36781113998058.305
148 21 522 3136.7198300107975 41211615.30292018 129269290947.44617
149 49 902 8126.242482129881 77103478098.05629 626561559240395.9
150 44 1002 7528.2761260995885 47180909272.79604 355190912886061.1
151 37 773 6468.923834840442 5128477198.686246 33175728387017.2
152 25 559 4060.496712466729 137783330.76842618 559468761617.9104
153 24 578 3832.71054120725 119103902.39300089 456490782200.5739
154 28 713 4724.12231882448 582901224.6471523 2753696685025.7344
155 28 598 4724.12231882448 339551589.22943467 1604083241071.0942
156 27 774 4506.6139001521815 591451236.1465082 2665442362080.0444
157 27 628 4506.6139001521815 313511443.68808407 1412875029981.4976
158 26 557 4285.277943143774 172808693.0 740533280496.4039
159 25 480 4060.496712466729 87733736.13994372 356242547168.6649
160 37 773 6468.923834840442 5128477198.686246 33175728387017.2
161 26 701 4285.277943143774 344472101.0 1476158696443.6943
162 26 718 4285.277943143774 370146232.0 1586179483727.3782
163 21 389 3136.7198300107975 18077594.785492256 56704350042.55335
164 34 907 5933.442745663244 4726390007.717842 28043764504468.67
165 24 564 3832.71054120725 110863581.05370179 424908015740.5072
166 41 968 7106.788070274764 23932182187.290573 170080946864278.88
167 35 807 6117.310290426031 3965381109.9228654 24257466669192.14
168 39 818 6798.773358825962 9151160570.761507 62216666690831.914
169 43 868 7393.130324549447 23659100010.86436 174914809741869.47
170 40 1034 6955.50474228233 24815423612.393612 172603796617748.7
171 43 892 7393.130324549447 26050475341.344826 192594559215024.03
172 38 936 6636.579650383532 11918583916.005505 79098631478350.6
173 34 837 5933.442745663244 3634366992.764943 21564308468299.09
174 41 815 7106.788070274764 13160167455.061428 93526521072448.77
175 26 654 4285.277943143774 279726264.0 1198704789237.2124
176 20 669 2902.6872563902634 62393080.0030267 181107598211.7238
177 53 1180 8516.089422990353 408306610660.14764 3477175608379923.5
178 35 765 6117.310290426031 3323841219.799798 20332968097623.516
179 27 700 4506.6139001521815 435906487.1363505 1964462234095.1853
180 35 586 6117.310290426031 1378467592.8047915 8432513990483.551
181 19 509 2668.9360872348193 22241415.916641533 59360917571.12349
182 33 798 5744.298091538941 2519781100.248809 14474373765255.125
183 31 792 5350.621552679651 1595433861.3583465 8536562804458.888
184 28 682 4724.12231882448 508491168.6717917 2402174478847.554
185 50 1103 8230.818941038662 191945354444.81912 1579867459008796.8
186 23 659 3602.4235623004615 135229846.75627494 487155186281.08545
187 21 424 3136.7198300107975 23013489.02988361 72186867397.77187
188 18 470 2436.3877014920204 13496784.997234643 32883400976.944496
189 51 1273 8330.590095344352 387977603967.4113 3232082384826350.5
190 18 434 2436.3877014920204 10911436.829735333 26584490497.574245
191 38 785 6636.579650383532 6563191949.679505 43557146134804.02
192 30 618 5146.386239304723 585540847.118017 3013419358158.993
193 38 977 6636.579650383532 13783663364.560051 91476379792976.23
194 50 1156 8230.818941038662 228435719659.38666 1880213048182277.5
195 26 654 4285.277943143774 279726264.0 1198704789237.2124
196 31 848 5350.621552679651 1981879807.7318497 10604288814070.639
197 49 937 8126.242482129881 88711977146.81648 720895037364195.2
198 35 943 6117.310290426031 6631644092.217601 40567824647765.73
199 44 975 7528.2761260995885 42812491702.720245 322304259184425.56
