0 0 100 0.0 0.0 0.0
1 1 23 1.0 51.960050539976365 51.960050539976365
2 6 196 225.58275470837765 6193.675591281851 1397186.4016513997
3 1 11 1.0 20.51504931294799 20.51504931294799
4 0 100 0.0 0.0 0.0
5 0 9 0.0 9.0 0.0
6 1 18 1.0 38.15436697768484 38.15436697768484
7 0 7 0.0 7.0 0.0
8 1 101 1.0 1.0 1.0
9 1 106 1.0 9.55892689827884 9.55892689827884
10 2 29 9.541850352986048 128.5709592386038 1226.8048527946264
11 2 19 9.541850352986048 69.8685662777562 666.6754038000371
12 5 143 139.6884681067044 929.4139107485241 129828.40542952261
13 0 10 0.0 10.0 0.0
14 1 103 1.0 3.9914906122521803 3.9914906122521803
15 0 100 0.0 0.0 0.0
16 2 46 9.541850352986048 250.0988923255542 2386.406204018009
17 1 27 1.0 63.59241768810072 63.59241768810072
18 0 5 0.0 5.0 0.0
19 0 100 0.0 0.0 0.0
20 1 17 1.0 35.503281577765854 35.503281577765854
21 0 100 0.0 0.0 0.0
22 0 100 0.0 0.0 0.0
23 1 105 1.0 7.59708563275366 7.59708563275366
24 0 100 0.0 0.0 0.0
25 4 35 75.61186198841948 436.83679879622173 33030.043742042886
26 0 100 0.0 0.0 0.0
27 0 10 0.0 10.0 0.0
28 0 100 0.0 0.0 0.0
29 1 100 1.0 0.0 0.0
30 1 18 1.0 38.15436697768484 38.15436697768484
31 0 10 0.0 10.0 0.0
32 1 14 1.0 27.799106543625292 27.799106543625292
33 1 26 1.0 60.63937356224698 60.63937356224698
34 1 11 1.0 20.51504931294799 20.51504931294799
35 0 5 0.0 5.0 0.0
36 6 195 225.58275470837765 6070.84515091352 1369477.9725510685
37 0 100 0.0 0.0 0.0
38 1 9 1.0 15.931997307697284 15.931997307697284
39 0 100 0.0 0.0 0.0
40 10 144 766.6651705632711 63118.28799319142 48390593.029961765
41 1 109 1.0 15.931997307697284 15.931997307697284
42 0 100 0.0 0.0 0.0
43 0 100 0.0 0.0 0.0
44 5 71 139.6884681067044 2311.8500842163953 322938.7967565438
45 1 102 1.0 2.3948263510722025 2.3948263510722025
46 0 9 0.0 9.0 0.0
47 1 11 1.0 20.51504931294799 20.51504931294799
48 0 100 0.0 0.0 0.0
49 1 9 1.0 15.931997307697284 15.931997307697284
50 2 32 9.541850352986048 148.1842032776824 1413.95149235211
51 0 100 0.0 0.0 0.0
52 0 100 0.0 0.0 0.0
53 2 111 9.541850352986048 31.76494829034237 303.0963830567869
54 1 101 1.0 1.0 1.0
55 0 6 0.0 6.0 0.0
56 1 11 1.0 20.51504931294799 20.51504931294799
57 1 10 1.0 18.1937008646705 18.1937008646705
58 1 105 1.0 7.59708563275366 7.59708563275366
59 2 13 9.541850352986048 40.41888428935346 385.6709453236695
60 0 100 0.0 0.0 0.0
61 0 100 0.0 0.0 0.0
62 0 6 0.0 6.0 0.0
63 0 100 0.0 0.0 0.0
64 0 10 0.0 10.0 0.0
65 0 100 0.0 0.0 0.0
66 0 100 0.0 0.0 0.0
67 5 163 139.6884681067044 1860.4532693243248 259883.86717602485
68 1 23 1.0 51.960050539976365 51.960050539976365
69 2 10 9.541850352986048 27.685321443873434 264.16919419175593
70 1 20 1.0 43.57075425423803 43.57075425423803
71 3 29 32.9215577265747 209.61005902119368 6900.689658136957
72 0 5 0.0 5.0 0.0
73 0 100 0.0 0.0 0.0
74 2 27 9.541850352986048 115.98017876588344 1106.66550969663
75 0 6 0.0 6.0 0.0
76 3 44 32.9215577265747 406.27351121486885 13375.156852238497
77 7 65 332.66880679862265 4225.0 1405525.7087241807
78 1 40 1.0 104.3443904241405 104.3443904241405
79 1 35 1.0 88.18685030395203 88.18685030395203
80 0 5 0.0 5.0 0.0
81 1 111 1.0 20.51504931294799 20.51504931294799
82 0 10 0.0 10.0 0.0
83 2 27 9.541850352986048 115.98017876588344 1106.66550969663
84 0 100 0.0 0.0 0.0
85 6 116 225.58275470837765 8895.411906640642 2006651.5221656978
86 0 10 0.0 10.0 0.0
87 1 11 1.0 20.51504931294799 20.51504931294799
88 0 10 0.0 10.0 0.0
89 3 35 32.9215577265747 282.5239294230334 9301.12785163911
90 3 39 32.9215577265747 335.47304520277595 11044.29522335299
91 0 5 0.0 5.0 0.0
92 1 104 1.0 5.735193251789799 5.735193251789799
93 2 18 9.541850352986048 64.62733255388774 616.6643359418604
94 1 5 1.0 7.59708563275366 7.59708563275366
95 1 113 1.0 25.320989780782124 25.320989780782124
96 0 100 0.0 0.0 0.0
97 3 23 32.9215577265747 145.08021796711313 4776.266770788355
98 0 100 0.0 0.0 0.0
99 2 28 9.541850352986048 122.22584512913716 1166.2607234894754
100 2 46 9.541850352986048 250.0988923255542 2386.406204018009
101 0 100 0.0 0.0 0.0
102 4 61 75.61186198841948 1129.4605717070829 85400.6168692773
103 6 65 225.58275470837765 2937.504168606418 662650.2823215784
104 1 10 1.0 18.1937008646705 18.1937008646705
105 9 120 604.9491004987461 30162.00470437385 18246477.615149908
106 4 148 75.61186198841948 749.6906189831174 56685.50361656424
107 1 28 1.0 66.57403288693754 66.57403288693754
108 3 50 32.9215577265747 497.6760852315066 16384.27196908475
109 6 42 225.58275470837765 1273.9846198337311 287388.9599981983
110 1 107 1.0 11.607984241186918 11.607984241186918
111 2 50 9.541850352986048 282.0582186126376 2691.3573128316116
112 1 7 1.0 11.607984241186918 11.607984241186918
113 0 100 0.0 0.0 0.0
114 0 100 0.0 0.0 0.0
115 8 107 459.67273235884244 16645.17504715694 7651333.094517854
116 4 55 75.61186198841948 946.1899645328139 71543.18501308264
117 9 152 604.9491004987461 50192.57933226694 30363955.718766842
118 0 100 0.0 0.0 0.0
119 0 100 0.0 0.0 0.0
120 3 36 32.9215577265747 295.444715883087 9726.500268956508
121 6 116 225.58275470837765 8895.411906640642 2006651.5221656978
122 5 170 139.6884681067044 2253.023098877021 314721.345291151
123 4 44 75.61186198841948 646.0476428878335 48848.86521197858
124 5 153 139.6884681067044 1358.9929081032851 189835.63750082318
125 3 74 32.9215577265747 927.3002957027797 30528.17021484885
126 9 103 604.9491004987461 21703.328419167574 13129409.005004298
127 6 70 225.58275470837765 3384.897920195671 763574.5972443977
128 1 13 1.0 25.320989780782124 25.320989780782124
129 2 44 9.541850352986048 234.56808185291177 2238.2135346274663
130 1 114 1.0 27.799106543625292 27.799106543625292
131 0 11 0.0 11.0 0.0
132 3 38 32.9215577265747 321.92161897300775 10598.16116245226
133 0 100 0.0 0.0 0.0
134 8 86 459.67273235884244 10566.202609933729 4856995.224365369
135 5 191 139.6884681067044 3629.2296992039956 506961.5370891617
136 8 173 459.67273235884244 7513.940270393182 3453953.4548727735
137 4 152 75.61186198841948 859.6554919481086 65000.15241476724
138 2 9 9.541850352986048 23.78240930402918 226.9281906125095
139 6 48 225.58275470837765 1644.745810135621 371026.29064545565
140 1 11 1.0 20.51504931294799 20.51504931294799
141 2 31 9.541850352986048 141.5519192260369 1350.6672304328126
142 4 68 75.61186198841948 1360.0227175454593 102833.85002016247
143 5 70 139.6884681067044 2253.023098877021 314721.345291151
144 6 124 225.58275470837765 10105.821436004986 2279699.0381249776
145 8 196 459.67273235884244 58625.25872031313 26948432.86121039
146 5 170 139.6884681067044 2253.023098877021 314721.345291151
147 3 37 32.9215577265747 308.57807572808247 10158.870933237406
148 6 40 225.58275470837765 1160.4609052104954 261779.96772876108
149 2 20 9.541850352986048 75.23327232919837 717.8646261306569
150 9 143 604.9491004987461 44007.90838050506 26622544.58961777
151 6 62 225.58275470837765 2683.6257759841665 605379.6951529159
152 6 67 225.58275470837765 3112.8302065571443 702200.8129346088
153 4 39 75.61186198841948 525.6324972119714 39744.05183581987
154 5 117 139.6884681067044 5729.848236431501 800393.7226310181
155 10 148 766.6651705632711 67083.98395005375 51430953.9971317
156 2 115 9.541850352986048 49.68406405407534 474.0779041321602
157 5 187 139.6884681067044 3344.5706484424895 467197.95035557833
158 7 118 332.66880679862265 13924.0 4632080.465864022
159 5 157 139.6884681067044 1551.0877169304622 216669.0670771418
160 5 180 139.6884681067044 2871.732646582133 401147.9342130701
161 5 206 139.6884681067044 4788.781200314608 668937.5099701327
162 0 100 0.0 0.0 0.0
163 9 108 604.9491004987461 24036.912268699078 14541108.455716783
164 5 153 139.6884681067044 1358.9929081032851 189835.63750082318
165 8 124 459.67273235884244 22619.999038655253 10397796.764053049
166 10 140 766.6651705632711 59285.163668541216 45451870.11581359
167 6 75 225.58275470837765 3862.4525781644106 871302.6925128031
168 6 163 225.58275470837765 2767.0349550527303 624195.3675351668
169 6 136 225.58275470837765 12059.050322553525 2720313.7909285743
170 4 87 75.61186198841948 2072.675291085697 156718.8380563789
171 5 136 139.6884681067044 7531.777572563793 1052102.4712318687
172 11 152 942.9223974109915 98895.11966128755 93250423.32326813
173 1 106 1.0 9.55892689827884 9.55892689827884
174 5 77 139.6884681067044 2679.0520099722326 374232.6712512085
175 6 93 225.58275470837765 5828.709556476301 1314856.3581449701
176 7 55 332.66880679862265 3025.0 1006323.1405658335
177 6 187 225.58275470837765 5130.584655325767 1157371.4198129189
178 11 130 942.9223974109915 69138.84603782199 65192566.46021254
179 8 120 459.67273235884244 21128.626944217714 9712253.678439217
180 5 94 139.6884681067044 3849.5614363989175 537739.3399332094
181 7 107 332.66880679862265 11449.0 3808725.1690374305
182 6 178 225.58275470837765 4163.386850757332 939188.274710476
183 11 140 942.9223974109915 81923.15277315897 77247175.61633398
184 4 136 75.61186198841948 458.3949685466225 34660.09709793311
185 4 161 75.61186198841948 1129.4605717070829 85400.6168692773
186 5 163 139.6884681067044 1860.4532693243248 259883.86717602485
187 1 119 1.0 40.84402933782601 40.84402933782601
188 5 188 139.6884681067044 3414.7546568712237 477001.8469785762
189 5 157 139.6884681067044 1551.0877169304622 216669.0670771418
190 5 140 139.6884681067044 814.9598274436516 113840.48986410785
191 5 77 139.6884681067044 2679.0520099722326 374232.6712512085
192 11 110 942.9223974109915 47165.29582196761 44473213.811048314
193 5 49 139.6884681067044 1178.39286145179 164607.89364407648
194 5 79 139.6884681067044 2806.8374672292675 392082.8260217585
195 12 197 1131.8354418063404 248346.49062615685 281087359.9389104
196 7 194 332.66880679862265 8836.0 2939461.5768726296
197 6 189 225.58275470837765 5358.570280584671 1208801.0451927343
198 5 95 139.6884681067044 3924.3008107112732 548179.5686381559
199 1 27 1.0 63.59241768810072 63.59241768810072
