0 0 100 0.0 0.0 0.0
1 4 57 75.61186198841948 1005.7817905983286 76049.03394118624
2 1 27 1.0 63.59241768810072 63.59241768810072
3 0 100 0.0 0.0 0.0
4 0 100 0.0 0.0 0.0
5 0 100 0.0 0.0 0.0
6 4 166 75.61186198841948 1292.338741426653 97716.13855903981
7 0 100 0.0 0.0 0.0
8 3 23 32.9215577265747 145.08021796711313 4776.266770788355
9 0 6 0.0 6.0 0.0
10 15 324 1756.7778603087352 2119224.71476335 3723007059.9153476
11 0 100 0.0 0.0 0.0
12 0 100 0.0 0.0 0.0
13 0 100 0.0 0.0 0.0
14 20 639 2902.6872563902634 54974861.5670315 159574830092.44122
15 0 9 0.0 9.0 0.0
16 0 100 0.0 0.0 0.0
17 1 113 1.0 25.320989780782124 25.320989780782124
18 0 18 0.0 18.0 0.0
19 0 6 0.0 6.0 0.0
20 0 8 0.0 8.0 0.0
21 1 39 1.0 101.06849300292524 101.06849300292524
22 0 100 0.0 0.0 0.0
23 1 113 1.0 25.320989780782124 25.320989780782124
24 0 12 0.0 12.0 0.0
25 0 9 0.0 9.0 0.0
26 2 120 9.541850352986048 75.23327232919837 717.8646261306569
27 19 278 2668.9360872348193 4306835.159134324 11494667777.985312
28 44 1183 7528.2761260995885 85168473429.73192 641171785217398.0
29 0 10 0.0 10.0 0.0
30 1 9 1.0 15.931997307697284 15.931997307697284
31 0 100 0.0 0.0 0.0
32 0 9 0.0 9.0 0.0
33 1 7 1.0 11.607984241186918 11.607984241186918
34 1 116 1.0 32.892441635375256 32.892441635375256
35 34 724 5933.442745663244 2261489000.9287677 13418415506958.014
36 21 409 3136.7198300107975 20804219.62306283 65257008239.560936
37 0 5 0.0 5.0 0.0
38 22 706 3370.209833397988 81843090.06230369 275828386923.6531
39 0 6 0.0 6.0 0.0
40 2 118 9.541850352986048 64.62733255388774 616.6643359418604
41 15 199 1756.7778603087352 620507.1114262982 1090093155.517846
42 0 100 0.0 0.0 0.0
43 1 113 1.0 25.320989780782124 25.320989780782124
44 0 6 0.0 6.0 0.0
45 0 100 0.0 0.0 0.0
46 1 116 1.0 32.892441635375256 32.892441635375256
47 0 100 0.0 0.0 0.0
48 0 100 0.0 0.0 0.0
49 0 100 0.0 0.0 0.0
50 1 100 1.0 0.0 0.0
51 6 251 225.58275470837765 14731.024405213999 3323065.065004514
52 1 29 1.0 69.58346013935528 69.58346013935528
53 8 242 459.67273235884244 29987.49355902603 13784433.100870684
54 33 723 5744.298091538941 1830198391.8021314 10513205129166.621
55 0 100 0.0 0.0 0.0
56 1 104 1.0 5.735193251789799 5.735193251789799
57 2 34 9.541850352986048 161.72412498062124 1543.1473990327004
58 14 390 1540.4353185285338 1182485.092224617 1821541799.6962707
59 0 100 0.0 0.0 0.0
60 0 100 0.0 0.0 0.0
61 8 350 459.67273235884244 97255.95901856197 44705912.42024199
62 28 638 4724.12231882448 414283621.73705506 1957126503771.4604
63 0 100 0.0 0.0 0.0
64 2 53 9.541850352986048 306.7864203576611 2927.3101133810746
65 0 100 0.0 0.0 0.0
66 0 18 0.0 18.0 0.0
67 41 918 7106.788070274764 19903071559.138798 141446911518312.56
68 0 6 0.0 6.0 0.0
69 2 153 9.541850352986048 306.7864203576611 2927.3101133810746
70 0 100 0.0 0.0 0.0
71 0 6 0.0 6.0 0.0
72 1 105 1.0 7.59708563275366 7.59708563275366
73 26 869 4285.277943143774 656234909.0 2812148981058.6616
74 1 13 1.0 25.320989780782124 25.320989780782124
75 0 100 0.0 0.0 0.0
76 22 523 3370.209833397988 53834066.62295544 181432100704.48685
77 2 115 9.541850352986048 49.68406405407534 474.0779041321602
78 0 100 0.0 0.0 0.0
79 15 382 1756.7778603087352 3209164.402668843 5637788972.699531
80 0 10 0.0 10.0 0.0
81 0 100 0.0 0.0 0.0
82 0 100 0.0 0.0 0.0
83 2 138 9.541850352986048 189.8638195218893 1811.6521533242187
84 1 106 1.0 9.55892689827884 9.55892689827884
85 18 453 2436.3877014920204 12233108.32388341 29804594671.329205
86 3 137 32.9215577265747 308.57807572808247 10158.870933237406
87 0 100 0.0 0.0 0.0
88 22 440 3370.209833397988 32932733.478250384 110990222209.07457
89 0 100 0.0 0.0 0.0
90 14 354 1540.4353185285338 1933671.1706088758 2978695365.6263266
91 0 100 0.0 0.0 0.0
92 1 7 1.0 11.607984241186918 11.607984241186918
93 0 100 0.0 0.0 0.0
94 0 100 0.0 0.0 0.0
95 7 89 332.66880679862265 7921.0 2635069.61865189
96 0 100 0.0 0.0 0.0
97 0 100 0.0 0.0 0.0
98 0 6 0.0 6.0 0.0
99 0 10 0.0 10.0 0.0
100 21 608 3136.7198300107975 63184029.8948775 198190599511.2573
101 18 534 2436.3877014920204 18974729.2298557 46229796934.76159
102 1 105 1.0 7.59708563275366 7.59708563275366
103 27 698 4506.6139001521815 432135568.4667647 1947468159602.4866
104 32 699 5549.980220652734 1329713849.3904836 7379885563245.192
105 27 616 4506.6139001521815 295671882.7143949 1332479016524.8577
106 32 531 5549.980220652734 550597492.030826 3055805190312.0854
107 0 100 0.0 0.0 0.0
108 2 159 9.541850352986048 358.10513855020525 3416.9856426813935
109 29 808 4937.473672561782 1081441641.6767037 5339589634190.717
110 24 548 3832.71054120725 101916132.34201545 390615034746.31573
111 46 1055 7782.801884860074 81356512444.94157 633181618402133.4
112 34 893 5933.442745663244 4491907387.333331 26652475301564.09
113 43 1039 7393.130324549447 44637891952.97219 330013752621480.44
114 22 647 3370.209833397988 61160601.593970776 206124060908.53696
115 20 564 2902.6872563902634 38955648.27101034 113076063800.6831
116 30 588 5146.386239304723 500804648.42784256 2577334151248.8887
117 30 904 5146.386239304723 1933972581.6600356 9952969881447.836
118 44 785 7528.2761260995885 19803524931.16808 149086403951930.66
119 28 569 4724.12231882448 291459202.8101144 1376888925022.052
120 40 927 6955.50474228233 17026896372.18047 118430658463051.06
121 36 879 6295.82243666837 6456900001.753727 40651495902365.15
122 14 412 1540.4353185285338 2811195.748278325 4330465217.945182
123 37 728 6468.923834840442 4191942416.876552 27117356214811.38
124 17 513 2206.0678959513543 7173458.423951596 15825136332.021416
125 0 100 0.0 0.0 0.0
126 39 917 6798.773358825962 13525727026.586025 91958352567105.36
127 43 795 7393.130324549447 17350271076.23749 128272815232884.58
128 2 152 9.541850352986048 298.47302352672085 2847.984924895254
129 31 564 5350.621552679651 542958564.3328501 2905165796531.3486
130 37 852 6468.923834840442 7113213576.36899 46014836846483.984
131 25 525 4060.496712466729 114409277.1736454 464558493839.282
132 34 933 5933.442745663244 5184176631.8102045 30760015228251.168
133 34 860 5933.442745663244 3971357841.3209558 23563824374018.664
134 33 622 5744.298091538941 1124077618.1742961 6457036916820.247
135 51 1041 8330.590095344352 183091639266.77368 1525261396616146.0
136 19 460 2668.9360872348193 16898056.856651843 45099833748.86388
137 33 537 5744.298091538941 698323911.571749 4011380712517.6055
138 34 730 5933.442745663244 2323373025.8606043 13785600825762.264
139 37 803 6468.923834840442 5828841244.8417015 37706330058257.516
140 29 630 4937.473672561782 499116526.78529054 2464374710542.8496
141 35 932 6117.310290426031 6379627395.074763 39026160312974.664
142 22 518 3370.209833397988 52383290.57869177 176542681014.05118
143 24 439 3832.71054120725 53286001.146122046 204229818291.5236
144 34 538 5933.442745663244 856189509.6458849 5080151434921.346
145 32 580 5549.980220652734 730785897.4252573 4055847276242.1357
146 32 1020 5549.980220652734 4468773429.785224 24801604145886.473
147 57 1025 8833.632285946418 450962762200.56226 3983639215934463.5
148 30 622 5146.386239304723 597529101.0820589 3075115543392.8286
149 26 534 4285.277943143774 152273304.0 652533430960.8265
150 30 630 5146.386239304723 622005523.7889175 3201080668398.8115
151 51 1273 8330.590095344352 387977603967.4113 3232082384826350.5
152 30 693 5146.386239304723 839120675.1136189 4318439095520.8174
153 48 1162 8016.77096497358 164636561381.07135 1319853605052863.2
154 40 944 6955.50474228233 18127992815.289646 126089339994807.14
155 43 946 7393.130324549447 32057696981.284412 237006731687551.06
156 30 866 5146.386239304723 1689903370.0477474 8696895449368.404
157 22 623 3370.209833397988 88542602.21380587 298407148655.615
158 23 470 3602.4235623004615 51011016.15011088 183763286516.0488
159 38 1035 6636.579650383532 16761011120.492025 111235785322109.45
160 36 1088 6295.82243666837 13143806608.091513 82751072546452.53
161 10 294 766.6651705632711 308713.2852624645 236679723.5008951
162 21 332 3136.7198300107975 11596530.33945426 36375066675.08802
163 51 927 8330.590095344352 118756724583.79672 989313593573314.1
164 54 1655 8602.009448624298 1741549278269.2332 1.498082334691677e+16
165 42 1153 7252.650449022947 53309775843.55894 386637169709100.4
166 31 784 5350.621552679651 1544830108.7893004 8265801275316.481
167 24 433 3832.71054120725 51184371.57394695 196174880476.53522
168 32 733 5549.980220652734 1548529052.313303 8594305611444.954
169 28 680 4724.12231882448 309119442.29573536 1460318056531.8594
170 36 764 6295.82243666837 4046752929.5052977 25477637889232.906
171 44 1247 7528.2761260995885 102722755335.14459 773325266596738.1
172 36 703 6295.82243666837 3066809110.189439 19308085604909.63
173 26 674 4285.277943143774 306182024.0 1312075074034.3176
174 17 415 2206.0678959513543 3527165.8735808763 7781167397.401984
175 37 735 6468.923834840442 4328999571.451955 28003968508779.613
176 40 1056 6955.50474228233 26683945923.088646 185600312410848.3
177 41 851 7106.788070274764 15293722947.688017 108689247794716.61
178 25 628 4060.496712466729 194511124.2974498 789811780748.0022
179 33 713 5744.298091538941 1749453932.9042547 10049384888017.205
180 31 695 5350.621552679651 1053754244.5062613 5638240171882.865
181 41 833 7106.788070274764 14198414323.081192 100905121528091.77
182 54 1371 8602.009448624298 851146481516.285 7321570076166410.0
183 33 740 5744.298091538941 1973317374.943853 11335323230890.607
184 32 618 5549.980220652734 895759346.7235886 4971446656780.73
185 39 1261 6798.773358825962 30309498646.633457 206067411918103.1
186 47 964 7902.318130854768 69960943503.44122 552853632298949.7
187 32 823 5549.980220652734 2245148424.7509756 12460529349797.557
188 33 573 5744.298091538941 861688432.8095839 4949795220089.273
189 20 612 2902.6872563902634 48801803.52346238 141656373176.4157
190 26 736 4285.277943143774 398688256.0 1708489989627.2583
191 25 572 4060.496712466729 147494183.5982725 598899647608.7496
192 25 713 4060.496712466729 283313007.91950035 1150391537256.1917
193 34 773 5933.442745663244 2801732321.8283906 16623918320242.9
194 31 857 5350.621552679651 2049432807.9558344 10965739353017.264
195 44 1063 7528.2761260995885 58217815361.89912 438279789502659.0
196 43 963 7393.130324549447 34138158935.089622 252387858047299.75
197 32 610 5549.980220652734 859094752.2253641 4767958882517.332
198 24 469 3832.71054120725 64648250.10695937 247778029655.54593
199 30 710 5146.386239304723 905498659.3215843 4660045840041.477
