0 0 6 0.0 6.0 0.0
1 1 58 1.0 166.64030394051025 166.64030394051025
2 0 100 0.0 0.0 0.0
3 1 9 1.0 15.931997307697284 15.931997307697284
4 0 100 0.0 0.0 0.0
5 14 275 1540.4353185285338 1037317.5910931062 1597920653.8507605
6 0 100 0.0 0.0 0.0
7 0 6 0.0 6.0 0.0
8 0 100 0.0 0.0 0.0
9 2 20 9.541850352986048 75.23327232919837 717.8646261306569
10 0 100 0.0 0.0 0.0
11 0 100 0.0 0.0 0.0
12 0 100 0.0 0.0 0.0
13 0 100 0.0 0.0 0.0
14 0 100 0.0 0.0 0.0
15 31 639 5350.621552679651 807067812.437602 4318314431702.652
16 1 46 1.0 124.43529823617882 124.43529823617882
17 0 100 0.0 0.0 0.0
18 26 494 4285.277943143774 120553784.0 516606471537.7188
19 0 5 0.0 5.0 0.0
20 0 100 0.0 0.0 0.0
21 22 395 3370.209833397988 24231301.43586209 81664570375.1732
22 0 6 0.0 6.0 0.0
23 0 5 0.0 5.0 0.0
24 1 10 1.0 18.1937008646705 18.1937008646705
25 6 117 225.58275470837765 9042.681338614557 2039872.9663147116
26 2 27 9.541850352986048 115.98017876588344 1106.66550969663
27 0 5 0.0 5.0 0.0
28 25 430 4060.496712466729 63334441.60968319 257169291942.03464
29 1 105 1.0 7.59708563275366 7.59708563275366
30 0 100 0.0 0.0 0.0
31 12 317 1131.8354418063404 311744.51331515337 352843488.9587592
32 1 55 1.0 155.85458639063 155.85458639063
33 5 196 139.6884681067044 3999.6858182206656 558709.9848553553
34 0 100 0.0 0.0 0.0
35 0 100 0.0 0.0 0.0
36 1 102 1.0 2.3948263510722025 2.3948263510722025
37 1 34 1.0 85.02419427196995 85.02419427196995
38 21 454 3136.7198300107975 27872440.912049267 87428038119.62918
39 0 100 0.0 0.0 0.0
40 1 104 1.0 5.735193251789799 5.735193251789799
41 6 227 225.58275470837765 10578.68633606439 2386369.2048852793
42 0 100 0.0 0.0 0.0
43 0 100 0.0 0.0 0.0
44 1 31 1.0 75.68293941204132 75.68293941204132
45 1 102 1.0 2.3948263510722025 2.3948263510722025
46 0 7 0.0 7.0 0.0
47 27 584 4506.6139001521815 251454112.70303547 1133206599557.9329
48 1 20 1.0 43.57075425423803 43.57075425423803
49 0 100 0.0 0.0 0.0
50 0 100 0.0 0.0 0.0
51 0 10 0.0 10.0 0.0
52 0 10 0.0 10.0 0.0
53 1 108 1.0 13.734791927877684 13.734791927877684
54 16 342 1979.1134619514044 3278647.124343631 6488814660.77674
55 1 103 1.0 3.9914906122521803 3.9914906122521803
56 0 100 0.0 0.0 0.0
57 6 120 225.58275470837765 9491.407950004868 2141097.9514230937
58 0 100 0.0 0.0 0.0
59 0 100 0.0 0.0 0.0
60 1 29 1.0 69.58346013935528 69.58346013935528
61 26 443 4285.277943143774 86938307.0 372554809401.36194
62 0 100 0.0 0.0 0.0
63 12 305 1131.8354418063404 694097.3510327105 785603981.9627185
64 1 19 1.0 40.84402933782601 40.84402933782601
65 0 100 0.0 0.0 0.0
66 0 100 0.0 0.0 0.0
67 0 100 0.0 0.0 0.0
68 5 99 139.6884681067044 4229.702363015084 590840.6436368847
69 0 6 0.0 6.0 0.0
70 0 100 0.0 0.0 0.0
71 0 100 0.0 0.0 0.0
72 1 16 1.0 32.892441635375256 32.892441635375256
73 0 5 0.0 5.0 0.0
74 0 100 0.0 0.0 0.0
75 0 100 0.0 0.0 0.0
76 0 100 0.0 0.0 0.0
77 0 6 0.0 6.0 0.0
78 0 100 0.0 0.0 0.0
79 4 141 75.61186198841948 572.5607883495287 43292.38730866522
80 0 100 0.0 0.0 0.0
81 0 7 0.0 7.0 0.0
82 0 100 0.0 0.0 0.0
83 1 10 1.0 18.1937008646705 18.1937008646705
84 19 423 2668.9360872348193 13458125.081638783 35918875696.9058
85 12 242 1131.8354418063404 402854.0732554629 455964517.9865807
86 25 492 4060.496712466729 94392183.68260573 383279151525.7762
87 15 279 1756.7778603087352 1453906.341556328 2554190471.808627
88 16 329 1979.1134619514044 2967696.4178144378 5873407931.481513
89 18 414 2436.3877014920204 9620729.963385202 23439828162.16748
90 1 110 1.0 18.1937008646705 18.1937008646705
91 0 100 0.0 0.0 0.0
92 1 129 1.0 69.58346013935528 69.58346013935528
93 18 327 2436.3877014920204 5126528.416085452 12490210784.299961
94 1 19 1.0 40.84402933782601 40.84402933782601
95 23 397 3602.4235623004615 31347938.306605186 112928551585.25575
96 0 6 0.0 6.0 0.0
97 2 32 9.541850352986048 148.1842032776824 1413.95149235211
98 5 34 139.6884681067044 606.571327772905 84731.01957404678
99 0 100 0.0 0.0 0.0
100 23 317 3602.4235623004615 16379600.025675924 59006257073.55219
101 24 349 3832.71054120725 27243735.399074607 104417351845.89435
102 5 72 139.6884681067044 2371.3580183097592 331251.36891024053
103 0 100 0.0 0.0 0.0
104 26 641 4285.277943143774 263374721.0 1128633882682.9453
105 12 308 1131.8354418063404 710257.1622614001 803894229.0442494
106 0 10 0.0 10.0 0.0
107 6 206 225.58275470837765 7486.36063642395 1688793.855104878
108 23 544 3602.4235623004615 77773684.72576849 280173754383.03595
109 26 660 4285.277943143774 287496000.0 1232000267542.0625
110 25 534 4060.496712466729 120317901.97388028 488550445415.835
111 25 476 4060.496712466729 85585475.95125794 347519543734.9832
112 14 244 1540.4353185285338 772341.9349328609 1189742794.5512457
113 18 360 2436.3877014920204 6625853.170980919 16143147177.669817
114 14 322 1540.4353185285338 1530750.5757535973 2358022250.748729
115 1 106 1.0 9.55892689827884 9.55892689827884
116 21 472 3136.7198300107975 31080689.740163688 97491415838.38458
117 1 18 1.0 38.15436697768484 38.15436697768484
118 11 288 942.9223974109915 427172.4322331918 402790453.9092055
119 21 419 3136.7198300107975 22261110.517452765 69826866798.15602
120 24 441 3832.71054120725 53998953.49295842 206962358266.6218
121 13 340 1331.5823725933528 1262479.4825844606 1681095424.7702446
122 24 635 3832.71054120725 156805065.76543236 600988428473.8687
123 27 544 4506.6139001521815 202716663.8380909 913565735045.2175
124 33 612 5744.298091538941 1066578424.9633955 6126744410993.842
125 35 651 6117.310290426031 1950921222.6446717 11934390471094.785
126 30 466 5146.386239304723 241221432.27793118 1241418659700.5212
127 23 469 3602.4235623004615 50698576.93612103 182637748129.78516
128 28 610 4724.12231882448 360923962.8729364 1705048948406.6172
129 29 470 4937.473672561782 200830339.8883556 991594515850.3901
130 26 471 4285.277943143774 104487111.0 447756312111.1152
131 7 123 332.66880679862265 15129.0 5032946.378056362
132 37 767 6468.923834840442 4995869291.2303915 32317897933787.707
133 23 451 3602.4235623004615 45286624.8051258 163141604255.04575
134 22 414 3370.209833397988 27694967.27902954 93337851059.42088
135 26 440 4285.277943143774 85184000.0 365037116308.7592
136 25 579 4060.496712466729 152905949.28055102 620874104370.2819
137 9 137 604.9491004987461 40125.91166909431 24274134.170910746
138 14 285 1540.4353185285338 1132838.5888993952 1745064572.5326545
139 39 776 6798.773358825962 7641666235.99782 51953956822341.84
140 0 100 0.0 0.0 0.0
141 13 234 1331.5823725933528 513035.32671345456 683148797.5693078
142 18 363 2436.3877014920204 6774216.289305188 16504617254.510069
143 19 345 2668.9360872348193 7739285.34754691 20655657953.47562
144 20 529 2902.6872563902634 32644325.29545471 94756267028.5747
145 12 186 1131.8354418063404 216962.41681964806 245565752.89643776
146 13 338 1331.5823725933528 1244655.096946365 1657360787.0522501
147 33 650 5744.298091538941 1296424727.9429603 7447050090546.637
148 13 280 1331.5823725933528 790676.804581966 1052851295.399785
149 17 339 2206.0678959513543 4275619.850354932 9432307687.16035
150 25 672 4060.496712466729 237722536.4035344 965271577545.8038
151 19 420 2668.9360872348193 13200612.619024092 35231591392.520744
152 33 615 5744.298091538941 1083609334.1240664 6224575029982.656
153 11 217 942.9223974109915 223438.22310636984 210684905.00471026
154 12 201 1131.8354418063404 260366.30656647639 294691813.6241529
155 22 581 3370.209833397988 72602107.79745787 244684337624.41327
156 6 190 225.58275470837765 5474.33581455389 1234915.7532457968
157 28 798 4724.12231882448 823895842.3798099 3892184737373.156
158 16 286 1979.1134619514044 2070183.1096032152 4097127260.920143
159 13 293 1331.5823725933528 882067.6853485642 1174545781.244368
160 45 942 7658.1450374688 45307151184.859406 346968735008179.75
161 1 107 1.0 11.607984241186918 11.607984241186918
162 25 794 4060.496712466729 389678852.3590007 1582289698921.5303
163 14 316 1540.4353185285338 1461364.2042380264 2251137033.4416018
164 22 418 3370.209833397988 28462738.064483486 95925399710.35345
165 39 754 6798.773358825962 6925826092.063852 47087121922585.44
166 28 490 4724.12231882448 184134294.0291714 869872928084.1979
167 16 356 1979.1134619514044 3634932.99187315 7193944817.507446
168 22 474 3370.209833397988 40696557.24208043 137155937402.70355
169 16 350 1979.1134619514044 3479487.8780095805 6886301300.065487
170 22 448 3370.209833397988 34664265.18353988 116825847389.08162
171 19 320 2668.9360872348193 6309910.995802914 16840749163.93819
172 20 563 2902.6872563902634 38765385.56719107 112523790674.94057
173 28 687 4724.12231882448 520031818.4524406 2456693920050.055
174 17 336 2206.0678959513543 4177167.7857356323 9215115748.113585
175 18 390 2436.3877014920204 8203535.642296735 19986993347.643208
176 28 560 4724.12231882448 277526408.53858554 1311068700640.3328
177 26 485 4285.277943143774 114084125.0 488882184525.3572
178 23 442 3602.4235623004615 42728560.55529638 153926373327.58176
179 25 541 4060.496712466729 125050707.1764996 507767985381.8163
180 42 926 7252.650449022947 24729718720.7332 179356005584136.8
181 0 100 0.0 0.0 0.0
182 28 844 4724.12231882448 978703488.8644053 4623514995255.724
183 26 701 4285.277943143774 344472101.0 1476158696443.6943
184 27 525 4506.6139001521815 181972491.98002195 820079761802.4983
185 33 750 5744.298091538941 2061020911.716697 11839118489796.07
186 17 358 2206.0678959513543 4932498.523171589 10881426638.796309
187 28 505 4724.12231882448 202007542.6919179 954308341001.7783
188 24 504 3832.71054120725 79791168.44841911 305816452407.49927
189 17 360 2206.0678959513543 5005042.618306142 11041463838.11349
190 22 529 3370.209833397988 55609073.16860057 187414245218.96585
191 27 670 4506.6139001521815 381616882.6712037 1719799947978.7905
192 26 568 4285.277943143774 183250432.0 785279034321.168
193 19 414 2668.9360872348193 12694974.374791807 33882075235.40314
194 28 528 4724.12231882448 231629575.03398344 1094246445117.8708
195 32 595 5549.980220652734 793155639.9155835 4401998113430.65
196 29 586 4937.473672561782 398567099.0284344 1967914558202.2195
197 24 387 3832.71054120725 36856387.30798228 141259864146.1208
198 18 331 2436.3877014920204 5295575.60794222 12902075283.511553
199 19 383 2668.9360872348193 10277328.994107053 27429534232.75704
