0 0 5 0.0 5.0 0.0
1 0 5 0.0 5.0 0.0
2 2 20 9.541850352986048 75.23327232919837 717.8646261306569
3 0 100 0.0 0.0 0.0
4 0 100 0.0 0.0 0.0
5 0 100 0.0 0.0 0.0
6 0 5 0.0 5.0 0.0
7 2 19 9.541850352986048 69.8685662777562 666.6754038000371
8 0 5 0.0 5.0 0.0
9 0 100 0.0 0.0 0.0
10 1 109 1.0 15.931997307697284 15.931997307697284
11 1 30 1.0 72.61998620345668 72.61998620345668
12 0 5 0.0 5.0 0.0
13 0 100 0.0 0.0 0.0
14 0 100 0.0 0.0 0.0
15 0 20 0.0 20.0 0.0
16 0 10 0.0 10.0 0.0
17 1 6 1.0 9.55892689827884 9.55892689827884
18 0 10 0.0 10.0 0.0
19 0 5 0.0 5.0 0.0
20 0 100 0.0 0.0 0.0
21 0 5 0.0 5.0 0.0
22 0 100 0.0 0.0 0.0
23 1 10 1.0 18.1937008646705 18.1937008646705
24 0 5 0.0 5.0 0.0
25 1 106 1.0 9.55892689827884 9.55892689827884
26 0 10 0.0 10.0 0.0
27 1 16 1.0 32.892441635375256 32.892441635375256
28 0 100 0.0 0.0 0.0
29 0 100 0.0 0.0 0.0
30 0 5 0.0 5.0 0.0
31 0 8 0.0 8.0 0.0
32 1 105 1.0 7.59708563275366 7.59708563275366
33 0 100 0.0 0.0 0.0
34 0 5 0.0 5.0 0.0
35 3 30 32.9215577265747 221.1993434691573 7282.2269551002855
36 0 11 0.0 11.0 0.0
37 0 100 0.0 0.0 0.0
38 0 5 0.0 5.0 0.0
39 0 6 0.0 6.0 0.0
40 2 15 9.541850352986048 49.68406405407534 474.0779041321602
41 0 100 0.0 0.0 0.0
42 0 100 0.0 0.0 0.0
43 0 100 0.0 0.0 0.0
44 0 6 0.0 6.0 0.0
45 0 5 0.0 5.0 0.0
46 0 10 0.0 10.0 0.0
47 0 100 0.0 0.0 0.0
48 2 115 9.541850352986048 49.68406405407534 474.0779041321602
49 0 100 0.0 0.0 0.0
50 0 10 0.0 10.0 0.0
51 0 9 0.0 9.0 0.0
52 0 100 0.0 0.0 0.0
53 1 104 1.0 5.735193251789799 5.735193251789799
54 0 100 0.0 0.0 0.0
55 1 6 1.0 9.55892689827884 9.55892689827884
56 1 14 1.0 27.799106543625292 27.799106543625292
57 0 6 0.0 6.0 0.0
58 1 19 1.0 40.84402933782601 40.84402933782601
59 0 10 0.0 10.0 0.0
60 0 10 0.0 10.0 0.0
61 1 12 1.0 22.891970023971037 22.891970023971037
62 0 5 0.0 5.0 0.0
63 0 100 0.0 0.0 0.0
64 1 16 1.0 32.892441635375256 32.892441635375256
65 0 100 0.0 0.0 0.0
66 1 10 1.0 18.1937008646705 18.1937008646705
67 0 5 0.0 5.0 0.0
68 0 100 0.0 0.0 0.0
69 0 100 0.0 0.0 0.0
70 0 100 0.0 0.0 0.0
71 2 20 9.541850352986048 75.23327232919837 717.8646261306569
72 0 7 0.0 7.0 0.0
73 0 100 0.0 0.0 0.0
74 1 16 1.0 32.892441635375256 32.892441635375256
75 0 100 0.0 0.0 0.0
76 1 11 1.0 20.51504931294799 20.51504931294799
77 0 5 0.0 5.0 0.0
78 1 12 1.0 22.891970023971037 22.891970023971037
79 0 100 0.0 0.0 0.0
80 1 16 1.0 32.892441635375256 32.892441635375256
81 2 23 9.541850352986048 92.0346545141889 878.1809006631623
82 1 18 1.0 38.15436697768484 38.15436697768484
83 0 100 0.0 0.0 0.0
84 0 100 0.0 0.0 0.0
85 0 8 0.0 8.0 0.0
86 1 14 1.0 27.799106543625292 27.799106543625292
87 0 100 0.0 0.0 0.0
88 0 10 0.0 10.0 0.0
89 2 33 9.541850352986048 154.90879557685506 1478.1165457556579
90 0 100 0.0 0.0 0.0
91 0 6 0.0 6.0 0.0
92 1 18 1.0 38.15436697768484 38.15436697768484
93 0 5 0.0 5.0 0.0
94 0 100 0.0 0.0 0.0
95 1 100 1.0 0.0 0.0
96 3 27 32.9215577265747 187.1321231368427 6160.680994346051
97 1 16 1.0 32.892441635375256 32.892441635375256
98 0 100 0.0 0.0 0.0
99 1 17 1.0 35.503281577765854 35.503281577765854
100 0 5 0.0 5.0 0.0
101 0 100 0.0 0.0 0.0
102 1 9 1.0 15.931997307697284 15.931997307697284
103 0 100 0.0 0.0 0.0
104 0 11 0.0 11.0 0.0
105 0 10 0.0 10.0 0.0
106 1 7 1.0 11.607984241186918 11.607984241186918
107 0 100 0.0 0.0 0.0
108 1 10 1.0 18.1937008646705 18.1937008646705
109 0 100 0.0 0.0 0.0
110 1 24 1.0 54.8222930413608 54.8222930413608
111 0 100 0.0 0.0 0.0
112 0 100 0.0 0.0 0.0
113 2 27 9.541850352986048 115.98017876588344 1106.66550969663
114 0 6 0.0 6.0 0.0
115 1 8 1.0 13.734791927877684 13.734791927877684
116 0 10 0.0 10.0 0.0
117 0 12 0.0 12.0 0.0
118 1 103 1.0 3.9914906122521803 3.9914906122521803
119 0 100 0.0 0.0 0.0
120 1 7 1.0 11.607984241186918 11.607984241186918
121 0 6 0.0 6.0 0.0
122 1 104 1.0 5.735193251789799 5.735193251789799
123 0 100 0.0 0.0 0.0
124 1 26 1.0 60.63937356224698 60.63937356224698
125 1 17 1.0 35.503281577765854 35.503281577765854
126 0 5 0.0 5.0 0.0
127 1 12 1.0 22.891970023971037 22.891970023971037
128 1 18 1.0 38.15436697768484 38.15436697768484
129 1 19 1.0 40.84402933782601 40.84402933782601
130 1 105 1.0 7.59708563275366 7.59708563275366
131 1 15 1.0 30.323695983612147 30.323695983612147
132 0 16 0.0 16.0 0.0
133 1 13 1.0 25.320989780782124 25.320989780782124
134 1 10 1.0 18.1937008646705 18.1937008646705
135 1 101 1.0 1.0 1.0
136 1 12 1.0 22.891970023971037 22.891970023971037
137 0 100 0.0 0.0 0.0
138 1 21 1.0 46.33316012586883 46.33316012586883
139 1 16 1.0 32.892441635375256 32.892441635375256
140 0 6 0.0 6.0 0.0
141 1 8 1.0 13.734791927877684 13.734791927877684
142 0 7 0.0 7.0 0.0
143 0 5 0.0 5.0 0.0
144 0 100 0.0 0.0 0.0
145 1 20 1.0 43.57075425423803 43.57075425423803
146 1 103 1.0 3.9914906122521803 3.9914906122521803
147 0 100 0.0 0.0 0.0
148 2 25 9.541850352986048 103.79546451213633 990.4007896934788
149 0 100 0.0 0.0 0.0
150 1 14 1.0 27.799106543625292 27.799106543625292
151 1 9 1.0 15.931997307697284 15.931997307697284
152 1 105 1.0 7.59708563275366 7.59708563275366
153 0 10 0.0 10.0 0.0
154 0 100 0.0 0.0 0.0
155 2 21 9.541850352986048 80.71796600694597 770.1987524356932
156 2 27 9.541850352986048 115.98017876588344 1106.66550969663
157 2 31 9.541850352986048 141.5519192260369 1350.6672304328126
158 0 10 0.0 10.0 0.0
159 1 14 1.0 27.799106543625292 27.799106543625292
160 1 105 1.0 7.59708563275366 7.59708563275366
161 0 5 0.0 5.0 0.0
162 1 22 1.0 49.12998068819353 49.12998068819353
163 1 5 1.0 7.59708563275366 7.59708563275366
164 1 14 1.0 27.799106543625292 27.799106543625292
165 2 13 9.541850352986048 40.41888428935346 385.6709453236695
166 2 10 9.541850352986048 27.685321443873434 264.16919419175593
167 1 8 1.0 13.734791927877684 13.734791927877684
168 1 6 1.0 9.55892689827884 9.55892689827884
169 1 10 1.0 18.1937008646705 18.1937008646705
170 1 24 1.0 54.8222930413608 54.8222930413608
171 0 100 0.0 0.0 0.0
172 1 10 1.0 18.1937008646705 18.1937008646705
173 1 36 1.0 91.37308344663872 91.37308344663872
174 0 10 0.0 10.0 0.0
175 1 15 1.0 30.323695983612147 30.323695983612147
176 1 12 1.0 22.891970023971037 22.891970023971037
177 1 20 1.0 43.57075425423803 43.57075425423803
178 2 37 9.541850352986048 182.69988024795316 1743.2949168344405
179 1 17 1.0 35.503281577765854 35.503281577765854
180 1 10 1.0 18.1937008646705 18.1937008646705
181 1 5 1.0 7.59708563275366 7.59708563275366
182 1 27 1.0 63.59241768810072 63.59241768810072
183 1 10 1.0 18.1937008646705 18.1937008646705
184 1 6 1.0 9.55892689827884 9.55892689827884
185 1 11 1.0 20.51504931294799 20.51504931294799
186 0 100 0.0 0.0 0.0
187 1 18 1.0 38.15436697768484 38.15436697768484
188 1 18 1.0 38.15436697768484 38.15436697768484
189 2 14 9.541850352986048 44.97826169706515 429.17584225083993
190 1 6 1.0 9.55892689827884 9.55892689827884
191 2 21 9.541850352986048 80.71796600694597 770.1987524356932
192 1 17 1.0 35.503281577765854 35.503281577765854
193 2 16 9.541850352986048 54.53075711894446 520.3243240639966
194 1 10 1.0 18.1937008646705 18.1937008646705
195 2 27 9.541850352986048 115.98017876588344 1106.66550969663
196 2 15 9.541850352986048 49.68406405407534 474.0779041321602
197 1 9 1.0 15.931997307697284 15.931997307697284
198 3 31 32.9215577265747 233.0178128969552 7671.309378607293
199 1 20 1.0 43.57075425423803 43.57075425423803
