0 1 15 1.0 30.323695983612147 30.323695983612147
1 0 5 0.0 5.0 0.0
2 0 100 0.0 0.0 0.0
3 1 9 1.0 15.931997307697284 15.931997307697284
4 2 32 9.541850352986048 148.1842032776824 1413.95149235211
5 0 6 0.0 6.0 0.0
6 0 5 0.0 5.0 0.0
7 0 100 0.0 0.0 0.0
8 1 24 1.0 54.8222930413608 54.8222930413608
9 0 100 0.0 0.0 0.0
10 0 9 0.0 9.0 0.0
11 1 8 1.0 13.734791927877684 13.734791927877684
12 0 100 0.0 0.0 0.0
13 1 109 1.0 15.931997307697284 15.931997307697284
14 2 39 9.541850352986048 197.11162840858907 1880.8096611081503
15 0 7 0.0 7.0 0.0
16 0 100 0.0 0.0 0.0
17 1 106 1.0 9.55892689827884 9.55892689827884
18 1 104 1.0 5.735193251789799 5.735193251789799
19 0 100 0.0 0.0 0.0
20 1 19 1.0 40.84402933782601 40.84402933782601
21 0 100 0.0 0.0 0.0
22 0 7 0.0 7.0 0.0
23 1 14 1.0 27.799106543625292 27.799106543625292
24 2 14 9.541850352986048 44.97826169706515 429.17584225083993
25 1 8 1.0 13.734791927877684 13.734791927877684
26 0 100 0.0 0.0 0.0
27 1 15 1.0 30.323695983612147 30.323695983612147
28 2 35 9.541850352986048 168.62869283493262 1609.0297522505775
29 1 110 1.0 18.1937008646705 18.1937008646705
30 0 100 0.0 0.0 0.0
31 2 22 9.541850352986048 86.31942417916456 823.6470280735138
32 2 39 9.541850352986048 197.11162840858907 1880.8096611081503
33 0 6 0.0 6.0 0.0
34 0 5 0.0 5.0 0.0
35 0 6 0.0 6.0 0.0
36 0 5 0.0 5.0 0.0
37 2 19 9.541850352986048 69.8685662777562 666.6754038000371
38 0 9 0.0 9.0 0.0
39 0 10 0.0 10.0 0.0
40 0 5 0.0 5.0 0.0
41 2 64 9.541850352986048 402.6820690045564 3842.3320422722786
42 0 100 0.0 0.0 0.0
43 1 7 1.0 11.607984241186918 11.607984241186918
44 0 100 0.0 0.0 0.0
45 3 41 32.9215577265747 363.1907597716439 11956.805563580698
46 0 5 0.0 5.0 0.0
47 1 9 1.0 15.931997307697284 15.931997307697284
48 0 100 0.0 0.0 0.0
49 0 8 0.0 8.0 0.0
50 0 100 0.0 0.0 0.0
51 0 100 0.0 0.0 0.0
52 1 104 1.0 5.735193251789799 5.735193251789799
53 0 5 0.0 5.0 0.0
54 1 42 1.0 110.9598727978785 110.9598727978785
55 1 23 1.0 51.960050539976365 51.960050539976365
56 0 100 0.0 0.0 0.0
57 0 100 0.0 0.0 0.0
58 0 100 0.0 0.0 0.0
59 0 10 0.0 10.0 0.0
60 1 18 1.0 38.15436697768484 38.15436697768484
61 0 9 0.0 9.0 0.0
62 1 56 1.0 159.43324825478544 159.43324825478544
63 0 100 0.0 0.0 0.0
64 0 5 0.0 5.0 0.0
65 2 21 9.541850352986048 80.71796600694597 770.1987524356932
66 2 24 9.541850352986048 97.86086952638261 933.7737724338355
67 1 15 1.0 30.323695983612147 30.323695983612147
68 1 10 1.0 18.1937008646705 18.1937008646705
69 1 9 1.0 15.931997307697284 15.931997307697284
70 1 37 1.0 94.5824071263594 94.5824071263594
71 0 100 0.0 0.0 0.0
72 1 12 1.0 22.891970023971037 22.891970023971037
73 0 100 0.0 0.0 0.0
74 0 100 0.0 0.0 0.0
75 1 7 1.0 11.607984241186918 11.607984241186918
76 2 34 9.541850352986048 161.72412498062124 1543.1473990327004
77 0 10 0.0 10.0 0.0
78 0 6 0.0 6.0 0.0
79 1 8 1.0 13.734791927877684 13.734791927877684
80 1 5 1.0 7.59708563275366 7.59708563275366
81 1 22 1.0 49.12998068819353 49.12998068819353
82 1 12 1.0 22.891970023971037 22.891970023971037
83 3 43 32.9215577265747 391.71440685113555 12895.848457480626
84 0 100 0.0 0.0 0.0
85 2 26 9.541850352986048 109.8359986590007 1048.0386625749609
86 0 100 0.0 0.0 0.0
87 2 10 9.541850352986048 27.685321443873434 264.16919419175593
88 0 100 0.0 0.0 0.0
89 0 100 0.0 0.0 0.0
90 2 26 9.541850352986048 109.8359986590007 1048.0386625749609
91 0 100 0.0 0.0 0.0
92 1 20 1.0 43.57075425423803 43.57075425423803
93 0 100 0.0 0.0 0.0
94 2 15 9.541850352986048 49.68406405407534 474.0779041321602
95 0 100 0.0 0.0 0.0
96 1 15 1.0 30.323695983612147 30.323695983612147
97 1 12 1.0 22.891970023971037 22.891970023971037
98 0 100 0.0 0.0 0.0
99 0 100 0.0 0.0 0.0
100 1 10 1.0 18.1937008646705 18.1937008646705
101 0 100 0.0 0.0 0.0
102 3 43 32.9215577265747 391.71440685113555 12895.848457480626
103 1 26 1.0 60.63937356224698 60.63937356224698
104 1 104 1.0 5.735193251789799 5.735193251789799
105 0 5 0.0 5.0 0.0
106 1 25 1.0 57.71571011139208 57.71571011139208
107 0 100 0.0 0.0 0.0
108 0 100 0.0 0.0 0.0
109 1 30 1.0 72.61998620345668 72.61998620345668
110 1 12 1.0 22.891970023971037 22.891970023971037
111 0 100 0.0 0.0 0.0
112 2 20 9.541850352986048 75.23327232919837 717.8646261306569
113 0 100 0.0 0.0 0.0
114 1 18 1.0 38.15436697768484 38.15436697768484
115 0 10 0.0 10.0 0.0
116 2 17 9.541850352986048 59.51335422080222 567.8675199791454
117 0 5 0.0 5.0 0.0
118 4 41 75.61186198841948 572.5607883495287 43292.38730866522
119 1 20 1.0 43.57075425423803 43.57075425423803
120 2 13 9.541850352986048 40.41888428935346 385.6709453236695
121 0 10 0.0 10.0 0.0
122 1 11 1.0 20.51504931294799 20.51504931294799
123 0 100 0.0 0.0 0.0
124 0 100 0.0 0.0 0.0
125 1 14 1.0 27.799106543625292 27.799106543625292
126 0 100 0.0 0.0 0.0
127 1 104 1.0 5.735193251789799 5.735193251789799
128 1 19 1.0 40.84402933782601 40.84402933782601
129 1 13 1.0 25.320989780782124 25.320989780782124
130 0 100 0.0 0.0 0.0
131 1 10 1.0 18.1937008646705 18.1937008646705
132 2 44 9.541850352986048 234.56808185291177 2238.2135346274663
133 2 48 9.541850352986048 265.93129728965954 2537.4766429133756
134 2 40 9.541850352986048 204.4421003683832 1950.7559275652661
135 2 37 9.541850352986048 182.69988024795316 1743.2949168344405
136 2 35 9.541850352986048 168.62869283493262 1609.0297522505775
137 2 13 9.541850352986048 40.41888428935346 385.6709453236695
138 2 43 9.541850352986048 226.91812071099523 2165.21875020514
139 3 41 32.9215577265747 363.1907597716439 11956.805563580698
140 2 25 9.541850352986048 103.79546451213633 990.4007896934788
141 3 60 32.9215577265747 664.7206420100937 21883.638987981092
142 1 14 1.0 27.799106543625292 27.799106543625292
143 1 114 1.0 27.799106543625292 27.799106543625292
144 1 31 1.0 75.68293941204132 75.68293941204132
145 2 53 9.541850352986048 306.7864203576611 2927.3101133810746
146 0 10 0.0 10.0 0.0
147 2 31 9.541850352986048 141.5519192260369 1350.6672304328126
148 2 45 9.541850352986048 242.29532664846576 2311.945748107533
149 1 112 1.0 22.891970023971037 22.891970023971037
150 0 100 0.0 0.0 0.0
151 2 41 9.541850352986048 211.85407612585806 2021.4798910630518
152 1 28 1.0 66.57403288693754 66.57403288693754
153 2 46 9.541850352986048 250.0988923255542 2386.406204018009
154 1 12 1.0 22.891970023971037 22.891970023971037
155 2 38 9.541850352986048 189.8638195218893 1811.6521533242187
156 1 16 1.0 32.892441635375256 32.892441635375256
157 1 16 1.0 32.892441635375256 32.892441635375256
158 1 11 1.0 20.51504931294799 20.51504931294799
159 1 7 1.0 11.607984241186918 11.607984241186918
160 1 106 1.0 9.55892689827884 9.55892689827884
161 1 15 1.0 30.323695983612147 30.323695983612147
162 1 104 1.0 5.735193251789799 5.735193251789799
163 1 11 1.0 20.51504931294799 20.51504931294799
164 0 100 0.0 0.0 0.0
165 1 13 1.0 25.320989780782124 25.320989780782124
166 4 61 75.61186198841948 1129.4605717070829 85400.6168692773
167 2 30 9.541850352986048 135.01359299654277 1288.2794999919763
168 1 11 1.0 20.51504931294799 20.51504931294799
169 2 16 9.541850352986048 54.53075711894446 520.3243240639966
170 1 7 1.0 11.607984241186918 11.607984241186918
171 1 10 1.0 18.1937008646705 18.1937008646705
172 0 100 0.0 0.0 0.0
173 1 15 1.0 30.323695983612147 30.323695983612147
174 2 20 9.541850352986048 75.23327232919837 717.8646261306569
175 1 9 1.0 15.931997307697284 15.931997307697284
176 0 100 0.0 0.0 0.0
177 1 10 1.0 18.1937008646705 18.1937008646705
178 2 19 9.541850352986048 69.8685662777562 666.6754038000371
179 1 19 1.0 40.84402933782601 40.84402933782601
180 1 26 1.0 60.63937356224698 60.63937356224698
181 1 10 1.0 18.1937008646705 18.1937008646705
182 3 46 32.9215577265747 435.9769523615719 14353.040404627594
183 2 19 9.541850352986048 69.8685662777562 666.6754038000371
184 2 25 9.541850352986048 103.79546451213633 990.4007896934788
185 2 27 9.541850352986048 115.98017876588344 1106.66550969663
186 3 31 32.9215577265747 233.0178128969552 7671.309378607293
187 1 6 1.0 9.55892689827884 9.55892689827884
188 1 20 1.0 43.57075425423803 43.57075425423803
189 2 39 9.541850352986048 197.11162840858907 1880.8096611081503
190 2 23 9.541850352986048 92.0346545141889 878.1809006631623
191 0 100 0.0 0.0 0.0
192 1 114 1.0 27.799106543625292 27.799106543625292
193 3 31 32.9215577265747 233.0178128969552 7671.309378607293
194 2 33 9.541850352986048 154.90879557685506 1478.1165457556579
195 4 25 75.61186198841948 245.72185754407212 18579.487180160453
196 1 10 1.0 18.1937008646705 18.1937008646705
197 1 20 1.0 43.57075425423803 43.57075425423803
198 4 25 75.61186198841948 245.72185754407212 18579.487180160453
199 2 30 9.541850352986048 135.01359299654277 1288.2794999919763
