0 8 93 459.67273235884244 12433.962042190109 5715553.30597966
1 0 5 0.0 5.0 0.0
2 0 9 0.0 9.0 0.0
3 0 100 0.0 0.0 0.0
4 0 100 0.0 0.0 0.0
5 7 85 332.66880679862265 7225.0 2403532.1291200486
6 0 5 0.0 5.0 0.0
7 1 102 1.0 2.3948263510722025 2.3948263510722025
8 2 57 9.541850352986048 340.72951581223015 3251.1900507256933
9 0 10 0.0 10.0 0.0
10 1 18 1.0 38.15436697768484 38.15436697768484
11 0 100 0.0 0.0 0.0
12 5 90 139.6884681067044 3557.085524945249 496883.82790413423
13 0 100 0.0 0.0 0.0
14 2 15 9.541850352986048 49.68406405407534 474.0779041321602
15 0 100 0.0 0.0 0.0
16 4 22 75.61186198841948 197.47425973648444 14931.396473460363
17 0 5 0.0 5.0 0.0
18 1 11 1.0 20.51504931294799 20.51504931294799
19 0 100 0.0 0.0 0.0
20 3 33 32.9215577265747 257.33012181535685 8471.708460130769
21 0 6 0.0 6.0 0.0
22 1 11 1.0 20.51504931294799 20.51504931294799
23 4 54 75.61186198841948 916.9626779842689 69333.25545627807
24 3 32 32.9215577265747 245.06238675558936 8067.83551218631
25 1 7 1.0 11.607984241186918 11.607984241186918
26 0 5 0.0 5.0 0.0
27 3 39 32.9215577265747 335.47304520277595 11044.29522335299
28 0 100 0.0 0.0 0.0
29 1 103 1.0 3.9914906122521803 3.9914906122521803
30 1 102 1.0 2.3948263510722025 2.3948263510722025
31 0 100 0.0 0.0 0.0
32 1 6 1.0 9.55892689827884 9.55892689827884
33 0 100 0.0 0.0 0.0
34 0 100 0.0 0.0 0.0
35 2 13 9.541850352986048 40.41888428935346 385.6709453236695
36 0 100 0.0 0.0 0.0
37 6 164 225.58275470837765 2851.6616420490063 643285.6887096304
38 3 137 32.9215577265747 308.57807572808247 10158.870933237406
39 0 100 0.0 0.0 0.0
40 0 5 0.0 5.0 0.0
41 2 131 9.541850352986048 141.5519192260369 1350.6672304328126
42 4 32 75.61186198841948 374.7746947170294 28337.41249369607
43 1 11 1.0 20.51504931294799 20.51504931294799
44 0 100 0.0 0.0 0.0
45 0 100 0.0 0.0 0.0
46 0 6 0.0 6.0 0.0
47 0 100 0.0 0.0 0.0
48 5 49 139.6884681067044 1178.39286145179 164607.89364407648
49 0 100 0.0 0.0 0.0
50 1 19 1.0 40.84402933782601 40.84402933782601
51 4 52 75.61186198841948 859.6554919481086 65000.15241476724
52 0 100 0.0 0.0 0.0
53 2 61 9.541850352986048 375.74324992186104 3585.2858618990344
54 0 100 0.0 0.0 0.0
55 0 100 0.0 0.0 0.0
56 6 71 225.58275470837765 3478.001961782023 784577.2634199304
57 2 41 9.541850352986048 211.85407612585806 2021.4798910630518
58 1 18 1.0 38.15436697768484 38.15436697768484
59 0 100 0.0 0.0 0.0
60 1 106 1.0 9.55892689827884 9.55892689827884
61 1 103 1.0 3.9914906122521803 3.9914906122521803
62 0 18 0.0 18.0 0.0
63 5 63 139.6884681067044 1860.4532693243248 259883.86717602485
64 1 9 1.0 15.931997307697284 15.931997307697284
65 2 124 9.541850352986048 97.86086952638261 933.7737724338355
66 0 100 0.0 0.0 0.0
67 1 101 1.0 1.0 1.0
68 0 100 0.0 0.0 0.0
69 0 100 0.0 0.0 0.0
70 0 100 0.0 0.0 0.0
71 6 95 225.58275470837765 6070.84515091352 1369477.9725510685
72 4 41 75.61186198841948 572.5607883495287 43292.38730866522
73 1 107 1.0 11.607984241186918 11.607984241186918
74 2 34 9.541850352986048 161.72412498062124 1543.1473990327004
75 1 13 1.0 25.320989780782124 25.320989780782124
76 0 10 0.0 10.0 0.0
77 0 100 0.0 0.0 0.0
78 3 37 32.9215577265747 308.57807572808247 10158.870933237406
79 0 100 0.0 0.0 0.0
80 0 100 0.0 0.0 0.0
81 0 100 0.0 0.0 0.0
82 0 100 0.0 0.0 0.0
83 8 116 459.67273235884244 19689.9977613532 9050955.071100716
84 1 106 1.0 9.55892689827884 9.55892689827884
85 0 100 0.0 0.0 0.0
86 0 100 0.0 0.0 0.0
87 5 139 139.6884681067044 778.3165439750189 108721.84572997481
88 1 23 1.0 51.960050539976365 51.960050539976365
89 0 100 0.0 0.0 0.0
90 0 100 0.0 0.0 0.0
91 0 100 0.0 0.0 0.0
92 3 38 32.9215577265747 321.92161897300775 10598.16116245226
93 0 100 0.0 0.0 0.0
94 3 86 32.9215577265747 1177.1312153238637 38752.99325703761
95 12 132 1131.8354418063404 96867.71209580435 109638309.71672411
96 0 100 0.0 0.0 0.0
97 0 100 0.0 0.0 0.0
98 0 100 0.0 0.0 0.0
99 0 100 0.0 0.0 0.0
100 3 38 32.9215577265747 321.92161897300775 10598.16116245226
101 2 122 9.541850352986048 86.31942417916456 823.6470280735138
102 1 100 1.0 0.0 0.0
103 2 11 9.541850352986048 31.76494829034237 303.0963830567869
104 6 104 225.58275470837765 7218.483555423629 1628365.4052495863
105 5 57 139.6884681067044 1551.0877169304622 216669.0670771418
106 4 25 75.61186198841948 245.72185754407212 18579.487180160453
107 3 57 32.9215577265747 612.7419199112477 20172.41848785035
108 3 34 32.9215577265747 269.81820202916316 8882.83551378369
109 4 95 75.61186198841948 2409.1275506493207 182158.6198721955
110 4 42 75.61186198841948 596.6466987883373 45113.56784462985
111 7 82 332.66880679862265 6724.0 2236865.056913939
112 7 108 332.66880679862265 11664.0 3880248.9624991347
113 1 107 1.0 11.607984241186918 11.607984241186918
114 8 63 459.67273235884244 5530.688121770416 2542306.520758801
115 1 114 1.0 27.799106543625292 27.799106543625292
116 9 161 604.9491004987461 56814.89680416015 34370120.71660577
117 5 68 139.6884681067044 2137.419079796989 298572.7969588832
118 4 45 75.61186198841948 671.3571728121805 50762.565895610074
119 5 53 139.6884681067044 1358.9929081032851 189835.63750082318
120 0 100 0.0 0.0 0.0
121 12 113 1131.8354418063404 67216.29353544899 76077783.29027957
122 0 100 0.0 0.0 0.0
123 7 107 332.66880679862265 11449.0 3808725.1690374305
124 3 25 32.9215577265747 165.61186212092687 5452.200479019623
125 1 6 1.0 9.55892689827884 9.55892689827884
126 3 118 32.9215577265747 98.31525163284788 3236.6912320335186
127 2 26 9.541850352986048 109.8359986590007 1048.0386625749609
128 0 100 0.0 0.0 0.0
129 12 125 1131.8354418063404 85219.1603028128 96454065.95169948
130 4 39 75.61186198841948 525.6324972119714 39744.05183581987
131 6 101 225.58275470837765 6825.411756924657 1539695.1861460118
132 6 125 225.58275470837765 10262.29633791766 2314997.077541162
133 1 104 1.0 5.735193251789799 5.735193251789799
134 8 87 459.67273235884244 10823.372908066605 4975209.3979896465
135 10 152 766.6651705632711 71183.06768899111 54573578.73099724
136 6 160 225.58275470837765 2520.4667612931225 568573.8351634055
137 7 95 332.66880679862265 9025.0 3002335.9813575693
138 13 142 1331.5823725933528 153929.2323320465 204969452.4001799
139 4 145 75.61186198841948 671.3571728121805 50762.565895610074
140 6 215 225.58275470837765 8749.296958158795 1973690.5095830902
141 5 47 139.6884681067044 1092.4547337912052 152603.328239211
142 5 99 139.6884681067044 4229.702363015084 590840.6436368847
143 5 66 139.6884681067044 2024.56047903646 282807.7519059787
144 1 15 1.0 30.323695983612147 30.323695983612147
145 9 107 604.9491004987461 23559.974173081857 14252585.18377956
146 2 19 9.541850352986048 69.8685662777562 666.6754038000371
147 6 90 225.58275470837765 5474.33581455389 1234915.7532457968
148 5 109 139.6884681067044 5037.901195841188 703736.7005199897
149 9 66 604.9491004987461 8319.334274072155 5032773.785848339
150 4 101 75.61186198841948 2675.1081136005973 202269.90548966953
151 4 69 75.61186198841948 1394.4010936602072 105433.26305033677
152 5 176 139.6884681067044 2616.164871066153 365448.0631538047
153 6 77 225.58275470837765 4061.8785529685815 916289.7532695315
154 8 119 459.67273235884244 20764.03051150532 9544658.640006023
155 0 100 0.0 0.0 0.0
156 5 146 139.6884681067044 1050.58572833688 146754.71100614508
157 3 33 32.9215577265747 257.33012181535685 8471.708460130769
158 2 18 9.541850352986048 64.62733255388774 616.6643359418604
159 10 113 766.6651705632711 36813.370582561554 28223529.036688462
160 5 77 139.6884681067044 2679.0520099722326 374232.6712512085
161 10 142 766.6651705632711 61185.206070824126 46908566.44823727
162 11 148 942.9223974109915 93037.70552118453 87727336.33965315
163 5 79 139.6884681067044 2806.8374672292675 392082.8260217585
164 13 188 1331.5823725933528 302721.97485228034 403099245.50994474
165 6 75 225.58275470837765 3862.4525781644106 871302.6925128031
166 11 125 942.9223974109915 63201.22767677458 59593853.12030219
167 6 55 225.58275470837765 2133.9982456992793 481393.20280768874
168 6 60 225.58275470837765 2520.4667612931225 568573.8351634055
169 5 82 139.6884681067044 3003.520233876968 419557.14039776416
170 4 70 75.61186198841948 1429.1350405139644 108059.56144615616
171 4 83 75.61186198841948 1912.3940233356846 144599.67295993603
172 5 193 139.6884681067044 3775.468945982596 527389.4734487426
173 1 105 1.0 7.59708563275366 7.59708563275366
174 3 20 32.9215577265747 116.21344721391306 3825.92771105708
175 8 160 459.67273235884244 38437.428033367876 17668637.56894458
176 3 24 32.9215577265747 155.22039240905832 5110.09710903639
177 9 149 604.9491004987461 48082.59347517662 29087521.672454976
178 4 65 75.61186198841948 1259.0362466163215 95198.07491757096
179 1 58 1.0 166.64030394051025 166.64030394051025
180 5 77 139.6884681067044 2679.0520099722326 374232.6712512085
181 5 99 139.6884681067044 4229.702363015084 590840.6436368847
182 7 188 332.66880679862265 7744.0 2576187.2398485336
183 6 47 225.58275470837765 1579.8219117523295 356380.57880174596
184 7 84 332.66880679862265 7056.0 2347311.1007710816
185 6 101 225.58275470837765 6825.411756924657 1539695.1861460118
186 11 99 942.9223974109915 37056.47122356453 34941376.68571488
187 6 110 225.58275470837765 8036.070233330496 1812798.8602646885
188 2 33 9.541850352986048 154.90879557685506 1478.1165457556579
189 2 28 9.541850352986048 122.22584512913716 1166.2607234894754
190 8 100 459.67273235884244 14459.978462742583 6646857.809818897
191 4 77 75.61186198841948 1682.1075637745857 127187.28496180048
192 8 163 459.67273235884244 5530.688121770416 2542306.520758801
193 4 63 75.61186198841948 1193.5182370479756 90244.13622033325
194 6 180 225.58275470837765 4369.987349380403 985793.784313993
195 11 144 942.9223974109915 87380.91148351728 82393418.54399575
196 6 53 225.58275470837765 1988.0215081420156 448463.36822617933
197 4 103 75.61186198841948 2766.3252371383346 209167.00204558554
198 10 101 766.6651705632711 28679.450792418193 21987536.033430234
199 10 176 766.6651705632711 98622.37714481588 75610341.59508552
