0 0 18 0.0 18.0 0.0
1 1 31 1.0 75.68293941204132 75.68293941204132
2 0 10 0.0 10.0 0.0
3 1 19 1.0 40.84402933782601 40.84402933782601
4 0 100 0.0 0.0 0.0
5 0 100 0.0 0.0 0.0
6 0 10 0.0 10.0 0.0
7 1 12 1.0 22.891970023971037 22.891970023971037
8 1 101 1.0 1.0 1.0
9 34 993 5933.442745663244 6356524424.82856 37716073736130.24
10 1 100 1.0 0.0 0.0
11 1 20 1.0 43.57075425423803 43.57075425423803
12 0 100 0.0 0.0 0.0
13 2 72 9.541850352986048 477.2401734727425 4553.754317710011
14 44 1158 7528.2761260995885 78937698829.45782 594264793547046.8
15 0 100 0.0 0.0 0.0
16 2 143 9.541850352986048 226.91812071099523 2165.21875020514
17 12 211 1131.8354418063404 291854.20919927256 330330937.81209874
18 0 10 0.0 10.0 0.0
19 1 105 1.0 7.59708563275366 7.59708563275366
20 0 100 0.0 0.0 0.0
21 5 125 139.6884681067044 6461.574648467654 902607.4642015635
22 45 1486 7658.1450374688 232003876741.43942 1776719337340977.5
23 17 213 2206.0678959513543 1264971.6959148287 2790613447.6448426
24 3 145 32.9215577265747 421.0282951259743 13860.907322511091
25 5 89 139.6884681067044 3485.593399577667 486897.20242984424
26 0 5 0.0 5.0 0.0
27 1 18 1.0 38.15436697768484 38.15436697768484
28 0 10 0.0 10.0 0.0
29 0 10 0.0 10.0 0.0
30 1 30 1.0 72.61998620345668 72.61998620345668
31 38 1048 6636.579650383532 17485729019.990044 116045433386186.7
32 2 38 9.541850352986048 189.8638195218893 1811.6521533242187
33 0 6 0.0 6.0 0.0
34 0 100 0.0 0.0 0.0
35 33 803 5744.298091538941 2571288218.059359 14770246003794.94
36 1 105 1.0 7.59708563275366 7.59708563275366
37 0 100 0.0 0.0 0.0
38 0 18 0.0 18.0 0.0
39 1 76 1.0 234.2484014342043 234.2484014342043
40 26 561 4285.277943143774 97972181.0 419838026280.9895
41 1 16 1.0 32.892441635375256 32.892441635375256
42 8 256 459.67273235884244 102174.1406895646 46966666.42718895
43 0 100 0.0 0.0 0.0
44 0 100 0.0 0.0 0.0
45 0 100 0.0 0.0 0.0
46 0 100 0.0 0.0 0.0
47 0 100 0.0 0.0 0.0
48 37 948 6468.923834840442 10184891830.149944 65885289515328.67
49 0 100 0.0 0.0 0.0
50 0 100 0.0 0.0 0.0
51 0 100 0.0 0.0 0.0
52 0 100 0.0 0.0 0.0
53 1 108 1.0 13.734791927877684 13.734791927877684
54 5 194 139.6884681067044 3849.5614363989175 537739.3399332094
55 0 100 0.0 0.0 0.0
56 36 776 6295.82243666837 4262460582.216773 26835694968934.883
57 0 5 0.0 5.0 0.0
58 9 229 604.9491004987461 121370.02067494407 73422684.83482164
59 0 9 0.0 9.0 0.0
60 53 1312 8516.089422990353 609609059972.7672 5191485267793175.0
61 0 100 0.0 0.0 0.0
62 0 100 0.0 0.0 0.0
63 1 103 1.0 3.9914906122521803 3.9914906122521803
64 0 100 0.0 0.0 0.0
65 0 5 0.0 5.0 0.0
66 0 100 0.0 0.0 0.0
67 0 100 0.0 0.0 0.0
68 0 9 0.0 9.0 0.0
69 1 26 1.0 60.63937356224698 60.63937356224698
70 1 6 1.0 9.55892689827884 9.55892689827884
71 0 100 0.0 0.0 0.0
72 0 100 0.0 0.0 0.0
73 2 19 9.541850352986048 69.8685662777562 666.6754038000371
74 1 112 1.0 22.891970023971037 22.891970023971037
75 25 746 4060.496712466729 211496305.75282028 858780054208.1849
76 0 100 0.0 0.0 0.0
77 0 100 0.0 0.0 0.0
78 1 11 1.0 20.51504931294799 20.51504931294799
79 0 100 0.0 0.0 0.0
80 1 101 1.0 1.0 1.0
81 1 111 1.0 20.51504931294799 20.51504931294799
82 1 107 1.0 11.607984241186918 11.607984241186918
83 0 100 0.0 0.0 0.0
84 0 100 0.0 0.0 0.0
85 0 100 0.0 0.0 0.0
86 1 113 1.0 25.320989780782124 25.320989780782124
87 1 108 1.0 13.734791927877684 13.734791927877684
88 1 27 1.0 63.59241768810072 63.59241768810072
89 36 732 6295.82243666837 3509024646.3725567 22092196099454.633
90 0 100 0.0 0.0 0.0
91 1 115 1.0 30.323695983612147 30.323695983612147
92 27 472 4506.6139001521815 131723355.24445483 593626303719.3439
93 1 115 1.0 30.323695983612147 30.323695983612147
94 0 100 0.0 0.0 0.0
95 0 10 0.0 10.0 0.0
96 3 171 32.9215577265747 868.3392862126454 28587.081937302275
97 0 100 0.0 0.0 0.0
98 3 134 32.9215577265747 269.81820202916316 8882.83551378369
99 2 28 9.541850352986048 122.22584512913716 1166.2607234894754
100 29 698 4937.473672561782 686309501.4310902 3388635094545.0107
101 8 354 459.67273235884244 100520.74787145162 46206646.83282446
102 30 776 5146.386239304723 1197169652.588384 6161097426194.075
103 35 790 6117.310290426031 3696186273.5386286 22610718326449.297
104 20 464 2902.6872563902634 22736359.277269024 65996540330.83934
105 23 536 3602.4235623004615 74520110.5444866 268453002090.6936
106 14 433 1540.4353185285338 3177885.7809649683 4895327495.248069
107 48 1173 8016.77096497358 170411830497.92368 1366152614823753.8
108 34 645 5933.442745663244 1549730316.5971506 9195236104747.766
109 3 71 32.9215577265747 868.3392862126454 28587.081937302275
110 33 818 5744.298091538941 2730171801.735185 15682920670280.855
111 19 475 2668.9360872348193 18435897.641202144 49204232515.171684
112 33 647 5744.298091538941 1277140507.895885 7336275782133.405
113 46 1128 7782.801884860074 103574461366.77728 806099513148721.1
114 41 990 7106.788070274764 25876632307.243137 183899741780002.1
115 34 810 5933.442745663244 3264730668.3501763 19371092500666.668
116 47 1271 7902.318130854768 191079284380.96304 1509969293394438.5
117 37 1046 6468.923834840442 14177226029.875038 91711395376578.97
118 19 395 2668.9360872348193 11175035.194513367 29825454706.755905
119 17 289 2206.0678959513543 2814341.815191647 6208629126.727752
120 0 100 0.0 0.0 0.0
121 17 416 2206.0678959513543 7310823.629638362 16128173302.307743
122 51 1204 8330.590095344352 315117652448.30914 2625115994354048.0
123 45 1583 7658.1450374688 230330022427.86932 1763900718236065.0
124 20 617 2902.6872563902634 49909727.42670992 144872329771.42252
125 60 1363 9028.149747574074 2182398763620.8276 1.9703022846889348e+16
126 49 1213 8126.242482129881 229636187430.04724 1866079341728389.8
127 1 112 1.0 22.891970023971037 22.891970023971037
128 23 554 3602.4235623004615 81969362.71979353 295288363648.53723
129 37 611 6468.923834840442 2325958871.852123 15046450784982.783
130 40 1092 6955.50474228233 29953783173.957016 208343680915754.7
131 29 835 4937.473672561782 1197730720.3498812 5913763898545.997
132 27 564 4506.6139001521815 226205825.78516078 1019422318778.8083
133 26 707 4285.277943143774 353393243.0 1514388269483.9478
134 22 582 3370.209833397988 72958043.29550233 245883914939.97812
135 28 614 4724.12231882448 213273847.76072326 1007531744228.0072
136 33 825 5744.298091538941 2806587777.8204317 16121876815870.422
137 19 566 2668.9360872348193 29668351.522795606 79182934027.9573
138 20 498 2902.6872563902634 27634476.572861243 80214242985.05962
139 24 776 3832.71054120725 281842792.9897068 1080221843654.9421
140 40 770 6955.50474228233 8979395130.748095 62456225414745.234
141 16 493 1979.1134619514044 4687203.43986203 9276507426.735872
142 24 777 3832.71054120725 189099977.34718966 724765476520.626
143 67 1799 9352.808382083527 19315882494651.586 1.8065774770331782e+17
144 34 976 5933.442745663244 6007428140.424415 35644730919894.48
145 17 373 2206.0678959513543 5492673.566696645 12117210818.430088
146 49 1086 8126.242482129881 152789215407.66226 1241602213057038.5
147 22 482 3370.209833397988 42680438.962600656 143842035085.49936
148 20 744 2902.6872563902634 83647313.27440606 242801990272.9026
149 22 567 3370.209833397988 67736684.81183192 228286841234.6161
150 31 733 5350.621552679651 1247780305.7334054 6676400196866.363
151 29 639 4937.473672561782 521607061.1667365 2575421131933.0845
152 27 718 4506.6139001521815 298596576.4908684 1345659482151.6016
153 46 1188 7782.801884860074 124875650235.63223 971882446027005.9
154 48 1326 8016.77096497358 266895559000.83887 2139640568078318.0
155 1 111 1.0 20.51504931294799 20.51504931294799
156 26 452 4285.277943143774 92345408.0 395725740053.0126
157 31 741 5350.621552679651 1291531148.130583 6910494397144.593
158 42 1052 7252.650449022947 38665540129.56847 280427646982429.53
159 41 1189 7106.788070274764 36040418993.46772 256131619750480.44
160 20 788 2902.6872563902634 98015827.0824783 284509292196.8614
161 29 704 4937.473672561782 704807196.046661 3479966974712.4795
162 46 1127 7782.801884860074 103243477161.83934 803523528654671.2
163 43 1054 7393.130324549447 46954834977.8983 347143214359315.0
164 38 862 6636.579650383532 9014171798.684921 59823269124213.47
165 47 1223 7902.318130854768 166131653602.45264 1312825178371545.2
166 21 525 3136.7198300107975 23165898.984535787 72664934724.8204
167 25 881 4060.496712466729 371079801.0947001 1506768312407.8374
168 18 558 2436.3877014920204 12596730.226286616 30690518602.337505
169 21 622 3136.7198300107975 67345803.60507077 211244917636.03815
170 39 614 6798.773358825962 3430849756.414247 23325569922043.723
171 41 929 7106.788070274764 20744439465.993374 147426334921458.72
172 26 685 4285.277943143774 321419125.0 1377370286867.0715
173 42 980 7252.650449022947 30161687206.495613 218752174261480.1
174 45 1388 7658.1450374688 181690360440.73804 1391411132165155.5
175 29 827 4937.473672561782 1162433067.0384476 5739482664617.58
176 21 534 3136.7198300107975 43921572.262482144 137769666680.97995
177 25 736 4060.496712466729 311253507.0737733 1263843842216.7964
178 23 777 3602.4235623004615 146160689.21783483 526532710720.4032
179 23 802 3602.4235623004615 162276993.83249694 584590466201.4736
180 25 562 4060.496712466729 139985490.7109734 568410624824.9493
181 46 1079 7782.801884860074 88236219256.67055 686725013543742.2
182 36 808 6295.82243666837 4876853033.475998 30703800748492.387
183 45 1252 7658.1450374688 125563842016.71118 961586113625793.1
184 56 1331 8760.68123103637 1055365227491.6503 9245718340374528.0
185 39 1135 6798.773358825962 20462135565.48994 139117422147338.22
186 20 597 2902.6872563902634 45572483.37396372 132282666731.66165
187 57 1440 8833.632285946418 1681247274430.2683 1.4851520204066636e+16
188 45 903 7658.1450374688 38937736439.024475 298190833080783.4
189 39 992 6798.773358825962 17698064218.75175 120325127513240.4
190 54 1285 8602.009448624298 665289699801.4464 5722828283764465.0
191 45 1068 7658.1450374688 71042098119.19781 544050691162906.3
192 52 1469 8425.648590871551 787478771012.7032 6635019397324444.0
193 51 1135 8330.590095344352 252816920614.6173 2106114134807590.5
194 54 1337 8602.009448624298 773622563507.5874 6654708600961218.0
195 20 556 2902.6872563902634 37450119.554959804 108705984782.47363
196 35 1105 6117.310290426031 8183402737.036412 50060413773973.39
197 41 1144 7106.788070274764 42773063100.02772 303979094568386.7
198 32 954 5549.980220652734 2527852662.2293296 14029532276097.135
199 33 740 5744.298091538941 1973317374.943853 11335323230890.607
