0 0 6 0.0 6.0 0.0
1 0 100 0.0 0.0 0.0
2 0 100 0.0 0.0 0.0
3 0 5 0.0 5.0 0.0
4 0 100 0.0 0.0 0.0
5 2 121 9.541850352986048 80.71796600694597 770.1987524356932
6 1 16 1.0 32.892441635375256 32.892441635375256
7 0 100 0.0 0.0 0.0
8 0 100 0.0 0.0 0.0
9 0 6 0.0 6.0 0.0
10 0 7 0.0 7.0 0.0
11 1 18 1.0 38.15436697768484 38.15436697768484
12 7 108 332.66880679862265 11664.0 3880248.9624991347
13 0 100 0.0 0.0 0.0
14 3 60 32.9215577265747 664.7206420100937 21883.638987981092
15 0 100 0.0 0.0 0.0
16 3 142 32.9215577265747 377.3528472077043 12423.04354263576
17 5 206 139.6884681067044 4788.781200314608 668937.5099701327
18 0 5 0.0 5.0 0.0
19 0 9 0.0 9.0 0.0
20 4 161 75.61186198841948 1129.4605717070829 85400.6168692773
21 4 157 75.61186198841948 1005.7817905983286 76049.03394118624
22 0 100 0.0 0.0 0.0
23 3 151 32.9215577265747 513.5688732735056 16907.48730804564
24 1 103 1.0 3.9914906122521803 3.9914906122521803
25 1 16 1.0 32.892441635375256 32.892441635375256
26 0 100 0.0 0.0 0.0
27 2 148 9.541850352986048 265.93129728965954 2537.4766429133756
28 0 8 0.0 8.0 0.0
29 0 100 0.0 0.0 0.0
30 0 100 0.0 0.0 0.0
31 4 139 75.61186198841948 525.6324972119714 39744.05183581987
32 1 105 1.0 7.59708563275366 7.59708563275366
33 1 5 1.0 7.59708563275366 7.59708563275366
34 0 100 0.0 0.0 0.0
35 3 34 32.9215577265747 269.81820202916316 8882.83551378369
36 0 100 0.0 0.0 0.0
37 0 100 0.0 0.0 0.0
38 0 100 0.0 0.0 0.0
39 1 57 1.0 163.02855966848514 163.02855966848514
40 2 27 9.541850352986048 115.98017876588344 1106.66550969663
41 0 100 0.0 0.0 0.0
42 1 105 1.0 7.59708563275366 7.59708563275366
43 1 6 1.0 9.55892689827884 9.55892689827884
44 0 7 0.0 7.0 0.0
45 1 23 1.0 51.960050539976365 51.960050539976365
46 1 10 1.0 18.1937008646705 18.1937008646705
47 0 11 0.0 11.0 0.0
48 3 50 32.9215577265747 497.6760852315066 16384.27196908475
49 0 8 0.0 8.0 0.0
50 2 117 9.541850352986048 59.51335422080222 567.8675199791454
51 5 53 139.6884681067044 1358.9929081032851 189835.63750082318
52 0 7 0.0 7.0 0.0
53 1 28 1.0 66.57403288693754 66.57403288693754
54 0 6 0.0 6.0 0.0
55 2 21 9.541850352986048 80.71796600694597 770.1987524356932
56 0 100 0.0 0.0 0.0
57 0 5 0.0 5.0 0.0
58 1 112 1.0 22.891970023971037 22.891970023971037
59 1 18 1.0 38.15436697768484 38.15436697768484
60 4 46 75.61186198841948 697.0692055589992 52706.70056710426
61 0 10 0.0 10.0 0.0
62 0 6 0.0 6.0 0.0
63 1 18 1.0 38.15436697768484 38.15436697768484
64 0 5 0.0 5.0 0.0
65 0 100 0.0 0.0 0.0
66 7 104 332.66880679862265 10816.0 3598145.8143339027
67 0 6 0.0 6.0 0.0
68 1 105 1.0 7.59708563275366 7.59708563275366
69 5 180 139.6884681067044 2871.732646582133 401147.9342130701
70 2 35 9.541850352986048 168.62869283493262 1609.0297522505775
71 0 6 0.0 6.0 0.0
72 0 100 0.0 0.0 0.0
73 1 12 1.0 22.891970023971037 22.891970023971037
74 10 148 766.6651705632711 67083.98395005375 51430953.9971317
75 0 100 0.0 0.0 0.0
76 0 6 0.0 6.0 0.0
77 1 103 1.0 3.9914906122521803 3.9914906122521803
78 1 108 1.0 13.734791927877684 13.734791927877684
79 1 11 1.0 20.51504931294799 20.51504931294799
80 1 107 1.0 11.607984241186918 11.607984241186918
81 1 19 1.0 40.84402933782601 40.84402933782601
82 1 14 1.0 27.799106543625292 27.799106543625292
83 0 7 0.0 7.0 0.0
84 6 112 225.58275470837765 8317.887761606735 1876372.0346183486
85 3 13 32.9215577265747 58.65092275827274 1930.8797393033497
86 6 113 225.58275470837765 8460.534002517481 1908550.5665917895
87 1 18 1.0 38.15436697768484 38.15436697768484
88 0 8 0.0 8.0 0.0
89 2 21 9.541850352986048 80.71796600694597 770.1987524356932
90 0 100 0.0 0.0 0.0
91 6 101 225.58275470837765 6825.411756924657 1539695.1861460118
92 1 115 1.0 30.323695983612147 30.323695983612147
93 0 100 0.0 0.0 0.0
94 0 5 0.0 5.0 0.0
95 9 110 604.9491004987461 25006.172162451465 15127461.356591798
96 0 100 0.0 0.0 0.0
97 1 105 1.0 7.59708563275366 7.59708563275366
98 1 103 1.0 3.9914906122521803 3.9914906122521803
99 5 74 139.6884681067044 2492.4098028308917 348160.9072515804
100 2 31 9.541850352986048 141.5519192260369 1350.6672304328126
101 4 154 75.61186198841948 916.9626779842689 69333.25545627807
102 3 70 32.9215577265747 849.0056290582019 27950.587827226456
103 4 67 75.61186198841948 1326.001420918201 100261.43643491513
104 1 34 1.0 85.02419427196995 85.02419427196995
105 0 100 0.0 0.0 0.0
106 4 189 75.61186198841948 2154.8151586700715 162929.58638791565
107 0 13 0.0 13.0 0.0
108 0 100 0.0 0.0 0.0
109 6 70 225.58275470837765 3384.897920195671 763574.5972443977
110 8 77 459.67273235884244 8395.737272637343 3859291.4922801834
111 0 100 0.0 0.0 0.0
112 5 65 139.6884681067044 1969.1653870843556 275069.6963705592
113 6 87 225.58275470837765 5130.584655325767 1157371.4198129189
114 7 71 332.66880679862265 5041.0 1676983.4550718567
115 11 154 942.9223974109915 101899.54622880445 96083364.42515644
116 0 100 0.0 0.0 0.0
117 5 87 139.6884681067044 3344.5706484424895 467197.95035557833
118 2 9 9.541850352986048 23.78240930402918 226.9281906125095
119 1 103 1.0 3.9914906122521803 3.9914906122521803
120 0 100 0.0 0.0 0.0
121 2 29 9.541850352986048 128.5709592386038 1226.8048527946264
122 2 42 9.541850352986048 219.34644070399202 2092.9709126576195
123 0 5 0.0 5.0 0.0
124 4 47 75.61186198841948 723.181183304868 54681.07582466957
125 2 21 9.541850352986048 80.71796600694597 770.1987524356932
126 0 14 0.0 14.0 0.0
127 10 193 766.6651705632711 121069.27760859807 92819598.36776786
128 1 19 1.0 40.84402933782601 40.84402933782601
129 0 100 0.0 0.0 0.0
130 4 79 75.61186198841948 1757.505455801544 132888.25996796062
131 4 45 75.61186198841948 671.3571728121805 50762.565895610074
132 2 46 9.541850352986048 250.0988923255542 2386.406204018009
133 1 108 1.0 13.734791927877684 13.734791927877684
134 4 148 75.61186198841948 749.6906189831174 56685.50361656424
135 2 30 9.541850352986048 135.01359299654277 1288.2794999919763
136 4 135 75.61186198841948 436.83679879622173 33030.043742042886
137 3 134 32.9215577265747 269.81820202916316 8882.83551378369
138 4 81 75.61186198841948 1834.2709028460106 138692.63835536616
139 7 99 332.66880679862265 9801.0 3260486.9754333007
140 0 100 0.0 0.0 0.0
141 1 133 1.0 81.88562674252243 81.88562674252243
142 5 185 139.6884681067044 3206.1723328082135 447865.30165607814
143 4 164 75.61186198841948 1226.095534977771 92707.36637535656
144 6 85 225.58275470837765 4907.334112484054 1107009.9473685443
145 1 35 1.0 88.18685030395203 88.18685030395203
146 11 150 942.9223974109915 95941.23722419069 90465141.41401054
147 5 107 139.6884681067044 4871.189817186799 680449.0434198013
148 6 57 225.58275470837765 2284.902982010436 515434.70892330084
149 2 48 9.541850352986048 265.93129728965954 2537.4766429133756
150 8 207 459.67273235884244 16645.17504715694 7651333.094517854
151 7 153 332.66880679862265 23409.0 7787444.0983489575
152 1 118 1.0 38.15436697768484 38.15436697768484
153 0 100 0.0 0.0 0.0
154 6 88 225.58275470837765 5243.986173197856 1182952.846602616
155 5 77 139.6884681067044 2679.0520099722326 374232.6712512085
156 6 115 225.58275470837765 8749.296958158795 1973690.5095830902
157 3 160 32.9215577265747 664.7206420100937 21883.638987981092
158 4 137 75.61186198841948 480.38255499420245 36322.61944986597
159 4 176 75.61186198841948 1644.92462809159 124375.81396061354
160 4 138 75.61186198841948 502.796158813779 38017.3537685349
161 3 57 32.9215577265747 612.7419199112477 20172.41848785035
162 3 30 32.9215577265747 221.1993434691573 7282.2269551002855
163 7 113 332.66880679862265 12769.0 4247847.994011613
164 6 55 225.58275470837765 2133.9982456992793 481393.20280768874
165 4 174 75.61186198841948 1571.597319835911 118831.39964880285
166 3 40 32.9215577265747 349.23013798641597 11497.20014757944
167 6 141 225.58275470837765 12921.36097430879 2914836.2031659037
168 6 117 225.58275470837765 9042.681338614557 2039872.9663147116
169 1 134 1.0 85.02419427196995 85.02419427196995
170 8 162 459.67273235884244 5349.644932301835 2459085.903180819
171 5 185 139.6884681067044 3206.1723328082135 447865.30165607814
172 3 127 32.9215577265747 187.1321231368427 6160.680994346051
173 1 27 1.0 63.59241768810072 63.59241768810072
174 4 211 75.61186198841948 3143.78687811244 237707.57954884192
175 4 192 75.61186198841948 2280.4993308091553 172432.80066582482
176 6 113 225.58275470837765 8460.534002517481 1908550.5665917895
177 4 184 75.61186198841948 1951.9617083430758 147591.45929791615
178 6 91 225.58275470837765 5591.281626292221 1261296.7116093368
179 11 164 942.9223974109915 117686.48609129344 110969223.60807772
180 5 73 139.6884681067044 2431.5451615879456 339658.8187544891
181 4 138 75.61186198841948 502.796158813779 38017.3537685349
182 4 158 75.61186198841948 1036.142416344768 78344.65738500807
183 9 123 604.9491004987461 31810.029433802327 19243448.692817356
184 8 115 459.67273235884244 19338.564883686733 8889410.959983042
185 5 187 139.6884681067044 3344.5706484424895 467197.95035557833
186 4 212 75.61186198841948 3192.372259230475 241381.21068059356
187 10 160 766.6651705632711 79784.57916828307 61168057.99637055
188 5 123 139.6884681067044 6274.940542472304 876536.8318386087
189 9 159 604.9491004987461 55305.24634977481 33456859.032157835
190 8 167 459.67273235884244 42018.11591959734 19314582.153331883
191 6 57 225.58275470837765 2284.902982010436 515434.70892330084
192 3 133 32.9215577265747 257.33012181535685 8471.708460130769
193 4 145 75.61186198841948 671.3571728121805 50762.565895610074
194 4 206 75.61186198841948 2905.522977389894 219692.00237058633
195 4 156 75.61186198841948 975.7969952136767 73781.82773081094
196 4 164 75.61186198841948 1226.095534977771 92707.36637535656
197 9 108 604.9491004987461 24036.912268699078 14541108.455716783
198 4 164 75.61186198841948 1226.095534977771 92707.36637535656
199 5 79 139.6884681067044 2806.8374672292675 392082.8260217585
