0 0 100 0.0 0.0 0.0
1 0 100 0.0 0.0 0.0
2 38 1041 6636.579650383532 12135876767.271942 80540712793239.25
3 5 181 139.6884681067044 2937.2940727723303 410306.1094044695
4 0 100 0.0 0.0 0.0
5 3 78 32.9215577265747 1008.1216991286578 33188.93671327668
6 1 114 1.0 27.799106543625292 27.799106543625292
7 0 100 0.0 0.0 0.0
8 24 635 3832.71054120725 156805065.76543236 600988428473.8687
9 0 10 0.0 10.0 0.0
10 2 115 9.541850352986048 49.68406405407534 474.0779041321602
11 1 9 1.0 15.931997307697284 15.931997307697284
12 1 11 1.0 20.51504931294799 20.51504931294799
13 46 1027 7782.801884860074 73830185403.13974 574605706115124.8
14 0 100 0.0 0.0 0.0
15 0 100 0.0 0.0 0.0
16 1 29 1.0 69.58346013935528 69.58346013935528
17 0 100 0.0 0.0 0.0
18 2 117 9.541850352986048 59.51335422080222 567.8675199791454
19 0 100 0.0 0.0 0.0
20 0 100 0.0 0.0 0.0
21 0 100 0.0 0.0 0.0
22 0 6 0.0 6.0 0.0
23 0 100 0.0 0.0 0.0
24 2 136 9.541850352986048 175.6210676402407 1675.7499462548174
25 0 100 0.0 0.0 0.0
26 48 1147 8016.77096497358 156992131260.928 1258569959621928.8
27 1 5 1.0 7.59708563275366 7.59708563275366
28 0 100 0.0 0.0 0.0
29 0 100 0.0 0.0 0.0
30 0 100 0.0 0.0 0.0
31 1 19 1.0 40.84402933782601 40.84402933782601
32 52 1252 8425.648590871551 432003248706.9822 3639907563719916.5
33 1 7 1.0 11.607984241186918 11.607984241186918
34 1 26 1.0 60.63937356224698 60.63937356224698
35 6 243 225.58275470837765 13274.235413461822 2994438.591216218
36 1 105 1.0 7.59708563275366 7.59708563275366
37 0 100 0.0 0.0 0.0
38 3 159 32.9215577265747 647.2206215128941 21307.511052966296
39 11 210 942.9223974109915 207278.85551015017 195447875.3702373
40 0 10 0.0 10.0 0.0
41 0 100 0.0 0.0 0.0
42 1 16 1.0 32.892441635375256 32.892441635375256
43 0 100 0.0 0.0 0.0
44 0 100 0.0 0.0 0.0
45 1 118 1.0 38.15436697768484 38.15436697768484
46 0 6 0.0 6.0 0.0
47 6 241 225.58275470837765 12921.36097430879 2914836.2031659037
48 1 9 1.0 15.931997307697284 15.931997307697284
49 3 10 32.9215577265747 38.67239348588604 1273.1554345704085
50 1 124 1.0 54.8222930413608 54.8222930413608
51 49 1141 8126.242482129881 183289089727.5793 1489451587455170.5
52 0 5 0.0 5.0 0.0
53 4 77 75.61186198841948 1682.1075637745857 127187.28496180048
54 2 37 9.541850352986048 182.69988024795316 1743.2949168344405
55 35 578 6117.310290426031 1317300295.2431667 8058334651672.272
56 0 100 0.0 0.0 0.0
57 0 100 0.0 0.0 0.0
58 1 13 1.0 25.320989780782124 25.320989780782124
59 2 75 9.541850352986048 506.1815384350477 4829.908491191481
60 1 20 1.0 43.57075425423803 43.57075425423803
61 0 100 0.0 0.0 0.0
62 2 123 9.541850352986048 92.0346545141889 878.1809006631623
63 0 100 0.0 0.0 0.0
64 4 70 75.61186198841948 1429.1350405139644 108059.56144615616
65 1 8 1.0 13.734791927877684 13.734791927877684
66 0 100 0.0 0.0 0.0
67 1 116 1.0 32.892441635375256 32.892441635375256
68 0 5 0.0 5.0 0.0
69 2 127 9.541850352986048 115.98017876588344 1106.66550969663
70 1 112 1.0 22.891970023971037 22.891970023971037
71 0 100 0.0 0.0 0.0
72 0 5 0.0 5.0 0.0
73 0 100 0.0 0.0 0.0
74 0 100 0.0 0.0 0.0
75 28 473 4724.12231882448 165204125.75908077 780444497660.3597
76 0 7 0.0 7.0 0.0
77 0 18 0.0 18.0 0.0
78 0 100 0.0 0.0 0.0
79 1 104 1.0 5.735193251789799 5.735193251789799
80 5 106 139.6884681067044 4788.781200314608 668937.5099701327
81 0 100 0.0 0.0 0.0
82 2 113 9.541850352986048 40.41888428935346 385.6709453236695
83 1 19 1.0 40.84402933782601 40.84402933782601
84 0 100 0.0 0.0 0.0
85 0 6 0.0 6.0 0.0
86 1 111 1.0 20.51504931294799 20.51504931294799
87 26 520 4285.277943143774 140608000.0 602544361029.5598
88 1 120 1.0 43.57075425423803 43.57075425423803
89 1 113 1.0 25.320989780782124 25.320989780782124
90 6 155 225.58275470837765 15486.518869997184 3493491.5875372365
91 2 115 9.541850352986048 49.68406405407534 474.0779041321602
92 0 100 0.0 0.0 0.0
93 0 100 0.0 0.0 0.0
94 0 100 0.0 0.0 0.0
95 0 100 0.0 0.0 0.0
96 6 160 225.58275470837765 2520.4667612931225 568573.8351634055
97 0 100 0.0 0.0 0.0
98 0 18 0.0 18.0 0.0
99 2 20 9.541850352986048 75.23327232919837 717.8646261306569
100 44 1080 7528.2761260995885 61597721168.95546 463724653698386.6
101 28 954 4724.12231882448 1014769346.6114438 4793894518786.057
102 0 100 0.0 0.0 0.0
103 19 490 2668.9360872348193 10795217.952565381 28811746763.166927
104 23 556 3602.4235623004615 82825845.36935098 298373776926.0046
105 46 1044 7782.801884860074 78336666655.71591 609678756901761.1
106 0 100 0.0 0.0 0.0
107 45 1318 7658.1450374688 150940668281.5657 1155925529752696.8
108 39 920 6798.773358825962 13677659616.161549 92991307809448.86
109 13 443 1331.5823725933528 1289494.5496479005 1717068211.8663483
110 12 482 1131.8354418063404 2035830.281054548 2304224865.6001005
111 35 760 6117.310290426031 3252646746.653894 19897449414426.617
112 2 135 9.541850352986048 168.62869283493262 1609.0297522505775
113 6 197 225.58275470837765 6317.679695554275 1425159.589088318
114 2 118 9.541850352986048 64.62733255388774 616.6643359418604
115 18 480 2436.3877014920204 14276723.167901976 34783632743.88257
116 24 434 3832.71054120725 51530784.41427734 197502580621.27902
117 19 438 2668.9360872348193 7320420.72910723 19537735057.656113
118 44 1090 7528.2761260995885 63650522547.88224 479178709310985.44
119 36 722 6295.82243666837 3351815565.7504864 21102435642426.2
120 28 733 4724.12231882448 404389391.28419334 1910384948861.5034
121 23 401 3602.4235623004615 32267677.350820687 116241841189.30537
122 0 100 0.0 0.0 0.0
123 57 1486 8833.632285946418 1898862478975.009 1.6773852900845892e+16
124 34 872 5933.442745663244 4155510733.556161 24656485016544.547
125 38 933 6636.579650383532 11789533332.567966 78242177002438.9
126 35 1052 6117.310290426031 9516475150.209297 58215231364958.945
127 32 644 5549.980220652734 1022345874.0047694 5673999379392.402
128 20 572 2902.6872563902634 40499211.49069842 117556545087.90442
129 45 1165 7658.1450374688 97004655733.83475 742875722919436.0
130 34 559 5933.442745663244 970434449.0941613 5758017242119.458
131 51 1133 8330.590095344352 251158114498.3151 2092295301005026.5
132 24 524 3832.71054120725 89407287.51301822 342672253311.8923
133 29 531 4937.473672561782 293428489.3067944 1448795440731.8738
134 35 786 6117.310290426031 3634750473.78716 22234896476429.086
135 50 1124 8230.818941038662 205850822993.8179 1694320852925913.2
136 54 1188 8602.009448624298 493606362840.6198 4246006597056085.0
137 20 539 2902.6872563902634 19514581.862682365 56644728086.59267
138 54 1225 8602.009448624298 554670077294.3975 4771277245755577.0
139 58 1283 8902.46046345971 1259839535507.4187 1.1215671655158242e+16
140 63 1257 9188.2629227812 2496554842400.992 2.2939002293122896e+16
141 18 457 2436.3877014920204 6479538.527190129 15786667978.98975
142 0 100 0.0 0.0 0.0
143 55 1418 8683.506947919002 1142561221366.3562 9921438304157576.0
144 49 1109 8126.242482129881 165053115820.40073 1341261641587644.0
145 55 1151 8683.506947919002 514343053453.33417 4466301478275902.0
146 35 994 6117.310290426031 5560345449.678658 34014358437642.81
147 43 989 7393.130324549447 37504747161.9796 277277483557791.2
148 18 529 2436.3877014920204 18504340.25085947 45083747011.41778
149 0 100 0.0 0.0 0.0
150 18 344 2436.3877014920204 5868900.278254742 14298916459.22295
151 41 716 7106.788070274764 8389841077.213037 59624822479038.79
152 19 688 2668.9360872348193 50396461.62870682 134504935109.80049
153 47 1027 7902.318130854768 88058916939.44409 695869575914003.1
154 21 590 3136.7198300107975 58081298.35301968 182184760296.6903
155 19 462 2668.9360872348193 8818680.726398328 23536495232.486668
156 28 736 4724.12231882448 642624007.5660386 3035834416755.155
157 18 561 2436.3877014920204 12818108.429893272 31229881734.98316
158 55 1318 8683.506947919002 863708019028.8163 7500014584210084.0
159 39 871 6798.773358825962 11342809955.72971 77117194141241.03
160 39 745 6798.773358825962 6647162302.543362 45192549974324.05
161 24 714 3832.71054120725 220934831.87466177 846779259045.8678
162 38 1014 6636.579650383532 10994984491.497372 72969090332553.98
163 11 216 942.9223974109915 221087.86970014448 208468704.13614914
164 26 660 4285.277943143774 287496000.0 1232000267542.0625
165 37 1099 6468.923834840442 16740154197.339113 108290782486071.27
166 39 1002 6798.773358825962 18315688382.00629 124524214220142.55
167 46 1382 7782.801884860074 215549654267.98288 1677580255517794.5
168 33 967 5744.298091538941 4694862065.685821 26968687203957.63
169 36 814 6295.82243666837 4998575358.390243 31470142892730.926
170 55 1288 8683.506947919002 790879029802.2009 6867603550250852.0
171 46 1130 7782.801884860074 104238730017.57988 811269384456241.1
172 29 979 4937.473672561782 1963618875.7896116 9695316502156.572
173 49 1335 8126.242482129881 326867266565.7997 2656202667584673.5
174 38 904 6636.579650383532 10592347226.975807 70296956056344.08
175 42 1027 7252.650449022947 35541033359.781944 257766691555562.06
176 47 870 7902.318130854768 48186117346.62913 380782028763762.8
177 30 860 5146.386239304723 1653395149.4542575 8509010045284.566
178 30 1000 5146.386239304723 2655473410.670744 13666091819515.496
179 50 1293 8230.818941038662 346054578573.337 2848312579954574.0
180 34 1129 5933.442745663244 7141845398.723947 42375730771707.016
181 34 970 5933.442745663244 5887465784.178608 34932941147475.12
182 10 327 766.6651705632711 391114.6995824764 299854017.86520183
183 42 1061 7252.650449022947 39836888240.46338 288923025384873.7
184 41 854 7106.788070274764 15481950225.919695 110026939170153.78
185 29 744 4937.473672561782 836844504.6000423 4131897709490.7163
186 31 1048 5350.621552679651 2823432258.858534 15107117496779.463
187 46 1026 7782.801884860074 73571079206.28645 572589133917876.0
188 31 700 5350.621552679651 1078011126.4392505 5768029567154.322
189 30 948 5146.386239304723 2245371039.077762 11555546617643.143
190 33 639 5744.298091538941 1226686790.380954 7046454588901.343
191 23 602 3602.4235623004615 104170246.12756704 375265349140.5859
192 37 857 6468.923834840442 4780238228.439119 30922997012165.27
193 1 104 1.0 5.735193251789799 5.735193251789799
194 38 940 6636.579650383532 12092196576.794596 80250825729992.42
195 47 1163 7902.318130854768 138374497637.61646 1093479301529656.8
196 41 851 7106.788070274764 15293722947.688017 108689247794716.61
197 50 1076 8230.818941038662 175090620507.10104 1441139195668059.8
198 18 458 2436.3877014920204 12596730.226286616 30690518602.337505
199 17 551 2206.0678959513543 9034629.1568375 19931005334.72526
