0 0 10 0.0 10.0 0.0
1 0 100 0.0 0.0 0.0
2 0 6 0.0 6.0 0.0
3 1 105 1.0 7.59708563275366 7.59708563275366
4 0 100 0.0 0.0 0.0
5 2 131 9.541850352986048 141.5519192260369 1350.6672304328126
6 0 9 0.0 9.0 0.0
7 0 100 0.0 0.0 0.0
8 0 100 0.0 0.0 0.0
9 0 7 0.0 7.0 0.0
10 4 153 75.61186198841948 888.1171619831025 67152.19228141312
11 2 57 9.541850352986048 340.72951581223015 3251.1900507256933
12 8 137 459.67273235884244 27832.86327038359 12794008.308867292
13 4 36 75.61186198841948 458.3949685466225 34660.09709793311
14 2 80 9.541850352986048 555.5596760452839 5301.067290977507
15 1 15 1.0 30.323695983612147 30.323695983612147
16 2 125 9.541850352986048 103.79546451213633 990.4007896934788
17 0 100 0.0 0.0 0.0
18 1 13 1.0 25.320989780782124 25.320989780782124
19 0 10 0.0 10.0 0.0
20 1 10 1.0 18.1937008646705 18.1937008646705
21 2 40 9.541850352986048 204.4421003683832 1950.7559275652661
22 0 100 0.0 0.0 0.0
23 2 39 9.541850352986048 197.11162840858907 1880.8096611081503
24 0 9 0.0 9.0 0.0
25 3 70 32.9215577265747 849.0056290582019 27950.587827226456
26 0 100 0.0 0.0 0.0
27 0 5 0.0 5.0 0.0
28 9 149 604.9491004987461 48082.59347517662 29087521.672454976
29 1 11 1.0 20.51504931294799 20.51504931294799
30 1 14 1.0 27.799106543625292 27.799106543625292
31 0 100 0.0 0.0 0.0
32 1 20 1.0 43.57075425423803 43.57075425423803
33 0 100 0.0 0.0 0.0
34 3 157 32.9215577265747 612.7419199112477 20172.41848785035
35 1 11 1.0 20.51504931294799 20.51504931294799
36 0 10 0.0 10.0 0.0
37 0 100 0.0 0.0 0.0
38 6 78 225.58275470837765 4163.386850757332 939188.274710476
39 4 61 75.61186198841948 1129.4605717070829 85400.6168692773
40 0 18 0.0 18.0 0.0
41 4 158 75.61186198841948 1036.142416344768 78344.65738500807
42 0 100 0.0 0.0 0.0
43 1 14 1.0 27.799106543625292 27.799106543625292
44 0 5 0.0 5.0 0.0
45 1 9 1.0 15.931997307697284 15.931997307697284
46 6 188 225.58275470837765 5243.986173197856 1182952.846602616
47 1 10 1.0 18.1937008646705 18.1937008646705
48 0 100 0.0 0.0 0.0
49 3 22 32.9215577265747 135.19579244279535 4450.856085295499
50 1 18 1.0 38.15436697768484 38.15436697768484
51 4 149 75.61186198841948 776.5950928818146 58719.80098386357
52 0 100 0.0 0.0 0.0
53 1 124 1.0 54.8222930413608 54.8222930413608
54 2 25 9.541850352986048 103.79546451213633 990.4007896934788
55 0 11 0.0 11.0 0.0
56 0 100 0.0 0.0 0.0
57 0 6 0.0 6.0 0.0
58 1 16 1.0 32.892441635375256 32.892441635375256
59 0 100 0.0 0.0 0.0
60 2 47 9.541850352986048 257.9778488812911 2461.586028410529
61 2 54 9.541850352986048 315.16948038953416 3007.300017705306
62 0 100 0.0 0.0 0.0
63 1 6 1.0 9.55892689827884 9.55892689827884
64 0 100 0.0 0.0 0.0
65 1 106 1.0 9.55892689827884 9.55892689827884
66 2 36 9.541850352986048 175.6210676402407 1675.7499462548174
67 0 100 0.0 0.0 0.0
68 0 6 0.0 6.0 0.0
69 6 114 225.58275470837765 8604.337363813209 1940990.124969204
70 5 82 139.6884681067044 3003.520233876968 419557.14039776416
71 5 91 139.6884681067044 3629.2296992039956 506961.5370891617
72 0 100 0.0 0.0 0.0
73 1 31 1.0 75.68293941204132 75.68293941204132
74 0 100 0.0 0.0 0.0
75 0 100 0.0 0.0 0.0
76 0 18 0.0 18.0 0.0
77 0 6 0.0 6.0 0.0
78 0 10 0.0 10.0 0.0
79 1 17 1.0 35.503281577765854 35.503281577765854
80 0 100 0.0 0.0 0.0
81 1 102 1.0 2.3948263510722025 2.3948263510722025
82 0 9 0.0 9.0 0.0
83 0 100 0.0 0.0 0.0
84 0 100 0.0 0.0 0.0
85 1 18 1.0 38.15436697768484 38.15436697768484
86 1 103 1.0 3.9914906122521803 3.9914906122521803
87 5 64 139.6884681067044 1914.4623288244568 267428.3099614821
88 0 100 0.0 0.0 0.0
89 1 107 1.0 11.607984241186918 11.607984241186918
90 1 5 1.0 7.59708563275366 7.59708563275366
91 0 5 0.0 5.0 0.0
92 3 139 32.9215577265747 335.47304520277595 11044.29522335299
93 6 76 225.58275470837765 3961.5666745886283 893661.1234146099
94 0 5 0.0 5.0 0.0
95 6 73 225.58275470837765 3667.8232800781016 827397.6793035355
96 0 100 0.0 0.0 0.0
97 1 103 1.0 3.9914906122521803 3.9914906122521803
98 1 12 1.0 22.891970023971037 22.891970023971037
99 0 100 0.0 0.0 0.0
100 0 100 0.0 0.0 0.0
101 0 9 0.0 9.0 0.0
102 0 5 0.0 5.0 0.0
103 4 135 75.61186198841948 436.83679879622173 33030.043742042886
104 5 206 139.6884681067044 4788.781200314608 668937.5099701327
105 5 232 139.6884681067044 7134.089591711757 996550.0464021995
106 1 107 1.0 11.607984241186918 11.607984241186918
107 3 79 32.9215577265747 1028.715399126087 33866.9133965458
108 4 49 75.61186198841948 776.5950928818146 58719.80098386357
109 1 17 1.0 35.503281577765854 35.503281577765854
110 3 50 32.9215577265747 497.6760852315066 16384.27196908475
111 3 83 32.9215577265747 1112.6192833663745 36629.15996504627
112 0 100 0.0 0.0 0.0
113 1 12 1.0 22.891970023971037 22.891970023971037
114 4 51 75.61186198841948 831.5797944458234 62877.296649995835
115 3 47 32.9215577265747 451.11773253603667 14851.498473166615
116 5 117 139.6884681067044 5729.848236431501 800393.7226310181
117 4 184 75.61186198841948 1951.9617083430758 147591.45929791615
118 9 160 604.9491004987461 56057.34846745083 33911842.53172915
119 9 157 604.9491004987461 53817.35966039549 32556763.317773756
120 4 152 75.61186198841948 859.6554919481086 65000.15241476724
121 6 178 225.58275470837765 4163.386850757332 939188.274710476
122 6 93 225.58275470837765 5828.709556476301 1314856.3581449701
123 6 73 225.58275470837765 3667.8232800781016 827397.6793035355
124 8 103 459.67273235884244 15376.94813547303 7068363.764773096
125 3 35 32.9215577265747 282.5239294230334 9301.12785163911
126 4 196 75.61186198841948 2452.6531100077354 185449.6684593727
127 7 53 332.66880679862265 2809.0 934466.6782973311
128 6 44 225.58275470837765 1392.5534457950612 314136.0423810934
129 4 41 75.61186198841948 572.5607883495287 43292.38730866522
130 6 195 225.58275470837765 6070.84515091352 1369477.9725510685
131 3 41 32.9215577265747 363.1907597716439 11956.805563580698
132 5 162 139.6884681067044 1807.1402103142602 252436.6476328266
133 5 77 139.6884681067044 2679.0520099722326 374232.6712512085
134 6 177 225.58275470837765 4061.8785529685815 916289.7532695315
135 5 215 139.6884681067044 5553.1126204137945 775705.79516961
136 5 98 139.6884681067044 4152.387807071904 580040.6917548318
137 5 75 139.6884681067044 2553.9502583266267 356757.3992063684
138 3 44 32.9215577265747 406.27351121486885 13375.156852238497
139 4 54 75.61186198841948 916.9626779842689 69333.25545627807
140 0 100 0.0 0.0 0.0
141 4 65 75.61186198841948 1259.0362466163215 95198.07491757096
142 6 206 225.58275470837765 7486.36063642395 1688793.855104878
143 0 100 0.0 0.0 0.0
144 8 189 459.67273235884244 54353.98280559448 24985043.790833157
145 6 150 225.58275470837765 1778.3314122697193 401160.8987642429
146 10 120 766.6651705632711 42078.2525506963 32259930.668783974
147 4 147 75.61186198841948 723.181183304868 54681.07582466957
148 5 195 139.6884681067044 3924.3008107112732 548179.5686381559
149 2 26 9.541850352986048 109.8359986590007 1048.0386625749609
150 4 77 75.61186198841948 1682.1075637745857 127187.28496180048
151 3 81 32.9215577265747 1070.3630949288454 35238.02041809513
152 1 126 1.0 60.63937356224698 60.63937356224698
153 4 207 75.61186198841948 2952.551261146638 223247.89847155346
154 6 98 225.58275470837765 6442.856405219488 1453397.2960799276
155 4 146 75.61186198841948 697.0692055589992 52706.70056710426
156 2 37 9.541850352986048 182.69988024795316 1743.2949168344405
157 4 173 75.61186198841948 1535.4556318691968 116098.65932623514
158 10 131 766.6651705632711 51140.99905783681 39208022.76545254
159 4 37 75.61186198841948 480.38255499420245 36322.61944986597
160 7 81 332.66880679862265 6561.0 2182640.041405763
161 7 194 332.66880679862265 8836.0 2939461.5768726296
162 2 21 9.541850352986048 80.71796600694597 770.1987524356932
163 9 129 604.9491004987461 35247.44879474361 21322912.44325576
164 5 189 139.6884681067044 3485.593399577667 486897.20242984424
165 4 176 75.61186198841948 1644.92462809159 124375.81396061354
166 6 152 225.58275470837765 1916.8860894212144 432416.4445138071
167 11 153 942.9223974109915 100391.00291225547 94660925.14451775
168 5 49 139.6884681067044 1178.39286145179 164607.89364407648
169 5 158 139.6884681067044 1600.889370701534 223625.7838016033
170 6 67 225.58275470837765 3112.8302065571443 702200.8129346088
171 5 68 139.6884681067044 2137.419079796989 298572.7969588832
172 9 107 604.9491004987461 23559.974173081857 14252585.18377956
173 4 152 75.61186198841948 859.6554919481086 65000.15241476724
174 4 175 75.61186198841948 1608.0874365260645 121590.48531592006
175 7 132 332.66880679862265 17424.0 5796421.289659201
176 6 99 225.58275470837765 6569.204673563341 1481899.2865055674
177 11 191 942.9223974109915 166825.62725766937 157303620.40339404
178 6 60 225.58275470837765 2520.4667612931225 568573.8351634055
179 5 65 139.6884681067044 1969.1653870843556 275069.6963705592
180 6 170 225.58275470837765 3384.897920195671 763574.5972443977
181 4 174 75.61186198841948 1571.597319835911 118831.39964880285
182 9 97 604.9491004987461 19070.84539875929 11536890.769730086
183 7 181 332.66880679862265 32761.0 10898562.779529678
184 5 141 139.6884681067044 8042.485898893719 1123442.5349862352
185 5 81 139.6884681067044 2937.2940727723303 410306.1094044695
186 4 171 75.61186198841948 1464.2230773075796 110712.63324163957
187 5 37 139.6884681067044 707.3130102314473 98803.4708711726
188 4 176 75.61186198841948 1644.92462809159 124375.81396061354
189 2 74 9.541850352986048 496.47644052360766 4737.303899259442
190 1 116 1.0 32.892441635375256 32.892441635375256
191 7 100 332.66880679862265 10000.0 3326688.0679862266
192 5 179 139.6884681067044 2806.8374672292675 392082.8260217585
193 10 180 766.6651705632711 103676.69639096252 79485312.12201375
194 3 66 32.9215577265747 773.2963448216119 25458.12025579391
195 4 167 75.61186198841948 1326.001420918201 100261.43643491513
196 5 219 139.6884681067044 5909.069866509522 825428.9175882034
197 5 199 139.6884681067044 4229.702363015084 590840.6436368847
198 4 159 75.61186198841948 1066.8769814059906 80668.55507669134
199 10 168 766.6651705632711 88929.02645246735 68178787.23320653
