0 3 58 32.9215577265747 629.8939717412368 20737.090752300537
1 8 202 459.67273235884244 15068.038606609061 6926366.477588512
2 1 6 1.0 9.55892689827884 9.55892689827884
3 0 100 0.0 0.0 0.0
4 0 100 0.0 0.0 0.0
5 0 100 0.0 0.0 0.0
6 0 100 0.0 0.0 0.0
7 5 144 139.6884681067044 969.0623078155637 135366.82927870372
8 0 100 0.0 0.0 0.0
9 0 6 0.0 6.0 0.0
10 1 11 1.0 20.51504931294799 20.51504931294799
11 0 6 0.0 6.0 0.0
12 1 105 1.0 7.59708563275366 7.59708563275366
13 1 18 1.0 38.15436697768484 38.15436697768484
14 3 69 32.9215577265747 829.8335342600375 27319.412601589327
15 3 48 32.9215577265747 466.4489382157433 15356.225645969067
16 1 104 1.0 5.735193251789799 5.735193251789799
17 0 100 0.0 0.0 0.0
18 0 5 0.0 5.0 0.0
19 1 101 1.0 1.0 1.0
20 2 20 9.541850352986048 75.23327232919837 717.8646261306569
21 1 14 1.0 27.799106543625292 27.799106543625292
22 0 5 0.0 5.0 0.0
23 0 100 0.0 0.0 0.0
24 1 38 1.0 97.81435774219185 97.81435774219185
25 7 51 332.66880679862265 2601.0 865271.5664832175
26 1 11 1.0 20.51504931294799 20.51504931294799
27 1 21 1.0 46.33316012586883 46.33316012586883
28 14 195 1540.4353185285338 444335.496698253 684470092.3899076
29 2 55 9.541850352986048 323.62148105306557 3087.947743220061
30 1 104 1.0 5.735193251789799 5.735193251789799
31 0 100 0.0 0.0 0.0
32 0 10 0.0 10.0 0.0
33 0 100 0.0 0.0 0.0
34 12 170 1131.8354418063404 175602.9947070889 198753693.09681442
35 1 18 1.0 38.15436697768484 38.15436697768484
36 0 100 0.0 0.0 0.0
37 1 9 1.0 15.931997307697284 15.931997307697284
38 9 138 604.9491004987461 40759.58337596822 24657473.29999562
39 0 6 0.0 6.0 0.0
40 6 216 225.58275470837765 8895.411906640642 2006651.5221656978
41 1 105 1.0 7.59708563275366 7.59708563275366
42 0 100 0.0 0.0 0.0
43 1 6 1.0 9.55892689827884 9.55892689827884
44 0 100 0.0 0.0 0.0
45 0 9 0.0 9.0 0.0
46 8 113 459.67273235884244 18645.55254126269 8570852.082982577
47 0 10 0.0 10.0 0.0
48 4 45 75.61186198841948 671.3571728121805 50762.565895610074
49 0 5 0.0 5.0 0.0
50 1 7 1.0 11.607984241186918 11.607984241186918
51 1 14 1.0 27.799106543625292 27.799106543625292
52 6 95 225.58275470837765 6070.84515091352 1369477.9725510685
53 0 100 0.0 0.0 0.0
54 0 100 0.0 0.0 0.0
55 0 5 0.0 5.0 0.0
56 1 19 1.0 40.84402933782601 40.84402933782601
57 0 100 0.0 0.0 0.0
58 7 90 332.66880679862265 8100.0 2694617.3350688433
59 0 100 0.0 0.0 0.0
60 9 163 604.9491004987461 58346.35307910868 35296573.81258904
61 1 19 1.0 40.84402933782601 40.84402933782601
62 7 85 332.66880679862265 7225.0 2403532.1291200486
63 11 184 942.9223974109915 153157.55954963647 144415693.2321599
64 0 100 0.0 0.0 0.0
65 2 29 9.541850352986048 128.5709592386038 1226.8048527946264
66 0 5 0.0 5.0 0.0
67 2 8 9.541850352986048 20.066939702021244 191.47573567908114
68 0 100 0.0 0.0 0.0
69 2 44 9.541850352986048 234.56808185291177 2238.2135346274663
70 0 100 0.0 0.0 0.0
71 0 100 0.0 0.0 0.0
72 1 13 1.0 25.320989780782124 25.320989780782124
73 2 34 9.541850352986048 161.72412498062124 1543.1473990327004
74 1 16 1.0 32.892441635375256 32.892441635375256
75 0 9 0.0 9.0 0.0
76 0 9 0.0 9.0 0.0
77 9 93 604.9491004987461 17416.783409430795 10536267.457116645
78 0 100 0.0 0.0 0.0
79 1 9 1.0 15.931997307697284 15.931997307697284
80 9 172 604.9491004987461 65508.859210178634 39629525.45389657
81 0 6 0.0 6.0 0.0
82 2 29 9.541850352986048 128.5709592386038 1226.8048527946264
83 7 140 332.66880679862265 19600.0 6520308.613253004
84 0 5 0.0 5.0 0.0
85 0 100 0.0 0.0 0.0
86 1 14 1.0 27.799106543625292 27.799106543625292
87 0 100 0.0 0.0 0.0
88 0 100 0.0 0.0 0.0
89 0 100 0.0 0.0 0.0
90 1 124 1.0 54.8222930413608 54.8222930413608
91 1 10 1.0 18.1937008646705 18.1937008646705
92 14 210 1540.4353185285338 533439.6140318888 821729221.7569507
93 2 16 9.541850352986048 54.53075711894446 520.3243240639966
94 2 31 9.541850352986048 141.5519192260369 1350.6672304328126
95 4 65 75.61186198841948 1259.0362466163215 95198.07491757096
96 0 100 0.0 0.0 0.0
97 3 27 32.9215577265747 187.1321231368427 6160.680994346051
98 0 100 0.0 0.0 0.0
99 0 100 0.0 0.0 0.0
100 0 100 0.0 0.0 0.0
101 13 212 1331.5823725933528 404389.97349520394 538478560.3597068
102 9 137 604.9491004987461 40125.91166909431 24274134.170910746
103 0 100 0.0 0.0 0.0
104 4 55 75.61186198841948 946.1899645328139 71543.18501308264
105 12 166 1131.8354418063404 166041.6949118759 187931875.11885667
106 3 71 32.9215577265747 868.3392862126454 28587.081937302275
107 2 25 9.541850352986048 103.79546451213633 990.4007896934788
108 2 14 9.541850352986048 44.97826169706515 429.17584225083993
109 6 73 225.58275470837765 3667.8232800781016 827397.6793035355
110 1 103 1.0 3.9914906122521803 3.9914906122521803
111 14 221 1540.4353185285338 605018.3297633114 931991603.5245482
112 9 88 604.9491004987461 15461.831035098347 9353620.776746342
113 6 110 225.58275470837765 8036.070233330496 1812798.8602646885
114 10 135 766.6651705632711 54678.91489606342 41920419.615005046
115 2 24 9.541850352986048 97.86086952638261 933.7737724338355
116 0 100 0.0 0.0 0.0
117 12 206 1131.8354418063404 275852.07684250775 312219157.26623636
118 1 8 1.0 13.734791927877684 13.734791927877684
119 10 170 766.6651705632711 91300.67622451171 69997048.51020727
120 10 183 766.6651705632711 107558.85724916201 82461629.63851932
121 7 98 332.66880679862265 9604.0 3194951.220493972
122 5 75 139.6884681067044 2553.9502583266267 356757.3992063684
123 6 112 225.58275470837765 8317.887761606735 1876372.0346183486
124 13 140 1331.5823725933528 148755.7915101488 198080589.79608604
125 13 190 1331.5823725933528 310542.0125925511 413512269.9179041
126 7 215 332.66880679862265 13225.0 4399544.969911785
127 3 35 32.9215577265747 282.5239294230334 9301.12785163911
128 6 202 225.58275470837765 6955.268535289175 1568988.635927035
129 13 248 1331.5823725933528 590159.2186833756 785845612.6222486
130 7 125 332.66880679862265 15625.0 5197950.106228479
131 11 153 942.9223974109915 100391.00291225547 94660925.14451775
132 6 85 225.58275470837765 4907.334112484054 1107009.9473685443
133 5 63 139.6884681067044 1860.4532693243248 259883.86717602485
134 6 223 225.58275470837765 9950.49433314188 2244659.9223802467
135 9 114 604.9491004987461 27006.4292253054 16337515.067531552
136 1 104 1.0 5.735193251789799 5.735193251789799
137 10 103 766.6651705632711 29957.799739783 22967601.647201054
138 6 110 225.58275470837765 8036.070233330496 1812798.8602646885
139 4 46 75.61186198841948 697.0692055589992 52706.70056710426
140 0 100 0.0 0.0 0.0
141 8 84 459.67273235884244 10061.48800945777 4624991.684903184
142 13 153 1331.5823725933528 184254.09621895975 245349506.60328636
143 3 52 32.9215577265747 529.6457757489877 17436.763980956737
144 10 175 766.6651705632711 97380.49160672564 74658231.2072055
145 9 150 604.9491004987461 48780.52804290304 29509736.561408054
146 6 88 225.58275470837765 5243.986173197856 1182952.846602616
147 7 104 332.66880679862265 10816.0 3598145.8143339027
148 10 229 766.6651705632711 49420.76856899131 37889181.96431367
149 13 184 1331.5823725933528 287430.702209323 382737656.40406376
150 12 198 1131.8354418063404 251320.85466166472 284453850.57113236
151 12 142 1131.8354418063404 115013.87668397884 130176781.93047115
152 12 176 1131.8354418063404 190524.93737518354 215642876.6691662
153 8 101 459.67273235884244 14762.38290447426 6785864.885827147
154 8 159 459.67273235884244 4825.258922157898 2218039.953087204
155 15 226 1756.7778603087352 855030.3929098479 1502098464.1550996
156 9 228 604.9491004987461 34661.412576405404 20968390.360112377
157 12 166 1131.8354418063404 166041.6949118759 187931875.11885667
158 10 119 766.6651705632711 41302.383909052856 31665099.20430371
159 13 161 1331.5823725933528 208335.99613433375 277416540.02915573
160 8 233 459.67273235884244 26169.13941804069 12029239.819770252
161 4 40 75.61186198841948 548.8883970182196 41502.47372238642
162 9 113 604.9491004987461 26498.629929601415 16030322.340361528
163 14 229 1540.4353185285338 660472.5308888281 1017415213.4990788
164 12 154 1131.8354418063404 139185.29395974262 157534848.68187064
165 7 97 332.66880679862265 9409.0 3130080.8031682405
166 9 110 604.9491004987461 25006.172162451465 15127461.356591798
167 8 108 459.67273235884244 16970.39141279495 7800826.189918491
168 10 159 766.6651705632711 78679.82330363935 60321080.15297269
169 8 71 459.67273235884244 7092.062323978532 3260027.666522414
170 16 200 1979.1134619514044 825270.017799204 1633303001.9712796
171 10 274 766.6651705632711 96147.26174298109 73712756.82337406
172 6 114 225.58275470837765 8604.337363813209 1940990.124969204
173 11 246 942.9223974109915 90184.32931477204 85036824.0063872
174 3 29 32.9215577265747 209.61005902119368 6900.689658136957
175 12 135 1131.8354418063404 102123.96927613537 115587527.8846718
176 7 97 332.66880679862265 9409.0 3130080.8031682405
177 12 211 1131.8354418063404 291854.20919927256 330330937.81209874
178 8 248 459.67273235884244 32683.32902098925 15023635.15366118
179 1 107 1.0 11.607984241186918 11.607984241186918
180 13 170 1331.5823725933528 237519.46890166547 316276737.9371928
181 10 141 766.6651705632711 60231.061452958435 46177057.00203924
182 3 18 32.9215577265747 98.31525163284788 3236.6912320335186
183 9 148 604.9491004987461 47390.045546024034 28668565.42566185
184 4 44 75.61186198841948 646.0476428878335 48848.86521197858
185 10 165 766.6651705632711 85435.8497069907 65500690.28782802
186 11 94 942.9223974109915 32910.547917491844 31032092.742470723
187 12 164 1131.8354418063404 161376.0822387045 182651169.33762044
188 11 137 942.9223974109915 77959.47955253888 73509739.36059313
189 11 181 942.9223974109915 147500.54993418368 139081572.16338015
190 11 134 942.9223974109915 74106.16109407078 69876359.08174635
191 13 150 1331.5823725933528 175666.7288200174 233914719.54787186
192 15 168 1756.7778603087352 404974.812625479 711450784.80312
193 13 177 1331.5823725933528 261779.3457680394 348580762.3337416
194 13 207 1331.5823725933528 381784.2534940421 508377182.08637863
195 12 148 1131.8354418063404 126768.58795140548 143481180.75114495
196 9 218 604.9491004987461 29089.380350657248 17597594.477196
197 6 89 225.58275470837765 5358.570280584671 1208801.0451927343
198 12 139 1131.8354418063404 109381.79250386295 123802189.44417918
199 9 95 604.9491004987461 18233.76455050816 11030499.463535836
