0 0 14 0.0 14.0 0.0
1 0 5 0.0 5.0 0.0
2 1 8 1.0 13.734791927877684 13.734791927877684
3 0 100 0.0 0.0 0.0
4 1 104 1.0 5.735193251789799 5.735193251789799
5 0 100 0.0 0.0 0.0
6 1 10 1.0 18.1937008646705 18.1937008646705
7 0 100 0.0 0.0 0.0
8 1 20 1.0 43.57075425423803 43.57075425423803
9 0 100 0.0 0.0 0.0
10 1 101 1.0 1.0 1.0
11 1 12 1.0 22.891970023971037 22.891970023971037
12 2 15 9.541850352986048 49.68406405407534 474.0779041321602
13 0 100 0.0 0.0 0.0
14 1 27 1.0 63.59241768810072 63.59241768810072
15 0 6 0.0 6.0 0.0
16 0 100 0.0 0.0 0.0
17 0 10 0.0 10.0 0.0
18 0 6 0.0 6.0 0.0
19 0 5 0.0 5.0 0.0
20 0 12 0.0 12.0 0.0
21 1 103 1.0 3.9914906122521803 3.9914906122521803
22 0 8 0.0 8.0 0.0
23 0 100 0.0 0.0 0.0
24 0 100 0.0 0.0 0.0
25 0 6 0.0 6.0 0.0
26 1 17 1.0 35.503281577765854 35.503281577765854
27 2 30 9.541850352986048 135.01359299654277 1288.2794999919763
28 1 11 1.0 20.51504931294799 20.51504931294799
29 1 14 1.0 27.799106543625292 27.799106543625292
30 0 100 0.0 0.0 0.0
31 0 5 0.0 5.0 0.0
32 0 8 0.0 8.0 0.0
33 1 105 1.0 7.59708563275366 7.59708563275366
34 2 35 9.541850352986048 168.62869283493262 1609.0297522505775
35 1 102 1.0 2.3948263510722025 2.3948263510722025
36 1 9 1.0 15.931997307697284 15.931997307697284
37 1 14 1.0 27.799106543625292 27.799106543625292
38 0 100 0.0 0.0 0.0
39 0 100 0.0 0.0 0.0
40 0 100 0.0 0.0 0.0
41 0 5 0.0 5.0 0.0
42 2 25 9.541850352986048 103.79546451213633 990.4007896934788
43 0 100 0.0 0.0 0.0
44 0 6 0.0 6.0 0.0
45 1 12 1.0 22.891970023971037 22.891970023971037
46 0 10 0.0 10.0 0.0
47 0 100 0.0 0.0 0.0
48 1 13 1.0 25.320989780782124 25.320989780782124
49 1 7 1.0 11.607984241186918 11.607984241186918
50 0 8 0.0 8.0 0.0
51 1 23 1.0 51.960050539976365 51.960050539976365
52 0 9 0.0 9.0 0.0
53 0 100 0.0 0.0 0.0
54 1 26 1.0 60.63937356224698 60.63937356224698
55 4 57 75.61186198841948 1005.7817905983286 76049.03394118624
56 3 44 32.9215577265747 406.27351121486885 13375.156852238497
57 2 41 9.541850352986048 211.85407612585806 2021.4798910630518
58 1 107 1.0 11.607984241186918 11.607984241186918
59 2 9 9.541850352986048 23.78240930402918 226.9281906125095
60 0 5 0.0 5.0 0.0
61 3 51 32.9215577265747 513.5688732735056 16907.48730804564
62 0 7 0.0 7.0 0.0
63 2 26 9.541850352986048 109.8359986590007 1048.0386625749609
64 0 100 0.0 0.0 0.0
65 2 25 9.541850352986048 103.79546451213633 990.4007896934788
66 0 10 0.0 10.0 0.0
67 0 100 0.0 0.0 0.0
68 0 100 0.0 0.0 0.0
69 0 6 0.0 6.0 0.0
70 1 112 1.0 22.891970023971037 22.891970023971037
71 2 26 9.541850352986048 109.8359986590007 1048.0386625749609
72 2 23 9.541850352986048 92.0346545141889 878.1809006631623
73 2 31 9.541850352986048 141.5519192260369 1350.6672304328126
74 0 5 0.0 5.0 0.0
75 2 30 9.541850352986048 135.01359299654277 1288.2794999919763
76 0 100 0.0 0.0 0.0
77 0 6 0.0 6.0 0.0
78 0 5 0.0 5.0 0.0
79 0 100 0.0 0.0 0.0
80 1 8 1.0 13.734791927877684 13.734791927877684
81 0 100 0.0 0.0 0.0
82 2 31 9.541850352986048 141.5519192260369 1350.6672304328126
83 0 8 0.0 8.0 0.0
84 1 106 1.0 9.55892689827884 9.55892689827884
85 0 9 0.0 9.0 0.0
86 1 19 1.0 40.84402933782601 40.84402933782601
87 3 44 32.9215577265747 406.27351121486885 13375.156852238497
88 0 6 0.0 6.0 0.0
89 1 100 1.0 0.0 0.0
90 2 13 9.541850352986048 40.41888428935346 385.6709453236695
91 0 100 0.0 0.0 0.0
92 0 100 0.0 0.0 0.0
93 2 13 9.541850352986048 40.41888428935346 385.6709453236695
94 0 100 0.0 0.0 0.0
95 0 100 0.0 0.0 0.0
96 1 7 1.0 11.607984241186918 11.607984241186918
97 0 6 0.0 6.0 0.0
98 1 11 1.0 20.51504931294799 20.51504931294799
99 1 10 1.0 18.1937008646705 18.1937008646705
100 1 107 1.0 11.607984241186918 11.607984241186918
101 1 19 1.0 40.84402933782601 40.84402933782601
102 2 12 9.541850352986048 36.01211998010309 343.62225974392254
103 0 100 0.0 0.0 0.0
104 2 46 9.541850352986048 250.0988923255542 2386.406204018009
105 0 100 0.0 0.0 0.0
106 2 9 9.541850352986048 23.78240930402918 226.9281906125095
107 2 21 9.541850352986048 80.71796600694597 770.1987524356932
108 1 6 1.0 9.55892689827884 9.55892689827884
109 1 17 1.0 35.503281577765854 35.503281577765854
110 0 100 0.0 0.0 0.0
111 4 64 75.61186198841948 1226.095534977771 92707.36637535656
112 1 32 1.0 78.7716859795011 78.7716859795011
113 2 17 9.541850352986048 59.51335422080222 567.8675199791454
114 2 5 9.541850352986048 10.188005914414083 97.21242783067595
115 0 100 0.0 0.0 0.0
116 1 14 1.0 27.799106543625292 27.799106543625292
117 1 14 1.0 27.799106543625292 27.799106543625292
118 2 34 9.541850352986048 161.72412498062124 1543.1473990327004
119 1 106 1.0 9.55892689827884 9.55892689827884
120 3 46 32.9215577265747 435.9769523615719 14353.040404627594
121 2 16 9.541850352986048 54.53075711894446 520.3243240639966
122 0 100 0.0 0.0 0.0
123 2 9 9.541850352986048 23.78240930402918 226.9281906125095
124 0 5 0.0 5.0 0.0
125 0 100 0.0 0.0 0.0
126 1 21 1.0 46.33316012586883 46.33316012586883
127 1 30 1.0 72.61998620345668 72.61998620345668
128 0 100 0.0 0.0 0.0
129 1 40 1.0 104.3443904241405 104.3443904241405
130 2 10 9.541850352986048 27.685321443873434 264.16919419175593
131 0 100 0.0 0.0 0.0
132 0 10 0.0 10.0 0.0
133 0 100 0.0 0.0 0.0
134 2 35 9.541850352986048 168.62869283493262 1609.0297522505775
135 3 51 32.9215577265747 513.5688732735056 16907.48730804564
136 0 10 0.0 10.0 0.0
137 1 12 1.0 22.891970023971037 22.891970023971037
138 1 8 1.0 13.734791927877684 13.734791927877684
139 3 27 32.9215577265747 187.1321231368427 6160.680994346051
140 0 6 0.0 6.0 0.0
141 1 33 1.0 81.88562674252243 81.88562674252243
142 2 27 9.541850352986048 115.98017876588344 1106.66550969663
143 2 31 9.541850352986048 141.5519192260369 1350.6672304328126
144 0 10 0.0 10.0 0.0
145 2 25 9.541850352986048 103.79546451213633 990.4007896934788
146 1 10 1.0 18.1937008646705 18.1937008646705
147 0 100 0.0 0.0 0.0
148 0 100 0.0 0.0 0.0
149 0 100 0.0 0.0 0.0
150 2 33 9.541850352986048 154.90879557685506 1478.1165457556579
151 2 34 9.541850352986048 161.72412498062124 1543.1473990327004
152 1 24 1.0 54.8222930413608 54.8222930413608
153 3 11 32.9215577265747 44.98915580191157 1481.1130898024949
154 1 26 1.0 60.63937356224698 60.63937356224698
155 2 14 9.541850352986048 44.97826169706515 429.17584225083993
156 2 38 9.541850352986048 189.8638195218893 1811.6521533242187
157 1 105 1.0 7.59708563275366 7.59708563275366
158 0 100 0.0 0.0 0.0
159 2 18 9.541850352986048 64.62733255388774 616.6643359418604
160 2 7 9.541850352986048 16.551687764173284 157.9337277350917
161 2 8 9.541850352986048 20.066939702021244 191.47573567908114
162 0 10 0.0 10.0 0.0
163 2 40 9.541850352986048 204.4421003683832 1950.7559275652661
164 3 39 32.9215577265747 335.47304520277595 11044.29522335299
165 0 5 0.0 5.0 0.0
166 0 100 0.0 0.0 0.0
167 1 17 1.0 35.503281577765854 35.503281577765854
168 0 100 0.0 0.0 0.0
169 2 25 9.541850352986048 103.79546451213633 990.4007896934788
170 1 30 1.0 72.61998620345668 72.61998620345668
171 2 25 9.541850352986048 103.79546451213633 990.4007896934788
172 0 100 0.0 0.0 0.0
173 2 37 9.541850352986048 182.69988024795316 1743.2949168344405
174 1 17 1.0 35.503281577765854 35.503281577765854
175 1 7 1.0 11.607984241186918 11.607984241186918
176 0 5 0.0 5.0 0.0
177 0 5 0.0 5.0 0.0
178 3 30 32.9215577265747 221.1993434691573 7282.2269551002855
179 2 14 9.541850352986048 44.97826169706515 429.17584225083993
180 1 20 1.0 43.57075425423803 43.57075425423803
181 1 9 1.0 15.931997307697284 15.931997307697284
182 1 6 1.0 9.55892689827884 9.55892689827884
183 1 6 1.0 9.55892689827884 9.55892689827884
184 1 28 1.0 66.57403288693754 66.57403288693754
185 3 37 32.9215577265747 308.57807572808247 10158.870933237406
186 2 22 9.541850352986048 86.31942417916456 823.6470280735138
187 0 100 0.0 0.0 0.0
188 1 23 1.0 51.960050539976365 51.960050539976365
189 3 41 32.9215577265747 363.1907597716439 11956.805563580698
190 1 5 1.0 7.59708563275366 7.59708563275366
191 3 45 32.9215577265747 421.0282951259743 13860.907322511091
192 0 100 0.0 0.0 0.0
193 2 27 9.541850352986048 115.98017876588344 1106.66550969663
194 2 30 9.541850352986048 135.01359299654277 1288.2794999919763
195 2 39 9.541850352986048 197.11162840858907 1880.8096611081503
196 2 10 9.541850352986048 27.685321443873434 264.16919419175593
197 2 7 9.541850352986048 16.551687764173284 157.9337277350917
198 2 29 9.541850352986048 128.5709592386038 1226.8048527946264
199 1 15 1.0 30.323695983612147 30.323695983612147
