0 2 40 9.541850352986048 204.4421003683832 1950.7559275652661
1 0 100 0.0 0.0 0.0
2 0 100 0.0 0.0 0.0
3 0 100 0.0 0.0 0.0
4 0 100 0.0 0.0 0.0
5 1 9 1.0 15.931997307697284 15.931997307697284
6 8 197 459.67273235884244 13572.24668173896 6238791.71644318
7 0 100 0.0 0.0 0.0
8 18 329 2436.3877014920204 5210623.385138517 12695098732.658203
9 0 100 0.0 0.0 0.0
10 8 120 459.67273235884244 21128.626944217714 9712253.678439217
11 0 100 0.0 0.0 0.0
12 0 100 0.0 0.0 0.0
13 5 61 139.6884681067044 1754.5251914699081 245086.93625105367
14 4 63 75.61186198841948 1193.5182370479756 90244.13622033325
15 0 5 0.0 5.0 0.0
16 4 65 75.61186198841948 1259.0362466163215 95198.07491757096
17 0 10 0.0 10.0 0.0
18 0 100 0.0 0.0 0.0
19 9 143 604.9491004987461 44007.90838050506 26622544.58961777
20 9 146 604.9491004987461 46021.08717513291 27840415.290571038
21 2 116 9.541850352986048 54.53075711894446 520.3243240639966
22 5 69 139.6884681067044 2194.8788310889477 306599.26159464906
23 2 33 9.541850352986048 154.90879557685506 1478.1165457556579
24 13 136 1331.5823725933528 138717.8328505532 184714220.9881478
25 0 5 0.0 5.0 0.0
26 6 226 225.58275470837765 10419.918236435944 2350553.8596112807
27 0 100 0.0 0.0 0.0
28 2 29 9.541850352986048 128.5709592386038 1226.8048527946264
29 9 143 604.9491004987461 44007.90838050506 26622544.58961777
30 9 124 604.9491004987461 32369.82111547107 19582094.16710954
31 0 100 0.0 0.0 0.0
32 18 254 2436.3877014920204 2612535.823842496 6365150150.917181
33 1 9 1.0 15.931997307697284 15.931997307697284
34 0 100 0.0 0.0 0.0
35 1 11 1.0 20.51504931294799 20.51504931294799
36 0 6 0.0 6.0 0.0
37 1 101 1.0 1.0 1.0
38 0 100 0.0 0.0 0.0
39 2 13 9.541850352986048 40.41888428935346 385.6709453236695
40 9 96 604.9491004987461 18649.78843579835 11282172.738728128
41 0 10 0.0 10.0 0.0
42 2 22 9.541850352986048 86.31942417916456 823.6470280735138
43 0 100 0.0 0.0 0.0
44 0 100 0.0 0.0 0.0
45 3 67 32.9215577265747 791.9778998728451 26073.146148835265
46 2 22 9.541850352986048 86.31942417916456 823.6470280735138
47 2 123 9.541850352986048 92.0346545141889 878.1809006631623
48 1 105 1.0 7.59708563275366 7.59708563275366
49 1 6 1.0 9.55892689827884 9.55892689827884
50 2 40 9.541850352986048 204.4421003683832 1950.7559275652661
51 0 100 0.0 0.0 0.0
52 11 183 942.9223974109915 151258.56329001058 142625087.12635896
53 2 24 9.541850352986048 97.86086952638261 933.7737724338355
54 0 10 0.0 10.0 0.0
55 0 100 0.0 0.0 0.0
56 0 100 0.0 0.0 0.0
57 9 220 604.9491004987461 30162.00470437385 18246477.615149908
58 0 100 0.0 0.0 0.0
59 0 100 0.0 0.0 0.0
60 0 100 0.0 0.0 0.0
61 3 39 32.9215577265747 335.47304520277595 11044.29522335299
62 0 5 0.0 5.0 0.0
63 2 130 9.541850352986048 135.01359299654277 1288.2794999919763
64 0 100 0.0 0.0 0.0
65 22 319 3370.209833397988 13196162.29085911 44473835915.7691
66 6 112 225.58275470837765 8317.887761606735 1876372.0346183486
67 0 100 0.0 0.0 0.0
68 1 101 1.0 1.0 1.0
69 2 113 9.541850352986048 40.41888428935346 385.6709453236695
70 1 103 1.0 3.9914906122521803 3.9914906122521803
71 16 234 1979.1134619514044 1235722.966879415 2445635958.99358
72 0 100 0.0 0.0 0.0
73 0 100 0.0 0.0 0.0
74 0 5 0.0 5.0 0.0
75 3 28 32.9215577265747 198.25318874016915 6526.8037975869875
76 0 100 0.0 0.0 0.0
77 0 100 0.0 0.0 0.0
78 0 5 0.0 5.0 0.0
79 2 30 9.541850352986048 135.01359299654277 1288.2794999919763
80 0 10 0.0 10.0 0.0
81 0 100 0.0 0.0 0.0
82 3 160 32.9215577265747 664.7206420100937 21883.638987981092
83 0 6 0.0 6.0 0.0
84 1 19 1.0 40.84402933782601 40.84402933782601
85 0 6 0.0 6.0 0.0
86 2 121 9.541850352986048 80.71796600694597 770.1987524356932
87 0 100 0.0 0.0 0.0
88 0 100 0.0 0.0 0.0
89 0 6 0.0 6.0 0.0
90 0 100 0.0 0.0 0.0
91 0 100 0.0 0.0 0.0
92 1 102 1.0 2.3948263510722025 2.3948263510722025
93 3 36 32.9215577265747 295.444715883087 9726.500268956508
94 0 100 0.0 0.0 0.0
95 0 100 0.0 0.0 0.0
96 1 105 1.0 7.59708563275366 7.59708563275366
97 0 5 0.0 5.0 0.0
98 0 100 0.0 0.0 0.0
99 2 128 9.541850352986048 122.22584512913716 1166.2607234894754
100 3 135 32.9215577265747 282.5239294230334 9301.12785163911
101 1 27 1.0 63.59241768810072 63.59241768810072
102 10 179 766.6651705632711 102400.07810093557 78506573.34294605
103 10 186 766.6651705632711 111519.70276643366 85498271.94259316
104 14 217 1540.4353185285338 578369.2658744982 890940444.3044969
105 7 121 332.66880679862265 14641.0 4870604.0003386345
106 3 34 32.9215577265747 269.81820202916316 8882.83551378369
107 1 31 1.0 75.68293941204132 75.68293941204132
108 9 175 604.9491004987461 67995.31391785582 41133703.99273675
109 0 100 0.0 0.0 0.0
110 22 328 3370.209833397988 14282707.742382593 48135722080.92739
111 0 100 0.0 0.0 0.0
112 13 208 1331.5823725933528 386244.5945999156 514316493.6787133
113 19 232 2668.9360872348193 2635859.5049767387 7034940553.713325
114 0 6 0.0 6.0 0.0
115 12 218 1131.8354418063404 315132.98931001755 356678686.1834565
116 2 19 9.541850352986048 69.8685662777562 666.6754038000371
117 6 72 225.58275470837765 3572.3109038912485 805851.7343745624
118 0 100 0.0 0.0 0.0
119 0 100 0.0 0.0 0.0
120 18 254 2436.3877014920204 2612535.823842496 6365150150.917181
121 0 100 0.0 0.0 0.0
122 19 184 2668.9360872348193 1404951.7097358394 3749726318.9362407
123 11 169 942.9223974109915 126062.89696644363 118867529.03217383
124 2 19 9.541850352986048 69.8685662777562 666.6754038000371
125 0 100 0.0 0.0 0.0
126 2 19 9.541850352986048 69.8685662777562 666.6754038000371
127 0 100 0.0 0.0 0.0
128 16 222 1979.1134619514044 1079280.1966028772 2136017966.3143127
129 5 71 139.6884681067044 2311.8500842163953 322938.7967565438
130 0 100 0.0 0.0 0.0
131 9 105 604.9491004987461 22621.44489281392 13684822.739889735
132 20 332 2902.6872563902634 9028774.59933211 26207708970.30142
133 3 45 32.9215577265747 421.0282951259743 13860.907322511091
134 18 362 2436.3877014920204 6724533.604247933 16383570971.659473
135 16 290 1979.1134619514044 2145451.2013085424 4246091354.4695487
136 1 102 1.0 2.3948263510722025 2.3948263510722025
137 15 261 1756.7778603087352 1229001.7193264086 2159083010.794005
138 9 96 604.9491004987461 18649.78843579835 11282172.738728128
139 14 222 1540.4353185285338 611792.3416496987 942426530.6824712
140 8 149 459.67273235884244 33144.35724984052 15235557.2593118
141 11 216 942.9223974109915 221087.86970014448 208468704.13614914
142 6 203 225.58275470837765 7086.292798564201 1598545.450170251
143 16 344 1979.1134619514044 3328174.026710203 6586834019.979176
144 6 56 225.58275470837765 2208.835584533681 498275.2158569973
145 6 109 225.58275470837765 7896.900764171442 1781404.6280404862
146 20 319 2902.6872563902634 8086650.02528102 23473015975.27122
147 8 204 459.67273235884244 15689.114034349886 7211857.916459074
148 8 138 459.67273235884244 28257.118371009565 12989026.81018921
149 16 212 1979.1134619514044 958659.9250412829 1897296763.0825272
150 8 91 459.67273235884244 11884.209766134405 5462847.1751246415
151 7 123 332.66880679862265 15129.0 5032946.378056362
152 14 244 1540.4353185285338 772341.9349328609 1189742794.5512457
153 22 408 3370.209833397988 26568695.620848633 89542079241.94212
154 21 249 3136.7198300107975 5178986.925768588 16245030989.424988
155 9 151 604.9491004987461 49483.85481657476 29935213.46049745
156 8 116 459.67273235884244 19689.9977613532 9050955.071100716
157 17 266 2206.0678959513543 2264580.0715503925 4995817393.658542
158 22 309 3370.209833397988 12053431.408925803 40622593060.549904
159 19 267 2668.9360872348193 3859801.003666806 10301562188.231514
160 2 15 9.541850352986048 49.68406405407534 474.0779041321602
161 20 278 2902.6872563902634 5532663.737682136 16059592525.262459
162 13 231 1331.5823725933528 497325.9591017296 662230480.5729458
163 11 159 942.9223974109915 109632.99624762133 103375407.65715733
164 16 272 1979.1134619514044 1819542.5002071268 3601081056.7526407
165 21 251 3136.7198300107975 5296392.334445982 16613298862.973892
166 0 100 0.0 0.0 0.0
167 15 356 1756.7778603087352 1170535.1266363002 2056370195.188334
168 21 328 3136.7198300107975 11209273.376395466 35160350079.75175
169 9 158 604.9491004987461 54558.58518037661 33005167.029353052
170 21 289 3136.7198300107975 7861991.032627073 24660863175.40841
171 11 147 942.9223974109915 91604.76025632706 86376180.15515503
172 11 294 942.9223974109915 447821.2412583378 422260678.4188779
173 17 279 2206.0678959513543 2566233.4961421206 5661285329.3541355
174 19 183 2668.9360872348193 1384321.9164168367 3694666719.074959
175 18 243 2436.3877014920204 2321430.6473812955 5655905079.146447
176 16 229 1979.1134619514044 1168965.0661720326 2313514499.011984
177 0 100 0.0 0.0 0.0
178 20 278 2902.6872563902634 5532663.737682136 16059592525.262459
179 20 328 2902.6872563902634 8731827.995473778 25345765847.453472
180 10 154 766.6651705632711 73282.88036813155 56183431.976801366
181 15 212 1756.7778603087352 727778.1968317925 1278544623.4095058
182 8 135 459.67273235884244 26994.34596231654 12408564.76673793
183 16 148 1979.1134619514044 380499.41702010063 753051518.4891425
184 10 139 766.6651705632711 58347.49958109673 44732995.71828191
185 13 205 1331.5823725933528 372954.3568141739 496619447.3156456
186 12 261 1131.8354418063404 481205.57771065657 544645527.6478163
187 9 177 604.9491004987461 69680.55278268627 42153187.72814146
188 22 317 3370.209833397988 12962233.797292976 43685447806.44053
189 4 64 75.61186198841948 1226.095534977771 92707.36637535656
190 5 189 139.6884681067044 3485.593399577667 486897.20242984424
191 15 232 1756.7778603087352 913389.9123655237 1604623175.873088
192 11 124 942.9223974109915 62049.63588533698 58507991.42748104
193 20 337 2902.6872563902634 9408908.442438457 27311118632.40887
194 12 166 1131.8354418063404 166041.6949118759 187931875.11885667
195 9 262 604.9491004987461 57577.89660287633 34831696.75851985
196 10 179 766.6651705632711 102400.07810093557 78506573.34294605
197 11 126 942.9223974109915 64364.76015630769 60690973.95536911
198 13 207 1331.5823725933528 381784.2534940421 508377182.08637863
199 8 178 459.67273235884244 8624.131594582768 3964278.134304082
