0 1 101 1.0 1.0 1.0
1 0 6 0.0 6.0 0.0
2 0 100 0.0 0.0 0.0
3 0 10 0.0 10.0 0.0
4 0 100 0.0 0.0 0.0
5 0 100 0.0 0.0 0.0
6 0 100 0.0 0.0 0.0
7 0 100 0.0 0.0 0.0
8 1 13 1.0 25.320989780782124 25.320989780782124
9 0 100 0.0 0.0 0.0
10 0 100 0.0 0.0 0.0
11 1 18 1.0 38.15436697768484 38.15436697768484
12 0 100 0.0 0.0 0.0
13 0 100 0.0 0.0 0.0
14 0 100 0.0 0.0 0.0
15 0 100 0.0 0.0 0.0
16 0 5 0.0 5.0 0.0
17 0 100 0.0 0.0 0.0
18 0 100 0.0 0.0 0.0
19 1 12 1.0 22.891970023971037 22.891970023971037
20 0 100 0.0 0.0 0.0
21 0 100 0.0 0.0 0.0
22 0 100 0.0 0.0 0.0
23 0 100 0.0 0.0 0.0
24 0 100 0.0 0.0 0.0
25 1 7 1.0 11.607984241186918 11.607984241186918
26 1 33 1.0 81.88562674252243 81.88562674252243
27 0 100 0.0 0.0 0.0
28 0 11 0.0 11.0 0.0
29 0 10 0.0 10.0 0.0
30 0 100 0.0 0.0 0.0
31 1 111 1.0 20.51504931294799 20.51504931294799
32 0 10 0.0 10.0 0.0
33 0 100 0.0 0.0 0.0
34 0 10 0.0 10.0 0.0
35 1 104 1.0 5.735193251789799 5.735193251789799
36 0 5 0.0 5.0 0.0
37 0 10 0.0 10.0 0.0
38 0 100 0.0 0.0 0.0
39 0 5 0.0 5.0 0.0
40 0 100 0.0 0.0 0.0
41 0 100 0.0 0.0 0.0
42 0 100 0.0 0.0 0.0
43 0 100 0.0 0.0 0.0
44 0 100 0.0 0.0 0.0
45 0 100 0.0 0.0 0.0
46 2 58 9.541850352986048 349.384203814786 3333.771788497865
47 2 26 9.541850352986048 109.8359986590007 1048.0386625749609
48 0 100 0.0 0.0 0.0
49 0 100 0.0 0.0 0.0
50 0 100 0.0 0.0 0.0
51 1 10 1.0 18.1937008646705 18.1937008646705
52 0 100 0.0 0.0 0.0
53 0 100 0.0 0.0 0.0
54 0 100 0.0 0.0 0.0
55 0 100 0.0 0.0 0.0
56 0 100 0.0 0.0 0.0
57 0 100 0.0 0.0 0.0
58 0 100 0.0 0.0 0.0
59 0 100 0.0 0.0 0.0
60 0 100 0.0 0.0 0.0
61 0 6 0.0 6.0 0.0
62 1 6 1.0 9.55892689827884 9.55892689827884
63 0 100 0.0 0.0 0.0
64 0 10 0.0 10.0 0.0
65 0 100 0.0 0.0 0.0
66 0 100 0.0 0.0 0.0
67 1 13 1.0 25.320989780782124 25.320989780782124
68 0 9 0.0 9.0 0.0
69 0 100 0.0 0.0 0.0
70 0 100 0.0 0.0 0.0
71 1 18 1.0 38.15436697768484 38.15436697768484
72 0 100 0.0 0.0 0.0
73 0 100 0.0 0.0 0.0
74 0 100 0.0 0.0 0.0
75 0 100 0.0 0.0 0.0
76 0 100 0.0 0.0 0.0
77 0 100 0.0 0.0 0.0
78 0 100 0.0 0.0 0.0
79 0 6 0.0 6.0 0.0
80 0 5 0.0 5.0 0.0
81 0 100 0.0 0.0 0.0
82 0 100 0.0 0.0 0.0
83 5 59 139.6884681067044 1651.3976308733363 230681.20529173722
84 0 100 0.0 0.0 0.0
85 0 10 0.0 10.0 0.0
86 1 100 1.0 0.0 0.0
87 0 100 0.0 0.0 0.0
88 0 100 0.0 0.0 0.0
89 0 100 0.0 0.0 0.0
90 0 10 0.0 10.0 0.0
91 0 5 0.0 5.0 0.0
92 0 100 0.0 0.0 0.0
93 0 100 0.0 0.0 0.0
94 0 100 0.0 0.0 0.0
95 0 100 0.0 0.0 0.0
96 0 100 0.0 0.0 0.0
97 0 100 0.0 0.0 0.0
98 0 100 0.0 0.0 0.0
99 0 6 0.0 6.0 0.0
100 1 9 1.0 15.931997307697284 15.931997307697284
101 0 100 0.0 0.0 0.0
102 0 100 0.0 0.0 0.0
103 0 100 0.0 0.0 0.0
104 0 100 0.0 0.0 0.0
105 0 5 0.0 5.0 0.0
106 0 100 0.0 0.0 0.0
107 0 100 0.0 0.0 0.0
108 0 100 0.0 0.0 0.0
109 0 100 0.0 0.0 0.0
110 0 100 0.0 0.0 0.0
111 1 117 1.0 35.503281577765854 35.503281577765854
112 0 100 0.0 0.0 0.0
113 0 100 0.0 0.0 0.0
114 0 100 0.0 0.0 0.0
115 1 11 1.0 20.51504931294799 20.51504931294799
116 0 100 0.0 0.0 0.0
117 0 100 0.0 0.0 0.0
118 0 100 0.0 0.0 0.0
119 0 100 0.0 0.0 0.0
120 0 8 0.0 8.0 0.0
121 1 43 1.0 114.29870016819844 114.29870016819844
122 0 5 0.0 5.0 0.0
123 0 100 0.0 0.0 0.0
124 0 10 0.0 10.0 0.0
125 0 100 0.0 0.0 0.0
126 0 100 0.0 0.0 0.0
127 0 5 0.0 5.0 0.0
128 0 100 0.0 0.0 0.0
129 0 100 0.0 0.0 0.0
130 0 100 0.0 0.0 0.0
131 0 100 0.0 0.0 0.0
132 0 6 0.0 6.0 0.0
133 0 100 0.0 0.0 0.0
134 0 100 0.0 0.0 0.0
135 0 100 0.0 0.0 0.0
136 0 10 0.0 10.0 0.0
137 0 100 0.0 0.0 0.0
138 0 100 0.0 0.0 0.0
139 0 10 0.0 10.0 0.0
140 0 5 0.0 5.0 0.0
141 0 100 0.0 0.0 0.0
142 0 6 0.0 6.0 0.0
143 0 100 0.0 0.0 0.0
144 0 100 0.0 0.0 0.0
145 0 5 0.0 5.0 0.0
146 0 100 0.0 0.0 0.0
147 2 11 9.541850352986048 31.76494829034237 303.0963830567869
148 0 5 0.0 5.0 0.0
149 0 6 0.0 6.0 0.0
150 0 100 0.0 0.0 0.0
151 0 100 0.0 0.0 0.0
152 0 100 0.0 0.0 0.0
153 0 100 0.0 0.0 0.0
154 0 100 0.0 0.0 0.0
155 0 6 0.0 6.0 0.0
156 0 100 0.0 0.0 0.0
157 0 100 0.0 0.0 0.0
158 0 100 0.0 0.0 0.0
159 1 16 1.0 32.892441635375256 32.892441635375256
160 0 100 0.0 0.0 0.0
161 0 100 0.0 0.0 0.0
162 0 10 0.0 10.0 0.0
163 0 100 0.0 0.0 0.0
164 0 5 0.0 5.0 0.0
165 0 100 0.0 0.0 0.0
166 0 100 0.0 0.0 0.0
167 0 100 0.0 0.0 0.0
168 0 100 0.0 0.0 0.0
169 0 11 0.0 11.0 0.0
170 0 6 0.0 6.0 0.0
171 0 8 0.0 8.0 0.0
172 1 19 1.0 40.84402933782601 40.84402933782601
173 0 10 0.0 10.0 0.0
174 0 11 0.0 11.0 0.0
175 0 15 0.0 15.0 0.0
176 0 100 0.0 0.0 0.0
177 1 10 1.0 18.1937008646705 18.1937008646705
178 1 24 1.0 54.8222930413608 54.8222930413608
179 1 100 1.0 0.0 0.0
180 0 9 0.0 9.0 0.0
181 1 25 1.0 57.71571011139208 57.71571011139208
182 0 100 0.0 0.0 0.0
183 0 100 0.0 0.0 0.0
184 0 11 0.0 11.0 0.0
185 1 11 1.0 20.51504931294799 20.51504931294799
186 0 100 0.0 0.0 0.0
187 1 16 1.0 32.892441635375256 32.892441635375256
188 0 100 0.0 0.0 0.0
189 1 14 1.0 27.799106543625292 27.799106543625292
190 0 11 0.0 11.0 0.0
191 1 56 1.0 159.43324825478544 159.43324825478544
192 1 17 1.0 35.503281577765854 35.503281577765854
193 0 100 0.0 0.0 0.0
194 0 11 0.0 11.0 0.0
195 0 100 0.0 0.0 0.0
196 0 100 0.0 0.0 0.0
197 1 11 1.0 20.51504931294799 20.51504931294799
198 1 11 1.0 20.51504931294799 20.51504931294799
199 1 11 1.0 20.51504931294799 20.51504931294799
