0 0 100 0.0 0.0 0.0
1 2 17 9.541850352986048 59.51335422080222 567.8675199791454
2 2 11 9.541850352986048 31.76494829034237 303.0963830567869
3 1 10 1.0 18.1937008646705 18.1937008646705
4 0 100 0.0 0.0 0.0
5 0 5 0.0 5.0 0.0
6 10 230 766.6651705632711 178828.0688431483 137101251.90113267
7 5 146 139.6884681067044 1050.58572833688 146754.71100614508
8 0 100 0.0 0.0 0.0
9 0 100 0.0 0.0 0.0
10 0 100 0.0 0.0 0.0
11 0 100 0.0 0.0 0.0
12 12 125 1131.8354418063404 85219.1603028128 96454065.95169948
13 5 97 139.6884681067044 4075.7152237055247 569330.4160385987
14 0 100 0.0 0.0 0.0
15 8 113 459.67273235884244 18645.55254126269 8570852.082982577
16 0 100 0.0 0.0 0.0
17 4 133 75.61186198841948 395.0229353848392 29868.419672578806
18 0 100 0.0 0.0 0.0
19 0 100 0.0 0.0 0.0
20 1 105 1.0 7.59708563275366 7.59708563275366
21 5 97 139.6884681067044 4075.7152237055247 569330.4160385987
22 1 12 1.0 22.891970023971037 22.891970023971037
23 0 100 0.0 0.0 0.0
24 9 120 604.9491004987461 30162.00470437385 18246477.615149908
25 2 40 9.541850352986048 204.4421003683832 1950.7559275652661
26 0 100 0.0 0.0 0.0
27 7 174 332.66880679862265 5476.0 1821694.3860292577
28 0 100 0.0 0.0 0.0
29 0 6 0.0 6.0 0.0
30 10 130 766.6651705632711 50276.83473577485 38545498.078084216
31 15 226 1756.7778603087352 855030.3929098479 1502098464.1550996
32 20 275 2902.6872563902634 5369501.193482216 15585982687.49314
33 4 38 75.61186198841948 502.796158813779 38017.3537685349
34 0 100 0.0 0.0 0.0
35 6 181 225.58275470837765 4475.076918624486 1009500.1788351899
36 13 144 1331.5823725933528 159206.45186608878 211996504.90801594
37 0 100 0.0 0.0 0.0
38 2 115 9.541850352986048 49.68406405407534 474.0779041321602
39 1 29 1.0 69.58346013935528 69.58346013935528
40 0 100 0.0 0.0 0.0
41 0 100 0.0 0.0 0.0
42 1 21 1.0 46.33316012586883 46.33316012586883
43 0 100 0.0 0.0 0.0
44 0 100 0.0 0.0 0.0
45 0 100 0.0 0.0 0.0
46 5 76 139.6884681067044 2616.164871066153 365448.0631538047
47 3 134 32.9215577265747 269.81820202916316 8882.83551378369
48 5 60 139.6884681067044 1702.6102917613564 237835.0234388529
49 0 100 0.0 0.0 0.0
50 2 112 9.541850352986048 36.01211998010309 343.62225974392254
51 12 169 1131.8354418063404 173183.80963665945 196015573.69381362
52 0 100 0.0 0.0 0.0
53 9 138 604.9491004987461 40759.58337596822 24657473.29999562
54 0 100 0.0 0.0 0.0
55 0 24 0.0 24.0 0.0
56 1 103 1.0 3.9914906122521803 3.9914906122521803
57 0 100 0.0 0.0 0.0
58 1 109 1.0 15.931997307697284 15.931997307697284
59 1 24 1.0 54.8222930413608 54.8222930413608
60 6 198 225.58275470837765 6442.856405219488 1453397.2960799276
61 9 200 604.9491004987461 20364.295018889265 12319361.953968156
62 0 100 0.0 0.0 0.0
63 0 10 0.0 10.0 0.0
64 11 145 942.9223974109915 88776.38799713296 83709244.60374498
65 0 100 0.0 0.0 0.0
66 0 100 0.0 0.0 0.0
67 1 18 1.0 38.15436697768484 38.15436697768484
68 0 100 0.0 0.0 0.0
69 6 103 225.58275470837765 7086.292798564201 1598545.450170251
70 1 106 1.0 9.55892689827884 9.55892689827884
71 9 97 604.9491004987461 19070.84539875929 11536890.769730086
72 0 100 0.0 0.0 0.0
73 1 17 1.0 35.503281577765854 35.503281577765854
74 11 191 942.9223974109915 166825.62725766937 157303620.40339404
75 1 9 1.0 15.931997307697284 15.931997307697284
76 14 198 1540.4353185285338 461384.9487595967 710733670.5067606
77 8 66 459.67273235884244 6092.617388755455 2800610.082306216
78 5 164 139.6884681067044 1914.4623288244568 267428.3099614821
79 0 100 0.0 0.0 0.0
80 0 100 0.0 0.0 0.0
81 4 131 75.61186198841948 354.97079584466536 26840.002825326264
82 0 100 0.0 0.0 0.0
83 0 100 0.0 0.0 0.0
84 4 47 75.61186198841948 723.181183304868 54681.07582466957
85 17 242 2206.0678959513543 1767517.0253857954 3899262565.251038
86 1 26 1.0 60.63937356224698 60.63937356224698
87 0 100 0.0 0.0 0.0
88 1 16 1.0 32.892441635375256 32.892441635375256
89 3 37 32.9215577265747 308.57807572808247 10158.870933237406
90 0 100 0.0 0.0 0.0
91 7 175 332.66880679862265 5625.0 1871262.0382422525
92 6 89 225.58275470837765 5358.570280584671 1208801.0451927343
93 0 100 0.0 0.0 0.0
94 2 110 9.541850352986048 27.685321443873434 264.16919419175593
95 13 208 1331.5823725933528 386244.5945999156 514316493.6787133
96 0 100 0.0 0.0 0.0
97 0 16 0.0 16.0 0.0
98 0 5 0.0 5.0 0.0
99 11 148 942.9223974109915 93037.70552118453 87727336.33965315
100 10 173 766.6651705632711 94922.67645061052 72773909.93132952
101 4 63 75.61186198841948 1193.5182370479756 90244.13622033325
102 4 40 75.61186198841948 548.8883970182196 41502.47372238642
103 6 75 225.58275470837765 3862.4525781644106 871302.6925128031
104 3 71 32.9215577265747 868.3392862126454 28587.081937302275
105 0 100 0.0 0.0 0.0
106 13 177 1331.5823725933528 261779.3457680394 348580762.3337416
107 5 243 139.6884681067044 8250.979311199064 1152566.6603615081
108 0 100 0.0 0.0 0.0
109 3 153 32.9215577265747 545.90532331836 17972.053614869816
110 7 119 332.66880679862265 14161.0 4710922.973075296
111 0 100 0.0 0.0 0.0
112 0 100 0.0 0.0 0.0
113 0 100 0.0 0.0 0.0
114 6 145 225.58275470837765 1453.723360477042 327934.92024033103
115 15 303 1756.7778603087352 1789961.1439168123 3144564108.4459534
116 0 100 0.0 0.0 0.0
117 0 100 0.0 0.0 0.0
118 8 115 459.67273235884244 19338.564883686733 8889410.959983042
119 12 152 1131.8354418063404 134972.2574092887 152766384.5964414
120 10 119 766.6651705632711 41302.383909052856 31665099.20430371
121 8 94 459.67273235884244 12713.68154955962 5844132.736226273
122 4 67 75.61186198841948 1326.001420918201 100261.43643491513
123 7 239 332.66880679862265 19321.0 6427494.016156188
124 9 162 604.9491004987461 57577.89660287633 34831696.75851985
125 10 91 766.6651705632711 22744.11555159413 17437121.22867366
126 0 100 0.0 0.0 0.0
127 4 73 75.61186198841948 1535.4556318691968 116098.65932623514
128 14 150 1540.4353185285338 232649.72200523777 358381848.62271327
129 16 242 1979.1134619514044 1347288.3860441179 2666436581.950694
130 14 146 1540.4353185285338 217647.23089800542 335271481.4552223
131 3 51 32.9215577265747 513.5688732735056 16907.48730804564
132 0 100 0.0 0.0 0.0
133 11 139 942.9223974109915 80589.62366227401 75989761.15008098
134 8 85 459.67273235884244 10312.241978741979 4740256.447113881
135 16 211 1979.1134619514044 947075.6893985047 1874370246.3754876
136 16 191 1979.1134619514044 733126.8154029138 1450941149.681469
137 11 163 942.9223974109915 116050.04572860713 109426187.33807343
138 7 47 332.66880679862265 2209.0 734865.3942181574
139 6 79 225.58275470837765 4266.090224510861 962356.3846796412
140 6 60 225.58275470837765 2520.4667612931225 568573.8351634055
141 8 190 459.67273235884244 11614.171379010651 5338717.891873691
142 10 128 766.6651705632711 48572.78656303952 37239063.695086055
143 4 168 75.61186198841948 1360.0227175454593 102833.85002016247
144 11 187 942.9223974109915 158934.75897945854 149863143.96884915
145 11 74 942.9223974109915 19031.470425830732 17945199.720180698
146 3 76 32.9215577265747 967.3986454236635 31848.270349925308
147 10 120 766.6651705632711 42078.2525506963 32259930.668783974
148 10 167 766.6651705632711 87756.07261047284 67279524.37587096
149 0 100 0.0 0.0 0.0
150 14 199 1540.4353185285338 467153.07741970307 719619099.6166052
151 17 231 2206.0678959513543 1564644.7799730715 3451712617.666464
152 15 304 1756.7778603087352 1804884.371646597 3170780904.525985
153 1 102 1.0 2.3948263510722025 2.3948263510722025
154 1 107 1.0 11.607984241186918 11.607984241186918
155 5 156 139.6884681067044 1501.9949206988383 209811.36957647165
156 14 185 1540.4353185285338 390235.0653136485 601131877.1374333
157 8 291 459.67273235884244 55557.2329062685 25538145.052321035
158 16 201 1979.1134619514044 835921.7437574987 1654383976.208358
159 15 168 1756.7778603087352 404974.812625479 711450784.80312
160 6 202 225.58275470837765 6955.268535289175 1568988.635927035
161 15 199 1756.7778603087352 620507.1114262982 1090093155.517846
162 4 70 75.61186198841948 1429.1350405139644 108059.56144615616
163 13 159 1331.5823725933528 202153.0273720448 269183407.8149964
164 19 234 2668.9360872348193 2697995.747845487 7200778214.630915
165 8 121 459.67273235884244 21496.519829988905 9881364.00645704
166 10 100 766.6651705632711 28051.764298663686 21506310.660635673
167 13 259 1331.5823725933528 202153.0273720448 269183407.8149964
168 14 223 1540.4353185285338 618611.2410048468 952930604.0826327
169 13 158 1331.5823725933528 199102.34251479528 265121169.63474548
170 11 167 942.9223974109915 122673.4003024803 115671496.71177296
171 4 77 75.61186198841948 1682.1075637745857 127187.28496180048
172 16 194 1979.1134619514044 763101.788190039 1510265021.8460953
173 2 12 9.541850352986048 36.01211998010309 343.62225974392254
174 11 210 942.9223974109915 207278.85551015017 195447875.3702373
175 9 220 604.9491004987461 30162.00470437385 18246477.615149908
176 10 136 766.6651705632711 55583.77703491517 42614145.901024066
177 10 130 766.6651705632711 50276.83473577485 38545498.078084216
178 10 140 766.6651705632711 59285.163668541216 45451870.11581359
179 17 282 2206.0678959513543 2639181.536725138 5822213659.7568865
180 13 203 1331.5823725933528 364245.1060790388 485022362.558244
181 9 159 604.9491004987461 55305.24634977481 33456859.032157835
182 8 209 459.67273235884244 17298.876533787272 7951821.843024257
183 13 230 1331.5823725933528 492152.9289485213 655342164.8080398
184 15 195 1756.7778603087352 589556.7603124293 1035720263.9122194
185 8 99 459.67273235884244 14160.822691605603 6509344.059099445
186 6 130 225.58275470837765 11061.859988496359 2495364.8484033914
187 15 193 1756.7778603087352 574438.4857657645 1009160813.9025695
188 6 84 225.58275470837765 4797.4874870676995 1082230.443011704
189 6 172 225.58275470837765 3572.3109038912485 805851.7343745624
190 13 177 1331.5823725933528 261779.3457680394 348580762.3337416
191 9 114 604.9491004987461 27006.4292253054 16337515.067531552
192 5 89 139.6884681067044 3485.593399577667 486897.20242984424
193 11 108 942.9223974109915 45224.9679862338 42643635.23641492
194 8 192 459.67273235884244 12157.47237943942 5588458.547234075
195 14 180 1540.4353185285338 364737.38743937964 561854353.599446
196 13 209 1331.5823725933528 390735.2774924319 520296207.8592946
197 13 198 1331.5823725933528 342996.6210458748 456728254.4437691
198 10 109 766.6651705632711 33977.85568453712 26049638.52375986
199 13 198 1331.5823725933528 342996.6210458748 456728254.4437691
