0 4 159 75.61186198841948 1066.8769814059906 80668.55507669134
1 0 100 0.0 0.0 0.0
2 0 10 0.0 10.0 0.0
3 0 6 0.0 6.0 0.0
4 0 100 0.0 0.0 0.0
5 2 28 9.541850352986048 122.22584512913716 1166.2607234894754
6 2 26 9.541850352986048 109.8359986590007 1048.0386625749609
7 0 100 0.0 0.0 0.0
8 1 37 1.0 94.5824071263594 94.5824071263594
9 4 92 75.61186198841948 2280.4993308091553 172432.80066582482
10 19 273 2668.9360872348193 4099801.273584144 10942107569.559996
11 1 6 1.0 9.55892689827884 9.55892689827884
12 0 100 0.0 0.0 0.0
13 14 149 1540.4353185285338 228843.30690871205 352518312.3710449
14 1 114 1.0 27.799106543625292 27.799106543625292
15 1 104 1.0 5.735193251789799 5.735193251789799
16 0 6 0.0 6.0 0.0
17 2 36 9.541850352986048 175.6210676402407 1675.7499462548174
18 0 100 0.0 0.0 0.0
19 8 160 459.67273235884244 38437.428033367876 17668637.56894458
20 1 101 1.0 1.0 1.0
21 0 5 0.0 5.0 0.0
22 18 318 2436.3877014920204 4758615.915315257 11593833292.198286
23 0 100 0.0 0.0 0.0
24 0 100 0.0 0.0 0.0
25 3 42 32.9215577265747 377.3528472077043 12423.04354263576
26 0 100 0.0 0.0 0.0
27 16 339 1979.1134619514044 3205205.6872933367 6343465724.045446
28 0 100 0.0 0.0 0.0
29 1 114 1.0 27.799106543625292 27.799106543625292
30 0 100 0.0 0.0 0.0
31 2 29 9.541850352986048 128.5709592386038 1226.8048527946264
32 13 244 1331.5823725933528 567478.1203018626 755643861.8263704
33 7 90 332.66880679862265 8100.0 2694617.3350688433
34 0 5 0.0 5.0 0.0
35 0 100 0.0 0.0 0.0
36 9 104 604.9491004987461 22159.83881577813 13405574.55880218
37 1 8 1.0 13.734791927877684 13.734791927877684
38 0 100 0.0 0.0 0.0
39 6 145 225.58275470837765 1453.723360477042 327934.92024033103
40 8 100 459.67273235884244 14459.978462742583 6646857.809818897
41 0 100 0.0 0.0 0.0
42 0 100 0.0 0.0 0.0
43 1 101 1.0 1.0 1.0
44 1 7 1.0 11.607984241186918 11.607984241186918
45 0 100 0.0 0.0 0.0
46 0 100 0.0 0.0 0.0
47 0 6 0.0 6.0 0.0
48 1 9 1.0 15.931997307697284 15.931997307697284
49 6 66 225.58275470837765 3024.560894461153 682288.7783557816
50 13 177 1331.5823725933528 261779.3457680394 348580762.3337416
51 0 100 0.0 0.0 0.0
52 0 10 0.0 10.0 0.0
53 2 27 9.541850352986048 115.98017876588344 1106.66550969663
54 0 100 0.0 0.0 0.0
55 7 152 332.66880679862265 23104.0 7685980.112275378
56 0 6 0.0 6.0 0.0
57 0 100 0.0 0.0 0.0
58 2 35 9.541850352986048 168.62869283493262 1609.0297522505775
59 0 100 0.0 0.0 0.0
60 0 6 0.0 6.0 0.0
61 1 108 1.0 13.734791927877684 13.734791927877684
62 0 100 0.0 0.0 0.0
63 1 104 1.0 5.735193251789799 5.735193251789799
64 0 100 0.0 0.0 0.0
65 0 5 0.0 5.0 0.0
66 1 6 1.0 9.55892689827884 9.55892689827884
67 1 16 1.0 32.892441635375256 32.892441635375256
68 0 5 0.0 5.0 0.0
69 1 19 1.0 40.84402933782601 40.84402933782601
70 0 100 0.0 0.0 0.0
71 5 71 139.6884681067044 2311.8500842163953 322938.7967565438
72 1 106 1.0 9.55892689827884 9.55892689827884
73 5 107 139.6884681067044 4871.189817186799 680449.0434198013
74 4 53 75.61186198841948 888.1171619831025 67152.19228141312
75 17 350 2206.0678959513543 1924777.9799244525 4246190908.345435
76 1 53 1.0 148.74811262526265 148.74811262526265
77 1 8 1.0 13.734791927877684 13.734791927877684
78 2 40 9.541850352986048 204.4421003683832 1950.7559275652661
79 0 100 0.0 0.0 0.0
80 6 180 225.58275470837765 4369.987349380403 985793.784313993
81 3 27 32.9215577265747 187.1321231368427 6160.680994346051
82 9 123 604.9491004987461 31810.029433802327 19243448.692817356
83 5 179 139.6884681067044 2806.8374672292675 392082.8260217585
84 0 100 0.0 0.0 0.0
85 0 6 0.0 6.0 0.0
86 11 148 942.9223974109915 93037.70552118453 87727336.33965315
87 0 100 0.0 0.0 0.0
88 0 6 0.0 6.0 0.0
89 14 193 1540.4353185285338 433180.6334596087 667286747.0837444
90 16 311 1979.1134619514044 2567963.8055407987 5082291737.349753
91 7 81 332.66880679862265 6561.0 2182640.041405763
92 3 153 32.9215577265747 545.90532331836 17972.053614869816
93 0 100 0.0 0.0 0.0
94 0 100 0.0 0.0 0.0
95 0 100 0.0 0.0 0.0
96 9 199 604.9491004987461 89686.85912801698 54255984.75605163
97 25 410 4060.496712466729 54999900.41326648 223326914814.06604
98 0 100 0.0 0.0 0.0
99 8 54 459.67273235884244 4013.5089424846524 1844900.6219385683
100 10 186 766.6651705632711 111519.70276643366 85498271.94259316
101 7 155 332.66880679862265 24025.0 7992368.083336909
102 6 117 225.58275470837765 9042.681338614557 2039872.9663147116
103 7 191 332.66880679862265 8281.0 2754830.389099394
104 1 101 1.0 1.0 1.0
105 1 11 1.0 20.51504931294799 20.51504931294799
106 3 43 32.9215577265747 391.71440685113555 12895.848457480626
107 0 100 0.0 0.0 0.0
108 8 292 459.67273235884244 56163.98943503071 25817054.483773723
109 7 83 332.66880679862265 6889.0 2291755.4100357112
110 8 134 459.67273235884244 26580.07983342708 12218137.923347592
111 8 163 459.67273235884244 5530.688121770416 2542306.520758801
112 1 36 1.0 91.37308344663872 91.37308344663872
113 3 56 32.9215577265747 595.765723501293 19613.535657762357
114 18 299 2436.3877014920204 4037244.7701126314 9836293505.815393
115 0 100 0.0 0.0 0.0
116 19 265 2668.9360872348193 3781823.790500406 10093445990.029707
117 7 91 332.66880679862265 8281.0 2754830.389099394
118 0 100 0.0 0.0 0.0
119 6 142 225.58275470837765 13097.231027658581 2954509.454271259
120 9 115 604.9491004987461 27519.39696484649 16647834.440151809
121 6 78 225.58275470837765 4163.386850757332 939188.274710476
122 17 231 2206.0678959513543 1564644.7799730715 3451712617.666464
123 3 39 32.9215577265747 335.47304520277595 11044.29522335299
124 10 144 766.6651705632711 63118.28799319142 48390593.029961765
125 9 137 604.9491004987461 40125.91166909431 24274134.170910746
126 6 212 225.58275470837765 8317.887761606735 1876372.0346183486
127 15 277 1756.7778603087352 1427786.7586369168 2508304166.815307
128 12 234 1131.8354418063404 372236.9047172307 421310921.50725144
129 2 41 9.541850352986048 211.85407612585806 2021.4798910630518
130 10 186 766.6651705632711 111519.70276643366 85498271.94259316
131 11 166 942.9223974109915 120998.14068012842 114091856.8923791
132 10 126 766.6651705632711 46901.01863245811 35957377.44944465
133 17 214 2206.0678959513543 1280595.1168676834 2825079775.033869
134 5 154 139.6884681067044 1405.9451433371921 196394.3233148333
135 3 61 32.9215577265747 682.3928350558612 22465.435111492498
136 11 121 942.9223974109915 58666.226571061445 55317699.005441666
137 17 233 2206.0678959513543 1600396.7363377973 3530583860.820139
138 9 106 604.9491004987461 23088.154186617474 13967158.1073706
139 19 175 2668.9360872348193 1226145.458916812 3272503863.502178
140 13 140 1331.5823725933528 148755.7915101488 198080589.79608604
141 2 38 9.541850352986048 189.8638195218893 1811.6521533242187
142 22 310 3370.209833397988 12164695.880413907 40997577676.46694
143 7 156 332.66880679862265 24336.0 8095828.082251281
144 6 121 225.58275470837765 9643.286769790522 2175359.1939721988
145 8 157 459.67273235884244 36953.48006693682 16986507.15253687
146 1 29 1.0 69.58346013935528 69.58346013935528
147 20 281 2902.6872563902634 5698952.888950243 16542277925.524345
148 12 249 1131.8354418063404 430791.02181594196 487584546.5032515
149 12 206 1131.8354418063404 275852.07684250775 312219157.26623636
150 14 166 1540.4353185285338 298715.23506545 460151498.27737236
151 11 130 942.9223974109915 69138.84603782199 65192566.46021254
152 0 100 0.0 0.0 0.0
153 16 246 1979.1134619514044 1405294.7550427103 2781237767.7147293
154 12 379 1131.8354418063404 562903.5603798062 637114199.95684
155 8 127 459.67273235884244 23773.224239432624 10927902.943119459
156 23 387 3602.4235623004615 29123935.110803355 104916750070.0677
157 17 283 2206.0678959513543 2663779.0645129196 5876477476.129284
158 20 269 2902.6872563902634 5052453.2989385985 14665691804.336016
159 9 235 604.9491004987461 128324.87647944866 77630018.59785518
160 20 368 2902.6872563902634 11994429.050666729 34816076353.04748
161 15 202 1756.7778603087352 644349.4105160256 1131978778.6975384
162 5 111 139.6884681067044 5207.131000429813 727376.1526809717
163 9 83 604.9491004987461 13631.0218857838 8246074.428683633
164 15 211 1756.7778603087352 719158.772822779 1263402210.1418574
165 8 241 459.67273235884244 29549.892713290425 13583279.924428858
166 17 278 2206.0678959513543 2542197.9604708296 5608261305.747707
167 7 96 332.66880679862265 9216.0 3065875.723456106
168 16 226 1979.1134619514044 1129992.8408612981 2236384043.257306
169 8 150 459.67273235884244 33608.73957278992 15449021.150561098
170 15 147 1756.7778603087352 289266.0489815843 508176190.5898295
171 11 154 942.9223974109915 101899.54622880445 96083364.42515644
172 14 244 1540.4353185285338 772341.9349328609 1189742794.5512457
173 13 296 1331.5823725933528 903992.0266116099 1203739847.6009607
174 16 316 1979.1134619514044 2675465.6404784503 5295050066.059338
175 21 284 3136.7198300107975 7486769.793068014 23483899272.642277
176 18 284 2436.3877014920204 3519157.4942347417 8574032038.567
177 18 237 2436.3877014920204 2171612.8448398258 5290890827.569851
178 16 290 1979.1134619514044 2145451.2013085424 4246091354.4695487
179 9 153 604.9491004987461 50906.707095139885 30795966.666558012
180 6 80 225.58275470837765 4369.987349380403 985793.784313993
181 12 240 1131.8354418063404 395069.27621432603 447153408.7881529
182 21 356 3136.7198300107975 14101432.877788752 44232244139.32621
183 17 223 2206.0678959513543 1426591.9229522045 3147158641.8483663
184 14 285 1540.4353185285338 1132838.5888993952 1745064572.5326545
185 3 48 32.9215577265747 466.4489382157433 15356.225645969067
186 4 45 75.61186198841948 671.3571728121805 50762.565895610074
187 22 248 3370.209833397988 6449143.936775968 21734968312.721382
188 10 154 766.6651705632711 73282.88036813155 56183431.976801366
189 12 216 1131.8354418063404 308377.0730000903 349032100.66200334
190 0 100 0.0 0.0 0.0
191 13 237 1331.5823725933528 529031.2851182016 704448733.8138055
192 5 67 139.6884681067044 2080.6456750556 290642.2070213566
193 6 88 225.58275470837765 5243.986173197856 1182952.846602616
194 16 295 1979.1134619514044 2241856.8700637026 4436889111.311314
195 0 100 0.0 0.0 0.0
196 12 211 1131.8354418063404 291854.20919927256 330330937.81209874
197 9 111 604.9491004987461 25498.508505617654 15425299.784533028
198 11 217 942.9223974109915 223438.22310636984 210684905.00471026
199 11 179 942.9223974109915 143795.70085563886 135588186.98819277
