0 1 15 1.0 30.323695983612147 30.323695983612147
1 0 100 0.0 0.0 0.0
2 27 607 4506.6139001521815 282748354.37672734 1274237664079.3145
3 1 19 1.0 40.84402933782601 40.84402933782601
4 1 19 1.0 40.84402933782601 40.84402933782601
5 0 6 0.0 6.0 0.0
6 6 163 225.58275470837765 17051.502404173512 3846524.884249985
7 0 100 0.0 0.0 0.0
8 20 587 2902.6872563902634 43497329.37314476 126259143658.43718
9 4 143 75.61186198841948 621.143248020611 46965.797544373054
10 0 100 0.0 0.0 0.0
11 0 100 0.0 0.0 0.0
12 0 100 0.0 0.0 0.0
13 3 36 32.9215577265747 295.444715883087 9726.500268956508
14 0 100 0.0 0.0 0.0
15 1 101 1.0 1.0 1.0
16 0 100 0.0 0.0 0.0
17 0 10 0.0 10.0 0.0
18 0 100 0.0 0.0 0.0
19 1 102 1.0 2.3948263510722025 2.3948263510722025
20 0 100 0.0 0.0 0.0
21 0 100 0.0 0.0 0.0
22 1 14 1.0 27.799106543625292 27.799106543625292
23 0 100 0.0 0.0 0.0
24 1 16 1.0 32.892441635375256 32.892441635375256
25 0 100 0.0 0.0 0.0
26 1 112 1.0 22.891970023971037 22.891970023971037
27 5 51 139.6884681067044 1267.2460047423704 177019.65311680315
28 0 100 0.0 0.0 0.0
29 0 100 0.0 0.0 0.0
30 8 237 459.67273235884244 87031.32959066308 40005929.07376307
31 1 55 1.0 155.85458639063 155.85458639063
32 2 47 9.541850352986048 257.9778488812911 2461.586028410529
33 0 6 0.0 6.0 0.0
34 1 107 1.0 11.607984241186918 11.607984241186918
35 19 251 2668.9360872348193 3263748.0373443356 8710734916.510113
36 1 103 1.0 3.9914906122521803 3.9914906122521803
37 16 294 1979.1134619514044 2222368.3839476793 4398319186.08604
38 18 318 2436.3877014920204 4758615.915315257 11593833292.198286
39 1 108 1.0 13.734791927877684 13.734791927877684
40 0 8 0.0 8.0 0.0
41 15 286 1756.7778603087352 1547585.1108618248 2718763259.7054935
42 1 104 1.0 5.735193251789799 5.735193251789799
43 0 100 0.0 0.0 0.0
44 1 15 1.0 30.323695983612147 30.323695983612147
45 1 44 1.0 117.65777237975428 117.65777237975428
46 0 100 0.0 0.0 0.0
47 0 100 0.0 0.0 0.0
48 1 101 1.0 1.0 1.0
49 3 147 32.9215577265747 451.11773253603667 14851.498473166615
50 0 100 0.0 0.0 0.0
51 0 100 0.0 0.0 0.0
52 0 100 0.0 0.0 0.0
53 0 9 0.0 9.0 0.0
54 1 10 1.0 18.1937008646705 18.1937008646705
55 0 100 0.0 0.0 0.0
56 0 100 0.0 0.0 0.0
57 3 140 32.9215577265747 349.23013798641597 11497.20014757944
58 0 6 0.0 6.0 0.0
59 35 855 6117.310290426031 4798868031.773101 29356164793162.105
60 0 100 0.0 0.0 0.0
61 0 100 0.0 0.0 0.0
62 0 100 0.0 0.0 0.0
63 1 10 1.0 18.1937008646705 18.1937008646705
64 1 103 1.0 3.9914906122521803 3.9914906122521803
65 2 11 9.541850352986048 31.76494829034237 303.0963830567869
66 0 100 0.0 0.0 0.0
67 2 63 9.541850352986048 393.6390130800606 3756.0445559070554
68 1 37 1.0 94.5824071263594 94.5824071263594
69 2 31 9.541850352986048 141.5519192260369 1350.6672304328126
70 1 103 1.0 3.9914906122521803 3.9914906122521803
71 0 5 0.0 5.0 0.0
72 0 100 0.0 0.0 0.0
73 1 5 1.0 7.59708563275366 7.59708563275366
74 0 100 0.0 0.0 0.0
75 0 100 0.0 0.0 0.0
76 1 101 1.0 1.0 1.0
77 0 6 0.0 6.0 0.0
78 0 7 0.0 7.0 0.0
79 3 57 32.9215577265747 612.7419199112477 20172.41848785035
80 0 6 0.0 6.0 0.0
81 11 201 942.9223974109915 187500.599499175 176798514.79576024
82 6 178 225.58275470837765 4163.386850757332 939188.274710476
83 2 15 9.541850352986048 49.68406405407534 474.0779041321602
84 0 100 0.0 0.0 0.0
85 0 100 0.0 0.0 0.0
86 0 100 0.0 0.0 0.0
87 24 425 3832.71054120725 48468084.278529406 185764137526.44104
88 0 100 0.0 0.0 0.0
89 17 384 2206.0678959513543 5927394.270856072 13076234207.581568
90 1 12 1.0 22.891970023971037 22.891970023971037
91 0 100 0.0 0.0 0.0
92 0 100 0.0 0.0 0.0
93 2 22 9.541850352986048 86.31942417916456 823.6470280735138
94 2 12 9.541850352986048 36.01211998010309 343.62225974392254
95 1 18 1.0 38.15436697768484 38.15436697768484
96 1 33 1.0 81.88562674252243 81.88562674252243
97 1 103 1.0 3.9914906122521803 3.9914906122521803
98 22 456 3370.209833397988 36453758.87908024 122856816638.59544
99 0 100 0.0 0.0 0.0
100 7 208 332.66880679862265 11664.0 3880248.9624991347
101 25 457 4060.496712466729 75856235.2783661 308013993967.90826
102 15 381 1756.7778603087352 3188037.4182736087 5600673554.258894
103 17 421 2206.0678959513543 7543357.9872168265 16641159883.267267
104 8 133 459.67273235884244 26169.13941804069 12029239.819770252
105 29 676 4937.473672561782 621301445.0946826 3067659527879.585
106 13 317 1331.5823725933528 1066371.7542199977 1419961830.5508003
107 26 544 4285.277943143774 160989184.0 689883399279.9146
108 0 100 0.0 0.0 0.0
109 2 122 9.541850352986048 86.31942417916456 823.6470280735138
110 11 221 942.9223974109915 232979.898453666 219681964.3985001
111 37 976 6468.923834840442 11231991518.851788 72658897649026.03
112 16 345 1979.1134619514044 3353107.828373114 6636180842.50787
113 24 546 3832.71054120725 100832338.66863401 386461167309.853
114 36 786 6295.82243666837 4448261166.726419 28005462457636.812
115 23 510 3602.4235623004615 64563021.3914432 232583349513.84372
116 11 307 942.9223974109915 494453.4861304962 466231266.5503899
117 19 419 2668.9360872348193 13115472.417098675 35004357635.12753
118 25 548 4060.496712466729 129905230.16990446 527479760037.1308
119 32 658 5549.980220652734 1095358552.261528 6079218299574.294
120 25 543 4060.496712466729 126425227.27510592 513349219723.42664
121 0 100 0.0 0.0 0.0
122 26 508 4285.277943143774 131096512.0 561784991296.6831
123 0 100 0.0 0.0 0.0
124 20 512 2902.6872563902634 29831177.46238613 86590578663.18466
125 17 320 2206.0678959513543 3675786.2332266755 8109034001.501327
126 11 222 942.9223974109915 235400.47553003722 221964380.73847014
127 18 401 2436.3877014920204 8835573.332925195 21526882203.969807
128 32 691 5549.980220652734 1281513885.4856002 7112376716936.914
129 19 414 2668.9360872348193 12694974.374791807 33882075235.40314
130 22 334 3370.209833397988 15038317.249027066 50682284670.429596
131 34 712 5933.442745663244 2141170285.1251721 12704511295505.652
132 37 527 6468.923834840442 1414686959.7005022 9151502192444.54
133 27 633 4506.6139001521815 321152725.1700559 1447311335323.1274
134 5 224 139.6884681067044 6367.950129749906 889529.1986046539
135 0 100 0.0 0.0 0.0
136 18 361 2436.3877014920204 6675079.372143912 16263081288.774504
137 25 456 4060.496712466729 75365553.39305784 306021581785.7471
138 24 570 3832.71054120725 114347575.90612675 438261159536.9082
139 23 371 3602.4235623004615 25784388.38260739 92886288249.01115
140 22 385 3370.209833397988 22527157.546557035 75921247881.91222
141 7 136 332.66880679862265 18496.0 6153042.250547324
142 12 330 1131.8354418063404 835351.3683493239 945480285.059188
143 0 100 0.0 0.0 0.0
144 26 422 4285.277943143774 75151448.0 322044842509.7163
145 46 824 7782.801884860074 33348336060.86635 259543492751457.78
146 31 630 5350.621552679651 771529019.9029197 4128159802410.3696
147 2 65 9.541850352986048 411.78783219395143 3929.2178719752146
148 18 280 2436.3877014920204 3388445.661567987 8255567337.018236
149 32 705 5549.980220652734 1366672233.7058187 7585003865182.584
150 12 345 1131.8354418063404 927389.2756671209 1049652050.5511578
151 31 539 5350.621552679651 470168748.5435089 2515695039353.318
152 19 383 2668.9360872348193 10277328.994107053 27429534232.75704
153 20 404 2902.6872563902634 15517028.61701695 45041081223.658134
154 26 578 4285.277943143774 193100552.0 827489536294.4873
155 11 288 942.9223974109915 427172.4322331918 402790453.9092055
156 16 422 1979.1134619514044 5628822.773532702 11140078926.03721
157 22 374 3370.209833397988 20744577.44343 69913578889.53387
158 18 413 2436.3877014920204 9558845.250616442 23289053009.06731
159 13 289 1331.5823725933528 853323.878522873 1136271034.7540493
160 17 360 2206.0678959513543 5005042.618306142 11041463838.11349
161 15 447 1756.7778603087352 4768222.0767441215 8376706977.459412
162 25 544 4060.496712466729 127116224.42879207 516155011394.29315
163 28 792 4724.12231882448 805011618.4570669 3802973353666.047
164 19 363 2668.9360872348193 8884963.33225435 23713399271.211765
165 27 403 4506.6139001521815 81515570.33254287 367359202339.47046
166 27 407 4506.6139001521815 83997353.71983524 378543641849.809
167 16 274 1979.1134619514044 1854142.6538312496 3669558686.5757284
168 25 571 4060.496712466729 146731593.06706405 595803151263.8195
169 19 420 2668.9360872348193 13200612.619024092 35231591392.520744
170 37 583 6468.923834840442 1986596492.9729128 12851141403602.908
171 20 438 2902.6872563902634 19392186.746418327 56289453342.368645
172 15 312 1756.7778603087352 1926973.531820381 3385264438.1029754
173 17 289 2206.0678959513543 2814341.815191647 6208629126.727752
174 10 217 766.6651705632711 157123.06072619176 120460778.151069
175 23 504 3602.4235623004615 62396260.12579229 224777757676.5829
176 15 400 1756.7778603087352 3603962.905984977 6331362242.608338
177 38 654 6636.579650383532 3533617026.001187 23451130847008.25
178 24 449 3832.71054120725 56913506.950680256 218132998026.9443
179 31 525 5350.621552679651 432481445.08030015 2314044541180.695
180 35 1041 6117.310290426031 9191846981.791843 56229380129736.7
181 17 431 2206.0678959513543 8022018.034825786 17697116447.37194
182 7 155 332.66880679862265 24025.0 7992368.083336909
183 18 400 2436.3877014920204 8776900.418370932 21383932236.53911
184 22 414 3370.209833397988 27694967.27902954 93337851059.42088
185 26 577 4285.277943143774 192100033.0 823202034292.0911
186 0 100 0.0 0.0 0.0
187 22 621 3370.209833397988 87736634.94610478 295690869844.6119
188 23 596 3602.4235623004615 101203481.10247704 364577804910.3928
189 18 407 2436.3877014920204 9192762.162252186 22397132674.852417
190 21 372 3136.7198300107975 15950063.584047021 50030880734.01338
191 16 306 1979.1134619514044 2463143.6663327124 4874840788.759409
192 25 684 4060.496712466729 250520087.69806945 1017235992504.8877
193 32 582 5549.980220652734 738899534.6731488 4100877802485.4844
194 33 653 5744.298091538941 1315909316.3073056 7558975374302.368
195 19 448 2668.9360872348193 15728081.3826628 41977243985.15486
196 12 238 1131.8354418063404 387371.65329229925 438440966.3473421
197 9 191 604.9491004987461 82098.9146021397 49665664.54048779
198 34 720 5933.442745663244 2220874748.0491714 13177433162839.041
199 34 737 5933.442745663244 2397045595.6905866 14222732800774.34
