0 4 65 75.61186198841948 1259.0362466163215 95198.07491757096
1 0 100 0.0 0.0 0.0
2 0 100 0.0 0.0 0.0
3 1 36 1.0 91.37308344663872 91.37308344663872
4 2 36 9.541850352986048 175.6210676402407 1675.7499462548174
5 0 100 0.0 0.0 0.0
6 15 262 1756.7778603087352 1240901.7694593216 2179988755.4040704
7 0 100 0.0 0.0 0.0
8 0 100 0.0 0.0 0.0
9 11 241 942.9223974109915 284091.1267628438 267875886.33041057
10 0 100 0.0 0.0 0.0
11 16 298 1979.1134619514044 2300947.6139428327 4553836397.999223
12 7 249 332.66880679862265 22201.0 7385580.179736221
13 18 261 2436.3877014920204 2809102.033610651 6844061646.925214
14 1 19 1.0 40.84402933782601 40.84402933782601
15 0 100 0.0 0.0 0.0
16 0 100 0.0 0.0 0.0
17 0 100 0.0 0.0 0.0
18 1 9 1.0 15.931997307697284 15.931997307697284
19 0 6 0.0 6.0 0.0
20 0 100 0.0 0.0 0.0
21 0 100 0.0 0.0 0.0
22 1 11 1.0 20.51504931294799 20.51504931294799
23 0 100 0.0 0.0 0.0
24 0 11 0.0 11.0 0.0
25 1 11 1.0 20.51504931294799 20.51504931294799
26 0 100 0.0 0.0 0.0
27 24 498 3832.71054120725 77045351.74729937 295292531792.8947
28 0 5 0.0 5.0 0.0
29 4 49 75.61186198841948 776.5950928818146 58719.80098386357
30 0 100 0.0 0.0 0.0
31 0 100 0.0 0.0 0.0
32 0 100 0.0 0.0 0.0
33 1 107 1.0 11.607984241186918 11.607984241186918
34 0 100 0.0 0.0 0.0
35 0 100 0.0 0.0 0.0
36 23 405 3602.4235623004615 33204869.187841028 119618003145.3831
37 15 329 1756.7778603087352 2202602.8512196797 3869483924.0756283
38 0 100 0.0 0.0 0.0
39 1 55 1.0 155.85458639063 155.85458639063
40 3 68 32.9215577265747 810.8239638778247 26693.587932893923
41 1 113 1.0 25.320989780782124 25.320989780782124
42 0 100 0.0 0.0 0.0
43 0 100 0.0 0.0 0.0
44 1 9 1.0 15.931997307697284 15.931997307697284
45 33 561 5744.298091538941 804586102.1388426 4621782410994.909
46 0 100 0.0 0.0 0.0
47 1 13 1.0 25.320989780782124 25.320989780782124
48 0 100 0.0 0.0 0.0
49 0 6 0.0 6.0 0.0
50 7 103 332.66880679862265 10609.0 3529283.3713265876
51 1 100 1.0 0.0 0.0
52 1 45 1.0 121.03674784737703 121.03674784737703
53 0 100 0.0 0.0 0.0
54 6 97 225.58275470837765 6317.679695554275 1425159.589088318
55 1 10 1.0 18.1937008646705 18.1937008646705
56 0 100 0.0 0.0 0.0
57 0 100 0.0 0.0 0.0
58 1 100 1.0 0.0 0.0
59 0 100 0.0 0.0 0.0
60 24 453 3832.71054120725 58408796.40964918 223864009698.4906
61 1 104 1.0 5.735193251789799 5.735193251789799
62 0 100 0.0 0.0 0.0
63 0 100 0.0 0.0 0.0
64 0 100 0.0 0.0 0.0
65 0 100 0.0 0.0 0.0
66 3 168 32.9215577265747 810.8239638778247 26693.587932893923
67 0 100 0.0 0.0 0.0
68 1 9 1.0 15.931997307697284 15.931997307697284
69 8 227 459.67273235884244 23773.224239432624 10927902.943119459
70 0 100 0.0 0.0 0.0
71 0 100 0.0 0.0 0.0
72 11 173 942.9223974109915 132998.42546222862 125407194.18873167
73 3 54 32.9215577265747 562.3460860297637 18513.309133542207
74 2 9 9.541850352986048 23.78240930402918 226.9281906125095
75 0 10 0.0 10.0 0.0
76 0 100 0.0 0.0 0.0
77 0 100 0.0 0.0 0.0
78 0 100 0.0 0.0 0.0
79 0 100 0.0 0.0 0.0
80 0 100 0.0 0.0 0.0
81 0 100 0.0 0.0 0.0
82 0 100 0.0 0.0 0.0
83 0 100 0.0 0.0 0.0
84 0 100 0.0 0.0 0.0
85 1 117 1.0 35.503281577765854 35.503281577765854
86 37 618 6468.923834840442 2416766063.5651126 15633875591829.87
87 3 116 32.9215577265747 81.54950460903234 2684.7367235598276
88 5 58 139.6884681067044 1600.889370701534 223625.7838016033
89 0 100 0.0 0.0 0.0
90 0 100 0.0 0.0 0.0
91 10 195 766.6651705632711 123877.20055911093 94972335.09555133
92 40 860 6955.50474228233 13145834228.88213 91435912320247.03
93 0 100 0.0 0.0 0.0
94 20 411 2902.6872563902634 16270143.958927812 47227139529.21479
95 7 70 332.66880679862265 4900.0 1630077.153313251
96 0 6 0.0 6.0 0.0
97 28 624 4724.12231882448 386983676.0617977 1828158221104.2812
98 0 100 0.0 0.0 0.0
99 7 211 332.66880679862265 12321.0 4098812.36856583
100 17 317 2206.0678959513543 3586158.9739016495 7911310182.10228
101 13 243 1331.5823725933528 561888.9684414291 748201445.7312697
102 14 275 1540.4353185285338 1037317.5910931062 1597920653.8507605
103 16 285 1979.1134619514044 2051622.2315091447 4060393177.2185287
104 0 100 0.0 0.0 0.0
105 16 409 1979.1134619514044 5193690.451968822 10278902690.699968
106 28 515 4724.12231882448 214551214.76366255 1013566182195.9226
107 12 185 1131.8354418063404 214229.6252136221 242472682.5016667
108 0 100 0.0 0.0 0.0
109 4 163 75.61186198841948 1193.5182370479756 90244.13622033325
110 6 163 225.58275470837765 2767.0349550527303 624195.3675351668
111 11 191 942.9223974109915 166825.62725766937 157303620.40339404
112 0 100 0.0 0.0 0.0
113 0 100 0.0 0.0 0.0
114 26 542 4285.277943143774 159220088.0 682302331211.8107
115 14 291 1540.4353185285338 1192566.592649721 1837071699.0148613
116 25 574 4060.496712466729 149027231.75185522 605124584596.4255
117 33 513 5744.298091538941 602182595.0035161 3459116331236.664
118 14 281 1540.4353185285338 1094029.65097923 1685281913.8858507
119 9 153 604.9491004987461 50906.707095139885 30795966.666558012
120 0 100 0.0 0.0 0.0
121 26 426 4285.277943143774 77308776.0 331289592604.24274
122 17 335 2206.0678959513543 4144665.137054616 9143412698.325008
123 24 379 3832.71054120725 34672630.41840937 132890156096.02074
124 15 364 1756.7778603087352 2841653.288538542 4992153583.978021
125 7 167 332.66880679862265 4489.0 1493350.2737190172
126 29 512 4937.473672561782 262018339.56496826 1293708653330.384
127 15 251 1756.7778603087352 1113778.5999793487 1956661585.729379
128 16 245 1979.1134619514044 1390652.9767282873 2752260027.145746
129 22 413 3370.209833397988 27505147.157550544 92698117419.43556
130 3 29 32.9215577265747 209.61005902119368 6900.689658136957
131 7 86 332.66880679862265 7396.0 2460418.495082613
132 6 233 225.58275470837765 11555.32145660623 2606681.2457220564
133 25 641 4060.496712466729 206683533.17214715 839237806966.5117
134 24 400 3832.71054120725 40594721.89835189 155587818537.1901
135 0 100 0.0 0.0 0.0
136 12 200 1131.8354418063404 257330.7266059037 291256036.63833964
137 17 248 2206.0678959513543 1884684.4024590454 4157741754.265162
138 0 100 0.0 0.0 0.0
139 29 482 4937.473672561782 217195574.6212089 1072397431489.147
140 14 217 1540.4353185285338 578369.2658744982 890940444.3044969
141 21 212 3136.7198300107975 3299776.905243635 10350475653.289371
142 21 363 3136.7198300107975 14892206.380156241 46712679065.2494
143 9 242 604.9491004987461 43347.5615654562 26223068.37783675
144 15 269 1756.7778603087352 1326148.282625493 2329747942.4029174
145 14 238 1540.4353185285338 726344.7253468727 1118887068.3512301
146 4 34 75.61186198841948 415.7115691523703 31432.725793738326
147 27 419 4506.6139001521815 91745798.326548 413462890018.9799
148 9 140 604.9491004987461 42042.90237411894 25433815.97357985
149 12 216 1131.8354418063404 308377.0730000903 349032100.66200334
150 7 75 332.66880679862265 5625.0 1871262.0382422525
151 12 166 1131.8354418063404 166041.6949118759 187931875.11885667
152 33 513 5744.298091538941 602182595.0035161 3459116331236.664
153 18 329 2436.3877014920204 5210623.385138517 12695098732.658203
154 0 100 0.0 0.0 0.0
155 29 504 4937.473672561782 249505433.61341965 1231926509627.371
156 10 152 766.6651705632711 71183.06768899111 54573578.73099724
157 14 214 1540.4353185285338 558849.138813278 860870951.1572288
158 42 838 7252.650449022947 17429600180.9273 126410797578492.83
159 9 119 604.9491004987461 29623.09111740326 17920462.325465497
160 21 353 3136.7198300107975 13770982.618961489 43195714259.63053
161 22 379 3370.209833397988 21543035.75164036 72604550931.42276
162 18 227 2436.3877014920204 1935634.1771526416 4715955303.802322
163 0 100 0.0 0.0 0.0
164 28 571 4724.12231882448 294618149.68964857 1391812176479.6404
165 23 434 3602.4235623004615 40535623.55973487 146026485424.1306
166 18 317 2436.3877014920204 4718790.0919085 11496802145.848269
167 27 317 4506.6139001521815 39326832.971620224 177230852118.86682
168 30 544 5146.386239304723 392245036.06497383 2018644456040.3662
169 21 376 3136.7198300107975 16435299.601690613 51552930172.791504
170 19 308 2668.9360872348193 5688082.73418224 15181129276.436281
171 30 464 5146.386239304723 237984127.98668355 1224758241443.6023
172 19 367 2668.9360872348193 9153237.801322881 24429406682.99253
173 12 209 1131.8354418063404 285391.11164615024 323015774.9376231
174 22 416 3370.209833397988 28077151.159311213 94625890930.91237
175 20 390 2902.6872563902634 14078318.521950588 40864955765.06898
176 36 639 6295.82243666837 2231265571.7910633 14047651849047.855
177 14 237 1540.4353185285338 718841.3389030525 1107328586.8646014
178 34 786 5933.442745663244 2958824077.3926544 17556013257699.186
179 17 280 2206.0678959513543 2590409.063250556 5714618271.818473
180 28 498 4724.12231882448 193527680.95786282 914248436923.3832
181 27 416 4506.6139001521815 89765597.10758066 404538887680.48346
182 10 189 766.6651705632711 115559.52004722142 88595459.14721276
183 32 539 5549.980220652734 577649949.5749717 3205945794602.142
184 23 310 3602.4235623004615 15357858.603858458 55325511701.01858
185 23 352 3602.4235623004615 22156447.30667798 79816907834.44534
186 12 184 1131.8354418063404 211516.7226194178 239402123.1953779
187 12 214 1131.8354418063404 301705.1628707397 341480596.3130576
188 20 379 2902.6872563902634 13009783.175213898 37763331831.09384
189 1 19 1.0 40.84402933782601 40.84402933782601
190 16 294 1979.1134619514044 2222368.3839476793 4398319186.08604
191 0 100 0.0 0.0 0.0
192 15 261 1756.7778603087352 1229001.7193264086 2159083010.794005
193 12 73 1131.8354418063404 24060.002904103698 27231964.01682804
194 9 186 604.9491004987461 77538.50379806156 46906848.12665595
195 27 468 4506.6139001521815 128362778.65243942 578481482537.2412
196 8 137 459.67273235884244 27832.86327038359 12794008.308867292
197 20 309 2902.6872563902634 7406391.1939278385 21498437334.455406
198 19 245 2668.9360872348193 3056289.63350728 8157041695.90926
199 21 384 3136.7198300107975 17434027.797989793 54685660710.91406
