0 0 100 0.0 0.0 0.0
1 18 234 2436.3877014920204 2099034.129440997 5114060937.982054
2 19 356 2668.9360872348193 8427539.997087335 22492565624.841213
3 0 6 0.0 6.0 0.0
4 1 105 1.0 7.59708563275366 7.59708563275366
5 4 40 75.61186198841948 548.8883970182196 41502.47372238642
6 0 100 0.0 0.0 0.0
7 1 19 1.0 40.84402933782601 40.84402933782601
8 0 100 0.0 0.0 0.0
9 0 100 0.0 0.0 0.0
10 3 126 32.9215577265747 176.25042831919396 5802.438650243859
11 2 119 9.541850352986048 69.8685662777562 666.6754038000371
12 21 367 3136.7198300107975 15356603.885005329 48169363927.71707
13 16 214 1979.1134619514044 982087.162262702 1943661923.6437669
14 0 7 0.0 7.0 0.0
15 0 10 0.0 10.0 0.0
16 10 109 766.6651705632711 33977.85568453712 26049638.52375986
17 0 100 0.0 0.0 0.0
18 0 6 0.0 6.0 0.0
19 1 22 1.0 49.12998068819353 49.12998068819353
20 3 50 32.9215577265747 497.6760852315066 16384.27196908475
21 0 100 0.0 0.0 0.0
22 2 27 9.541850352986048 115.98017876588344 1106.66550969663
23 1 40 1.0 104.3443904241405 104.3443904241405
24 7 200 332.66880679862265 10000.0 3326688.0679862266
25 0 100 0.0 0.0 0.0
26 0 100 0.0 0.0 0.0
27 2 108 9.541850352986048 20.066939702021244 191.47573567908114
28 0 100 0.0 0.0 0.0
29 0 6 0.0 6.0 0.0
30 0 100 0.0 0.0 0.0
31 0 5 0.0 5.0 0.0
32 0 100 0.0 0.0 0.0
33 15 212 1756.7778603087352 727778.1968317925 1278544623.4095058
34 0 100 0.0 0.0 0.0
35 10 152 766.6651705632711 71183.06768899111 54573578.73099724
36 0 100 0.0 0.0 0.0
37 1 37 1.0 94.5824071263594 94.5824071263594
38 14 315 1540.4353185285338 565311.5939489864 870825945.29268
39 1 18 1.0 38.15436697768484 38.15436697768484
40 0 100 0.0 0.0 0.0
41 1 108 1.0 13.734791927877684 13.734791927877684
42 1 108 1.0 13.734791927877684 13.734791927877684
43 0 100 0.0 0.0 0.0
44 0 100 0.0 0.0 0.0
45 2 113 9.541850352986048 40.41888428935346 385.6709453236695
46 0 100 0.0 0.0 0.0
47 0 100 0.0 0.0 0.0
48 0 6 0.0 6.0 0.0
49 16 259 1979.1134619514044 1604254.4628505823 3175001603.8232064
50 0 10 0.0 10.0 0.0
51 5 41 139.6884681067044 852.3594055446428 119064.77963687235
52 9 265 604.9491004987461 59899.656790704736 36236243.49572044
53 0 100 0.0 0.0 0.0
54 0 100 0.0 0.0 0.0
55 0 100 0.0 0.0 0.0
56 15 274 1756.7778603087352 1389141.5355503673 2440413094.490165
57 0 5 0.0 5.0 0.0
58 0 100 0.0 0.0 0.0
59 5 166 139.6884681067044 2024.56047903646 282807.7519059787
60 0 6 0.0 6.0 0.0
61 0 6 0.0 6.0 0.0
62 0 100 0.0 0.0 0.0
63 0 100 0.0 0.0 0.0
64 2 36 9.541850352986048 175.6210676402407 1675.7499462548174
65 5 186 139.6884681067044 3275.042744200361 457485.7039213258
66 12 403 1131.8354418063404 683442.7297582504 773544703.9852607
67 2 111 9.541850352986048 31.76494829034237 303.0963830567869
68 9 196 604.9491004987461 86799.25518659604 52509131.3490924
69 0 100 0.0 0.0 0.0
70 0 100 0.0 0.0 0.0
71 5 181 139.6884681067044 2937.2940727723303 410306.1094044695
72 2 19 9.541850352986048 69.8685662777562 666.6754038000371
73 1 18 1.0 38.15436697768484 38.15436697768484
74 0 100 0.0 0.0 0.0
75 11 119 942.9223974109915 56469.811181865436 53246649.74095057
76 0 100 0.0 0.0 0.0
77 0 100 0.0 0.0 0.0
78 1 11 1.0 20.51504931294799 20.51504931294799
79 13 268 1331.5823725933528 711459.675934369 947367163.285185
80 0 100 0.0 0.0 0.0
81 15 273 1756.7778603087352 1376401.6987329584 2418032031.225395
82 0 100 0.0 0.0 0.0
83 0 100 0.0 0.0 0.0
84 4 165 75.61186198841948 1259.0362466163215 95198.07491757096
85 0 100 0.0 0.0 0.0
86 16 308 1979.1134619514044 2504751.4965214226 4957187405.608474
87 0 5 0.0 5.0 0.0
88 2 19 9.541850352986048 69.8685662777562 666.6754038000371
89 4 69 75.61186198841948 1394.4010936602072 105433.26305033677
90 0 100 0.0 0.0 0.0
91 1 12 1.0 22.891970023971037 22.891970023971037
92 1 37 1.0 94.5824071263594 94.5824071263594
93 0 8 0.0 8.0 0.0
94 2 50 9.541850352986048 282.0582186126376 2691.3573128316116
95 2 14 9.541850352986048 44.97826169706515 429.17584225083993
96 1 105 1.0 7.59708563275366 7.59708563275366
97 0 100 0.0 0.0 0.0
98 0 5 0.0 5.0 0.0
99 0 18 0.0 18.0 0.0
100 9 151 604.9491004987461 49483.85481657476 29935213.46049745
101 7 82 332.66880679862265 6724.0 2236865.056913939
102 0 100 0.0 0.0 0.0
103 9 198 604.9491004987461 19496.94350076754 11794658.433264196
104 0 100 0.0 0.0 0.0
105 21 333 3136.7198300107975 11694669.468599379 36682901627.57751
106 14 250 1540.4353185285338 820027.8512278642 1263199864.2084641
107 1 19 1.0 40.84402933782601 40.84402933782601
108 0 100 0.0 0.0 0.0
109 3 36 32.9215577265747 295.444715883087 9726.500268956508
110 15 212 1756.7778603087352 727778.1968317925 1278544623.4095058
111 10 171 766.6651705632711 92499.39491944655 70916064.38291687
112 0 100 0.0 0.0 0.0
113 8 240 459.67273235884244 29115.631170703473 13383661.734589547
114 12 256 1131.8354418063404 459809.7402582212 520428960.51202244
115 7 121 332.66880679862265 14641.0 4870604.0003386345
116 11 261 942.9223974109915 340977.41639160516 321515242.92697823
117 11 215 942.9223974109915 218751.50513045487 206265693.6548713
118 20 343 2902.6872563902634 9878346.18847437 28673749595.495884
119 12 300 1131.8354418063404 667638.1297964411 755656497.6049137
120 10 318 766.6651705632711 158737.91968892005 121698834.27316472
121 13 165 1331.5823725933528 221030.2801178011 294320024.814235
122 14 230 1540.4353185285338 667608.2663166124 1028407352.375713
123 11 177 942.9223974109915 140143.84535523065 132144770.64474933
124 22 394 3370.209833397988 24057251.12032913 81077984290.258
125 9 190 604.9491004987461 81175.65618270171 49107140.19012088
126 17 256 2206.0678959513543 2048208.5007801168 4518487017.78567
127 16 281 1979.1134619514044 1978397.1662811837 3915472464.873602
128 9 118 604.9491004987461 29089.380350657248 17597594.477196
129 12 386 1131.8354418063404 596676.1233691433 675339183.7088089
130 8 108 459.67273235884244 16970.39141279495 7800826.189918491
131 10 159 766.6651705632711 78679.82330363935 60321080.15297269
132 2 132 9.541850352986048 148.1842032776824 1413.95149235211
133 8 101 459.67273235884244 14762.38290447426 6785864.885827147
134 13 259 1331.5823725933528 655232.9932536905 872496703.7581936
135 10 168 766.6651705632711 88929.02645246735 68178787.23320653
136 15 190 1756.7778603087352 552203.631920819 970099114.9405689
137 13 187 1331.5823725933528 298855.6518209848 397950917.9147199
138 6 75 225.58275470837765 3862.4525781644106 871302.6925128031
139 0 100 0.0 0.0 0.0
140 7 93 332.66880679862265 8649.0 2877252.5100012873
141 16 217 1979.1134619514044 1017878.4058359175 2014496855.6194992
142 3 206 32.9215577265747 1640.486501007654 54007.37104259002
143 13 409 1331.5823725933528 1002661.102892668 1335125850.2968867
144 2 37 9.541850352986048 182.69988024795316 1743.2949168344405
145 3 35 32.9215577265747 282.5239294230334 9301.12785163911
146 4 41 75.61186198841948 572.5607883495287 43292.38730866522
147 0 100 0.0 0.0 0.0
148 9 226 604.9491004987461 33505.118966499955 20268891.580887627
149 0 13 0.0 13.0 0.0
150 10 103 766.6651705632711 29957.799739783 22967601.647201054
151 12 213 1131.8354418063404 298400.62452988257 337740402.7000675
152 2 19 9.541850352986048 69.8685662777562 666.6754038000371
153 16 274 1979.1134619514044 1854142.6538312496 3669558686.5757284
154 13 247 1331.5823725933528 584440.1619338142 778230217.4666716
155 10 254 766.6651705632711 73282.88036813155 56183431.976801366
156 9 140 604.9491004987461 42042.90237411894 25433815.97357985
157 17 265 2206.0678959513543 2242336.4168228717 4946746381.075532
158 16 176 1979.1134619514044 594080.6189269689 1175752950.4027865
159 8 92 459.67273235884244 12157.47237943942 5588458.547234075
160 7 43 332.66880679862265 1849.0 615104.6237706533
161 3 39 32.9215577265747 335.47304520277595 11044.29522335299
162 13 296 1331.5823725933528 903992.0266116099 1203739847.6009607
163 11 202 942.9223974109915 189643.12073882896 178818746.05955872
164 12 323 1131.8354418063404 332392.0912128828 376213149.41086656
165 18 513 2436.3877014920204 17048322.226829812 41536322604.52121
166 10 117 766.6651705632711 39774.44974103781 30493685.294773005
167 11 151 942.9223974109915 97411.87247104548 91851836.32669197
168 17 275 2206.0678959513543 2470928.422295235 5451035865.619248
169 0 100 0.0 0.0 0.0
170 19 399 2668.9360872348193 11484884.932449874 30652423853.9549
171 9 247 604.9491004987461 46702.87865638875 28252864.433884464
172 20 361 2902.6872563902634 11375446.457049781 33019363466.628174
173 22 321 3370.209833397988 13432810.759670239 45271390912.41493
174 16 264 1979.1134619514044 1685099.6835025016 3335003468.3498516
175 14 257 1540.4353185285338 877821.4060379151 1352227097.2211812
176 8 174 459.67273235884244 45764.660622089395 21036766.593630955
177 10 264 766.6651705632711 84288.55756198421 64621101.35979072
178 14 325 1540.4353185285338 1566163.4127099062 2412573435.52552
179 16 301 1979.1134619514044 2360980.5065731737 4672648303.963814
180 7 151 332.66880679862265 22801.0 7585181.463815395
181 8 135 459.67273235884244 26994.34596231654 12408564.76673793
182 10 182 766.6651705632711 106256.07517273349 81462831.99568747
183 17 378 2206.0678959513543 5687736.300451254 12547532453.062637
184 18 265 2436.3877014920204 2925454.078418944 7127540337.939588
185 8 202 459.67273235884244 15068.038606609061 6926366.477588512
186 19 332 2668.9360872348193 6973031.518971842 18610575458.409775
187 11 132 942.9223974109915 71598.24265355882 67511586.6133076
188 14 198 1540.4353185285338 461384.9487595967 710733670.5067606
189 5 64 139.6884681067044 1914.4623288244568 267428.3099614821
190 16 181 1979.1134619514044 638450.6848864182 1263566345.2508042
191 13 207 1331.5823725933528 381784.2534940421 508377182.08637863
192 11 205 942.9223974109915 196153.083719731 184957135.96056768
193 8 135 459.67273235884244 26994.34596231654 12408564.76673793
194 9 145 604.9491004987461 45344.665438633376 27431214.569517843
195 9 264 604.9491004987461 59120.271421214304 35764755.01750532
196 9 185 604.9491004987461 14348.518604119798 8680123.423051797
197 11 199 942.9223974109915 183256.63859483125 172796789.00531793
198 12 270 1131.8354418063404 175602.9947070889 198753693.09681442
199 15 305 1756.7778603087352 1819882.3946090278 3197129099.214785
