0 9 197 604.9491004987461 87756.16433554704 53088012.67800933
1 0 100 0.0 0.0 0.0
2 1 10 1.0 18.1937008646705 18.1937008646705
3 0 9 0.0 9.0 0.0
4 1 114 1.0 27.799106543625292 27.799106543625292
5 0 100 0.0 0.0 0.0
6 0 6 0.0 6.0 0.0
7 0 100 0.0 0.0 0.0
8 1 104 1.0 5.735193251789799 5.735193251789799
9 0 100 0.0 0.0 0.0
10 0 8 0.0 8.0 0.0
11 0 100 0.0 0.0 0.0
12 2 112 9.541850352986048 36.01211998010309 343.62225974392254
13 4 40 75.61186198841948 548.8883970182196 41502.47372238642
14 1 16 1.0 32.892441635375256 32.892441635375256
15 1 9 1.0 15.931997307697284 15.931997307697284
16 1 16 1.0 32.892441635375256 32.892441635375256
17 1 42 1.0 110.9598727978785 110.9598727978785
18 0 100 0.0 0.0 0.0
19 0 100 0.0 0.0 0.0
20 0 18 0.0 18.0 0.0
21 3 106 32.9215577265747 1640.486501007654 54007.37104259002
22 29 514 4937.473672561782 265211728.34949994 1309475926380.2632
23 1 13 1.0 25.320989780782124 25.320989780782124
24 18 662 2436.3877014920204 21747078.29349993 52984314097.667305
25 1 18 1.0 38.15436697768484 38.15436697768484
26 30 837 5146.386239304723 1518424512.0533643 7814399014254.422
27 1 122 1.0 49.12998068819353 49.12998068819353
28 0 100 0.0 0.0 0.0
29 33 552 5744.298091538941 763516091.7174969 4385864028512.088
30 1 111 1.0 20.51504931294799 20.51504931294799
31 6 150 225.58275470837765 14544.969872206551 3281094.3709227135
32 0 100 0.0 0.0 0.0
33 37 879 6468.923834840442 7899838190.526519 51103451562079.79
34 5 82 139.6884681067044 3003.520233876968 419557.14039776416
35 1 19 1.0 40.84402933782601 40.84402933782601
36 0 100 0.0 0.0 0.0
37 0 100 0.0 0.0 0.0
38 1 24 1.0 54.8222930413608 54.8222930413608
39 0 8 0.0 8.0 0.0
40 7 252 332.66880679862265 23104.0 7685980.112275378
41 0 10 0.0 10.0 0.0
42 2 8 9.541850352986048 20.066939702021244 191.47573567908114
43 0 10 0.0 10.0 0.0
44 5 215 139.6884681067044 5553.1126204137945 775705.79516961
45 16 537 1979.1134619514044 10460022.622100115 20701571583.714565
46 0 100 0.0 0.0 0.0
47 0 100 0.0 0.0 0.0
48 1 17 1.0 35.503281577765854 35.503281577765854
49 0 6 0.0 6.0 0.0
50 52 1051 8425.648590871551 223873782555.0233 1886281820517816.0
51 5 164 139.6884681067044 1914.4623288244568 267428.3099614821
52 0 6 0.0 6.0 0.0
53 0 6 0.0 6.0 0.0
54 23 436 3602.4235623004615 41076791.15620016 147976000324.79068
55 1 27 1.0 63.59241768810072 63.59241768810072
56 40 1181 6955.50474228233 39245065993.18954 272969242626812.8
57 0 6 0.0 6.0 0.0
58 0 100 0.0 0.0 0.0
59 33 662 5744.298091538941 1375576767.5809011 7901723000780.275
60 0 10 0.0 10.0 0.0
61 0 100 0.0 0.0 0.0
62 8 245 459.67273235884244 93253.62494781775 42866148.5821301
63 0 100 0.0 0.0 0.0
64 0 100 0.0 0.0 0.0
65 0 100 0.0 0.0 0.0
66 0 100 0.0 0.0 0.0
67 26 774 4285.277943143774 463684824.0 1987018348857.703
68 30 578 5146.386239304723 474533279.0320527 2442131537302.7046
69 1 37 1.0 94.5824071263594 94.5824071263594
70 0 100 0.0 0.0 0.0
71 0 10 0.0 10.0 0.0
72 20 399 2902.6872563902634 14992946.939778935 43519836017.83171
73 0 100 0.0 0.0 0.0
74 1 5 1.0 7.59708563275366 7.59708563275366
75 2 18 9.541850352986048 64.62733255388774 616.6643359418604
76 1 9 1.0 15.931997307697284 15.931997307697284
77 1 21 1.0 46.33316012586883 46.33316012586883
78 4 151 75.61186198841948 831.5797944458234 62877.296649995835
79 44 1106 7528.2761260995885 67036638934.10994 504670328461618.0
80 1 106 1.0 9.55892689827884 9.55892689827884
81 26 878 4285.277943143774 470910952.0 2017984315790.4365
82 36 857 6295.82243666837 5933935006.86111 37359001153928.055
83 0 6 0.0 6.0 0.0
84 0 100 0.0 0.0 0.0
85 0 100 0.0 0.0 0.0
86 5 193 139.6884681067044 3775.468945982596 527389.4734487426
87 1 119 1.0 40.84402933782601 40.84402933782601
88 1 21 1.0 46.33316012586883 46.33316012586883
89 0 6 0.0 6.0 0.0
90 3 61 32.9215577265747 682.3928350558612 22465.435111492498
91 1 18 1.0 38.15436697768484 38.15436697768484
92 0 100 0.0 0.0 0.0
93 30 671 5146.386239304723 758248281.2251874 3902238520473.762
94 0 100 0.0 0.0 0.0
95 20 514 2902.6872563902634 30153775.025221232 87526978497.76866
96 0 9 0.0 9.0 0.0
97 0 100 0.0 0.0 0.0
98 0 5 0.0 5.0 0.0
99 1 109 1.0 15.931997307697284 15.931997307697284
100 20 362 2902.6872563902634 11462594.670269134 33272327474.557167
101 36 833 6295.82243666837 5398052382.123894 33985179301686.75
102 18 313 2436.3877014920204 4561572.951562551 11113760238.645655
103 30 934 5146.386239304723 1501393439.7000637 7726750537854.793
104 15 260 1756.7778603087352 1217170.7636398226 2138298649.7775168
105 20 514 2902.6872563902634 30153775.025221232 87526978497.76866
106 37 699 6468.923834840442 3656472488.0028276 23653442029079.824
107 23 645 3602.4235623004615 127107911.33911778 457896534762.8359
108 17 459 2206.0678959513543 9460687.309692543 20870918547.547108
109 47 1049 7902.318130854768 95110111725.32115 751590360314628.0
110 8 218 459.67273235884244 73145.1480455014 33622830.06086767
111 28 555 4724.12231882448 269983676.2591507 1275435910734.1367
112 27 670 4506.6139001521815 381616882.6712037 1719799947978.7905
113 36 768 6295.82243666837 4117785379.483826 25924845581539.25
114 14 463 1540.4353185285338 3748763.348148778 5774727462.293655
115 35 756 6117.310290426031 3196462053.413994 19553750212305.746
116 30 948 5146.386239304723 2245371039.077762 11555546617643.143
117 4 108 75.61186198841948 2999.8926316694174 226827.4676458645
118 41 1036 7106.788070274764 30301969290.297306 215349673858117.16
119 34 999 5933.442745663244 6483023766.929436 38466650339849.86
120 19 557 2668.9360872348193 28405191.034375478 75811639416.44365
121 27 644 4506.6139001521815 338401163.8971298 1525043389046.4817
122 30 795 5146.386239304723 1291686684.9970348 6647518581161.874
123 30 586 5146.386239304723 495473029.0567539 2549895578684.307
124 12 256 1131.8354418063404 459809.7402582212 520428960.51202244
125 31 624 5350.621552679651 748441596.0200498 4004627734586.8354
126 22 632 3370.209833397988 92228855.38828443 310830595352.6372
127 29 869 4937.473672561782 1355869167.6394153 6694568318657.87
128 31 583 5350.621552679651 603184740.9390599 3227413275116.026
129 44 1013 7528.2761260995885 49049220752.7408 369256077596647.06
130 58 1337 8902.46046345971 1479170933171.7705 1.3168260751260492e+16
131 36 710 6295.82243666837 3169752655.063626 19956199884438.71
132 26 412 4285.277943143774 69934528.0 299688890302.5707
133 35 717 6117.310290426031 2683592131.620174 16416365762066.418
134 36 890 6295.82243666837 6730104833.085222 42371545009268.18
135 26 614 4285.277943143774 231475544.0 991937043080.4061
136 26 653 4285.277943143774 278445077.0 1193214546845.0698
137 41 987 7106.788070274764 25605084059.05277 181969905929258.75
138 34 702 5933.442745663244 2044360282.334714 12130094686740.969
139 21 531 3136.7198300107975 43233662.48742106 135611886448.28758
140 16 331 1979.1134619514044 3014305.958404848 5965653500.719364
141 17 371 2206.0678959513543 5415824.245013857 11947675997.040052
142 16 477 1979.1134619514044 4212103.993541919 8336231716.758082
143 40 720 6955.50474228233 7123659877.643519 49548650061355.86
144 47 1044 7902.318130854768 93472891937.05637 738652528697629.0
145 33 687 5744.298091538941 1551095454.319091 8909954658039.88
146 1 105 1.0 7.59708563275366 7.59708563275366
147 34 652 5933.442745663244 1605426764.452221 9525707789232.643
148 42 1156 7252.650449022947 53797306850.97624 390173061688958.1
149 31 805 5350.621552679651 1680068056.6554968 8989408353909.52
150 39 891 6798.773358825962 12258570782.876198 83343244455901.0
151 43 898 7393.130324549447 26674371715.934437 197207106421378.97
152 35 757 6117.310290426031 3210444279.5189834 19639283827940.863
153 25 936 4060.496712466729 634443598.9473993 2576156147771.4746
154 34 698 5933.442745663244 2006502309.6997437 11905466573644.488
155 21 656 3136.7198300107975 78176342.6099247 245217284102.2689
156 36 735 6295.82243666837 3557175597.7654743 22395345939581.094
157 43 1008 7393.130324549447 40110852255.207924 296544758151500.3
158 27 540 4506.6139001521815 198224238.39193496 893320108084.1738
159 23 525 3602.4235623004615 70193544.4786438 252866878551.25192
160 25 831 4060.496712466729 305030993.6585102 1238577346950.8403
161 23 509 3602.4235623004615 64198534.90892268 231270314821.07178
162 56 1235 8760.68123103637 791195455062.3706 6931411173246189.0
163 41 923 7106.788070274764 20282436278.65287 144142976181238.3
164 19 502 2668.9360872348193 21420901.6396094 57171017407.061035
165 26 574 4285.277943143774 189119224.0 810428439231.6666
166 38 713 6636.579650383532 4736198125.467942 31432156099665.176
167 16 397 1979.1134619514044 4810854.120766656 9521226153.893675
168 44 959 7528.2761260995885 40365528131.752014 303882841751670.0
169 33 1040 5744.298091538941 4283315662.1093597 24604641983313.65
170 28 707 4724.12231882448 567961906.6474346 2683121519435.252
171 38 787 6636.579650383532 6620071057.926059 43934628867125.06
172 30 945 5146.386239304723 2223125170.1076994 11441060783694.236
173 18 401 2436.3877014920204 8835573.332925195 21526882203.969807
174 41 927 7106.788070274764 20589614405.36955 146326026027637.75
175 44 805 7528.2761260995885 21657379719.355793 163042734695099.62
176 41 828 7106.788070274764 13904366326.78788 98815384735946.25
177 21 552 3136.7198300107975 48197125.56448204 151180879507.63116
178 28 718 4724.12231882448 595551312.7762585 2813457248691.5415
179 18 512 2436.3877014920204 16959788.4488955 41320619996.795425
180 33 702 5744.298091538941 1663517212.399934 9555738748431.12
181 29 657 4937.473672561782 340416434.8585311 1680797184821.3403
182 36 856 6295.82243666837 5910893820.552396 37213937936198.195
183 55 1204 8683.506947919002 611016500628.8486 5305766028503763.0
184 29 623 4937.473672561782 482085529.92432135 2380284611924.332
185 40 764 6955.50474228233 8740418441.358614 60794021918401.77
186 38 870 6636.579650383532 9301036023.770977 61727066402842.625
187 16 520 1979.1134619514044 9629625.501953423 19058121464.466568
188 36 766 6295.82243666837 4082161019.4496217 25700560936343.953
189 33 845 5744.298091538941 3033049757.12204 17422741931378.781
190 33 762 5744.298091538941 2169778172.1311817 12463852613235.998
191 49 1368 8126.242482129881 357634959415.6841 2906228400298528.0
192 17 479 2206.0678959513543 5727254.976855975 12634713336.369583
193 32 695 5549.980220652734 793155639.9155835 4401998113430.65
194 33 652 5744.298091538941 1309392119.5966132 7521538653674.953
195 11 245 942.9223974109915 295001.9516751417 278163947.5144461
196 32 706 5549.980220652734 1372899914.81906 7619567372181.606
197 32 701 5549.980220652734 1341955875.4110749 7447828565520.189
198 46 1035 7782.801884860074 75926846826.6972 590923606594301.1
199 40 1022 6955.50474228233 23836388926.540546 165794116217438.78
