0 0 5 0.0 5.0 0.0
1 0 100 0.0 0.0 0.0
2 0 5 0.0 5.0 0.0
3 5 102 139.6884681067044 4465.486028292682 623776.9026440964
4 0 17 0.0 17.0 0.0
5 0 5 0.0 5.0 0.0
6 0 100 0.0 0.0 0.0
7 4 93 75.61186198841948 2323.049658002374 175650.1101331206
8 1 6 1.0 9.55892689827884 9.55892689827884
9 0 100 0.0 0.0 0.0
10 5 198 139.6884681067044 4152.387807071904 580040.6917548318
11 0 100 0.0 0.0 0.0
12 2 29 9.541850352986048 128.5709592386038 1226.8048527946264
13 2 117 9.541850352986048 59.51335422080222 567.8675199791454
14 7 105 332.66880679862265 11025.0 3667673.5949548148
15 0 100 0.0 0.0 0.0
16 1 26 1.0 60.63937356224698 60.63937356224698
17 1 5 1.0 7.59708563275366 7.59708563275366
18 0 6 0.0 6.0 0.0
19 5 124 139.6884681067044 322.1144960879045 44995.6805134824
20 0 100 0.0 0.0 0.0
21 3 139 32.9215577265747 335.47304520277595 11044.29522335299
22 1 12 1.0 22.891970023971037 22.891970023971037
23 4 71 75.61186198841948 1464.2230773075796 110712.63324163957
24 0 100 0.0 0.0 0.0
25 1 106 1.0 9.55892689827884 9.55892689827884
26 0 100 0.0 0.0 0.0
27 0 100 0.0 0.0 0.0
28 2 7 9.541850352986048 16.551687764173284 157.9337277350917
29 1 21 1.0 46.33316012586883 46.33316012586883
30 1 6 1.0 9.55892689827884 9.55892689827884
31 4 49 75.61186198841948 776.5950928818146 58719.80098386357
32 0 6 0.0 6.0 0.0
33 1 104 1.0 5.735193251789799 5.735193251789799
34 4 55 75.61186198841948 946.1899645328139 71543.18501308264
35 1 10 1.0 18.1937008646705 18.1937008646705
36 0 6 0.0 6.0 0.0
37 1 54 1.0 152.29279760785363 152.29279760785363
38 1 105 1.0 7.59708563275366 7.59708563275366
39 4 44 75.61186198841948 646.0476428878335 48848.86521197858
40 0 6 0.0 6.0 0.0
41 2 109 9.541850352986048 23.78240930402918 226.9281906125095
42 0 100 0.0 0.0 0.0
43 1 105 1.0 7.59708563275366 7.59708563275366
44 1 105 1.0 7.59708563275366 7.59708563275366
45 3 44 32.9215577265747 406.27351121486885 13375.156852238497
46 1 38 1.0 97.81435774219185 97.81435774219185
47 1 105 1.0 7.59708563275366 7.59708563275366
48 6 132 225.58275470837765 11389.69248070312 2569318.205078305
49 4 197 75.61186198841948 2496.5017632734202 188765.14677847573
50 0 100 0.0 0.0 0.0
51 3 124 32.9215577265747 155.22039240905832 5110.09710903639
52 0 100 0.0 0.0 0.0
53 2 35 9.541850352986048 168.62869283493262 1609.0297522505775
54 1 107 1.0 11.607984241186918 11.607984241186918
55 6 96 225.58275470837765 6193.675591281851 1397186.4016513997
56 0 7 0.0 7.0 0.0
57 6 84 225.58275470837765 4797.4874870676995 1082230.443011704
58 0 15 0.0 15.0 0.0
59 2 9 9.541850352986048 23.78240930402918 226.9281906125095
60 1 103 1.0 3.9914906122521803 3.9914906122521803
61 0 100 0.0 0.0 0.0
62 1 11 1.0 20.51504931294799 20.51504931294799
63 2 38 9.541850352986048 189.8638195218893 1811.6521533242187
64 6 103 225.58275470837765 7086.292798564201 1598545.450170251
65 0 100 0.0 0.0 0.0
66 0 100 0.0 0.0 0.0
67 0 100 0.0 0.0 0.0
68 0 9 0.0 9.0 0.0
69 1 11 1.0 20.51504931294799 20.51504931294799
70 0 100 0.0 0.0 0.0
71 1 19 1.0 40.84402933782601 40.84402933782601
72 3 76 32.9215577265747 967.3986454236635 31848.270349925308
73 0 100 0.0 0.0 0.0
74 0 10 0.0 10.0 0.0
75 3 38 32.9215577265747 321.92161897300775 10598.16116245226
76 0 10 0.0 10.0 0.0
77 1 102 1.0 2.3948263510722025 2.3948263510722025
78 0 11 0.0 11.0 0.0
79 0 100 0.0 0.0 0.0
80 4 148 75.61186198841948 749.6906189831174 56685.50361656424
81 0 6 0.0 6.0 0.0
82 0 6 0.0 6.0 0.0
83 1 108 1.0 13.734791927877684 13.734791927877684
84 5 69 139.6884681067044 2194.8788310889477 306599.26159464906
85 0 100 0.0 0.0 0.0
86 4 189 75.61186198841948 2154.8151586700715 162929.58638791565
87 0 100 0.0 0.0 0.0
88 0 10 0.0 10.0 0.0
89 1 19 1.0 40.84402933782601 40.84402933782601
90 3 45 32.9215577265747 421.0282951259743 13860.907322511091
91 0 6 0.0 6.0 0.0
92 0 7 0.0 7.0 0.0
93 0 100 0.0 0.0 0.0
94 0 100 0.0 0.0 0.0
95 0 100 0.0 0.0 0.0
96 0 6 0.0 6.0 0.0
97 5 66 139.6884681067044 2024.56047903646 282807.7519059787
98 1 108 1.0 13.734791927877684 13.734791927877684
99 1 17 1.0 35.503281577765854 35.503281577765854
100 0 100 0.0 0.0 0.0
101 2 30 9.541850352986048 135.01359299654277 1288.2794999919763
102 5 96 139.6884681067044 3999.6858182206656 558709.9848553553
103 0 100 0.0 0.0 0.0
104 10 93 766.6651705632711 23870.795169837704 18300907.25036453
105 0 100 0.0 0.0 0.0
106 6 102 225.58275470837765 6955.268535289175 1568988.635927035
107 2 45 9.541850352986048 242.29532664846576 2311.945748107533
108 5 227 139.6884681067044 6650.664878194386 929021.1887260355
109 6 205 225.58275470837765 7351.839824949449 1658448.2798868536
110 6 158 225.58275470837765 2362.1985438616953 532871.2546924397
111 2 107 9.541850352986048 16.551687764173284 157.9337277350917
112 3 54 32.9215577265747 562.3460860297637 18513.309133542207
113 4 188 75.61186198841948 2113.579549242958 159811.6851789044
114 9 116 604.9491004987461 28037.540124113097 16961284.67827972
115 4 80 75.61186198841948 1795.7178600152838 135777.5710016156
116 1 10 1.0 18.1937008646705 18.1937008646705
117 0 100 0.0 0.0 0.0
118 4 63 75.61186198841948 1193.5182370479756 90244.13622033325
119 5 87 139.6884681067044 3344.5706484424895 467197.95035557833
120 7 112 332.66880679862265 12544.0 4172997.5124819227
121 5 104 139.6884681067044 4625.863540566592 646179.7916524031
122 5 107 139.6884681067044 4871.189817186799 680449.0434198013
123 6 79 225.58275470837765 4266.090224510861 962356.3846796412
124 6 110 225.58275470837765 8036.070233330496 1812798.8602646885
125 5 79 139.6884681067044 2806.8374672292675 392082.8260217585
126 8 96 459.67273235884244 13282.821141836259 6105750.687701672
127 4 110 75.61186198841948 3095.5112687915 234057.37083946014
128 10 117 766.6651705632711 39774.44974103781 30493685.294773005
129 6 107 225.58275470837765 7622.045029127996 1719401.9141819899
130 5 165 139.6884681067044 1969.1653870843556 275069.6963705592
131 6 73 225.58275470837765 3667.8232800781016 827397.6793035355
132 4 75 75.61186198841948 1608.0874365260645 121590.48531592006
133 1 12 1.0 22.891970023971037 22.891970023971037
134 5 170 139.6884681067044 2253.023098877021 314721.345291151
135 4 224 75.61186198841948 3799.2749823544086 287270.2556218364
136 1 27 1.0 63.59241768810072 63.59241768810072
137 4 174 75.61186198841948 1571.597319835911 118831.39964880285
138 6 67 225.58275470837765 3112.8302065571443 702200.8129346088
139 6 200 225.58275470837765 6696.723465418967 1510665.3268494436
140 3 44 32.9215577265747 406.27351121486885 13375.156852238497
141 5 181 139.6884681067044 2937.2940727723303 410306.1094044695
142 6 191 225.58275470837765 5591.281626292221 1261296.7116093368
143 4 57 75.61186198841948 1005.7817905983286 76049.03394118624
144 6 77 225.58275470837765 4061.8785529685815 916289.7532695315
145 5 195 139.6884681067044 3924.3008107112732 548179.5686381559
146 3 135 32.9215577265747 282.5239294230334 9301.12785163911
147 6 100 225.58275470837765 6696.723465418967 1510665.3268494436
148 2 45 9.541850352986048 242.29532664846576 2311.945748107533
149 2 118 9.541850352986048 64.62733255388774 616.6643359418604
150 6 52 225.58275470837765 1916.8860894212144 432416.4445138071
151 4 32 75.61186198841948 374.7746947170294 28337.41249369607
152 6 235 225.58275470837765 11890.001118337372 2682179.2057602354
153 5 137 139.6884681067044 707.3130102314473 98803.4708711726
154 2 73 9.541850352986048 486.8291720253608 4645.251106934094
155 5 138 139.6884681067044 7734.252637092071 1080385.90282563
156 5 117 139.6884681067044 5729.848236431501 800393.7226310181
157 5 174 139.6884681067044 2492.4098028308917 348160.9072515804
158 4 160 75.61186198841948 1097.9836363389938 83020.58717640696
159 5 80 139.6884681067044 2871.732646582133 401147.9342130701
160 7 116 332.66880679862265 13456.0 4476391.464282267
161 5 186 139.6884681067044 3275.042744200361 457485.7039213258
162 5 137 139.6884681067044 707.3130102314473 98803.4708711726
163 2 49 9.541850352986048 273.9583678426836 2614.069748903192
164 6 180 225.58275470837765 4369.987349380403 985793.784313993
165 4 74 75.61186198841948 1571.597319835911 118831.39964880285
166 4 53 75.61186198841948 888.1171619831025 67152.19228141312
167 5 146 139.6884681067044 1050.58572833688 146754.71100614508
168 3 33 32.9215577265747 257.33012181535685 8471.708460130769
169 4 116 75.61186198841948 114.55556911622634 8661.759882020955
170 6 86 225.58275470837765 5018.366904356723 1132057.0304221432
171 4 101 75.61186198841948 2675.1081136005973 202269.90548966953
172 4 160 75.61186198841948 1097.9836363389938 83020.58717640696
173 6 216 225.58275470837765 8895.411906640642 2006651.5221656978
174 7 229 332.66880679862265 16641.0 5535941.613935879
175 3 70 32.9215577265747 849.0056290582019 27950.587827226456
176 8 96 459.67273235884244 13282.821141836259 6105750.687701672
177 4 187 75.61186198841948 2072.675291085697 156718.8380563789
178 5 184 139.6884681067044 3137.9608221632784 438336.940226843
179 5 156 139.6884681067044 1501.9949206988383 209811.36957647165
180 4 163 75.61186198841948 1193.5182370479756 90244.13622033325
181 8 245 459.67273235884244 31320.350759055804 14397111.211852526
182 8 138 459.67273235884244 28257.118371009565 12989026.81018921
183 4 74 75.61186198841948 1571.597319835911 118831.39964880285
184 8 100 459.67273235884244 14459.978462742583 6646857.809818897
185 7 119 332.66880679862265 14161.0 4710922.973075296
186 8 102 459.67273235884244 15068.038606609061 6926366.477588512
187 4 147 75.61186198841948 723.181183304868 54681.07582466957
188 4 55 75.61186198841948 946.1899645328139 71543.18501308264
189 6 127 225.58275470837765 10578.68633606439 2386369.2048852793
190 4 177 75.61186198841948 1682.1075637745857 127187.28496180048
191 10 151 766.6651705632711 70145.74766118835 53778301.594953135
192 4 140 75.61186198841948 548.8883970182196 41502.47372238642
193 5 151 139.6884681067044 1267.2460047423704 177019.65311680315
194 4 179 75.61186198841948 1757.505455801544 132888.25996796062
195 5 143 139.6884681067044 8250.979311199064 1152566.6603615081
196 4 142 75.61186198841948 596.6466987883373 45113.56784462985
197 9 101 604.9491004987461 20805.564213111866 12586307.356090926
198 5 185 139.6884681067044 3206.1723328082135 447865.30165607814
199 5 220 139.6884681067044 5999.610526318716 838076.40365832
