0 0 100 0.0 0.0 0.0
1 3 86 32.9215577265747 1177.1312153238637 38752.99325703761
2 8 151 459.67273235884244 34076.47778705137 15664027.653539306
3 0 100 0.0 0.0 0.0
4 5 108 139.6884681067044 4954.230173639048 692048.8236036508
5 0 6 0.0 6.0 0.0
6 8 178 459.67273235884244 8624.131594582768 3964278.134304082
7 0 100 0.0 0.0 0.0
8 0 100 0.0 0.0 0.0
9 0 100 0.0 0.0 0.0
10 5 63 139.6884681067044 1860.4532693243248 259883.86717602485
11 1 30 1.0 72.61998620345668 72.61998620345668
12 0 6 0.0 6.0 0.0
13 9 178 604.9491004987461 70531.46751771569 42667947.831698634
14 1 109 1.0 15.931997307697284 15.931997307697284
15 0 8 0.0 8.0 0.0
16 0 100 0.0 0.0 0.0
17 6 186 225.58275470837765 5018.366904356723 1132057.0304221432
18 0 100 0.0 0.0 0.0
19 0 100 0.0 0.0 0.0
20 3 159 32.9215577265747 647.2206215128941 21307.511052966296
21 5 236 139.6884681067044 7531.777572563793 1052102.4712318687
22 0 5 0.0 5.0 0.0
23 7 264 332.66880679862265 26896.0 8947460.227655755
24 0 100 0.0 0.0 0.0
25 4 31 75.61186198841948 354.97079584466536 26840.002825326264
26 0 100 0.0 0.0 0.0
27 2 44 9.541850352986048 234.56808185291177 2238.2135346274663
28 7 188 332.66880679862265 7744.0 2576187.2398485336
29 0 6 0.0 6.0 0.0
30 1 106 1.0 9.55892689827884 9.55892689827884
31 0 10 0.0 10.0 0.0
32 9 277 604.9491004987461 69680.55278268627 42153187.72814146
33 0 100 0.0 0.0 0.0
34 17 259 2206.0678959513543 2111711.516257531 4658578981.526496
35 23 265 3602.4235623004615 9769011.95027885 35192118830.079315
36 0 100 0.0 0.0 0.0
37 1 116 1.0 32.892441635375256 32.892441635375256
38 1 26 1.0 60.63937356224698 60.63937356224698
39 0 100 0.0 0.0 0.0
40 5 111 139.6884681067044 5207.131000429813 727376.1526809717
41 0 6 0.0 6.0 0.0
42 0 100 0.0 0.0 0.0
43 0 100 0.0 0.0 0.0
44 18 350 2436.3877014920204 6146039.7392674 14974135633.632317
45 0 100 0.0 0.0 0.0
46 2 59 9.541850352986048 358.10513855020525 3416.9856426813935
47 5 158 139.6884681067044 1600.889370701534 223625.7838016033
48 0 9 0.0 9.0 0.0
49 1 121 1.0 46.33316012586883 46.33316012586883
50 0 100 0.0 0.0 0.0
51 3 124 32.9215577265747 155.22039240905832 5110.09710903639
52 6 71 225.58275470837765 3478.001961782023 784577.2634199304
53 4 140 75.61186198841948 548.8883970182196 41502.47372238642
54 0 100 0.0 0.0 0.0
55 0 100 0.0 0.0 0.0
56 0 100 0.0 0.0 0.0
57 0 100 0.0 0.0 0.0
58 23 668 3602.4235623004615 140625888.18392205 506594013063.19086
59 1 10 1.0 18.1937008646705 18.1937008646705
60 1 102 1.0 2.3948263510722025 2.3948263510722025
61 1 34 1.0 85.02419427196995 85.02419427196995
62 0 100 0.0 0.0 0.0
63 1 7 1.0 11.607984241186918 11.607984241186918
64 1 15 1.0 30.323695983612147 30.323695983612147
65 3 116 32.9215577265747 81.54950460903234 2684.7367235598276
66 7 178 332.66880679862265 31684.0 10540278.47460756
67 8 287 459.67273235884244 53164.40702543042 24438228.24161724
68 0 100 0.0 0.0 0.0
69 2 28 9.541850352986048 122.22584512913716 1166.2607234894754
70 0 100 0.0 0.0 0.0
71 0 100 0.0 0.0 0.0
72 0 5 0.0 5.0 0.0
73 0 5 0.0 5.0 0.0
74 1 10 1.0 18.1937008646705 18.1937008646705
75 0 100 0.0 0.0 0.0
76 0 100 0.0 0.0 0.0
77 12 204 1131.8354418063404 269596.0522671843 305138366.9270738
78 0 6 0.0 6.0 0.0
79 2 56 9.541850352986048 332.1417203303481 3169.2465913755254
80 0 100 0.0 0.0 0.0
81 0 100 0.0 0.0 0.0
82 7 166 332.66880679862265 27556.0 9167021.640142845
83 0 6 0.0 6.0 0.0
84 0 8 0.0 8.0 0.0
85 8 196 459.67273235884244 13282.821141836259 6105750.687701672
86 16 224 1979.1134619514044 1104458.6554188346 2185848993.108163
87 0 100 0.0 0.0 0.0
88 3 21 32.9215577265747 125.57185196799401 4134.020973397207
89 7 160 332.66880679862265 3600.0 1197607.7044750415
90 0 100 0.0 0.0 0.0
91 2 26 9.541850352986048 109.8359986590007 1048.0386625749609
92 0 100 0.0 0.0 0.0
93 0 100 0.0 0.0 0.0
94 0 100 0.0 0.0 0.0
95 0 11 0.0 11.0 0.0
96 0 100 0.0 0.0 0.0
97 20 357 2902.6872563902634 11031080.546237102 32019776925.77698
98 14 181 1540.4353185285338 369755.0901266186 569583800.0367445
99 0 100 0.0 0.0 0.0
100 26 302 4285.277943143774 27543608.0 118032015836.9984
101 0 100 0.0 0.0 0.0
102 0 100 0.0 0.0 0.0
103 16 204 1979.1134619514044 868379.436615572 1718621433.0876548
104 17 341 2206.0678959513543 4342044.223313112 9578844363.852089
105 6 159 225.58275470837765 2440.720411610211 550584.4339239968
106 25 494 4060.496712466729 95533457.44421215 387913289882.80365
107 0 10 0.0 10.0 0.0
108 28 442 4724.12231882448 134145265.43877679 633718642423.9596
109 12 167 1131.8354418063404 168403.19994789627 190604710.21462867
110 17 342 2206.0678959513543 1767517.0253857954 3899262565.251038
111 33 489 5744.298091538941 515604521.65729755 2961786069744.863
112 34 639 5933.442745663244 1503070462.3431923 8918382531010.912
113 15 300 1756.7778603087352 1745638.951090852 3066699861.368972
114 14 261 1540.4353185285338 911901.6436791396 1404725498.947569
115 26 313 4285.277943143774 30664297.0 131405035576.1098
116 19 340 2668.9360872348193 7438595.935216366 19853137129.8572
117 13 279 1331.5823725933528 783888.0642039899 1043811528.3803594
118 25 557 4060.496712466729 136328049.18228638 553559595521.6764
119 27 454 4506.6139001521815 117054065.04555555 527517476603.6182
120 24 362 3832.71054120725 30318607.2488085 116202445597.23088
121 15 477 1756.7778603087352 5616210.492748852 9866434252.494795
122 11 202 942.9223974109915 189643.12073882896 178818746.05955872
123 19 221 2668.9360872348193 2310253.7714747735 6165919661.359366
124 29 475 4937.473672561782 207543622.30644172 1024741171046.1622
125 32 528 5549.980220652734 540681829.370726 3000773458673.8657
126 40 726 6955.50474228233 7330455794.724296 50987020043295.82
127 27 570 4506.6139001521815 233592661.31594718 1052711934459.9883
128 19 322 2668.9360872348193 6417533.701163957 17127987286.082119
129 23 405 3602.4235623004615 33204869.187841028 119618003145.3831
130 20 244 2902.6872563902634 3860357.363585924 11205410124.393175
131 4 184 75.61186198841948 1951.9617083430758 147591.45929791615
132 20 265 2902.6872563902634 4847877.385240962 14071871906.681492
133 38 731 6636.579650383532 5154058938.870515 34205322670585.4
134 15 299 1756.7778603087352 1731013.6222401606 3041006407.4443426
135 37 961 6468.923834840442 10662098113.623188 68972300616624.36
136 32 466 5549.980220652734 362192483.67157024 2010161120446.303
137 21 329 3136.7198300107975 11305295.253153095 35461543804.69225
138 24 390 3832.71054120725 37698048.75731982 144485708855.12457
139 15 299 1756.7778603087352 1731013.6222401606 3041006407.4443426
140 15 301 1756.7778603087352 1760338.5619455897 3092523812.273729
141 11 215 942.9223974109915 218751.50513045487 206265693.6548713
142 36 514 6295.82243666837 1080265593.7655878 6801160362790.267
143 18 296 2436.3877014920204 3930057.2443779106 9575143136.361961
144 28 410 4724.12231882448 106487787.76990809 503061334886.0673
145 11 205 942.9223974109915 196153.083719731 184957135.96056768
146 13 262 1331.5823725933528 673674.5636254904 897053173.7882222
147 6 100 225.58275470837765 6696.723465418967 1510665.3268494436
148 19 315 2668.9360872348193 6045861.289716272 16136017374.539804
149 9 171 604.9491004987461 64691.06231969827 39134799.9606098
150 36 588 6295.82243666837 1691140309.6203291 10647119104861.963
151 4 56 75.61186198841948 975.7969952136767 73781.82773081094
152 27 470 4506.6139001521815 130035786.02290134 586021080808.022
153 1 19 1.0 40.84402933782601 40.84402933782601
154 17 323 2206.0678959513543 3766785.7321373452 8309785074.595815
155 25 448 4060.496712466729 71515584.53726253 290388795903.691
156 16 254 1979.1134619514044 1525824.7814323686 3019780365.51186
157 22 449 3370.209833397988 34884764.18840005 117568975303.51584
158 40 749 6955.50474228233 8162773783.072381 56776211758337.82
159 0 100 0.0 0.0 0.0
160 9 164 604.9491004987461 59120.271421214304 35764755.01750532
161 17 208 2206.0678959513543 1188624.1130456962 2622185496.1437635
162 20 304 2902.6872563902634 7080435.268983905 20552289224.97575
163 15 208 1756.7778603087352 693671.0685191004 1218625975.5110593
164 13 275 1331.5823725933528 757074.8545469204 1008107531.0483557
165 25 445 4060.496712466729 70106150.40698564 284665793251.26324
166 0 100 0.0 0.0 0.0
167 16 315 1979.1134619514044 2653749.5571873826 5252071473.277127
168 8 100 459.67273235884244 14459.978462742583 6646857.809818897
169 23 338 3602.4235623004615 19708703.167090647 70999096671.51308
170 13 336 1331.5823725933528 1226978.8201255698 1633823368.424599
171 13 233 1331.5823725933528 507767.10188706696 676133722.2556313
172 12 290 1131.8354418063404 228093.22550877134 258163996.66675344
173 21 392 3136.7198300107975 18470963.726188287 57938238199.34493
174 28 466 4724.12231882448 157807249.10170388 745500747553.6537
175 14 306 1540.4353185285338 1349945.3753509228 2079503534.2748199
176 19 258 2668.9360872348193 3516762.294336253 9386013797.580744
177 34 699 5933.442745663244 2015920771.2795072 11961350476180.242
178 25 498 4060.496712466729 97843352.18231755 397292609873.0248
179 21 435 3136.7198300107975 24725818.187981825 77557964223.48424
180 29 554 4937.473672561782 334751646.16710883 1652827439796.8171
181 18 286 2436.3877014920204 3585677.0593904736 8736099489.021023
182 12 268 1131.8354418063404 512103.2920042958 579616655.7561635
183 24 390 3832.71054120725 37698048.75731982 144485708855.12457
184 26 506 4285.277943143774 129554216.0 555175824266.0842
185 15 266 1756.7778603087352 1289195.660515439 2264830393.9996195
186 26 471 4285.277943143774 104487111.0 447756312111.1152
187 23 375 3602.4235623004615 26594447.95312067 95804465932.69519
188 26 369 4285.277943143774 50243409.0 215306972376.0514
189 26 473 4285.277943143774 105823817.0 453484468849.3831
190 25 417 4060.496712466729 57828611.07350623 234812885150.48914
191 26 532 4285.277943143774 150568768.0 645229020436.732
192 15 229 1756.7778603087352 883919.6670475578 1552850501.360618
193 16 179 1979.1134619514044 620468.1955818884 1227976958.5888124
194 27 497 4506.6139001521815 154072835.15817797 694346780559.7006
195 23 356 3602.4235623004615 22890502.495619766 82461285543.11816
196 15 170 1756.7778603087352 417233.4255692907 732986444.6209024
197 9 148 604.9491004987461 47390.045546024034 28668565.42566185
198 13 359 1331.5823725933528 1439266.17686642 1916501470.585152
199 24 404 3832.71054120725 41793172.94716972 160181134505.11505
