0 0 100 0.0 0.0 0.0
1 10 174 766.6651705632711 96147.26174298109 73712756.82337406
2 0 10 0.0 10.0 0.0
3 0 100 0.0 0.0 0.0
4 1 10 1.0 18.1937008646705 18.1937008646705
5 0 100 0.0 0.0 0.0
6 0 6 0.0 6.0 0.0
7 0 100 0.0 0.0 0.0
8 0 10 0.0 10.0 0.0
9 0 100 0.0 0.0 0.0
10 1 109 1.0 15.931997307697284 15.931997307697284
11 1 23 1.0 51.960050539976365 51.960050539976365
12 1 22 1.0 49.12998068819353 49.12998068819353
13 0 100 0.0 0.0 0.0
14 0 18 0.0 18.0 0.0
15 0 100 0.0 0.0 0.0
16 0 100 0.0 0.0 0.0
17 1 118 1.0 38.15436697768484 38.15436697768484
18 0 18 0.0 18.0 0.0
19 12 218 1131.8354418063404 315132.98931001755 356678686.1834565
20 0 100 0.0 0.0 0.0
21 3 175 32.9215577265747 947.2709566120693 31185.635480811874
22 29 741 4937.473672561782 826404021.6967254 4080348100026.7573
23 0 100 0.0 0.0 0.0
24 57 1215 8833.632285946418 870992189380.1027 7694024724915232.0
25 0 100 0.0 0.0 0.0
26 0 18 0.0 18.0 0.0
27 0 100 0.0 0.0 0.0
28 0 100 0.0 0.0 0.0
29 35 1028 6117.310290426031 8818244552.928764 53943938147124.43
30 19 361 2668.9360872348193 8752711.290221969 23360427023.621048
31 19 541 2668.9360872348193 26244530.38799131 70044974245.04083
32 1 110 1.0 18.1937008646705 18.1937008646705
33 0 100 0.0 0.0 0.0
34 1 105 1.0 7.59708563275366 7.59708563275366
35 1 125 1.0 57.71571011139208 57.71571011139208
36 0 100 0.0 0.0 0.0
37 0 100 0.0 0.0 0.0
38 1 26 1.0 60.63937356224698 60.63937356224698
39 2 34 9.541850352986048 161.72412498062124 1543.1473990327004
40 2 125 9.541850352986048 103.79546451213633 990.4007896934788
41 23 556 3602.4235623004615 82825845.36935098 298373776926.0046
42 0 9 0.0 9.0 0.0
43 0 11 0.0 11.0 0.0
44 3 157 32.9215577265747 612.7419199112477 20172.41848785035
45 0 100 0.0 0.0 0.0
46 8 286 459.67273235884244 52574.74337086476 24167175.938350342
47 0 100 0.0 0.0 0.0
48 0 100 0.0 0.0 0.0
49 0 6 0.0 6.0 0.0
50 0 100 0.0 0.0 0.0
51 0 100 0.0 0.0 0.0
52 0 100 0.0 0.0 0.0
53 0 100 0.0 0.0 0.0
54 0 6 0.0 6.0 0.0
55 1 101 1.0 1.0 1.0
56 0 100 0.0 0.0 0.0
57 1 51 1.0 141.71101512179817 141.71101512179817
58 2 148 9.541850352986048 265.93129728965954 2537.4766429133756
59 37 867 6468.923834840442 7543066741.926161 48795524234638.38
60 29 437 4937.473672561782 160173163.17802128 790850776242.4224
61 0 100 0.0 0.0 0.0
62 34 609 5933.442745663244 1284303933.527088 7620343857613.068
63 1 10 1.0 18.1937008646705 18.1937008646705
64 0 100 0.0 0.0 0.0
65 0 100 0.0 0.0 0.0
66 0 100 0.0 0.0 0.0
67 2 117 9.541850352986048 59.51335422080222 567.8675199791454
68 0 100 0.0 0.0 0.0
69 0 100 0.0 0.0 0.0
70 1 59 1.0 170.26827089629276 170.26827089629276
71 36 966 6295.82243666837 8843129955.610321 55674775984905.625
72 0 100 0.0 0.0 0.0
73 0 100 0.0 0.0 0.0
74 0 6 0.0 6.0 0.0
75 0 100 0.0 0.0 0.0
76 3 130 32.9215577265747 221.1993434691573 7282.2269551002855
77 0 100 0.0 0.0 0.0
78 0 6 0.0 6.0 0.0
79 1 56 1.0 159.43324825478544 159.43324825478544
80 32 699 5549.980220652734 1329713849.3904836 7379885563245.192
81 0 100 0.0 0.0 0.0
82 3 177 32.9215577265747 987.6825062906825 32516.04664637668
83 0 18 0.0 18.0 0.0
84 0 5 0.0 5.0 0.0
85 1 19 1.0 40.84402933782601 40.84402933782601
86 0 100 0.0 0.0 0.0
87 1 36 1.0 91.37308344663872 91.37308344663872
88 31 685 5350.621552679651 1006367012.0433065 5384689024544.738
89 1 14 1.0 27.799106543625292 27.799106543625292
90 0 9 0.0 9.0 0.0
91 0 100 0.0 0.0 0.0
92 17 485 2206.0678959513543 10930362.07621758 24113120867.467796
93 2 107 9.541850352986048 16.551687764173284 157.9337277350917
94 8 155 459.67273235884244 35981.02511980672 16539496.129893702
95 0 100 0.0 0.0 0.0
96 2 116 9.541850352986048 54.53075711894446 520.3243240639966
97 1 37 1.0 94.5824071263594 94.5824071263594
98 1 19 1.0 40.84402933782601 40.84402933782601
99 4 159 75.61186198841948 1066.8769814059906 80668.55507669134
100 41 763 7106.788070274764 10464828091.674215 74371315439386.55
101 53 1392 8516.089422990353 762450647178.2189 6493097891986579.0
102 1 106 1.0 9.55892689827884 9.55892689827884
103 21 517 3136.7198300107975 40115039.58645885 125829640152.51361
104 42 1013 7252.650449022947 33872425882.771217 245664864788177.16
105 26 482 4285.277943143774 111980168.0 479866143999.93427
106 12 306 1131.8354418063404 699460.210252393 791673856.0969731
107 23 614 3602.4235623004615 110273020.4752823 397250127246.1982
108 33 684 5744.298091538941 1529259561.0321739 8784522777904.795
109 39 935 6798.773358825962 9818094176.937332 66750997124605.84
110 36 793 6295.82243666837 4581645348.045392 28845225579081.44
111 20 393 2902.6872563902634 14379120.733408576 41738090510.96209
112 0 100 0.0 0.0 0.0
113 25 602 4060.496712466729 171610429.05023032 696823582983.4651
114 18 402 2436.3877014920204 8894490.870740442 21670428168.505062
115 17 489 2206.0678959513543 6131802.089804176 13527171734.644417
116 31 693 5350.621552679651 1044157109.7377696 5586889535746.602
117 25 584 4060.496712466729 156850960.73615563 636892810416.408
118 19 513 2668.9360872348193 22719057.92850603 60635713573.36809
119 21 735 3136.7198300107975 107510246.36645259 337229521706.9981
120 1 102 1.0 2.3948263510722025 2.3948263510722025
121 42 967 7252.650449022947 28783083576.063133 208753644022199.3
122 22 478 3370.209833397988 41680845.49824969 140473195362.54337
123 19 380 2668.9360872348193 10060279.383550808 26850242694.423214
124 35 673 6117.310290426031 2177208398.1121836 13318659338173.637
125 47 1005 7902.318130854768 81394591490.4651 643205956088619.6
126 0 100 0.0 0.0 0.0
127 14 346 1540.4353185285338 1827679.8865256165 2815422648.1682825
128 45 1040 7658.1450374688 64591427559.98683 494650520431538.6
129 18 602 2436.3877014920204 26126417.347328667 63654081909.07934
130 33 771 5744.298091538941 2253904102.5601335 12947097034847.963
131 31 853 5350.621552679651 2019217728.7068794 10804069898771.883
132 44 743 7528.2761260995885 16285492202.036198 122601682146370.12
133 29 884 4937.473672561782 1429921693.9965746 7060200717933.032
134 27 661 4506.6139001521815 366262664.36505365 1650604414334.324
135 45 1134 7658.1450374688 88069352207.02963 674447872557355.9
136 27 498 4506.6139001521815 155016125.13836652 698597824296.2926
137 23 836 3602.4235623004615 185997279.36006755 670040981690.4886
138 47 1346 7902.318130854768 235344703290.4732 1859768715812942.2
139 40 826 6955.50474228233 11438811123.418068 79562705015006.23
140 20 605 2902.6872563902634 47277244.462119594 137231055017.4417
141 38 810 6636.579650383532 7299408649.81125 48443106905170.875
142 55 1536 8683.506947919002 1551294433190.9282 1.3470675988881496e+16
143 49 975 8126.242482129881 102703951632.90967 834597214841963.1
144 40 849 6955.50474228233 12575057888.744617 87465874779638.02
145 1 124 1.0 54.8222930413608 54.8222930413608
146 40 1008 6955.50474228233 22729212430.026405 158093144845391.16
147 42 950 7252.650449022947 27048993101.563072 196176891963670.03
148 40 702 6955.50474228233 6528128612.488275 45406429522391.164
149 43 915 7393.130324549447 28500208003.42768 210705752046108.06
150 18 367 2436.3877014920204 6975239.985816511 16994388916.398724
151 32 805 5549.980220652734 2091414151.0432243 11607307171483.125
152 35 742 6117.310290426031 3005141113.7315316 18383380659212.242
153 18 390 2436.3877014920204 8203535.642296735 19986993347.643208
154 41 674 7106.788070274764 6799816135.105945 48324852189032.78
155 51 1144 8330.590095344352 260380980814.0566 2169127219785627.8
156 25 690 4060.496712466729 257086499.01014152 1043898884050.2606
157 24 486 3832.71054120725 71741773.32725309 274965450876.26404
158 38 849 6636.579650383532 8561409587.531885 56818476647212.58
159 22 559 3370.209833397988 65053957.33228156 219245486702.70847
160 42 1071 7252.650449022947 41167884981.029854 298576279492991.2
161 27 785 4506.6139001521815 617346904.2760594 2782144140026.407
162 45 969 7658.1450374688 50135003722.78465 383941129963123.1
163 37 939 6468.923834840442 9863444695.7753 63805872486131.37
164 30 808 5146.386239304723 1359207609.5700092 6995007338249.362
165 34 765 5933.442745663244 2707994453.6666946 16067730046404.95
166 45 1063 7658.1450374688 69857585346.3185 534979520549462.2
167 22 484 3370.209833397988 43186008.90639049 145545911881.5303
168 41 1102 7106.788070274764 37558157698.66181 266917867074348.06
169 42 1026 7252.650449022947 35419940171.580864 256888444989781.88
170 35 758 6117.310290426031 3224469088.2555146 19725077934746.1
171 41 1021 7106.788070274764 28804056533.976585 204704325351184.7
172 31 769 5350.621552679651 1452931084.8283138 7774084377040.603
173 28 812 4724.12231882448 869116397.7764765 4105812172392.1875
174 39 828 6798.773358825962 9539450859.057796 64856564358391.58
175 33 843 5744.298091538941 3009854759.7229857 17289502952086.145
176 19 643 2668.9360872348193 41942791.933235735 111942630989.99432
177 35 846 6117.310290426031 4634084720.62339 28348134148175.504
178 8 325 459.67273235884244 78115.4258688555 35907531.24851141
179 32 752 5549.980220652734 1680999035.453538 9329511397703.459
180 31 623 5350.621552679651 744640288.6559062 3984288377475.8887
181 53 960 8516.089422990353 187188390021.70065 1594113068370398.0
182 41 948 7106.788070274764 22256921666.936703 158175225383625.7
183 38 967 6636.579650383532 13311053261.686193 88339865201677.92
184 22 448 3370.209833397988 34664265.18353988 116825847389.08162
185 17 472 2206.0678959513543 5454165.20107824 12032258749.313768
186 47 925 7902.318130854768 60210806942.04638 475804951371529.25
187 22 799 3370.209833397988 179662295.05058953 605499633470.3475
188 29 609 4937.473672561782 449214088.4214061 2217982734924.533
189 46 874 7782.801884860074 41248026350.80212 321025217229780.7
190 49 1088 8126.242482129881 153828391964.49387 1250046813739596.8
191 51 1089 8330.590095344352 216640896776.35333 1804746508931607.2
192 37 849 6468.923834840442 7029357372.12674 45472377448162.05
193 30 791 5146.386239304723 1271380460.1580606 6543014905078.35
194 31 842 5350.621552679651 1937701978.777293 10367909970315.793
195 44 989 7528.2761260995885 45039507737.359085 339069850830438.1
196 27 657 4506.6139001521815 359573708.0817512 1620459870970.483
197 37 679 6468.923834840442 3316473537.6730604 21454014715470.863
198 48 1141 8016.77096497358 154007835028.23828 1234645540232821.8
199 28 641 4724.12231882448 420297833.5378338 1985538375969.657
