0 1 31 1.0 75.68293941204132 75.68293941204132
1 4 87 75.61186198841948 2072.675291085697 156718.8380563789
2 3 56 32.9215577265747 595.765723501293 19613.535657762357
3 1 19 1.0 40.84402933782601 40.84402933782601
4 0 100 0.0 0.0 0.0
5 0 100 0.0 0.0 0.0
6 3 47 32.9215577265747 451.11773253603667 14851.498473166615
7 2 129 9.541850352986048 128.5709592386038 1226.8048527946264
8 3 43 32.9215577265747 391.71440685113555 12895.848457480626
9 0 10 0.0 10.0 0.0
10 2 17 9.541850352986048 59.51335422080222 567.8675199791454
11 5 140 139.6884681067044 814.9598274436516 113840.48986410785
12 0 100 0.0 0.0 0.0
13 5 78 139.6884681067044 2742.610069160227 383110.9991750147
14 1 10 1.0 18.1937008646705 18.1937008646705
15 0 10 0.0 10.0 0.0
16 3 53 32.9215577265747 545.90532331836 17972.053614869816
17 1 106 1.0 9.55892689827884 9.55892689827884
18 0 100 0.0 0.0 0.0
19 0 5 0.0 5.0 0.0
20 0 100 0.0 0.0 0.0
21 2 17 9.541850352986048 59.51335422080222 567.8675199791454
22 0 8 0.0 8.0 0.0
23 1 6 1.0 9.55892689827884 9.55892689827884
24 0 100 0.0 0.0 0.0
25 0 6 0.0 6.0 0.0
26 1 16 1.0 32.892441635375256 32.892441635375256
27 5 112 139.6884681067044 5292.687692718977 739327.4359631217
28 0 100 0.0 0.0 0.0
29 8 206 459.67273235884244 16323.225002619285 7503341.43786218
30 0 5 0.0 5.0 0.0
31 6 55 225.58275470837765 2133.9982456992793 481393.20280768874
32 1 14 1.0 27.799106543625292 27.799106543625292
33 0 100 0.0 0.0 0.0
34 0 100 0.0 0.0 0.0
35 0 100 0.0 0.0 0.0
36 6 107 225.58275470837765 7622.045029127996 1719401.9141819899
37 0 100 0.0 0.0 0.0
38 0 14 0.0 14.0 0.0
39 6 171 225.58275470837765 3478.001961782023 784577.2634199304
40 0 100 0.0 0.0 0.0
41 0 6 0.0 6.0 0.0
42 1 9 1.0 15.931997307697284 15.931997307697284
43 2 10 9.541850352986048 27.685321443873434 264.16919419175593
44 0 100 0.0 0.0 0.0
45 1 102 1.0 2.3948263510722025 2.3948263510722025
46 2 15 9.541850352986048 49.68406405407534 474.0779041321602
47 0 5 0.0 5.0 0.0
48 2 54 9.541850352986048 315.16948038953416 3007.300017705306
49 2 43 9.541850352986048 226.91812071099523 2165.21875020514
50 0 100 0.0 0.0 0.0
51 0 18 0.0 18.0 0.0
52 4 42 75.61186198841948 596.6466987883373 45113.56784462985
53 1 24 1.0 54.8222930413608 54.8222930413608
54 0 100 0.0 0.0 0.0
55 0 11 0.0 11.0 0.0
56 1 28 1.0 66.57403288693754 66.57403288693754
57 0 100 0.0 0.0 0.0
58 0 100 0.0 0.0 0.0
59 0 100 0.0 0.0 0.0
60 0 10 0.0 10.0 0.0
61 2 36 9.541850352986048 175.6210676402407 1675.7499462548174
62 1 107 1.0 11.607984241186918 11.607984241186918
63 1 114 1.0 27.799106543625292 27.799106543625292
64 0 100 0.0 0.0 0.0
65 2 28 9.541850352986048 122.22584512913716 1166.2607234894754
66 0 100 0.0 0.0 0.0
67 2 111 9.541850352986048 31.76494829034237 303.0963830567869
68 2 23 9.541850352986048 92.0346545141889 878.1809006631623
69 0 100 0.0 0.0 0.0
70 0 100 0.0 0.0 0.0
71 1 104 1.0 5.735193251789799 5.735193251789799
72 0 100 0.0 0.0 0.0
73 2 37 9.541850352986048 182.69988024795316 1743.2949168344405
74 1 10 1.0 18.1937008646705 18.1937008646705
75 0 100 0.0 0.0 0.0
76 0 100 0.0 0.0 0.0
77 0 100 0.0 0.0 0.0
78 0 100 0.0 0.0 0.0
79 3 20 32.9215577265747 116.21344721391306 3825.92771105708
80 0 100 0.0 0.0 0.0
81 0 100 0.0 0.0 0.0
82 1 105 1.0 7.59708563275366 7.59708563275366
83 0 100 0.0 0.0 0.0
84 0 5 0.0 5.0 0.0
85 1 6 1.0 9.55892689827884 9.55892689827884
86 1 20 1.0 43.57075425423803 43.57075425423803
87 1 10 1.0 18.1937008646705 18.1937008646705
88 1 19 1.0 40.84402933782601 40.84402933782601
89 0 100 0.0 0.0 0.0
90 5 141 139.6884681067044 8042.485898893719 1123442.5349862352
91 1 122 1.0 49.12998068819353 49.12998068819353
92 2 15 9.541850352986048 49.68406405407534 474.0779041321602
93 0 12 0.0 12.0 0.0
94 0 100 0.0 0.0 0.0
95 0 100 0.0 0.0 0.0
96 0 6 0.0 6.0 0.0
97 4 54 75.61186198841948 916.9626779842689 69333.25545627807
98 5 72 139.6884681067044 2371.3580183097592 331251.36891024053
99 1 103 1.0 3.9914906122521803 3.9914906122521803
100 3 88 32.9215577265747 1220.8824175108728 40193.35098544427
101 9 198 604.9491004987461 88718.69751620591 53670296.25984911
102 2 113 9.541850352986048 40.41888428935346 385.6709453236695
103 1 7 1.0 11.607984241186918 11.607984241186918
104 9 186 604.9491004987461 77538.50379806156 46906848.12665595
105 7 79 332.66880679862265 6241.0 2076186.023230204
106 6 199 225.58275470837765 6569.204673563341 1481899.2865055674
107 5 47 139.6884681067044 1092.4547337912052 152603.328239211
108 1 105 1.0 7.59708563275366 7.59708563275366
109 1 104 1.0 5.735193251789799 5.735193251789799
110 7 224 332.66880679862265 15376.0 5115115.5733356215
111 0 5 0.0 5.0 0.0
112 2 106 9.541850352986048 13.252209915340185 126.45060385853394
113 9 124 604.9491004987461 32369.82111547107 19582094.16710954
114 3 50 32.9215577265747 497.6760852315066 16384.27196908475
115 0 100 0.0 0.0 0.0
116 5 37 139.6884681067044 707.3130102314473 98803.4708711726
117 5 87 139.6884681067044 3344.5706484424895 467197.95035557833
118 8 116 459.67273235884244 19689.9977613532 9050955.071100716
119 1 10 1.0 18.1937008646705 18.1937008646705
120 6 134 225.58275470837765 11722.091250421281 2644301.6352130035
121 9 170 604.9491004987461 63878.767860182066 38643403.15798535
122 3 26 32.9215577265747 176.25042831919396 5802.438650243859
123 4 44 75.61186198841948 646.0476428878335 48848.86521197858
124 0 100 0.0 0.0 0.0
125 2 24 9.541850352986048 97.86086952638261 933.7737724338355
126 1 10 1.0 18.1937008646705 18.1937008646705
127 4 65 75.61186198841948 1259.0362466163215 95198.07491757096
128 4 56 75.61186198841948 975.7969952136767 73781.82773081094
129 1 11 1.0 20.51504931294799 20.51504931294799
130 5 175 139.6884681067044 2553.9502583266267 356757.3992063684
131 5 104 139.6884681067044 4625.863540566592 646179.7916524031
132 4 50 75.61186198841948 803.8922494719358 60783.78982063209
133 2 19 9.541850352986048 69.8685662777562 666.6754038000371
134 0 100 0.0 0.0 0.0
135 6 69 225.58275470837765 3293.0002682054314 742844.0717572076
136 3 28 32.9215577265747 198.25318874016915 6526.8037975869875
137 5 163 139.6884681067044 1860.4532693243248 259883.86717602485
138 5 69 139.6884681067044 2194.8788310889477 306599.26159464906
139 1 103 1.0 3.9914906122521803 3.9914906122521803
140 7 90 332.66880679862265 8100.0 2694617.3350688433
141 6 207 225.58275470837765 7622.045029127996 1719401.9141819899
142 8 114 459.67273235884244 18990.417242658223 8729376.98256718
143 8 94 459.67273235884244 12713.68154955962 5844132.736226273
144 1 103 1.0 3.9914906122521803 3.9914906122521803
145 6 113 225.58275470837765 8460.534002517481 1908550.5665917895
146 4 142 75.61186198841948 596.6466987883373 45113.56784462985
147 3 33 32.9215577265747 257.33012181535685 8471.708460130769
148 6 89 225.58275470837765 5358.570280584671 1208801.0451927343
149 0 100 0.0 0.0 0.0
150 2 22 9.541850352986048 86.31942417916456 823.6470280735138
151 8 83 459.67273235884244 9813.93766434623 4511199.541369388
152 6 72 225.58275470837765 3572.3109038912485 805851.7343745624
153 5 139 139.6884681067044 778.3165439750189 108721.84572997481
154 4 47 75.61186198841948 723.181183304868 54681.07582466957
155 8 106 459.67273235884244 16323.225002619285 7503341.43786218
156 7 191 332.66880679862265 8281.0 2754830.389099394
157 1 7 1.0 11.607984241186918 11.607984241186918
158 6 89 225.58275470837765 5358.570280584671 1208801.0451927343
159 5 170 139.6884681067044 2253.023098877021 314721.345291151
160 5 39 139.6884681067044 778.3165439750189 108721.84572997481
161 9 111 604.9491004987461 25498.508505617654 15425299.784533028
162 5 163 139.6884681067044 1860.4532693243248 259883.86717602485
163 10 175 766.6651705632711 97380.49160672564 74658231.2072055
164 9 105 604.9491004987461 22621.44489281392 13684822.739889735
165 5 171 139.6884681067044 2311.8500842163953 322938.7967565438
166 7 193 332.66880679862265 8649.0 2877252.5100012873
167 6 84 225.58275470837765 4797.4874870676995 1082230.443011704
168 7 90 332.66880679862265 8100.0 2694617.3350688433
169 4 64 75.61186198841948 1226.095534977771 92707.36637535656
170 4 48 75.61186198841948 749.6906189831174 56685.50361656424
171 6 73 225.58275470837765 3667.8232800781016 827397.6793035355
172 9 132 604.9491004987461 37037.19091196814 22405615.327195458
173 3 140 32.9215577265747 349.23013798641597 11497.20014757944
174 7 148 332.66880679862265 21904.0 7286777.544117031
175 5 136 139.6884681067044 672.9601112794846 94004.76704154853
176 8 97 459.67273235884244 13572.24668173896 6238791.71644318
177 8 169 459.67273235884244 43071.60881333714 19798844.110317882
178 6 64 225.58275470837765 2851.6616420490063 643285.6887096304
179 11 138 942.9223974109915 79268.40782369916 74743957.1440746
180 5 41 139.6884681067044 852.3594055446428 119064.77963687235
181 9 140 604.9491004987461 42042.90237411894 25433815.97357985
182 4 66 75.61186198841948 1292.338741426653 97716.13855903981
183 4 54 75.61186198841948 916.9626779842689 69333.25545627807
184 4 164 75.61186198841948 1226.095534977771 92707.36637535656
185 5 141 139.6884681067044 852.3594055446428 119064.77963687235
186 6 222 225.58275470837765 9796.315838838276 2209879.91291845
187 10 176 766.6651705632711 98622.37714481588 75610341.59508552
188 8 113 459.67273235884244 18645.55254126269 8570852.082982577
189 4 155 75.61186198841948 946.1899645328139 71543.18501308264
190 7 216 332.66880679862265 13456.0 4476391.464282267
191 5 145 139.6884681067044 1009.4539298642129 141009.0730870245
192 8 133 459.67273235884244 26169.13941804069 12029239.819770252
193 6 199 225.58275470837765 6569.204673563341 1481899.2865055674
194 6 163 225.58275470837765 2767.0349550527303 624195.3675351668
195 6 125 225.58275470837765 10262.29633791766 2314997.077541162
196 5 171 139.6884681067044 2311.8500842163953 322938.7967565438
197 6 160 225.58275470837765 2520.4667612931225 568573.8351634055
198 6 225 225.58275470837765 10262.29633791766 2314997.077541162
199 9 125 604.9491004987461 32934.84879335048 19923907.152599588
