0 1 27 1.0 63.59241768810072 63.59241768810072
1 6 175 225.58275470837765 3862.4525781644106 871302.6925128031
2 0 10 0.0 10.0 0.0
3 1 108 1.0 13.734791927877684 13.734791927877684
4 0 100 0.0 0.0 0.0
5 5 179 139.6884681067044 2806.8374672292675 392082.8260217585
6 0 100 0.0 0.0 0.0
7 0 9 0.0 9.0 0.0
8 0 6 0.0 6.0 0.0
9 6 79 225.58275470837765 4266.090224510861 962356.3846796412
10 0 10 0.0 10.0 0.0
11 4 47 75.61186198841948 723.181183304868 54681.07582466957
12 5 81 139.6884681067044 2937.2940727723303 410306.1094044695
13 4 72 75.61186198841948 1499.6637502850892 113392.36851559173
14 0 12 0.0 12.0 0.0
15 3 147 32.9215577265747 451.11773253603667 14851.498473166615
16 0 9 0.0 9.0 0.0
17 7 226 332.66880679862265 15876.0 5281449.976734933
18 0 100 0.0 0.0 0.0
19 1 9 1.0 15.931997307697284 15.931997307697284
20 1 18 1.0 38.15436697768484 38.15436697768484
21 11 114 942.9223974109915 51184.27520088465 48262799.48216211
22 1 106 1.0 9.55892689827884 9.55892689827884
23 0 5 0.0 5.0 0.0
24 0 5 0.0 5.0 0.0
25 1 19 1.0 40.84402933782601 40.84402933782601
26 0 100 0.0 0.0 0.0
27 0 100 0.0 0.0 0.0
28 2 16 9.541850352986048 54.53075711894446 520.3243240639966
29 3 72 32.9215577265747 887.8335628861327 29228.863892146303
30 4 59 75.61186198841948 1066.8769814059906 80668.55507669134
31 0 11 0.0 11.0 0.0
32 5 130 139.6884681067044 483.17833180921616 67494.44099278233
33 6 67 225.58275470837765 3112.8302065571443 702200.8129346088
34 0 7 0.0 7.0 0.0
35 0 10 0.0 10.0 0.0
36 5 60 139.6884681067044 1702.6102917613564 237835.0234388529
37 3 17 32.9215577265747 89.78750677036001 2955.9445872656233
38 0 10 0.0 10.0 0.0
39 1 108 1.0 13.734791927877684 13.734791927877684
40 4 149 75.61186198841948 776.5950928818146 58719.80098386357
41 0 100 0.0 0.0 0.0
42 1 18 1.0 38.15436697768484 38.15436697768484
43 0 100 0.0 0.0 0.0
44 0 100 0.0 0.0 0.0
45 0 100 0.0 0.0 0.0
46 1 10 1.0 18.1937008646705 18.1937008646705
47 9 109 604.9491004987461 24518.97583158066 14832732.374465218
48 5 64 139.6884681067044 1914.4623288244568 267428.3099614821
49 1 39 1.0 101.06849300292524 101.06849300292524
50 0 100 0.0 0.0 0.0
51 8 97 459.67273235884244 13572.24668173896 6238791.71644318
52 0 100 0.0 0.0 0.0
53 6 130 225.58275470837765 11061.859988496359 2495364.8484033914
54 11 125 942.9223974109915 63201.22767677458 59593853.12030219
55 1 28 1.0 66.57403288693754 66.57403288693754
56 2 10 9.541850352986048 27.685321443873434 264.16919419175593
57 1 9 1.0 15.931997307697284 15.931997307697284
58 4 66 75.61186198841948 1292.338741426653 97716.13855903981
59 5 141 139.6884681067044 852.3594055446428 119064.77963687235
60 4 59 75.61186198841948 1066.8769814059906 80668.55507669134
61 0 100 0.0 0.0 0.0
62 1 106 1.0 9.55892689827884 9.55892689827884
63 0 5 0.0 5.0 0.0
64 3 45 32.9215577265747 421.0282951259743 13860.907322511091
65 2 131 9.541850352986048 141.5519192260369 1350.6672304328126
66 0 6 0.0 6.0 0.0
67 2 49 9.541850352986048 273.9583678426836 2614.069748903192
68 0 6 0.0 6.0 0.0
69 9 109 604.9491004987461 24518.97583158066 14832732.374465218
70 0 100 0.0 0.0 0.0
71 1 131 1.0 75.68293941204132 75.68293941204132
72 0 5 0.0 5.0 0.0
73 1 18 1.0 38.15436697768484 38.15436697768484
74 0 100 0.0 0.0 0.0
75 1 18 1.0 38.15436697768484 38.15436697768484
76 0 100 0.0 0.0 0.0
77 0 100 0.0 0.0 0.0
78 4 107 75.61186198841948 2952.551261146638 223247.89847155346
79 6 109 225.58275470837765 7896.900764171442 1781404.6280404862
80 1 24 1.0 54.8222930413608 54.8222930413608
81 0 10 0.0 10.0 0.0
82 0 100 0.0 0.0 0.0
83 6 87 225.58275470837765 5130.584655325767 1157371.4198129189
84 0 10 0.0 10.0 0.0
85 1 101 1.0 1.0 1.0
86 4 92 75.61186198841948 2280.4993308091553 172432.80066582482
87 1 104 1.0 5.735193251789799 5.735193251789799
88 1 11 1.0 20.51504931294799 20.51504931294799
89 3 47 32.9215577265747 451.11773253603667 14851.498473166615
90 6 106 225.58275470837765 7486.36063642395 1688793.855104878
91 0 100 0.0 0.0 0.0
92 1 11 1.0 20.51504931294799 20.51504931294799
93 0 9 0.0 9.0 0.0
94 0 100 0.0 0.0 0.0
95 0 10 0.0 10.0 0.0
96 0 6 0.0 6.0 0.0
97 0 5 0.0 5.0 0.0
98 4 54 75.61186198841948 916.9626779842689 69333.25545627807
99 1 112 1.0 22.891970023971037 22.891970023971037
100 3 129 32.9215577265747 209.61005902119368 6900.689658136957
101 3 39 32.9215577265747 335.47304520277595 11044.29522335299
102 4 115 75.61186198841948 3339.979032026364 252542.03361379233
103 5 36 139.6884681067044 672.9601112794846 94004.76704154853
104 0 100 0.0 0.0 0.0
105 6 60 225.58275470837765 2520.4667612931225 568573.8351634055
106 4 52 75.61186198841948 859.6554919481086 65000.15241476724
107 1 106 1.0 9.55892689827884 9.55892689827884
108 5 103 139.6884681067044 4545.356706035842 634933.9152646826
109 5 82 139.6884681067044 3003.520233876968 419557.14039776416
110 10 148 766.6651705632711 67083.98395005375 51430953.9971317
111 3 21 32.9215577265747 125.57185196799401 4134.020973397207
112 7 109 332.66880679862265 11881.0 3952438.093574436
113 3 34 32.9215577265747 269.81820202916316 8882.83551378369
114 8 147 459.67273235884244 32225.65307789171 14813254.002362624
115 4 51 75.61186198841948 831.5797944458234 62877.296649995835
116 5 55 139.6884681067044 1453.6132803589628 203053.01235290492
117 8 109 459.67273235884244 17298.876533787272 7951821.843024257
118 0 100 0.0 0.0 0.0
119 7 106 332.66880679862265 11236.0 3737866.7131893244
120 1 105 1.0 7.59708563275366 7.59708563275366
121 8 123 459.67273235884244 22242.203710402715 10224134.553242799
122 6 106 225.58275470837765 7486.36063642395 1688793.855104878
123 0 100 0.0 0.0 0.0
124 4 62 75.61186198841948 1161.3060165688764 87808.51025112707
125 8 205 459.67273235884244 16004.538823908642 7356850.091329261
126 5 171 139.6884681067044 2311.8500842163953 322938.7967565438
127 4 49 75.61186198841948 776.5950928818146 58719.80098386357
128 5 156 139.6884681067044 1501.9949206988383 209811.36957647165
129 6 81 225.58275470837765 4475.076918624486 1009500.1788351899
130 6 101 225.58275470837765 6825.411756924657 1539695.1861460118
131 2 12 9.541850352986048 36.01211998010309 343.62225974392254
132 5 162 139.6884681067044 1807.1402103142602 252436.6476328266
133 0 100 0.0 0.0 0.0
134 6 50 225.58275470837765 1778.3314122697193 401160.8987642429
135 0 100 0.0 0.0 0.0
136 6 198 225.58275470837765 6442.856405219488 1453397.2960799276
137 9 172 604.9491004987461 65508.859210178634 39629525.45389657
138 5 133 139.6884681067044 7232.601763293923 1010311.060740377
139 3 52 32.9215577265747 529.6457757489877 17436.763980956737
140 14 214 1540.4353185285338 558849.138813278 860870951.1572288
141 6 204 225.58275470837765 7218.483555423629 1628365.4052495863
142 0 100 0.0 0.0 0.0
143 1 23 1.0 51.960050539976365 51.960050539976365
144 3 150 32.9215577265747 497.6760852315066 16384.27196908475
145 5 114 139.6884681067044 5465.679515018471 763492.3986151252
146 3 132 32.9215577265747 245.06238675558936 8067.83551218631
147 0 100 0.0 0.0 0.0
148 9 222 604.9491004987461 31255.467204814257 18907966.771220442
149 6 59 225.58275470837765 2440.720411610211 550584.4339239968
150 6 141 225.58275470837765 12921.36097430879 2914836.2031659037
151 4 185 75.61186198841948 1991.8652456125124 150608.64005078256
152 1 105 1.0 7.59708563275366 7.59708563275366
153 6 51 225.58275470837765 1846.9886924473915 416648.7971575071
154 3 131 32.9215577265747 233.0178128969552 7671.309378607293
155 5 68 139.6884681067044 2137.419079796989 298572.7969588832
156 4 42 75.61186198841948 596.6466987883373 45113.56784462985
157 7 45 332.66880679862265 2025.0 673654.3337672108
158 9 88 604.9491004987461 15461.831035098347 9353620.776746342
159 6 68 225.58275470837765 3202.3105181925803 722386.0281254946
160 4 49 75.61186198841948 776.5950928818146 58719.80098386357
161 6 83 225.58275470837765 4688.828251009056 1057718.7932170872
162 3 131 32.9215577265747 233.0178128969552 7671.309378607293
163 4 52 75.61186198841948 859.6554919481086 65000.15241476724
164 1 14 1.0 27.799106543625292 27.799106543625292
165 4 36 75.61186198841948 458.3949685466225 34660.09709793311
166 1 40 1.0 104.3443904241405 104.3443904241405
167 6 204 225.58275470837765 7218.483555423629 1628365.4052495863
168 12 165 1131.8354418063404 163699.3358760145 185280710.14463338
169 2 22 9.541850352986048 86.31942417916456 823.6470280735138
170 7 146 332.66880679862265 21316.0 7091168.28571944
171 5 181 139.6884681067044 2937.2940727723303 410306.1094044695
172 10 161 766.6651705632711 80897.81870740736 62021539.97751105
173 2 20 9.541850352986048 75.23327232919837 717.8646261306569
174 4 145 75.61186198841948 671.3571728121805 50762.565895610074
175 10 132 766.6651705632711 52013.27544633191 39876766.69161645
176 5 63 139.6884681067044 1860.4532693243248 259883.86717602485
177 5 166 139.6884681067044 2024.56047903646 282807.7519059787
178 5 51 139.6884681067044 1267.2460047423704 177019.65311680315
179 6 132 225.58275470837765 11389.69248070312 2569318.205078305
180 6 171 225.58275470837765 3478.001961782023 784577.2634199304
181 5 174 139.6884681067044 2492.4098028308917 348160.9072515804
182 8 212 459.67273235884244 18303.96846388381 8413835.196803555
183 9 114 604.9491004987461 27006.4292253054 16337515.067531552
184 9 111 604.9491004987461 25498.508505617654 15425299.784533028
185 6 57 225.58275470837765 2284.902982010436 515434.70892330084
186 4 172 75.61186198841948 1499.6637502850892 113392.36851559173
187 10 166 766.6651705632711 86591.68420024101 66386828.33673868
188 4 94 75.61186198841948 2365.92606792603 178892.07532282695
189 7 120 332.66880679862265 14400.0 4790430.817900166
190 7 143 332.66880679862265 20449.0 6802744.430225034
191 4 46 75.61186198841948 697.0692055589992 52706.70056710426
192 12 114 1131.8354418063404 68623.32013733947 77670305.86586356
193 6 119 225.58275470837765 9340.680210924138 2107096.372830297
194 4 197 75.61186198841948 2496.5017632734202 188765.14677847573
195 4 172 75.61186198841948 1499.6637502850892 113392.36851559173
196 4 162 75.61186198841948 1161.3060165688764 87808.51025112707
197 4 158 75.61186198841948 1036.142416344768 78344.65738500807
198 5 177 139.6884681067044 2679.0520099722326 374232.6712512085
199 6 196 225.58275470837765 6193.675591281851 1397186.4016513997
