0 1 105 1.0 7.59708563275366 7.59708563275366
1 0 100 0.0 0.0 0.0
2 8 240 459.67273235884244 89338.54998123541 41066495.374851495
3 0 100 0.0 0.0 0.0
4 1 108 1.0 13.734791927877684 13.734791927877684
5 1 15 1.0 30.323695983612147 30.323695983612147
6 0 100 0.0 0.0 0.0
7 0 100 0.0 0.0 0.0
8 0 7 0.0 7.0 0.0
9 0 100 0.0 0.0 0.0
10 1 38 1.0 97.81435774219185 97.81435774219185
11 0 100 0.0 0.0 0.0
12 0 18 0.0 18.0 0.0
13 0 100 0.0 0.0 0.0
14 16 301 1979.1134619514044 2360980.5065731737 4672648303.963814
15 1 11 1.0 20.51504931294799 20.51504931294799
16 0 9 0.0 9.0 0.0
17 0 10 0.0 10.0 0.0
18 3 16 32.9215577265747 81.54950460903234 2684.7367235598276
19 0 100 0.0 0.0 0.0
20 4 55 75.61186198841948 946.1899645328139 71543.18501308264
21 0 100 0.0 0.0 0.0
22 1 46 1.0 124.43529823617882 124.43529823617882
23 1 10 1.0 18.1937008646705 18.1937008646705
24 0 11 0.0 11.0 0.0
25 0 18 0.0 18.0 0.0
26 23 519 3602.4235623004615 67904399.08945757 244620407263.71597
27 0 11 0.0 11.0 0.0
28 1 20 1.0 43.57075425423803 43.57075425423803
29 0 18 0.0 18.0 0.0
30 0 6 0.0 6.0 0.0
31 0 100 0.0 0.0 0.0
32 14 254 1540.4353185285338 852766.1415540116 1313631082.8951027
33 1 53 1.0 148.74811262526265 148.74811262526265
34 5 218 139.6884681067044 5819.148784232864 812867.97935448
35 4 86 75.61186198841948 2032.1034843472744 153651.12820465246
36 0 100 0.0 0.0 0.0
37 22 431 3370.209833397988 31052953.843553677 104654970399.59845
38 1 118 1.0 38.15436697768484 38.15436697768484
39 0 100 0.0 0.0 0.0
40 0 9 0.0 9.0 0.0
41 1 30 1.0 72.61998620345668 72.61998620345668
42 0 100 0.0 0.0 0.0
43 1 15 1.0 30.323695983612147 30.323695983612147
44 2 37 9.541850352986048 182.69988024795316 1743.2949168344405
45 1 5 1.0 7.59708563275366 7.59708563275366
46 0 10 0.0 10.0 0.0
47 1 34 1.0 85.02419427196995 85.02419427196995
48 40 881 6955.50474228233 14286199149.695671 99367725934898.03
49 2 49 9.541850352986048 273.9583678426836 2614.069748903192
50 2 47 9.541850352986048 257.9778488812911 2461.586028410529
51 27 487 4506.6139001521815 144850769.0145696 652786489088.7924
52 39 1088 6798.773358825962 24273071775.61573 165027113724926.6
53 0 100 0.0 0.0 0.0
54 0 100 0.0 0.0 0.0
55 2 142 9.541850352986048 219.34644070399202 2092.9709126576195
56 0 100 0.0 0.0 0.0
57 0 100 0.0 0.0 0.0
58 0 6 0.0 6.0 0.0
59 4 153 75.61186198841948 888.1171619831025 67152.19228141312
60 1 11 1.0 20.51504931294799 20.51504931294799
61 35 1079 6117.310290426031 10347040635.578342 63296058155479.695
62 44 1308 7528.2761260995885 121742220099.6207 916509049114336.0
63 1 117 1.0 35.503281577765854 35.503281577765854
64 1 30 1.0 72.61998620345668 72.61998620345668
65 2 152 9.541850352986048 298.47302352672085 2847.984924895254
66 0 100 0.0 0.0 0.0
67 0 18 0.0 18.0 0.0
68 0 100 0.0 0.0 0.0
69 0 9 0.0 9.0 0.0
70 1 10 1.0 18.1937008646705 18.1937008646705
71 0 100 0.0 0.0 0.0
72 1 18 1.0 38.15436697768484 38.15436697768484
73 0 100 0.0 0.0 0.0
74 0 100 0.0 0.0 0.0
75 0 5 0.0 5.0 0.0
76 0 100 0.0 0.0 0.0
77 0 100 0.0 0.0 0.0
78 1 30 1.0 72.61998620345668 72.61998620345668
79 1 18 1.0 38.15436697768484 38.15436697768484
80 36 984 6295.82243666837 9404239239.885534 59207420406268.445
81 1 19 1.0 40.84402933782601 40.84402933782601
82 12 302 1131.8354418063404 678150.9129671411 767555238.1895373
83 0 100 0.0 0.0 0.0
84 0 100 0.0 0.0 0.0
85 32 826 5549.980220652734 2271504710.131281 12606806212348.13
86 7 195 332.66880679862265 38025.0 12649731.378517626
87 5 132 139.6884681067044 7134.089591711757 996550.0464021995
88 1 12 1.0 22.891970023971037 22.891970023971037
89 0 18 0.0 18.0 0.0
90 14 270 1540.4353185285338 991422.2749362324 1527221887.8876786
91 0 100 0.0 0.0 0.0
92 0 100 0.0 0.0 0.0
93 0 10 0.0 10.0 0.0
94 1 18 1.0 38.15436697768484 38.15436697768484
95 13 276 1331.5823725933528 763726.9951302845 1016965404.1891762
96 0 9 0.0 9.0 0.0
97 0 100 0.0 0.0 0.0
98 2 126 9.541850352986048 109.8359986590007 1048.0386625749609
99 0 100 0.0 0.0 0.0
100 3 70 32.9215577265747 849.0056290582019 27950.587827226456
101 22 539 3370.209833397988 58650955.516139545 197666027018.68146
102 13 387 1331.5823725933528 1724850.9183646755 2296781078.245858
103 0 100 0.0 0.0 0.0
104 46 1345 7782.801884860074 195440505489.819 1521074734504169.0
105 59 1370 8967.266196081293 1904784497226.7048 1.7080709632800732e+16
106 38 994 6636.579650383532 14614064032.476826 96987399967337.6
107 9 249 604.9491004987461 145363.37496265714 87937442.92912139
108 27 804 4506.6139001521815 663847735.4456521 2991705432143.924
109 5 202 139.6884681067044 4465.486028292682 623776.9026440964
110 16 416 1979.1134619514044 2675465.6404784503 5295050066.059338
111 15 207 1756.7778603087352 685298.1798703804 1203916670.1061578
112 1 47 1.0 127.85310766976465 127.85310766976465
113 24 607 3832.71054120725 137433656.56273142 526743424224.63763
114 17 624 2206.0678959513543 21157091.224381022 46673979721.821106
115 47 1224 7902.318130854768 166625858847.54742 1316730545440221.5
116 39 852 6798.773358825962 10518708998.964108 71514318511400.08
117 43 1198 7393.130324549447 54248209655.57516 401064083857148.8
118 25 698 4060.496712466729 266017684.33634278 1080163932705.7319
119 8 266 459.67273235884244 41496.44758524493 19074785.444695026
120 58 1306 8902.46046345971 1350067926544.2236 1.201892633904498e+16
121 21 472 3136.7198300107975 31080689.740163688 97491415838.38458
122 1 110 1.0 18.1937008646705 18.1937008646705
123 28 716 4724.12231882448 590469288.9106836 2789449146323.381
124 48 1158 8016.77096497358 162572178433.56226 1303303919778686.0
125 18 569 2436.3877014920204 22477402.062970422 54763665947.7125
126 20 626 2902.6872563902634 51944137.43602415 150777585779.73172
127 34 667 5933.442745663244 1729429533.1013167 10261471117315.78
128 30 560 5146.386239304723 429639989.3743969 2211093329171.424
129 19 563 2668.9360872348193 29243438.843691304 78048869244.7722
130 52 1473 8425.648590871551 795563490333.1547 6703138401274398.0
131 21 588 3136.7198300107975 57531300.19399002 180459570164.79254
132 19 554 2668.9360872348193 27991826.43917666 74708395731.13232
133 27 646 4506.6139001521815 341602525.2962388 1539470688827.117
134 0 100 0.0 0.0 0.0
135 30 493 5146.386239304723 287910306.6390317 1481697640241.116
136 32 769 5549.980220652734 1805958676.833038 10023034935739.543
137 46 1074 7782.801884860074 86769540900.55923 675310146469315.8
138 29 661 4937.473672561782 579457579.8959689 2861056545102.712
139 53 1420 8516.089422990353 822059630076.1606 7000733320758954.0
140 23 552 3602.4235623004615 81118687.15720133 292223869957.98193
141 44 1232 7528.2761260995885 98394887488.61621 740743882410804.5
142 18 473 2436.3877014920204 7283700.620526351 17745918613.2002
143 33 949 5744.298091538941 4417603743.555566 25376032753281.516
144 30 679 5146.386239304723 787011211.1354848 4050263667166.203
145 34 972 5933.442745663244 5927266649.985135 35169097305965.977
146 43 1167 7393.130324549447 67271094075.56839 497343965575703.3
147 26 489 4285.277943143774 116930169.0 501078274103.77386
148 47 1061 7902.318130854768 99124147272.83884 783310546199672.6
149 45 1201 7658.1450374688 108180757065.76732 828463927872823.9
150 26 554 4285.277943143774 170031464.0 728632082319.6447
151 12 305 1131.8354418063404 694097.3510327105 785603981.9627185
152 19 539 2668.9360872348193 25982005.2096216 69344311322.68216
153 37 1223 6468.923834840442 18001210977.63047 116448462749185.17
154 44 959 7528.2761260995885 40365528131.752014 303882841751670.0
155 41 969 7106.788070274764 24018231103.200882 170692478273330.3
156 44 1002 7528.2761260995885 47180909272.79604 355190912886061.1
157 31 925 5350.621552679651 2611638208.0641036 13973887683869.457
158 19 513 2668.9360872348193 22719057.92850603 60635713573.36809
159 40 1153 6955.50474228233 36128722433.13936 251293500216302.8
160 40 1077 6955.50474228233 28558701994.030304 198640187152905.62
161 49 981 8126.242482129881 105051644829.89622 853675139034322.6
162 39 1072 6798.773358825962 23073867447.58531 156873995287724.6
163 54 1431 8602.009448624298 1001722688620.9459 8616828032418712.0
164 39 1070 6798.773358825962 22926976519.088326 155875317156406.1
165 30 470 5146.386239304723 247785855.81120825 1275201718641.1462
166 48 993 8016.77096497358 92630391090.12886 742596629765492.4
167 39 962 6798.773358825962 15933648629.240894 108329265809376.8
168 53 1440 8516.089422990353 866686757770.3795 7380781930894131.0
169 19 649 2668.9360872348193 43013674.782420546 114800748871.3845
170 19 601 2668.9360872348193 34916107.43390126 93188859156.10701
171 25 778 4060.496712466729 244065748.95568416 991028171260.2855
172 47 1224 7902.318130854768 166625858847.54742 1316730545440221.5
173 38 980 6636.579650383532 13927722222.437191 92432437877621.16
174 58 1356 8902.46046345971 1562700477762.3154 1.3911879219508614e+16
175 36 927 6295.82243666837 7708465369.983458 48531129228623.0
176 23 607 3602.4235623004615 106685497.69685419 384326350658.8992
177 15 390 1756.7778603087352 3381221.9532909007 5940055868.33131
178 30 664 5146.386239304723 733675813.5829898 3775779111134.196
179 27 684 4506.6139001521815 406349840.04342663 1831261837464.322
180 1 109 1.0 15.931997307697284 15.931997307697284
181 32 897 5549.980220652734 2959260044.6427565 16423834715535.225
182 49 1472 8126.242482129881 468459614661.9378 3806816421828033.0
183 35 842 6117.310290426031 4562130524.236268 27907968002177.227
184 22 539 3370.209833397988 58650955.516139545 197666027018.68146
185 19 574 2668.9360872348193 30820454.82063755 82257824095.7899
186 33 1129 5744.298091538941 5741910230.664451 32983243979793.723
187 42 1025 7252.650449022947 35299142085.6322 256012338697485.22
188 50 1147 8230.818941038662 221909584319.4584 1826497609814614.2
189 23 476 3602.4235623004615 52912094.59923058 190611776314.93924
190 22 561 3370.209833397988 65718056.2781728 221483639500.50034
191 45 905 7658.1450374688 39247626422.69401 300564015521383.5
192 42 1266 7252.650449022947 55445429668.50911 402126320381582.8
193 47 1115 7902.318130854768 118722170289.54745 938180358813518.1
194 23 658 3602.4235623004615 134638780.1448408 485025913993.1661
195 23 758 3602.4235623004615 202489892.07263836 729454358330.1499
196 36 995 6295.82243666837 9759140647.18011 61441816649118.82
197 44 819 7528.2761260995885 23027140151.762306 173354669456861.44
198 37 841 6468.923834840442 6809139124.374707 44047802376412.125
199 38 831 6636.579650383532 7961307542.625637 52835851627834.23
