0 0 100 0.0 0.0 0.0
1 1 48 1.0 131.28987200165307 131.28987200165307
2 0 100 0.0 0.0 0.0
3 0 10 0.0 10.0 0.0
4 0 100 0.0 0.0 0.0
5 0 100 0.0 0.0 0.0
6 32 666 5549.980220652734 1138650706.430511 6319488898921.599
7 0 8 0.0 8.0 0.0
8 0 100 0.0 0.0 0.0
9 2 23 9.541850352986048 92.0346545141889 878.1809006631623
10 1 10 1.0 18.1937008646705 18.1937008646705
11 0 100 0.0 0.0 0.0
12 21 469 3136.7198300107975 30530320.55793057 95765061910.64714
13 4 138 75.61186198841948 4561.858041658262 344930.580656626
14 0 100 0.0 0.0 0.0
15 2 56 9.541850352986048 332.1417203303481 3169.2465913755254
16 1 107 1.0 11.607984241186918 11.607984241186918
17 1 107 1.0 11.607984241186918 11.607984241186918
18 0 6 0.0 6.0 0.0
19 2 37 9.541850352986048 182.69988024795316 1743.2949168344405
20 23 622 3602.4235623004615 114468492.58175105 412363994817.51556
21 2 167 9.541850352986048 430.18533333719057 4104.764074752892
22 2 136 9.541850352986048 175.6210676402407 1675.7499462548174
23 1 114 1.0 27.799106543625292 27.799106543625292
24 1 122 1.0 49.12998068819353 49.12998068819353
25 0 100 0.0 0.0 0.0
26 0 100 0.0 0.0 0.0
27 0 100 0.0 0.0 0.0
28 0 100 0.0 0.0 0.0
29 0 100 0.0 0.0 0.0
30 0 100 0.0 0.0 0.0
31 0 100 0.0 0.0 0.0
32 0 100 0.0 0.0 0.0
33 0 16 0.0 16.0 0.0
34 0 100 0.0 0.0 0.0
35 0 100 0.0 0.0 0.0
36 0 100 0.0 0.0 0.0
37 1 10 1.0 18.1937008646705 18.1937008646705
38 1 7 1.0 11.607984241186918 11.607984241186918
39 9 230 604.9491004987461 122514.7500498687 74115187.84049678
40 0 100 0.0 0.0 0.0
41 1 121 1.0 46.33316012586883 46.33316012586883
42 0 100 0.0 0.0 0.0
43 0 100 0.0 0.0 0.0
44 38 760 6636.579650383532 5880957208.076515 39029440931896.95
45 0 100 0.0 0.0 0.0
46 7 198 332.66880679862265 39204.0 13041947.901733203
47 0 100 0.0 0.0 0.0
48 0 100 0.0 0.0 0.0
49 8 209 459.67273235884244 67003.69558574149 30799771.8280379
50 0 100 0.0 0.0 0.0
51 1 103 1.0 3.9914906122521803 3.9914906122521803
52 0 5 0.0 5.0 0.0
53 2 28 9.541850352986048 122.22584512913716 1166.2607234894754
54 20 360 2902.6872563902634 11288721.829129614 32767628994.349113
55 2 7 9.541850352986048 16.551687764173284 157.9337277350917
56 0 100 0.0 0.0 0.0
57 0 10 0.0 10.0 0.0
58 2 54 9.541850352986048 315.16948038953416 3007.300017705306
59 25 510 4060.496712466729 104994367.49491724 426329284040.6351
60 0 100 0.0 0.0 0.0
61 2 15 9.541850352986048 49.68406405407534 474.0779041321602
62 2 55 9.541850352986048 323.62148105306557 3087.947743220061
63 1 57 1.0 163.02855966848514 163.02855966848514
64 0 100 0.0 0.0 0.0
65 0 100 0.0 0.0 0.0
66 0 100 0.0 0.0 0.0
67 1 12 1.0 22.891970023971037 22.891970023971037
68 1 121 1.0 46.33316012586883 46.33316012586883
69 22 528 3370.209833397988 55310643.41233608 186408474319.8247
70 0 100 0.0 0.0 0.0
71 0 100 0.0 0.0 0.0
72 0 9 0.0 9.0 0.0
73 26 677 4285.277943143774 192100033.0 823202034292.0911
74 0 100 0.0 0.0 0.0
75 34 827 5933.442745663244 3494250066.3538527 20732932707740.574
76 3 15 32.9215577265747 73.60859052492496 2423.3094621381165
77 17 403 2206.0678959513543 6727144.84812483 14840538280.862738
78 2 141 9.541850352986048 211.85407612585806 2021.4798910630518
79 1 103 1.0 3.9914906122521803 3.9914906122521803
80 0 10 0.0 10.0 0.0
81 4 86 75.61186198841948 2032.1034843472744 153651.12820465246
82 15 273 1756.7778603087352 1376401.6987329584 2418032031.225395
83 34 840 5933.442745663244 3677150914.8388734 21818164420359.676
84 31 736 5350.621552679651 1264065902.6807945 6763538262891.317
85 0 10 0.0 10.0 0.0
86 18 272 2436.3877014920204 3136228.358225847 7641068201.051965
87 0 100 0.0 0.0 0.0
88 3 34 32.9215577265747 269.81820202916316 8882.83551378369
89 0 100 0.0 0.0 0.0
90 22 783 3370.209833397988 169618618.8916934 571650337316.1709
91 1 18 1.0 38.15436697768484 38.15436697768484
92 0 100 0.0 0.0 0.0
93 0 100 0.0 0.0 0.0
94 9 214 604.9491004987461 104887.63073855339 63451677.868732505
95 0 5 0.0 5.0 0.0
96 2 56 9.541850352986048 332.1417203303481 3169.2465913755254
97 1 102 1.0 2.3948263510722025 2.3948263510722025
98 0 100 0.0 0.0 0.0
99 0 100 0.0 0.0 0.0
100 28 656 4724.12231882448 451253997.35506845 2131779080363.8418
101 26 504 4285.277943143774 128024064.0 548618697650.82684
102 21 403 3136.7198300107975 19960306.58463357 62609889477.11521
103 35 760 6117.310290426031 3252646746.653894 19897449414426.617
104 44 1136 7528.2761260995885 73731781863.59427 555073213138479.4
105 26 698 4285.277943143774 340068392.0 1457287579397.9707
106 0 100 0.0 0.0 0.0
107 3 147 32.9215577265747 451.11773253603667 14851.498473166615
108 24 558 3832.71054120725 107450172.75563522 411825409775.0632
109 31 610 5350.621552679651 696419656.0743257 3726278021501.037
110 13 348 1331.5823725933528 1335265.2710925904 1778015697.722978
111 0 100 0.0 0.0 0.0
112 15 342 1756.7778603087352 2428542.2533234004 4266409263.4628377
113 25 673 4060.496712466729 238772061.57114688 969533171038.5453
114 45 787 7658.1450374688 23791186381.666374 182196355924253.66
115 47 928 7902.318130854768 60923532321.322395 481437134058502.44
116 10 254 766.6651705632711 222998.68747808962 170965326.77077517
117 39 904 6798.773358825962 12881125776.447266 87575854760596.05
118 16 382 1979.1134619514044 4357245.107883922 8623482450.03497
119 13 383 1331.5823725933528 1682195.7906477398 2239982262.0772686
120 34 589 5933.442745663244 1151412171.699686 6831838197439.863
121 0 100 0.0 0.0 0.0
122 25 659 4060.496712466729 224355622.66208887 910995268242.8379
123 26 608 4285.277943143774 224755712.0 963140695229.1744
124 23 616 3602.4235623004615 111312302.6714986 400994061917.7272
125 21 350 3136.7198300107975 13445554.584447855 42174937690.530174
126 1 105 1.0 7.59708563275366 7.59708563275366
127 27 492 4506.6139001521815 149414086.4312278 673351598789.5106
128 26 545 4285.277943143774 161878625.0 693694901178.9423
129 18 345 2436.3877014920204 5914535.698956064 14410102036.972065
130 20 542 2902.6872563902634 34905730.38552738 101320418765.06473
131 18 451 2436.3877014920204 12089520.063708078 29454758000.15939
132 25 542 4060.496712466729 125736722.99731058 510553550366.9194
133 30 640 5146.386239304723 653550990.8115877 3363425825796.722
134 17 375 2206.0678959513543 5570193.643141664 12288225370.36714
135 36 701 6295.82243666837 3037832073.5379143 19125651327410.797
136 19 382 2668.9360872348193 10204653.891477132 27235569028.704548
137 25 606 4060.496712466729 175010541.89758012 710629730022.1448
138 33 786 5744.298091538941 2399081765.4470563 13781040806703.398
139 18 349 2436.3877014920204 6099293.913695154 14860244679.112005
140 44 919 7528.2761260995885 34689425028.381615 261151570269286.84
141 32 574 5549.980220652734 706813129.6570219 3922798889294.1274
142 20 613 2902.6872563902634 49022120.57886141 142295884685.48788
143 20 411 2902.6872563902634 16270143.958927812 47227139529.21479
144 14 347 1540.4353185285338 1840734.8023786484 2835532901.628711
145 30 462 5146.386239304723 234776566.81871456 1208250892787.0383
146 17 382 2206.0678959513543 5846828.263269302 12898500124.739422
147 6 145 225.58275470837765 13631.644416136303 3075063.8985971017
148 35 818 6117.310290426031 4146670266.9052377 25366468694743.066
149 33 788 5744.298091538941 2418914494.5224433 13894965914481.152
150 15 245 1756.7778603087352 1047903.4803767416 1840933634.0663288
151 19 350 2668.9360872348193 8047539.506965838 21478368603.58903
152 25 468 4060.496712466729 81394084.25919822 330500411548.7143
153 28 535 4724.12231882448 241194405.94172993 1139431876284.9382
154 26 487 4285.277943143774 115501303.0 494955186150.2658
155 21 534 3136.7198300107975 43921572.262482144 137769666680.97995
156 0 100 0.0 0.0 0.0
157 1 37 1.0 94.5824071263594 94.5824071263594
158 34 705 5933.442745663244 2073077154.2087672 12300484601840.21
159 33 531 5744.298091538941 673361637.1795588 3867989967366.076
160 44 915 7528.2761260995885 34155359533.626682 257130977755349.72
161 15 318 1756.7778603087352 2021720.936588567 3551714581.1214347
162 32 791 5549.980220652734 1976972213.0080154 10972156678974.549
163 11 212 942.9223974109915 211826.15637676563 199735627.20513543
164 23 394 3602.4235623004615 30669494.74020356 110484510495.95938
165 22 588 3370.209833397988 75117431.97612186 253161507905.53033
166 9 196 604.9491004987461 86799.25518659604 52509131.3490924
167 30 636 5146.386239304723 640805075.4783908 3297830422518.6147
168 29 522 4937.473672561782 278249330.08690804 1373848741712.0615
169 35 944 6117.310290426031 6654893238.474199 40710046889404.836
170 31 604 5350.621552679651 674903878.393274 3611155237718.138
171 35 550 6117.310290426031 1118093792.389543 6839726661846.019
172 37 609 6468.923834840442 2300460894.927016 14881506314311.746
173 27 611 4506.6139001521815 288444335.2052254 1299907250456.0242
174 20 355 2902.6872563902634 10861421.27029272 31527309107.564823
175 18 318 2436.3877014920204 4758615.915315257 11593833292.198286
176 38 799 6636.579650383532 6968669242.897882 46248128487669.7
177 26 630 4285.277943143774 250047000.0 1071520893849.2712
178 22 713 3370.209833397988 129959222.516548 437989849666.0273
179 12 247 1131.8354418063404 422699.119720831 478425844.9203779
180 22 480 3370.209833397988 42178722.32549526 142151144741.54736
181 48 1022 8016.77096497358 102920253450.6317 825088099570746.1
182 31 680 5350.621552679651 983230304.1490282 5260893256627.559
183 41 808 7106.788070274764 12771425010.686335 90763810906354.39
184 34 616 5933.442745663244 1333225117.7749972 7910614903398.081
185 42 810 7252.650449022947 15473222614.194252 112221874940667.97
186 32 866 5549.980220652734 2643561897.523521 14671716243326.75
187 41 902 7106.788070274764 18723052955.318253 133060769381978.42
188 30 774 5146.386239304723 1187503678.6580002 6111352590969.27
189 25 564 4060.496712466729 141466473.87240353 574424152083.155
190 39 742 6798.773358825962 6556065299.2397585 44573202095194.625
191 30 633 5146.386239304723 631357602.1927967 3249210076005.4346
192 29 566 4937.473672561782 357800297.97620434 1766629551292.2695
193 24 577 3832.71054120725 118502375.41433933 454185303408.63727
194 20 386 2902.6872563902634 13683533.166412199 39719017344.5382
195 19 497 2668.9360872348193 20846698.34791748 55638505520.455444
196 36 720 6295.82243666837 3320976343.894407 20908277377535.297
197 48 1023 8016.77096497358 103289242615.02643 828046201190255.6
198 35 758 6117.310290426031 3224469088.2555146 19725077934746.1
199 34 768 5933.442745663244 2742886769.032293 16274761601890.352
