0 20 354 2902.6872563902634 10777219.426532751 31282897488.7182
1 1 105 1.0 7.59708563275366 7.59708563275366
2 2 50 9.541850352986048 282.0582186126376 2691.3573128316116
3 1 18 1.0 38.15436697768484 38.15436697768484
4 0 100 0.0 0.0 0.0
5 5 70 139.6884681067044 2253.023098877021 314721.345291151
6 27 780 4506.6139001521815 605483867.2926383 2728682012658.9023
7 12 304 1131.8354418063404 269596.0522671843 305138366.9270738
8 0 100 0.0 0.0 0.0
9 18 545 2436.3877014920204 20035719.28285133 48814780051.28551
10 14 309 1540.4353185285338 1382820.0456467539 2130144837.4834988
11 0 100 0.0 0.0 0.0
12 11 209 942.9223974109915 205026.02748631078 193323633.369044
13 23 459 3602.4235623004615 47642704.18285433 171629200120.0252
14 0 100 0.0 0.0 0.0
15 0 100 0.0 0.0 0.0
16 1 36 1.0 91.37308344663872 91.37308344663872
17 0 100 0.0 0.0 0.0
18 0 100 0.0 0.0 0.0
19 33 613 5744.298091538941 1072234677.6604985 6159235612567.073
20 0 100 0.0 0.0 0.0
21 14 315 1540.4353185285338 1449985.4796829664 2233608844.2571793
22 28 704 4724.12231882448 560590060.2140752 2648296015168.472
23 2 125 9.541850352986048 103.79546451213633 990.4007896934788
24 8 247 459.67273235884244 32225.65307789171 14813254.002362624
25 0 100 0.0 0.0 0.0
26 0 100 0.0 0.0 0.0
27 0 100 0.0 0.0 0.0
28 0 100 0.0 0.0 0.0
29 2 61 9.541850352986048 375.74324992186104 3585.2858618990344
30 35 609 6117.310290426031 1565322097.8924103 9575560977268.506
31 1 125 1.0 57.71571011139208 57.71571011139208
32 0 100 0.0 0.0 0.0
33 0 11 0.0 11.0 0.0
34 0 100 0.0 0.0 0.0
35 0 100 0.0 0.0 0.0
36 0 100 0.0 0.0 0.0
37 1 29 1.0 69.58346013935528 69.58346013935528
38 36 789 6295.82243666837 4505088179.659736 28363235240671.227
39 0 100 0.0 0.0 0.0
40 14 188 1540.4353185285338 406027.59134880477 625459242.0107694
41 0 100 0.0 0.0 0.0
42 41 928 7106.788070274764 20666923662.316612 146875446532630.94
43 0 100 0.0 0.0 0.0
44 18 510 2436.3877014920204 16783584.596079722 40891319096.839554
45 0 18 0.0 18.0 0.0
46 2 53 9.541850352986048 306.7864203576611 2927.3101133810746
47 0 100 0.0 0.0 0.0
48 0 100 0.0 0.0 0.0
49 0 100 0.0 0.0 0.0
50 39 1220 6798.773358825962 35908903715.06323 244136497922618.5
51 1 107 1.0 11.607984241186918 11.607984241186918
52 0 100 0.0 0.0 0.0
53 1 111 1.0 20.51504931294799 20.51504931294799
54 0 100 0.0 0.0 0.0
55 1 14 1.0 27.799106543625292 27.799106543625292
56 1 7 1.0 11.607984241186918 11.607984241186918
57 0 100 0.0 0.0 0.0
58 13 354 1331.5823725933528 1391427.2144712412 1852799951.5365753
59 6 125 225.58275470837765 10262.29633791766 2314997.077541162
60 34 581 5933.442745663244 1101040824.514183 6532962692892.756
61 14 256 1540.4353185285338 869421.7094878121 1339287907.9904802
62 0 5 0.0 5.0 0.0
63 23 481 3602.4235623004615 54531214.193166144 196444530890.31506
64 1 6 1.0 9.55892689827884 9.55892689827884
65 0 6 0.0 6.0 0.0
66 0 100 0.0 0.0 0.0
67 1 28 1.0 66.57403288693754 66.57403288693754
68 0 100 0.0 0.0 0.0
69 0 100 0.0 0.0 0.0
70 17 381 2206.0678959513543 5806800.681160317 12810196560.89623
71 0 100 0.0 0.0 0.0
72 0 100 0.0 0.0 0.0
73 0 100 0.0 0.0 0.0
74 0 6 0.0 6.0 0.0
75 0 100 0.0 0.0 0.0
76 26 512 4285.277943143774 134217728.0 575160269377.2705
77 20 430 2902.6872563902634 18430613.41561193 53498306688.95218
78 0 100 0.0 0.0 0.0
79 25 695 4060.496712466729 262644801.97834668 1066468354979.5518
80 37 601 6468.923834840442 2200430385.5558677 14234416568029.496
81 0 100 0.0 0.0 0.0
82 0 100 0.0 0.0 0.0
83 25 429 4060.496712466729 62899092.326478384 255401557608.80676
84 0 100 0.0 0.0 0.0
85 5 124 139.6884681067044 6367.950129749906 889529.1986046539
86 2 27 9.541850352986048 115.98017876588344 1106.66550969663
87 0 100 0.0 0.0 0.0
88 1 28 1.0 66.57403288693754 66.57403288693754
89 0 5 0.0 5.0 0.0
90 24 547 3832.71054120725 101373282.47235106 388534448328.56006
91 0 100 0.0 0.0 0.0
92 1 12 1.0 22.891970023971037 22.891970023971037
93 0 100 0.0 0.0 0.0
94 2 165 9.541850352986048 411.78783219395143 3929.2178719752146
95 0 100 0.0 0.0 0.0
96 1 7 1.0 11.607984241186918 11.607984241186918
97 0 100 0.0 0.0 0.0
98 26 632 4285.277943143774 252435968.0 1081758285726.5475
99 0 100 0.0 0.0 0.0
100 31 671 5350.621552679651 942507043.1474353 5042998498617.037
101 18 328 2436.3877014920204 5168468.9616496805 12592394213.706514
102 0 100 0.0 0.0 0.0
103 0 5 0.0 5.0 0.0
104 33 432 5744.298091538941 345099434.9964065 1982354025841.0247
105 0 5 0.0 5.0 0.0
106 8 168 459.67273235884244 42543.16912271199 19555934.79384136
107 24 759 3832.71054120725 264166683.02293655 1012474430657.7633
108 35 941 6117.310290426031 6585315772.066647 40284419938168.14
109 27 497 4506.6139001521815 154072835.15817797 694346780559.7006
110 1 100 1.0 0.0 0.0
111 11 183 942.9223974109915 151258.56329001058 142625087.12635896
112 29 581 4937.473672561782 388094895.60480446 1916208329504.3354
113 17 459 2206.0678959513543 9460687.309692543 20870918547.547108
114 18 319 2436.3877014920204 4798651.235884049 11691374854.857382
115 23 565 3602.4235623004615 86752376.88943784 312518806592.0809
116 13 265 1331.5823725933528 692416.3228329758 922009369.9802989
117 11 156 942.9223974109915 104954.70852315568 98964145.38022578
118 32 762 5549.980220652734 1753757365.768155 9733318691837.303
119 40 926 6955.50474228233 16963644001.207623 117990706296788.81
120 0 100 0.0 0.0 0.0
121 34 823 5933.442745663244 3439269289.091079 20406707413739.848
122 36 793 6295.82243666837 4581645348.045392 28845225579081.44
123 15 258 1756.7778603087352 1193715.5843725286 2097093110.1311622
124 21 381 3136.7198300107975 17055061.55952625 53496949795.82086
125 25 557 4060.496712466729 136328049.18228638 553559595521.6764
126 28 593 4724.12231882448 330904438.8626413 1563233045029.0945
127 32 680 5549.980220652734 1217221395.5967655 6755554669717.365
128 1 118 1.0 38.15436697768484 38.15436697768484
129 18 401 2436.3877014920204 8835573.332925195 21526882203.969807
130 37 811 6468.923834840442 6026380785.501499 38984198301155.12
131 28 529 4724.12231882448 232980023.75083354 1100626130041.5703
132 27 618 4506.6139001521815 298596576.4908684 1345659482151.6016
133 14 406 1540.4353185285338 2711305.157633332 4176590224.1269584
134 17 454 2206.0678959513543 9192978.836401084 20280335479.14467
135 32 782 5549.980220652734 1905723916.0102942 10576730039882.004
136 23 374 3602.4235623004615 26390397.118257917 95069388397.27852
137 31 662 5350.621552679651 902954527.1785457 4831367954211.19
138 38 1092 6636.579650383532 20102745644.515446 133413472661227.38
139 17 375 2206.0678959513543 5570193.643141664 12288225370.36714
140 26 488 4285.277943143774 116214272.0 498010456480.1111
141 21 622 3136.7198300107975 67345803.60507077 211244917636.03815
142 20 360 2902.6872563902634 11288721.829129614 32767628994.349113
143 32 623 5549.980220652734 919213395.1093293 5101616161415.824
144 35 777 6117.310290426031 3499128751.3620105 21405256318232.418
145 28 682 4724.12231882448 508491168.6717917 2402174478847.554
146 1 120 1.0 43.57075425423803 43.57075425423803
147 30 721 5146.386239304723 950303976.1157671 4890631305838.748
148 32 802 5549.980220652734 2066517020.2319071 11469128587929.31
149 26 447 4285.277943143774 89314623.0 382737983942.1016
150 14 317 1540.4353185285338 1472795.8477677736 2268746740.883652
151 38 941 6636.579650383532 12135876767.271942 80540712793239.25
152 25 565 4060.496712466729 142210841.651771 577446655004.1428
153 24 603 3832.71054120725 79329133.26467334 304045605288.3482
154 35 987 6117.310290426031 7709343527.780507 47160446494921.016
155 19 434 2668.9360872348193 14429410.387491357 38511174100.69664
156 2 123 9.541850352986048 92.0346545141889 878.1809006631623
157 22 559 3370.209833397988 65053957.33228156 219245486702.70847
158 25 660 4060.496712466729 225365702.77843866 915096695234.6041
159 1 19 1.0 40.84402933782601 40.84402933782601
160 35 755 6117.310290426031 3182522336.719377 19468476639924.145
161 22 400 3370.209833397988 25113803.331545744 84638786941.99861
162 22 710 3370.209833397988 128410184.1981499 432769265493.05176
163 8 230 459.67273235884244 24956.252438948613 11471708.748048535
164 26 520 4285.277943143774 140608000.0 602544361029.5598
165 18 439 2436.3877014920204 11250107.762947509 27409624194.105217
166 20 553 2902.6872563902634 36895268.39097222 107095425379.57356
167 37 956 6468.923834840442 10476739243.041683 67773228200720.56
168 15 274 1756.7778603087352 1389141.5355503673 2440413094.490165
169 23 548 3602.4235623004615 79434683.09833345 286157374057.30664
170 45 1103 7658.1450374688 79743209705.1357 610685065675218.8
171 22 509 3370.209833397988 49836246.46497223 167958607895.8951
172 22 562 3370.209833397988 66051747.36590023 222608248485.6766
173 32 715 5549.980220652734 1429830699.3169591 7935532100091.189
174 14 298 1540.4353185285338 1264567.5259979025 1947984479.7114189
175 47 1083 7902.318130854768 106800114981.57837 843968484996300.8
176 48 1231 8016.77096497358 203328819187.93918 1630040574008233.8
177 1 104 1.0 5.735193251789799 5.735193251789799
178 19 493 2668.9360872348193 20394408.617737114 54431373137.691376
179 22 624 3370.209833397988 88947379.38384776 299771332654.4252
180 11 231 942.9223974109915 257822.36894367234 243106486.23054868
181 33 670 5744.298091538941 1430162156.9136198 8215277748550.121
182 18 475 2436.3877014920204 13883329.817648822 33825174023.477043
183 17 284 2206.0678959513543 2688517.866585235 5931052953.165314
184 32 817 5549.980220652734 2193068630.8848467 12171487523944.871
185 24 674 3832.71054120725 186660193.98984027 715414493128.651
186 20 391 2902.6872563902634 14178135.593302423 41154693506.05215
187 31 524 5350.621552679651 429871537.9924172 2300079916065.7773
188 22 470 3370.209833397988 39727466.043061666 133889896714.31108
189 21 501 3136.7198300107975 36732585.17173878 115219828315.75362
190 30 687 5146.386239304723 816509055.1701926 4202070965795.58
191 19 319 2668.9360872348193 6256530.101020815 16698278967.485363
192 16 451 1979.1134619514044 6677828.794879909 13216180864.55355
193 31 526 5350.621552679651 435102186.08018094 2328067134458.6484
194 28 756 4724.12231882448 697799968.3627315 3296492404617.396
195 18 376 2436.3877014920204 7441071.732225238 18129335654.313496
196 30 639 5146.386239304723 650348459.8459065 3346944364503.993
197 34 641 5933.442745663244 1518513781.724948 9010014582365.55
198 12 258 1131.8354418063404 468300.9817292381 530039648.5538552
199 18 555 2436.3877014920204 21031774.696969513 51241557212.24758
