0 4 74 75.61186198841948 1571.597319835911 118831.39964880285
1 0 100 0.0 0.0 0.0
2 14 294 1540.4353185285338 1223116.9647049224 1884132571.1228805
3 9 108 604.9491004987461 24036.912268699078 14541108.455716783
4 0 6 0.0 6.0 0.0
5 12 275 1131.8354418063404 544111.0902077595 615844216.177029
6 0 100 0.0 0.0 0.0
7 0 100 0.0 0.0 0.0
8 1 33 1.0 81.88562674252243 81.88562674252243
9 1 107 1.0 11.607984241186918 11.607984241186918
10 1 117 1.0 35.503281577765854 35.503281577765854
11 7 257 332.66880679862265 24649.0 8199953.41877925
12 0 100 0.0 0.0 0.0
13 24 569 3832.71054120725 113761978.81185842 436016735380.8056
14 1 108 1.0 13.734791927877684 13.734791927877684
15 0 100 0.0 0.0 0.0
16 1 103 1.0 3.9914906122521803 3.9914906122521803
17 0 100 0.0 0.0 0.0
18 0 100 0.0 0.0 0.0
19 0 100 0.0 0.0 0.0
20 2 131 9.541850352986048 141.5519192260369 1350.6672304328126
21 0 100 0.0 0.0 0.0
22 15 312 1756.7778603087352 1926973.531820381 3385264438.1029754
23 1 10 1.0 18.1937008646705 18.1937008646705
24 1 26 1.0 60.63937356224698 60.63937356224698
25 0 12 0.0 12.0 0.0
26 34 808 5933.442745663244 3238436249.1612654 19215076069878.797
27 0 5 0.0 5.0 0.0
28 0 100 0.0 0.0 0.0
29 37 1072 6468.923834840442 15397150193.627558 99602991876175.44
30 0 6 0.0 6.0 0.0
31 2 163 9.541850352986048 393.6390130800606 3756.0445559070554
32 0 100 0.0 0.0 0.0
33 0 10 0.0 10.0 0.0
34 1 6 1.0 9.55892689827884 9.55892689827884
35 1 122 1.0 49.12998068819353 49.12998068819353
36 0 100 0.0 0.0 0.0
37 0 100 0.0 0.0 0.0
38 2 35 9.541850352986048 168.62869283493262 1609.0297522505775
39 3 92 32.9215577265747 1310.1434892630975 43131.96451187106
40 12 341 1131.8354418063404 398950.76202897466 451546612.0000407
41 0 100 0.0 0.0 0.0
42 3 57 32.9215577265747 612.7419199112477 20172.41848785035
43 1 29 1.0 69.58346013935528 69.58346013935528
44 2 135 9.541850352986048 168.62869283493262 1609.0297522505775
45 1 101 1.0 1.0 1.0
46 0 100 0.0 0.0 0.0
47 0 100 0.0 0.0 0.0
48 0 5 0.0 5.0 0.0
49 0 100 0.0 0.0 0.0
50 20 501 2902.6872563902634 28096199.254853353 81554479530.06444
51 3 38 32.9215577265747 321.92161897300775 10598.16116245226
52 1 26 1.0 60.63937356224698 60.63937356224698
53 19 328 2668.9360872348193 6747335.146403253 18008206264.903477
54 1 15 1.0 30.323695983612147 30.323695983612147
55 1 29 1.0 69.58346013935528 69.58346013935528
56 0 100 0.0 0.0 0.0
57 0 100 0.0 0.0 0.0
58 26 777 4285.277943143774 469097433.0 2010212882820.2642
59 21 574 3136.7198300107975 53774902.583822645 168676803291.57538
60 0 100 0.0 0.0 0.0
61 1 114 1.0 27.799106543625292 27.799106543625292
62 0 100 0.0 0.0 0.0
63 0 100 0.0 0.0 0.0
64 0 100 0.0 0.0 0.0
65 21 359 3136.7198300107975 14436939.56478862 45284634617.53992
66 1 27 1.0 63.59241768810072 63.59241768810072
67 11 181 942.9223974109915 147500.54993418368 139081572.16338015
68 0 9 0.0 9.0 0.0
69 0 100 0.0 0.0 0.0
70 0 100 0.0 0.0 0.0
71 2 32 9.541850352986048 148.1842032776824 1413.95149235211
72 0 100 0.0 0.0 0.0
73 13 240 1331.5823725933528 545315.3356418483 726132288.4455129
74 4 114 75.61186198841948 3290.469127179636 248798.49752146174
75 17 380 2206.0678959513543 5766943.011344674 12722267835.108513
76 25 555 4060.496712466729 134882986.4310401 547691922970.9328
77 1 22 1.0 49.12998068819353 49.12998068819353
78 0 10 0.0 10.0 0.0
79 1 122 1.0 49.12998068819353 49.12998068819353
80 0 100 0.0 0.0 0.0
81 1 102 1.0 2.3948263510722025 2.3948263510722025
82 1 13 1.0 25.320989780782124 25.320989780782124
83 2 19 9.541850352986048 69.8685662777562 666.6754038000371
84 0 100 0.0 0.0 0.0
85 6 195 225.58275470837765 6070.84515091352 1369477.9725510685
86 30 691 5146.386239304723 831536660.3261889 4279408826180.104
87 34 732 5933.442745663244 2344259541.9449525 13909529773105.117
88 0 100 0.0 0.0 0.0
89 0 10 0.0 10.0 0.0
90 0 100 0.0 0.0 0.0
91 0 100 0.0 0.0 0.0
92 12 324 1131.8354418063404 335907.49192777043 380192004.5321278
93 0 100 0.0 0.0 0.0
94 47 980 7902.318130854768 74274031911.63292 586937029026982.5
95 47 1146 7902.318130854768 131164023988.472 1036499844879972.0
96 0 100 0.0 0.0 0.0
97 2 129 9.541850352986048 128.5709592386038 1226.8048527946264
98 28 625 4724.12231882448 388892188.612046 1837174267838.666
99 0 100 0.0 0.0 0.0
100 13 285 1331.5823725933528 825135.6459697201 1098736081.1717086
101 0 100 0.0 0.0 0.0
102 30 576 5146.386239304723 469394267.9313591 2415684201290.461
103 24 551 3832.71054120725 103556150.54037699 396900749782.94775
104 31 760 5350.621552679651 1399629391.3499227 7488887187120.799
105 27 622 4506.6139001521815 304504049.034785 1372282180032.7834
106 38 958 6636.579650383532 12895578520.400469 85582533988412.72
107 0 100 0.0 0.0 0.0
108 0 100 0.0 0.0 0.0
109 28 669 4724.12231882448 479296437.89440304 2264254999590.021
110 28 613 4724.12231882448 366405274.47758275 1730943334894.5583
111 54 1035 8602.009448624298 292196374015.68176 2513475970136654.0
112 9 306 604.9491004987461 96621.95214237898 58451363.036965065
113 6 182 225.58275470837765 21055.280590678798 4749708.19680316
114 24 591 3832.71054120725 127107435.66240409 487166008529.1185
115 12 234 1131.8354418063404 372236.9047172307 421310921.50725144
116 34 688 5933.442745663244 1913991225.6179326 11356557352905.822
117 19 476 2668.9360872348193 18541440.9679705 49485920908.75057
118 21 478 3136.7198300107975 32200480.32325485 101003885165.82599
119 24 720 3832.71054120725 226407549.15826836 867754600267.7938
120 30 658 5146.386239304723 713050512.3416672 3669633344644.3384
121 1 105 1.0 7.59708563275366 7.59708563275366
122 28 543 4724.12231882448 252447765.7130256 1192594124342.2776
123 35 762 6117.310290426031 3280995614.9621897 20070868238250.887
124 47 919 7902.318130854768 58803513733.41246 464684072733512.6
125 45 1084 7658.1450374688 74929909501.15767 573824114604276.9
126 31 783 5350.621552679651 1538583003.2564604 8232375377810.604
127 24 627 3832.71054120725 90912273.57610178 348440429260.2426
128 31 552 5350.621552679651 507123753.04869515 2713427282938.141
129 7 128 332.66880679862265 16384.0 5450445.730588634
130 30 829 5146.386239304723 1473298461.1022933 7582162926605.667
131 45 1062 7658.1450374688 69622402740.37282 533178458042840.3
132 27 810 4506.6139001521815 455092478.3805723 2050926088924.5933
133 21 477 3136.7198300107975 32012076.491669096 100412915131.24094
134 35 741 6117.310290426031 2991788856.981602 18301700761595.49
135 47 885 7902.318130854768 51274638385.242355 405188504564722.5
136 28 695 4724.12231882448 538862216.9060954 2545651025657.323
137 33 754 5744.298091538941 2096844229.356847 12044898304948.977
138 10 352 766.6651705632711 219112.41833885908 167985859.5782922
139 39 860 6798.773358825962 10860342816.686739 73837009409806.7
140 35 759 6117.310290426031 3238536552.8739643 19811132980816.75
141 21 629 3136.7198300107975 69491099.19385904 217974108850.625
142 40 1122 6955.50474228233 32888036993.16163 228752897270292.4
143 42 1041 7252.650449022947 37267566327.48256 270288631659008.84
144 28 495 4724.12231882448 189968192.81606194 897432979549.1105
145 48 946 8016.77096497358 77570292280.03043 621863266895062.1
146 35 867 6117.310290426031 5024875614.570568 30738723305123.363
147 33 532 5744.298091538941 677478462.45782 3891638238955.192
148 21 585 3136.7198300107975 56712601.66627189 177891542258.09842
149 19 426 2668.9360872348193 13718787.752394835 36614567705.48163
150 35 712 6117.310290426031 2622294221.3363776 16041387424705.74
151 43 838 7393.130324549447 20896312523.87612 154489161791530.94
152 31 898 5350.621552679651 2377212072.6750107 12719562151345.178
153 18 393 2436.3877014920204 8373005.160083629 20399886796.55698
154 44 923 7528.2761260995885 35229467342.07767 265217157926568.44
155 28 564 4724.12231882448 283661949.5109408 1340053746685.8982
156 28 591 4724.12231882448 327487593.11648697 1547091447779.7063
157 45 919 7658.1450374688 41466877544.10397 317559362483706.25
158 21 471 3136.7198300107975 30896530.5008071 96913759900.41507
159 26 575 4285.277943143774 190109375.0 814671511472.3484
160 32 654 5549.980220652734 1074143454.9682868 5961474929217.582
161 36 1035 6295.82243666837 7932377369.852495 49940839421237.77
162 38 693 6636.579650383532 4300580206.775661 28541143085129.555
163 44 1109 7528.2761260995885 67685653932.94909 509556292582859.4
164 38 903 6636.579650383532 10552664256.284065 70033596860584.49
165 37 1019 6468.923834840442 12983973666.327463 83992336721046.38
166 45 1005 7658.1450374688 57135326830.48972 437550619631072.9
167 43 822 7393.130324549447 19521485780.27115 144324888502383.47
168 27 652 4506.6139001521815 351328363.9734442 1583301288600.4487
169 1 112 1.0 22.891970023971037 22.891970023971037
170 17 423 2206.0678959513543 7637635.286922918 16849142007.46586
171 22 610 3370.209833397988 83388765.74193068 281037638298.37604
172 42 1020 7252.650449022947 34699563066.35206 251663801654078.34
173 41 1241 7106.788070274764 56758792250.03842 403372707645776.8
174 22 649 3370.209833397988 99460315.49104293 335202133300.7791
175 26 581 4285.277943143774 196122941.0 840441313211.7877
176 38 816 6636.579650383532 7484399910.025312 49670816138206.33
177 27 678 4506.6139001521815 395622392.7331107 1782917374302.5022
178 38 827 6636.579650383532 7832097207.659325 51978336948177.555
179 46 983 7782.801884860074 63038399959.99318 490615378027198.1
180 49 1175 8126.242482129881 204228431818.94553 1659609758705881.0
181 33 1055 5744.298091538941 6225358216.848845 35760313324191.08
182 28 563 4724.12231882448 154706773.56295428 730853721862.0774
183 17 585 2206.0678959513543 17864872.559274565 39411121818.27792
184 35 602 6117.310290426031 1506695167.7713208 9216921854342.676
185 27 608 4506.6139001521815 284165210.5773801 1280622887927.6929
186 38 1114 6636.579650383532 21509579720.793633 142750039063321.3
187 41 952 7106.788070274764 15356283195.668447 109133850218737.36
188 45 1249 7658.1450374688 124489135855.57893 953355857971181.1
189 27 893 4506.6139001521815 636650357.1761034 2869137349186.6787
190 20 598 2902.6872563902634 45783398.48872851 132894887347.46948
191 22 648 3370.209833397988 99025107.05125563 333735389537.4302
192 39 851 6798.773358825962 10476546535.284977 71227665476595.94
193 49 1205 8126.242482129881 224105919317.9174 1821139042058031.8
194 33 898 5744.298091538941 3693761690.1722207 21218068227455.94
195 27 586 4506.6139001521815 254078183.65042245 1145032274164.4126
196 39 811 6798.773358825962 8886103721.555565 60414605245876.2
197 43 990 7393.130324549447 37638795986.45592 278268523986997.28
198 30 436 5146.386239304723 195718459.89087543 1007242788760.3147
199 30 512 5146.386239304723 324226297.956271 1668593758222.866
