0 0 100 0.0 0.0 0.0
1 0 100 0.0 0.0 0.0
2 5 104 139.6884681067044 4625.863540566592 646179.7916524031
3 4 60 75.61186198841948 1097.9836363389938 83020.58717640696
4 5 175 139.6884681067044 2553.9502583266267 356757.3992063684
5 0 100 0.0 0.0 0.0
6 0 18 0.0 18.0 0.0
7 0 7 0.0 7.0 0.0
8 4 26 75.61186198841948 262.7667382888815 19868.282350646048
9 0 100 0.0 0.0 0.0
10 1 102 1.0 2.3948263510722025 2.3948263510722025
11 0 8 0.0 8.0 0.0
12 2 28 9.541850352986048 122.22584512913716 1166.2607234894754
13 1 10 1.0 18.1937008646705 18.1937008646705
14 1 28 1.0 66.57403288693754 66.57403288693754
15 8 86 459.67273235884244 10566.202609933729 4856995.224365369
16 0 100 0.0 0.0 0.0
17 2 7 9.541850352986048 16.551687764173284 157.9337277350917
18 0 100 0.0 0.0 0.0
19 0 100 0.0 0.0 0.0
20 0 10 0.0 10.0 0.0
21 3 28 32.9215577265747 198.25318874016915 6526.8037975869875
22 2 30 9.541850352986048 135.01359299654277 1288.2794999919763
23 1 100 1.0 0.0 0.0
24 0 5 0.0 5.0 0.0
25 0 100 0.0 0.0 0.0
26 3 24 32.9215577265747 155.22039240905832 5110.09710903639
27 2 19 9.541850352986048 69.8685662777562 666.6754038000371
28 0 100 0.0 0.0 0.0
29 1 107 1.0 11.607984241186918 11.607984241186918
30 0 100 0.0 0.0 0.0
31 0 100 0.0 0.0 0.0
32 0 5 0.0 5.0 0.0
33 0 100 0.0 0.0 0.0
34 0 100 0.0 0.0 0.0
35 0 6 0.0 6.0 0.0
36 0 100 0.0 0.0 0.0
37 2 12 9.541850352986048 36.01211998010309 343.62225974392254
38 1 18 1.0 38.15436697768484 38.15436697768484
39 0 100 0.0 0.0 0.0
40 0 7 0.0 7.0 0.0
41 1 104 1.0 5.735193251789799 5.735193251789799
42 1 41 1.0 107.64164596635766 107.64164596635766
43 0 5 0.0 5.0 0.0
44 1 107 1.0 11.607984241186918 11.607984241186918
45 0 100 0.0 0.0 0.0
46 2 135 9.541850352986048 168.62869283493262 1609.0297522505775
47 0 6 0.0 6.0 0.0
48 1 6 1.0 9.55892689827884 9.55892689827884
49 1 19 1.0 40.84402933782601 40.84402933782601
50 3 26 32.9215577265747 176.25042831919396 5802.438650243859
51 1 11 1.0 20.51504931294799 20.51504931294799
52 0 100 0.0 0.0 0.0
53 0 6 0.0 6.0 0.0
54 0 100 0.0 0.0 0.0
55 1 16 1.0 32.892441635375256 32.892441635375256
56 0 100 0.0 0.0 0.0
57 0 6 0.0 6.0 0.0
58 0 100 0.0 0.0 0.0
59 1 13 1.0 25.320989780782124 25.320989780782124
60 0 5 0.0 5.0 0.0
61 2 14 9.541850352986048 44.97826169706515 429.17584225083993
62 0 100 0.0 0.0 0.0
63 0 100 0.0 0.0 0.0
64 4 79 75.61186198841948 1757.505455801544 132888.25996796062
65 2 24 9.541850352986048 97.86086952638261 933.7737724338355
66 0 100 0.0 0.0 0.0
67 0 100 0.0 0.0 0.0
68 0 10 0.0 10.0 0.0
69 0 6 0.0 6.0 0.0
70 0 100 0.0 0.0 0.0
71 0 14 0.0 14.0 0.0
72 0 100 0.0 0.0 0.0
73 0 6 0.0 6.0 0.0
74 1 100 1.0 0.0 0.0
75 0 18 0.0 18.0 0.0
76 1 121 1.0 46.33316012586883 46.33316012586883
77 0 10 0.0 10.0 0.0
78 1 105 1.0 7.59708563275366 7.59708563275366
79 1 119 1.0 40.84402933782601 40.84402933782601
80 7 112 332.66880679862265 12544.0 4172997.5124819227
81 0 5 0.0 5.0 0.0
82 1 105 1.0 7.59708563275366 7.59708563275366
83 1 108 1.0 13.734791927877684 13.734791927877684
84 1 100 1.0 0.0 0.0
85 1 37 1.0 94.5824071263594 94.5824071263594
86 3 65 32.9215577265747 754.7803226662346 24848.54396353912
87 0 18 0.0 18.0 0.0
88 0 9 0.0 9.0 0.0
89 0 100 0.0 0.0 0.0
90 0 16 0.0 16.0 0.0
91 7 108 332.66880679862265 11664.0 3880248.9624991347
92 6 255 225.58275470837765 15486.518869997184 3493491.5875372365
93 1 33 1.0 81.88562674252243 81.88562674252243
94 1 27 1.0 63.59241768810072 63.59241768810072
95 0 6 0.0 6.0 0.0
96 0 100 0.0 0.0 0.0
97 0 8 0.0 8.0 0.0
98 0 5 0.0 5.0 0.0
99 6 190 225.58275470837765 5474.33581455389 1234915.7532457968
100 5 48 139.6884681067044 1135.058052192084 158554.52052289192
101 4 38 75.61186198841948 502.796158813779 38017.3537685349
102 0 100 0.0 0.0 0.0
103 2 124 9.541850352986048 97.86086952638261 933.7737724338355
104 6 218 225.58275470837765 9191.104391557652 2073354.6474598425
105 0 18 0.0 18.0 0.0
106 9 206 604.9491004987461 23088.154186617474 13967158.1073706
107 5 110 139.6884681067044 5122.201821660722 715512.5258011569
108 3 43 32.9215577265747 391.71440685113555 12895.848457480626
109 7 83 332.66880679862265 6889.0 2291755.4100357112
110 4 61 75.61186198841948 1129.4605717070829 85400.6168692773
111 2 36 9.541850352986048 175.6210676402407 1675.7499462548174
112 1 105 1.0 7.59708563275366 7.59708563275366
113 5 71 139.6884681067044 2311.8500842163953 322938.7967565438
114 0 100 0.0 0.0 0.0
115 0 5 0.0 5.0 0.0
116 1 104 1.0 5.735193251789799 5.735193251789799
117 0 100 0.0 0.0 0.0
118 1 105 1.0 7.59708563275366 7.59708563275366
119 0 100 0.0 0.0 0.0
120 0 100 0.0 0.0 0.0
121 0 100 0.0 0.0 0.0
122 3 42 32.9215577265747 377.3528472077043 12423.04354263576
123 5 198 139.6884681067044 4152.387807071904 580040.6917548318
124 5 86 139.6884681067044 3275.042744200361 457485.7039213258
125 4 50 75.61186198841948 803.8922494719358 60783.78982063209
126 6 168 225.58275470837765 3202.3105181925803 722386.0281254946
127 5 158 139.6884681067044 1600.889370701534 223625.7838016033
128 6 174 225.58275470837765 3764.5376458742294 849214.7723596997
129 7 125 332.66880679862265 15625.0 5197950.106228479
130 1 19 1.0 40.84402933782601 40.84402933782601
131 3 48 32.9215577265747 466.4489382157433 15356.225645969067
132 5 110 139.6884681067044 5122.201821660722 715512.5258011569
133 2 32 9.541850352986048 148.1842032776824 1413.95149235211
134 6 109 225.58275470837765 7896.900764171442 1781404.6280404862
135 5 186 139.6884681067044 3275.042744200361 457485.7039213258
136 1 105 1.0 7.59708563275366 7.59708563275366
137 5 63 139.6884681067044 1860.4532693243248 259883.86717602485
138 4 41 75.61186198841948 572.5607883495287 43292.38730866522
139 0 100 0.0 0.0 0.0
140 5 171 139.6884681067044 2311.8500842163953 322938.7967565438
141 6 83 225.58275470837765 4688.828251009056 1057718.7932170872
142 3 141 32.9215577265747 363.1907597716439 11956.805563580698
143 4 127 75.61186198841948 3957.799227165441 299256.5689423066
144 3 85 32.9215577265747 1155.4778704989785 38040.13141541172
145 6 156 225.58275470837765 2208.835584533681 498275.2158569973
146 4 86 75.61186198841948 2032.1034843472744 153651.12820465246
147 3 36 32.9215577265747 295.444715883087 9726.500268956508
148 4 24 75.61186198841948 229.15430718595061 17326.78384899598
149 1 40 1.0 104.3443904241405 104.3443904241405
150 4 188 75.61186198841948 2113.579549242958 159811.6851789044
151 3 46 32.9215577265747 435.9769523615719 14353.040404627594
152 6 81 225.58275470837765 4475.076918624486 1009500.1788351899
153 4 78 75.61186198841948 1719.6349352173313 130024.79939211752
154 10 183 766.6651705632711 107558.85724916201 82461629.63851932
155 5 195 139.6884681067044 3924.3008107112732 548179.5686381559
156 4 39 75.61186198841948 525.6324972119714 39744.05183581987
157 11 146 942.9223974109915 90184.32931477204 85036824.0063872
158 6 87 225.58275470837765 5130.584655325767 1157371.4198129189
159 5 211 139.6884681067044 5207.131000429813 727376.1526809717
160 5 137 139.6884681067044 707.3130102314473 98803.4708711726
161 3 123 32.9215577265747 145.08021796711313 4776.266770788355
162 5 85 139.6884681067044 3206.1723328082135 447865.30165607814
163 6 144 225.58275470837765 13452.37343883357 3034623.457697888
164 3 135 32.9215577265747 282.5239294230334 9301.12785163911
165 3 41 32.9215577265747 363.1907597716439 11956.805563580698
166 7 116 332.66880679862265 13456.0 4476391.464282267
167 1 108 1.0 13.734791927877684 13.734791927877684
168 1 12 1.0 22.891970023971037 22.891970023971037
169 5 103 139.6884681067044 4545.356706035842 634933.9152646826
170 6 89 225.58275470837765 5358.570280584671 1208801.0451927343
171 2 35 9.541850352986048 168.62869283493262 1609.0297522505775
172 4 43 75.61186198841948 621.143248020611 46965.797544373054
173 8 150 459.67273235884244 33608.73957278992 15449021.150561098
174 7 117 332.66880679862265 13689.0 4553903.296266345
175 4 71 75.61186198841948 1464.2230773075796 110712.63324163957
176 13 164 1331.5823725933528 217815.4926359024 290039270.4717049
177 5 78 139.6884681067044 2742.610069160227 383110.9991750147
178 1 102 1.0 2.3948263510722025 2.3948263510722025
179 4 165 75.61186198841948 1259.0362466163215 95198.07491757096
180 4 61 75.61186198841948 1129.4605717070829 85400.6168692773
181 5 89 139.6884681067044 3485.593399577667 486897.20242984424
182 5 171 139.6884681067044 2311.8500842163953 322938.7967565438
183 6 84 225.58275470837765 4797.4874870676995 1082230.443011704
184 6 232 225.58275470837765 11389.69248070312 2569318.205078305
185 4 184 75.61186198841948 1951.9617083430758 147591.45929791615
186 10 130 766.6651705632711 50276.83473577485 38545498.078084216
187 4 148 75.61186198841948 749.6906189831174 56685.50361656424
188 6 161 225.58275470837765 2601.435802251927 586839.054468988
189 7 112 332.66880679862265 12544.0 4172997.5124819227
190 5 81 139.6884681067044 2937.2940727723303 410306.1094044695
191 11 123 942.9223974109915 60909.957055037776 57433362.732536756
192 10 127 766.6651705632711 47732.874639030575 36595132.47660761
193 5 147 139.6884681067044 1092.4547337912052 152603.328239211
194 8 84 459.67273235884244 10061.48800945777 4624991.684903184
195 6 117 225.58275470837765 9042.681338614557 2039872.9663147116
196 9 145 604.9491004987461 45344.665438633376 27431214.569517843
197 10 166 766.6651705632711 86591.68420024101 66386828.33673868
198 11 184 942.9223974109915 153157.55954963647 144415693.2321599
199 4 161 75.61186198841948 1129.4605717070829 85400.6168692773
