0 0 100 0.0 0.0 0.0
1 0 7 0.0 7.0 0.0
2 0 7 0.0 7.0 0.0
3 4 189 75.61186198841948 2154.8151586700715 162929.58638791565
4 0 100 0.0 0.0 0.0
5 0 100 0.0 0.0 0.0
6 0 9 0.0 9.0 0.0
7 0 100 0.0 0.0 0.0
8 3 74 32.9215577265747 927.3002957027797 30528.17021484885
9 2 120 9.541850352986048 75.23327232919837 717.8646261306569
10 0 10 0.0 10.0 0.0
11 0 100 0.0 0.0 0.0
12 0 10 0.0 10.0 0.0
13 0 100 0.0 0.0 0.0
14 1 7 1.0 11.607984241186918 11.607984241186918
15 0 100 0.0 0.0 0.0
16 0 100 0.0 0.0 0.0
17 0 6 0.0 6.0 0.0
18 3 127 32.9215577265747 187.1321231368427 6160.680994346051
19 0 6 0.0 6.0 0.0
20 0 5 0.0 5.0 0.0
21 2 16 9.541850352986048 54.53075711894446 520.3243240639966
22 0 5 0.0 5.0 0.0
23 0 100 0.0 0.0 0.0
24 1 12 1.0 22.891970023971037 22.891970023971037
25 4 84 75.61186198841948 1951.9617083430758 147591.45929791615
26 4 140 75.61186198841948 548.8883970182196 41502.47372238642
27 0 8 0.0 8.0 0.0
28 0 100 0.0 0.0 0.0
29 0 100 0.0 0.0 0.0
30 5 100 139.6884681067044 4307.65770069211 601730.1053377293
31 0 7 0.0 7.0 0.0
32 0 100 0.0 0.0 0.0
33 0 100 0.0 0.0 0.0
34 0 100 0.0 0.0 0.0
35 0 100 0.0 0.0 0.0
36 0 100 0.0 0.0 0.0
37 7 89 332.66880679862265 7921.0 2635069.61865189
38 1 104 1.0 5.735193251789799 5.735193251789799
39 0 100 0.0 0.0 0.0
40 0 10 0.0 10.0 0.0
41 1 35 1.0 88.18685030395203 88.18685030395203
42 0 100 0.0 0.0 0.0
43 0 100 0.0 0.0 0.0
44 0 100 0.0 0.0 0.0
45 0 9 0.0 9.0 0.0
46 2 26 9.541850352986048 109.8359986590007 1048.0386625749609
47 0 9 0.0 9.0 0.0
48 5 64 139.6884681067044 1914.4623288244568 267428.3099614821
49 1 27 1.0 63.59241768810072 63.59241768810072
50 0 100 0.0 0.0 0.0
51 3 162 32.9215577265747 700.2360303580608 23052.86089566041
52 4 124 75.61186198841948 229.15430718595061 17326.78384899598
53 2 36 9.541850352986048 175.6210676402407 1675.7499462548174
54 3 32 32.9215577265747 245.06238675558936 8067.83551218631
55 1 103 1.0 3.9914906122521803 3.9914906122521803
56 0 9 0.0 9.0 0.0
57 0 100 0.0 0.0 0.0
58 0 100 0.0 0.0 0.0
59 0 9 0.0 9.0 0.0
60 6 116 225.58275470837765 8895.411906640642 2006651.5221656978
61 0 100 0.0 0.0 0.0
62 0 100 0.0 0.0 0.0
63 0 100 0.0 0.0 0.0
64 2 124 9.541850352986048 97.86086952638261 933.7737724338355
65 0 100 0.0 0.0 0.0
66 0 10 0.0 10.0 0.0
67 2 24 9.541850352986048 97.86086952638261 933.7737724338355
68 0 10 0.0 10.0 0.0
69 0 100 0.0 0.0 0.0
70 1 101 1.0 1.0 1.0
71 2 38 9.541850352986048 189.8638195218893 1811.6521533242187
72 6 74 225.58275470837765 3764.5376458742294 849214.7723596997
73 6 115 225.58275470837765 8749.296958158795 1973690.5095830902
74 0 100 0.0 0.0 0.0
75 0 100 0.0 0.0 0.0
76 1 107 1.0 11.607984241186918 11.607984241186918
77 0 100 0.0 0.0 0.0
78 1 28 1.0 66.57403288693754 66.57403288693754
79 3 58 32.9215577265747 629.8939717412368 20737.090752300537
80 3 62 32.9215577265747 700.2360303580608 23052.86089566041
81 0 100 0.0 0.0 0.0
82 0 9 0.0 9.0 0.0
83 0 5 0.0 5.0 0.0
84 1 130 1.0 72.61998620345668 72.61998620345668
85 0 9 0.0 9.0 0.0
86 0 100 0.0 0.0 0.0
87 1 27 1.0 63.59241768810072 63.59241768810072
88 4 53 75.61186198841948 888.1171619831025 67152.19228141312
89 0 100 0.0 0.0 0.0
90 0 100 0.0 0.0 0.0
91 0 6 0.0 6.0 0.0
92 0 100 0.0 0.0 0.0
93 0 100 0.0 0.0 0.0
94 2 13 9.541850352986048 40.41888428935346 385.6709453236695
95 0 5 0.0 5.0 0.0
96 0 6 0.0 6.0 0.0
97 0 100 0.0 0.0 0.0
98 1 10 1.0 18.1937008646705 18.1937008646705
99 1 9 1.0 15.931997307697284 15.931997307697284
100 4 159 75.61186198841948 1066.8769814059906 80668.55507669134
101 3 34 32.9215577265747 269.81820202916316 8882.83551378369
102 4 153 75.61186198841948 888.1171619831025 67152.19228141312
103 5 81 139.6884681067044 2937.2940727723303 410306.1094044695
104 3 143 32.9215577265747 391.71440685113555 12895.848457480626
105 4 151 75.61186198841948 831.5797944458234 62877.296649995835
106 1 116 1.0 32.892441635375256 32.892441635375256
107 3 141 32.9215577265747 363.1907597716439 11956.805563580698
108 5 90 139.6884681067044 3557.085524945249 496883.82790413423
109 1 105 1.0 7.59708563275366 7.59708563275366
110 4 151 75.61186198841948 831.5797944458234 62877.296649995835
111 3 117 32.9215577265747 89.78750677036001 2955.9445872656233
112 4 95 75.61186198841948 2409.1275506493207 182158.6198721955
113 4 67 75.61186198841948 1326.001420918201 100261.43643491513
114 3 131 32.9215577265747 233.0178128969552 7671.309378607293
115 1 118 1.0 38.15436697768484 38.15436697768484
116 0 100 0.0 0.0 0.0
117 0 100 0.0 0.0 0.0
118 4 138 75.61186198841948 502.796158813779 38017.3537685349
119 4 53 75.61186198841948 888.1171619831025 67152.19228141312
120 0 17 0.0 17.0 0.0
121 4 149 75.61186198841948 776.5950928818146 58719.80098386357
122 0 100 0.0 0.0 0.0
123 4 64 75.61186198841948 1226.095534977771 92707.36637535656
124 5 49 139.6884681067044 1178.39286145179 164607.89364407648
125 2 34 9.541850352986048 161.72412498062124 1543.1473990327004
126 3 56 32.9215577265747 595.765723501293 19613.535657762357
127 0 100 0.0 0.0 0.0
128 1 116 1.0 32.892441635375256 32.892441635375256
129 5 82 139.6884681067044 3003.520233876968 419557.14039776416
130 0 100 0.0 0.0 0.0
131 5 116 139.6884681067044 5641.169189689651 788006.2824384862
132 9 142 604.9491004987461 43347.5615654562 26223068.37783675
133 2 30 9.541850352986048 135.01359299654277 1288.2794999919763
134 4 165 75.61186198841948 1259.0362466163215 95198.07491757096
135 3 45 32.9215577265747 421.0282951259743 13860.907322511091
136 1 8 1.0 13.734791927877684 13.734791927877684
137 2 40 9.541850352986048 204.4421003683832 1950.7559275652661
138 6 98 225.58275470837765 6442.856405219488 1453397.2960799276
139 2 64 9.541850352986048 402.6820690045564 3842.3320422722786
140 4 113 75.61186198841948 3241.266607422014 245078.20338806594
141 0 100 0.0 0.0 0.0
142 7 82 332.66880679862265 6724.0 2236865.056913939
143 3 47 32.9215577265747 451.11773253603667 14851.498473166615
144 7 142 332.66880679862265 20164.0 6707933.820287427
145 4 128 75.61186198841948 4011.2373703018793 303297.12644605635
146 1 115 1.0 30.323695983612147 30.323695983612147
147 6 92 225.58275470837765 5709.4065807799225 1287943.6642424744
148 10 124 766.6651705632711 45261.41727827692 34700352.19758556
149 3 132 32.9215577265747 245.06238675558936 8067.83551218631
150 2 25 9.541850352986048 103.79546451213633 990.4007896934788
151 4 170 75.61186198841948 1429.1350405139644 108059.56144615616
152 3 122 32.9215577265747 135.19579244279535 4450.856085295499
153 6 199 225.58275470837765 6569.204673563341 1481899.2865055674
154 5 60 139.6884681067044 1702.6102917613564 237835.0234388529
155 2 28 9.541850352986048 122.22584512913716 1166.2607234894754
156 5 69 139.6884681067044 2194.8788310889477 306599.26159464906
157 1 119 1.0 40.84402933782601 40.84402933782601
158 1 119 1.0 40.84402933782601 40.84402933782601
159 7 91 332.66880679862265 8281.0 2754830.389099394
160 9 213 604.9491004987461 103834.5270766233 62814603.755715966
161 7 104 332.66880679862265 10816.0 3598145.8143339027
162 3 99 32.9215577265747 1471.8833997479187 48456.69431158813
163 6 82 225.58275470837765 4581.357643139669 1033475.277443727
164 4 94 75.61186198841948 2365.92606792603 178892.07532282695
165 3 41 32.9215577265747 363.1907597716439 11956.805563580698
166 3 64 32.9215577265747 736.4308795040106 24244.45171122346
167 8 160 459.67273235884244 38437.428033367876 17668637.56894458
168 5 97 139.6884681067044 4075.7152237055247 569330.4160385987
169 3 30 32.9215577265747 221.1993434691573 7282.2269551002855
170 4 102 75.61186198841948 2720.557944067154 205706.4517983039
171 4 182 75.61186198841948 1873.1633591984112 141633.36939747448
172 1 103 1.0 3.9914906122521803 3.9914906122521803
173 8 113 459.67273235884244 18645.55254126269 8570852.082982577
174 4 167 75.61186198841948 1326.001420918201 100261.43643491513
175 4 153 75.61186198841948 888.1171619831025 67152.19228141312
176 6 182 225.58275470837765 4581.357643139669 1033475.277443727
177 8 121 459.67273235884244 21496.519829988905 9881364.00645704
178 5 77 139.6884681067044 2679.0520099722326 374232.6712512085
179 8 114 459.67273235884244 18990.417242658223 8729376.98256718
180 4 160 75.61186198841948 1097.9836363389938 83020.58717640696
181 8 153 459.67273235884244 35022.02902356311 16098671.774011938
182 10 131 766.6651705632711 51140.99905783681 39208022.76545254
183 11 181 942.9223974109915 147500.54993418368 139081572.16338015
184 8 100 459.67273235884244 14459.978462742583 6646857.809818897
185 1 102 1.0 2.3948263510722025 2.3948263510722025
186 4 84 75.61186198841948 1951.9617083430758 147591.45929791615
187 5 86 139.6884681067044 3275.042744200361 457485.7039213258
188 4 59 75.61186198841948 1066.8769814059906 80668.55507669134
189 3 124 32.9215577265747 155.22039240905832 5110.09710903639
190 6 143 225.58275470837765 13274.235413461822 2994438.591216218
191 3 25 32.9215577265747 165.61186212092687 5452.200479019623
192 6 115 225.58275470837765 8749.296958158795 1973690.5095830902
193 4 79 75.61186198841948 1757.505455801544 132888.25996796062
194 2 48 9.541850352986048 265.93129728965954 2537.4766429133756
195 5 140 139.6884681067044 7939.139781704323 1109006.2741912722
196 5 86 139.6884681067044 3275.042744200361 457485.7039213258
197 4 50 75.61186198841948 803.8922494719358 60783.78982063209
198 4 131 75.61186198841948 354.97079584466536 26840.002825326264
199 4 114 75.61186198841948 3290.469127179636 248798.49752146174
