0 0 100 0.0 0.0 0.0
1 4 178 75.61186198841948 1719.6349352173313 130024.79939211752
2 0 100 0.0 0.0 0.0
3 0 18 0.0 18.0 0.0
4 3 151 32.9215577265747 513.5688732735056 16907.48730804564
5 2 44 9.541850352986048 234.56808185291177 2238.2135346274663
6 0 9 0.0 9.0 0.0
7 0 18 0.0 18.0 0.0
8 2 109 9.541850352986048 23.78240930402918 226.9281906125095
9 0 16 0.0 16.0 0.0
10 1 112 1.0 22.891970023971037 22.891970023971037
11 0 100 0.0 0.0 0.0
12 0 100 0.0 0.0 0.0
13 0 100 0.0 0.0 0.0
14 2 38 9.541850352986048 189.8638195218893 1811.6521533242187
15 1 107 1.0 11.607984241186918 11.607984241186918
16 0 100 0.0 0.0 0.0
17 0 6 0.0 6.0 0.0
18 0 6 0.0 6.0 0.0
19 4 84 75.61186198841948 1951.9617083430758 147591.45929791615
20 0 100 0.0 0.0 0.0
21 0 100 0.0 0.0 0.0
22 1 43 1.0 114.29870016819844 114.29870016819844
23 0 100 0.0 0.0 0.0
24 0 100 0.0 0.0 0.0
25 0 100 0.0 0.0 0.0
26 0 100 0.0 0.0 0.0
27 0 100 0.0 0.0 0.0
28 0 10 0.0 10.0 0.0
29 0 100 0.0 0.0 0.0
30 0 100 0.0 0.0 0.0
31 1 105 1.0 7.59708563275366 7.59708563275366
32 27 554 4506.6139001521815 214245394.92935583 965521274832.2286
33 0 100 0.0 0.0 0.0
34 0 24 0.0 24.0 0.0
35 0 100 0.0 0.0 0.0
36 0 5 0.0 5.0 0.0
37 1 19 1.0 40.84402933782601 40.84402933782601
38 24 361 3832.71054120725 30074362.07123689 115266324530.51314
39 0 100 0.0 0.0 0.0
40 1 103 1.0 3.9914906122521803 3.9914906122521803
41 0 100 0.0 0.0 0.0
42 1 10 1.0 18.1937008646705 18.1937008646705
43 0 100 0.0 0.0 0.0
44 0 100 0.0 0.0 0.0
45 0 100 0.0 0.0 0.0
46 0 100 0.0 0.0 0.0
47 13 139 1331.5823725933528 146207.80018442628 194687729.4612332
48 1 17 1.0 35.503281577765854 35.503281577765854
49 0 100 0.0 0.0 0.0
50 0 100 0.0 0.0 0.0
51 0 100 0.0 0.0 0.0
52 0 10 0.0 10.0 0.0
53 5 76 139.6884681067044 2616.164871066153 365448.0631538047
54 0 100 0.0 0.0 0.0
55 0 6 0.0 6.0 0.0
56 0 100 0.0 0.0 0.0
57 2 109 9.541850352986048 23.78240930402918 226.9281906125095
58 0 100 0.0 0.0 0.0
59 1 10 1.0 18.1937008646705 18.1937008646705
60 2 29 9.541850352986048 128.5709592386038 1226.8048527946264
61 1 103 1.0 3.9914906122521803 3.9914906122521803
62 29 825 4937.473672561782 1153720238.4568655 5696463302882.475
63 1 21 1.0 46.33316012586883 46.33316012586883
64 6 97 225.58275470837765 6317.679695554275 1425159.589088318
65 0 100 0.0 0.0 0.0
66 0 100 0.0 0.0 0.0
67 0 100 0.0 0.0 0.0
68 0 100 0.0 0.0 0.0
69 32 773 5549.980220652734 1836262976.72136 10191223200720.459
70 1 7 1.0 11.607984241186918 11.607984241186918
71 0 100 0.0 0.0 0.0
72 2 41 9.541850352986048 211.85407612585806 2021.4798910630518
73 1 115 1.0 30.323695983612147 30.323695983612147
74 0 6 0.0 6.0 0.0
75 0 6 0.0 6.0 0.0
76 0 18 0.0 18.0 0.0
77 13 374 1331.5823725933528 750456.7374587537 999294962.9939942
78 0 100 0.0 0.0 0.0
79 11 194 942.9223974109915 172885.45162861623 163017564.5271368
80 0 100 0.0 0.0 0.0
81 0 6 0.0 6.0 0.0
82 1 7 1.0 11.607984241186918 11.607984241186918
83 0 100 0.0 0.0 0.0
84 0 100 0.0 0.0 0.0
85 0 11 0.0 11.0 0.0
86 0 6 0.0 6.0 0.0
87 1 102 1.0 2.3948263510722025 2.3948263510722025
88 6 237 225.58275470837765 12229.238131186143 2758705.225617702
89 0 100 0.0 0.0 0.0
90 2 126 9.541850352986048 109.8359986590007 1048.0386625749609
91 7 174 332.66880679862265 30276.0 10071880.7946351
92 1 17 1.0 35.503281577765854 35.503281577765854
93 0 100 0.0 0.0 0.0
94 0 100 0.0 0.0 0.0
95 0 100 0.0 0.0 0.0
96 1 11 1.0 20.51504931294799 20.51504931294799
97 1 8 1.0 13.734791927877684 13.734791927877684
98 0 100 0.0 0.0 0.0
99 1 104 1.0 5.735193251789799 5.735193251789799
100 26 644 4285.277943143774 267089984.0 1144554817269.8235
101 24 421 3832.71054120725 47146276.43575825 180698030674.00162
102 32 832 5549.980220652734 2324854708.5193157 12902897648173.578
103 19 407 2668.9360872348193 12120737.243088678 32349473031.970448
104 44 910 7528.2761260995885 33496120949.28438 252168047659441.9
105 45 879 7658.1450374688 35355181503.25339 270755107777948.66
106 25 660 4060.496712466729 225365702.77843866 915096695234.6041
107 49 1160 8126.242482129881 194786905672.21036 1582885627836141.8
108 42 1173 7252.650449022947 56620369915.239784 410647751289609.2
109 24 345 3832.71054120725 26340744.77811328 100956450174.3246
110 5 167 139.6884681067044 2080.6456750556 290642.2070213566
111 39 725 6798.773358825962 6056453416.909605 41176454139855.484
112 37 804 6468.923834840442 5853281167.69174 37864430057703.8
113 37 854 6468.923834840442 7169506574.312417 46378991962614.84
114 23 715 3602.4235623004615 171097366.34918207 616365183983.8475
115 8 231 459.67273235884244 82510.84662700894 37927986.31827858
116 37 1090 6468.923834840442 16283703502.219112 105338037704980.0
117 2 53 9.541850352986048 306.7864203576611 2927.3101133810746
118 28 662 4724.12231882448 464055007.96057427 2192252620268.8208
119 6 114 225.58275470837765 8604.337363813209 1940990.124969204
120 33 713 5744.298091538941 1749453932.9042547 10049384888017.205
121 28 640 4724.12231882448 418286598.0637148 1976037053577.9597
122 26 440 4285.277943143774 85184000.0 365037116308.7592
123 41 914 7106.788070274764 19603240608.724808 139316076496811.27
124 21 489 3136.7198300107975 34320151.440754436 107652699593.18808
125 6 131 225.58275470837765 11225.205072627472 2532212.6824497594
126 11 186 942.9223974109915 156995.63646857248 148034701.92201084
127 29 694 4937.473672561782 674162370.0473812 3328658953140.7983
128 10 258 766.6651705632711 77583.53920841981 59480597.3201254
129 46 876 7782.801884860074 41589678126.14477 323684225310883.3
130 0 100 0.0 0.0 0.0
131 28 795 4724.12231882448 814416811.6522251 3847404636752.15
132 26 595 4285.277943143774 210644875.0 902671836673.7773
133 1 106 1.0 9.55892689827884 9.55892689827884
134 40 936 6955.50474228233 17603726298.024284 122442801747748.08
135 35 816 6117.310290426031 4113287592.419066 25162256516586.867
136 30 836 5146.386239304723 1512732934.4680808 7785107957689.584
137 36 827 6295.82243666837 5269575256.951467 33176310134427.535
138 10 297 766.6651705632711 126720.59559637398 97152267.03677335
139 43 1140 7393.130324549447 61935400913.30052 457896490655249.6
140 37 1003 6468.923834840442 12311186919.734497 79640130500246.38
141 28 613 4724.12231882448 366405274.47758275 1730943334894.5583
142 39 859 6798.773358825962 10817215349.180922 73543795532694.52
143 24 555 3832.71054120725 105769721.66574752 405384727168.8674
144 30 740 5146.386239304723 1031214501.3022729 5307028119273.5
145 10 207 766.6651705632711 141472.4708480404 108462015.99272029
146 31 697 5350.621552679651 1063411630.54184 5689913189747.38
147 57 1472 8833.632285946418 1830544712771.208 1.6170358875604256e+16
148 16 489 1979.1134619514044 4565514.544050261 9035671294.8648
149 27 540 4506.6139001521815 198224238.39193496 893320108084.1738
150 46 894 7782.801884860074 44757292728.74892 348337142210541.2
151 40 1029 6955.50474228233 24404090701.794624 169742768607420.62
152 29 761 4937.473672561782 897701741.455945 4432378714251.593
153 43 969 7393.130324549447 34894997781.883934 257983266276331.8
154 22 474 3370.209833397988 40696557.24208043 137155937402.70355
155 35 750 6117.310290426031 3113458833.7091093 19045993762266.562
156 17 280 2206.0678959513543 2590409.063250556 5714618271.818473
157 41 1021 7106.788070274764 28804056533.976585 204704325351184.7
158 23 525 3602.4235623004615 70193544.4786438 252866878551.25192
159 43 1085 7393.130324549447 52014487436.30015 384549884381206.9
160 57 1319 8833.632285946418 1196968419154.7 1.0573578872703202e+16
161 21 504 3136.7198300107975 37352240.0062668 117163511922.97972
162 35 946 6117.310290426031 6701561894.705123 40995533540406.62
163 33 821 5744.298091538941 2762742984.5417857 15870019253515.977
164 41 862 7106.788070274764 15991951804.52898 113651412304835.55
165 33 849 5744.298091538941 2052131652.9974902 11788055937900.135
166 40 695 6955.50474228233 6306392544.019039 43864143246618.35
167 40 816 6955.50474228233 10968322313.128738 76290217863848.03
168 31 596 5350.621552679651 646930556.0370654 3461480576218.953
169 26 699 4285.277943143774 341532099.0 1463559970720.2957
170 29 739 4937.473672561782 819492997.6741089 4046225100864.6465
171 24 611 3832.71054120725 140098639.58880144 536957532760.7947
172 47 1132 7902.318130854768 125433765283.08305 991217517617888.6
173 45 1132 7658.1450374688 87514081321.09827 670195527577809.8
174 49 1348 8126.242482129881 338747535172.58905 2752744611036279.0
175 22 433 3370.209833397988 31464502.63863377 106041976195.70047
176 31 708 5350.621552679651 1117613355.0832775 5979926105271.2
177 35 813 6117.310290426031 4063565544.679206 24858091322286.766
178 26 744 4285.277943143774 411830784.0 1764809374982.8079
179 40 837 6955.50474228233 11972705862.004623 83276212401124.61
180 40 803 6955.50474228233 10377439774.715265 72180331565781.3
181 30 801 5146.386239304723 1322558855.2085567 6806398693115.924
182 45 937 7658.1450374688 44451376529.10952 340415088575057.2
183 55 1150 8683.506947919002 512635502287.1991 4451473945860841.0
184 41 948 7106.788070274764 22256921666.936703 158175225383625.7
185 40 910 6955.50474228233 15974142121.062136 111108221276939.61
186 37 707 6468.923834840442 3799076097.9468737 24575933920381.152
187 49 1128 8126.242482129881 175712584497.8533 1427883068791291.8
188 54 1330 8602.009448624298 758331829562.9281 6523177563092858.0
189 27 490 4506.6139001521815 147577364.00287306 665074199963.1659
190 49 1033 8126.242482129881 127069266953.79222 1032595675293009.0
191 33 870 5744.298091538941 3333506151.316705 19148653023141.87
192 18 486 2436.3877014920204 14757902.962831799 35955973278.45605
193 31 949 5350.621552679651 2832898635.30597 15157768494624.896
194 50 1054 8230.818941038662 162178063027.83856 1334858272990495.5
195 22 514 3370.209833397988 51241106.308975786 172693280356.70187
196 26 641 4285.277943143774 263374721.0 1128633882682.9453
197 32 688 5549.980220652734 1263753379.6710854 7013806260957.568
198 19 497 2668.9360872348193 11329291.034680726 30237153685.245293
199 25 598 4060.496712466729 168254365.31892157 683196297235.6571
