0 0 5 0.0 5.0 0.0
1 4 209 75.61186198841948 3047.546245398672 230430.64611041034
2 0 6 0.0 6.0 0.0
3 1 11 1.0 20.51504931294799 20.51504931294799
4 6 111 225.58275470837765 8176.399536993932 1844454.7311513948
5 1 104 1.0 5.735193251789799 5.735193251789799
6 4 149 75.61186198841948 776.5950928818146 58719.80098386357
7 0 5 0.0 5.0 0.0
8 1 7 1.0 11.607984241186918 11.607984241186918
9 0 18 0.0 18.0 0.0
10 1 21 1.0 46.33316012586883 46.33316012586883
11 1 103 1.0 3.9914906122521803 3.9914906122521803
12 1 102 1.0 2.3948263510722025 2.3948263510722025
13 0 6 0.0 6.0 0.0
14 0 18 0.0 18.0 0.0
15 1 108 1.0 13.734791927877684 13.734791927877684
16 0 100 0.0 0.0 0.0
17 0 6 0.0 6.0 0.0
18 1 103 1.0 3.9914906122521803 3.9914906122521803
19 0 100 0.0 0.0 0.0
20 0 100 0.0 0.0 0.0
21 0 100 0.0 0.0 0.0
22 0 100 0.0 0.0 0.0
23 0 5 0.0 5.0 0.0
24 0 100 0.0 0.0 0.0
25 1 11 1.0 20.51504931294799 20.51504931294799
26 1 14 1.0 27.799106543625292 27.799106543625292
27 0 100 0.0 0.0 0.0
28 0 100 0.0 0.0 0.0
29 1 20 1.0 43.57075425423803 43.57075425423803
30 5 201 139.6884681067044 4386.2526434047795 612708.9124861964
31 4 44 75.61186198841948 646.0476428878335 48848.86521197858
32 4 30 75.61186198841948 335.61535000671915 25376.501525903146
33 2 45 9.541850352986048 242.29532664846576 2311.945748107533
34 0 100 0.0 0.0 0.0
35 0 10 0.0 10.0 0.0
36 1 17 1.0 35.503281577765854 35.503281577765854
37 1 52 1.0 145.22076971938012 145.22076971938012
38 1 106 1.0 9.55892689827884 9.55892689827884
39 1 101 1.0 1.0 1.0
40 9 127 604.9491004987461 34080.638090162705 20617051.357067235
41 0 9 0.0 9.0 0.0
42 0 100 0.0 0.0 0.0
43 1 7 1.0 11.607984241186918 11.607984241186918
44 1 8 1.0 13.734791927877684 13.734791927877684
45 0 100 0.0 0.0 0.0
46 0 100 0.0 0.0 0.0
47 5 47 139.6884681067044 1092.4547337912052 152603.328239211
48 5 71 139.6884681067044 2311.8500842163953 322938.7967565438
49 0 5 0.0 5.0 0.0
50 0 6 0.0 6.0 0.0
51 1 105 1.0 7.59708563275366 7.59708563275366
52 0 100 0.0 0.0 0.0
53 0 100 0.0 0.0 0.0
54 1 100 1.0 0.0 0.0
55 2 17 9.541850352986048 59.51335422080222 567.8675199791454
56 1 14 1.0 27.799106543625292 27.799106543625292
57 0 12 0.0 12.0 0.0
58 0 8 0.0 8.0 0.0
59 2 16 9.541850352986048 54.53075711894446 520.3243240639966
60 0 5 0.0 5.0 0.0
61 1 117 1.0 35.503281577765854 35.503281577765854
62 0 5 0.0 5.0 0.0
63 0 100 0.0 0.0 0.0
64 0 100 0.0 0.0 0.0
65 3 123 32.9215577265747 145.08021796711313 4776.266770788355
66 0 100 0.0 0.0 0.0
67 0 100 0.0 0.0 0.0
68 1 37 1.0 94.5824071263594 94.5824071263594
69 0 100 0.0 0.0 0.0
70 1 6 1.0 9.55892689827884 9.55892689827884
71 1 16 1.0 32.892441635375256 32.892441635375256
72 5 114 139.6884681067044 5465.679515018471 763492.3986151252
73 3 41 32.9215577265747 363.1907597716439 11956.805563580698
74 2 143 9.541850352986048 226.91812071099523 2165.21875020514
75 0 100 0.0 0.0 0.0
76 0 10 0.0 10.0 0.0
77 0 100 0.0 0.0 0.0
78 0 100 0.0 0.0 0.0
79 0 100 0.0 0.0 0.0
80 2 36 9.541850352986048 175.6210676402407 1675.7499462548174
81 1 102 1.0 2.3948263510722025 2.3948263510722025
82 0 7 0.0 7.0 0.0
83 0 100 0.0 0.0 0.0
84 0 5 0.0 5.0 0.0
85 0 100 0.0 0.0 0.0
86 0 6 0.0 6.0 0.0
87 0 5 0.0 5.0 0.0
88 5 70 139.6884681067044 2253.023098877021 314721.345291151
89 1 109 1.0 15.931997307697284 15.931997307697284
90 0 9 0.0 9.0 0.0
91 1 14 1.0 27.799106543625292 27.799106543625292
92 0 5 0.0 5.0 0.0
93 0 100 0.0 0.0 0.0
94 0 5 0.0 5.0 0.0
95 1 18 1.0 38.15436697768484 38.15436697768484
96 2 17 9.541850352986048 59.51335422080222 567.8675199791454
97 0 100 0.0 0.0 0.0
98 8 127 459.67273235884244 23773.224239432624 10927902.943119459
99 0 6 0.0 6.0 0.0
100 3 48 32.9215577265747 466.4489382157433 15356.225645969067
101 4 74 75.61186198841948 1571.597319835911 118831.39964880285
102 1 17 1.0 35.503281577765854 35.503281577765854
103 5 55 139.6884681067044 1453.6132803589628 203053.01235290492
104 0 6 0.0 6.0 0.0
105 5 134 139.6884681067044 7331.721036814195 1024156.8802182734
106 0 6 0.0 6.0 0.0
107 0 7 0.0 7.0 0.0
108 2 147 9.541850352986048 257.9778488812911 2461.586028410529
109 0 5 0.0 5.0 0.0
110 0 100 0.0 0.0 0.0
111 8 134 459.67273235884244 26580.07983342708 12218137.923347592
112 5 71 139.6884681067044 2311.8500842163953 322938.7967565438
113 1 19 1.0 40.84402933782601 40.84402933782601
114 0 100 0.0 0.0 0.0
115 4 75 75.61186198841948 1608.0874365260645 121590.48531592006
116 0 100 0.0 0.0 0.0
117 0 100 0.0 0.0 0.0
118 1 41 1.0 107.64164596635766 107.64164596635766
119 1 39 1.0 101.06849300292524 101.06849300292524
120 4 168 75.61186198841948 1360.0227175454593 102833.85002016247
121 0 100 0.0 0.0 0.0
122 0 100 0.0 0.0 0.0
123 0 100 0.0 0.0 0.0
124 2 23 9.541850352986048 92.0346545141889 878.1809006631623
125 3 132 32.9215577265747 245.06238675558936 8067.83551218631
126 0 100 0.0 0.0 0.0
127 0 100 0.0 0.0 0.0
128 4 162 75.61186198841948 1161.3060165688764 87808.51025112707
129 4 135 75.61186198841948 436.83679879622173 33030.043742042886
130 12 132 1131.8354418063404 96867.71209580435 109638309.71672411
131 7 110 332.66880679862265 12100.0 4025292.562263334
132 5 60 139.6884681067044 1702.6102917613564 237835.0234388529
133 0 5 0.0 5.0 0.0
134 5 119 139.6884681067044 5909.069866509522 825428.9175882034
135 0 100 0.0 0.0 0.0
136 3 72 32.9215577265747 887.8335628861327 29228.863892146303
137 0 28 0.0 28.0 0.0
138 7 226 332.66880679862265 15876.0 5281449.976734933
139 2 42 9.541850352986048 219.34644070399202 2092.9709126576195
140 6 79 225.58275470837765 4266.090224510861 962356.3846796412
141 9 115 604.9491004987461 27519.39696484649 16647834.440151809
142 3 156 32.9215577265747 595.765723501293 19613.535657762357
143 8 180 459.67273235884244 49108.407894831784 22573796.038809877
144 5 54 139.6884681067044 1405.9451433371921 196394.3233148333
145 4 83 75.61186198841948 1912.3940233356846 144599.67295993603
146 1 33 1.0 81.88562674252243 81.88562674252243
147 4 148 75.61186198841948 749.6906189831174 56685.50361656424
148 3 48 32.9215577265747 466.4489382157433 15356.225645969067
149 5 75 139.6884681067044 2553.9502583266267 356757.3992063684
150 11 237 942.9223974109915 273411.3305101534 257805667.2439628
151 10 161 766.6651705632711 80897.81870740736 62021539.97751105
152 3 54 32.9215577265747 562.3460860297637 18513.309133542207
153 5 59 139.6884681067044 1651.3976308733363 230681.20529173722
154 9 122 604.9491004987461 31255.467204814257 18907966.771220442
155 4 85 75.61186198841948 1991.8652456125124 150608.64005078256
156 4 141 75.61186198841948 572.5607883495287 43292.38730866522
157 4 168 75.61186198841948 1360.0227175454593 102833.85002016247
158 7 95 332.66880679862265 9025.0 3002335.9813575693
159 6 87 225.58275470837765 5130.584655325767 1157371.4198129189
160 6 178 225.58275470837765 4163.386850757332 939188.274710476
161 6 102 225.58275470837765 6955.268535289175 1568988.635927035
162 3 130 32.9215577265747 221.1993434691573 7282.2269551002855
163 7 165 332.66880679862265 27225.0 9056908.265092501
164 4 155 75.61186198841948 946.1899645328139 71543.18501308264
165 9 158 604.9491004987461 54558.58518037661 33005167.029353052
166 4 184 75.61186198841948 1951.9617083430758 147591.45929791615
167 5 165 139.6884681067044 1969.1653870843556 275069.6963705592
168 1 103 1.0 3.9914906122521803 3.9914906122521803
169 4 156 75.61186198841948 975.7969952136767 73781.82773081094
170 9 133 604.9491004987461 37644.33692394514 22772907.76101235
171 11 145 942.9223974109915 88776.38799713296 83709244.60374498
172 5 57 139.6884681067044 1551.0877169304622 216669.0670771418
173 6 230 225.58275470837765 11061.859988496359 2495364.8484033914
174 6 132 225.58275470837765 11389.69248070312 2569318.205078305
175 7 97 332.66880679862265 9409.0 3130080.8031682405
176 2 124 9.541850352986048 97.86086952638261 933.7737724338355
177 5 105 139.6884681067044 4707.005408790302 657514.3749238892
178 6 179 225.58275470837765 20396.366782294004 4601068.60479233
179 3 147 32.9215577265747 451.11773253603667 14851.498473166615
180 1 100 1.0 0.0 0.0
181 8 109 459.67273235884244 17298.876533787272 7951821.843024257
182 5 34 139.6884681067044 606.571327772905 84731.01957404678
183 6 220 225.58275470837765 9491.407950004868 2141097.9514230937
184 6 74 225.58275470837765 3764.5376458742294 849214.7723596997
185 0 100 0.0 0.0 0.0
186 8 90 459.67273235884244 11614.171379010651 5338717.891873691
187 5 69 139.6884681067044 2194.8788310889477 306599.26159464906
188 4 34 75.61186198841948 415.7115691523703 31432.725793738326
189 4 204 75.61186198841948 2812.409095796941 212651.48840637392
190 3 78 32.9215577265747 1008.1216991286578 33188.93671327668
191 7 59 332.66880679862265 3481.0 1158020.1164660056
192 4 182 75.61186198841948 1873.1633591984112 141633.36939747448
193 5 45 139.6884681067044 1009.4539298642129 141009.0730870245
194 8 91 459.67273235884244 11884.209766134405 5462847.1751246415
195 4 165 75.61186198841948 1259.0362466163215 95198.07491757096
196 4 143 75.61186198841948 621.143248020611 46965.797544373054
197 5 179 139.6884681067044 2806.8374672292675 392082.8260217585
198 4 155 75.61186198841948 946.1899645328139 71543.18501308264
199 6 118 225.58275470837765 9191.104391557652 2073354.6474598425
