0 0 5 0.0 5.0 0.0
1 0 100 0.0 0.0 0.0
2 1 104 1.0 5.735193251789799 5.735193251789799
3 0 18 0.0 18.0 0.0
4 6 54 225.58275470837765 2060.392896912961 464789.10546720016
5 0 5 0.0 5.0 0.0
6 0 10 0.0 10.0 0.0
7 3 133 32.9215577265747 257.33012181535685 8471.708460130769
8 0 100 0.0 0.0 0.0
9 1 106 1.0 9.55892689827884 9.55892689827884
10 0 10 0.0 10.0 0.0
11 5 112 139.6884681067044 5292.687692718977 739327.4359631217
12 1 106 1.0 9.55892689827884 9.55892689827884
13 0 6 0.0 6.0 0.0
14 1 100 1.0 0.0 0.0
15 2 34 9.541850352986048 161.72412498062124 1543.1473990327004
16 0 100 0.0 0.0 0.0
17 1 117 1.0 35.503281577765854 35.503281577765854
18 0 100 0.0 0.0 0.0
19 3 24 32.9215577265747 155.22039240905832 5110.09710903639
20 0 100 0.0 0.0 0.0
21 1 105 1.0 7.59708563275366 7.59708563275366
22 1 117 1.0 35.503281577765854 35.503281577765854
23 0 100 0.0 0.0 0.0
24 5 183 139.6884681067044 3070.409639894098 428900.8190568644
25 1 9 1.0 15.931997307697284 15.931997307697284
26 1 102 1.0 2.3948263510722025 2.3948263510722025
27 2 17 9.541850352986048 59.51335422080222 567.8675199791454
28 1 104 1.0 5.735193251789799 5.735193251789799
29 1 104 1.0 5.735193251789799 5.735193251789799
30 0 10 0.0 10.0 0.0
31 0 100 0.0 0.0 0.0
32 1 106 1.0 9.55892689827884 9.55892689827884
33 0 100 0.0 0.0 0.0
34 0 100 0.0 0.0 0.0
35 0 7 0.0 7.0 0.0
36 0 100 0.0 0.0 0.0
37 2 28 9.541850352986048 122.22584512913716 1166.2607234894754
38 1 24 1.0 54.8222930413608 54.8222930413608
39 1 11 1.0 20.51504931294799 20.51504931294799
40 0 100 0.0 0.0 0.0
41 1 118 1.0 38.15436697768484 38.15436697768484
42 0 100 0.0 0.0 0.0
43 4 163 75.61186198841948 1193.5182370479756 90244.13622033325
44 0 100 0.0 0.0 0.0
45 0 6 0.0 6.0 0.0
46 1 12 1.0 22.891970023971037 22.891970023971037
47 0 100 0.0 0.0 0.0
48 1 107 1.0 11.607984241186918 11.607984241186918
49 0 18 0.0 18.0 0.0
50 1 13 1.0 25.320989780782124 25.320989780782124
51 0 100 0.0 0.0 0.0
52 1 22 1.0 49.12998068819353 49.12998068819353
53 0 5 0.0 5.0 0.0
54 1 103 1.0 3.9914906122521803 3.9914906122521803
55 5 131 139.6884681067044 512.8425432350123 71638.18924444518
56 0 6 0.0 6.0 0.0
57 0 100 0.0 0.0 0.0
58 0 7 0.0 7.0 0.0
59 1 12 1.0 22.891970023971037 22.891970023971037
60 0 18 0.0 18.0 0.0
61 4 67 75.61186198841948 1326.001420918201 100261.43643491513
62 0 100 0.0 0.0 0.0
63 0 100 0.0 0.0 0.0
64 0 9 0.0 9.0 0.0
65 0 100 0.0 0.0 0.0
66 0 100 0.0 0.0 0.0
67 0 100 0.0 0.0 0.0
68 0 5 0.0 5.0 0.0
69 8 109 459.67273235884244 17298.876533787272 7951821.843024257
70 0 16 0.0 16.0 0.0
71 0 6 0.0 6.0 0.0
72 0 5 0.0 5.0 0.0
73 0 100 0.0 0.0 0.0
74 2 17 9.541850352986048 59.51335422080222 567.8675199791454
75 1 105 1.0 7.59708563275366 7.59708563275366
76 1 10 1.0 18.1937008646705 18.1937008646705
77 5 63 139.6884681067044 1860.4532693243248 259883.86717602485
78 0 100 0.0 0.0 0.0
79 0 6 0.0 6.0 0.0
80 4 88 75.61186198841948 2113.579549242958 159811.6851789044
81 11 137 942.9223974109915 77959.47955253888 73509739.36059313
82 1 19 1.0 40.84402933782601 40.84402933782601
83 6 102 225.58275470837765 6955.268535289175 1568988.635927035
84 0 6 0.0 6.0 0.0
85 2 15 9.541850352986048 49.68406405407534 474.0779041321602
86 1 29 1.0 69.58346013935528 69.58346013935528
87 2 25 9.541850352986048 103.79546451213633 990.4007896934788
88 0 6 0.0 6.0 0.0
89 4 166 75.61186198841948 1292.338741426653 97716.13855903981
90 0 5 0.0 5.0 0.0
91 0 100 0.0 0.0 0.0
92 5 105 139.6884681067044 4707.005408790302 657514.3749238892
93 0 100 0.0 0.0 0.0
94 0 100 0.0 0.0 0.0
95 0 100 0.0 0.0 0.0
96 3 139 32.9215577265747 335.47304520277595 11044.29522335299
97 0 100 0.0 0.0 0.0
98 1 7 1.0 11.607984241186918 11.607984241186918
99 0 12 0.0 12.0 0.0
100 1 27 1.0 63.59241768810072 63.59241768810072
101 0 100 0.0 0.0 0.0
102 5 162 139.6884681067044 1807.1402103142602 252436.6476328266
103 4 142 75.61186198841948 596.6466987883373 45113.56784462985
104 0 100 0.0 0.0 0.0
105 5 88 139.6884681067044 3414.7546568712237 477001.8469785762
106 8 117 459.67273235884244 20044.718154360755 9214010.3633779
107 1 104 1.0 5.735193251789799 5.735193251789799
108 4 176 75.61186198841948 1644.92462809159 124375.81396061354
109 2 130 9.541850352986048 135.01359299654277 1288.2794999919763
110 0 5 0.0 5.0 0.0
111 6 104 225.58275470837765 7218.483555423629 1628365.4052495863
112 4 104 75.61186198841948 2812.409095796941 212651.48840637392
113 1 27 1.0 63.59241768810072 63.59241768810072
114 1 33 1.0 81.88562674252243 81.88562674252243
115 6 84 225.58275470837765 4797.4874870676995 1082230.443011704
116 0 100 0.0 0.0 0.0
117 9 146 604.9491004987461 46021.08717513291 27840415.290571038
118 5 114 139.6884681067044 5465.679515018471 763492.3986151252
119 2 111 9.541850352986048 31.76494829034237 303.0963830567869
120 9 98 604.9491004987461 19496.94350076754 11794658.433264196
121 2 42 9.541850352986048 219.34644070399202 2092.9709126576195
122 3 127 32.9215577265747 187.1321231368427 6160.680994346051
123 4 160 75.61186198841948 1097.9836363389938 83020.58717640696
124 8 164 459.67273235884244 40463.25900302208 18599856.82606269
125 1 6 1.0 9.55892689827884 9.55892689827884
126 6 116 225.58275470837765 8895.411906640642 2006651.5221656978
127 4 165 75.61186198841948 1259.0362466163215 95198.07491757096
128 4 194 75.61186198841948 2365.92606792603 178892.07532282695
129 4 78 75.61186198841948 1719.6349352173313 130024.79939211752
130 3 37 32.9215577265747 308.57807572808247 10158.870933237406
131 3 136 32.9215577265747 295.444715883087 9726.500268956508
132 7 136 332.66880679862265 18496.0 6153042.250547324
133 2 14 9.541850352986048 44.97826169706515 429.17584225083993
134 11 148 942.9223974109915 93037.70552118453 87727336.33965315
135 8 139 459.67273235884244 28684.707028409903 13185577.656662071
136 7 126 332.66880679862265 15876.0 5281449.976734933
137 4 171 75.61186198841948 1464.2230773075796 110712.63324163957
138 0 100 0.0 0.0 0.0
139 6 84 225.58275470837765 4797.4874870676995 1082230.443011704
140 8 130 459.67273235884244 24956.252438948613 11471708.748048535
141 2 27 9.541850352986048 115.98017876588344 1106.66550969663
142 4 79 75.61186198841948 1757.505455801544 132888.25996796062
143 4 189 75.61186198841948 2154.8151586700715 162929.58638791565
144 4 165 75.61186198841948 1259.0362466163215 95198.07491757096
145 4 153 75.61186198841948 888.1171619831025 67152.19228141312
146 3 59 32.9215577265747 647.2206215128941 21307.511052966296
147 6 46 225.58275470837765 1516.1469814977904 342016.61262906325
148 4 152 75.61186198841948 859.6554919481086 65000.15241476724
149 4 117 75.61186198841948 127.0685456188709 9607.889334403251
150 5 92 139.6884681067044 3702.0246060004592 517130.14610553003
151 4 71 75.61186198841948 1464.2230773075796 110712.63324163957
152 5 75 139.6884681067044 2553.9502583266267 356757.3992063684
153 4 37 75.61186198841948 480.38255499420245 36322.61944986597
154 9 126 604.9491004987461 33505.118966499955 20268891.580887627
155 5 113 139.6884681067044 5378.870870117234 751366.2319904525
156 4 182 75.61186198841948 1873.1633591984112 141633.36939747448
157 4 77 75.61186198841948 1682.1075637745857 127187.28496180048
158 1 107 1.0 11.607984241186918 11.607984241186918
159 5 44 139.6884681067044 969.0623078155637 135366.82927870372
160 4 141 75.61186198841948 572.5607883495287 43292.38730866522
161 5 163 139.6884681067044 1860.4532693243248 259883.86717602485
162 4 150 75.61186198841948 803.8922494719358 60783.78982063209
163 0 100 0.0 0.0 0.0
164 4 74 75.61186198841948 1571.597319835911 118831.39964880285
165 5 56 139.6884681067044 1501.9949206988383 209811.36957647165
166 5 179 139.6884681067044 2806.8374672292675 392082.8260217585
167 4 142 75.61186198841948 596.6466987883373 45113.56784462985
168 4 158 75.61186198841948 1036.142416344768 78344.65738500807
169 4 151 75.61186198841948 831.5797944458234 62877.296649995835
170 4 41 75.61186198841948 572.5607883495287 43292.38730866522
171 0 100 0.0 0.0 0.0
172 4 175 75.61186198841948 1608.0874365260645 121590.48531592006
173 9 155 604.9491004987461 52351.194230734116 31669807.859917752
174 1 121 1.0 46.33316012586883 46.33316012586883
175 6 96 225.58275470837765 6193.675591281851 1397186.4016513997
176 4 172 75.61186198841948 1499.6637502850892 113392.36851559173
177 3 73 32.9215577265747 907.48753481702 29875.90326362549
178 7 207 332.66880679862265 11449.0 3808725.1690374305
179 9 138 604.9491004987461 40759.58337596822 24657473.29999562
180 8 156 459.67273235884244 36465.56936906108 16762227.908897216
181 3 51 32.9215577265747 513.5688732735056 16907.48730804564
182 4 154 75.61186198841948 916.9626779842689 69333.25545627807
183 6 98 225.58275470837765 6442.856405219488 1453397.2960799276
184 4 129 75.61186198841948 316.71264325745693 23947.232671970367
185 7 124 332.66880679862265 15376.0 5115115.5733356215
186 6 112 225.58275470837765 8317.887761606735 1876372.0346183486
187 4 162 75.61186198841948 1161.3060165688764 87808.51025112707
188 7 115 332.66880679862265 13225.0 4399544.969911785
189 5 164 139.6884681067044 1914.4623288244568 267428.3099614821
190 5 92 139.6884681067044 3702.0246060004592 517130.14610553003
191 4 147 75.61186198841948 723.181183304868 54681.07582466957
192 4 195 75.61186198841948 2409.1275506493207 182158.6198721955
193 8 179 459.67273235884244 48542.612462899684 22313715.306657497
194 4 174 75.61186198841948 1571.597319835911 118831.39964880285
195 9 135 604.9491004987461 38874.51396153533 23517102.253356747
196 4 162 75.61186198841948 1161.3060165688764 87808.51025112707
197 4 116 75.61186198841948 3389.795544335274 256308.752867238
198 4 95 75.61186198841948 2409.1275506493207 182158.6198721955
199 4 54 75.61186198841948 916.9626779842689 69333.25545627807
