0 1 28 1.0 66.57403288693754 66.57403288693754
1 1 120 1.0 43.57075425423803 43.57075425423803
2 0 6 0.0 6.0 0.0
3 0 11 0.0 11.0 0.0
4 1 113 1.0 25.320989780782124 25.320989780782124
5 2 109 9.541850352986048 23.78240930402918 226.9281906125095
6 0 6 0.0 6.0 0.0
7 33 699 5744.298091538941 1640596674.9231505 9424076348746.186
8 52 1323 8425.648590871551 531460233096.0097 4477897164089660.5
9 1 34 1.0 85.02419427196995 85.02419427196995
10 2 24 9.541850352986048 97.86086952638261 933.7737724338355
11 1 105 1.0 7.59708563275366 7.59708563275366
12 2 22 9.541850352986048 86.31942417916456 823.6470280735138
13 0 6 0.0 6.0 0.0
14 2 18 9.541850352986048 64.62733255388774 616.6643359418604
15 0 100 0.0 0.0 0.0
16 1 10 1.0 18.1937008646705 18.1937008646705
17 0 100 0.0 0.0 0.0
18 1 36 1.0 91.37308344663872 91.37308344663872
19 4 130 75.61186198841948 4119.004676975325 311445.6131651126
20 5 127 139.6884681067044 6650.664878194386 929021.1887260355
21 0 10 0.0 10.0 0.0
22 0 100 0.0 0.0 0.0
23 0 100 0.0 0.0 0.0
24 2 146 9.541850352986048 250.0988923255542 2386.406204018009
25 27 568 4506.6139001521815 231112683.84182355 1041535633503.0385
26 1 46 1.0 124.43529823617882 124.43529823617882
27 0 18 0.0 18.0 0.0
28 0 100 0.0 0.0 0.0
29 25 691 4060.496712466729 258191863.2734577 1048387212007.5343
30 1 50 1.0 138.2191034456061 138.2191034456061
31 1 11 1.0 20.51504931294799 20.51504931294799
32 26 660 4285.277943143774 287496000.0 1232000267542.0625
33 3 105 32.9215577265747 1615.987583636619 53200.828520120915
34 11 288 942.9223974109915 427172.4322331918 402790453.9092055
35 34 702 5933.442745663244 2044360282.334714 12130094686740.969
36 0 100 0.0 0.0 0.0
37 0 10 0.0 10.0 0.0
38 1 13 1.0 25.320989780782124 25.320989780782124
39 21 708 3136.7198300107975 96806670.08957535 303655401747.2842
40 1 9 1.0 15.931997307697284 15.931997307697284
41 0 9 0.0 9.0 0.0
42 0 100 0.0 0.0 0.0
43 0 100 0.0 0.0 0.0
44 0 100 0.0 0.0 0.0
45 0 8 0.0 8.0 0.0
46 0 9 0.0 9.0 0.0
47 0 100 0.0 0.0 0.0
48 0 100 0.0 0.0 0.0
49 1 107 1.0 11.607984241186918 11.607984241186918
50 0 100 0.0 0.0 0.0
51 0 100 0.0 0.0 0.0
52 4 137 75.61186198841948 480.38255499420245 36322.61944986597
53 0 100 0.0 0.0 0.0
54 2 115 9.541850352986048 49.68406405407534 474.0779041321602
55 0 100 0.0 0.0 0.0
56 0 100 0.0 0.0 0.0
57 0 100 0.0 0.0 0.0
58 0 100 0.0 0.0 0.0
59 0 11 0.0 11.0 0.0
60 2 10 9.541850352986048 27.685321443873434 264.16919419175593
61 0 10 0.0 10.0 0.0
62 0 6 0.0 6.0 0.0
63 0 6 0.0 6.0 0.0
64 0 100 0.0 0.0 0.0
65 0 18 0.0 18.0 0.0
66 21 317 3136.7198300107975 10187471.834188651 31955244919.976013
67 0 100 0.0 0.0 0.0
68 0 5 0.0 5.0 0.0
69 0 100 0.0 0.0 0.0
70 1 53 1.0 148.74811262526265 148.74811262526265
71 0 100 0.0 0.0 0.0
72 1 17 1.0 35.503281577765854 35.503281577765854
73 26 598 4285.277943143774 213847192.0 916394655080.8317
74 1 113 1.0 25.320989780782124 25.320989780782124
75 1 9 1.0 15.931997307697284 15.931997307697284
76 57 1313 8833.632285946418 1176029152353.5952 1.0388609089444918e+16
77 1 15 1.0 30.323695983612147 30.323695983612147
78 0 100 0.0 0.0 0.0
79 0 100 0.0 0.0 0.0
80 2 20 9.541850352986048 75.23327232919837 717.8646261306569
81 1 52 1.0 145.22076971938012 145.22076971938012
82 16 386 1979.1134619514044 2070183.1096032152 4097127260.920143
83 0 9 0.0 9.0 0.0
84 1 104 1.0 5.735193251789799 5.735193251789799
85 0 100 0.0 0.0 0.0
86 0 100 0.0 0.0 0.0
87 3 62 32.9215577265747 700.2360303580608 23052.86089566041
88 0 100 0.0 0.0 0.0
89 1 100 1.0 0.0 0.0
90 7 170 332.66880679862265 4900.0 1630077.153313251
91 0 100 0.0 0.0 0.0
92 0 10 0.0 10.0 0.0
93 0 100 0.0 0.0 0.0
94 1 101 1.0 1.0 1.0
95 0 100 0.0 0.0 0.0
96 0 100 0.0 0.0 0.0
97 2 50 9.541850352986048 282.0582186126376 2691.3573128316116
98 0 100 0.0 0.0 0.0
99 1 124 1.0 54.8222930413608 54.8222930413608
100 29 633 4937.473672561782 506538745.04820585 2501021717808.0015
101 32 618 5549.980220652734 895759346.7235886 4971446656780.73
102 1 23 1.0 51.960050539976365 51.960050539976365
103 41 1005 7106.788070274764 27265233606.35796 193768236926919.34
104 28 568 4724.12231882448 289888332.1621043 1369467939933.8013
105 0 100 0.0 0.0 0.0
106 8 262 459.67273235884244 39443.590245345265 18131142.90212044
107 43 1008 7393.130324549447 40110852255.207924 296544758151500.3
108 52 1242 8425.648590871551 419184168669.55035 3531898500066259.5
109 39 882 6798.773358825962 11840249786.66891 80499174811449.36
110 13 276 1331.5823725933528 763726.9951302845 1016965404.1891762
111 39 810 6798.773358825962 8848687281.227678 60160219348192.87
112 60 1283 9028.149747574074 1719988238922.23 1.5528311385056108e+16
113 1 115 1.0 30.323695983612147 30.323695983612147
114 35 722 6117.310290426031 2745881964.978534 16797412000658.44
115 0 100 0.0 0.0 0.0
116 44 1207 7528.2761260995885 91475323789.74133 688651496213539.4
117 20 496 2902.6872563902634 27329366.46739378 79328603770.1233
118 49 1316 8126.242482129881 310053721480.95844 2519571723241030.5
119 30 521 5146.386239304723 342469152.9944258 1762478536356.8567
120 52 1028 8425.648590871551 206018788237.27902 1735841912804494.5
121 30 903 5146.386239304723 1927260024.7021685 9918424470689.32
122 32 774 5549.980220652734 1843893366.2097945 10233571711457.148
123 46 1075 7782.801884860074 87061455879.7576 677582062919639.6
124 48 1207 8016.77096497358 189194719144.35812 1516730731162821.2
125 27 526 4506.6139001521815 183027059.88138184 824832292165.421
126 25 553 4060.496712466729 133448107.19600774 541865600554.2971
127 36 874 6295.82243666837 6335321699.431398 39886060498792.19
128 3 195 32.9215577265747 1378.6071657178634 45385.89538845017
129 21 412 3136.7198300107975 21234637.180664185 66607107527.67393
130 10 273 766.6651705632711 94922.67645061052 72773909.93132952
131 47 1232 7902.318130854768 170617951456.0347 1348277331240321.8
132 28 720 4724.12231882448 600662757.3053734 2837604337872.967
133 19 608 2668.9360872348193 22123005.57240037 59044887930.276344
134 18 420 2436.3877014920204 9997300.157671308 24357299152.274612
135 0 100 0.0 0.0 0.0
136 27 476 4506.6139001521815 135142436.20102784 609034781483.9814
137 21 552 3136.7198300107975 48197125.56448204 151180879507.63116
138 30 673 5146.386239304723 765370655.8077888 3938893011016.836
139 36 821 6295.82243666837 5143253749.296451 32381012352299.31
140 47 1174 7902.318130854768 143190506111.24298 1131536932609146.0
141 49 937 8126.242482129881 88711977146.81648 720895037364195.2
142 34 684 5933.442745663244 1877830989.3548782 11142002661369.334
143 33 705 5744.298091538941 1686658175.2068913 9688667336919.498
144 33 878 5744.298091538941 3433836168.4782376 19724978549246.93
145 40 1062 6955.50474228233 27210387727.11769 189261980875308.0
146 24 646 3832.71054120725 164880665.2810724 631939863864.0305
147 0 100 0.0 0.0 0.0
148 29 633 4937.473672561782 506538745.04820585 2501021717808.0015
149 41 797 7106.788070274764 12177171826.205341 86540579464162.08
150 33 915 5744.298091538941 2697867054.215779 15497352570757.482
151 31 761 5350.621552679651 1405484532.6630678 7520215832424.898
152 32 710 5549.980220652734 1398006006.029776 7758905681818.983
153 21 452 3136.7198300107975 27529753.494677793 86353123702.06488
154 52 1150 8425.648590871551 313946536116.31744 2645203189637454.5
155 34 788 5933.442745663244 2983522563.325732 17702560309887.67
156 39 738 6798.773358825962 6435981467.341289 43756779338057.57
157 46 1045 7782.801884860074 78607793865.90718 611788886264274.6
158 27 788 4506.6139001521815 413608788.5450198 1863975115682.0906
159 39 926 6798.773358825962 13985141367.20288 95081806546753.83
160 42 912 7252.650449022947 23444456833.29734 170034450379113.06
161 38 970 6636.579650383532 13451616675.036884 89272725490309.58
162 51 1214 8330.590095344352 324997977496.97076 2707424932343211.5
163 43 982 7393.130324549447 36575966422.050995 270410886504567.56
164 46 850 7782.801884860074 37304688573.51935 290335000544104.44
165 25 542 4060.496712466729 125736722.99731058 510553550366.9194
166 35 778 6117.310290426031 3514020633.96261 21496354584908.88
167 29 792 4937.473672561782 668143852.7697979 3298942682534.873
168 43 951 7393.130324549447 32659883426.656303 241458774557862.62
169 33 672 5744.298091538941 1444038803.5549421 8294989343368.829
170 40 1130 6955.50474228233 33703711223.55912 234426323247979.66
171 12 383 1131.8354418063404 582063.6692774663 658800290.2760806
172 28 787 4724.12231882448 789499568.5119051 3729692532309.3877
173 30 801 5146.386239304723 1322558855.2085567 6806398693115.924
174 27 661 4506.6139001521815 222571887.38540643 1003045561474.1786
175 40 805 6955.50474228233 10466836777.379793 72802132841760.25
176 50 1178 8230.818941038662 244977738327.1401 2016367408755837.8
177 36 936 6295.82243666837 7960682634.890619 50119044343940.64
178 38 850 6636.579650383532 8595655122.330889 57045749866576.14
179 33 852 5744.298091538941 3115205451.2153254 17894668728167.9
180 31 638 5350.621552679651 803064803.0966537 4296895843647.3955
181 32 720 5549.980220652734 1462150491.280695 8114906306225.534
182 58 1286 8902.46046345971 1271346543990.2585 1.1318112343229418e+16
183 26 509 4285.277943143774 131872229.0 565109154246.9048
184 23 728 3602.4235623004615 180225194.9425221 649247488781.1356
185 23 658 3602.4235623004615 134638780.1448408 485025913993.1661
186 27 622 4506.6139001521815 304504049.034785 1372282180032.7834
187 21 388 3136.7198300107975 17947679.91451011 56296843490.53035
188 31 944 5350.621552679651 1952352156.0680761 10446297524678.434
189 48 1013 8016.77096497358 99642314200.7562 798809611367396.9
190 37 1009 6468.923834840442 12560537532.77087 81253160624149.45
191 47 1169 7902.318130854768 140986602962.32806 1114120988796827.6
192 36 811 6295.82243666837 4937451666.712056 31085318983251.402
193 28 643 4724.12231882448 424339853.5797113 2004633373062.6262
194 46 1225 7782.801884860074 102583803529.04585 798389419461973.6
195 45 948 7658.1450374688 46349683779.8327 354952600826773.94
196 37 872 6468.923834840442 7690314583.821621 49748059308704.74
197 32 602 5549.980220652734 823476422.7563375 4570277858471.542
198 37 886 6468.923834840442 8113340189.121175 52484579729574.83
199 33 884 5744.298091538941 3510439798.810225 20165012636767.918
