0 0 100 0.0 0.0 0.0
1 1 103 1.0 3.9914906122521803 3.9914906122521803
2 0 100 0.0 0.0 0.0
3 0 6 0.0 6.0 0.0
4 0 11 0.0 11.0 0.0
5 0 6 0.0 6.0 0.0
6 3 146 32.9215577265747 435.9769523615719 14353.040404627594
7 0 16 0.0 16.0 0.0
8 0 100 0.0 0.0 0.0
9 0 100 0.0 0.0 0.0
10 1 7 1.0 11.607984241186918 11.607984241186918
11 1 105 1.0 7.59708563275366 7.59708563275366
12 6 97 225.58275470837765 6317.679695554275 1425159.589088318
13 3 53 32.9215577265747 545.90532331836 17972.053614869816
14 0 6 0.0 6.0 0.0
15 0 100 0.0 0.0 0.0
16 0 100 0.0 0.0 0.0
17 1 102 1.0 2.3948263510722025 2.3948263510722025
18 0 25 0.0 25.0 0.0
19 0 100 0.0 0.0 0.0
20 0 100 0.0 0.0 0.0
21 0 10 0.0 10.0 0.0
22 5 43 139.6884681067044 929.4139107485241 129828.40542952261
23 4 83 75.61186198841948 1912.3940233356846 144599.67295993603
24 0 10 0.0 10.0 0.0
25 0 100 0.0 0.0 0.0
26 1 19 1.0 40.84402933782601 40.84402933782601
27 0 100 0.0 0.0 0.0
28 3 115 32.9215577265747 73.60859052492496 2423.3094621381165
29 0 10 0.0 10.0 0.0
30 0 100 0.0 0.0 0.0
31 0 11 0.0 11.0 0.0
32 4 93 75.61186198841948 2323.049658002374 175650.1101331206
33 5 79 139.6884681067044 2806.8374672292675 392082.8260217585
34 0 10 0.0 10.0 0.0
35 0 100 0.0 0.0 0.0
36 0 12 0.0 12.0 0.0
37 1 106 1.0 9.55892689827884 9.55892689827884
38 0 9 0.0 9.0 0.0
39 1 105 1.0 7.59708563275366 7.59708563275366
40 1 16 1.0 32.892441635375256 32.892441635375256
41 0 100 0.0 0.0 0.0
42 0 100 0.0 0.0 0.0
43 0 8 0.0 8.0 0.0
44 1 34 1.0 85.02419427196995 85.02419427196995
45 1 109 1.0 15.931997307697284 15.931997307697284
46 0 100 0.0 0.0 0.0
47 8 115 459.67273235884244 19338.564883686733 8889410.959983042
48 0 8 0.0 8.0 0.0
49 0 6 0.0 6.0 0.0
50 1 103 1.0 3.9914906122521803 3.9914906122521803
51 6 89 225.58275470837765 5358.570280584671 1208801.0451927343
52 2 91 9.541850352986048 669.0007525336273 6383.5050667109235
53 1 11 1.0 20.51504931294799 20.51504931294799
54 0 100 0.0 0.0 0.0
55 0 100 0.0 0.0 0.0
56 4 51 75.61186198841948 831.5797944458234 62877.296649995835
57 0 10 0.0 10.0 0.0
58 0 100 0.0 0.0 0.0
59 0 100 0.0 0.0 0.0
60 0 6 0.0 6.0 0.0
61 0 100 0.0 0.0 0.0
62 0 100 0.0 0.0 0.0
63 1 14 1.0 27.799106543625292 27.799106543625292
64 4 79 75.61186198841948 1757.505455801544 132888.25996796062
65 0 10 0.0 10.0 0.0
66 0 100 0.0 0.0 0.0
67 1 11 1.0 20.51504931294799 20.51504931294799
68 0 100 0.0 0.0 0.0
69 1 6 1.0 9.55892689827884 9.55892689827884
70 0 100 0.0 0.0 0.0
71 0 10 0.0 10.0 0.0
72 0 100 0.0 0.0 0.0
73 0 100 0.0 0.0 0.0
74 0 100 0.0 0.0 0.0
75 1 13 1.0 25.320989780782124 25.320989780782124
76 0 28 0.0 28.0 0.0
77 0 100 0.0 0.0 0.0
78 0 100 0.0 0.0 0.0
79 2 37 9.541850352986048 182.69988024795316 1743.2949168344405
80 0 18 0.0 18.0 0.0
81 1 30 1.0 72.61998620345668 72.61998620345668
82 0 6 0.0 6.0 0.0
83 0 100 0.0 0.0 0.0
84 5 105 139.6884681067044 4707.005408790302 657514.3749238892
85 0 100 0.0 0.0 0.0
86 7 144 332.66880679862265 20736.0 6898220.377776239
87 4 55 75.61186198841948 946.1899645328139 71543.18501308264
88 0 6 0.0 6.0 0.0
89 0 100 0.0 0.0 0.0
90 4 75 75.61186198841948 1608.0874365260645 121590.48531592006
91 0 100 0.0 0.0 0.0
92 0 100 0.0 0.0 0.0
93 0 100 0.0 0.0 0.0
94 1 20 1.0 43.57075425423803 43.57075425423803
95 1 31 1.0 75.68293941204132 75.68293941204132
96 0 100 0.0 0.0 0.0
97 2 64 9.541850352986048 402.6820690045564 3842.3320422722786
98 6 110 225.58275470837765 8036.070233330496 1812798.8602646885
99 0 100 0.0 0.0 0.0
100 4 85 75.61186198841948 1991.8652456125124 150608.64005078256
101 9 100 604.9491004987461 20364.295018889265 12319361.953968156
102 2 23 9.541850352986048 92.0346545141889 878.1809006631623
103 0 100 0.0 0.0 0.0
104 5 63 139.6884681067044 1860.4532693243248 259883.86717602485
105 6 81 225.58275470837765 4475.076918624486 1009500.1788351899
106 0 6 0.0 6.0 0.0
107 0 100 0.0 0.0 0.0
108 7 110 332.66880679862265 12100.0 4025292.562263334
109 2 106 9.541850352986048 13.252209915340185 126.45060385853394
110 4 34 75.61186198841948 415.7115691523703 31432.725793738326
111 3 67 32.9215577265747 791.9778998728451 26073.146148835265
112 2 19 9.541850352986048 69.8685662777562 666.6754038000371
113 0 100 0.0 0.0 0.0
114 3 128 32.9215577265747 198.25318874016915 6526.8037975869875
115 0 100 0.0 0.0 0.0
116 2 13 9.541850352986048 40.41888428935346 385.6709453236695
117 5 96 139.6884681067044 3999.6858182206656 558709.9848553553
118 3 53 32.9215577265747 545.90532331836 17972.053614869816
119 2 35 9.541850352986048 168.62869283493262 1609.0297522505775
120 3 38 32.9215577265747 321.92161897300775 10598.16116245226
121 0 100 0.0 0.0 0.0
122 3 158 32.9215577265747 629.8939717412368 20737.090752300537
123 5 106 139.6884681067044 4788.781200314608 668937.5099701327
124 8 106 459.67273235884244 16323.225002619285 7503341.43786218
125 6 88 225.58275470837765 5243.986173197856 1182952.846602616
126 0 100 0.0 0.0 0.0
127 2 75 9.541850352986048 506.1815384350477 4829.908491191481
128 1 117 1.0 35.503281577765854 35.503281577765854
129 3 30 32.9215577265747 221.1993434691573 7282.2269551002855
130 0 100 0.0 0.0 0.0
131 4 177 75.61186198841948 1682.1075637745857 127187.28496180048
132 4 184 75.61186198841948 1951.9617083430758 147591.45929791615
133 2 39 9.541850352986048 197.11162840858907 1880.8096611081503
134 4 61 75.61186198841948 1129.4605717070829 85400.6168692773
135 1 15 1.0 30.323695983612147 30.323695983612147
136 2 44 9.541850352986048 234.56808185291177 2238.2135346274663
137 3 40 32.9215577265747 349.23013798641597 11497.20014757944
138 5 85 139.6884681067044 3206.1723328082135 447865.30165607814
139 6 96 225.58275470837765 6193.675591281851 1397186.4016513997
140 4 51 75.61186198841948 831.5797944458234 62877.296649995835
141 0 100 0.0 0.0 0.0
142 5 114 139.6884681067044 5465.679515018471 763492.3986151252
143 7 69 332.66880679862265 4761.0 1583836.1891682425
144 4 86 75.61186198841948 2032.1034843472744 153651.12820465246
145 4 56 75.61186198841948 975.7969952136767 73781.82773081094
146 4 161 75.61186198841948 1129.4605717070829 85400.6168692773
147 4 66 75.61186198841948 1292.338741426653 97716.13855903981
148 4 160 75.61186198841948 1097.9836363389938 83020.58717640696
149 5 50 139.6884681067044 1222.4564081968258 170763.0629882387
150 4 69 75.61186198841948 1394.4010936602072 105433.26305033677
151 3 115 32.9215577265747 73.60859052492496 2423.3094621381165
152 6 136 225.58275470837765 12059.050322553525 2720313.7909285743
153 10 138 766.6651705632711 57418.05598112961 44020423.68218418
154 4 61 75.61186198841948 1129.4605717070829 85400.6168692773
155 4 64 75.61186198841948 1226.095534977771 92707.36637535656
156 3 126 32.9215577265747 176.25042831919396 5802.438650243859
157 5 99 139.6884681067044 4229.702363015084 590840.6436368847
158 7 95 332.66880679862265 9025.0 3002335.9813575693
159 3 51 32.9215577265747 513.5688732735056 16907.48730804564
160 4 62 75.61186198841948 1161.3060165688764 87808.51025112707
161 7 93 332.66880679862265 8649.0 2877252.5100012873
162 3 168 32.9215577265747 810.8239638778247 26693.587932893923
163 4 89 75.61186198841948 2154.8151586700715 162929.58638791565
164 5 62 139.6884681067044 1807.1402103142602 252436.6476328266
165 7 77 332.66880679862265 5929.0 1972393.3555090337
166 9 144 604.9491004987461 44673.607750369876 27025258.82462007
167 9 170 604.9491004987461 63878.767860182066 38643403.15798535
168 5 47 139.6884681067044 1092.4547337912052 152603.328239211
169 3 59 32.9215577265747 647.2206215128941 21307.511052966296
170 1 100 1.0 0.0 0.0
171 4 155 75.61186198841948 946.1899645328139 71543.18501308264
172 2 79 9.541850352986048 545.5717283799165 5205.7637890211145
173 3 49 32.9215577265747 481.96892224029307 15867.1676959488
174 3 20 32.9215577265747 116.21344721391306 3825.92771105708
175 5 94 139.6884681067044 3849.5614363989175 537739.3399332094
176 10 150 766.6651705632711 69116.80200881512 52989444.80087609
177 4 50 75.61186198841948 803.8922494719358 60783.78982063209
178 5 109 139.6884681067044 5037.901195841188 703736.7005199897
179 1 6 1.0 9.55892689827884 9.55892689827884
180 6 183 225.58275470837765 21277.13940560754 4799755.719431122
181 4 47 75.61186198841948 723.181183304868 54681.07582466957
182 5 85 139.6884681067044 3206.1723328082135 447865.30165607814
183 4 156 75.61186198841948 975.7969952136767 73781.82773081094
184 4 101 75.61186198841948 2675.1081136005973 202269.90548966953
185 3 26 32.9215577265747 176.25042831919396 5802.438650243859
186 6 57 225.58275470837765 2284.902982010436 515434.70892330084
187 4 76 75.61186198841948 1644.92462809159 124375.81396061354
188 3 41 32.9215577265747 363.1907597716439 11956.805563580698
189 10 138 766.6651705632711 57418.05598112961 44020423.68218418
190 5 98 139.6884681067044 4152.387807071904 580040.6917548318
191 4 137 75.61186198841948 4505.476975147791 340667.5032368764
192 6 102 225.58275470837765 6955.268535289175 1568988.635927035
193 4 154 75.61186198841948 916.9626779842689 69333.25545627807
194 3 133 32.9215577265747 257.33012181535685 8471.708460130769
195 5 40 139.6884681067044 814.9598274436516 113840.48986410785
196 3 134 32.9215577265747 269.81820202916316 8882.83551378369
197 10 176 766.6651705632711 98622.37714481588 75610341.59508552
198 3 41 32.9215577265747 363.1907597716439 11956.805563580698
199 3 139 32.9215577265747 335.47304520277595 11044.29522335299
