0 0 6 0.0 6.0 0.0
1 9 161 604.9491004987461 56814.89680416015 34370120.71660577
2 1 104 1.0 5.735193251789799 5.735193251789799
3 1 126 1.0 60.63937356224698 60.63937356224698
4 1 22 1.0 49.12998068819353 49.12998068819353
5 0 10 0.0 10.0 0.0
6 2 116 9.541850352986048 54.53075711894446 520.3243240639966
7 0 100 0.0 0.0 0.0
8 1 104 1.0 5.735193251789799 5.735193251789799
9 2 62 9.541850352986048 384.6592176812078 3670.3606920107695
10 4 59 75.61186198841948 1066.8769814059906 80668.55507669134
11 1 16 1.0 32.892441635375256 32.892441635375256
12 1 31 1.0 75.68293941204132 75.68293941204132
13 5 73 139.6884681067044 2431.5451615879456 339658.8187544891
14 0 100 0.0 0.0 0.0
15 1 12 1.0 22.891970023971037 22.891970023971037
16 1 104 1.0 5.735193251789799 5.735193251789799
17 0 5 0.0 5.0 0.0
18 0 26 0.0 26.0 0.0
19 4 56 75.61186198841948 975.7969952136767 73781.82773081094
20 0 5 0.0 5.0 0.0
21 2 15 9.541850352986048 49.68406405407534 474.0779041321602
22 1 6 1.0 9.55892689827884 9.55892689827884
23 0 10 0.0 10.0 0.0
24 0 9 0.0 9.0 0.0
25 0 100 0.0 0.0 0.0
26 0 9 0.0 9.0 0.0
27 0 100 0.0 0.0 0.0
28 3 68 32.9215577265747 810.8239638778247 26693.587932893923
29 8 210 459.67273235884244 67672.27683186886 31107100.39624915
30 6 202 225.58275470837765 6955.268535289175 1568988.635927035
31 0 5 0.0 5.0 0.0
32 5 83 139.6884681067044 3070.409639894098 428900.8190568644
33 0 100 0.0 0.0 0.0
34 0 5 0.0 5.0 0.0
35 0 100 0.0 0.0 0.0
36 0 6 0.0 6.0 0.0
37 7 129 332.66880679862265 16641.0 5535941.613935879
38 0 7 0.0 7.0 0.0
39 8 157 459.67273235884244 36953.48006693682 16986507.15253687
40 5 135 139.6884681067044 7431.446581170135 1038087.3887404618
41 4 79 75.61186198841948 1757.505455801544 132888.25996796062
42 0 100 0.0 0.0 0.0
43 10 191 766.6651705632711 118296.7449298396 90693994.12871525
44 4 148 75.61186198841948 749.6906189831174 56685.50361656424
45 0 100 0.0 0.0 0.0
46 8 199 459.67273235884244 14160.822691605603 6509344.059099445
47 0 100 0.0 0.0 0.0
48 0 100 0.0 0.0 0.0
49 2 29 9.541850352986048 128.5709592386038 1226.8048527946264
50 0 5 0.0 5.0 0.0
51 0 5 0.0 5.0 0.0
52 0 20 0.0 20.0 0.0
53 0 7 0.0 7.0 0.0
54 9 139 604.9491004987461 41398.5782979627 25044032.703279447
55 1 14 1.0 27.799106543625292 27.799106543625292
56 0 5 0.0 5.0 0.0
57 0 8 0.0 8.0 0.0
58 2 55 9.541850352986048 323.62148105306557 3087.947743220061
59 1 8 1.0 13.734791927877684 13.734791927877684
60 0 100 0.0 0.0 0.0
61 2 36 9.541850352986048 175.6210676402407 1675.7499462548174
62 1 105 1.0 7.59708563275366 7.59708563275366
63 0 100 0.0 0.0 0.0
64 0 6 0.0 6.0 0.0
65 0 9 0.0 9.0 0.0
66 0 100 0.0 0.0 0.0
67 3 71 32.9215577265747 868.3392862126454 28587.081937302275
68 1 24 1.0 54.8222930413608 54.8222930413608
69 1 25 1.0 57.71571011139208 57.71571011139208
70 1 9 1.0 15.931997307697284 15.931997307697284
71 0 100 0.0 0.0 0.0
72 2 5 9.541850352986048 10.188005914414083 97.21242783067595
73 1 104 1.0 5.735193251789799 5.735193251789799
74 0 100 0.0 0.0 0.0
75 1 110 1.0 18.1937008646705 18.1937008646705
76 0 100 0.0 0.0 0.0
77 1 7 1.0 11.607984241186918 11.607984241186918
78 2 13 9.541850352986048 40.41888428935346 385.6709453236695
79 1 104 1.0 5.735193251789799 5.735193251789799
80 0 100 0.0 0.0 0.0
81 0 100 0.0 0.0 0.0
82 0 9 0.0 9.0 0.0
83 0 100 0.0 0.0 0.0
84 1 9 1.0 15.931997307697284 15.931997307697284
85 5 119 139.6884681067044 5909.069866509522 825428.9175882034
86 0 8 0.0 8.0 0.0
87 0 100 0.0 0.0 0.0
88 2 43 9.541850352986048 226.91812071099523 2165.21875020514
89 0 100 0.0 0.0 0.0
90 1 106 1.0 9.55892689827884 9.55892689827884
91 2 111 9.541850352986048 31.76494829034237 303.0963830567869
92 0 5 0.0 5.0 0.0
93 2 60 9.541850352986048 366.8916913478798 3500.825614595415
94 1 106 1.0 9.55892689827884 9.55892689827884
95 0 6 0.0 6.0 0.0
96 0 100 0.0 0.0 0.0
97 0 100 0.0 0.0 0.0
98 0 100 0.0 0.0 0.0
99 1 102 1.0 2.3948263510722025 2.3948263510722025
100 3 52 32.9215577265747 529.6457757489877 17436.763980956737
101 3 29 32.9215577265747 209.61005902119368 6900.689658136957
102 2 64 9.541850352986048 402.6820690045564 3842.3320422722786
103 3 41 32.9215577265747 363.1907597716439 11956.805563580698
104 2 33 9.541850352986048 154.90879557685506 1478.1165457556579
105 2 19 9.541850352986048 69.8685662777562 666.6754038000371
106 3 126 32.9215577265747 176.25042831919396 5802.438650243859
107 0 100 0.0 0.0 0.0
108 5 88 139.6884681067044 3414.7546568712237 477001.8469785762
109 6 83 225.58275470837765 4688.828251009056 1057718.7932170872
110 2 37 9.541850352986048 182.69988024795316 1743.2949168344405
111 5 75 139.6884681067044 2553.9502583266267 356757.3992063684
112 2 18 9.541850352986048 64.62733255388774 616.6643359418604
113 4 90 75.61186198841948 2196.381035229248 166072.4597097358
114 2 14 9.541850352986048 44.97826169706515 429.17584225083993
115 6 73 225.58275470837765 3667.8232800781016 827397.6793035355
116 1 54 1.0 152.29279760785363 152.29279760785363
117 8 98 459.67273235884244 13864.912977319558 6373322.432202054
118 1 105 1.0 7.59708563275366 7.59708563275366
119 0 10 0.0 10.0 0.0
120 5 67 139.6884681067044 2080.6456750556 290642.2070213566
121 4 133 75.61186198841948 395.0229353848392 29868.419672578806
122 4 83 75.61186198841948 1912.3940233356846 144599.67295993603
123 7 222 332.66880679862265 14884.0 4951442.5203907
124 0 100 0.0 0.0 0.0
125 4 106 75.61186198841948 2905.522977389894 219692.00237058633
126 1 19 1.0 40.84402933782601 40.84402933782601
127 3 46 32.9215577265747 435.9769523615719 14353.040404627594
128 9 125 604.9491004987461 32934.84879335048 19923907.152599588
129 4 60 75.61186198841948 1097.9836363389938 83020.58717640696
130 10 154 766.6651705632711 73282.88036813155 56183431.976801366
131 1 107 1.0 11.607984241186918 11.607984241186918
132 7 54 332.66880679862265 2916.0 970062.2406247837
133 6 111 225.58275470837765 8176.399536993932 1844454.7311513948
134 0 100 0.0 0.0 0.0
135 0 100 0.0 0.0 0.0
136 4 150 75.61186198841948 803.8922494719358 60783.78982063209
137 4 168 75.61186198841948 1360.0227175454593 102833.85002016247
138 8 92 459.67273235884244 12157.47237943942 5588458.547234075
139 5 70 139.6884681067044 2253.023098877021 314721.345291151
140 3 59 32.9215577265747 647.2206215128941 21307.511052966296
141 1 127 1.0 63.59241768810072 63.59241768810072
142 3 31 32.9215577265747 233.0178128969552 7671.309378607293
143 8 108 459.67273235884244 16970.39141279495 7800826.189918491
144 1 31 1.0 75.68293941204132 75.68293941204132
145 10 187 766.6651705632711 112857.51981217459 86523929.67614858
146 0 10 0.0 10.0 0.0
147 4 143 75.61186198841948 621.143248020611 46965.797544373054
148 4 142 75.61186198841948 596.6466987883373 45113.56784462985
149 4 90 75.61186198841948 2196.381035229248 166072.4597097358
150 4 49 75.61186198841948 776.5950928818146 58719.80098386357
151 10 153 766.6651705632711 72228.7744823091 55375285.708055556
152 3 136 32.9215577265747 295.444715883087 9726.500268956508
153 9 158 604.9491004987461 54558.58518037661 33005167.029353052
154 5 73 139.6884681067044 2431.5451615879456 339658.8187544891
155 4 194 75.61186198841948 2365.92606792603 178892.07532282695
156 4 46 75.61186198841948 697.0692055589992 52706.70056710426
157 2 52 9.541850352986048 298.47302352672085 2847.984924895254
158 0 100 0.0 0.0 0.0
159 1 121 1.0 46.33316012586883 46.33316012586883
160 7 67 332.66880679862265 4489.0 1493350.2737190172
161 5 179 139.6884681067044 2806.8374672292675 392082.8260217585
162 9 170 604.9491004987461 63878.767860182066 38643403.15798535
163 2 28 9.541850352986048 122.22584512913716 1166.2607234894754
164 7 161 332.66880679862265 25921.0 8623108.141027099
165 9 141 604.9491004987461 42692.5615074584 25826826.68192435
166 7 90 332.66880679862265 8100.0 2694617.3350688433
167 6 185 225.58275470837765 21724.185171930618 4900601.534879
168 5 51 139.6884681067044 1267.2460047423704 177019.65311680315
169 5 182 139.6884681067044 3003.520233876968 419557.14039776416
170 5 76 139.6884681067044 2616.164871066153 365448.0631538047
171 4 38 75.61186198841948 502.796158813779 38017.3537685349
172 6 53 225.58275470837765 1988.0215081420156 448463.36822617933
173 7 62 332.66880679862265 3844.0 1278778.8933339054
174 4 137 75.61186198841948 480.38255499420245 36322.61944986597
175 4 153 75.61186198841948 888.1171619831025 67152.19228141312
176 5 159 139.6884681067044 1651.3976308733363 230681.20529173722
177 4 195 75.61186198841948 2409.1275506493207 182158.6198721955
178 3 52 32.9215577265747 529.6457757489877 17436.763980956737
179 4 186 75.61186198841948 2032.1034843472744 153651.12820465246
180 5 87 139.6884681067044 3344.5706484424895 467197.95035557833
181 5 207 139.6884681067044 4871.189817186799 680449.0434198013
182 4 149 75.61186198841948 776.5950928818146 58719.80098386357
183 11 190 942.9223974109915 164832.7121547771 155424456.11673832
184 8 180 459.67273235884244 49108.407894831784 22573796.038809877
185 7 94 332.66880679862265 8836.0 2939461.5768726296
186 5 81 139.6884681067044 2937.2940727723303 410306.1094044695
187 1 122 1.0 49.12998068819353 49.12998068819353
188 4 151 75.61186198841948 831.5797944458234 62877.296649995835
189 9 142 604.9491004987461 43347.5615654562 26223068.37783675
190 6 177 225.58275470837765 19962.648473964975 4503229.234032011
191 6 131 225.58275470837765 11225.205072627472 2532212.6824497594
192 5 193 139.6884681067044 3775.468945982596 527389.4734487426
193 3 60 32.9215577265747 664.7206420100937 21883.638987981092
194 6 102 225.58275470837765 6955.268535289175 1568988.635927035
195 5 100 139.6884681067044 4307.65770069211 601730.1053377293
196 9 182 604.9491004987461 73990.54056378055 44760510.95947503
197 5 83 139.6884681067044 3070.409639894098 428900.8190568644
198 5 165 139.6884681067044 1969.1653870843556 275069.6963705592
199 6 162 225.58275470837765 16851.950319124262 3801509.375196775
