0 44 826 7528.2761260995885 23734866846.07464 178682631433456.34
1 0 5 0.0 5.0 0.0
2 35 990 6117.310290426031 5478620655.67027 33514422514272.35
3 1 15 1.0 30.323695983612147 30.323695983612147
4 8 227 459.67273235884244 23773.224239432624 10927902.943119459
5 0 10 0.0 10.0 0.0
6 0 5 0.0 5.0 0.0
7 0 100 0.0 0.0 0.0
8 1 61 1.0 177.57206294280297 177.57206294280297
9 2 40 9.541850352986048 204.4421003683832 1950.7559275652661
10 5 231 139.6884681067044 7036.185360595053 982873.9543363424
11 2 33 9.541850352986048 154.90879557685506 1478.1165457556579
12 1 104 1.0 5.735193251789799 5.735193251789799
13 1 34 1.0 85.02419427196995 85.02419427196995
14 1 14 1.0 27.799106543625292 27.799106543625292
15 38 878 6636.579650383532 9594277702.494001 63673188160500.16
16 2 72 9.541850352986048 477.2401734727425 4553.754317710011
17 26 618 4285.277943143774 236029032.0 1011450004771.176
18 0 10 0.0 10.0 0.0
19 1 18 1.0 38.15436697768484 38.15436697768484
20 1 116 1.0 32.892441635375256 32.892441635375256
21 3 158 32.9215577265747 629.8939717412368 20737.090752300537
22 16 456 1979.1134619514044 6869851.512347683 13596215609.694515
23 1 40 1.0 104.3443904241405 104.3443904241405
24 0 100 0.0 0.0 0.0
25 1 108 1.0 13.734791927877684 13.734791927877684
26 21 482 3136.7198300107975 32961223.733751655 103390124107.08136
27 1 104 1.0 5.735193251789799 5.735193251789799
28 1 114 1.0 27.799106543625292 27.799106543625292
29 40 765 6955.50474228233 8779930459.23259 61068847946101.35
30 7 199 332.66880679862265 9801.0 3260486.9754333007
31 19 360 2668.9360872348193 8687054.40543142 23185192994.42813
32 0 18 0.0 18.0 0.0
33 0 100 0.0 0.0 0.0
34 0 100 0.0 0.0 0.0
35 0 100 0.0 0.0 0.0
36 0 100 0.0 0.0 0.0
37 0 5 0.0 5.0 0.0
38 0 100 0.0 0.0 0.0
39 1 9 1.0 15.931997307697284 15.931997307697284
40 0 100 0.0 0.0 0.0
41 39 923 6798.773358825962 13830795870.662956 94032446496823.42
42 0 100 0.0 0.0 0.0
43 1 20 1.0 43.57075425423803 43.57075425423803
44 33 709 5744.298091538941 1717857695.5794592 9867886682252.57
45 1 26 1.0 60.63937356224698 60.63937356224698
46 1 107 1.0 11.607984241186918 11.607984241186918
47 2 76 9.541850352986048 515.944034405027 4923.060766808652
48 2 128 9.541850352986048 122.22584512913716 1166.2607234894754
49 1 108 1.0 13.734791927877684 13.734791927877684
50 4 221 75.61186198841948 3643.450598699926 275488.08383052313
51 0 5 0.0 5.0 0.0
52 1 10 1.0 18.1937008646705 18.1937008646705
53 21 554 3136.7198300107975 48688036.972430736 152720731055.72235
54 4 180 75.61186198841948 1795.7178600152838 135777.5710016156
55 0 100 0.0 0.0 0.0
56 2 124 9.541850352986048 97.86086952638261 933.7737724338355
57 26 641 4285.277943143774 263374721.0 1128633882682.9453
58 0 100 0.0 0.0 0.0
59 23 577 3602.4235623004615 92174175.20544654 332050420595.7116
60 1 5 1.0 7.59708563275366 7.59708563275366
61 0 7 0.0 7.0 0.0
62 0 6 0.0 6.0 0.0
63 0 10 0.0 10.0 0.0
64 18 521 2436.3877014920204 17767006.45633383 43287316022.54107
65 24 746 3832.71054120725 251153531.25566217 962598786705.001
66 5 63 139.6884681067044 1860.4532693243248 259883.86717602485
67 20 568 2902.6872563902634 39722649.98885447 115302429912.6987
68 1 109 1.0 15.931997307697284 15.931997307697284
69 0 100 0.0 0.0 0.0
70 2 42 9.541850352986048 219.34644070399202 2092.9709126576195
71 2 16 9.541850352986048 54.53075711894446 520.3243240639966
72 0 100 0.0 0.0 0.0
73 2 42 9.541850352986048 219.34644070399202 2092.9709126576195
74 2 124 9.541850352986048 97.86086952638261 933.7737724338355
75 0 18 0.0 18.0 0.0
76 0 100 0.0 0.0 0.0
77 2 124 9.541850352986048 97.86086952638261 933.7737724338355
78 23 618 3602.4235623004615 112357963.21339585 404760974092.0257
79 8 222 459.67273235884244 75964.53177772547 34918823.88462718
80 1 22 1.0 49.12998068819353 49.12998068819353
81 0 6 0.0 6.0 0.0
82 0 100 0.0 0.0 0.0
83 1 110 1.0 18.1937008646705 18.1937008646705
84 0 18 0.0 18.0 0.0
85 0 18 0.0 18.0 0.0
86 0 10 0.0 10.0 0.0
87 22 609 3370.209833397988 83000588.18891875 279729398492.1109
88 2 36 9.541850352986048 175.6210676402407 1675.7499462548174
89 26 671 4285.277943143774 302111711.0 1294632651513.7263
90 0 100 0.0 0.0 0.0
91 0 100 0.0 0.0 0.0
92 1 22 1.0 49.12998068819353 49.12998068819353
93 0 18 0.0 18.0 0.0
94 0 100 0.0 0.0 0.0
95 12 354 1131.8354418063404 985280.2765341777 1115175137.0941343
96 2 59 9.541850352986048 358.10513855020525 3416.9856426813935
97 52 1328 8425.648590871551 539044273687.0105 4541797625008339.0
98 0 100 0.0 0.0 0.0
99 0 100 0.0 0.0 0.0
100 26 713 4285.277943143774 362467097.0 1553272255889.4548
101 28 572 4724.12231882448 296206247.52702326 1399314544917.6592
102 32 861 5549.980220652734 2594916376.807591 14401734565529.986
103 0 100 0.0 0.0 0.0
104 39 1073 6798.773358825962 23147562059.642982 157375028252871.3
105 1 27 1.0 63.59241768810072 63.59241768810072
106 34 788 5933.442745663244 2983522563.325732 17702560309887.67
107 27 659 4506.6139001521815 362907850.4033351 1635485563102.0183
108 8 158 459.67273235884244 37444.75893656286 17212334.652888034
109 29 678 4937.473672561782 627030890.2871805 3095948512675.929
110 31 792 5350.621552679651 1595433861.3583465 8536562804458.888
111 31 755 5350.621552679651 1370604132.9031682 7333584013703.497
112 18 346 2436.3877014920204 5960392.34466085 14521826604.598883
113 25 611 4060.496712466729 179323056.1313294 728140679890.7498
114 38 883 6636.579650383532 9780828606.297552 64911248092443.45
115 37 922 6468.923834840442 9275822817.648478 60004591312843.07
116 28 705 4724.12231882448 563040126.2440192 2659870426783.124
117 21 432 3136.7198300107975 24250969.972542107 76068498409.86923
118 29 777 4937.473672561782 957657348.4466293 4728407945290.557
119 41 1000 7106.788070274764 26796614881.58942 190437862964226.9
120 42 1100 7252.650449022947 45207369162.91877 327873246258588.94
121 29 644 4937.473672561782 534393875.9613095 2638555693337.2124
122 39 910 6798.773358825962 13175867299.032133 89579735572085.84
123 35 626 6117.310290426031 1714292773.4477475 10486860823814.887
124 15 463 1756.7778603087352 5210065.7202685485 9152928108.12127
125 25 475 4060.496712466729 85053912.2626944 345361131125.10425
126 30 653 5146.386239304723 696167597.9002918 3582747346083.8853
127 26 475 4285.277943143774 107171875.0 459261272062.86163
128 50 810 8230.818941038662 61081884502.503716 502753931917543.5
129 30 678 5146.386239304723 783375856.9474361 4031554730397.83
130 18 553 2436.3877014920204 12233108.32388341 29804594671.329205
131 30 545 5146.386239304723 394514554.1496185 2030324272681.0347
132 12 309 1131.8354418063404 715691.3094394954 810044789.4164096
133 27 644 4506.6139001521815 338401163.8971298 1525043389046.4817
134 27 702 4506.6139001521815 439699412.0868704 1981555482399.4321
135 35 787 6117.310290426031 3650042160.508359 22328440468966.65
136 38 885 6636.579650383532 9856159920.701252 65411190360651.695
137 32 645 5549.980220652734 1027446546.8579961 5702308012839.831
138 35 754 6117.310290426031 3168625056.2432027 19383462663058.305
139 19 427 2668.9360872348193 13806378.112482838 36848340778.4144
140 43 995 7393.130324549447 38314196540.69537 283261848305762.5
141 25 616 4060.496712466729 183705387.20866275 745935120823.2026
142 20 509 2902.6872563902634 29351420.76989971 85197995025.73639
143 25 676 4060.496712466729 241939044.16097343 982392693432.9755
144 45 1076 7658.1450374688 72967338257.58217 558794459374610.2
145 1 117 1.0 35.503281577765854 35.503281577765854
146 37 586 6468.923834840442 2021174049.6584833 13074820984196.742
147 37 908 6468.923834840442 8810729618.561846 56995938831849.37
148 26 576 4285.277943143774 191102976.0 818929367921.934
149 40 953 6955.50474228233 18730936893.61735 130283120390946.55
150 19 498 2668.9360872348193 20960751.24678135 55942905418.086975
151 26 644 4285.277943143774 267089984.0 1144554817269.8235
152 22 441 3370.209833397988 33146035.01717805 111709093153.04752
153 39 773 6798.773358825962 7541103971.33453 51270256776445.86
154 16 383 1979.1134619514044 4386634.52601953 8681647443.106071
155 15 466 1756.7778603087352 2881161.222563854 5061560247.780227
156 39 914 6798.773358825962 13374992532.455885 90933542904157.25
157 39 1112 6798.773358825962 26153621514.296196 177812545188214.47
158 32 861 5549.980220652734 2594916376.807591 14401734565529.986
159 37 834 6468.923834840442 6620463894.379012 42827276684048.97
160 36 810 6295.82243666837 4917193910.238987 30957779745531.688
161 39 850 6798.773358825962 10434503796.865004 70941826426694.12
162 34 794 5933.442745663244 3058476522.297934 18147295334010.023
163 28 705 4724.12231882448 563040126.2440192 2659870426783.124
164 34 840 5933.442745663244 3677150914.8388734 21818164420359.676
165 33 673 5744.298091538941 1451011906.928928 8335044927772.12
166 41 879 7106.788070274764 17115270682.351723 121634601504860.64
167 35 903 6117.310290426031 5747327192.18579 35158183775203.484
168 24 691 3832.71054120725 200763231.63194466 769467354162.5872
169 36 847 6295.82243666837 5706332568.144518 35926056613615.695
170 30 717 5146.386239304723 933840334.6481968 4805903047941.197
171 36 796 6295.82243666837 4639657414.1765585 29210459246627.527
172 13 330 1331.5823725933528 1174835.0354982764 1564389623.9745908
173 44 932 7528.2761260995885 36466625490.68841 274530826080964.22
174 34 792 5933.442745663244 3033348324.857575 17998198613195.93
175 46 828 7782.801884860074 33936260275.584785 264119190437923.3
176 44 1032 7528.2761260995885 52400705861.98699 394486982931563.44
177 43 874 7393.130324549447 24241527921.47427 179220775189663.56
178 37 848 6468.923834840442 7001560351.462337 45292560638648.53
179 49 1083 8126.242482129881 151240052998.28625 1229013343674248.5
180 19 389 2668.9360872348193 10720247.792152671 28611656196.57566
181 39 920 6798.773358825962 13677659616.161549 92991307809448.86
182 25 470 4060.496712466729 82428879.92675975 334702195954.9227
183 34 786 5933.442745663244 2958824077.3926544 17556013257699.186
184 30 665 5146.386239304723 737152430.328956 3793671123714.9727
185 35 686 6117.310290426031 2319187621.564352 14187190302824.283
186 38 1103 6636.579650383532 20797775887.180202 138026096226097.44
187 45 946 7658.1450374688 46000272104.17531 352276755536804.6
188 39 924 6798.773358825962 13882109733.650547 94381317821441.9
189 35 680 6117.310290426031 2252881566.7350903 13781575591299.688
190 29 564 4937.473672561782 353886393.4861565 1747304750915.7373
191 46 1032 7782.801884860074 75135622477.70872 584765664239646.4
192 34 700 5933.442745663244 2025369883.411013 12017416242009.885
193 31 776 5350.621552679651 1495336976.8894842 8000982257063.708
194 12 262 1131.8354418063404 485551.9600965678 549564917.2758334
195 31 568 5350.621552679651 555278542.1589221 2971085335416.065
196 40 755 6955.50474228233 8390470127.399984 58359954761108.82
197 36 847 6295.82243666837 5706332568.144518 35926056613615.695
198 25 674 4060.496712466729 239824651.66449493 973807209652.1602
199 31 692 5350.621552679651 1039381072.9366494 5561334770302.137
