0 0 100 0.0 0.0 0.0
1 0 6 0.0 6.0 0.0
2 1 109 1.0 15.931997307697284 15.931997307697284
3 0 10 0.0 10.0 0.0
4 0 100 0.0 0.0 0.0
5 0 100 0.0 0.0 0.0
6 24 322 3832.71054120725 21528563.56752179 82512752522.29112
7 1 108 1.0 13.734791927877684 13.734791927877684
8 0 100 0.0 0.0 0.0
9 2 20 9.541850352986048 75.23327232919837 717.8646261306569
10 2 32 9.541850352986048 148.1842032776824 1413.95149235211
11 0 100 0.0 0.0 0.0
12 1 102 1.0 2.3948263510722025 2.3948263510722025
13 0 100 0.0 0.0 0.0
14 0 100 0.0 0.0 0.0
15 1 103 1.0 3.9914906122521803 3.9914906122521803
16 26 503 4285.277943143774 127263527.0 545359585219.7821
17 0 100 0.0 0.0 0.0
18 0 9 0.0 9.0 0.0
19 3 21 32.9215577265747 125.57185196799401 4134.020973397207
20 7 101 332.66880679862265 10201.0 3393554.4981527496
21 10 192 766.6651705632711 23303.70801393125 17866141.279257268
22 0 8 0.0 8.0 0.0
23 24 383 3832.71054120725 35753539.02371111 137032965901.64233
24 0 100 0.0 0.0 0.0
25 9 253 604.9491004987461 50906.707095139885 30795966.666558012
26 32 594 5549.980220652734 788887811.8500733 4378311752081.9224
27 1 107 1.0 11.607984241186918 11.607984241186918
28 0 100 0.0 0.0 0.0
29 0 10 0.0 10.0 0.0
30 0 6 0.0 6.0 0.0
31 0 100 0.0 0.0 0.0
32 1 12 1.0 22.891970023971037 22.891970023971037
33 0 100 0.0 0.0 0.0
34 0 100 0.0 0.0 0.0
35 4 80 75.61186198841948 1795.7178600152838 135777.5710016156
36 0 100 0.0 0.0 0.0
37 1 12 1.0 22.891970023971037 22.891970023971037
38 0 6 0.0 6.0 0.0
39 1 18 1.0 38.15436697768484 38.15436697768484
40 1 24 1.0 54.8222930413608 54.8222930413608
41 2 36 9.541850352986048 175.6210676402407 1675.7499462548174
42 5 67 139.6884681067044 2080.6456750556 290642.2070213566
43 4 30 75.61186198841948 335.61535000671915 25376.501525903146
44 1 26 1.0 60.63937356224698 60.63937356224698
45 30 502 5146.386239304723 304746274.34210205 1568342032753.576
46 0 100 0.0 0.0 0.0
47 1 18 1.0 38.15436697768484 38.15436697768484
48 0 100 0.0 0.0 0.0
49 0 5 0.0 5.0 0.0
50 0 100 0.0 0.0 0.0
51 4 129 75.61186198841948 4064.972743606197 307360.15807623864
52 0 100 0.0 0.0 0.0
53 1 15 1.0 30.323695983612147 30.323695983612147
54 0 8 0.0 8.0 0.0
55 0 100 0.0 0.0 0.0
56 12 256 1131.8354418063404 459809.7402582212 520428960.51202244
57 0 100 0.0 0.0 0.0
58 0 9 0.0 9.0 0.0
59 0 100 0.0 0.0 0.0
60 19 304 2668.9360872348193 5489790.8007965 14651900779.615517
61 1 12 1.0 22.891970023971037 22.891970023971037
62 0 100 0.0 0.0 0.0
63 2 14 9.541850352986048 44.97826169706515 429.17584225083993
64 1 16 1.0 32.892441635375256 32.892441635375256
65 1 18 1.0 38.15436697768484 38.15436697768484
66 14 179 1540.4353185285338 359760.39110623644 554187612.6676853
67 0 100 0.0 0.0 0.0
68 0 5 0.0 5.0 0.0
69 1 13 1.0 25.320989780782124 25.320989780782124
70 9 169 604.9491004987461 63071.970849882 38155332.03231925
71 1 6 1.0 9.55892689827884 9.55892689827884
72 6 221 225.58275470837765 9643.286769790522 2175359.1939721988
73 15 274 1756.7778603087352 1389141.5355503673 2440413094.490165
74 13 188 1331.5823725933528 302721.97485228034 403099245.50994474
75 0 100 0.0 0.0 0.0
76 0 100 0.0 0.0 0.0
77 0 100 0.0 0.0 0.0
78 0 100 0.0 0.0 0.0
79 0 100 0.0 0.0 0.0
80 0 100 0.0 0.0 0.0
81 0 100 0.0 0.0 0.0
82 4 152 75.61186198841948 859.6554919481086 65000.15241476724
83 0 100 0.0 0.0 0.0
84 0 7 0.0 7.0 0.0
85 22 356 3370.209833397988 18029529.769412845 60763298520.41693
86 2 125 9.541850352986048 103.79546451213633 990.4007896934788
87 0 100 0.0 0.0 0.0
88 0 6 0.0 6.0 0.0
89 0 100 0.0 0.0 0.0
90 0 100 0.0 0.0 0.0
91 1 106 1.0 9.55892689827884 9.55892689827884
92 1 8 1.0 13.734791927877684 13.734791927877684
93 5 66 139.6884681067044 2024.56047903646 282807.7519059787
94 0 100 0.0 0.0 0.0
95 0 100 0.0 0.0 0.0
96 0 100 0.0 0.0 0.0
97 0 100 0.0 0.0 0.0
98 1 102 1.0 2.3948263510722025 2.3948263510722025
99 0 100 0.0 0.0 0.0
100 32 683 5549.980220652734 1234530183.727445 6851618101486.1045
101 9 122 604.9491004987461 31255.467204814257 18907966.771220442
102 7 153 332.66880679862265 23409.0 7787444.0983489575
103 0 100 0.0 0.0 0.0
104 23 382 3602.4235623004615 28051723.61848025 101054190126.35362
105 0 100 0.0 0.0 0.0
106 26 440 4285.277943143774 85184000.0 365037116308.7592
107 9 166 604.9491004987461 60684.51432254732 36711042.35362828
108 0 100 0.0 0.0 0.0
109 9 221 604.9491004987461 30706.127839836652 18575644.41650869
110 22 349 3370.209833397988 17039516.49416873 57426746044.99466
111 20 309 2902.6872563902634 7406391.1939278385 21498437334.455406
112 10 158 766.6651705632711 77583.53920841981 59480597.3201254
113 37 745 6468.923834840442 4530214371.300023 29305611723439.43
114 20 379 2902.6872563902634 13009783.175213898 37763331831.09384
115 28 504 4724.12231882448 200781089.8933091 948514427962.8857
116 0 100 0.0 0.0 0.0
117 7 116 332.66880679862265 13456.0 4476391.464282267
118 23 401 3602.4235623004615 32267677.350820687 116241841189.30537
119 35 601 6117.310290426031 1498446840.5464573 9166464277331.217
120 35 640 6117.310290426031 1844174962.0170488 11281390472492.928
121 12 164 1131.8354418063404 161376.0822387045 182651169.33762044
122 0 100 0.0 0.0 0.0
123 6 124 225.58275470837765 10105.821436004986 2279699.0381249776
124 9 134 604.9491004987461 38256.77589826959 23143402.1676403
125 1 102 1.0 2.3948263510722025 2.3948263510722025
126 15 298 1756.7778603087352 1716462.4465738474 3015443224.1923003
127 13 217 1331.5823725933528 427760.1792612994 569597914.401719
128 13 278 1331.5823725933528 777133.5494315446 1034817335.5739498
129 0 100 0.0 0.0 0.0
130 19 333 2668.9360872348193 7030190.028455888 18763127867.0643
131 11 267 942.9223974109915 122673.4003024803 115671496.71177296
132 8 138 459.67273235884244 28257.118371009565 12989026.81018921
133 25 522 4060.496712466729 112483334.01014209 456738207955.479
134 10 162 766.6651705632711 82019.5537684662 62881535.179424524
135 17 269 2206.0678959513543 2332127.9713618937 5144832646.871634
136 22 422 3370.209833397988 29244176.143544376 98559010008.5961
137 22 419 3370.209833397988 28656811.964646764 96579469477.08965
138 21 328 3136.7198300107975 11209273.376395466 35160350079.75175
139 16 320 1979.1134619514044 2763414.430200763 5469110699.7611
140 3 25 32.9215577265747 165.61186212092687 5452.200479019623
141 0 100 0.0 0.0 0.0
142 22 384 3370.209833397988 22361155.10165713 75361784809.74245
143 39 853 6798.773358825962 10560991387.721468 71801786889631.14
144 9 278 604.9491004987461 70531.46751771569 42667947.831698634
145 10 205 766.6651705632711 138450.51045314563 106145184.21113284
146 23 399 3602.4235623004615 31805635.855066743 114577372018.24081
147 18 322 2436.3877014920204 4920018.579392031 11987072757.942986
148 8 261 459.67273235884244 38938.82165695482 17899114.54588609
149 22 395 3370.209833397988 24231301.43586209 81664570375.1732
150 13 225 1331.5823725933528 466760.9337306444 621530631.5709403
151 10 133 766.6651705632711 52893.67773024879 40551740.45877988
152 14 221 1540.4353185285338 605018.3297633114 931991603.5245482
153 15 229 1756.7778603087352 883919.6670475578 1552850501.360618
154 37 577 6468.923834840442 1918691615.258802 12411869921656.172
155 28 480 4724.12231882448 172831367.9249147 816476522607.0549
156 9 195 604.9491004987461 18233.76455050816 11030499.463535836
157 13 294 1331.5823725933528 889340.8141919043 1184230551.40576
158 20 362 2902.6872563902634 11462594.670269134 33272327474.557167
159 14 245 1540.4353185285338 780171.793783506 1201804185.6638727
160 15 354 1756.7778603087352 2649023.0189200286 4653744991.086914
161 21 365 3136.7198300107975 15123258.754246728 47437425628.8301
162 24 399 3832.71054120725 40298685.81995092 154453197938.92505
163 11 178 942.9223974109915 141963.15962971188 133860242.82208721
164 21 379 3136.7198300107975 16805385.757991973 52713786758.07446
165 0 100 0.0 0.0 0.0
166 15 293 1756.7778603087352 1644814.3427691713 2889573421.695143
167 13 197 1331.5823725933528 338836.37386693084 451188542.6346561
168 24 373 3832.71054120725 33091941.028944258 126831831210.64336
169 31 601 5350.621552679651 664318765.2544569 3554518303220.031
170 20 330 2902.6872563902634 8879509.930736454 25774440318.939495
171 14 212 1540.4353185285338 546056.5101359754 841164734.1258909
172 26 402 4285.277943143774 64964808.0 278392258802.9702
173 26 516 4285.277943143774 137388096.0 588746177439.3193
174 26 608 4285.277943143774 224755712.0 963140695229.1744
175 32 597 5549.980220652734 801738919.2157431 4449635143774.874
176 17 273 2206.0678959513543 2424109.826939973 5347750865.472468
177 32 532 5549.980220652734 553930324.7529043 3074302345998.3643
178 20 353 2902.6872563902634 10693434.919909036 31039697269.058594
179 31 563 5350.621552679651 539908094.8067076 2888843888538.9785
180 11 177 942.9223974109915 140143.84535523065 132144770.64474933
181 16 250 1979.1134619514044 1464802.2547620444 2899009861.4963326
182 9 159 604.9491004987461 55305.24634977481 33456859.032157835
183 21 384 3136.7198300107975 17434027.797989793 54685660710.91406
184 26 446 4285.277943143774 88716536.0 380175014912.9206
185 22 400 3370.209833397988 25113803.331545744 84638786941.99861
186 14 232 1540.4353185285338 682016.7329967464 1050602663.335633
187 21 330 3136.7198300107975 11401844.515856873 35764391791.58811
188 14 267 1540.4353185285338 964475.8803802376 1485712710.0066195
189 31 488 5350.621552679651 342926389.6047792 1834869331201.9507
190 19 323 2668.9360872348193 6471776.791012687 17272758626.062515
191 17 210 2206.0678959513543 1218810.6266949049 2688778994.7959805
192 21 399 3136.7198300107975 19410125.869557343 60884126718.0461
193 17 294 2206.0678959513543 2943743.8970408603 6494098905.164571
194 14 221 1540.4353185285338 605018.3297633114 931991603.5245482
195 23 237 3602.4235623004615 7078798.712757513 25500831275.619843
196 18 296 2436.3877014920204 3930057.2443779106 9575143136.361961
197 4 69 75.61186198841948 1394.4010936602072 105433.26305033677
198 32 479 5549.980220652734 395610832.8387591 2195632297331.068
199 17 250 2206.0678959513543 1924777.9799244525 4246190908.345435
