0 1 109 1.0 15.931997307697284 15.931997307697284
1 10 103 766.6651705632711 29957.799739783 22967601.647201054
2 0 100 0.0 0.0 0.0
3 0 100 0.0 0.0 0.0
4 0 100 0.0 0.0 0.0
5 0 100 0.0 0.0 0.0
6 1 119 1.0 40.84402933782601 40.84402933782601
7 1 100 1.0 0.0 0.0
8 0 100 0.0 0.0 0.0
9 4 107 75.61186198841948 2952.551261146638 223247.89847155346
10 0 6 0.0 6.0 0.0
11 30 538 5146.386239304723 378814510.8140809 1949525785702.5361
12 0 100 0.0 0.0 0.0
13 11 171 942.9223974109915 129504.5127612809 122112705.64840932
14 2 143 9.541850352986048 226.91812071099523 2165.21875020514
15 19 354 2668.9360872348193 8299641.989459035 22151214016.796608
16 27 385 4506.6139001521815 70954760.49462624 319765709927.0515
17 9 151 604.9491004987461 49483.85481657476 29935213.46049745
18 0 100 0.0 0.0 0.0
19 2 23 9.541850352986048 92.0346545141889 878.1809006631623
20 0 100 0.0 0.0 0.0
21 26 515 4285.277943143774 136590875.0 585329863872.2084
22 15 205 1756.7778603087352 668736.0004280698 1174820599.943446
23 0 18 0.0 18.0 0.0
24 14 234 1540.4353185285338 696608.4756750804 1073080299.1162189
25 5 251 139.6884681067044 9108.856960064602 1272402.2749545164
26 18 336 2436.3877014920204 5511729.468689084 13428709891.465233
27 21 347 3136.7198300107975 13125114.51279478 41169806963.44589
28 0 100 0.0 0.0 0.0
29 0 9 0.0 9.0 0.0
30 0 100 0.0 0.0 0.0
31 25 330 4060.496712466729 28912633.103265785 117399651664.56744
32 2 72 9.541850352986048 477.2401734727425 4553.754317710011
33 2 115 9.541850352986048 937.6496045216132 8946.912209881782
34 0 6 0.0 6.0 0.0
35 22 452 3370.209833397988 35551712.21164722 119816730089.8288
36 4 124 75.61186198841948 3799.2749823544086 287270.2556218364
37 28 374 4724.12231882448 80292820.46884805 379313105218.25214
38 0 100 0.0 0.0 0.0
39 1 25 1.0 57.71571011139208 57.71571011139208
40 0 100 0.0 0.0 0.0
41 3 48 32.9215577265747 466.4489382157433 15356.225645969067
42 0 100 0.0 0.0 0.0
43 1 11 1.0 20.51504931294799 20.51504931294799
44 0 100 0.0 0.0 0.0
45 0 100 0.0 0.0 0.0
46 0 9 0.0 9.0 0.0
47 1 18 1.0 38.15436697768484 38.15436697768484
48 3 144 32.9215577265747 406.27351121486885 13375.156852238497
49 1 102 1.0 2.3948263510722025 2.3948263510722025
50 24 407 3832.71054120725 42707125.586618185 163684050420.49338
51 1 37 1.0 94.5824071263594 94.5824071263594
52 9 247 604.9491004987461 46702.87865638875 28252864.433884464
53 0 100 0.0 0.0 0.0
54 0 100 0.0 0.0 0.0
55 14 301 1540.4353185285338 1296195.8255729612 1996705829.4418404
56 2 12 9.541850352986048 36.01211998010309 343.62225974392254
57 0 100 0.0 0.0 0.0
58 5 67 139.6884681067044 2080.6456750556 290642.2070213566
59 0 100 0.0 0.0 0.0
60 0 100 0.0 0.0 0.0
61 1 103 1.0 3.9914906122521803 3.9914906122521803
62 0 100 0.0 0.0 0.0
63 8 164 459.67273235884244 5714.8619697394415 2626966.2166837654
64 2 45 9.541850352986048 242.29532664846576 2311.945748107533
65 0 100 0.0 0.0 0.0
66 0 100 0.0 0.0 0.0
67 30 556 5146.386239304723 420073068.9530365 2161858261562.4111
68 0 100 0.0 0.0 0.0
69 2 23 9.541850352986048 92.0346545141889 878.1809006631623
70 2 111 9.541850352986048 31.76494829034237 303.0963830567869
71 1 116 1.0 32.892441635375256 32.892441635375256
72 27 468 4506.6139001521815 128362778.65243942 578481482537.2412
73 0 100 0.0 0.0 0.0
74 0 100 0.0 0.0 0.0
75 7 154 332.66880679862265 2916.0 970062.2406247837
76 0 100 0.0 0.0 0.0
77 0 100 0.0 0.0 0.0
78 0 100 0.0 0.0 0.0
79 1 17 1.0 35.503281577765854 35.503281577765854
80 29 407 4937.473672561782 128415242.34303255 634046878224.3643
81 10 173 766.6651705632711 94922.67645061052 72773909.93132952
82 0 100 0.0 0.0 0.0
83 1 102 1.0 2.3948263510722025 2.3948263510722025
84 0 6 0.0 6.0 0.0
85 1 33 1.0 81.88562674252243 81.88562674252243
86 0 100 0.0 0.0 0.0
87 0 100 0.0 0.0 0.0
88 20 344 2902.6872563902634 9958006.651168495 28904979005.396275
89 18 286 2436.3877014920204 3585677.0593904736 8736099489.021023
90 0 100 0.0 0.0 0.0
91 0 100 0.0 0.0 0.0
92 7 134 332.66880679862265 17956.0 5973401.094876069
93 6 97 225.58275470837765 6317.679695554275 1425159.589088318
94 2 71 9.541850352986048 467.7098949010499 4462.817825756651
95 0 100 0.0 0.0 0.0
96 0 100 0.0 0.0 0.0
97 0 100 0.0 0.0 0.0
98 1 16 1.0 32.892441635375256 32.892441635375256
99 26 533 4285.277943143774 151419437.0 648874373539.3483
100 23 313 3602.4235623004615 15790486.002826387 56884018836.75741
101 0 100 0.0 0.0 0.0
102 16 431 1979.1134619514044 3014305.958404848 5965653500.719364
103 12 174 1131.8354418063404 185473.20087432943 209925142.25483277
104 7 86 332.66880679862265 7396.0 2460418.495082613
105 1 100 1.0 0.0 0.0
106 5 168 139.6884681067044 2137.419079796989 298572.7969588832
107 3 123 32.9215577265747 145.08021796711313 4776.266770788355
108 13 203 1331.5823725933528 364245.1060790388 485022362.558244
109 5 171 139.6884681067044 2311.8500842163953 322938.7967565438
110 0 100 0.0 0.0 0.0
111 19 312 2668.9360872348193 5890839.205269608 15722273339.041739
112 5 81 139.6884681067044 2937.2940727723303 410306.1094044695
113 14 170 1540.4353185285338 316781.6824751582 487981691.94762516
114 27 480 4506.6139001521815 138620535.54189947 624709232319.6637
115 19 394 2668.9360872348193 11098407.540284887 29620940395.105362
116 7 86 332.66880679862265 7396.0 2460418.495082613
117 3 38 32.9215577265747 321.92161897300775 10598.16116245226
118 28 444 4724.12231882448 136018895.23342812 642569898754.0865
119 16 170 1979.1134619514044 543390.7614875018 1075431971.1599395
120 13 236 1331.5823725933528 523667.36265542824 697306229.2144189
121 0 100 0.0 0.0 0.0
122 29 402 4937.473672561782 123576486.98625821 610155651042.3236
123 26 455 4285.277943143774 94196375.0 403657648111.5996
124 12 175 1131.8354418063404 187989.31688919218 212772971.53615096
125 20 380 2902.6872563902634 13104707.581370598 38038867695.165306
126 18 285 2436.3877014920204 3552319.924994193 8654828577.020908
127 19 366 2668.9360872348193 9085696.343535515 24249142848.91938
128 2 14 9.541850352986048 44.97826169706515 429.17584225083993
129 4 151 75.61186198841948 831.5797944458234 62877.296649995835
130 4 143 75.61186198841948 621.143248020611 46965.797544373054
131 30 592 5146.386239304723 511584964.0758131 2632813819354.966
132 32 622 5549.980220652734 914489176.4739301 5075396841431.319
133 11 180 942.9223974109915 145641.49049735971 137328623.38228056
134 24 294 3832.71054120725 16500282.439108929 63240806437.26967
135 5 168 139.6884681067044 2137.419079796989 298572.7969588832
136 30 496 5146.386239304723 293449914.5600636 1510206602217.0579
137 18 223 2436.3877014920204 1845952.6984103767 4497456451.94305
138 14 256 1540.4353185285338 869421.7094878121 1339287907.9904802
139 15 277 1756.7778603087352 1427786.7586369168 2508304166.815307
140 22 430 3370.209833397988 30848495.160850037 103965901736.62704
141 18 359 2436.3877014920204 6576854.578358929 16023767609.215181
142 20 432 2902.6872563902634 18668087.40237405 54187619404.05077
143 19 301 2668.9360872348193 5343976.744487508 14262732382.706358
144 4 174 75.61186198841948 1571.597319835911 118831.39964880285
145 22 268 3370.209833397988 8040672.312805627 27098752895.748466
146 12 260 1131.8354418063404 476881.640701137 539751542.492304
147 4 144 75.61186198841948 646.0476428878335 48848.86521197858
148 20 303 2902.6872563902634 7016363.167855428 20366307953.539967
149 21 372 3136.7198300107975 15950063.584047021 50030880734.01338
150 2 116 9.541850352986048 54.53075711894446 520.3243240639966
151 7 169 332.66880679862265 4761.0 1583836.1891682425
152 13 259 1331.5823725933528 655232.9932536905 872496703.7581936
153 20 482 2902.6872563902634 25253602.495190084 73303310140.73361
154 24 498 3832.71054120725 77045351.74729937 295292531792.8947
155 31 430 5350.621552679651 229478072.52798492 1227850320735.6204
156 9 84 604.9491004987461 13987.305071332752 8461607.621304298
157 15 184 1756.7778603087352 509311.28460839536 894746788.80543
158 23 255 3602.4235623004615 8743052.421145096 31496178048.361195
159 19 371 2668.9360872348193 9426572.322722908 25158919051.04412
160 14 256 1540.4353185285338 869421.7094878121 1339287907.9904802
161 24 429 3832.71054120725 49814045.9969658 190922819192.75366
162 25 274 4060.496712466729 16665811.220575301 67671471671.73714
163 5 64 139.6884681067044 1914.4623288244568 267428.3099614821
164 18 263 2436.3877014920204 2866909.0072512855 6984901846.563729
165 14 322 1540.4353185285338 1530750.5757535973 2358022250.748729
166 11 193 942.9223974109915 170851.97661382865 161100155.39111796
167 4 76 75.61186198841948 1644.92462809159 124375.81396061354
168 21 456 3136.7198300107975 28217859.580777142 88511519707.48383
169 32 554 5549.980220652734 630814627.1133595 3501008703377.5747
170 1 113 1.0 25.320989780782124 25.320989780782124
171 5 123 139.6884681067044 6274.940542472304 876536.8318386087
172 27 476 4506.6139001521815 135142436.20102784 609034781483.9814
173 21 366 3136.7198300107975 15239644.095373597 47802493836.26532
174 20 306 2902.6872563902634 7209695.7739081485 20927492045.37392
175 25 398 4060.496712466729 50366686.34944537 204513764339.7658
176 9 149 604.9491004987461 48082.59347517662 29087521.672454976
177 18 319 2436.3877014920204 4798651.235884049 11691374854.857382
178 14 209 1540.4353185285338 527196.8237004351 812112607.044211
179 12 227 1131.8354418063404 346581.45704656374 392273176.55818266
180 4 159 75.61186198841948 1066.8769814059906 80668.55507669134
181 18 290 2436.3877014920204 3721061.75277559 9065949090.954788
182 23 411 3602.4235623004615 34643717.53100249 124801344319.36494
183 3 56 32.9215577265747 595.765723501293 19613.535657762357
184 21 326 3136.7198300107975 11018806.635725688 34562909277.33533
185 25 410 4060.496712466729 54999900.41326648 223326914814.06604
186 28 515 4724.12231882448 214551214.76366255 1013566182195.9226
187 25 379 4060.496712466729 43572102.97812688 176924380897.94598
188 6 191 225.58275470837765 5591.281626292221 1261296.7116093368
189 20 298 2902.6872563902634 6701547.012008195 19452495109.856434
190 25 365 4060.496712466729 38974678.11019759 158256552335.9063
191 23 377 3602.4235623004615 27005636.05898414 97285739653.79546
192 10 157 766.6651705632711 76495.71491932069 58646600.32598036
193 3 148 32.9215577265747 466.4489382157433 15356.225645969067
194 27 422 4506.6139001521815 93755085.95514579 422517973575.4226
195 20 286 2902.6872563902634 5983118.918765421 17367123038.96788
196 20 666 2902.6872563902634 61624202.53967416 178875787397.1247
197 2 24 9.541850352986048 97.86086952638261 933.7737724338355
198 20 446 2902.6872563902634 20385153.828411985 59171726237.28666
199 7 197 332.66880679862265 38809.0 12910543.723047746
