0 3 28 32.9215577265747 198.25318874016915 6526.8037975869875
1 0 100 0.0 0.0 0.0
2 0 6 0.0 6.0 0.0
3 0 100 0.0 0.0 0.0
4 0 100 0.0 0.0 0.0
5 0 100 0.0 0.0 0.0
6 1 10 1.0 18.1937008646705 18.1937008646705
7 0 10 0.0 10.0 0.0
8 3 51 32.9215577265747 513.5688732735056 16907.48730804564
9 0 100 0.0 0.0 0.0
10 0 6 0.0 6.0 0.0
11 0 100 0.0 0.0 0.0
12 0 100 0.0 0.0 0.0
13 0 11 0.0 11.0 0.0
14 0 100 0.0 0.0 0.0
15 0 6 0.0 6.0 0.0
16 1 10 1.0 18.1937008646705 18.1937008646705
17 0 5 0.0 5.0 0.0
18 0 100 0.0 0.0 0.0
19 0 9 0.0 9.0 0.0
20 0 100 0.0 0.0 0.0
21 1 100 1.0 0.0 0.0
22 1 17 1.0 35.503281577765854 35.503281577765854
23 1 11 1.0 20.51504931294799 20.51504931294799
24 3 33 32.9215577265747 257.33012181535685 8471.708460130769
25 0 9 0.0 9.0 0.0
26 1 105 1.0 7.59708563275366 7.59708563275366
27 0 6 0.0 6.0 0.0
28 0 100 0.0 0.0 0.0
29 2 11 9.541850352986048 31.76494829034237 303.0963830567869
30 0 5 0.0 5.0 0.0
31 0 10 0.0 10.0 0.0
32 5 53 139.6884681067044 1358.9929081032851 189835.63750082318
33 1 11 1.0 20.51504931294799 20.51504931294799
34 2 6 9.541850352986048 13.252209915340185 126.45060385853394
35 1 10 1.0 18.1937008646705 18.1937008646705
36 1 102 1.0 2.3948263510722025 2.3948263510722025
37 0 5 0.0 5.0 0.0
38 0 6 0.0 6.0 0.0
39 4 67 75.61186198841948 1326.001420918201 100261.43643491513
40 4 62 75.61186198841948 1161.3060165688764 87808.51025112707
41 0 100 0.0 0.0 0.0
42 0 6 0.0 6.0 0.0
43 6 59 225.58275470837765 2440.720411610211 550584.4339239968
44 5 45 139.6884681067044 1009.4539298642129 141009.0730870245
45 1 25 1.0 57.71571011139208 57.71571011139208
46 4 49 75.61186198841948 776.5950928818146 58719.80098386357
47 0 6 0.0 6.0 0.0
48 1 14 1.0 27.799106543625292 27.799106543625292
49 0 5 0.0 5.0 0.0
50 0 100 0.0 0.0 0.0
51 0 100 0.0 0.0 0.0
52 1 19 1.0 40.84402933782601 40.84402933782601
53 0 100 0.0 0.0 0.0
54 0 100 0.0 0.0 0.0
55 1 29 1.0 69.58346013935528 69.58346013935528
56 0 6 0.0 6.0 0.0
57 1 12 1.0 22.891970023971037 22.891970023971037
58 0 6 0.0 6.0 0.0
59 0 6 0.0 6.0 0.0
60 1 19 1.0 40.84402933782601 40.84402933782601
61 1 9 1.0 15.931997307697284 15.931997307697284
62 1 19 1.0 40.84402933782601 40.84402933782601
63 1 19 1.0 40.84402933782601 40.84402933782601
64 1 104 1.0 5.735193251789799 5.735193251789799
65 0 6 0.0 6.0 0.0
66 2 31 9.541850352986048 141.5519192260369 1350.6672304328126
67 0 100 0.0 0.0 0.0
68 1 100 1.0 0.0 0.0
69 2 32 9.541850352986048 148.1842032776824 1413.95149235211
70 1 19 1.0 40.84402933782601 40.84402933782601
71 4 78 75.61186198841948 1719.6349352173313 130024.79939211752
72 1 104 1.0 5.735193251789799 5.735193251789799
73 1 8 1.0 13.734791927877684 13.734791927877684
74 0 100 0.0 0.0 0.0
75 0 100 0.0 0.0 0.0
76 2 31 9.541850352986048 141.5519192260369 1350.6672304328126
77 0 10 0.0 10.0 0.0
78 0 100 0.0 0.0 0.0
79 0 100 0.0 0.0 0.0
80 0 6 0.0 6.0 0.0
81 0 10 0.0 10.0 0.0
82 0 6 0.0 6.0 0.0
83 0 100 0.0 0.0 0.0
84 0 100 0.0 0.0 0.0
85 0 6 0.0 6.0 0.0
86 0 6 0.0 6.0 0.0
87 1 20 1.0 43.57075425423803 43.57075425423803
88 1 16 1.0 32.892441635375256 32.892441635375256
89 0 100 0.0 0.0 0.0
90 0 6 0.0 6.0 0.0
91 1 17 1.0 35.503281577765854 35.503281577765854
92 0 100 0.0 0.0 0.0
93 0 9 0.0 9.0 0.0
94 0 100 0.0 0.0 0.0
95 5 65 139.6884681067044 1969.1653870843556 275069.6963705592
96 0 10 0.0 10.0 0.0
97 0 6 0.0 6.0 0.0
98 0 100 0.0 0.0 0.0
99 0 100 0.0 0.0 0.0
100 1 105 1.0 7.59708563275366 7.59708563275366
101 2 21 9.541850352986048 80.71796600694597 770.1987524356932
102 1 23 1.0 51.960050539976365 51.960050539976365
103 6 105 225.58275470837765 7351.839824949449 1658448.2798868536
104 1 15 1.0 30.323695983612147 30.323695983612147
105 2 18 9.541850352986048 64.62733255388774 616.6643359418604
106 3 31 32.9215577265747 233.0178128969552 7671.309378607293
107 0 100 0.0 0.0 0.0
108 3 45 32.9215577265747 421.0282951259743 13860.907322511091
109 1 30 1.0 72.61998620345668 72.61998620345668
110 3 44 32.9215577265747 406.27351121486885 13375.156852238497
111 0 100 0.0 0.0 0.0
112 0 100 0.0 0.0 0.0
113 1 35 1.0 88.18685030395203 88.18685030395203
114 0 100 0.0 0.0 0.0
115 1 10 1.0 18.1937008646705 18.1937008646705
116 0 100 0.0 0.0 0.0
117 0 100 0.0 0.0 0.0
118 1 19 1.0 40.84402933782601 40.84402933782601
119 2 24 9.541850352986048 97.86086952638261 933.7737724338355
120 2 28 9.541850352986048 122.22584512913716 1166.2607234894754
121 0 100 0.0 0.0 0.0
122 0 6 0.0 6.0 0.0
123 2 11 9.541850352986048 31.76494829034237 303.0963830567869
124 0 8 0.0 8.0 0.0
125 0 100 0.0 0.0 0.0
126 0 5 0.0 5.0 0.0
127 2 15 9.541850352986048 49.68406405407534 474.0779041321602
128 2 105 9.541850352986048 10.188005914414083 97.21242783067595
129 1 106 1.0 9.55892689827884 9.55892689827884
130 0 100 0.0 0.0 0.0
131 0 6 0.0 6.0 0.0
132 3 66 32.9215577265747 773.2963448216119 25458.12025579391
133 3 131 32.9215577265747 233.0178128969552 7671.309378607293
134 1 15 1.0 30.323695983612147 30.323695983612147
135 0 100 0.0 0.0 0.0
136 1 46 1.0 124.43529823617882 124.43529823617882
137 1 19 1.0 40.84402933782601 40.84402933782601
138 0 5 0.0 5.0 0.0
139 1 23 1.0 51.960050539976365 51.960050539976365
140 1 105 1.0 7.59708563275366 7.59708563275366
141 1 106 1.0 9.55892689827884 9.55892689827884
142 1 10 1.0 18.1937008646705 18.1937008646705
143 2 42 9.541850352986048 219.34644070399202 2092.9709126576195
144 1 23 1.0 51.960050539976365 51.960050539976365
145 3 35 32.9215577265747 282.5239294230334 9301.12785163911
146 1 19 1.0 40.84402933782601 40.84402933782601
147 4 52 75.61186198841948 859.6554919481086 65000.15241476724
148 0 100 0.0 0.0 0.0
149 2 40 9.541850352986048 204.4421003683832 1950.7559275652661
150 3 40 32.9215577265747 349.23013798641597 11497.20014757944
151 1 19 1.0 40.84402933782601 40.84402933782601
152 1 19 1.0 40.84402933782601 40.84402933782601
153 2 19 9.541850352986048 69.8685662777562 666.6754038000371
154 1 101 1.0 1.0 1.0
155 0 5 0.0 5.0 0.0
156 0 100 0.0 0.0 0.0
157 1 104 1.0 5.735193251789799 5.735193251789799
158 5 135 139.6884681067044 639.3782227857067 89313.76448172252
159 4 41 75.61186198841948 572.5607883495287 43292.38730866522
160 2 23 9.541850352986048 92.0346545141889 878.1809006631623
161 1 12 1.0 22.891970023971037 22.891970023971037
162 5 85 139.6884681067044 3206.1723328082135 447865.30165607814
163 2 19 9.541850352986048 69.8685662777562 666.6754038000371
164 1 112 1.0 22.891970023971037 22.891970023971037
165 2 22 9.541850352986048 86.31942417916456 823.6470280735138
166 0 100 0.0 0.0 0.0
167 1 10 1.0 18.1937008646705 18.1937008646705
168 2 25 9.541850352986048 103.79546451213633 990.4007896934788
169 2 40 9.541850352986048 204.4421003683832 1950.7559275652661
170 2 27 9.541850352986048 115.98017876588344 1106.66550969663
171 3 46 32.9215577265747 435.9769523615719 14353.040404627594
172 5 138 139.6884681067044 742.4330654268088 103709.33758123555
173 1 19 1.0 40.84402933782601 40.84402933782601
174 1 16 1.0 32.892441635375256 32.892441635375256
175 1 22 1.0 49.12998068819353 49.12998068819353
176 7 59 332.66880679862265 3481.0 1158020.1164660056
177 3 34 32.9215577265747 269.81820202916316 8882.83551378369
178 4 65 75.61186198841948 1259.0362466163215 95198.07491757096
179 4 65 75.61186198841948 1259.0362466163215 95198.07491757096
180 5 58 139.6884681067044 1600.889370701534 223625.7838016033
181 4 73 75.61186198841948 1535.4556318691968 116098.65932623514
182 0 100 0.0 0.0 0.0
183 1 7 1.0 11.607984241186918 11.607984241186918
184 3 37 32.9215577265747 308.57807572808247 10158.870933237406
185 2 30 9.541850352986048 135.01359299654277 1288.2794999919763
186 2 43 9.541850352986048 226.91812071099523 2165.21875020514
187 1 17 1.0 35.503281577765854 35.503281577765854
188 1 42 1.0 110.9598727978785 110.9598727978785
189 1 16 1.0 32.892441635375256 32.892441635375256
190 2 35 9.541850352986048 168.62869283493262 1609.0297522505775
191 2 38 9.541850352986048 189.8638195218893 1811.6521533242187
192 2 37 9.541850352986048 182.69988024795316 1743.2949168344405
193 1 103 1.0 3.9914906122521803 3.9914906122521803
194 4 60 75.61186198841948 1097.9836363389938 83020.58717640696
195 1 118 1.0 38.15436697768484 38.15436697768484
196 1 19 1.0 40.84402933782601 40.84402933782601
197 6 83 225.58275470837765 4688.828251009056 1057718.7932170872
198 1 19 1.0 40.84402933782601 40.84402933782601
199 2 35 9.541850352986048 168.62869283493262 1609.0297522505775
