0 15 254 1756.7778603087352 1147628.281289161 2016127956.4329634
1 1 104 1.0 5.735193251789799 5.735193251789799
2 0 100 0.0 0.0 0.0
3 0 100 0.0 0.0 0.0
4 0 100 0.0 0.0 0.0
5 7 137 332.66880679862265 18769.0 6243860.834803348
6 0 100 0.0 0.0 0.0
7 0 100 0.0 0.0 0.0
8 0 100 0.0 0.0 0.0
9 0 100 0.0 0.0 0.0
10 11 153 942.9223974109915 100391.00291225547 94660925.14451775
11 0 100 0.0 0.0 0.0
12 3 30 32.9215577265747 221.1993434691573 7282.2269551002855
13 8 194 459.67273235884244 12713.68154955962 5844132.736226273
14 0 100 0.0 0.0 0.0
15 0 8 0.0 8.0 0.0
16 1 8 1.0 13.734791927877684 13.734791927877684
17 0 100 0.0 0.0 0.0
18 0 100 0.0 0.0 0.0
19 5 65 139.6884681067044 1969.1653870843556 275069.6963705592
20 0 6 0.0 6.0 0.0
21 0 100 0.0 0.0 0.0
22 0 5 0.0 5.0 0.0
23 0 5 0.0 5.0 0.0
24 4 39 75.61186198841948 525.6324972119714 39744.05183581987
25 1 19 1.0 40.84402933782601 40.84402933782601
26 0 100 0.0 0.0 0.0
27 5 87 139.6884681067044 3344.5706484424895 467197.95035557833
28 6 119 225.58275470837765 9340.680210924138 2107096.372830297
29 1 19 1.0 40.84402933782601 40.84402933782601
30 0 5 0.0 5.0 0.0
31 9 134 604.9491004987461 38256.77589826959 23143402.1676403
32 1 107 1.0 11.607984241186918 11.607984241186918
33 5 56 139.6884681067044 1501.9949206988383 209811.36957647165
34 0 100 0.0 0.0 0.0
35 2 18 9.541850352986048 64.62733255388774 616.6643359418604
36 13 221 1331.5823725933528 447011.7125487216 595232916.7726445
37 5 85 139.6884681067044 3206.1723328082135 447865.30165607814
38 0 100 0.0 0.0 0.0
39 12 137 1131.8354418063404 105717.08693673376 119654345.79951735
40 19 281 2668.9360872348193 4434162.171599512 11834495436.43345
41 19 201 2668.9360872348193 1785812.8873517264 4766220460.102032
42 0 100 0.0 0.0 0.0
43 7 97 332.66880679862265 9409.0 3130080.8031682405
44 6 64 225.58275470837765 2851.6616420490063 643285.6887096304
45 0 100 0.0 0.0 0.0
46 0 100 0.0 0.0 0.0
47 2 59 9.541850352986048 358.10513855020525 3416.9856426813935
48 0 6 0.0 6.0 0.0
49 1 23 1.0 51.960050539976365 51.960050539976365
50 11 207 942.9223974109915 200561.92047813235 189114326.8865932
51 4 181 75.61186198841948 1834.2709028460106 138692.63835536616
52 3 65 32.9215577265747 754.7803226662346 24848.54396353912
53 0 100 0.0 0.0 0.0
54 4 31 75.61186198841948 354.97079584466536 26840.002825326264
55 0 100 0.0 0.0 0.0
56 1 112 1.0 22.891970023971037 22.891970023971037
57 0 6 0.0 6.0 0.0
58 8 161 459.67273235884244 38938.82165695482 17899114.54588609
59 0 100 0.0 0.0 0.0
60 1 7 1.0 11.607984241186918 11.607984241186918
61 0 100 0.0 0.0 0.0
62 0 100 0.0 0.0 0.0
63 0 5 0.0 5.0 0.0
64 12 170 1131.8354418063404 175602.9947070889 198753693.09681442
65 1 101 1.0 1.0 1.0
66 2 5 9.541850352986048 10.188005914414083 97.21242783067595
67 0 100 0.0 0.0 0.0
68 0 7 0.0 7.0 0.0
69 0 100 0.0 0.0 0.0
70 1 9 1.0 15.931997307697284 15.931997307697284
71 3 30 32.9215577265747 221.1993434691573 7282.2269551002855
72 0 100 0.0 0.0 0.0
73 0 5 0.0 5.0 0.0
74 0 100 0.0 0.0 0.0
75 2 25 9.541850352986048 103.79546451213633 990.4007896934788
76 0 5 0.0 5.0 0.0
77 9 157 604.9491004987461 53817.35966039549 32556763.317773756
78 0 100 0.0 0.0 0.0
79 0 10 0.0 10.0 0.0
80 0 100 0.0 0.0 0.0
81 10 150 766.6651705632711 69116.80200881512 52989444.80087609
82 0 100 0.0 0.0 0.0
83 1 100 1.0 0.0 0.0
84 0 100 0.0 0.0 0.0
85 0 10 0.0 10.0 0.0
86 14 219 1540.4353185285338 591604.5906490331 911328606.0393862
87 0 100 0.0 0.0 0.0
88 0 100 0.0 0.0 0.0
89 2 106 9.541850352986048 13.252209915340185 126.45060385853394
90 0 100 0.0 0.0 0.0
91 1 101 1.0 1.0 1.0
92 2 47 9.541850352986048 257.9778488812911 2461.586028410529
93 0 100 0.0 0.0 0.0
94 1 11 1.0 20.51504931294799 20.51504931294799
95 1 6 1.0 9.55892689827884 9.55892689827884
96 1 108 1.0 13.734791927877684 13.734791927877684
97 0 5 0.0 5.0 0.0
98 0 100 0.0 0.0 0.0
99 0 100 0.0 0.0 0.0
100 0 100 0.0 0.0 0.0
101 14 179 1540.4353185285338 359760.39110623644 554187612.6676853
102 6 112 225.58275470837765 8317.887761606735 1876372.0346183486
103 0 100 0.0 0.0 0.0
104 8 114 459.67273235884244 18990.417242658223 8729376.98256718
105 1 21 1.0 46.33316012586883 46.33316012586883
106 0 100 0.0 0.0 0.0
107 8 244 459.67273235884244 30872.72070965809 14191347.883959955
108 1 9 1.0 15.931997307697284 15.931997307697284
109 17 264 2206.0678959513543 2220228.3892946313 4897974571.302671
110 10 164 766.6651705632711 84288.55756198421 64621101.35979072
111 13 171 1331.5823725933528 240900.83281529308 320779302.5199026
112 17 249 2206.0678959513543 1904665.949099036 4201822402.8190994
113 9 211 604.9491004987461 101745.39241512935 61550783.621424444
114 0 100 0.0 0.0 0.0
115 6 185 225.58275470837765 4907.334112484054 1107009.9473685443
116 10 240 766.6651705632711 59285.163668541216 45451870.11581359
117 5 165 139.6884681067044 1969.1653870843556 275069.6963705592
118 3 43 32.9215577265747 391.71440685113555 12895.848457480626
119 7 140 332.66880679862265 19600.0 6520308.613253004
120 13 243 1331.5823725933528 561888.9684414291 748201445.7312697
121 17 335 2206.0678959513543 4144665.137054616 9143412698.325008
122 7 210 332.66880679862265 12100.0 4025292.562263334
123 0 100 0.0 0.0 0.0
124 16 182 1979.1134619514044 647559.9092039822 1281594533.7256303
125 7 121 332.66880679862265 14641.0 4870604.0003386345
126 0 100 0.0 0.0 0.0
127 13 267 1331.5823725933528 705078.2947892806 938869828.6395857
128 7 185 332.66880679862265 7225.0 2403532.1291200486
129 8 130 459.67273235884244 24956.252438948613 11471708.748048535
130 6 179 225.58275470837765 4266.090224510861 962356.3846796412
131 22 310 3370.209833397988 12164695.880413907 40997577676.46694
132 0 100 0.0 0.0 0.0
133 7 157 332.66880679862265 24649.0 8199953.41877925
134 4 43 75.61186198841948 621.143248020611 46965.797544373054
135 0 100 0.0 0.0 0.0
136 11 150 942.9223974109915 95941.23722419069 90465141.41401054
137 0 100 0.0 0.0 0.0
138 10 133 766.6651705632711 52893.67773024879 40551740.45877988
139 3 27 32.9215577265747 187.1321231368427 6160.680994346051
140 12 159 1131.8354418063404 150044.96268779706 169826206.63455865
141 16 201 1979.1134619514044 835921.7437574987 1654383976.208358
142 13 158 1331.5823725933528 199102.34251479528 265121169.63474548
143 10 155 766.6651705632711 74345.3976110817 56998026.94009416
144 13 235 1331.5823725933528 518335.39505508647 690206275.1465648
145 5 45 139.6884681067044 1009.4539298642129 141009.0730870245
146 13 172 1331.5823725933528 244310.19630067714 325319150.8388034
147 3 57 32.9215577265747 612.7419199112477 20172.41848785035
148 0 100 0.0 0.0 0.0
149 9 108 604.9491004987461 24036.912268699078 14541108.455716783
150 9 105 604.9491004987461 22621.44489281392 13684822.739889735
151 6 48 225.58275470837765 1644.745810135621 371026.29064545565
152 8 180 459.67273235884244 49108.407894831784 22573796.038809877
153 10 145 766.6651705632711 64097.25121371274 49141130.034397915
154 14 169 1540.4353185285338 312205.8893252206 480932978.56918037
155 8 111 459.67273235884244 17965.662675976404 8258325.250903347
156 10 158 766.6651705632711 77583.53920841981 59480597.3201254
157 0 100 0.0 0.0 0.0
158 22 325 3370.209833397988 13914325.143309364 46894195423.07809
159 13 217 1331.5823725933528 427760.1792612994 569597914.401719
160 9 255 604.9491004987461 52351.194230734116 31669807.859917752
161 10 176 766.6651705632711 98622.37714481588 75610341.59508552
162 5 204 139.6884681067044 4625.863540566592 646179.7916524031
163 2 123 9.541850352986048 92.0346545141889 878.1809006631623
164 13 200 1331.5823725933528 351406.3812696562 467926542.91549313
165 22 312 3370.209833397988 12389217.93552477 41754264114.4163
166 13 182 1331.5823725933528 279958.44476236077 372787730.1042095
167 12 246 1131.8354418063404 418686.2065047056 473883887.5174742
168 7 215 332.66880679862265 13225.0 4399544.969911785
169 13 253 1331.5823725933528 619244.7509951711 824575394.74613
170 11 211 942.9223974109915 209545.5587766108 197585200.6484677
171 9 207 604.9491004987461 97635.29736944998 59064385.32057636
172 8 137 459.67273235884244 27832.86327038359 12794008.308867292
173 14 266 1540.4353185285338 955591.7047239607 1472027212.049679
174 14 238 1540.4353185285338 726344.7253468727 1118887068.3512301
175 15 299 1756.7778603087352 1731013.6222401606 3041006407.4443426
176 9 183 604.9491004987461 74869.18614488025 45292046.81341849
177 7 145 332.66880679862265 21025.0 6994361.662941041
178 8 110 459.67273235884244 17630.632823740572 8104321.163304322
179 13 285 1331.5823725933528 825135.6459697201 1098736081.1717086
180 4 78 75.61186198841948 1719.6349352173313 130024.79939211752
181 12 159 1131.8354418063404 150044.96268779706 169826206.63455865
182 3 14 32.9215577265747 65.97278979840442 2171.9270077313495
183 5 114 139.6884681067044 5465.679515018471 763492.3986151252
184 13 172 1331.5823725933528 244310.19630067714 325319150.8388034
185 15 254 1756.7778603087352 1147628.281289161 2016127956.4329634
186 11 153 942.9223974109915 100391.00291225547 94660925.14451775
187 14 281 1540.4353185285338 1094029.65097923 1685281913.8858507
188 7 80 332.66880679862265 6400.0 2129080.363511185
189 10 123 766.6651705632711 44453.64316262519 34081059.91743283
190 10 156 766.6651705632711 75416.33841413441 57819079.95352973
191 14 162 1540.4353185285338 281275.95460123237 433287414.7205668
192 12 176 1131.8354418063404 190524.93737518354 215642876.6691662
193 18 251 2436.3877014920204 2531006.8164667594 6166513880.0320835
194 11 138 942.9223974109915 79268.40782369916 74743957.1440746
195 10 140 766.6651705632711 59285.163668541216 45451870.11581359
196 1 13 1.0 25.320989780782124 25.320989780782124
197 15 261 1756.7778603087352 1229001.7193264086 2159083010.794005
198 10 176 766.6651705632711 98622.37714481588 75610341.59508552
199 9 85 604.9491004987461 14348.518604119798 8680123.423051797
