0 1 114 1.0 27.799106543625292 27.799106543625292
1 4 72 75.61186198841948 1499.6637502850892 113392.36851559173
2 0 100 0.0 0.0 0.0
3 14 163 1540.4353185285338 285577.36407124164 439913457.78762215
4 5 42 139.6884681067044 890.5118703159138 124394.2389952662
5 3 28 32.9215577265747 198.25318874016915 6526.8037975869875
6 0 6 0.0 6.0 0.0
7 0 100 0.0 0.0 0.0
8 0 10 0.0 10.0 0.0
9 0 6 0.0 6.0 0.0
10 2 33 9.541850352986048 154.90879557685506 1478.1165457556579
11 0 100 0.0 0.0 0.0
12 0 100 0.0 0.0 0.0
13 2 116 9.541850352986048 54.53075711894446 520.3243240639966
14 1 23 1.0 51.960050539976365 51.960050539976365
15 0 18 0.0 18.0 0.0
16 12 242 1131.8354418063404 402854.0732554629 455964517.9865807
17 0 100 0.0 0.0 0.0
18 2 118 9.541850352986048 64.62733255388774 616.6643359418604
19 0 6 0.0 6.0 0.0
20 1 21 1.0 46.33316012586883 46.33316012586883
21 0 100 0.0 0.0 0.0
22 2 124 9.541850352986048 97.86086952638261 933.7737724338355
23 3 139 32.9215577265747 335.47304520277595 11044.29522335299
24 1 124 1.0 54.8222930413608 54.8222930413608
25 0 5 0.0 5.0 0.0
26 0 100 0.0 0.0 0.0
27 2 9 9.541850352986048 23.78240930402918 226.9281906125095
28 0 5 0.0 5.0 0.0
29 6 55 225.58275470837765 2133.9982456992793 481393.20280768874
30 1 37 1.0 94.5824071263594 94.5824071263594
31 1 19 1.0 40.84402933782601 40.84402933782601
32 1 102 1.0 2.3948263510722025 2.3948263510722025
33 0 100 0.0 0.0 0.0
34 1 8 1.0 13.734791927877684 13.734791927877684
35 0 100 0.0 0.0 0.0
36 0 7 0.0 7.0 0.0
37 8 182 459.67273235884244 9569.587872219572 4398878.604771212
38 0 100 0.0 0.0 0.0
39 7 128 332.66880679862265 16384.0 5450445.730588634
40 0 6 0.0 6.0 0.0
41 12 196 1131.8354418063404 245392.4596504624 277743882.98442566
42 9 127 604.9491004987461 34080.638090162705 20617051.357067235
43 3 63 32.9215577265747 718.2490844189361 23645.87869475743
44 3 54 32.9215577265747 562.3460860297637 18513.309133542207
45 0 100 0.0 0.0 0.0
46 1 17 1.0 35.503281577765854 35.503281577765854
47 0 100 0.0 0.0 0.0
48 7 84 332.66880679862265 7056.0 2347311.1007710816
49 0 5 0.0 5.0 0.0
50 0 100 0.0 0.0 0.0
51 1 15 1.0 30.323695983612147 30.323695983612147
52 0 100 0.0 0.0 0.0
53 0 100 0.0 0.0 0.0
54 2 25 9.541850352986048 103.79546451213633 990.4007896934788
55 1 106 1.0 9.55892689827884 9.55892689827884
56 1 104 1.0 5.735193251789799 5.735193251789799
57 7 121 332.66880679862265 14641.0 4870604.0003386345
58 0 5 0.0 5.0 0.0
59 20 251 2902.6872563902634 4173667.4815493794 12114851411.103828
60 0 6 0.0 6.0 0.0
61 0 100 0.0 0.0 0.0
62 0 100 0.0 0.0 0.0
63 0 7 0.0 7.0 0.0
64 0 5 0.0 5.0 0.0
65 1 106 1.0 9.55892689827884 9.55892689827884
66 2 106 9.541850352986048 13.252209915340185 126.45060385853394
67 1 22 1.0 49.12998068819353 49.12998068819353
68 0 100 0.0 0.0 0.0
69 0 100 0.0 0.0 0.0
70 1 24 1.0 54.8222930413608 54.8222930413608
71 11 192 942.9223974109915 168832.0419378618 159195513.7438417
72 0 100 0.0 0.0 0.0
73 0 100 0.0 0.0 0.0
74 2 38 9.541850352986048 189.8638195218893 1811.6521533242187
75 0 100 0.0 0.0 0.0
76 0 6 0.0 6.0 0.0
77 0 5 0.0 5.0 0.0
78 0 18 0.0 18.0 0.0
79 2 27 9.541850352986048 115.98017876588344 1106.66550969663
80 0 100 0.0 0.0 0.0
81 0 5 0.0 5.0 0.0
82 0 100 0.0 0.0 0.0
83 0 5 0.0 5.0 0.0
84 1 19 1.0 40.84402933782601 40.84402933782601
85 2 122 9.541850352986048 86.31942417916456 823.6470280735138
86 1 23 1.0 51.960050539976365 51.960050539976365
87 1 12 1.0 22.891970023971037 22.891970023971037
88 0 16 0.0 16.0 0.0
89 1 109 1.0 15.931997307697284 15.931997307697284
90 1 103 1.0 3.9914906122521803 3.9914906122521803
91 0 100 0.0 0.0 0.0
92 0 100 0.0 0.0 0.0
93 0 100 0.0 0.0 0.0
94 0 100 0.0 0.0 0.0
95 2 9 9.541850352986048 23.78240930402918 226.9281906125095
96 0 6 0.0 6.0 0.0
97 0 7 0.0 7.0 0.0
98 0 100 0.0 0.0 0.0
99 1 17 1.0 35.503281577765854 35.503281577765854
100 0 100 0.0 0.0 0.0
101 10 153 766.6651705632711 72228.7744823091 55375285.708055556
102 14 288 1540.4353185285338 1162474.5370228994 1790716833.7201798
103 4 46 75.61186198841948 697.0692055589992 52706.70056710426
104 8 188 459.67273235884244 11083.755846199128 5094900.334620647
105 6 196 225.58275470837765 6193.675591281851 1397186.4016513997
106 0 100 0.0 0.0 0.0
107 2 50 9.541850352986048 282.0582186126376 2691.3573128316116
108 2 9 9.541850352986048 23.78240930402918 226.9281906125095
109 15 210 1756.7778603087352 710601.2118835767 1248368476.545624
110 9 112 604.9491004987461 25995.992049909724 15726252.007165443
111 1 109 1.0 15.931997307697284 15.931997307697284
112 8 158 459.67273235884244 37444.75893656286 17212334.652888034
113 4 145 75.61186198841948 671.3571728121805 50762.565895610074
114 11 142 942.9223974109915 84627.25297767794 79796932.26401855
115 3 38 32.9215577265747 321.92161897300775 10598.16116245226
116 0 100 0.0 0.0 0.0
117 1 104 1.0 5.735193251789799 5.735193251789799
118 3 32 32.9215577265747 245.06238675558936 8067.83551218631
119 13 187 1331.5823725933528 298855.6518209848 397950917.9147199
120 5 165 139.6884681067044 1969.1653870843556 275069.6963705592
121 3 32 32.9215577265747 245.06238675558936 8067.83551218631
122 13 185 1331.5823725933528 291210.07940722397 387770208.46017
123 8 221 459.67273235884244 21496.519829988905 9881364.00645704
124 9 138 604.9491004987461 40759.58337596822 24657473.29999562
125 8 253 459.67273235884244 35022.02902356311 16098671.774011938
126 15 255 1756.7778603087352 1159047.5718977372 2036189113.3545418
127 2 8 9.541850352986048 20.066939702021244 191.47573567908114
128 21 326 3136.7198300107975 11018806.635725688 34562909277.33533
129 9 161 604.9491004987461 56814.89680416015 34370120.71660577
130 4 81 75.61186198841948 1834.2709028460106 138692.63835536616
131 8 150 459.67273235884244 33608.73957278992 15449021.150561098
132 16 185 1979.1134619514044 675362.4776930851 1336618971.2992396
133 9 159 604.9491004987461 55305.24634977481 33456859.032157835
134 7 151 332.66880679862265 22801.0 7585181.463815395
135 9 180 604.9491004987461 72249.91166878767 43707519.07514696
136 13 157 1331.5823725933528 196078.76378355332 261095025.4940755
137 0 100 0.0 0.0 0.0
138 0 100 0.0 0.0 0.0
139 7 77 332.66880679862265 5929.0 1972393.3555090337
140 4 158 75.61186198841948 1036.142416344768 78344.65738500807
141 0 100 0.0 0.0 0.0
142 6 77 225.58275470837765 4061.8785529685815 916289.7532695315
143 10 192 766.6651705632711 119678.59262434934 91753408.62711903
144 16 253 1979.1134619514044 1510426.3596303458 2989305141.6306705
145 2 11 9.541850352986048 31.76494829034237 303.0963830567869
146 4 69 75.61186198841948 1394.4010936602072 105433.26305033677
147 0 100 0.0 0.0 0.0
148 10 249 766.6651705632711 68096.21827794517 52206998.800774574
149 9 114 604.9491004987461 27006.4292253054 16337515.067531552
150 8 110 459.67273235884244 17630.632823740572 8104321.163304322
151 10 131 766.6651705632711 51140.99905783681 39208022.76545254
152 9 136 604.9491004987461 39497.557201796815 23894011.701124758
153 7 114 332.66880679862265 12996.0 4323363.8131549
154 5 50 139.6884681067044 1222.4564081968258 170763.0629882387
155 16 380 1979.1134619514044 4298828.009043774 8507868383.312285
156 5 78 139.6884681067044 2742.610069160227 383110.9991750147
157 8 135 459.67273235884244 26994.34596231654 12408564.76673793
158 15 251 1756.7778603087352 1113778.5999793487 1956661585.729379
159 9 199 604.9491004987461 89686.85912801698 54255984.75605163
160 6 109 225.58275470837765 7896.900764171442 1781404.6280404862
161 13 185 1331.5823725933528 291210.07940722397 387770208.46017
162 12 287 1131.8354418063404 219715.13514294155 248681377.05605105
163 17 265 2206.0678959513543 2242336.4168228717 4946746381.075532
164 13 141 1331.5823725933528 151329.57708991828 201507797.30494207
165 13 268 1331.5823725933528 711459.675934369 947367163.285185
166 9 105 604.9491004987461 22621.44489281392 13684822.739889735
167 11 151 942.9223974109915 97411.87247104548 91851836.32669197
168 9 76 604.9491004987461 11274.311989143906 6820384.896574835
169 8 74 459.67273235884244 7729.629217450359 3553099.7825061474
170 19 322 2668.9360872348193 6417533.701163957 17127987286.082119
171 13 183 1331.5823725933528 283680.1788009205 377743525.54543626
172 11 125 942.9223974109915 63201.22767677458 59593853.12030219
173 19 302 2668.9360872348193 5392306.072990233 14391720271.619106
174 10 119 766.6651705632711 41302.383909052856 31665099.20430371
175 12 206 1131.8354418063404 57832.49570209367 65456868.32374247
176 10 164 766.6651705632711 84288.55756198421 64621101.35979072
177 7 182 332.66880679862265 6724.0 2236865.056913939
178 7 78 332.66880679862265 6084.0 2023957.0205628201
179 15 208 1756.7778603087352 693671.0685191004 1218625975.5110593
180 11 124 942.9223974109915 62049.63588533698 58507991.42748104
181 10 265 766.6651705632711 85435.8497069907 65500690.28782802
182 13 151 1331.5823725933528 178502.55358571856 237690853.81764323
183 13 161 1331.5823725933528 208335.99613433375 277416540.02915573
184 7 82 332.66880679862265 6724.0 2236865.056913939
185 6 187 225.58275470837765 5130.584655325767 1157371.4198129189
186 12 180 1131.8354418063404 200863.24359139695 227344138.05292335
187 4 29 75.61186198841948 316.71264325745693 23947.232671970367
188 13 142 1331.5823725933528 153929.2323320465 204969452.4001799
189 6 153 225.58275470837765 1988.0215081420156 448463.36822617933
190 17 244 2206.0678959513543 1806056.5395150175 3984283350.097079
191 14 128 1540.4353185285338 157335.4803179933 242365130.73948786
192 12 160 1131.8354418063404 152273.30401110792 172348322.32072353
193 12 143 1131.8354418063404 116927.42578684344 132342604.62473002
194 14 200 1540.4353185285338 472963.862071704 728570237.5229108
195 17 209 2206.0678959513543 1203658.847953506 2655353142.148022
196 11 193 942.9223974109915 170851.97661382865 161100155.39111796
197 12 145 1131.8354418063404 120809.0743078219 136735991.99340862
198 11 152 942.9223974109915 98895.11966128755 93250423.32326813
199 8 197 459.67273235884244 13572.24668173896 6238791.71644318
