0 1 10 1.0 18.1937008646705 18.1937008646705
1 2 105 9.541850352986048 10.188005914414083 97.21242783067595
2 0 100 0.0 0.0 0.0
3 2 13 9.541850352986048 40.41888428935346 385.6709453236695
4 2 22 9.541850352986048 86.31942417916456 823.6470280735138
5 0 100 0.0 0.0 0.0
6 1 23 1.0 51.960050539976365 51.960050539976365
7 0 100 0.0 0.0 0.0
8 1 20 1.0 43.57075425423803 43.57075425423803
9 3 38 32.9215577265747 321.92161897300775 10598.16116245226
10 0 6 0.0 6.0 0.0
11 10 169 766.6651705632711 90110.55718762161 69084625.69579932
12 2 42 9.541850352986048 219.34644070399202 2092.9709126576195
13 0 6 0.0 6.0 0.0
14 0 6 0.0 6.0 0.0
15 4 77 75.61186198841948 1682.1075637745857 127187.28496180048
16 1 40 1.0 104.3443904241405 104.3443904241405
17 2 129 9.541850352986048 128.5709592386038 1226.8048527946264
18 0 10 0.0 10.0 0.0
19 15 193 1756.7778603087352 574438.4857657645 1009160813.9025695
20 0 100 0.0 0.0 0.0
21 0 100 0.0 0.0 0.0
22 0 100 0.0 0.0 0.0
23 1 19 1.0 40.84402933782601 40.84402933782601
24 1 12 1.0 22.891970023971037 22.891970023971037
25 2 26 9.541850352986048 109.8359986590007 1048.0386625749609
26 0 100 0.0 0.0 0.0
27 0 100 0.0 0.0 0.0
28 0 9 0.0 9.0 0.0
29 1 15 1.0 30.323695983612147 30.323695983612147
30 1 10 1.0 18.1937008646705 18.1937008646705
31 0 100 0.0 0.0 0.0
32 14 156 1540.4353185285338 256277.4328448488 394778808.8960296
33 0 100 0.0 0.0 0.0
34 0 100 0.0 0.0 0.0
35 0 100 0.0 0.0 0.0
36 12 115 1131.8354418063404 70047.12468416206 79281818.31416237
37 0 100 0.0 0.0 0.0
38 0 100 0.0 0.0 0.0
39 1 112 1.0 22.891970023971037 22.891970023971037
40 1 102 1.0 2.3948263510722025 2.3948263510722025
41 0 100 0.0 0.0 0.0
42 0 100 0.0 0.0 0.0
43 2 145 9.541850352986048 242.29532664846576 2311.945748107533
44 13 168 1331.5823725933528 230840.47046310757 307383101.34983057
45 1 10 1.0 18.1937008646705 18.1937008646705
46 0 100 0.0 0.0 0.0
47 0 100 0.0 0.0 0.0
48 1 13 1.0 25.320989780782124 25.320989780782124
49 3 126 32.9215577265747 176.25042831919396 5802.438650243859
50 1 9 1.0 15.931997307697284 15.931997307697284
51 3 50 32.9215577265747 497.6760852315066 16384.27196908475
52 2 19 9.541850352986048 69.8685662777562 666.6754038000371
53 0 100 0.0 0.0 0.0
54 2 17 9.541850352986048 59.51335422080222 567.8675199791454
55 2 16 9.541850352986048 54.53075711894446 520.3243240639966
56 4 55 75.61186198841948 946.1899645328139 71543.18501308264
57 2 59 9.541850352986048 358.10513855020525 3416.9856426813935
58 5 39 139.6884681067044 778.3165439750189 108721.84572997481
59 1 106 1.0 9.55892689827884 9.55892689827884
60 2 18 9.541850352986048 64.62733255388774 616.6643359418604
61 0 100 0.0 0.0 0.0
62 0 100 0.0 0.0 0.0
63 1 103 1.0 3.9914906122521803 3.9914906122521803
64 3 112 32.9215577265747 51.65274962739505 1700.488978594596
65 1 17 1.0 35.503281577765854 35.503281577765854
66 4 45 75.61186198841948 671.3571728121805 50762.565895610074
67 1 20 1.0 43.57075425423803 43.57075425423803
68 0 100 0.0 0.0 0.0
69 12 188 1131.8354418063404 222487.8177576797 251819597.50829196
70 1 7 1.0 11.607984241186918 11.607984241186918
71 6 96 225.58275470837765 6193.675591281851 1397186.4016513997
72 0 100 0.0 0.0 0.0
73 1 101 1.0 1.0 1.0
74 11 192 942.9223974109915 168832.0419378618 159195513.7438417
75 2 29 9.541850352986048 128.5709592386038 1226.8048527946264
76 1 9 1.0 15.931997307697284 15.931997307697284
77 0 6 0.0 6.0 0.0
78 0 100 0.0 0.0 0.0
79 7 163 332.66880679862265 3969.0 1320362.4941837334
80 0 100 0.0 0.0 0.0
81 0 9 0.0 9.0 0.0
82 6 65 225.58275470837765 2937.504168606418 662650.2823215784
83 9 133 604.9491004987461 37644.33692394514 22772907.76101235
84 0 100 0.0 0.0 0.0
85 1 14 1.0 27.799106543625292 27.799106543625292
86 2 34 9.541850352986048 161.72412498062124 1543.1473990327004
87 6 148 225.58275470837765 1644.745810135621 371026.29064545565
88 1 101 1.0 1.0 1.0
89 2 129 9.541850352986048 128.5709592386038 1226.8048527946264
90 17 233 2206.0678959513543 1600396.7363377973 3530583860.820139
91 2 28 9.541850352986048 122.22584512913716 1166.2607234894754
92 12 170 1131.8354418063404 175602.9947070889 198753693.09681442
93 10 270 766.6651705632711 91300.67622451171 69997048.51020727
94 7 109 332.66880679862265 11881.0 3952438.093574436
95 2 107 9.541850352986048 16.551687764173284 157.9337277350917
96 1 37 1.0 94.5824071263594 94.5824071263594
97 2 55 9.541850352986048 323.62148105306557 3087.947743220061
98 3 31 32.9215577265747 233.0178128969552 7671.309378607293
99 0 5 0.0 5.0 0.0
100 4 56 75.61186198841948 975.7969952136767 73781.82773081094
101 0 100 0.0 0.0 0.0
102 3 35 32.9215577265747 282.5239294230334 9301.12785163911
103 0 100 0.0 0.0 0.0
104 16 158 1979.1134619514044 450159.5747218491 890916874.3583307
105 12 178 1131.8354418063404 195654.84795872527 221449091.28091618
106 11 158 942.9223974109915 108060.79638064733 101892945.18938097
107 9 126 604.9491004987461 33505.118966499955 20268891.580887627
108 16 196 1979.1134619514044 783494.2929163544 1550624102.4728537
109 12 163 1131.8354418063404 159071.89323840395 180043206.56245995
110 4 83 75.61186198841948 1912.3940233356846 144599.67295993603
111 11 187 942.9223974109915 158934.75897945854 149863143.96884915
112 14 209 1540.4353185285338 527196.8237004351 812112607.044211
113 19 304 2668.9360872348193 5489790.8007965 14651900779.615517
114 0 100 0.0 0.0 0.0
115 7 84 332.66880679862265 7056.0 2347311.1007710816
116 4 177 75.61186198841948 1682.1075637745857 127187.28496180048
117 14 188 1540.4353185285338 406027.59134880477 625459242.0107694
118 5 158 139.6884681067044 1600.889370701534 223625.7838016033
119 11 161 942.9223974109915 112815.8246369091 106376567.83253233
120 6 144 225.58275470837765 13452.37343883357 3034623.457697888
121 4 50 75.61186198841948 803.8922494719358 60783.78982063209
122 1 112 1.0 22.891970023971037 22.891970023971037
123 8 91 459.67273235884244 11884.209766134405 5462847.1751246415
124 0 100 0.0 0.0 0.0
125 2 45 9.541850352986048 242.29532664846576 2311.945748107533
126 9 205 604.9491004987461 95614.26988135114 57841766.55956773
127 12 140 1131.8354418063404 111241.10509099122 125906625.32768759
128 2 12 9.541850352986048 36.01211998010309 343.62225974392254
129 8 235 459.67273235884244 26994.34596231654 12408564.76673793
130 0 100 0.0 0.0 0.0
131 10 105 766.6651705632711 31266.895374512824 23971239.675284825
132 8 197 459.67273235884244 13572.24668173896 6238791.71644318
133 5 62 139.6884681067044 1807.1402103142602 252436.6476328266
134 13 161 1331.5823725933528 208335.99613433375 277416540.02915573
135 10 143 766.6651705632711 62147.61058651166 47646408.47040772
136 8 120 459.67273235884244 21128.626944217714 9712253.678439217
137 2 29 9.541850352986048 128.5709592386038 1226.8048527946264
138 3 141 32.9215577265747 363.1907597716439 11956.805563580698
139 2 41 9.541850352986048 211.85407612585806 2021.4798910630518
140 7 165 332.66880679862265 4225.0 1405525.7087241807
141 11 197 942.9223974109915 179067.32101889476 168846587.63309988
142 13 265 1331.5823725933528 692416.3228329758 922009369.9802989
143 12 166 1131.8354418063404 166041.6949118759 187931875.11885667
144 8 135 459.67273235884244 26994.34596231654 12408564.76673793
145 14 240 1540.4353185285338 741490.6921805334 1142218450.595063
146 13 254 1331.5823725933528 625160.2824792424 832452412.1948403
147 12 152 1131.8354418063404 134972.2574092887 152766384.5964414
148 2 22 9.541850352986048 86.31942417916456 823.6470280735138
149 6 87 225.58275470837765 5130.584655325767 1157371.4198129189
150 6 195 225.58275470837765 6070.84515091352 1369477.9725510685
151 6 155 225.58275470837765 2133.9982456992793 481393.20280768874
152 9 99 604.9491004987461 19928.090733228633 12055480.56372406
153 0 100 0.0 0.0 0.0
154 9 243 604.9491004987461 44007.90838050506 26622544.58961777
155 11 118 942.9223974109915 55389.275596865285 52227788.53665434
156 7 108 332.66880679862265 11664.0 3880248.9624991347
157 12 234 1131.8354418063404 372236.9047172307 421310921.50725144
158 14 180 1540.4353185285338 364737.38743937964 561854353.599446
159 15 220 1756.7778603087352 798978.8564513772 1403628365.8685703
160 10 114 766.6651705632711 37541.82989714119 28782013.421349064
161 11 204 942.9223974109915 193969.34325940354 182898038.17039233
162 7 196 332.66880679862265 9216.0 3065875.723456106
163 12 189 1131.8354418063404 225280.5021079264 254980456.6336791
164 9 170 604.9491004987461 9443.72264985824 5712971.522391378
165 1 26 1.0 60.63937356224698 60.63937356224698
166 5 155 139.6884681067044 1453.6132803589628 203053.01235290492
167 10 265 766.6651705632711 85435.8497069907 65500690.28782802
168 0 100 0.0 0.0 0.0
169 11 182 942.9223974109915 149372.90046118762 140847053.41109642
170 9 169 604.9491004987461 9155.4621348732 5538588.583141873
171 6 61 225.58275470837765 2601.435802251927 586839.054468988
172 6 35 225.58275470837765 898.8679807213463 202769.1152102782
173 15 226 1756.7778603087352 855030.3929098479 1502098464.1550996
174 14 281 1540.4353185285338 1094029.65097923 1685281913.8858507
175 11 180 942.9223974109915 145641.49049735971 137328623.38228056
176 13 208 1331.5823725933528 386244.5945999156 514316493.6787133
177 10 163 766.6651705632711 83149.79614194512 63748052.641465575
178 10 116 766.6651705632711 39022.35413079504 29917079.785466347
179 12 148 1131.8354418063404 126768.58795140548 143481180.75114495
180 11 100 942.9223974109915 37919.008260726216 35754682.17665116
181 7 182 332.66880679862265 6724.0 2236865.056913939
182 12 160 1131.8354418063404 152273.30401110792 172348322.32072353
183 11 201 942.9223974109915 187500.599499175 176798514.79576024
184 10 174 766.6651705632711 96147.26174298109 73712756.82337406
185 13 147 1331.5823725933528 167318.1709274266 222797927.02152288
186 8 183 459.67273235884244 9813.93766434623 4511199.541369388
187 6 57 225.58275470837765 2284.902982010436 515434.70892330084
188 16 215 1979.1134619514044 993930.6273588623 1967101484.8517292
189 5 68 139.6884681067044 2137.419079796989 298572.7969588832
190 11 156 942.9223974109915 104954.70852315568 98964145.38022578
191 12 145 1131.8354418063404 120809.0743078219 136735991.99340862
192 12 201 1131.8354418063404 260366.30656647639 294691813.6241529
193 14 181 1540.4353185285338 369755.0901266186 569583800.0367445
194 11 135 942.9223974109915 75378.38222771238 71075964.88311663
195 14 129 1540.4353185285338 160384.29058432515 247061625.75323784
196 4 38 75.61186198841948 502.796158813779 38017.3537685349
197 12 180 1131.8354418063404 200863.24359139695 227344138.05292335
198 12 157 1131.8354418063404 145644.81340415878 164845961.72609806
199 10 184 766.6651705632711 108870.3820957398 83467130.05871885
