0 6 177 225.58275470837765 4061.8785529685815 916289.7532695315
1 2 111 9.541850352986048 31.76494829034237 303.0963830567869
2 8 154 459.67273235884244 4013.5089424846524 1844900.6219385683
3 0 100 0.0 0.0 0.0
4 2 29 9.541850352986048 128.5709592386038 1226.8048527946264
5 0 5 0.0 5.0 0.0
6 14 360 1540.4353185285338 903309.19273234 1391489384.0363948
7 0 100 0.0 0.0 0.0
8 1 104 1.0 5.735193251789799 5.735193251789799
9 0 100 0.0 0.0 0.0
10 1 104 1.0 5.735193251789799 5.735193251789799
11 26 481 4285.277943143774 111284641.0 476885617487.97327
12 0 100 0.0 0.0 0.0
13 0 100 0.0 0.0 0.0
14 1 115 1.0 30.323695983612147 30.323695983612147
15 0 100 0.0 0.0 0.0
16 5 186 139.6884681067044 3275.042744200361 457485.7039213258
17 0 6 0.0 6.0 0.0
18 0 100 0.0 0.0 0.0
19 0 100 0.0 0.0 0.0
20 1 103 1.0 3.9914906122521803 3.9914906122521803
21 0 100 0.0 0.0 0.0
22 12 176 1131.8354418063404 190524.93737518354 215642876.6691662
23 0 100 0.0 0.0 0.0
24 0 100 0.0 0.0 0.0
25 9 113 604.9491004987461 26498.629929601415 16030322.340361528
26 0 100 0.0 0.0 0.0
27 0 100 0.0 0.0 0.0
28 17 351 2206.0678959513543 4683728.592295987 10332623280.813606
29 2 108 9.541850352986048 20.066939702021244 191.47573567908114
30 14 224 1540.4353185285338 625475.121981982 963503968.761988
31 0 5 0.0 5.0 0.0
32 3 165 32.9215577265747 754.7803226662346 24848.54396353912
33 0 100 0.0 0.0 0.0
34 2 13 9.541850352986048 40.41888428935346 385.6709453236695
35 24 407 3832.71054120725 42707125.586618185 163684050420.49338
36 10 222 766.6651705632711 165288.37142907528 126720837.4737973
37 3 31 32.9215577265747 233.0178128969552 7671.309378607293
38 0 100 0.0 0.0 0.0
39 0 100 0.0 0.0 0.0
40 0 100 0.0 0.0 0.0
41 0 100 0.0 0.0 0.0
42 0 100 0.0 0.0 0.0
43 3 31 32.9215577265747 233.0178128969552 7671.309378607293
44 1 113 1.0 25.320989780782124 25.320989780782124
45 0 100 0.0 0.0 0.0
46 1 24 1.0 54.8222930413608 54.8222930413608
47 0 100 0.0 0.0 0.0
48 2 31 9.541850352986048 141.5519192260369 1350.6672304328126
49 0 100 0.0 0.0 0.0
50 1 115 1.0 30.323695983612147 30.323695983612147
51 1 14 1.0 27.799106543625292 27.799106543625292
52 7 90 332.66880679862265 8100.0 2694617.3350688433
53 7 198 332.66880679862265 9604.0 3194951.220493972
54 0 7 0.0 7.0 0.0
55 1 34 1.0 85.02419427196995 85.02419427196995
56 0 100 0.0 0.0 0.0
57 0 100 0.0 0.0 0.0
58 0 100 0.0 0.0 0.0
59 0 100 0.0 0.0 0.0
60 0 100 0.0 0.0 0.0
61 5 92 139.6884681067044 3702.0246060004592 517130.14610553003
62 1 13 1.0 25.320989780782124 25.320989780782124
63 0 100 0.0 0.0 0.0
64 0 7 0.0 7.0 0.0
65 2 21 9.541850352986048 80.71796600694597 770.1987524356932
66 10 162 766.6651705632711 82019.5537684662 62881535.179424524
67 0 100 0.0 0.0 0.0
68 0 100 0.0 0.0 0.0
69 10 239 766.6651705632711 194764.40083257138 149319082.58395663
70 2 41 9.541850352986048 211.85407612585806 2021.4798910630518
71 0 100 0.0 0.0 0.0
72 0 100 0.0 0.0 0.0
73 0 10 0.0 10.0 0.0
74 1 101 1.0 1.0 1.0
75 0 100 0.0 0.0 0.0
76 0 8 0.0 8.0 0.0
77 0 100 0.0 0.0 0.0
78 31 517 5350.621552679651 411903502.8404523 2203939759922.368
79 0 100 0.0 0.0 0.0
80 0 11 0.0 11.0 0.0
81 17 302 2206.0678959513543 3158325.2567857914 6967479953.967452
82 1 101 1.0 1.0 1.0
83 0 100 0.0 0.0 0.0
84 2 114 9.541850352986048 44.97826169706515 429.17584225083993
85 0 5 0.0 5.0 0.0
86 1 10 1.0 18.1937008646705 18.1937008646705
87 0 100 0.0 0.0 0.0
88 0 100 0.0 0.0 0.0
89 32 581 5549.980220652734 734835009.0310016 4078319765565.232
90 1 15 1.0 30.323695983612147 30.323695983612147
91 4 169 75.61186198841948 1394.4010936602072 105433.26305033677
92 0 100 0.0 0.0 0.0
93 10 136 766.6651705632711 55583.77703491517 42614145.901024066
94 0 8 0.0 8.0 0.0
95 0 100 0.0 0.0 0.0
96 0 100 0.0 0.0 0.0
97 28 505 4724.12231882448 202007542.6919179 954308341001.7783
98 0 100 0.0 0.0 0.0
99 7 243 332.66880679862265 20449.0 6802744.430225034
100 9 310 604.9491004987461 100709.35312827761 60924032.58676212
101 17 272 2206.0678959513543 2400907.9178461796 5296565878.6958685
102 5 74 139.6884681067044 2492.4098028308917 348160.9072515804
103 6 79 225.58275470837765 4266.090224510861 962356.3846796412
104 10 127 766.6651705632711 47732.874639030575 36595132.47660761
105 15 296 1756.7778603087352 1687582.038479474 2964706762.6554236
106 29 508 4937.473672561782 255709983.08006164 1262561309269.0232
107 35 546 6117.310290426031 1091467911.9632645 6676847889522.691
108 0 100 0.0 0.0 0.0
109 9 174 604.9491004987461 67160.9800884193 40628974.49310345
110 22 411 3370.209833397988 27128041.91487907 91427193622.35822
111 9 143 604.9491004987461 44007.90838050506 26622544.58961777
112 8 243 459.67273235884244 30428.435598390966 13987122.132917445
113 0 100 0.0 0.0 0.0
114 0 100 0.0 0.0 0.0
115 0 100 0.0 0.0 0.0
116 18 328 2436.3877014920204 5168468.9616496805 12592394213.706514
117 13 243 1331.5823725933528 561888.9684414291 748201445.7312697
118 16 296 1979.1134619514044 2261449.4362102253 4475665022.72607
119 9 199 604.9491004987461 89686.85912801698 54255984.75605163
120 27 508 4506.6139001521815 164662956.22649428 742072367370.4694
121 34 403 5933.442745663244 332755746.47669774 1974387170009.9197
122 24 399 3832.71054120725 40298685.81995092 154453197938.92505
123 24 380 3832.71054120725 34940812.30527138 133918019640.75761
124 7 121 332.66880679862265 14641.0 4870604.0003386345
125 31 542 5350.621552679651 478527264.4399327 2560418294657.1387
126 27 466 4506.6139001521815 126704268.90551215 571007219458.2009
127 17 377 2206.0678959513543 5648386.704609976 12460724572.958534
128 22 381 3370.209833397988 21867911.91168164 73699451760.63046
129 25 355 4060.496712466729 35895620.865145676 145754050514.87616
130 5 244 139.6884681067044 8356.125061128 1167254.3090970118
131 9 184 604.9491004987461 75753.39209344504 45826946.4066584
132 14 269 1540.4353185285338 312205.8893252206 480932978.56918037
133 10 128 766.6651705632711 48572.78656303952 37239063.695086055
134 14 248 1540.4353185285338 803943.7192296556 1238423299.2105486
135 19 274 2668.9360872348193 4140693.385441815 11051246002.580175
136 25 444 4060.496712466729 69640461.5087537 282774865010.9602
137 26 431 4285.277943143774 80062991.0 343092169394.41846
138 21 323 3136.7198300107975 10737029.74267018 33679054109.249287
139 0 100 0.0 0.0 0.0
140 18 302 2436.3877014920204 4146241.7026407747 10101852291.727318
141 25 426 4060.496712466729 61604948.60253827 250146691272.28848
142 32 629 5549.980220652734 947912003.7531863 5260892871749.484
143 33 563 5744.298091538941 813915755.4775871 4675374720863.379
144 0 11 0.0 11.0 0.0
145 12 229 1131.8354418063404 353804.2348984099 400448172.51919603
146 25 422 4060.496712466729 59907033.46643828 243252312444.10696
147 27 444 4506.6139001521815 109399145.89765862 493019711567.1648
148 4 172 75.61186198841948 1499.6637502850892 113392.36851559173
149 9 137 604.9491004987461 40125.91166909431 24274134.170910746
150 7 207 332.66880679862265 11449.0 3808725.1690374305
151 37 649 6468.923834840442 2849033189.5571833 18430178706177.95
152 22 322 3370.209833397988 13552159.480204815 45673621143.964035
153 21 412 3136.7198300107975 21234637.180664185 66607107527.67393
154 18 229 2436.3877014920204 1981476.3437423315 4827644594.691192
155 10 163 766.6651705632711 83149.79614194512 63748052.641465575
156 28 501 4724.12231882448 197131883.68119827 931275131450.2601
157 30 563 5146.386239304723 436911882.1380623 2248517298024.051
158 20 305 2902.6872563902634 7144879.161736076 20739349691.219654
159 17 364 2206.0678959513543 5152101.506571393 11365885730.329756
160 25 481 4060.496712466729 88276324.74539281 358445726417.31287
161 27 469 4506.6139001521815 129197466.12074113 582243096684.1725
162 2 20 9.541850352986048 75.23327232919837 717.8646261306569
163 12 230 1131.8354418063404 357447.7632466928 404572047.0370087
164 24 352 3832.71054120725 27934179.474820986 107063624133.1216
165 34 556 5933.442745663244 953502134.7234868 5657550324249.489
166 17 387 2206.0678959513543 6049524.53280437 13345661857.589836
167 7 113 332.66880679862265 12769.0 4247847.994011613
168 18 325 2436.3877014920204 5043287.214034844 12287402943.36645
169 38 670 6636.579650383532 3835457808.763496 25454321243544.43
170 26 435 4285.277943143774 82312875.0 352733547674.25055
171 18 305 2436.3877014920204 4257060.156485748 10371849009.773571
172 17 231 2206.0678959513543 1564644.7799730715 3451712617.666464
173 31 399 5350.621552679651 180956514.09320182 968229824404.8647
174 23 325 3602.4235623004615 17600515.826389108 63404512921.626305
175 21 278 3136.7198300107975 7051956.814304366 22120012779.808277
176 22 398 3370.209833397988 24758345.555281803 83440819649.0761
177 34 584 5933.442745663244 1119746888.3477511 6643954051645.954
178 18 573 2436.3877014920204 22901521.728119012 55796985883.84144
179 23 452 3602.4235623004615 45576873.86326913 164187204301.03677
180 24 392 3832.71054120725 38266122.74351263 146662972010.19135
181 15 311 1756.7778603087352 1911448.3750301956 3357990186.376156
182 13 250 1331.5823725933528 601695.2206696187 801206749.5173318
183 12 281 1131.8354418063404 572437.5443818787 647905100.9520003
184 10 127 766.6651705632711 47732.874639030575 36595132.47660761
185 22 447 3370.209833397988 34444671.83789878 116085771736.25322
186 25 414 4060.496712466729 56604794.96080986 229843583848.2217
187 17 433 2206.0678959513543 8119942.71379641 17913144937.870377
188 13 245 1331.5823725933528 573099.6669344421 763129414.2290248
189 18 371 2436.3877014920204 7179952.590684328 17493148189.239067
190 18 311 2436.3877014920204 4484209.88753331 10925273820.895073
191 21 349 3136.7198300107975 13338188.70272855 41838161000.27464
192 19 249 2668.9360872348193 3193638.246134671 8523616364.682139
193 23 257 3602.4235623004615 8942316.215370882 32214010635.793556
194 19 289 2668.9360872348193 4785248.072729277 12771521267.678038
195 19 347 2668.9360872348193 7861674.857273578 20982307732.684097
196 27 448 4506.6139001521815 112419481.69938797 506631198874.3656
197 36 670 6295.82243666837 2612812300.4578805 16449802304025.822
198 16 176 1979.1134619514044 594080.6189269689 1175752950.4027865
199 8 167 459.67273235884244 42018.11591959734 19314582.153331883
