0 4 45 75.61186198841948 671.3571728121805 50762.565895610074
1 0 6 0.0 6.0 0.0
2 0 100 0.0 0.0 0.0
3 1 19 1.0 40.84402933782601 40.84402933782601
4 0 100 0.0 0.0 0.0
5 0 100 0.0 0.0 0.0
6 0 100 0.0 0.0 0.0
7 0 5 0.0 5.0 0.0
8 0 12 0.0 12.0 0.0
9 0 100 0.0 0.0 0.0
10 0 100 0.0 0.0 0.0
11 2 9 9.541850352986048 23.78240930402918 226.9281906125095
12 5 82 139.6884681067044 3003.520233876968 419557.14039776416
13 2 12 9.541850352986048 36.01211998010309 343.62225974392254
14 0 100 0.0 0.0 0.0
15 5 86 139.6884681067044 3275.042744200361 457485.7039213258
16 0 100 0.0 0.0 0.0
17 1 107 1.0 11.607984241186918 11.607984241186918
18 0 100 0.0 0.0 0.0
19 9 107 604.9491004987461 23559.974173081857 14252585.18377956
20 0 100 0.0 0.0 0.0
21 5 90 139.6884681067044 3557.085524945249 496883.82790413423
22 3 59 32.9215577265747 647.2206215128941 21307.511052966296
23 0 100 0.0 0.0 0.0
24 0 24 0.0 24.0 0.0
25 5 43 139.6884681067044 929.4139107485241 129828.40542952261
26 2 24 9.541850352986048 97.86086952638261 933.7737724338355
27 3 33 32.9215577265747 257.33012181535685 8471.708460130769
28 0 100 0.0 0.0 0.0
29 0 10 0.0 10.0 0.0
30 3 38 32.9215577265747 321.92161897300775 10598.16116245226
31 0 11 0.0 11.0 0.0
32 0 100 0.0 0.0 0.0
33 0 100 0.0 0.0 0.0
34 0 100 0.0 0.0 0.0
35 1 131 1.0 75.68293941204132 75.68293941204132
36 2 115 9.541850352986048 49.68406405407534 474.0779041321602
37 3 146 32.9215577265747 435.9769523615719 14353.040404627594
38 1 106 1.0 9.55892689827884 9.55892689827884
39 0 100 0.0 0.0 0.0
40 0 100 0.0 0.0 0.0
41 0 100 0.0 0.0 0.0
42 1 35 1.0 88.18685030395203 88.18685030395203
43 0 100 0.0 0.0 0.0
44 0 100 0.0 0.0 0.0
45 0 10 0.0 10.0 0.0
46 1 104 1.0 5.735193251789799 5.735193251789799
47 4 34 75.61186198841948 415.7115691523703 31432.725793738326
48 0 100 0.0 0.0 0.0
49 0 100 0.0 0.0 0.0
50 7 118 332.66880679862265 13924.0 4632080.465864022
51 0 100 0.0 0.0 0.0
52 0 5 0.0 5.0 0.0
53 2 20 9.541850352986048 75.23327232919837 717.8646261306569
54 0 100 0.0 0.0 0.0
55 3 12 32.9215577265747 51.65274962739505 1700.488978594596
56 0 100 0.0 0.0 0.0
57 1 10 1.0 18.1937008646705 18.1937008646705
58 0 100 0.0 0.0 0.0
59 1 101 1.0 1.0 1.0
60 4 43 75.61186198841948 621.143248020611 46965.797544373054
61 0 100 0.0 0.0 0.0
62 0 10 0.0 10.0 0.0
63 0 100 0.0 0.0 0.0
64 1 10 1.0 18.1937008646705 18.1937008646705
65 0 100 0.0 0.0 0.0
66 2 41 9.541850352986048 211.85407612585806 2021.4798910630518
67 0 100 0.0 0.0 0.0
68 1 15 1.0 30.323695983612147 30.323695983612147
69 0 100 0.0 0.0 0.0
70 3 52 32.9215577265747 529.6457757489877 17436.763980956737
71 1 7 1.0 11.607984241186918 11.607984241186918
72 0 100 0.0 0.0 0.0
73 3 68 32.9215577265747 810.8239638778247 26693.587932893923
74 0 10 0.0 10.0 0.0
75 2 58 9.541850352986048 349.384203814786 3333.771788497865
76 0 6 0.0 6.0 0.0
77 5 87 139.6884681067044 3344.5706484424895 467197.95035557833
78 4 60 75.61186198841948 1097.9836363389938 83020.58717640696
79 1 105 1.0 7.59708563275366 7.59708563275366
80 0 100 0.0 0.0 0.0
81 0 100 0.0 0.0 0.0
82 1 7 1.0 11.607984241186918 11.607984241186918
83 0 100 0.0 0.0 0.0
84 0 100 0.0 0.0 0.0
85 0 5 0.0 5.0 0.0
86 7 100 332.66880679862265 10000.0 3326688.0679862266
87 0 100 0.0 0.0 0.0
88 0 100 0.0 0.0 0.0
89 0 100 0.0 0.0 0.0
90 4 50 75.61186198841948 803.8922494719358 60783.78982063209
91 3 68 32.9215577265747 810.8239638778247 26693.587932893923
92 0 100 0.0 0.0 0.0
93 1 12 1.0 22.891970023971037 22.891970023971037
94 0 6 0.0 6.0 0.0
95 0 100 0.0 0.0 0.0
96 0 100 0.0 0.0 0.0
97 2 21 9.541850352986048 80.71796600694597 770.1987524356932
98 3 25 32.9215577265747 165.61186212092687 5452.200479019623
99 0 8 0.0 8.0 0.0
100 1 107 1.0 11.607984241186918 11.607984241186918
101 0 100 0.0 0.0 0.0
102 0 100 0.0 0.0 0.0
103 4 178 75.61186198841948 1719.6349352173313 130024.79939211752
104 0 100 0.0 0.0 0.0
105 0 100 0.0 0.0 0.0
106 5 31 139.6884681067044 512.8425432350123 71638.18924444518
107 2 15 9.541850352986048 49.68406405407534 474.0779041321602
108 2 35 9.541850352986048 168.62869283493262 1609.0297522505775
109 6 79 225.58275470837765 4266.090224510861 962356.3846796412
110 2 36 9.541850352986048 175.6210676402407 1675.7499462548174
111 2 124 9.541850352986048 97.86086952638261 933.7737724338355
112 0 100 0.0 0.0 0.0
113 2 101 9.541850352986048 1.0 9.541850352986048
114 0 100 0.0 0.0 0.0
115 1 103 1.0 3.9914906122521803 3.9914906122521803
116 0 8 0.0 8.0 0.0
117 0 22 0.0 22.0 0.0
118 4 160 75.61186198841948 1097.9836363389938 83020.58717640696
119 3 17 32.9215577265747 89.78750677036001 2955.9445872656233
120 1 106 1.0 9.55892689827884 9.55892689827884
121 5 46 139.6884681067044 1050.58572833688 146754.71100614508
122 4 82 75.61186198841948 1873.1633591984112 141633.36939747448
123 3 128 32.9215577265747 198.25318874016915 6526.8037975869875
124 3 59 32.9215577265747 647.2206215128941 21307.511052966296
125 1 11 1.0 20.51504931294799 20.51504931294799
126 3 147 32.9215577265747 451.11773253603667 14851.498473166615
127 3 116 32.9215577265747 81.54950460903234 2684.7367235598276
128 0 18 0.0 18.0 0.0
129 3 20 32.9215577265747 116.21344721391306 3825.92771105708
130 0 100 0.0 0.0 0.0
131 2 29 9.541850352986048 128.5709592386038 1226.8048527946264
132 3 61 32.9215577265747 682.3928350558612 22465.435111492498
133 1 114 1.0 27.799106543625292 27.799106543625292
134 0 100 0.0 0.0 0.0
135 5 84 139.6884681067044 3137.9608221632784 438336.940226843
136 2 33 9.541850352986048 154.90879557685506 1478.1165457556579
137 3 44 32.9215577265747 406.27351121486885 13375.156852238497
138 3 38 32.9215577265747 321.92161897300775 10598.16116245226
139 1 9 1.0 15.931997307697284 15.931997307697284
140 3 74 32.9215577265747 927.3002957027797 30528.17021484885
141 9 172 604.9491004987461 65508.859210178634 39629525.45389657
142 3 156 32.9215577265747 595.765723501293 19613.535657762357
143 1 29 1.0 69.58346013935528 69.58346013935528
144 3 138 32.9215577265747 321.92161897300775 10598.16116245226
145 1 107 1.0 11.607984241186918 11.607984241186918
146 6 99 225.58275470837765 6569.204673563341 1481899.2865055674
147 0 100 0.0 0.0 0.0
148 3 126 32.9215577265747 176.25042831919396 5802.438650243859
149 3 154 32.9215577265747 562.3460860297637 18513.309133542207
150 5 53 139.6884681067044 1358.9929081032851 189835.63750082318
151 8 102 459.67273235884244 15068.038606609061 6926366.477588512
152 2 28 9.541850352986048 122.22584512913716 1166.2607234894754
153 6 78 225.58275470837765 4163.386850757332 939188.274710476
154 2 37 9.541850352986048 182.69988024795316 1743.2949168344405
155 3 28 32.9215577265747 198.25318874016915 6526.8037975869875
156 3 30 32.9215577265747 221.1993434691573 7282.2269551002855
157 1 120 1.0 43.57075425423803 43.57075425423803
158 4 128 75.61186198841948 4011.2373703018793 303297.12644605635
159 2 56 9.541850352986048 332.1417203303481 3169.2465913755254
160 7 148 332.66880679862265 21904.0 7286777.544117031
161 5 67 139.6884681067044 2080.6456750556 290642.2070213566
162 2 20 9.541850352986048 75.23327232919837 717.8646261306569
163 7 147 332.66880679862265 21609.0 7188640.246111437
164 3 156 32.9215577265747 595.765723501293 19613.535657762357
165 2 28 9.541850352986048 122.22584512913716 1166.2607234894754
166 4 87 75.61186198841948 2072.675291085697 156718.8380563789
167 2 34 9.541850352986048 161.72412498062124 1543.1473990327004
168 4 114 75.61186198841948 3290.469127179636 248798.49752146174
169 5 86 139.6884681067044 3275.042744200361 457485.7039213258
170 8 96 459.67273235884244 13282.821141836259 6105750.687701672
171 0 100 0.0 0.0 0.0
172 1 13 1.0 25.320989780782124 25.320989780782124
173 8 132 459.67273235884244 25761.522721704056 11841869.539210107
174 4 57 75.61186198841948 1005.7817905983286 76049.03394118624
175 3 176 32.9215577265747 967.3986454236635 31848.270349925308
176 4 74 75.61186198841948 1571.597319835911 118831.39964880285
177 7 74 332.66880679862265 5476.0 1821694.3860292577
178 6 115 225.58275470837765 8749.296958158795 1973690.5095830902
179 4 168 75.61186198841948 1360.0227175454593 102833.85002016247
180 5 89 139.6884681067044 3485.593399577667 486897.20242984424
181 4 52 75.61186198841948 859.6554919481086 65000.15241476724
182 4 148 75.61186198841948 749.6906189831174 56685.50361656424
183 1 107 1.0 11.607984241186918 11.607984241186918
184 4 51 75.61186198841948 831.5797944458234 62877.296649995835
185 7 88 332.66880679862265 7744.0 2576187.2398485336
186 5 62 139.6884681067044 1807.1402103142602 252436.6476328266
187 2 139 9.541850352986048 197.11162840858907 1880.8096611081503
188 4 69 75.61186198841948 1394.4010936602072 105433.26305033677
189 3 110 32.9215577265747 38.67239348588604 1273.1554345704085
190 3 20 32.9215577265747 116.21344721391306 3825.92771105708
191 3 55 32.9215577265747 578.9666715492328 19060.48469917088
192 6 108 225.58275470837765 7758.892052145152 1750272.2426078406
193 2 21 9.541850352986048 80.71796600694597 770.1987524356932
194 6 72 225.58275470837765 3572.3109038912485 805851.7343745624
195 3 68 32.9215577265747 810.8239638778247 26693.587932893923
196 3 145 32.9215577265747 421.0282951259743 13860.907322511091
197 4 97 75.61186198841948 2496.5017632734202 188765.14677847573
198 2 50 9.541850352986048 282.0582186126376 2691.3573128316116
199 6 85 225.58275470837765 4907.334112484054 1107009.9473685443
