0 1 100 1.0 0.0 0.0
1 0 100 0.0 0.0 0.0
2 0 100 0.0 0.0 0.0
3 2 20 9.541850352986048 75.23327232919837 717.8646261306569
4 2 162 9.541850352986048 384.6592176812078 3670.3606920107695
5 0 100 0.0 0.0 0.0
6 0 11 0.0 11.0 0.0
7 0 100 0.0 0.0 0.0
8 0 100 0.0 0.0 0.0
9 0 100 0.0 0.0 0.0
10 0 100 0.0 0.0 0.0
11 0 5 0.0 5.0 0.0
12 1 104 1.0 5.735193251789799 5.735193251789799
13 8 244 459.67273235884244 92463.63379425845 42503011.19003418
14 19 357 2668.9360872348193 8491952.86908583 22664479463.400433
15 0 100 0.0 0.0 0.0
16 1 117 1.0 35.503281577765854 35.503281577765854
17 0 100 0.0 0.0 0.0
18 0 100 0.0 0.0 0.0
19 2 17 9.541850352986048 59.51335422080222 567.8675199791454
20 0 6 0.0 6.0 0.0
21 0 5 0.0 5.0 0.0
22 5 201 139.6884681067044 4386.2526434047795 612708.9124861964
23 0 10 0.0 10.0 0.0
24 28 676 4724.12231882448 494871963.2355271 2337835686481.4414
25 0 100 0.0 0.0 0.0
26 0 6 0.0 6.0 0.0
27 0 100 0.0 0.0 0.0
28 3 153 32.9215577265747 545.90532331836 17972.053614869816
29 0 100 0.0 0.0 0.0
30 0 100 0.0 0.0 0.0
31 1 102 1.0 2.3948263510722025 2.3948263510722025
32 0 100 0.0 0.0 0.0
33 0 100 0.0 0.0 0.0
34 0 100 0.0 0.0 0.0
35 0 8 0.0 8.0 0.0
36 20 596 2902.6872563902634 27329366.46739378 79328603770.1233
37 0 100 0.0 0.0 0.0
38 0 100 0.0 0.0 0.0
39 0 5 0.0 5.0 0.0
40 0 5 0.0 5.0 0.0
41 34 740 5933.442745663244 2429110182.686367 14412986191877.14
42 0 100 0.0 0.0 0.0
43 47 1202 7902.318130854768 155996790893.4788 1232736269032697.5
44 3 77 32.9215577265747 987.6825062906825 32516.04664637668
45 0 100 0.0 0.0 0.0
46 31 938 5350.621552679651 2729957114.1561627 14606967372895.107
47 1 112 1.0 22.891970023971037 22.891970023971037
48 0 100 0.0 0.0 0.0
49 0 100 0.0 0.0 0.0
50 0 5 0.0 5.0 0.0
51 0 100 0.0 0.0 0.0
52 0 10 0.0 10.0 0.0
53 1 122 1.0 49.12998068819353 49.12998068819353
54 40 816 6955.50474228233 10968322313.128738 76290217863848.03
55 2 139 9.541850352986048 197.11162840858907 1880.8096611081503
56 0 5 0.0 5.0 0.0
57 0 100 0.0 0.0 0.0
58 6 217 225.58275470837765 9042.681338614557 2039872.9663147116
59 0 100 0.0 0.0 0.0
60 33 709 5744.298091538941 1717857695.5794592 9867886682252.57
61 8 243 459.67273235884244 30428.435598390966 13987122.132917445
62 1 8 1.0 13.734791927877684 13.734791927877684
63 0 100 0.0 0.0 0.0
64 0 100 0.0 0.0 0.0
65 10 257 766.6651705632711 76495.71491932069 58646600.32598036
66 17 549 2206.0678959513543 8930006.469203271 19700200582.347244
67 0 100 0.0 0.0 0.0
68 4 192 75.61186198841948 2280.4993308091553 172432.80066582482
69 1 101 1.0 1.0 1.0
70 2 11 9.541850352986048 31.76494829034237 303.0963830567869
71 1 106 1.0 9.55892689827884 9.55892689827884
72 44 1032 7528.2761260995885 52400705861.98699 394486982931563.44
73 25 710 4060.496712466729 279796094.4632257 1136111121728.9585
74 0 8 0.0 8.0 0.0
75 0 100 0.0 0.0 0.0
76 1 5 1.0 7.59708563275366 7.59708563275366
77 0 100 0.0 0.0 0.0
78 1 103 1.0 3.9914906122521803 3.9914906122521803
79 0 5 0.0 5.0 0.0
80 0 100 0.0 0.0 0.0
81 0 10 0.0 10.0 0.0
82 0 6 0.0 6.0 0.0
83 0 10 0.0 10.0 0.0
84 0 10 0.0 10.0 0.0
85 3 29 32.9215577265747 209.61005902119368 6900.689658136957
86 0 100 0.0 0.0 0.0
87 2 141 9.541850352986048 211.85407612585806 2021.4798910630518
88 0 9 0.0 9.0 0.0
89 0 100 0.0 0.0 0.0
90 0 100 0.0 0.0 0.0
91 0 100 0.0 0.0 0.0
92 1 11 1.0 20.51504931294799 20.51504931294799
93 1 101 1.0 1.0 1.0
94 1 108 1.0 13.734791927877684 13.734791927877684
95 0 100 0.0 0.0 0.0
96 1 20 1.0 43.57075425423803 43.57075425423803
97 2 40 9.541850352986048 204.4421003683832 1950.7559275652661
98 3 64 32.9215577265747 736.4308795040106 24244.45171122346
99 1 7 1.0 11.607984241186918 11.607984241186918
100 23 527 3602.4235623004615 70967642.82929532 255655508689.17685
101 41 1053 7106.788070274764 32065760943.979233 227884567340954.06
102 24 471 3832.71054120725 65457670.71605806 250880304556.30887
103 33 878 5744.298091538941 3433836168.4782376 19724978549246.93
104 1 119 1.0 40.84402933782601 40.84402933782601
105 0 100 0.0 0.0 0.0
106 37 708 6468.923834840442 3817171924.5362625 24692994444316.39
107 33 840 5744.298091538941 2975292622.2896795 17090967731988.496
108 13 257 1331.5823725933528 643104.6864199162 856346864.1689363
109 14 294 1540.4353185285338 1223116.9647049224 1884132571.1228805
110 19 347 2668.9360872348193 7861674.857273578 20982307732.684097
111 40 1040 6955.50474228233 25315492185.039246 176082025946251.75
112 41 962 7106.788070274764 15991951804.52898 113651412304835.55
113 32 715 5549.980220652734 881886462.4068089 4894452423219.2
114 1 104 1.0 5.735193251789799 5.735193251789799
115 10 322 766.6651705632711 165288.37142907528 126720837.4737973
116 20 472 2902.6872563902634 23834345.26586716 69183650267.63821
117 27 515 4506.6139001521815 171650046.55810508 773560485780.5255
118 48 899 8016.77096497358 64373882948.55877 516070675724613.75
119 36 729 6295.82243666837 3461331742.7812667 21791930046954.73
120 22 608 3370.209833397988 82613584.14223959 278425113648.4279
121 0 100 0.0 0.0 0.0
122 43 894 7393.130324549447 26257265555.399796 194123386217373.9
123 1 123 1.0 51.960050539976365 51.960050539976365
124 6 233 225.58275470837765 11555.32145660623 2606681.2457220564
125 33 654 5744.298091538941 1322448903.5980148 7596540713095.841
126 20 588 2902.6872563902634 43702075.04206069 126853456302.40054
127 10 290 766.6651705632711 116923.72419487912 89641346.95275986
128 23 586 3602.4235623004615 96382523.90929686 347210675124.83856
129 2 112 9.541850352986048 36.01211998010309 343.62225974392254
130 22 511 3370.209833397988 50395152.69504731 169842239168.44156
131 36 985 6295.82243666837 9436123553.779423 59408158385059.36
132 31 622 5350.621552679651 740852227.9661047 3964019898306.178
133 34 787 5933.442745663244 2971155502.10686 17629181060213.383
134 16 458 1979.1134619514044 6947593.798033444 13750076413.858076
135 0 100 0.0 0.0 0.0
136 36 739 6295.82243666837 3622093711.0723977 22804058853885.0
137 39 852 6798.773358825962 10518708998.964108 71514318511400.08
138 44 1083 7528.2761260995885 62208487026.03999 468322667718912.9
139 35 763 6117.310290426031 3295234436.195351 20157971525904.043
140 39 689 6798.773358825962 5088305774.278489 34594237739724.9
141 23 616 3602.4235623004615 111312302.6714986 400994061917.7272
142 36 958 6295.82243666837 8601442631.423048 54153155506629.05
143 0 100 0.0 0.0 0.0
144 35 1032 6117.310290426031 8932049309.32869 54640117154549.12
145 13 315 1331.5823725933528 1050228.6334482927 1398465935.4925523
146 41 870 7106.788070274764 16513808545.754345 117360137567768.44
147 37 984 6468.923834840442 11544520880.8468 74680626287923.05
148 48 920 8016.77096497358 70049609709.78284 561571677229118.4
149 17 470 2206.0678959513543 10066476.074625088 22207329693.592815
150 27 637 4506.6139001521815 327354922.46458536 1475262243862.1401
151 40 873 6955.50474228233 13843822405.979687 96290772396106.1
152 23 686 3602.4235623004615 151835902.16852054 546977231575.0261
153 46 1214 7782.801884860074 135023335914.78558 1050859873257688.1
154 45 1114 7658.1450374688 82629570674.42484 632789236608524.0
155 42 850 7252.650449022947 18319793854.28161 132867061123263.34
156 28 542 4724.12231882448 251022129.4605194 1185859244303.2878
157 37 917 6468.923834840442 9107786726.936565 58917578640523.37
158 21 509 3136.7198300107975 38399863.721781574 120449614005.8245
159 16 376 1979.1134619514044 4183435.699461505 8279493910.012354
160 27 578 4506.6139001521815 243691070.2264299 1098221564425.3905
161 33 773 5744.298091538941 2272900230.6171203 13056216456992.342
162 38 776 6636.579650383532 6311493479.275219 41886729188086.27
163 39 669 6798.773358825962 4600673368.495585 31278935530387.883
164 35 775 6117.310290426031 3469477071.821133 21223867793848.594
165 20 405 2902.6872563902634 15623225.540069867 45349337678.8717
166 39 1183 6798.773358825962 32319154867.946037 219730609095961.9
167 22 480 3370.209833397988 42178722.32549526 142151144741.54736
168 11 357 942.9223974109915 329131.5687372534 310345527.8573715
169 30 785 5146.386239304723 1241330798.9166574 6388367741969.824
170 59 1322 8967.266196081293 1656563256990.3372 1.4854843696079778e+16
171 39 694 6798.773358825962 5215701168.147244 35460370149596.93
172 53 1318 8516.089422990353 620213618053.8154 5281794632702676.0
173 24 542 3832.71054120725 98687559.70573573 378240850370.1932
174 35 786 6117.310290426031 3634750473.78716 22234896476429.086
175 38 674 6636.579650383532 3913666452.134603 25973359134625.223
176 31 746 5350.621552679651 1319402411.5168357 7059622979719.487
177 37 817 6468.923834840442 6177587893.860219 39962345568414.14
178 44 1033 7528.2761260995885 52581534087.78261 395848307746745.5
179 27 553 4506.6139001521815 213073228.60767063 960238773793.632
180 33 666 5744.298091538941 1402685906.4651983 8057445975536.607
181 35 772 6117.310290426031 3425328660.0865884 20953798260438.9
182 13 382 1331.5823725933528 804357.1630892344 1071067819.6388211
183 37 858 6468.923834840442 7283030318.899307 47113368419793.32
184 37 1069 6468.923834840442 10963446336.714499 70921699319566.55
185 14 243 1540.4353185285338 764558.9851738521 1177753663.8601353
186 38 761 6636.579650383532 5907240054.208432 39203869133690.195
187 22 449 3370.209833397988 34884764.18840005 117568975303.51584
188 24 545 3832.71054120725 100293297.7108255 384395179348.7179
189 55 1135 8683.506947919002 487521410652.05676 4233395556656408.0
190 44 1040 7528.2761260995885 53859917516.156204 405472331190571.8
191 44 1137 7528.2761260995885 73962901016.13937 556813141936869.06
192 31 714 5350.621552679651 1147960875.347817 6142304201269.028
193 49 1185 8126.242482129881 210705183949.27048 1712241417013553.0
194 31 751 5350.621552679651 1347682913.2908332 7210941242032.034
195 32 784 5549.980220652734 1921401533.216083 10663740505281.098
196 33 660 5744.298091538941 1362159011.316619 7824647409078.624
197 43 1107 7393.130324549447 55834352728.88753 412790646311528.56
198 45 1047 7658.1450374688 66162747007.989586 506683912664539.1
199 49 1033 8126.242482129881 127069266953.79222 1032595675293009.0
