0 2 55 9.541850352986048 323.62148105306557 3087.947743220061
1 0 100 0.0 0.0 0.0
2 0 100 0.0 0.0 0.0
3 1 100 1.0 0.0 0.0
4 1 11 1.0 20.51504931294799 20.51504931294799
5 0 100 0.0 0.0 0.0
6 0 100 0.0 0.0 0.0
7 6 81 225.58275470837765 4475.076918624486 1009500.1788351899
8 0 100 0.0 0.0 0.0
9 0 7 0.0 7.0 0.0
10 2 59 9.541850352986048 358.10513855020525 3416.9856426813935
11 32 1108 5549.980220652734 5827278847.604643 32341282344433.824
12 0 100 0.0 0.0 0.0
13 1 11 1.0 20.51504931294799 20.51504931294799
14 0 100 0.0 0.0 0.0
15 44 1259 7528.2761260995885 79180430339.20499 596092143376928.5
16 0 100 0.0 0.0 0.0
17 0 100 0.0 0.0 0.0
18 1 24 1.0 54.8222930413608 54.8222930413608
19 3 72 32.9215577265747 887.8335628861327 29228.863892146303
20 1 125 1.0 57.71571011139208 57.71571011139208
21 2 39 9.541850352986048 197.11162840858907 1880.8096611081503
22 1 19 1.0 40.84402933782601 40.84402933782601
23 1 13 1.0 25.320989780782124 25.320989780782124
24 1 14 1.0 27.799106543625292 27.799106543625292
25 0 100 0.0 0.0 0.0
26 3 93 32.9215577265747 1332.8212345645688 43878.55121292201
27 1 105 1.0 7.59708563275366 7.59708563275366
28 0 100 0.0 0.0 0.0
29 0 8 0.0 8.0 0.0
30 1 11 1.0 20.51504931294799 20.51504931294799
31 0 100 0.0 0.0 0.0
32 0 10 0.0 10.0 0.0
33 1 12 1.0 22.891970023971037 22.891970023971037
34 0 100 0.0 0.0 0.0
35 0 100 0.0 0.0 0.0
36 0 100 0.0 0.0 0.0
37 2 33 9.541850352986048 154.90879557685506 1478.1165457556579
38 24 646 3832.71054120725 164880665.2810724 631939863864.0305
39 1 15 1.0 30.323695983612147 30.323695983612147
40 1 6 1.0 9.55892689827884 9.55892689827884
41 0 100 0.0 0.0 0.0
42 0 100 0.0 0.0 0.0
43 2 118 9.541850352986048 64.62733255388774 616.6643359418604
44 0 5 0.0 5.0 0.0
45 0 10 0.0 10.0 0.0
46 0 100 0.0 0.0 0.0
47 0 9 0.0 9.0 0.0
48 2 134 9.541850352986048 161.72412498062124 1543.1473990327004
49 0 100 0.0 0.0 0.0
50 3 27 32.9215577265747 187.1321231368427 6160.680994346051
51 44 1163 7528.2761260995885 80156724442.77925 603441954968918.4
52 0 100 0.0 0.0 0.0
53 0 100 0.0 0.0 0.0
54 0 100 0.0 0.0 0.0
55 3 154 32.9215577265747 562.3460860297637 18513.309133542207
56 48 1442 8016.77096497358 278870541982.2678 2235641263949890.5
57 5 209 139.6884681067044 5037.901195841188 703736.7005199897
58 0 100 0.0 0.0 0.0
59 0 100 0.0 0.0 0.0
60 4 84 75.61186198841948 1951.9617083430758 147591.45929791615
61 1 29 1.0 69.58346013935528 69.58346013935528
62 0 9 0.0 9.0 0.0
63 0 100 0.0 0.0 0.0
64 15 392 1756.7778603087352 3425085.431160762 6017114255.129225
65 0 11 0.0 11.0 0.0
66 23 890 3602.4235623004615 321745839.3225909 1159064792647.8398
67 1 9 1.0 15.931997307697284 15.931997307697284
68 0 100 0.0 0.0 0.0
69 0 100 0.0 0.0 0.0
70 2 124 9.541850352986048 97.86086952638261 933.7737724338355
71 0 19 0.0 19.0 0.0
72 1 6 1.0 9.55892689827884 9.55892689827884
73 1 113 1.0 25.320989780782124 25.320989780782124
74 0 100 0.0 0.0 0.0
75 17 497 2206.0678959513543 6467818.972438096 14268447791.920761
76 1 6 1.0 9.55892689827884 9.55892689827884
77 0 100 0.0 0.0 0.0
78 0 10 0.0 10.0 0.0
79 0 6 0.0 6.0 0.0
80 0 100 0.0 0.0 0.0
81 1 7 1.0 11.607984241186918 11.607984241186918
82 41 1007 7106.788070274764 27454305057.730312 195111927661961.9
83 1 114 1.0 27.799106543625292 27.799106543625292
84 1 111 1.0 20.51504931294799 20.51504931294799
85 0 100 0.0 0.0 0.0
86 0 5 0.0 5.0 0.0
87 2 125 9.541850352986048 103.79546451213633 990.4007896934788
88 31 748 5350.621552679651 1330665323.1475582 7119886557436.758
89 0 100 0.0 0.0 0.0
90 1 116 1.0 32.892441635375256 32.892441635375256
91 0 100 0.0 0.0 0.0
92 1 102 1.0 2.3948263510722025 2.3948263510722025
93 7 216 332.66880679862265 13456.0 4476391.464282267
94 0 6 0.0 6.0 0.0
95 48 1479 8016.77096497358 397999603758.5626 3190671667482634.5
96 0 100 0.0 0.0 0.0
97 6 190 225.58275470837765 5474.33581455389 1234915.7532457968
98 1 8 1.0 13.734791927877684 13.734791927877684
99 0 10 0.0 10.0 0.0
100 28 704 4724.12231882448 560590060.2140752 2648296015168.472
101 26 693 4285.277943143774 332812557.0 1426194309713.38
102 19 512 2668.9360872348193 22599046.209784403 60315409966.38086
103 12 243 1131.8354418063404 406779.24166865565 460407162.711691
104 47 1097 7902.318130854768 111903620772.51016 884298011338903.4
105 22 519 3370.209833397988 52671391.722098686 177513642320.57437
106 23 660 3602.4235623004615 135822606.02125677 489290556224.02795
107 0 100 0.0 0.0 0.0
108 24 628 3832.71054120725 151804144.64834931 581821345392.6786
109 38 740 6636.579650383532 5372438350.626756 35654615030709.59
110 42 919 7252.650449022947 24080961031.208622 174650792835899.3
111 59 1434 8967.266196081293 2277572080042.851 2.0423595122506816e+16
112 16 314 1979.1134619514044 2632141.5282824785 5209306732.385197
113 47 1049 7902.318130854768 95110111725.32115 751590360314628.0
114 0 100 0.0 0.0 0.0
115 8 175 459.67273235884244 46313.45274338213 21289031.36752259
116 70 1548 9442.82563194904 16153260341404.63 1.5253242079136154e+17
117 2 53 9.541850352986048 306.7864203576611 2927.3101133810746
118 57 1672 8833.632285946418 2997436536845.8896 2.647825216695727e+16
119 27 594 4506.6139001521815 264758144.74378327 1193162735280.837
120 35 867 6117.310290426031 5024875614.570568 30738723305123.363
121 31 835 5350.621552679651 1887019418.86244 10096726772890.402
122 32 1032 5549.980220652734 4639605864.064416 25749720777181.945
123 30 686 5146.386239304723 812781296.1310208 4182886477972.9424
124 29 792 4937.473672561782 1016279370.8666039 5017852637621.508
125 42 1038 7252.650449022947 36892659030.70132 267569560084666.4
126 31 868 5350.621552679651 2134118870.3430452 11418862423637.848
127 46 834 7782.801884860074 34832145670.99122 271091688981911.12
128 52 1198 8425.648590871551 366069453290.54913 3084372573278634.5
129 25 685 4060.496712466729 251606681.2125574 1021648101898.2537
130 16 501 1979.1134619514044 4936477.969018836 9769850003.111706
131 32 730 5549.980220652734 1528292112.3954942 8481990995174.578
132 51 1430 8330.590095344352 598862285400.2828 4988876223230879.0
133 30 835 5146.386239304723 1507055916.9759927 7755891832988.01
134 24 523 3832.71054120725 88909293.57880162 340763586710.76306
135 54 1014 8602.009448624298 270283440236.64865 2324980706722332.5
136 21 628 3136.7198300107975 42552720.803206064 133475963164.32945
137 36 1180 6295.82243666837 17226313650.270947 108453811980462.44
138 10 262 766.6651705632711 82019.5537684662 62881535.179424524
139 19 527 2668.9360872348193 13806378.112482838 36848340778.4144
140 37 820 6468.923834840442 6254181948.366719 40457826673218.305
141 53 1111 8516.089422990353 325145512497.52545 2768968259912954.0
142 22 611 3370.209833397988 83778118.42714806 282349838546.75555
143 42 1005 7252.650449022947 32944487641.889587 238934853088781.44
144 23 679 3602.4235623004615 147409655.16336697 531032015071.09906
145 31 719 5350.621552679651 1173677804.1630301 6279905754856.437
146 46 1237 7782.801884860074 144485551989.3123 1124502426357467.9
147 33 920 5744.298091538941 3995048186.519474 22948747673429.92
148 24 657 3832.71054120725 173225219.0416629 663922123023.9163
149 40 870 6955.50474228233 13680468338.431734 95154562404605.19
150 41 985 7106.788070274764 25425183556.1199 180691391181179.0
151 37 1006 6468.923834840442 8745653673.188337 56574967497747.9
152 31 723 5350.621552679651 1194533356.7036002 6391495923773.053
153 21 573 3136.7198300107975 53512806.80392915 167854682261.4213
154 36 902 6295.82243666837 7037263300.256523 44305360178497.914
155 25 582 4060.496712466729 155264965.6193639 630452882458.6869
156 20 589 2902.6872563902634 43907434.09755708 127449549415.77428
157 1 105 1.0 7.59708563275366 7.59708563275366
158 45 879 7658.1450374688 35355181503.25339 270755107777948.66
159 42 994 7252.650449022947 31698422180.323326 229897575859440.9
160 41 942 7106.788070274764 21771090411.66443 154722525614490.06
161 47 1304 7902.318130854768 209734621886.30838 1657389705200144.0
162 32 821 5549.980220652734 2227694978.2438993 12363663066901.064
163 0 100 0.0 0.0 0.0
164 30 521 5146.386239304723 342469152.9944258 1762478536356.8567
165 50 833 8230.818941038662 67765222507.67483 557763276959869.44
166 40 979 6955.50474228233 20552679038.218163 142954256516933.06
167 26 625 4285.277943143774 244140625.0 1046210435337.8354
168 21 623 3136.7198300107975 67649628.46675164 212197931104.5228
169 32 782 5549.980220652734 1905723916.0102942 10576730039882.004
170 35 1041 6117.310290426031 9191846981.791843 56229380129736.7
171 40 1049 6955.50474228233 26078950962.120667 181392267090778.62
172 29 750 4937.473672561782 857993137.4629455 4236318527461.9756
173 27 793 4506.6139001521815 636650357.1761034 2869137349186.6787
174 51 1334 8330.590095344352 462039388818.3892 3849060756149431.5
175 21 635 3136.7198300107975 44152429.4407593 138493800969.98224
176 18 478 2436.3877014920204 14118540.921982406 34398239465.32974
177 1 102 1.0 2.3948263510722025 2.3948263510722025
178 3 189 32.9215577265747 1242.9788737846095 40920.80074621283
179 40 987 6955.50474228233 21137617219.46636 147022796810546.9
180 25 597 4060.496712466729 97262449.01084337 394933854454.9924
181 40 1034 6955.50474228233 24815423612.393612 172603796617748.7
182 13 469 1331.5823725933528 1537796.040426861 2047702100.0762632
183 19 481 2668.9360872348193 19074881.36516468 50909639235.21098
184 56 1336 8760.68123103637 1070704653723.8969 9380102163862238.0
185 42 938 7252.650449022947 25870788115.058414 187631783039255.94
186 21 772 3136.7198300107975 123372182.43975864 386983971130.50085
187 18 639 2436.3877014920204 19452524.217063256 47393890765.42861
188 52 1226 8425.648590871551 399257198591.7127 3364000852709587.5
189 18 440 2436.3877014920204 11318620.017104274 27576546607.534252
190 42 1014 7252.650449022947 33989716400.877228 246515531916984.84
191 36 1022 6295.82243666837 10669843180.168219 67175438089436.06
192 33 861 5744.298091538941 3223078226.1014795 18514322103075.445
193 49 1072 8126.242482129881 145657561920.69693 1183648667523431.0
194 43 854 7393.130324549447 22339189585.837906 165156539952917.44
195 38 964 6636.579650383532 13171528751.385775 87413899675888.44
196 34 849 5933.442745663244 3807599588.4727006 22592174156613.7
197 33 815 5744.298091538941 2697867054.215779 15497352570757.482
198 18 546 2436.3877014920204 11735173.233733602 28591431741.54689
199 40 980 6955.50474228233 20625159895.709312 143458397464937.44
