0 0 100 0.0 0.0 0.0
1 1 18 1.0 38.15436697768484 38.15436697768484
2 0 100 0.0 0.0 0.0
3 1 101 1.0 1.0 1.0
4 0 18 0.0 18.0 0.0
5 19 428 2668.9360872348193 13894320.857445085 37083054344.05463
6 1 36 1.0 91.37308344663872 91.37308344663872
7 27 519 4506.6139001521815 175730544.88283807 791949716250.3148
8 0 100 0.0 0.0 0.0
9 0 100 0.0 0.0 0.0
10 18 586 2436.3877014920204 24314344.294552457 59239169409.09028
11 15 367 1756.7778603087352 2901038.688332071 5096480539.560876
12 6 233 225.58275470837765 11555.32145660623 2606681.2457220564
13 20 390 2902.6872563902634 14078318.521950588 40864955765.06898
14 1 18 1.0 38.15436697768484 38.15436697768484
15 2 39 9.541850352986048 197.11162840858907 1880.8096611081503
16 0 6 0.0 6.0 0.0
17 10 313 766.6651705632711 150754.36000534054 115578117.12665118
18 26 520 4285.277943143774 140608000.0 602544361029.5598
19 0 100 0.0 0.0 0.0
20 17 203 2206.0678959513543 1115193.8956847088 2460193451.0309596
21 0 100 0.0 0.0 0.0
22 0 6 0.0 6.0 0.0
23 1 104 1.0 5.735193251789799 5.735193251789799
24 0 100 0.0 0.0 0.0
25 0 10 0.0 10.0 0.0
26 0 6 0.0 6.0 0.0
27 1 16 1.0 32.892441635375256 32.892441635375256
28 2 27 9.541850352986048 115.98017876588344 1106.66550969663
29 0 100 0.0 0.0 0.0
30 0 100 0.0 0.0 0.0
31 0 18 0.0 18.0 0.0
32 3 123 32.9215577265747 145.08021796711313 4776.266770788355
33 4 176 75.61186198841948 1644.92462809159 124375.81396061354
34 0 100 0.0 0.0 0.0
35 1 14 1.0 27.799106543625292 27.799106543625292
36 3 183 32.9215577265747 1112.6192833663745 36629.15996504627
37 0 100 0.0 0.0 0.0
38 16 321 1979.1134619514044 2785673.717634256 5513164355.174171
39 2 113 9.541850352986048 40.41888428935346 385.6709453236695
40 0 100 0.0 0.0 0.0
41 1 11 1.0 20.51504931294799 20.51504931294799
42 18 223 2436.3877014920204 1845952.6984103767 4497456451.94305
43 23 383 3602.4235623004615 28264066.324869614 101819138495.13332
44 1 27 1.0 63.59241768810072 63.59241768810072
45 1 101 1.0 1.0 1.0
46 13 303 1331.5823725933528 364245.1060790388 485022362.558244
47 3 142 32.9215577265747 377.3528472077043 12423.04354263576
48 0 100 0.0 0.0 0.0
49 0 100 0.0 0.0 0.0
50 0 100 0.0 0.0 0.0
51 9 118 604.9491004987461 29089.380350657248 17597594.477196
52 0 18 0.0 18.0 0.0
53 1 5 1.0 7.59708563275366 7.59708563275366
54 1 9 1.0 15.931997307697284 15.931997307697284
55 1 13 1.0 25.320989780782124 25.320989780782124
56 1 6 1.0 9.55892689827884 9.55892689827884
57 7 201 332.66880679862265 10201.0 3393554.4981527496
58 31 674 5350.621552679651 955950469.5184078 5114929185499.425
59 0 100 0.0 0.0 0.0
60 0 100 0.0 0.0 0.0
61 0 6 0.0 6.0 0.0
62 0 100 0.0 0.0 0.0
63 3 58 32.9215577265747 629.8939717412368 20737.090752300537
64 10 313 766.6651705632711 150754.36000534054 115578117.12665118
65 0 15 0.0 15.0 0.0
66 23 456 3602.4235623004615 46750020.2785495 168413374589.4711
67 1 102 1.0 2.3948263510722025 2.3948263510722025
68 8 279 459.67273235884244 48542.612462899684 22313715.306657497
69 0 100 0.0 0.0 0.0
70 4 67 75.61186198841948 1326.001420918201 100261.43643491513
71 11 242 942.9223974109915 286797.13073296356 270427438.0813196
72 0 100 0.0 0.0 0.0
73 8 258 459.67273235884244 37444.75893656286 17212334.652888034
74 0 10 0.0 10.0 0.0
75 0 100 0.0 0.0 0.0
76 0 6 0.0 6.0 0.0
77 0 100 0.0 0.0 0.0
78 7 156 332.66880679862265 24336.0 8095828.082251281
79 1 107 1.0 11.607984241186918 11.607984241186918
80 15 248 1756.7778603087352 1080538.2653407964 1898265701.7671168
81 0 100 0.0 0.0 0.0
82 0 6 0.0 6.0 0.0
83 0 100 0.0 0.0 0.0
84 16 410 1979.1134619514044 5226404.644862808 10343647790.253332
85 4 45 75.61186198841948 671.3571728121805 50762.565895610074
86 17 449 2206.0678959513543 4614109.052580355 10179037849.31604
87 0 100 0.0 0.0 0.0
88 0 8 0.0 8.0 0.0
89 24 522 3832.71054120725 88413128.30408753 338861928832.18536
90 24 444 3832.71054120725 55080105.630365014 211106101460.3088
91 0 100 0.0 0.0 0.0
92 0 6 0.0 6.0 0.0
93 0 100 0.0 0.0 0.0
94 0 10 0.0 10.0 0.0
95 0 100 0.0 0.0 0.0
96 0 5 0.0 5.0 0.0
97 0 100 0.0 0.0 0.0
98 12 204 1131.8354418063404 269596.0522671843 305138366.9270738
99 13 283 1331.5823725933528 811248.8814220636 1080244710.287695
100 39 904 6798.773358825962 12881125776.447266 87575854760596.05
101 23 489 3602.4235623004615 57188551.01672651 206017383676.4776
102 9 125 604.9491004987461 32934.84879335048 19923907.152599588
103 13 224 1331.5823725933528 461776.76854868385 614893805.072548
104 18 367 2436.3877014920204 2984740.9940888057 7271986250.137033
105 18 304 2436.3877014920204 4219917.534448581 10281355182.24105
106 16 391 1979.1134619514044 4626114.482146402 9155605448.144293
107 0 100 0.0 0.0 0.0
108 11 250 942.9223974109915 308967.0465603249 291331948.263655
109 20 385 2902.6872563902634 13585953.184259 39435773173.86332
110 19 532 2668.9360872348193 25076247.98227091 66926903172.33216
111 4 91 75.61186198841948 2238.2761103848434 169240.22435039515
112 19 341 2668.9360872348193 7498132.400639471 20012036150.93133
113 15 314 1756.7778603087352 1958251.40778253 3440212718.110761
114 14 230 1540.4353185285338 667608.2663166124 1028407352.375713
115 36 716 6295.82243666837 3259894592.058451 20523717513855.48
116 10 141 766.6651705632711 60231.061452958435 46177057.00203924
117 30 497 5146.386239304723 295312473.7047222 1519792050969.0203
118 31 732 5350.621552679651 1242383877.5149977 6647525951733.463
119 9 299 604.9491004987461 89686.85912801698 54255984.75605163
120 26 399 4285.277943143774 63521199.0 272205992996.74634
121 24 396 3832.71054120725 39419108.86648526 151082034077.57425
122 17 280 2206.0678959513543 2590409.063250556 5714618271.818473
123 19 320 2668.9360872348193 6309910.995802914 16840749163.93819
124 18 421 2436.3877014920204 10060942.599595565 24512356815.071793
125 14 220 1540.4353185285338 598289.1109657976 921625677.2227516
126 8 273 459.67273235884244 45219.26451860866 20786062.8765261
127 29 583 4937.473672561782 392261092.9278879 1936778819101.7573
128 21 392 3136.7198300107975 18470963.726188287 57938238199.34493
129 28 474 4724.12231882448 166279542.5034753 785524897904.5916
130 31 610 5350.621552679651 696419656.0743257 3726278021501.037
131 13 281 1331.5823725933528 797499.8208255961 1061936703.557721
132 23 360 3602.4235623004615 23640266.419223603 85162252767.67146
133 8 204 459.67273235884244 15689.114034349886 7211857.916459074
134 23 547 3602.4235623004615 79017282.52433632 284653720394.62164
135 23 425 3602.4235623004615 38158000.550136365 137461280272.0852
136 7 206 332.66880679862265 11236.0 3737866.7131893244
137 20 380 2902.6872563902634 13104707.581370598 38038867695.165306
138 13 271 1331.5823725933528 730806.0186361094 973128412.2009726
139 23 502 3602.4235623004615 61684713.386882685 222214464938.6569
140 16 248 1979.1134619514044 1434859.9927956641 2839750727.757394
141 13 256 1331.5823725933528 637090.1971367325 848338076.2592971
142 25 370 4060.496712466729 40577707.79617201 164765649105.792
143 26 383 4285.277943143774 56181887.0 240755001165.29593
144 7 113 332.66880679862265 12769.0 4247847.994011613
145 38 608 6636.579650383532 2759342907.7973447 18312598990317.98
146 33 504 5744.298091538941 568624879.7578665 3266350811594.6724
147 16 274 1979.1134619514044 1854142.6538312496 3669558686.5757284
148 18 309 2436.3877014920204 4407672.436696957 10738798916.973831
149 18 318 2436.3877014920204 4758615.915315257 11593833292.198286
150 14 264 1540.4353185285338 937969.7744155535 1444881768.2219603
151 16 296 1979.1134619514044 2261449.4362102253 4475665022.72607
152 29 436 4937.473672561782 159037015.99544913 785241079440.3171
153 22 446 3370.209833397988 34225982.44525062 115348742594.69057
154 8 132 459.67273235884244 25761.522721704056 11841869.539210107
155 27 412 4506.6139001521815 87170201.28037158 392842440769.18604
156 16 448 1979.1134619514044 6564208.227111377 12991312869.328287
157 0 100 0.0 0.0 0.0
158 24 584 3832.71054120725 122755295.52594987 470485515151.3192
159 23 401 3602.4235623004615 32267677.350820687 116241841189.30537
160 20 450 2902.6872563902634 20893545.794594694 60647429118.7764
161 30 682 5146.386239304723 797986248.9947667 4106745450981.0596
162 9 236 604.9491004987461 129504.22450458715 78343464.12483768
163 36 880 6295.82243666837 6481410105.639187 40805807164332.305
164 29 826 4937.473672561782 1158071095.8634534 5717945546780.573
165 22 384 3370.209833397988 22361155.10165713 75361784809.74245
166 10 298 766.6651705632711 128155.62053704208 98252450.6776732
167 17 299 2206.0678959513543 3076762.415026566 6787546787.259864
168 31 698 5350.621552679651 1068262981.4508334 5715870932480.652
169 20 444 2902.6872563902634 20133945.114803355 58442545905.6007
170 14 332 1540.4353185285338 1650673.5149360723 2542755781.767163
171 16 258 1979.1134619514044 1588376.1362783175 3143576593.9507766
172 26 488 4285.277943143774 116214272.0 498010456480.1111
173 20 348 2902.6872563902634 10280741.096862549 29841776168.11058
174 17 387 2206.0678959513543 6049524.53280437 13345661857.589836
175 14 187 1540.4353185285338 400722.0136188303 617286342.6903183
176 14 246 1540.4353185285338 788048.6512575328 1213937975.1158788
177 6 89 225.58275470837765 5358.570280584671 1208801.0451927343
178 17 306 2206.0678959513543 3269136.366752304 7211936786.179311
179 32 578 5549.980220652734 722733788.2129196 4011158229379.1255
180 18 317 2436.3877014920204 4718790.0919085 11496802145.848269
181 24 477 3832.71054120725 67925876.70012881 260340223649.32764
182 32 755 5549.980220652734 1702603991.7413359 9449418477768.805
183 14 348 1540.4353185285338 1853844.9971339777 2855728308.6626077
184 25 442 4060.496712466729 68715240.71834683 279018009033.2072
185 29 528 4937.473672561782 288307955.19414055 1423512938361.191
186 25 479 4060.496712466729 87193361.39739142 354048357303.0313
187 35 938 6117.310290426031 6516247049.431413 39861905130445.05
188 22 370 3370.209833397988 20119819.520221483 67808013593.24323
189 33 614 5744.298091538941 1077911633.4227152 6191845738717.726
190 28 564 4724.12231882448 283661949.5109408 1340053746685.8982
191 14 304 1540.4353185285338 1328289.7181599042 2046144395.0918286
192 42 978 7252.650449022947 29946587729.3195 217192132941754.16
193 18 375 2436.3877014920204 7388380.929567863 18000960430.737324
194 39 545 6798.773358825962 2282151118.3278904 15515828224102.535
195 30 672 5146.386239304723 761803794.520273 3920536565169.2554
196 16 457 1979.1134619514044 6908655.830834507 13673013758.793636
197 3 154 32.9215577265747 562.3460860297637 18513.309133542207
198 19 370 2668.9360872348193 9357762.159001023 24975269121.918243
199 13 185 1331.5823725933528 291210.07940722397 387770208.46017
