0 0 100 0.0 0.0 0.0
1 1 108 1.0 13.734791927877684 13.734791927877684
2 0 100 0.0 0.0 0.0
3 1 14 1.0 27.799106543625292 27.799106543625292
4 0 100 0.0 0.0 0.0
5 0 100 0.0 0.0 0.0
6 1 20 1.0 43.57075425423803 43.57075425423803
7 0 6 0.0 6.0 0.0
8 4 72 75.61186198841948 1499.6637502850892 113392.36851559173
9 4 165 75.61186198841948 1259.0362466163215 95198.07491757096
10 3 40 32.9215577265747 349.23013798641597 11497.20014757944
11 0 6 0.0 6.0 0.0
12 0 100 0.0 0.0 0.0
13 2 19 9.541850352986048 69.8685662777562 666.6754038000371
14 1 106 1.0 9.55892689827884 9.55892689827884
15 4 89 75.61186198841948 2154.8151586700715 162929.58638791565
16 1 47 1.0 127.85310766976465 127.85310766976465
17 2 45 9.541850352986048 242.29532664846576 2311.945748107533
18 0 100 0.0 0.0 0.0
19 0 100 0.0 0.0 0.0
20 0 100 0.0 0.0 0.0
21 0 100 0.0 0.0 0.0
22 0 8 0.0 8.0 0.0
23 0 8 0.0 8.0 0.0
24 1 9 1.0 15.931997307697284 15.931997307697284
25 0 6 0.0 6.0 0.0
26 0 100 0.0 0.0 0.0
27 5 98 139.6884681067044 4152.387807071904 580040.6917548318
28 0 100 0.0 0.0 0.0
29 1 105 1.0 7.59708563275366 7.59708563275366
30 4 64 75.61186198841948 1226.095534977771 92707.36637535656
31 0 100 0.0 0.0 0.0
32 2 13 9.541850352986048 40.41888428935346 385.6709453236695
33 0 100 0.0 0.0 0.0
34 0 10 0.0 10.0 0.0
35 2 54 9.541850352986048 315.16948038953416 3007.300017705306
36 0 100 0.0 0.0 0.0
37 9 178 604.9491004987461 70531.46751771569 42667947.831698634
38 1 9 1.0 15.931997307697284 15.931997307697284
39 3 43 32.9215577265747 391.71440685113555 12895.848457480626
40 0 10 0.0 10.0 0.0
41 0 100 0.0 0.0 0.0
42 0 5 0.0 5.0 0.0
43 9 130 604.9491004987461 35838.75307275326 21680621.434358757
44 0 6 0.0 6.0 0.0
45 1 105 1.0 7.59708563275366 7.59708563275366
46 4 174 75.61186198841948 1571.597319835911 118831.39964880285
47 0 100 0.0 0.0 0.0
48 9 115 604.9491004987461 27519.39696484649 16647834.440151809
49 0 100 0.0 0.0 0.0
50 0 7 0.0 7.0 0.0
51 5 153 139.6884681067044 1358.9929081032851 189835.63750082318
52 1 13 1.0 25.320989780782124 25.320989780782124
53 1 7 1.0 11.607984241186918 11.607984241186918
54 0 8 0.0 8.0 0.0
55 1 28 1.0 66.57403288693754 66.57403288693754
56 8 94 459.67273235884244 12713.68154955962 5844132.736226273
57 0 9 0.0 9.0 0.0
58 4 61 75.61186198841948 1129.4605717070829 85400.6168692773
59 3 136 32.9215577265747 295.444715883087 9726.500268956508
60 1 19 1.0 40.84402933782601 40.84402933782601
61 3 30 32.9215577265747 221.1993434691573 7282.2269551002855
62 0 100 0.0 0.0 0.0
63 1 14 1.0 27.799106543625292 27.799106543625292
64 0 7 0.0 7.0 0.0
65 6 80 225.58275470837765 4369.987349380403 985793.784313993
66 1 107 1.0 11.607984241186918 11.607984241186918
67 1 101 1.0 1.0 1.0
68 1 33 1.0 81.88562674252243 81.88562674252243
69 3 173 32.9215577265747 907.48753481702 29875.90326362549
70 5 69 139.6884681067044 2194.8788310889477 306599.26159464906
71 0 100 0.0 0.0 0.0
72 1 102 1.0 2.3948263510722025 2.3948263510722025
73 0 6 0.0 6.0 0.0
74 1 104 1.0 5.735193251789799 5.735193251789799
75 0 100 0.0 0.0 0.0
76 0 6 0.0 6.0 0.0
77 0 100 0.0 0.0 0.0
78 0 100 0.0 0.0 0.0
79 0 100 0.0 0.0 0.0
80 2 45 9.541850352986048 242.29532664846576 2311.945748107533
81 0 100 0.0 0.0 0.0
82 0 5 0.0 5.0 0.0
83 0 100 0.0 0.0 0.0
84 0 100 0.0 0.0 0.0
85 0 5 0.0 5.0 0.0
86 1 6 1.0 9.55892689827884 9.55892689827884
87 4 80 75.61186198841948 1795.7178600152838 135777.5710016156
88 3 47 32.9215577265747 451.11773253603667 14851.498473166615
89 0 5 0.0 5.0 0.0
90 0 6 0.0 6.0 0.0
91 4 117 75.61186198841948 3439.917895154233 260098.5971398963
92 0 6 0.0 6.0 0.0
93 0 100 0.0 0.0 0.0
94 1 108 1.0 13.734791927877684 13.734791927877684
95 0 100 0.0 0.0 0.0
96 0 100 0.0 0.0 0.0
97 1 13 1.0 25.320989780782124 25.320989780782124
98 1 28 1.0 66.57403288693754 66.57403288693754
99 0 100 0.0 0.0 0.0
100 0 100 0.0 0.0 0.0
101 4 127 75.61186198841948 280.28354879760207 21192.761009308724
102 6 114 225.58275470837765 8604.337363813209 1940990.124969204
103 3 51 32.9215577265747 513.5688732735056 16907.48730804564
104 3 132 32.9215577265747 245.06238675558936 8067.83551218631
105 2 24 9.541850352986048 97.86086952638261 933.7737724338355
106 7 82 332.66880679862265 6724.0 2236865.056913939
107 0 100 0.0 0.0 0.0
108 3 32 32.9215577265747 245.06238675558936 8067.83551218631
109 4 170 75.61186198841948 1429.1350405139644 108059.56144615616
110 0 100 0.0 0.0 0.0
111 1 26 1.0 60.63937356224698 60.63937356224698
112 1 18 1.0 38.15436697768484 38.15436697768484
113 0 100 0.0 0.0 0.0
114 0 100 0.0 0.0 0.0
115 3 131 32.9215577265747 233.0178128969552 7671.309378607293
116 1 117 1.0 35.503281577765854 35.503281577765854
117 0 100 0.0 0.0 0.0
118 3 17 32.9215577265747 89.78750677036001 2955.9445872656233
119 0 100 0.0 0.0 0.0
120 1 19 1.0 40.84402933782601 40.84402933782601
121 0 100 0.0 0.0 0.0
122 4 133 75.61186198841948 395.0229353848392 29868.419672578806
123 0 100 0.0 0.0 0.0
124 3 137 32.9215577265747 308.57807572808247 10158.870933237406
125 0 100 0.0 0.0 0.0
126 2 64 9.541850352986048 402.6820690045564 3842.3320422722786
127 2 35 9.541850352986048 168.62869283493262 1609.0297522505775
128 0 100 0.0 0.0 0.0
129 1 102 1.0 2.3948263510722025 2.3948263510722025
130 4 188 75.61186198841948 2113.579549242958 159811.6851789044
131 2 50 9.541850352986048 282.0582186126376 2691.3573128316116
132 0 100 0.0 0.0 0.0
133 5 81 139.6884681067044 2937.2940727723303 410306.1094044695
134 3 146 32.9215577265747 435.9769523615719 14353.040404627594
135 3 146 32.9215577265747 435.9769523615719 14353.040404627594
136 6 87 225.58275470837765 5130.584655325767 1157371.4198129189
137 1 16 1.0 32.892441635375256 32.892441635375256
138 6 102 225.58275470837765 6955.268535289175 1568988.635927035
139 0 100 0.0 0.0 0.0
140 3 133 32.9215577265747 257.33012181535685 8471.708460130769
141 1 106 1.0 9.55892689827884 9.55892689827884
142 8 119 459.67273235884244 20764.03051150532 9544658.640006023
143 4 108 75.61186198841948 2999.8926316694174 226827.4676458645
144 5 82 139.6884681067044 3003.520233876968 419557.14039776416
145 9 116 604.9491004987461 28037.540124113097 16961284.67827972
146 5 189 139.6884681067044 3485.593399577667 486897.20242984424
147 2 44 9.541850352986048 234.56808185291177 2238.2135346274663
148 0 100 0.0 0.0 0.0
149 0 100 0.0 0.0 0.0
150 0 100 0.0 0.0 0.0
151 9 94 604.9491004987461 17822.765610189945 10781866.024284393
152 1 10 1.0 18.1937008646705 18.1937008646705
153 2 35 9.541850352986048 168.62869283493262 1609.0297522505775
154 3 154 32.9215577265747 562.3460860297637 18513.309133542207
155 8 126 459.67273235884244 23385.5071842533 10749679.984983055
156 4 162 75.61186198841948 1161.3060165688764 87808.51025112707
157 7 141 332.66880679862265 19881.0 6613788.547963417
158 3 53 32.9215577265747 545.90532331836 17972.053614869816
159 5 72 139.6884681067044 2371.3580183097592 331251.36891024053
160 4 142 75.61186198841948 596.6466987883373 45113.56784462985
161 5 140 139.6884681067044 814.9598274436516 113840.48986410785
162 8 137 459.67273235884244 27832.86327038359 12794008.308867292
163 3 127 32.9215577265747 187.1321231368427 6160.680994346051
164 0 100 0.0 0.0 0.0
165 4 72 75.61186198841948 1499.6637502850892 113392.36851559173
166 5 52 139.6884681067044 1312.7590262571498 183377.29737111018
167 7 119 332.66880679862265 14161.0 4710922.973075296
168 4 67 75.61186198841948 1326.001420918201 100261.43643491513
169 3 44 32.9215577265747 406.27351121486885 13375.156852238497
170 8 93 459.67273235884244 12433.962042190109 5715553.30597966
171 5 62 139.6884681067044 1807.1402103142602 252436.6476328266
172 4 77 75.61186198841948 1682.1075637745857 127187.28496180048
173 4 87 75.61186198841948 2072.675291085697 156718.8380563789
174 4 69 75.61186198841948 1394.4010936602072 105433.26305033677
175 4 156 75.61186198841948 975.7969952136767 73781.82773081094
176 5 97 139.6884681067044 4075.7152237055247 569330.4160385987
177 0 100 0.0 0.0 0.0
178 6 113 225.58275470837765 8460.534002517481 1908550.5665917895
179 4 65 75.61186198841948 1259.0362466163215 95198.07491757096
180 4 162 75.61186198841948 1161.3060165688764 87808.51025112707
181 4 42 75.61186198841948 596.6466987883373 45113.56784462985
182 6 72 225.58275470837765 3572.3109038912485 805851.7343745624
183 3 62 32.9215577265747 700.2360303580608 23052.86089566041
184 4 56 75.61186198841948 975.7969952136767 73781.82773081094
185 4 84 75.61186198841948 1951.9617083430758 147591.45929791615
186 9 146 604.9491004987461 46021.08717513291 27840415.290571038
187 10 118 766.6651705632711 40534.45463665759 31076354.577702265
188 7 82 332.66880679862265 6724.0 2236865.056913939
189 5 81 139.6884681067044 2937.2940727723303 410306.1094044695
190 9 168 604.9491004987461 62270.66628220907 37670583.55487998
191 4 151 75.61186198841948 831.5797944458234 62877.296649995835
192 6 86 225.58275470837765 5018.366904356723 1132057.0304221432
193 4 130 75.61186198841948 335.61535000671915 25376.501525903146
194 3 144 32.9215577265747 406.27351121486885 13375.156852238497
195 7 68 332.66880679862265 4624.0 1538260.562636831
196 7 88 332.66880679862265 7744.0 2576187.2398485336
197 5 57 139.6884681067044 1551.0877169304622 216669.0670771418
198 4 171 75.61186198841948 1464.2230773075796 110712.63324163957
199 4 178 75.61186198841948 1719.6349352173313 130024.79939211752
