0 1 111 1.0 20.51504931294799 20.51504931294799
1 8 164 459.67273235884244 40463.25900302208 18599856.82606269
2 3 33 32.9215577265747 257.33012181535685 8471.708460130769
3 0 100 0.0 0.0 0.0
4 1 117 1.0 35.503281577765854 35.503281577765854
5 0 100 0.0 0.0 0.0
6 0 100 0.0 0.0 0.0
7 0 100 0.0 0.0 0.0
8 0 10 0.0 10.0 0.0
9 1 115 1.0 30.323695983612147 30.323695983612147
10 21 449 3136.7198300107975 27020822.343789894 84756749268.9646
11 0 100 0.0 0.0 0.0
12 0 9 0.0 9.0 0.0
13 0 100 0.0 0.0 0.0
14 1 103 1.0 3.9914906122521803 3.9914906122521803
15 0 100 0.0 0.0 0.0
16 22 554 3370.209833397988 63412785.23437069 213714392360.03085
17 0 100 0.0 0.0 0.0
18 0 100 0.0 0.0 0.0
19 0 100 0.0 0.0 0.0
20 0 100 0.0 0.0 0.0
21 0 100 0.0 0.0 0.0
22 0 100 0.0 0.0 0.0
23 21 534 3136.7198300107975 43921572.262482144 137769666680.97995
24 0 100 0.0 0.0 0.0
25 0 100 0.0 0.0 0.0
26 0 9 0.0 9.0 0.0
27 15 286 1756.7778603087352 1547585.1108618248 2718763259.7054935
28 0 10 0.0 10.0 0.0
29 0 100 0.0 0.0 0.0
30 1 12 1.0 22.891970023971037 22.891970023971037
31 11 340 942.9223974109915 281399.562147863 265337949.77086625
32 0 9 0.0 9.0 0.0
33 0 18 0.0 18.0 0.0
34 1 8 1.0 13.734791927877684 13.734791927877684
35 0 5 0.0 5.0 0.0
36 0 100 0.0 0.0 0.0
37 0 100 0.0 0.0 0.0
38 0 100 0.0 0.0 0.0
39 0 100 0.0 0.0 0.0
40 7 195 332.66880679862265 38025.0 12649731.378517626
41 23 724 3602.4235623004615 177383588.5315878 639010818891.6018
42 0 5 0.0 5.0 0.0
43 0 100 0.0 0.0 0.0
44 0 100 0.0 0.0 0.0
45 0 100 0.0 0.0 0.0
46 12 310 1131.8354418063404 721149.2735637064 816222306.6522992
47 0 100 0.0 0.0 0.0
48 7 256 332.66880679862265 24336.0 8095828.082251281
49 0 100 0.0 0.0 0.0
50 1 16 1.0 32.892441635375256 32.892441635375256
51 1 14 1.0 27.799106543625292 27.799106543625292
52 2 41 9.541850352986048 211.85407612585806 2021.4798910630518
53 1 118 1.0 38.15436697768484 38.15436697768484
54 0 5 0.0 5.0 0.0
55 0 100 0.0 0.0 0.0
56 54 1253 8602.009448624298 604450371384.3901 5199487805872990.0
57 0 10 0.0 10.0 0.0
58 1 11 1.0 20.51504931294799 20.51504931294799
59 0 100 0.0 0.0 0.0
60 0 100 0.0 0.0 0.0
61 0 100 0.0 0.0 0.0
62 0 5 0.0 5.0 0.0
63 1 8 1.0 13.734791927877684 13.734791927877684
64 3 150 32.9215577265747 497.6760852315066 16384.27196908475
65 0 100 0.0 0.0 0.0
66 2 15 9.541850352986048 49.68406405407534 474.0779041321602
67 0 10 0.0 10.0 0.0
68 0 100 0.0 0.0 0.0
69 4 122 75.61186198841948 3695.090899744704 279392.70314616134
70 1 116 1.0 32.892441635375256 32.892441635375256
71 0 100 0.0 0.0 0.0
72 0 100 0.0 0.0 0.0
73 9 182 604.9491004987461 73990.54056378055 44760510.95947503
74 27 762 4506.6139001521815 564043609.8794256 2541926772574.634
75 2 37 9.541850352986048 182.69988024795316 1743.2949168344405
76 40 1055 6955.50474228233 26596914264.622326 184994963297657.12
77 0 100 0.0 0.0 0.0
78 0 100 0.0 0.0 0.0
79 1 112 1.0 22.891970023971037 22.891970023971037
80 0 10 0.0 10.0 0.0
81 1 101 1.0 1.0 1.0
82 1 29 1.0 69.58346013935528 69.58346013935528
83 0 5 0.0 5.0 0.0
84 2 102 9.541850352986048 788.6834629000679 7525.499578867271
85 49 945 8126.242482129881 91534434878.18436 743831013284852.8
86 0 100 0.0 0.0 0.0
87 0 100 0.0 0.0 0.0
88 0 100 0.0 0.0 0.0
89 0 100 0.0 0.0 0.0
90 2 122 9.541850352986048 86.31942417916456 823.6470280735138
91 0 9 0.0 9.0 0.0
92 1 10 1.0 18.1937008646705 18.1937008646705
93 0 100 0.0 0.0 0.0
94 21 593 3136.7198300107975 58912617.21584283 184792374658.7697
95 1 46 1.0 124.43529823617882 124.43529823617882
96 3 135 32.9215577265747 282.5239294230334 9301.12785163911
97 6 226 225.58275470837765 10419.918236435944 2350553.8596112807
98 46 1067 7782.801884860074 84745906930.54085 659560604193189.8
99 0 100 0.0 0.0 0.0
100 27 660 4506.6139001521815 364582669.36463076 1643033325513.232
101 16 465 1979.1134619514044 7223915.74005938 14296948889.154161
102 9 304 604.9491004987461 94612.24633218389 57235593.31482044
103 23 659 3602.4235623004615 135229846.75627494 487155186281.08545
104 44 994 7528.2761260995885 45854668870.749176 345206608929863.0
105 13 583 1331.5823725933528 2942350.5605705916 3917982140.44597
106 0 100 0.0 0.0 0.0
107 35 1058 6117.310290426031 6986376934.661444 42737835515199.52
108 43 1249 7393.130324549447 85495656115.57416 632080527845302.8
109 0 100 0.0 0.0 0.0
110 8 269 459.67273235884244 43071.60881333714 19798844.110317882
111 3 163 32.9215577265747 718.2490844189361 23645.87869475743
112 48 877 8016.77096497358 58794298990.00247 471340429049027.3
113 22 450 3370.209833397988 35106170.55811086 118315161227.89217
114 38 980 6636.579650383532 13927722222.437191 92432437877621.16
115 33 936 5744.298091538941 2929637878.4436884 16828713274044.271
116 31 622 5350.621552679651 740852227.9661047 3964019898306.178
117 54 1399 8602.009448624298 919168681624.8605 7906697684216589.0
118 0 100 0.0 0.0 0.0
119 41 1052 7106.788070274764 31960034015.860104 227133188469490.25
120 39 678 6798.773358825962 4815810087.137038 32741601321592.63
121 23 445 3602.4235623004615 43570463.07401536 156959262798.1751
122 0 100 0.0 0.0 0.0
123 38 885 6636.579650383532 9856159920.701252 65411190360651.695
124 52 1783 8425.648590871551 1630247245872.5728 1.373589040995847e+16
125 43 908 7393.130324549447 27737891886.18326 205069849642815.53
126 45 1125 7658.1450374688 85590497293.60223 655464442103486.8
127 50 1311 8230.818941038662 364259284850.44745 2998152221196260.5
128 39 986 6798.773358825962 17334647859.82399 117854342054000.81
129 0 100 0.0 0.0 0.0
130 18 601 2436.3877014920204 26010770.827988524 63372322151.63866
131 22 697 3370.209833397988 121836050.89876154 410613056801.3839
132 31 677 5350.621552679651 969524661.8348982 5187559551468.257
133 38 998 6636.579650383532 14814459488.85298 98317340375152.9
134 54 1063 8602.009448624298 323416465005.4888 2782031487817884.0
135 29 803 4937.473672561782 1060783028.5336466 5237588275685.233
136 44 1018 7528.2761260995885 49915788187.83042 375779836529887.6
137 35 838 6117.310290426031 4490958897.3557625 27472589076674.75
138 30 706 5146.386239304723 889569676.4836129 4578069141958.02
139 19 550 2668.9360872348193 27446613.092316885 73253256154.45619
140 49 1284 8126.242482129881 283172752981.158 2301130455057157.0
141 41 919 7106.788070274764 19978536654.964024 141983225961045.4
142 50 1182 8230.818941038662 248076781942.3419 2041875075642945.5
143 27 408 4506.6139001521815 84625619.42317471 381374992801.4676
144 39 805 6798.773358825962 8663275443.875912 58899646287994.7
145 53 1082 8516.089422990353 294212003891.201 2505535734454653.5
146 36 1025 6295.82243666837 10774567680.747046 67834764949849.13
147 37 816 6468.923834840442 6152203691.351944 39798137095779.945
148 51 1349 8330.590095344352 481730920699.1905 4013102836597792.0
149 68 1512 9385.840957235298 10993634608194.424 1.0318450597447064e+17
150 35 574 6117.310290426031 1287438092.4814935 7875658291423.501
151 24 528 3832.71054120725 91417614.44940889 350377254552.26965
152 31 580 5350.621552679651 593385607.0829189 3174981818307.765
153 30 772 5146.386239304723 1177891041.5958424 6061882247869.15
154 46 1132 7782.801884860074 104906072948.2924 816463182275238.5
155 48 1106 8016.77096497358 137413852649.66989 1101615384107031.4
156 43 1126 7393.130324549447 59291641923.95469 438350835900316.75
157 23 521 3602.4235623004615 68661941.27530181 247349395083.43787
158 25 542 4060.496712466729 125736722.99731058 510553550366.9194
159 36 926 6295.82243666837 5248372539.297676 33042821588904.453
160 54 1057 8602.009448624298 316528933531.7568 2722784877003144.0
161 36 1028 6295.82243666837 10880009477.538206 68498607779849.55
162 33 797 5744.298091538941 2509565983.0741673 14415695087163.984
163 64 1558 9234.449738045854 6861802213310.035 6.336496765122332e+16
164 18 344 2436.3877014920204 5868900.278254742 14298916459.22295
165 43 922 7393.130324549447 29277424643.63389 216451815957561.0
166 42 1171 7252.650449022947 56282875096.6103 408200019341733.1
167 30 770 5146.386239304723 1168331584.1240509 6012685587481.104
168 23 798 3602.4235623004615 234868538.94559854 846095958740.7078
169 44 945 7528.2761260995885 38308352734.79039 288395857323524.4
170 23 728 3602.4235623004615 180225194.9425221 649247488781.1356
171 30 506 5146.386239304723 312439629.9459137 1607935012167.1099
172 21 562 3136.7198300107975 29270599.51226866 91813669926.43748
173 52 1239 8425.648590871551 302814398946.9819 2551407713783253.5
174 52 1209 8425.648590871551 378855854084.185 3192106293107851.5
175 56 1273 8760.68123103637 889069320019.0555 7788852904981207.0
176 14 346 1540.4353185285338 788048.6512575328 1213937975.1158788
177 29 647 4937.473672561782 542167090.0196435 2676935733101.424
178 16 488 1979.1134619514044 4535397.510430913 8976066268.194706
179 20 486 2902.6872563902634 25836028.587083552 74993910935.46198
180 16 498 1979.1134619514044 4842074.654855007 9583015133.197245
181 17 562 2206.0678959513543 9623599.17140406 21230313175.53855
182 24 689 3832.71054120725 199068869.3482418 762973353977.2152
183 41 998 7106.788070274764 26610784195.868896 189117203663857.3
184 55 1251 8683.506947919002 707424632018.5404 6142926707262039.0
185 54 1574 8602.009448624298 1438987420869.6577 1.2378183390772304e+16
186 41 1078 7106.788070274764 34790736010.44444 247250387635105.22
187 30 718 5146.386239304723 937937867.3230058 4826990533713.936
188 58 961 8902.46046345971 409007675137.55 3641174657163612.0
189 32 694 5549.980220652734 1299445427.753059 7211896421847.108
190 54 1286 8602.009448624298 667260770454.7322 5739783452147935.0
191 47 1324 7902.318130854768 221663350025.42242 1751654309851902.5
192 48 1369 8016.77096497358 299957031294.63654 2404686819222513.5
193 52 1290 8425.648590871551 483352329524.91455 4072556874156078.0
194 43 886 7393.130324549447 25437107979.313206 188059854370699.2
195 31 684 5350.621552679651 1001710154.9799072 5359771944773.565
196 36 1022 6295.82243666837 10669843180.168219 67175438089436.06
197 16 387 1979.1134619514044 2088846.2416839032 4134063716.8632092
198 38 960 6636.579650383532 12987104397.816814 86189952763957.55
199 39 928 6798.773358825962 14088712923.60716 95785966085167.39
