0 1 103 1.0 3.9914906122521803 3.9914906122521803
1 1 26 1.0 60.63937356224698 60.63937356224698
2 1 104 1.0 5.735193251789799 5.735193251789799
3 0 100 0.0 0.0 0.0
4 1 11 1.0 20.51504931294799 20.51504931294799
5 0 100 0.0 0.0 0.0
6 1 104 1.0 5.735193251789799 5.735193251789799
7 0 100 0.0 0.0 0.0
8 4 34 75.61186198841948 415.7115691523703 31432.725793738326
9 3 29 32.9215577265747 209.61005902119368 6900.689658136957
10 0 5 0.0 5.0 0.0
11 0 100 0.0 0.0 0.0
12 3 42 32.9215577265747 377.3528472077043 12423.04354263576
13 0 6 0.0 6.0 0.0
14 0 5 0.0 5.0 0.0
15 0 6 0.0 6.0 0.0
16 4 175 75.61186198841948 1608.0874365260645 121590.48531592006
17 5 44 139.6884681067044 969.0623078155637 135366.82927870372
18 2 14 9.541850352986048 44.97826169706515 429.17584225083993
19 0 10 0.0 10.0 0.0
20 0 100 0.0 0.0 0.0
21 0 100 0.0 0.0 0.0
22 0 16 0.0 16.0 0.0
23 3 49 32.9215577265747 481.96892224029307 15867.1676959488
24 1 29 1.0 69.58346013935528 69.58346013935528
25 1 105 1.0 7.59708563275366 7.59708563275366
26 0 100 0.0 0.0 0.0
27 0 11 0.0 11.0 0.0
28 0 100 0.0 0.0 0.0
29 0 9 0.0 9.0 0.0
30 0 100 0.0 0.0 0.0
31 1 26 1.0 60.63937356224698 60.63937356224698
32 1 20 1.0 43.57075425423803 43.57075425423803
33 0 9 0.0 9.0 0.0
34 0 100 0.0 0.0 0.0
35 5 163 139.6884681067044 1860.4532693243248 259883.86717602485
36 0 100 0.0 0.0 0.0
37 1 102 1.0 2.3948263510722025 2.3948263510722025
38 0 100 0.0 0.0 0.0
39 1 32 1.0 78.7716859795011 78.7716859795011
40 0 6 0.0 6.0 0.0
41 7 117 332.66880679862265 13689.0 4553903.296266345
42 0 7 0.0 7.0 0.0
43 2 22 9.541850352986048 86.31942417916456 823.6470280735138
44 0 10 0.0 10.0 0.0
45 0 100 0.0 0.0 0.0
46 0 5 0.0 5.0 0.0
47 0 10 0.0 10.0 0.0
48 0 100 0.0 0.0 0.0
49 0 6 0.0 6.0 0.0
50 0 10 0.0 10.0 0.0
51 1 101 1.0 1.0 1.0
52 1 12 1.0 22.891970023971037 22.891970023971037
53 4 63 75.61186198841948 1193.5182370479756 90244.13622033325
54 0 6 0.0 6.0 0.0
55 1 12 1.0 22.891970023971037 22.891970023971037
56 0 100 0.0 0.0 0.0
57 2 27 9.541850352986048 115.98017876588344 1106.66550969663
58 0 7 0.0 7.0 0.0
59 0 100 0.0 0.0 0.0
60 0 100 0.0 0.0 0.0
61 0 100 0.0 0.0 0.0
62 1 8 1.0 13.734791927877684 13.734791927877684
63 1 106 1.0 9.55892689827884 9.55892689827884
64 1 107 1.0 11.607984241186918 11.607984241186918
65 0 6 0.0 6.0 0.0
66 1 103 1.0 3.9914906122521803 3.9914906122521803
67 1 40 1.0 104.3443904241405 104.3443904241405
68 0 100 0.0 0.0 0.0
69 3 61 32.9215577265747 682.3928350558612 22465.435111492498
70 0 6 0.0 6.0 0.0
71 0 100 0.0 0.0 0.0
72 1 103 1.0 3.9914906122521803 3.9914906122521803
73 0 5 0.0 5.0 0.0
74 6 79 225.58275470837765 4266.090224510861 962356.3846796412
75 0 5 0.0 5.0 0.0
76 0 5 0.0 5.0 0.0
77 0 100 0.0 0.0 0.0
78 2 42 9.541850352986048 219.34644070399202 2092.9709126576195
79 0 100 0.0 0.0 0.0
80 0 18 0.0 18.0 0.0
81 0 100 0.0 0.0 0.0
82 0 5 0.0 5.0 0.0
83 6 183 225.58275470837765 4688.828251009056 1057718.7932170872
84 0 5 0.0 5.0 0.0
85 2 39 9.541850352986048 197.11162840858907 1880.8096611081503
86 1 9 1.0 15.931997307697284 15.931997307697284
87 0 5 0.0 5.0 0.0
88 0 6 0.0 6.0 0.0
89 0 100 0.0 0.0 0.0
90 2 61 9.541850352986048 375.74324992186104 3585.2858618990344
91 9 120 604.9491004987461 30162.00470437385 18246477.615149908
92 0 7 0.0 7.0 0.0
93 2 109 9.541850352986048 23.78240930402918 226.9281906125095
94 5 77 139.6884681067044 2679.0520099722326 374232.6712512085
95 0 100 0.0 0.0 0.0
96 5 119 139.6884681067044 5909.069866509522 825428.9175882034
97 0 6 0.0 6.0 0.0
98 1 24 1.0 54.8222930413608 54.8222930413608
99 0 100 0.0 0.0 0.0
100 1 106 1.0 9.55892689827884 9.55892689827884
101 4 170 75.61186198841948 1429.1350405139644 108059.56144615616
102 9 186 604.9491004987461 77538.50379806156 46906848.12665595
103 4 55 75.61186198841948 946.1899645328139 71543.18501308264
104 0 100 0.0 0.0 0.0
105 1 42 1.0 110.9598727978785 110.9598727978785
106 3 136 32.9215577265747 295.444715883087 9726.500268956508
107 0 100 0.0 0.0 0.0
108 0 100 0.0 0.0 0.0
109 1 108 1.0 13.734791927877684 13.734791927877684
110 0 100 0.0 0.0 0.0
111 4 164 75.61186198841948 1226.095534977771 92707.36637535656
112 8 115 459.67273235884244 19338.564883686733 8889410.959983042
113 2 127 9.541850352986048 115.98017876588344 1106.66550969663
114 0 100 0.0 0.0 0.0
115 2 26 9.541850352986048 109.8359986590007 1048.0386625749609
116 5 86 139.6884681067044 3275.042744200361 457485.7039213258
117 0 100 0.0 0.0 0.0
118 0 100 0.0 0.0 0.0
119 0 18 0.0 18.0 0.0
120 4 159 75.61186198841948 1066.8769814059906 80668.55507669134
121 4 105 75.61186198841948 2858.808634191098 216159.8438997593
122 4 63 75.61186198841948 1193.5182370479756 90244.13622033325
123 0 100 0.0 0.0 0.0
124 4 119 75.61186198841948 3541.077078870597 267747.43137791916
125 1 118 1.0 38.15436697768484 38.15436697768484
126 6 94 225.58275470837765 5949.1894450157 1342034.543288646
127 4 48 75.61186198841948 749.6906189831174 56685.50361656424
128 6 110 225.58275470837765 8036.070233330496 1812798.8602646885
129 1 104 1.0 5.735193251789799 5.735193251789799
130 5 118 139.6884681067044 5819.148784232864 812867.97935448
131 3 152 32.9215577265747 529.6457757489877 17436.763980956737
132 5 86 139.6884681067044 3275.042744200361 457485.7039213258
133 5 59 139.6884681067044 1651.3976308733363 230681.20529173722
134 4 144 75.61186198841948 646.0476428878335 48848.86521197858
135 9 230 604.9491004987461 122514.7500498687 74115187.84049678
136 5 200 139.6884681067044 4307.65770069211 601730.1053377293
137 0 100 0.0 0.0 0.0
138 6 63 225.58275470837765 2767.0349550527303 624195.3675351668
139 7 97 332.66880679862265 9409.0 3130080.8031682405
140 5 63 139.6884681067044 1860.4532693243248 259883.86717602485
141 4 161 75.61186198841948 1129.4605717070829 85400.6168692773
142 4 148 75.61186198841948 749.6906189831174 56685.50361656424
143 1 107 1.0 11.607984241186918 11.607984241186918
144 3 69 32.9215577265747 829.8335342600375 27319.412601589327
145 4 62 75.61186198841948 1161.3060165688764 87808.51025112707
146 5 175 139.6884681067044 2553.9502583266267 356757.3992063684
147 4 146 75.61186198841948 697.0692055589992 52706.70056710426
148 3 149 32.9215577265747 481.96892224029307 15867.1676959488
149 3 45 32.9215577265747 421.0282951259743 13860.907322511091
150 4 68 75.61186198841948 1360.0227175454593 102833.85002016247
151 4 121 75.61186198841948 3643.450598699926 275488.08383052313
152 3 111 32.9215577265747 44.98915580191157 1481.1130898024949
153 9 119 604.9491004987461 29623.09111740326 17920462.325465497
154 5 74 139.6884681067044 2492.4098028308917 348160.9072515804
155 5 102 139.6884681067044 4465.486028292682 623776.9026440964
156 1 28 1.0 66.57403288693754 66.57403288693754
157 4 104 75.61186198841948 2812.409095796941 212651.48840637392
158 6 132 225.58275470837765 11389.69248070312 2569318.205078305
159 5 96 139.6884681067044 3999.6858182206656 558709.9848553553
160 4 140 75.61186198841948 548.8883970182196 41502.47372238642
161 4 142 75.61186198841948 596.6466987883373 45113.56784462985
162 5 91 139.6884681067044 3629.2296992039956 506961.5370891617
163 4 55 75.61186198841948 946.1899645328139 71543.18501308264
164 4 52 75.61186198841948 859.6554919481086 65000.15241476724
165 6 148 225.58275470837765 14176.248260386361 3197917.134007802
166 4 49 75.61186198841948 776.5950928818146 58719.80098386357
167 3 35 32.9215577265747 282.5239294230334 9301.12785163911
168 4 162 75.61186198841948 1161.3060165688764 87808.51025112707
169 4 176 75.61186198841948 1644.92462809159 124375.81396061354
170 4 181 75.61186198841948 1834.2709028460106 138692.63835536616
171 3 147 32.9215577265747 451.11773253603667 14851.498473166615
172 5 158 139.6884681067044 1600.889370701534 223625.7838016033
173 4 80 75.61186198841948 1795.7178600152838 135777.5710016156
174 4 173 75.61186198841948 1535.4556318691968 116098.65932623514
175 4 173 75.61186198841948 1535.4556318691968 116098.65932623514
176 4 65 75.61186198841948 1259.0362466163215 95198.07491757096
177 6 59 225.58275470837765 2440.720411610211 550584.4339239968
178 3 98 32.9215577265747 1448.352813330803 47682.0307525169
179 5 153 139.6884681067044 1358.9929081032851 189835.63750082318
180 6 127 225.58275470837765 10578.68633606439 2386369.2048852793
181 5 68 139.6884681067044 2137.419079796989 298572.7969588832
182 5 87 139.6884681067044 3344.5706484424895 467197.95035557833
183 10 132 766.6651705632711 52013.27544633191 39876766.69161645
184 5 68 139.6884681067044 2137.419079796989 298572.7969588832
185 4 156 75.61186198841948 975.7969952136767 73781.82773081094
186 3 84 32.9215577265747 1133.9736498594843 37332.17897426362
187 4 72 75.61186198841948 1499.6637502850892 113392.36851559173
188 3 44 32.9215577265747 406.27351121486885 13375.156852238497
189 9 109 604.9491004987461 24518.97583158066 14832732.374465218
190 4 174 75.61186198841948 1571.597319835911 118831.39964880285
191 7 128 332.66880679862265 16384.0 5450445.730588634
192 5 154 139.6884681067044 1405.9451433371921 196394.3233148333
193 4 44 75.61186198841948 646.0476428878335 48848.86521197858
194 4 149 75.61186198841948 776.5950928818146 58719.80098386357
195 3 19 32.9215577265747 107.12598084817145 3526.754162509012
196 2 62 9.541850352986048 384.6592176812078 3670.3606920107695
197 6 271 225.58275470837765 18688.217958113717 4215739.687581865
198 10 211 766.6651705632711 147624.3184025647 113178423.24738891
199 5 128 139.6884681067044 426.24633698085364 59541.697848949545
