0 1 120 1.0 43.57075425423803 43.57075425423803
1 22 488 3370.209833397988 44208762.65765762 148992806631.1955
2 0 100 0.0 0.0 0.0
3 0 100 0.0 0.0 0.0
4 0 100 0.0 0.0 0.0
5 0 100 0.0 0.0 0.0
6 0 6 0.0 6.0 0.0
7 3 134 32.9215577265747 269.81820202916316 8882.83551378369
8 0 100 0.0 0.0 0.0
9 0 100 0.0 0.0 0.0
10 0 100 0.0 0.0 0.0
11 0 100 0.0 0.0 0.0
12 1 50 1.0 138.2191034456061 138.2191034456061
13 0 8 0.0 8.0 0.0
14 0 8 0.0 8.0 0.0
15 1 35 1.0 88.18685030395203 88.18685030395203
16 0 100 0.0 0.0 0.0
17 0 100 0.0 0.0 0.0
18 1 31 1.0 75.68293941204132 75.68293941204132
19 23 432 3602.4235623004615 39999135.29322216 144093827451.94748
20 1 10 1.0 18.1937008646705 18.1937008646705
21 1 106 1.0 9.55892689827884 9.55892689827884
22 0 100 0.0 0.0 0.0
23 23 547 3602.4235623004615 79017282.52433632 284653720394.62164
24 1 25 1.0 57.71571011139208 57.71571011139208
25 4 100 75.61186198841948 2629.9766541734707 198857.43180812968
26 0 100 0.0 0.0 0.0
27 2 37 9.541850352986048 182.69988024795316 1743.2949168344405
28 0 100 0.0 0.0 0.0
29 1 19 1.0 40.84402933782601 40.84402933782601
30 0 100 0.0 0.0 0.0
31 0 100 0.0 0.0 0.0
32 1 6 1.0 9.55892689827884 9.55892689827884
33 0 8 0.0 8.0 0.0
34 1 128 1.0 66.57403288693754 66.57403288693754
35 49 986 8126.242482129881 107037721981.00368 869814483552439.5
36 37 851 6468.923834840442 7085183860.295632 45833514748093.234
37 0 100 0.0 0.0 0.0
38 0 100 0.0 0.0 0.0
39 0 100 0.0 0.0 0.0
40 0 100 0.0 0.0 0.0
41 0 100 0.0 0.0 0.0
42 0 10 0.0 10.0 0.0
43 7 214 332.66880679862265 12996.0 4323363.8131549
44 0 100 0.0 0.0 0.0
45 4 145 75.61186198841948 671.3571728121805 50762.565895610074
46 49 972 8126.242482129881 101544551888.52405 825175651385366.1
47 0 100 0.0 0.0 0.0
48 0 100 0.0 0.0 0.0
49 0 100 0.0 0.0 0.0
50 48 1141 8016.77096497358 154007835028.23828 1234645540232821.8
51 1 8 1.0 13.734791927877684 13.734791927877684
52 0 100 0.0 0.0 0.0
53 0 6 0.0 6.0 0.0
54 0 10 0.0 10.0 0.0
55 2 28 9.541850352986048 122.22584512913716 1166.2607234894754
56 0 100 0.0 0.0 0.0
57 41 737 7106.788070274764 9276697415.515915 65927522524137.24
58 32 775 5549.980220652734 1851545549.483875 10276041177273.104
59 0 100 0.0 0.0 0.0
60 0 100 0.0 0.0 0.0
61 0 5 0.0 5.0 0.0
62 0 100 0.0 0.0 0.0
63 2 30 9.541850352986048 135.01359299654277 1288.2794999919763
64 15 299 1756.7778603087352 1731013.6222401606 3041006407.4443426
65 33 800 5744.298091538941 2540297507.1343904 14592226122173.207
66 2 54 9.541850352986048 315.16948038953416 3007.300017705306
67 37 875 6468.923834840442 7779626031.761189 50325808263005.125
68 0 7 0.0 7.0 0.0
69 0 100 0.0 0.0 0.0
70 0 100 0.0 0.0 0.0
71 1 118 1.0 38.15436697768484 38.15436697768484
72 8 331 459.67273235884244 82510.84662700894 37927986.31827858
73 0 100 0.0 0.0 0.0
74 2 128 9.541850352986048 122.22584512913716 1166.2607234894754
75 0 100 0.0 0.0 0.0
76 0 100 0.0 0.0 0.0
77 1 104 1.0 5.735193251789799 5.735193251789799
78 51 1090 8330.590095344352 217384358289.03806 1810939982045448.5
79 0 100 0.0 0.0 0.0
80 1 35 1.0 88.18685030395203 88.18685030395203
81 7 284 332.66880679862265 33856.0 11262835.122974169
82 18 499 2436.3877014920204 8718471.71916163 21241577272.371387
83 0 100 0.0 0.0 0.0
84 0 6 0.0 6.0 0.0
85 0 100 0.0 0.0 0.0
86 0 100 0.0 0.0 0.0
87 31 652 5350.621552679651 860357973.4535304 4603449915780.247
88 1 115 1.0 30.323695983612147 30.323695983612147
89 0 100 0.0 0.0 0.0
90 0 6 0.0 6.0 0.0
91 19 514 2668.9360872348193 22839471.390716262 60957089408.04986
92 62 1331 9138.549208457687 2699499245280.2925 2.466950669118834e+16
93 0 100 0.0 0.0 0.0
94 0 100 0.0 0.0 0.0
95 7 227 332.66880679862265 16129.0 5365615.184854985
96 1 106 1.0 9.55892689827884 9.55892689827884
97 0 100 0.0 0.0 0.0
98 0 100 0.0 0.0 0.0
99 0 5 0.0 5.0 0.0
100 18 460 2436.3877014920204 12744047.696452118 31049441074.863655
101 38 792 6636.579650383532 6763788297.140158 44888419772302.65
102 25 540 4060.496712466729 124367175.39346075 504992506823.9205
103 28 633 4724.12231882448 404389391.28419334 1910384948861.5034
104 51 1281 8330.590095344352 397156611908.6711 3308548937466896.0
105 32 748 5549.980220652734 1652486941.3019426 9171269839112.717
106 31 753 5350.621552679651 1359110422.8493857 7272085520969.478
107 35 848 6117.310290426031 4670356795.735612 28570021686514.605
108 21 518 3136.7198300107975 40332834.39455674 126512801445.94766
109 1 102 1.0 2.3948263510722025 2.3948263510722025
110 44 804 7528.2761260995885 21561838440.87202 162323473569233.22
111 43 1107 7393.130324549447 55834352728.88753 412790646311528.56
112 23 668 3602.4235623004615 140625888.18392205 506594013063.19086
113 36 867 6295.82243666837 6167816396.52911 38831476854519.02
114 34 586 5933.442745663244 1132339459.5980482 6718671352180.277
115 22 397 3370.209833397988 24581846.914228678 82845982193.41748
116 4 103 75.61186198841948 2766.3252371383346 209167.00204558554
117 44 968 7528.2761260995885 41729200732.075294 314148945632499.94
118 38 961 6636.579650383532 13033038662.888695 86494799172788.9
119 1 105 1.0 7.59708563275366 7.59708563275366
120 42 778 7252.650449022947 13435452959.492113 97442643939487.16
121 46 918 7782.801884860074 49247471696.02149 383283315540389.2
122 21 495 3136.7198300107975 35513195.160300754 111394943486.35886
123 42 1071 7252.650449022947 41167884981.029854 298576279492991.2
124 50 1122 8230.818941038662 204495759456.11102 1683167570293444.8
125 20 509 2902.6872563902634 29351420.76989971 85197995025.73639
126 35 708 6117.310290426031 2573964031.6760726 15745736658158.514
127 20 442 2902.6872563902634 19884718.88514638 57719120104.8172
128 11 306 942.9223974109915 198350.6029859777 187029226.09545386
129 49 1196 8126.242482129881 218001062449.82562 1771529494829222.2
130 45 980 7658.1450374688 52204293447.94599 399788050802952.6
131 22 506 3370.209833397988 49005447.953623526 165158642583.3753
132 33 782 5744.298091538941 2359754053.340409 13555130705104.59
133 18 514 2436.3877014920204 17137144.40704799 41752727872.02448
134 31 592 5350.621552679651 633246484.2536606 3388262286806.2515
135 30 538 5146.386239304723 378814510.8140809 1949525785702.5361
136 26 595 4285.277943143774 210644875.0 902671836673.7773
137 37 774 6468.923834840442 5150816359.999317 33320238720085.67
138 38 827 6636.579650383532 7832097207.659325 51978336948177.555
139 33 746 5744.298091538941 2025622943.530434 11635782008699.363
140 43 889 7393.130324549447 25742482304.70001 190317526556055.2
141 34 815 5933.442745663244 3331114628.080625 19764977924957.7
142 46 1261 7782.801884860074 154860790385.313 1205250851301734.8
143 59 1198 8967.266196081293 1126551322475.6213 1.0102085592186314e+16
144 27 807 4506.6139001521815 449278429.6963158 2024724416307.9614
145 32 668 5549.980220652734 1149654855.7091928 6380561709763.393
146 25 620 4060.496712466729 187261889.6835672 760376287430.4319
147 42 801 7252.650449022947 14879232325.23762 107913871004751.38
148 7 298 332.66880679862265 39204.0 13041947.901733203
149 31 865 5350.621552679651 2110789461.7819674 11294035587379.676
150 34 673 5933.442745663244 1780839587.344792 10566509730720.88
151 40 968 6955.50474228233 19767278665.930904 137491400502898.73
152 38 840 6636.579650383532 8257515117.703393 54801656792884.71
153 42 818 7252.650449022947 16015270356.738726 116153157744025.02
154 18 508 2436.3877014920204 16608529.838564085 40464817838.54079
155 34 856 5933.442745663244 3911255052.2991347 23207207916503.01
156 51 1214 8330.590095344352 324997977496.97076 2707424932343211.5
157 28 556 4724.12231882448 271481018.56442803 1282509538937.4175
158 23 630 3602.4235623004615 118766896.80742992 427848667480.393
159 39 984 6798.773358825962 17214691874.403164 117038788496089.98
160 26 884 4285.277943143774 690807104.0 2960300445738.227
161 40 800 6955.50474228233 10244362637.108376 71254712904067.22
162 30 1122 5146.386239304723 3812313005.4146953 19619635190988.62
163 20 412 2902.6872563902634 16379594.578501249 47544840447.85462
164 40 974 6955.50474228233 20192984829.84668 140452401744833.73
165 40 793 6955.50474228233 9938567440.839859 69127752966254.4
166 30 562 5146.386239304723 434478670.5564462 2235995051423.105
167 59 1255 8967.266196081293 1351387986110.8496 1.2118255805642198e+16
168 38 614 6636.579650383532 2852781340.9014072 18932710594020.125
169 15 368 1756.7778603087352 2920998.6425464633 5131545745.217496
170 23 463 3602.4235623004615 48850169.821799465 175979002788.42932
171 0 100 0.0 0.0 0.0
172 33 712 5744.298091538941 1741517529.5916219 10003795821614.764
173 37 942 6468.923834840442 9969789613.636309 64493809659996.6
174 19 389 2668.9360872348193 10720247.792152671 28611656196.57566
175 39 981 6798.773358825962 17035860928.633612 115822957426258.31
176 32 725 5549.980220652734 1494969565.7018664 8297051520123.166
177 39 828 6798.773358825962 9539450859.057796 64856564358391.58
178 38 743 6636.579650383532 5446658144.955902 36147180607410.055
179 20 546 2902.6872563902634 35621069.71583831 103396825123.15302
180 22 510 3370.209833397988 50115194.40958258 168898721001.8271
181 30 603 5146.386239304723 542044587.0826333 2789570804051.6743
182 32 660 5549.980220652734 1106073451.1778338 6138685776626.085
183 56 1185 8760.68123103637 674852014341.7625 5912163375770965.0
184 36 1006 6295.82243666837 10123311558.806162 63734572045316.086
185 45 1219 7658.1450374688 114103510833.20436 873821235245071.5
186 29 880 4937.473672561782 969193203.0583855 4785365923726.604
187 30 833 5146.386239304723 1495745482.7666225 7697683970012.346
188 37 854 6468.923834840442 7169506574.312417 46378991962614.84
189 56 1140 8760.68123103637 581435813468.0682 5093773818102069.0
190 35 883 6117.310290426031 5337623310.946983 32651898006473.844
191 7 305 332.66880679862265 42025.0 13980406.605712118
192 30 700 5146.386239304723 533618143.2628839 2746205069531.442
193 21 356 3136.7198300107975 14101432.877788752 44232244139.32621
194 33 689 5744.298091538941 1565771868.0461857 8994260353403.066
195 21 372 3136.7198300107975 15950063.584047021 50030880734.01338
196 29 632 4937.473672561782 504056414.243386 2488765274812.614
197 24 553 3832.71054120725 104659085.34964651 401127979652.69946
198 32 618 5549.980220652734 895759346.7235886 4971446656780.73
199 58 1357 8902.46046345971 1567191687186.9624 1.3951862033844652e+16
