0 0 100 0.0 0.0 0.0
1 0 100 0.0 0.0 0.0
2 2 144 9.541850352986048 234.56808185291177 2238.2135346274663
3 30 614 5146.386239304723 573717604.9202211 2952572387208.2896
4 2 151 9.541850352986048 290.23003402420613 2769.3315526010238
5 0 100 0.0 0.0 0.0
6 2 129 9.541850352986048 128.5709592386038 1226.8048527946264
7 1 114 1.0 27.799106543625292 27.799106543625292
8 9 139 604.9491004987461 41398.5782979627 25044032.703279447
9 0 100 0.0 0.0 0.0
10 1 15 1.0 30.323695983612147 30.323695983612147
11 0 100 0.0 0.0 0.0
12 3 63 32.9215577265747 718.2490844189361 23645.87869475743
13 12 232 1131.8354418063404 364799.26300320885 412892735.01186424
14 1 103 1.0 3.9914906122521803 3.9914906122521803
15 0 100 0.0 0.0 0.0
16 4 92 75.61186198841948 2280.4993308091553 172432.80066582482
17 1 22 1.0 49.12998068819353 49.12998068819353
18 0 100 0.0 0.0 0.0
19 0 6 0.0 6.0 0.0
20 1 9 1.0 15.931997307697284 15.931997307697284
21 0 10 0.0 10.0 0.0
22 7 86 332.66880679862265 7396.0 2460418.495082613
23 25 515 4060.496712466729 108073260.56608687 438831119234.15594
24 0 100 0.0 0.0 0.0
25 31 720 5350.621552679651 1178868114.6679838 6307677142109.341
26 0 100 0.0 0.0 0.0
27 0 100 0.0 0.0 0.0
28 0 100 0.0 0.0 0.0
29 0 100 0.0 0.0 0.0
30 1 107 1.0 11.607984241186918 11.607984241186918
31 45 999 7658.1450374688 55922520393.22659 428262772032136.0
32 1 8 1.0 13.734791927877684 13.734791927877684
33 0 100 0.0 0.0 0.0
34 0 100 0.0 0.0 0.0
35 1 9 1.0 15.931997307697284 15.931997307697284
36 0 100 0.0 0.0 0.0
37 3 113 32.9215577265747 1815.761824201307 59777.707713153904
38 0 6 0.0 6.0 0.0
39 0 16 0.0 16.0 0.0
40 17 346 2206.0678959513543 4510885.828536462 9951320408.636215
41 5 197 139.6884681067044 4075.7152237055247 569330.4160385987
42 3 178 32.9215577265747 1008.1216991286578 33188.93671327668
43 3 84 32.9215577265747 1133.9736498594843 37332.17897426362
44 0 100 0.0 0.0 0.0
45 0 100 0.0 0.0 0.0
46 2 137 9.541850352986048 182.69988024795316 1743.2949168344405
47 0 100 0.0 0.0 0.0
48 0 6 0.0 6.0 0.0
49 0 9 0.0 9.0 0.0
50 0 100 0.0 0.0 0.0
51 1 105 1.0 7.59708563275366 7.59708563275366
52 0 100 0.0 0.0 0.0
53 0 5 0.0 5.0 0.0
54 2 9 9.541850352986048 23.78240930402918 226.9281906125095
55 3 30 32.9215577265747 221.1993434691573 7282.2269551002855
56 1 110 1.0 18.1937008646705 18.1937008646705
57 0 100 0.0 0.0 0.0
58 0 100 0.0 0.0 0.0
59 0 100 0.0 0.0 0.0
60 0 100 0.0 0.0 0.0
61 1 23 1.0 51.960050539976365 51.960050539976365
62 0 100 0.0 0.0 0.0
63 0 100 0.0 0.0 0.0
64 0 100 0.0 0.0 0.0
65 0 100 0.0 0.0 0.0
66 3 50 32.9215577265747 497.6760852315066 16384.27196908475
67 25 407 4060.496712466729 53816218.43853658 218520578047.06915
68 41 939 7106.788070274764 21531029949.570312 153016466786334.97
69 2 21 9.541850352986048 80.71796600694597 770.1987524356932
70 0 100 0.0 0.0 0.0
71 2 28 9.541850352986048 122.22584512913716 1166.2607234894754
72 0 100 0.0 0.0 0.0
73 2 28 9.541850352986048 122.22584512913716 1166.2607234894754
74 6 160 225.58275470837765 16456.210931363352 3712237.3939590617
75 0 6 0.0 6.0 0.0
76 0 100 0.0 0.0 0.0
77 1 11 1.0 20.51504931294799 20.51504931294799
78 1 33 1.0 81.88562674252243 81.88562674252243
79 0 100 0.0 0.0 0.0
80 1 107 1.0 11.607984241186918 11.607984241186918
81 0 9 0.0 9.0 0.0
82 0 100 0.0 0.0 0.0
83 24 479 3832.71054120725 68762013.54847 263544894161.85675
84 0 10 0.0 10.0 0.0
85 26 456 4285.277943143774 94818816.0 406324980799.808
86 0 100 0.0 0.0 0.0
87 2 52 9.541850352986048 298.47302352672085 2847.984924895254
88 0 6 0.0 6.0 0.0
89 16 438 1979.1134619514044 6194036.390408542 12258700804.07443
90 0 100 0.0 0.0 0.0
91 0 100 0.0 0.0 0.0
92 2 110 9.541850352986048 27.685321443873434 264.16919419175593
93 8 140 459.67273235884244 29115.631170703473 13383661.734589547
94 0 100 0.0 0.0 0.0
95 0 100 0.0 0.0 0.0
96 0 100 0.0 0.0 0.0
97 0 100 0.0 0.0 0.0
98 0 100 0.0 0.0 0.0
99 3 11 32.9215577265747 44.98915580191157 1481.1130898024949
100 0 100 0.0 0.0 0.0
101 12 286 1131.8354418063404 596676.1233691433 675339183.7088089
102 29 698 4937.473672561782 686309501.4310902 3388635094545.0107
103 37 783 6468.923834840442 5354955635.685042 34640800146196.125
104 31 677 5350.621552679651 969524661.8348982 5187559551468.257
105 29 689 4937.473672561782 659184558.4111795 3254706402514.4634
106 35 916 6117.310290426031 6025087701.150743 36857330994968.76
107 13 412 1331.5823725933528 1026283.6271550547 1366581187.2008398
108 41 1072 7106.788070274764 34122261985.57332 242499684409862.56
109 33 633 5744.298091538941 1189763165.137399 6834354278882.091
110 0 100 0.0 0.0 0.0
111 2 120 9.541850352986048 75.23327232919837 717.8646261306569
112 45 1114 7658.1450374688 82629570674.42484 632789236608524.0
113 35 760 6117.310290426031 3252646746.653894 19897449414426.617
114 0 100 0.0 0.0 0.0
115 19 307 2668.9360872348193 5638092.81888376 15047709387.498354
116 23 590 3602.4235623004615 98292469.48488349 354091108069.0434
117 44 989 7528.2761260995885 45039507737.359085 339069850830438.1
118 44 1064 7528.2761260995885 58412851790.18383 439748077589434.56
119 27 756 4506.6139001521815 550665083.3179516 2481634918809.1396
120 1 103 1.0 3.9914906122521803 3.9914906122521803
121 0 100 0.0 0.0 0.0
122 40 709 6955.50474228233 6755344389.56081 46986829937340.55
123 20 385 2902.6872563902634 13585953.184259 39435773173.86332
124 38 720 6636.579650383532 4895743527.197387 32490991866095.07
125 33 754 5744.298091538941 2096844229.356847 12044898304948.977
126 1 18 1.0 38.15436697768484 38.15436697768484
127 31 715 5350.621552679651 1153073063.2852435 6169657584228.371
128 26 597 4285.277943143774 212776173.0 911805040983.4438
129 42 835 7252.650449022947 17211975977.29437 124832445300296.19
130 61 1157 9085.210990399466 1331500699864.432 1.2096964792132918e+16
131 43 962 7393.130324549447 34013173120.24529 251463821629435.6
132 35 837 6117.310290426031 4473287700.172645 27364488880302.312
133 41 1067 7106.788070274764 33572231334.025356 238590733137156.03
134 22 643 3370.209833397988 96867581.84482464 326464076870.9124
135 28 555 4724.12231882448 269983676.2591507 1275435910734.1367
136 48 1192 8016.77096497358 180732088406.60553 1448887758777113.2
137 26 543 4285.277943143774 160103007.0 686085884528.0933
138 0 100 0.0 0.0 0.0
139 22 521 3370.209833397988 53250671.77394885 179465937647.61108
140 44 954 7528.2761260995885 39621933468.14357 298284855798131.5
141 35 842 6117.310290426031 4562130524.236268 27907968002177.227
142 48 1036 8016.77096497358 108174070148.38802 867206744728612.2
143 39 881 6798.773358825962 11794402208.608013 80187467519162.23
144 34 856 5933.442745663244 3911255052.2991347 23207207916503.01
145 30 698 5146.386239304723 858286739.6669754 4417075066399.837
146 10 314 766.6651705632711 152332.9437676605 116788362.31603862
147 39 780 6798.773358825962 7777220499.426284 52875559537214.555
148 21 561 3136.7198300107975 50431519.74574084 158189548044.0464
149 34 715 5933.442745663244 2170822590.0993524 12880451549346.896
150 37 668 6468.923834840442 3139272361.9939823 20307713806558.727
151 41 634 7106.788070274764 5497141571.069682 39067020137889.49
152 34 729 5933.442745663244 2312978378.9470487 13723924783439.295
153 35 734 6117.310290426031 2899478597.068067 17737010258714.52
154 40 869 6955.50474228233 13626322488.011501 94777950685232.36
155 32 684 5549.980220652734 1240337212.9775488 6883846998964.934
156 43 1263 7393.130324549447 88927105330.03186 657449679089861.4
157 19 514 2668.9360872348193 22839471.390716262 60957089408.04986
158 29 659 4937.473672561782 574027093.0272896 2834243659159.4155
159 36 679 6295.82243666837 2731607791.911454 17197717624494.277
160 28 737 4724.12231882448 645310319.2921996 3048524881936.0317
161 23 478 3602.4235623004615 53555917.652365565 192931099651.50494
162 33 657 5744.298091538941 1342202434.153924 7710010880969.307
163 42 944 7252.650449022947 26455203984.07412 191870347054088.8
164 11 288 942.9223974109915 160887.29862578577 151704237.33320403
165 36 1022 6295.82243666837 7570789295.316933 47664345108745.06
166 55 1315 8683.506947919002 856210715352.5262 7434911695646361.0
167 43 936 7393.130324549447 30877259404.916397 228279602845467.03
168 36 903 6295.82243666837 7063294401.599346 44469247370383.25
169 32 727 5549.980220652734 1508237932.8749912 8370690695494.366
170 43 1020 7393.130324549447 41822174335.100296 309196785315423.6
171 50 1425 8230.818941038662 496250468396.5716 4084547754777809.5
172 28 645 4724.12231882448 428408011.72352165 2023851849746.3083
173 35 780 6117.310290426031 3543936853.9691234 21679361385405.375
174 1 117 1.0 35.503281577765854 35.503281577765854
175 30 597 5146.386239304723 525281439.26045406 2703301170772.18
176 45 1316 7658.1450374688 150121596108.9662 1149652956258775.0
177 44 751 7528.2761260995885 16917821486.338476 127362031601216.61
178 11 310 942.9223974109915 207278.85551015017 195447875.3702373
179 42 940 7252.650449022947 26064557458.479225 189037124354823.75
180 0 100 0.0 0.0 0.0
181 53 997 8516.089422990353 215952112369.5557 1839067500022797.5
182 33 632 5744.298091538941 1183684876.5384529 6799438777283.342
183 29 701 4937.473672561782 695516645.4512504 3434095125744.0366
184 45 1060 7658.1450374688 69153750659.3417 529589452434192.44
185 26 500 4285.277943143774 125000000.0 535659742892.97174
186 37 675 6468.923834840442 3251245039.7257867 21032056530388.902
187 54 1134 8602.009448624298 413569242564.7349 3557526532202244.0
188 44 1110 7528.2761260995885 67902992359.16012 511192476268187.9
189 33 782 5744.298091538941 2359754053.340409 13555130705104.59
190 35 565 6117.310290426031 1221979049.5678825 7475225014606.629
191 31 811 5350.621552679651 1720146865.3115723 9203854891310.44
192 32 639 5549.980220652734 997103671.438518 5533905654423.997
193 41 792 7106.788070274764 11913681003.637407 84668006029709.4
194 45 1115 7658.1450374688 82895647080.00136 634826888313477.4
195 41 766 7106.788070274764 10608550624.367113 75392721020158.11
196 28 656 4724.12231882448 451253997.35506845 2131779080363.8418
197 31 877 5350.621552679651 2205166066.738574 11799009083929.229
198 34 726 5933.442745663244 2281988206.1739793 13540046367612.076
199 20 493 2902.6872563902634 26875742.344171092 78011874808.45361
