0 0 10 0.0 10.0 0.0
1 2 19 9.541850352986048 69.8685662777562 666.6754038000371
2 1 8 1.0 13.734791927877684 13.734791927877684
3 3 40 32.9215577265747 349.23013798641597 11497.20014757944
4 0 100 0.0 0.0 0.0
5 0 100 0.0 0.0 0.0
6 0 100 0.0 0.0 0.0
7 0 6 0.0 6.0 0.0
8 0 100 0.0 0.0 0.0
9 0 100 0.0 0.0 0.0
10 0 100 0.0 0.0 0.0
11 1 37 1.0 94.5824071263594 94.5824071263594
12 3 29 32.9215577265747 209.61005902119368 6900.689658136957
13 1 100 1.0 0.0 0.0
14 18 347 2436.3877014920204 6006470.643764044 14634091205.839575
15 3 51 32.9215577265747 513.5688732735056 16907.48730804564
16 1 11 1.0 20.51504931294799 20.51504931294799
17 0 100 0.0 0.0 0.0
18 4 194 75.61186198841948 2365.92606792603 178892.07532282695
19 0 100 0.0 0.0 0.0
20 0 6 0.0 6.0 0.0
21 0 100 0.0 0.0 0.0
22 0 100 0.0 0.0 0.0
23 0 10 0.0 10.0 0.0
24 0 100 0.0 0.0 0.0
25 0 100 0.0 0.0 0.0
26 3 31 32.9215577265747 233.0178128969552 7671.309378607293
27 0 100 0.0 0.0 0.0
28 0 100 0.0 0.0 0.0
29 0 100 0.0 0.0 0.0
30 3 57 32.9215577265747 612.7419199112477 20172.41848785035
31 0 6 0.0 6.0 0.0
32 0 100 0.0 0.0 0.0
33 0 100 0.0 0.0 0.0
34 0 9 0.0 9.0 0.0
35 0 100 0.0 0.0 0.0
36 10 212 766.6651705632711 149184.821393251 114374806.53890792
37 10 201 766.6651705632711 132514.12595962713 101593964.98088032
38 1 19 1.0 40.84402933782601 40.84402933782601
39 0 7 0.0 7.0 0.0
40 7 151 332.66880679862265 22801.0 7585181.463815395
41 0 11 0.0 11.0 0.0
42 0 100 0.0 0.0 0.0
43 3 71 32.9215577265747 868.3392862126454 28587.081937302275
44 14 229 1540.4353185285338 660472.5308888281 1017415213.4990788
45 2 9 9.541850352986048 23.78240930402918 226.9281906125095
46 1 112 1.0 22.891970023971037 22.891970023971037
47 0 100 0.0 0.0 0.0
48 0 100 0.0 0.0 0.0
49 0 100 0.0 0.0 0.0
50 3 64 32.9215577265747 736.4308795040106 24244.45171122346
51 3 59 32.9215577265747 647.2206215128941 21307.511052966296
52 0 5 0.0 5.0 0.0
53 0 6 0.0 6.0 0.0
54 1 107 1.0 11.607984241186918 11.607984241186918
55 0 100 0.0 0.0 0.0
56 3 132 32.9215577265747 245.06238675558936 8067.83551218631
57 3 37 32.9215577265747 308.57807572808247 10158.870933237406
58 0 7 0.0 7.0 0.0
59 0 100 0.0 0.0 0.0
60 2 143 9.541850352986048 226.91812071099523 2165.21875020514
61 0 100 0.0 0.0 0.0
62 6 64 225.58275470837765 2851.6616420490063 643285.6887096304
63 0 10 0.0 10.0 0.0
64 0 100 0.0 0.0 0.0
65 0 100 0.0 0.0 0.0
66 0 100 0.0 0.0 0.0
67 0 100 0.0 0.0 0.0
68 0 100 0.0 0.0 0.0
69 0 100 0.0 0.0 0.0
70 0 100 0.0 0.0 0.0
71 0 6 0.0 6.0 0.0
72 16 336 1979.1134619514044 3132778.3997556516 6200123904.266988
73 0 6 0.0 6.0 0.0
74 0 100 0.0 0.0 0.0
75 0 9 0.0 9.0 0.0
76 0 100 0.0 0.0 0.0
77 0 6 0.0 6.0 0.0
78 0 100 0.0 0.0 0.0
79 0 100 0.0 0.0 0.0
80 0 100 0.0 0.0 0.0
81 1 7 1.0 11.607984241186918 11.607984241186918
82 14 308 1540.4353185285338 1371809.5585168663 2113183894.2344162
83 3 123 32.9215577265747 145.08021796711313 4776.266770788355
84 7 232 332.66880679862265 17424.0 5796421.289659201
85 19 287 2668.9360872348193 4695890.052775098 12533030423.538479
86 0 100 0.0 0.0 0.0
87 0 100 0.0 0.0 0.0
88 0 100 0.0 0.0 0.0
89 13 269 1331.5823725933528 717874.7226662058 955909326.4326615
90 1 115 1.0 30.323695983612147 30.323695983612147
91 0 100 0.0 0.0 0.0
92 9 96 604.9491004987461 18649.78843579835 11282172.738728128
93 0 100 0.0 0.0 0.0
94 10 179 766.6651705632711 102400.07810093557 78506573.34294605
95 0 10 0.0 10.0 0.0
96 4 49 75.61186198841948 776.5950928818146 58719.80098386357
97 1 19 1.0 40.84402933782601 40.84402933782601
98 3 32 32.9215577265747 245.06238675558936 8067.83551218631
99 1 35 1.0 88.18685030395203 88.18685030395203
100 0 100 0.0 0.0 0.0
101 0 100 0.0 0.0 0.0
102 12 234 1131.8354418063404 372236.9047172307 421310921.50725144
103 5 179 139.6884681067044 2806.8374672292675 392082.8260217585
104 0 100 0.0 0.0 0.0
105 5 99 139.6884681067044 4229.702363015084 590840.6436368847
106 1 106 1.0 9.55892689827884 9.55892689827884
107 16 276 1979.1134619514044 1889141.929026906 3738826223.273994
108 10 195 766.6651705632711 123877.20055911093 94972335.09555133
109 7 249 332.66880679862265 22201.0 7385580.179736221
110 0 100 0.0 0.0 0.0
111 16 233 1979.1134619514044 1222189.922001164 2418852527.6938405
112 9 155 604.9491004987461 52351.194230734116 31669807.859917752
113 8 148 459.67273235884244 32683.32902098925 15023635.15366118
114 12 314 1131.8354418063404 743219.839708418 841202555.6356149
115 0 100 0.0 0.0 0.0
116 0 100 0.0 0.0 0.0
117 0 100 0.0 0.0 0.0
118 20 336 2902.6872563902634 9332081.224172609 27088113245.00468
119 0 100 0.0 0.0 0.0
120 19 310 2668.9360872348193 5788900.314780151 15450204955.52175
121 8 108 459.67273235884244 16970.39141279495 7800826.189918491
122 9 137 604.9491004987461 40125.91166909431 24274134.170910746
123 6 183 225.58275470837765 21277.13940560754 4799755.719431122
124 0 100 0.0 0.0 0.0
125 25 424 4060.496712466729 60752061.63800743 246683546556.70526
126 0 100 0.0 0.0 0.0
127 10 248 766.6651705632711 211452.52036006158 162113282.58788016
128 12 335 1131.8354418063404 375988.1101704417 425556668.7886929
129 16 325 1979.1134619514044 2875805.0629486707 5691544514.02972
130 10 171 766.6651705632711 92499.39491944655 70916064.38291687
131 0 6 0.0 6.0 0.0
132 16 317 1979.1134619514044 2697289.9739892757 5338242898.308729
133 23 448 3602.4235623004615 44423129.770288266 160030929395.61755
134 4 165 75.61186198841948 1259.0362466163215 95198.07491757096
135 14 174 1540.4353185285338 335482.29803349776 516788780.6319156
136 15 236 1756.7778603087352 953594.1193390678 1675253036.5754802
137 21 385 3136.7198300107975 17561542.212646578 55085637703.98022
138 17 349 2206.0678959513543 4614109.052580355 10179037849.31604
139 10 185 766.6651705632711 110190.66039047457 84479341.44274266
140 2 24 9.541850352986048 97.86086952638261 933.7737724338355
141 19 379 2668.9360872348193 9988578.760081306 26658878312.968224
142 16 432 1979.1134619514044 5978205.512259952 11831547007.625761
143 6 242 225.58275470837765 13097.231027658581 2954509.454271259
144 10 196 766.6651705632711 125294.45897893675 96058897.76371932
145 8 202 459.67273235884244 15068.038606609061 6926366.477588512
146 7 192 332.66880679862265 8464.0 2815708.780743542
147 12 209 1131.8354418063404 285391.11164615024 323015774.9376231
148 16 276 1979.1134619514044 1889141.929026906 3738826223.273994
149 5 99 139.6884681067044 4229.702363015084 590840.6436368847
150 6 116 225.58275470837765 8895.411906640642 2006651.5221656978
151 23 532 3602.4235623004615 72927237.17156777 262714797520.3298
152 4 44 75.61186198841948 646.0476428878335 48848.86521197858
153 19 339 2668.9360872348193 7379358.921199157 19695037325.446636
154 14 157 1540.4353185285338 260347.99462064612 401049246.02172
155 11 216 942.9223974109915 221087.86970014448 208468704.13614914
156 13 246 1331.5823725933528 578753.6627263078 770658175.36019
157 0 100 0.0 0.0 0.0
158 9 149 604.9491004987461 48082.59347517662 29087521.672454976
159 13 272 1331.5823725933528 737322.3704660116 981805471.4312868
160 3 154 32.9215577265747 562.3460860297637 18513.309133542207
161 14 260 1540.4353185285338 903309.19273234 1391489384.0363948
162 5 157 139.6884681067044 1551.0877169304622 216669.0670771418
163 13 198 1331.5823725933528 342996.6210458748 456728254.4437691
164 16 256 1979.1134619514044 1556908.4964091864 3081298564.2699404
165 12 172 1131.8354418063404 180499.32518890905 204295533.4709352
166 15 299 1756.7778603087352 1731013.6222401606 3041006407.4443426
167 13 311 1331.5823725933528 1018373.6838974544 1356048446.1908054
168 17 392 2206.0678959513543 6256509.99734185 13802285845.834549
169 9 221 604.9491004987461 30706.127839836652 18575644.41650869
170 0 100 0.0 0.0 0.0
171 20 273 2902.6872563902634 5262450.509004189 15275248029.870914
172 9 187 604.9491004987461 78439.41885320956 47451855.87889351
173 11 165 942.9223974109915 119335.84349280817 112524439.64330155
174 15 250 1756.7778603087352 1102630.9703026707 1937077676.7184703
175 16 367 1979.1134619514044 3930779.0905887596 7779457814.141313
176 9 329 604.9491004987461 121370.02067494407 73422684.83482164
177 11 231 942.9223974109915 257822.36894367234 243106486.23054868
178 12 223 1131.8354418063404 332392.0912128828 376213149.41086656
179 15 316 1756.7778603087352 1989833.5407413477 3495695510.074139
180 13 238 1331.5823725933528 534427.2179083251 711633862.8008324
181 23 376 3602.4235623004615 26799526.7919149 96543246773.69673
182 17 261 2206.0678959513543 2154714.8883785945 4753447340.180424
183 10 211 766.6651705632711 147624.3184025647 113178423.24738891
184 11 263 942.9223974109915 346988.9328685237 327183636.45546997
185 24 382 3832.71054120725 35481263.29840288 135989411859.13866
186 18 412 2436.3877014920204 9497210.030115776 23138885715.860737
187 17 370 2206.0678959513543 5377650.419011223 11863461945.030008
188 9 197 604.9491004987461 87756.16433554704 53088012.67800933
189 11 168 942.9223974109915 124361.6449123442 117263380.36672203
190 10 210 766.6651705632711 146072.84146951008 111988959.91988361
191 12 329 1131.8354418063404 829411.4579191259 938757283.9131348
192 14 278 1540.4353185285338 1065449.2938699108 1641255722.3784974
193 18 352 2436.3877014920204 6240201.905441166 15203551177.243929
194 9 274 604.9491004987461 67160.9800884193 40628974.49310345
195 14 226 1540.4353185285338 639338.2042911381 984859150.3746802
196 11 244 942.9223974109915 292252.52594963956 275571452.41785216
197 7 132 332.66880679862265 17424.0 5796421.289659201
198 20 363 2902.6872563902634 11550167.358987138 33526523602.10675
199 11 179 942.9223974109915 143795.70085563886 135588186.98819277
