0 2 124 9.541850352986048 97.86086952638261 933.7737724338355
1 0 100 0.0 0.0 0.0
2 0 100 0.0 0.0 0.0
3 0 100 0.0 0.0 0.0
4 0 100 0.0 0.0 0.0
5 1 18 1.0 38.15436697768484 38.15436697768484
6 3 132 32.9215577265747 245.06238675558936 8067.83551218631
7 0 100 0.0 0.0 0.0
8 1 18 1.0 38.15436697768484 38.15436697768484
9 0 100 0.0 0.0 0.0
10 2 150 9.541850352986048 282.0582186126376 2691.3573128316116
11 0 100 0.0 0.0 0.0
12 26 775 4285.277943143774 465484375.0 1994729925065.5652
13 2 144 9.541850352986048 234.56808185291177 2238.2135346274663
14 0 100 0.0 0.0 0.0
15 0 6 0.0 6.0 0.0
16 1 20 1.0 43.57075425423803 43.57075425423803
17 0 5 0.0 5.0 0.0
18 1 103 1.0 3.9914906122521803 3.9914906122521803
19 0 6 0.0 6.0 0.0
20 0 7 0.0 7.0 0.0
21 0 100 0.0 0.0 0.0
22 0 18 0.0 18.0 0.0
23 0 100 0.0 0.0 0.0
24 37 654 6468.923834840442 2923500320.581277 18911900904971.895
25 1 107 1.0 11.607984241186918 11.607984241186918
26 36 960 6295.82243666837 8661425421.302742 54530796500967.59
27 0 100 0.0 0.0 0.0
28 0 9 0.0 9.0 0.0
29 0 6 0.0 6.0 0.0
30 0 100 0.0 0.0 0.0
31 2 14 9.541850352986048 44.97826169706515 429.17584225083993
32 2 43 9.541850352986048 226.91812071099523 2165.21875020514
33 0 100 0.0 0.0 0.0
34 0 10 0.0 10.0 0.0
35 2 139 9.541850352986048 197.11162840858907 1880.8096611081503
36 1 10 1.0 18.1937008646705 18.1937008646705
37 0 5 0.0 5.0 0.0
38 30 803 5146.386239304723 1332960299.2925441 6859928541818.654
39 0 100 0.0 0.0 0.0
40 1 7 1.0 11.607984241186918 11.607984241186918
41 1 8 1.0 13.734791927877684 13.734791927877684
42 0 100 0.0 0.0 0.0
43 0 6 0.0 6.0 0.0
44 27 532 4506.6139001521815 189440661.2358094 853735917179.3191
45 0 100 0.0 0.0 0.0
46 3 45 32.9215577265747 421.0282951259743 13860.907322511091
47 38 947 6636.579650383532 12400297574.478102 82295562541481.64
48 0 100 0.0 0.0 0.0
49 0 100 0.0 0.0 0.0
50 0 100 0.0 0.0 0.0
51 2 111 9.541850352986048 31.76494829034237 303.0963830567869
52 0 8 0.0 8.0 0.0
53 41 933 7106.788070274764 21056574722.648766 149644614039769.4
54 0 100 0.0 0.0 0.0
55 0 5 0.0 5.0 0.0
56 5 160 139.6884681067044 1702.6102917613564 237835.0234388529
57 26 690 4285.277943143774 328509000.0 1407752371824.218
58 0 100 0.0 0.0 0.0
59 0 100 0.0 0.0 0.0
60 0 100 0.0 0.0 0.0
61 0 100 0.0 0.0 0.0
62 1 31 1.0 75.68293941204132 75.68293941204132
63 34 848 5933.442745663244 3792949104.7627125 22505246350324.21
64 1 112 1.0 22.891970023971037 22.891970023971037
65 0 100 0.0 0.0 0.0
66 0 100 0.0 0.0 0.0
67 1 123 1.0 51.960050539976365 51.960050539976365
68 20 447 2902.6872563902634 20511503.73373682 59538480497.319176
69 1 104 1.0 5.735193251789799 5.735193251789799
70 0 100 0.0 0.0 0.0
71 0 100 0.0 0.0 0.0
72 0 100 0.0 0.0 0.0
73 17 281 2206.0678959513543 2614724.9731380623 5768260819.982146
74 0 18 0.0 18.0 0.0
75 0 100 0.0 0.0 0.0
76 32 768 5549.980220652734 1798436746.5095012 9981288371222.787
77 0 100 0.0 0.0 0.0
78 0 100 0.0 0.0 0.0
79 23 490 3602.4235623004615 57526543.61063629 207234976160.66122
80 0 100 0.0 0.0 0.0
81 1 19 1.0 40.84402933782601 40.84402933782601
82 0 100 0.0 0.0 0.0
83 0 100 0.0 0.0 0.0
84 1 112 1.0 22.891970023971037 22.891970023971037
85 2 17 9.541850352986048 59.51335422080222 567.8675199791454
86 4 196 75.61186198841948 2452.6531100077354 185449.6684593727
87 1 103 1.0 3.9914906122521803 3.9914906122521803
88 0 100 0.0 0.0 0.0
89 0 100 0.0 0.0 0.0
90 16 213 1979.1134619514044 970330.3386653488 1920393835.792457
91 1 11 1.0 20.51504931294799 20.51504931294799
92 1 117 1.0 35.503281577765854 35.503281577765854
93 0 100 0.0 0.0 0.0
94 1 109 1.0 15.931997307697284 15.931997307697284
95 10 391 766.6651705632711 582035.5340031413 446226371.9504029
96 1 106 1.0 9.55892689827884 9.55892689827884
97 3 95 32.9215577265747 1378.6071657178634 45385.89538845017
98 14 560 1540.4353185285338 3689143.2180208866 5682886508.1493845
99 32 671 5549.980220652734 1166297983.6937847 6472930740887.67
100 35 800 6117.310290426031 3852937232.3550944 23569612579851.41
101 48 1103 8016.77096497358 136054824308.99971 1090720365164970.5
102 32 860 5549.980220652734 2585261767.9371376 14348151677260.832
103 30 825 5146.386239304723 1451082175.901413 7467829342159.387
104 6 264 225.58275470837765 17252.17528105875 3891793.2246130123
105 39 829 6798.773358825962 9578909995.750156 65124838085697.87
106 27 652 4506.6139001521815 351328363.9734442 1583301288600.4487
107 17 398 2206.0678959513543 6510602.596801681 14362831372.10171
108 26 742 4285.277943143774 408518488.0 1750615265992.8445
109 45 988 7658.1450374688 53747404228.61992 411605416970235.25
110 21 508 3136.7198300107975 38188846.90212937 119787713363.1556
111 0 100 0.0 0.0 0.0
112 19 431 2668.9360872348193 14160269.29342838 37792853722.1941
113 14 438 1540.4353185285338 3269153.743982925 5035919888.931086
114 16 314 1979.1134619514044 2632141.5282824785 5209306732.385197
115 32 910 5549.980220652734 3099037630.4676623 17199597552154.041
116 46 964 7782.801884860074 58750967798.7072 457247142921131.94
117 45 952 7658.1450374688 47054241426.64579 360348205473326.3
118 24 343 3832.71054120725 25896732.966362726 99254681423.00772
119 0 100 0.0 0.0 0.0
120 51 1236 8330.590095344352 347530911299.33105 2895137567496204.0
121 0 100 0.0 0.0 0.0
122 51 1310 8330.590095344352 431767441187.9911 3596877569052854.0
123 43 980 7393.130324549447 36313657816.679985 268471604799808.88
124 19 467 2668.9360872348193 17605191.96311206 46987132153.04619
125 22 483 3370.209833397988 42932741.42795043 144692347335.2117
126 16 379 1979.1134619514044 1942392.8283766496 3844215795.038091
127 37 1131 6468.923834840442 18435978090.787727 119260938090092.92
128 38 964 6636.579650383532 13171528751.385775 87413899675888.44
129 50 955 8230.818941038662 112494998874.08144 925925967504912.5
130 27 466 4506.6139001521815 126704268.90551215 571007219458.2009
131 49 1018 8126.242482129881 120403068212.32922 978424527885811.6
132 20 555 2902.6872563902634 37264582.35479743 108167428315.97598
133 32 780 5549.980220652734 1890134563.150618 10490209439858.025
134 40 699 6955.50474228233 6432432496.001002 44740814730345.94
135 40 1203 6955.50474228233 41823949464.9726 290906678844593.44
136 52 1237 8425.648590871551 412880383546.9619 3478785021830965.5
137 30 785 5146.386239304723 1241330798.9166574 6388367741969.824
138 32 819 5549.980220652734 2210335138.7172914 12267316300894.684
139 28 627 4724.12231882448 392728240.3006662 1855296245237.041
140 16 361 1979.1134619514044 3767655.5045548705 7456617729.0598545
141 34 704 5933.442745663244 2063473952.6975472 12243504555498.32
142 23 561 3602.4235623004615 84992579.64177889 306179271522.2428
143 23 552 3602.4235623004615 81118687.15720133 292223869957.98193
144 30 811 5146.386239304723 909511064.7290956 4680695228017.205
145 27 718 4506.6139001521815 470842860.70972246 2121906980861.8528
146 35 976 6117.310290426031 7429264356.070022 45447115295682.47
147 54 1309 8602.009448624298 713794667038.2925 6140068470241027.0
148 53 1380 8516.089422990353 737902981716.9473 6284047777792739.0
149 42 1186 7252.650449022947 58849440334.709 426814419868276.4
150 43 1239 7393.130324549447 83103466039.8362 614394754854278.1
151 28 762 4724.12231882448 464055007.96057427 2192252620268.8208
152 29 601 4937.473672561782 431130839.1095492 2128697167532.869
153 16 222 1979.1134619514044 1079280.1966028772 2136017966.3143127
154 28 660 4724.12231882448 459761153.7036708 2171967927540.0037
155 51 1207 8330.590095344352 318058325150.1412 2649613533237579.5
156 39 941 6798.773358825962 14775203211.863953 100453257968060.42
157 19 444 2668.9360872348193 15349808.862076508 40967658804.15283
158 1 111 1.0 20.51504931294799 20.51504931294799
159 18 696 2436.3877014920204 25437340.012875967 61975222366.04188
160 30 746 5146.386239304723 1057708932.3775268 5443378694777.394
161 49 1065 8126.242482129881 142184191379.31052 1155423216273838.2
162 30 898 5146.386239304723 1307060637.865998 6726638880650.426
163 47 1070 7902.318130854768 102214213686.87218 807729234048833.6
164 47 1070 7902.318130854768 102214213686.87218 807729234048833.6
165 35 901 6117.310290426031 5705402660.754403 34901718407656.97
166 28 730 4724.12231882448 398530047.45911574 1882704691923.788
167 44 1010 7528.2761260995885 48534502127.899864 365381133661598.25
168 58 1298 8902.46046345971 1318157240111.199 1.1734842714713118e+16
169 50 1187 8230.818941038662 251990733282.98578 2074090100471821.0
170 43 1047 7393.130324549447 45863135273.50181 339072136169439.6
171 31 764 5350.621552679651 1423150601.3780706 7614740280442.512
172 43 957 7393.130324549447 33393158379.892124 246879971850862.97
173 17 402 2206.0678959513543 3158325.2567857914 6967479953.967452
174 28 749 4724.12231882448 678139206.3180671 3203612559837.0996
175 41 836 7106.788070274764 14376953968.383307 102173964949395.9
176 26 646 4285.277943143774 269586136.0 1155251522378.1577
177 1 105 1.0 7.59708563275366 7.59708563275366
178 35 726 6117.310290426031 2796434073.7937465 17106654936116.473
179 24 668 3832.71054120725 113178358.51276161 433779887708.3947
180 19 479 2668.9360872348193 18860358.169736385 50337090537.383484
181 22 399 3370.209833397988 24935663.78192032 84038419280.13393
182 46 948 7782.801884860074 55307440826.84638 430446854713967.06
183 31 724 5350.621552679651 1199786626.3180997 6419604181394.432
184 41 856 7106.788070274764 15608348072.87776 110925221881023.77
185 35 776 6117.310290426031 3484280921.914959 21314427538365.477
186 45 1037 7658.1450374688 63926312359.98209 489556971763277.3
187 34 703 5933.442745663244 2053901680.6835954 12186708027557.623
188 44 937 7528.2761260995885 37167269223.55174 279805465567980.56
189 45 1094 7658.1450374688 77436291420.48161 593018350861749.1
190 28 480 4724.12231882448 172831367.9249147 816476522607.0549
191 25 552 4060.496712466729 132734475.3586796 538967900824.91455
192 25 753 4060.496712466729 333038012.8828573 1352299756437.2944
193 42 995 7252.650449022947 31810285464.30025 230708881156205.34
194 34 1017 5933.442745663244 6872998561.77578 40780543457322.41
195 29 603 4937.473672561782 435604471.4885896 2150785609625.1006
196 59 1354 8967.266196081293 1819167018019.2817 1.6312954905710314e+16
197 43 1057 7393.130324549447 47428358871.668915 350644038217749.25
198 33 725 5744.298091538941 1846650728.6521254 10607712256335.398
199 20 606 2902.6872563902634 47493151.93105969 137857766876.0936
