0 0 8 0.0 8.0 0.0
1 0 5 0.0 5.0 0.0
2 2 14 9.541850352986048 44.97826169706515 429.17584225083993
3 2 36 9.541850352986048 175.6210676402407 1675.7499462548174
4 1 106 1.0 9.55892689827884 9.55892689827884
5 1 104 1.0 5.735193251789799 5.735193251789799
6 5 156 139.6884681067044 1501.9949206988383 209811.36957647165
7 0 100 0.0 0.0 0.0
8 2 49 9.541850352986048 273.9583678426836 2614.069748903192
9 0 100 0.0 0.0 0.0
10 0 100 0.0 0.0 0.0
11 0 100 0.0 0.0 0.0
12 4 179 75.61186198841948 1757.505455801544 132888.25996796062
13 1 104 1.0 5.735193251789799 5.735193251789799
14 0 100 0.0 0.0 0.0
15 0 100 0.0 0.0 0.0
16 4 168 75.61186198841948 1360.0227175454593 102833.85002016247
17 0 26 0.0 26.0 0.0
18 0 6 0.0 6.0 0.0
19 0 6 0.0 6.0 0.0
20 2 38 9.541850352986048 189.8638195218893 1811.6521533242187
21 2 27 9.541850352986048 115.98017876588344 1106.66550969663
22 0 100 0.0 0.0 0.0
23 2 12 9.541850352986048 36.01211998010309 343.62225974392254
24 0 10 0.0 10.0 0.0
25 4 31 75.61186198841948 354.97079584466536 26840.002825326264
26 0 100 0.0 0.0 0.0
27 0 6 0.0 6.0 0.0
28 0 100 0.0 0.0 0.0
29 0 100 0.0 0.0 0.0
30 0 9 0.0 9.0 0.0
31 3 41 32.9215577265747 363.1907597716439 11956.805563580698
32 0 100 0.0 0.0 0.0
33 0 6 0.0 6.0 0.0
34 2 31 9.541850352986048 141.5519192260369 1350.6672304328126
35 0 100 0.0 0.0 0.0
36 0 100 0.0 0.0 0.0
37 0 5 0.0 5.0 0.0
38 1 20 1.0 43.57075425423803 43.57075425423803
39 1 102 1.0 2.3948263510722025 2.3948263510722025
40 0 100 0.0 0.0 0.0
41 1 9 1.0 15.931997307697284 15.931997307697284
42 0 8 0.0 8.0 0.0
43 0 6 0.0 6.0 0.0
44 0 100 0.0 0.0 0.0
45 1 10 1.0 18.1937008646705 18.1937008646705
46 2 11 9.541850352986048 31.76494829034237 303.0963830567869
47 2 12 9.541850352986048 36.01211998010309 343.62225974392254
48 0 10 0.0 10.0 0.0
49 2 15 9.541850352986048 49.68406405407534 474.0779041321602
50 1 121 1.0 46.33316012586883 46.33316012586883
51 1 12 1.0 22.891970023971037 22.891970023971037
52 2 34 9.541850352986048 161.72412498062124 1543.1473990327004
53 0 100 0.0 0.0 0.0
54 1 27 1.0 63.59241768810072 63.59241768810072
55 4 168 75.61186198841948 1360.0227175454593 102833.85002016247
56 1 27 1.0 63.59241768810072 63.59241768810072
57 1 15 1.0 30.323695983612147 30.323695983612147
58 0 100 0.0 0.0 0.0
59 3 93 32.9215577265747 1332.8212345645688 43878.55121292201
60 2 15 9.541850352986048 49.68406405407534 474.0779041321602
61 6 83 225.58275470837765 4688.828251009056 1057718.7932170872
62 0 9 0.0 9.0 0.0
63 1 18 1.0 38.15436697768484 38.15436697768484
64 0 100 0.0 0.0 0.0
65 0 100 0.0 0.0 0.0
66 0 100 0.0 0.0 0.0
67 4 47 75.61186198841948 723.181183304868 54681.07582466957
68 0 5 0.0 5.0 0.0
69 5 83 139.6884681067044 3070.409639894098 428900.8190568644
70 0 100 0.0 0.0 0.0
71 2 17 9.541850352986048 59.51335422080222 567.8675199791454
72 0 10 0.0 10.0 0.0
73 2 30 9.541850352986048 135.01359299654277 1288.2794999919763
74 0 100 0.0 0.0 0.0
75 0 100 0.0 0.0 0.0
76 1 22 1.0 49.12998068819353 49.12998068819353
77 3 31 32.9215577265747 233.0178128969552 7671.309378607293
78 0 100 0.0 0.0 0.0
79 0 10 0.0 10.0 0.0
80 2 10 9.541850352986048 27.685321443873434 264.16919419175593
81 3 38 32.9215577265747 321.92161897300775 10598.16116245226
82 0 100 0.0 0.0 0.0
83 0 100 0.0 0.0 0.0
84 0 100 0.0 0.0 0.0
85 1 111 1.0 20.51504931294799 20.51504931294799
86 1 17 1.0 35.503281577765854 35.503281577765854
87 1 38 1.0 97.81435774219185 97.81435774219185
88 0 5 0.0 5.0 0.0
89 0 9 0.0 9.0 0.0
90 0 5 0.0 5.0 0.0
91 1 8 1.0 13.734791927877684 13.734791927877684
92 1 105 1.0 7.59708563275366 7.59708563275366
93 0 100 0.0 0.0 0.0
94 1 19 1.0 40.84402933782601 40.84402933782601
95 1 7 1.0 11.607984241186918 11.607984241186918
96 2 139 9.541850352986048 197.11162840858907 1880.8096611081503
97 1 10 1.0 18.1937008646705 18.1937008646705
98 1 6 1.0 9.55892689827884 9.55892689827884
99 2 47 9.541850352986048 257.9778488812911 2461.586028410529
100 0 10 0.0 10.0 0.0
101 5 83 139.6884681067044 3070.409639894098 428900.8190568644
102 5 86 139.6884681067044 3275.042744200361 457485.7039213258
103 7 106 332.66880679862265 11236.0 3737866.7131893244
104 0 100 0.0 0.0 0.0
105 3 170 32.9215577265747 849.0056290582019 27950.587827226456
106 2 64 9.541850352986048 402.6820690045564 3842.3320422722786
107 1 33 1.0 81.88562674252243 81.88562674252243
108 3 41 32.9215577265747 363.1907597716439 11956.805563580698
109 1 37 1.0 94.5824071263594 94.5824071263594
110 6 104 225.58275470837765 7218.483555423629 1628365.4052495863
111 1 106 1.0 9.55892689827884 9.55892689827884
112 1 101 1.0 1.0 1.0
113 4 44 75.61186198841948 646.0476428878335 48848.86521197858
114 1 102 1.0 2.3948263510722025 2.3948263510722025
115 4 66 75.61186198841948 1292.338741426653 97716.13855903981
116 0 100 0.0 0.0 0.0
117 0 7 0.0 7.0 0.0
118 0 100 0.0 0.0 0.0
119 1 104 1.0 5.735193251789799 5.735193251789799
120 6 42 225.58275470837765 1273.9846198337311 287388.9599981983
121 5 197 139.6884681067044 4075.7152237055247 569330.4160385987
122 4 172 75.61186198841948 1499.6637502850892 113392.36851559173
123 4 173 75.61186198841948 1535.4556318691968 116098.65932623514
124 0 100 0.0 0.0 0.0
125 4 89 75.61186198841948 2154.8151586700715 162929.58638791565
126 0 10 0.0 10.0 0.0
127 0 100 0.0 0.0 0.0
128 5 51 139.6884681067044 1267.2460047423704 177019.65311680315
129 5 135 139.6884681067044 7431.446581170135 1038087.3887404618
130 0 5 0.0 5.0 0.0
131 1 105 1.0 7.59708563275366 7.59708563275366
132 6 108 225.58275470837765 7758.892052145152 1750272.2426078406
133 4 167 75.61186198841948 1326.001420918201 100261.43643491513
134 2 12 9.541850352986048 36.01211998010309 343.62225974392254
135 4 205 75.61186198841948 2858.808634191098 216159.8438997593
136 0 100 0.0 0.0 0.0
137 4 78 75.61186198841948 1719.6349352173313 130024.79939211752
138 8 126 459.67273235884244 23385.5071842533 10749679.984983055
139 5 139 139.6884681067044 778.3165439750189 108721.84572997481
140 1 27 1.0 63.59241768810072 63.59241768810072
141 8 130 459.67273235884244 24956.252438948613 11471708.748048535
142 4 49 75.61186198841948 776.5950928818146 58719.80098386357
143 5 88 139.6884681067044 3414.7546568712237 477001.8469785762
144 4 129 75.61186198841948 316.71264325745693 23947.232671970367
145 4 160 75.61186198841948 1097.9836363389938 83020.58717640696
146 0 100 0.0 0.0 0.0
147 0 100 0.0 0.0 0.0
148 4 109 75.61186198841948 3047.546245398672 230430.64611041034
149 8 129 459.67273235884244 24558.59479359431 11288916.371665139
150 2 26 9.541850352986048 109.8359986590007 1048.0386625749609
151 4 139 75.61186198841948 525.6324972119714 39744.05183581987
152 6 74 225.58275470837765 3764.5376458742294 849214.7723596997
153 8 104 459.67273235884244 15689.114034349886 7211857.916459074
154 0 100 0.0 0.0 0.0
155 0 100 0.0 0.0 0.0
156 10 218 766.6651705632711 158737.91968892005 121698834.27316472
157 5 224 139.6884681067044 6367.950129749906 889529.1986046539
158 4 161 75.61186198841948 1129.4605717070829 85400.6168692773
159 10 171 766.6651705632711 92499.39491944655 70916064.38291687
160 5 111 139.6884681067044 5207.131000429813 727376.1526809717
161 7 189 332.66880679862265 7921.0 2635069.61865189
162 5 152 139.6884681067044 1312.7590262571498 183377.29737111018
163 4 171 75.61186198841948 1464.2230773075796 110712.63324163957
164 7 110 332.66880679862265 12100.0 4025292.562263334
165 3 21 32.9215577265747 125.57185196799401 4134.020973397207
166 4 47 75.61186198841948 723.181183304868 54681.07582466957
167 10 219 766.6651705632711 160361.87093189912 122943861.1298497
168 4 81 75.61186198841948 1834.2709028460106 138692.63835536616
169 4 157 75.61186198841948 1005.7817905983286 76049.03394118624
170 2 31 9.541850352986048 141.5519192260369 1350.6672304328126
171 5 66 139.6884681067044 2024.56047903646 282807.7519059787
172 10 128 766.6651705632711 48572.78656303952 37239063.695086055
173 6 99 225.58275470837765 6569.204673563341 1481899.2865055674
174 4 70 75.61186198841948 1429.1350405139644 108059.56144615616
175 5 177 139.6884681067044 2679.0520099722326 374232.6712512085
176 8 88 459.67273235884244 11083.755846199128 5094900.334620647
177 4 181 75.61186198841948 1834.2709028460106 138692.63835536616
178 4 206 75.61186198841948 2905.522977389894 219692.00237058633
179 4 52 75.61186198841948 859.6554919481086 65000.15241476724
180 4 143 75.61186198841948 621.143248020611 46965.797544373054
181 2 33 9.541850352986048 154.90879557685506 1478.1165457556579
182 4 54 75.61186198841948 916.9626779842689 69333.25545627807
183 5 93 139.6884681067044 3775.468945982596 527389.4734487426
184 3 62 32.9215577265747 700.2360303580608 23052.86089566041
185 8 194 459.67273235884244 12713.68154955962 5844132.736226273
186 5 114 139.6884681067044 5465.679515018471 763492.3986151252
187 6 73 225.58275470837765 3667.8232800781016 827397.6793035355
188 4 145 75.61186198841948 671.3571728121805 50762.565895610074
189 7 97 332.66880679862265 9409.0 3130080.8031682405
190 9 153 604.9491004987461 50906.707095139885 30795966.666558012
191 10 144 766.6651705632711 63118.28799319142 48390593.029961765
192 10 184 766.6651705632711 108870.3820957398 83467130.05871885
193 5 127 139.6884681067044 6650.664878194386 929021.1887260355
194 4 214 75.61186198841948 3290.469127179636 248798.49752146174
195 5 55 139.6884681067044 1453.6132803589628 203053.01235290492
196 7 179 332.66880679862265 6241.0 2076186.023230204
197 5 171 139.6884681067044 2311.8500842163953 322938.7967565438
198 4 158 75.61186198841948 1036.142416344768 78344.65738500807
199 4 175 75.61186198841948 1608.0874365260645 121590.48531592006
