0 1 11 1.0 20.51504931294799 20.51504931294799
1 0 100 0.0 0.0 0.0
2 1 105 1.0 7.59708563275366 7.59708563275366
3 0 100 0.0 0.0 0.0
4 0 100 0.0 0.0 0.0
5 0 100 0.0 0.0 0.0
6 1 11 1.0 20.51504931294799 20.51504931294799
7 32 519 5549.980220652734 511673013.3023634 2839775103269.9
8 15 212 1756.7778603087352 727778.1968317925 1278544623.4095058
9 37 617 6468.923834840442 2403643745.5583243 15548988316107.4
10 0 7 0.0 7.0 0.0
11 0 100 0.0 0.0 0.0
12 0 100 0.0 0.0 0.0
13 0 5 0.0 5.0 0.0
14 10 271 766.6651705632711 92499.39491944655 70916064.38291687
15 25 623 4060.496712466729 189958989.84231946 771327853758.239
16 28 716 4724.12231882448 590469288.9106836 2789449146323.381
17 1 29 1.0 69.58346013935528 69.58346013935528
18 2 58 9.541850352986048 349.384203814786 3333.771788497865
19 7 308 332.66880679862265 43264.0 14392583.25733561
20 0 100 0.0 0.0 0.0
21 1 120 1.0 43.57075425423803 43.57075425423803
22 5 58 139.6884681067044 1600.889370701534 223625.7838016033
23 1 125 1.0 57.71571011139208 57.71571011139208
24 0 100 0.0 0.0 0.0
25 2 131 9.541850352986048 141.5519192260369 1350.6672304328126
26 1 101 1.0 1.0 1.0
27 18 265 2436.3877014920204 2925454.078418944 7127540337.939588
28 8 163 459.67273235884244 5530.688121770416 2542306.520758801
29 1 10 1.0 18.1937008646705 18.1937008646705
30 26 509 4285.277943143774 131872229.0 565109154246.9048
31 1 104 1.0 5.735193251789799 5.735193251789799
32 15 253 1756.7778603087352 1136277.115516111 1996186479.714175
33 1 104 1.0 5.735193251789799 5.735193251789799
34 0 100 0.0 0.0 0.0
35 0 100 0.0 0.0 0.0
36 25 549 4060.496712466729 130608757.97598012 530336432380.82996
37 1 106 1.0 9.55892689827884 9.55892689827884
38 0 100 0.0 0.0 0.0
39 0 100 0.0 0.0 0.0
40 0 100 0.0 0.0 0.0
41 4 169 75.61186198841948 1394.4010936602072 105433.26305033677
42 2 116 9.541850352986048 54.53075711894446 520.3243240639966
43 14 269 1540.4353185285338 982391.0802346964 1513309916.600925
44 17 412 2206.0678959513543 7128027.649607073 15724912959.251753
45 0 100 0.0 0.0 0.0
46 1 119 1.0 40.84402933782601 40.84402933782601
47 1 15 1.0 30.323695983612147 30.323695983612147
48 2 48 9.541850352986048 265.93129728965954 2537.4766429133756
49 1 20 1.0 43.57075425423803 43.57075425423803
50 2 106 9.541850352986048 833.6744926895333 7954.797252345087
51 0 5 0.0 5.0 0.0
52 0 100 0.0 0.0 0.0
53 0 100 0.0 0.0 0.0
54 0 100 0.0 0.0 0.0
55 24 655 3832.71054120725 105769721.66574752 405384727168.8674
56 9 209 604.9491004987461 99678.993651474 60300717.54807942
57 0 100 0.0 0.0 0.0
58 13 395 1331.5823725933528 1812042.5989514752 2412883983.1520305
59 1 10 1.0 18.1937008646705 18.1937008646705
60 10 271 766.6651705632711 257558.13037565068 197460847.95440546
61 0 100 0.0 0.0 0.0
62 0 10 0.0 10.0 0.0
63 0 100 0.0 0.0 0.0
64 10 177 766.6651705632711 99872.9294110967 76569096.46161199
65 0 100 0.0 0.0 0.0
66 0 100 0.0 0.0 0.0
67 27 542 4506.6139001521815 200462010.91143245 903404884825.9197
68 1 118 1.0 38.15436697768484 38.15436697768484
69 0 100 0.0 0.0 0.0
70 1 106 1.0 9.55892689827884 9.55892689827884
71 12 219 1131.8354418063404 318542.5349918841 360537730.8266508
72 0 100 0.0 0.0 0.0
73 0 6 0.0 6.0 0.0
74 0 100 0.0 0.0 0.0
75 3 121 32.9215577265747 125.57185196799401 4134.020973397207
76 0 5 0.0 5.0 0.0
77 0 6 0.0 6.0 0.0
78 1 7 1.0 11.607984241186918 11.607984241186918
79 0 100 0.0 0.0 0.0
80 1 10 1.0 18.1937008646705 18.1937008646705
81 13 377 1331.5823725933528 1619381.5057226568 2156339867.5239716
82 4 108 75.61186198841948 2999.8926316694174 226827.4676458645
83 0 100 0.0 0.0 0.0
84 0 100 0.0 0.0 0.0
85 1 11 1.0 20.51504931294799 20.51504931294799
86 0 6 0.0 6.0 0.0
87 24 722 3832.71054120725 228251411.05642393 874821589201.3851
88 0 100 0.0 0.0 0.0
89 0 100 0.0 0.0 0.0
90 0 100 0.0 0.0 0.0
91 0 100 0.0 0.0 0.0
92 1 19 1.0 40.84402933782601 40.84402933782601
93 30 928 5146.386239304723 2099896054.4105809 10806876158388.895
94 37 842 6468.923834840442 6836397533.783144 44224134950734.195
95 27 679 4506.6139001521815 397396947.042734 1790914605420.8254
96 1 107 1.0 11.607984241186918 11.607984241186918
97 1 121 1.0 46.33316012586883 46.33316012586883
98 3 134 32.9215577265747 269.81820202916316 8882.83551378369
99 19 429 2668.9360872348193 6803319.858399732 18157625883.084324
100 19 372 2668.9360872348193 9495701.199032808 25343419603.697605
101 0 100 0.0 0.0 0.0
102 11 151 942.9223974109915 97411.87247104548 91851836.32669197
103 0 100 0.0 0.0 0.0
104 39 835 6798.773358825962 9818094176.937332 66750997124605.84
105 24 495 3832.71054120725 75696081.65060297 290121170070.3507
106 23 505 3602.4235623004615 62754035.20418982 226066615049.00607
107 25 680 4060.496712466729 246204801.1074511 999713785490.3302
108 25 388 4060.496712466729 46709348.39588767 189663155602.965
109 4 179 75.61186198841948 1757.505455801544 132888.25996796062
110 32 587 5549.980220652734 759454495.2933728 4214957427364.0234
111 13 279 1331.5823725933528 783888.0642039899 1043811528.3803594
112 8 148 459.67273235884244 32683.32902098925 15023635.15366118
113 8 317 459.67273235884244 72448.94999196367 33302806.799335077
114 23 450 3602.4235623004615 44997586.019606486 162100364123.67224
115 6 82 225.58275470837765 4581.357643139669 1033475.277443727
116 19 345 2668.9360872348193 7739285.34754691 20655657953.47562
117 34 760 5933.442745663244 2650527335.977996 15726752193840.764
118 6 203 225.58275470837765 7086.292798564201 1598545.450170251
119 37 723 6468.923834840442 4095931077.6287713 26496266173936.457
120 0 100 0.0 0.0 0.0
121 18 604 2436.3877014920204 16261855.549682505 39620184864.68622
122 0 7 0.0 7.0 0.0
123 26 613 4285.277943143774 230346397.0 987098334346.7391
124 35 748 6117.310290426031 3086128438.915967 18878805256957.07
125 27 661 4506.6139001521815 366262664.36505365 1650604414334.324
126 20 489 2902.6872563902634 26278418.76807054 76278031276.16508
127 27 642 4506.6139001521815 335219986.60391986 1510707051238.0532
128 29 586 4937.473672561782 398567099.0284344 1967914558202.2195
129 27 640 4506.6139001521815 332058928.4432227 1496461382591.866
130 17 398 2206.0678959513543 6510602.596801681 14362831372.10171
131 19 436 2668.9360872348193 14610619.316140207 38994809149.69672
132 16 439 1979.1134619514044 6230463.768788133 12330794719.009075
133 25 611 4060.496712466729 179323056.1313294 728140679890.7498
134 28 624 4724.12231882448 386983676.0617977 1828158221104.2812
135 30 576 5146.386239304723 469394267.9313591 2415684201290.461
136 40 1042 6955.50474228233 25483759494.044346 177252410012007.8
137 26 556 4285.277943143774 171879616.0 736551927320.8217
138 21 429 3136.7198300107975 23782027.062263392 74597555884.05501
139 24 688 3832.71054120725 198225228.50035095 759739922806.5109
140 9 238 604.9491004987461 40759.58337596822 24657473.29999562
141 18 432 2436.3877014920204 10777776.54572248 26258842225.427402
142 12 383 1131.8354418063404 582063.6692774663 658800290.2760806
143 20 454 2902.6872563902634 21409948.884970624 62146385788.37116
144 20 385 2902.6872563902634 13585953.184259 39435773173.86332
145 13 346 1331.5823725933528 1316844.874378116 1753487422.1618075
146 28 615 4724.12231882448 370090504.91928506 1748352814274.2156
147 35 923 6117.310290426031 6178460792.883352 37795561787299.11
148 19 400 2668.9360872348193 11563185.157056719 30861402149.0467
149 26 613 4285.277943143774 230346397.0 987098334346.7391
150 8 215 459.67273235884244 71066.92244814246 32667526.422071602
151 30 657 5146.386239304723 709651849.1990527 3652142511415.1553
152 16 291 1979.1134619514044 2164525.387281327 4283841332.7040515
153 33 715 5744.298091538941 1765401687.8840065 10140993546511.723
154 37 653 6468.923834840442 2908498791.7595997 18814857157618.305
155 2 19 9.541850352986048 69.8685662777562 666.6754038000371
156 19 425 2668.9360872348193 13631549.187405197 36381733551.182205
157 23 464 3602.4235623004615 49155127.09472572 177077588053.91376
158 15 359 1756.7778603087352 2744318.798108785 4821158506.146591
159 19 399 2668.9360872348193 11484884.932449874 30652423853.9549
160 33 857 5744.298091538941 3174821287.4330535 18237119862378.89
161 29 644 4937.473672561782 534393875.9613095 2638555693337.2124
162 24 652 3832.71054120725 169398628.42476335 649255908829.6406
163 30 719 5146.386239304723 942047638.8201917 4848141005193.74
164 18 515 2436.3877014920204 9682864.572040029 23591212158.53112
165 14 300 1540.4353185285338 1285601.433375647 1980385853.5227544
166 32 864 5549.980220652734 2624029054.8618565 14563309352901.39
167 24 640 3832.71054120725 160442721.67752174 614930510633.4186
168 32 573 5549.980220652734 702871020.0982815 3900920259215.4727
169 21 551 3136.7198300107975 47952868.484497435 150414713481.22293
170 18 427 2436.3877014920204 10448118.233931717 25455666768.88576
171 36 851 6295.82243666837 5796626312.715019 36494529996573.46
172 34 653 5933.442745663244 1613495183.7237525 9573581293028.281
173 15 324 1756.7778603087352 2119224.71476335 3723007059.9153476
174 18 415 2436.3877014920204 9682864.572040029 23591212158.53112
175 29 699 4937.473672561782 689369306.4351763 3403742801195.8584
176 26 565 4285.277943143774 180362125.0 772901836041.0403
177 25 363 4060.496712466729 38345403.50417233 155701384866.90195
178 16 392 1979.1134619514044 4656597.744264134 9215935282.565691
179 19 381 2668.9360872348193 10132304.224244475 27042472390.92788
180 30 739 5146.386239304723 1026843213.9788392 5284531786344.133
181 31 632 5350.621552679651 779331934.6357464 4169910246153.5537
182 17 456 2206.0678959513543 9299492.08058039 20515310927.62226
183 31 826 5350.621552679651 1823200332.4913113 9755254993880.717
184 25 623 4060.496712466729 189958989.84231946 771327853758.239
185 23 520 3602.4235623004615 68282483.842915 245982428688.11755
186 37 535 6468.923834840442 1488189774.7436895 9626986304605.283
187 18 548 2436.3877014920204 20331365.965363592 49535089992.545296
188 24 505 3832.71054120725 80254970.82041991 307594072647.7037
189 20 534 2902.6872563902634 33502677.445595134 97247794876.2825
190 25 553 4060.496712466729 133448107.19600774 541865600554.2971
191 27 646 4506.6139001521815 341602525.2962388 1539470688827.117
192 24 354 3832.71054120725 28400811.73215694 108852090504.68045
193 25 675 4060.496712466729 240880311.06678346 978093711184.6373
194 23 517 3602.4235623004615 67152338.27828537 241911165677.26642
195 22 600 3370.209833397988 79559602.75412567 268132555543.192
196 34 714 5933.442745663244 2160907018.1251817 12821618070747.65
197 21 402 3136.7198300107975 19821833.62974322 62175538613.590454
198 17 364 2206.0678959513543 5152101.506571393 11365885730.329756
199 25 555 4060.496712466729 134882986.4310401 547691922970.9328
