0 0 10 0.0 10.0 0.0
1 0 6 0.0 6.0 0.0
2 0 100 0.0 0.0 0.0
3 0 6 0.0 6.0 0.0
4 24 844 3832.71054120725 249189764.76022187 955072238157.4573
5 0 100 0.0 0.0 0.0
6 5 202 139.6884681067044 4465.486028292682 623776.9026440964
7 0 10 0.0 10.0 0.0
8 4 239 75.61186198841948 4618.529923931012 349215.64719765715
9 0 18 0.0 18.0 0.0
10 4 139 75.61186198841948 525.6324972119714 39744.05183581987
11 1 59 1.0 170.26827089629276 170.26827089629276
12 0 100 0.0 0.0 0.0
13 0 9 0.0 9.0 0.0
14 1 20 1.0 43.57075425423803 43.57075425423803
15 0 9 0.0 9.0 0.0
16 0 100 0.0 0.0 0.0
17 1 40 1.0 104.3443904241405 104.3443904241405
18 5 102 139.6884681067044 4465.486028292682 623776.9026440964
19 24 547 3832.71054120725 56175404.6354755 215304065502.96957
20 26 662 4285.277943143774 290117528.0 1243234243657.7961
21 0 100 0.0 0.0 0.0
22 0 100 0.0 0.0 0.0
23 0 10 0.0 10.0 0.0
24 0 100 0.0 0.0 0.0
25 1 5 1.0 7.59708563275366 7.59708563275366
26 1 11 1.0 20.51504931294799 20.51504931294799
27 1 40 1.0 104.3443904241405 104.3443904241405
28 6 290 225.58275470837765 22861.18936917334 5157090.073808
29 3 134 32.9215577265747 269.81820202916316 8882.83551378369
30 0 10 0.0 10.0 0.0
31 0 100 0.0 0.0 0.0
32 0 100 0.0 0.0 0.0
33 0 100 0.0 0.0 0.0
34 26 539 4285.277943143774 156590819.0 671035182759.519
35 0 6 0.0 6.0 0.0
36 1 10 1.0 18.1937008646705 18.1937008646705
37 0 100 0.0 0.0 0.0
38 0 100 0.0 0.0 0.0
39 1 113 1.0 25.320989780782124 25.320989780782124
40 0 20 0.0 20.0 0.0
41 1 24 1.0 54.8222930413608 54.8222930413608
42 0 7 0.0 7.0 0.0
43 0 10 0.0 10.0 0.0
44 1 34 1.0 85.02419427196995 85.02419427196995
45 44 1370 7528.2761260995885 109622240353.8606 825266494945519.6
46 38 855 6636.579650383532 8768333078.587101 58191740877135.94
47 0 100 0.0 0.0 0.0
48 12 372 1131.8354418063404 530256.8819216158 600163532.2206045
49 28 806 4724.12231882448 849536513.9304831 4013314406115.3394
50 0 18 0.0 18.0 0.0
51 1 10 1.0 18.1937008646705 18.1937008646705
52 0 18 0.0 18.0 0.0
53 2 127 9.541850352986048 115.98017876588344 1106.66550969663
54 1 9 1.0 15.931997307697284 15.931997307697284
55 1 123 1.0 51.960050539976365 51.960050539976365
56 0 100 0.0 0.0 0.0
57 0 10 0.0 10.0 0.0
58 0 100 0.0 0.0 0.0
59 0 5 0.0 5.0 0.0
60 1 104 1.0 5.735193251789799 5.735193251789799
61 36 752 6295.82243666837 3838803998.677739 24168428344847.566
62 0 100 0.0 0.0 0.0
63 33 778 5744.298091538941 2320874301.215391 13331793819173.344
64 0 100 0.0 0.0 0.0
65 0 100 0.0 0.0 0.0
66 1 7 1.0 11.607984241186918 11.607984241186918
67 48 1317 8016.77096497358 260326296046.76453 2086976291566818.2
68 1 21 1.0 46.33316012586883 46.33316012586883
69 34 1063 5933.442745663244 5749623805.753606 34115063660541.426
70 50 960 8230.818941038662 114694718712.09486 944031463212611.9
71 1 113 1.0 25.320989780782124 25.320989780782124
72 0 100 0.0 0.0 0.0
73 4 48 75.61186198841948 749.6906189831174 56685.50361656424
74 0 5 0.0 5.0 0.0
75 22 446 3370.209833397988 34225982.44525062 115348742594.69057
76 12 357 1131.8354418063404 1005026.0594658914 1137524114.0424626
77 0 11 0.0 11.0 0.0
78 0 100 0.0 0.0 0.0
79 0 6 0.0 6.0 0.0
80 0 100 0.0 0.0 0.0
81 0 100 0.0 0.0 0.0
82 0 100 0.0 0.0 0.0
83 0 100 0.0 0.0 0.0
84 1 10 1.0 18.1937008646705 18.1937008646705
85 0 100 0.0 0.0 0.0
86 1 9 1.0 15.931997307697284 15.931997307697284
87 1 114 1.0 27.799106543625292 27.799106543625292
88 0 100 0.0 0.0 0.0
89 0 100 0.0 0.0 0.0
90 0 100 0.0 0.0 0.0
91 0 10 0.0 10.0 0.0
92 0 10 0.0 10.0 0.0
93 0 6 0.0 6.0 0.0
94 1 112 1.0 22.891970023971037 22.891970023971037
95 0 100 0.0 0.0 0.0
96 0 100 0.0 0.0 0.0
97 1 19 1.0 40.84402933782601 40.84402933782601
98 1 9 1.0 15.931997307697284 15.931997307697284
99 0 100 0.0 0.0 0.0
100 33 1094 5744.298091538941 7002230142.446127 40222897243769.734
101 63 1324 9188.2629227812 3072924856575.99 2.8234841524169908e+16
102 41 1008 7106.788070274764 27549190140.06747 195786255833162.66
103 45 1239 7658.1450374688 120954647244.32092 926288231552885.6
104 5 138 139.6884681067044 742.4330654268088 103709.33758123555
105 21 477 3136.7198300107975 16558072.98185693 51938035868.95665
106 46 1083 7782.801884860074 89422399201.16125 695956817051507.8
107 35 1067 6117.310290426031 7205448597.623366 44077964853377.234
108 6 220 225.58275470837765 9491.407950004868 2141097.9514230937
109 0 100 0.0 0.0 0.0
110 21 649 3136.7198300107975 75861294.25793125 237955626029.1372
111 15 498 1756.7778603087352 6260255.387968298 10997878065.461178
112 18 554 2436.3877014920204 20930807.305391878 50995561501.156105
113 24 764 3832.71054120725 178677358.86698416 684818596804.5609
114 35 801 6117.310290426031 3868862772.0240765 23667034047549.062
115 0 100 0.0 0.0 0.0
116 27 776 4506.6139001521815 596104270.3426774 2686411790666.384
117 0 100 0.0 0.0 0.0
118 3 55 32.9215577265747 578.9666715492328 19060.48469917088
119 28 636 4724.12231882448 410306565.6241207 1938338404225.13
120 30 721 5146.386239304723 950303976.1157671 4890631305838.748
121 28 692 4724.12231882448 531747847.7028425 2512041875319.879
122 16 447 1979.1134619514044 6526599.206373956 12916880350.096048
123 36 754 6295.82243666837 3872930235.9904475 24383281075399.984
124 31 691 5350.621552679651 1034620022.5946922 5535860191729.068
125 30 617 5146.386239304723 582569614.3313574 2998128246631.957
126 36 970 6295.82243666837 8965737900.779356 56446693837014.64
127 17 542 2206.0678959513543 14625310.73258262 32264428475.4633
128 37 1245 6468.923834840442 25461456261.57479 164708221280248.6
129 11 348 942.9223974109915 303337.3471427242 286023578.59210765
130 43 1155 7393.130324549447 64860637034.47134 479523142529145.0
131 23 550 3602.4235623004615 80273800.13487035 289180229041.25494
132 30 572 5146.386239304723 459230300.80410314 2363376500730.005
133 21 384 3136.7198300107975 17434027.797989793 54685660710.91406
134 37 1102 6468.923834840442 16894280623.359726 109287814596934.78
135 1 104 1.0 5.735193251789799 5.735193251789799
136 49 1388 8126.242482129881 377278254540.67377 3065854579632234.0
137 23 582 3602.4235623004615 94496989.53943308 340418181683.31396
138 36 708 6295.82243666837 3140097254.6680174 19769494749259.656
139 20 496 2902.6872563902634 27329366.46739378 79328603770.1233
140 54 1129 8602.009448624298 406677306419.6061 3498242032362530.5
141 38 942 6636.579650383532 12179668096.313663 80831337436420.78
142 35 1239 6117.310290426031 16334145855.561676 99921038527547.16
143 57 1492 8833.632285946418 1928712966646.9492 1.7037541132495988e+16
144 55 1243 8683.506947919002 690272596329.4548 5993986886184910.0
145 45 1034 7658.1450374688 63266148810.600006 484501343553659.06
146 38 947 6636.579650383532 12400297574.478102 82295562541481.64
147 43 816 7393.130324549447 19023065573.369514 140640002956370.78
148 27 628 4506.6139001521815 313511443.68808407 1412875029981.4976
149 18 498 2436.3877014920204 15750386.853877464 38374048824.52865
150 19 443 2668.9360872348193 15256148.067800546 40717684130.35064
151 16 544 1979.1134619514044 6414563.28957135 12695148558.929945
152 42 1051 7252.650449022947 27148875537.34276 196901304356377.06
153 1 27 1.0 63.59241768810072 63.59241768810072
154 45 1176 7658.1450374688 100326674561.1046 768316224915870.5
155 25 692 4060.496712466729 259300371.32318372 1052888305299.1896
156 44 1044 7528.2761260995885 54600370785.86234 411046667863392.9
157 9 300 604.9491004987461 90660.65355167646 54845080.81671513
158 21 568 3136.7198300107975 52214649.48986101 163782726471.91022
159 38 949 6636.579650383532 12489333093.048567 82886453852187.73
160 21 547 3136.7198300107975 26684920.798666615 83703120231.44514
161 46 1392 7782.801884860074 169046156705.15927 1315652747033265.0
162 27 861 4506.6139001521815 817331434.4139717 3683397203361.3257
163 48 1029 8016.77096497358 105523401445.42686 845956940832949.1
164 24 528 3832.71054120725 91417614.44940889 350377254552.26965
165 52 1248 8425.648590871551 426841599778.75867 3596417323701256.5
166 56 1422 8760.68123103637 1361249281470.7373 1.1925471030942432e+16
167 31 796 5350.621552679651 1621156383.7443967 8674194287126.973
168 9 294 604.9491004987461 207918.49154637655 125780104.43803665
169 18 627 2436.3877014920204 18318247.947783977 44630354012.86232
170 34 708 5933.442745663244 2102072894.3704035 12472529165957.408
171 48 1007 8016.77096497358 97499612345.35904 781632061346454.0
172 45 1117 7658.1450374688 83429652116.73006 638916376335484.6
173 23 643 3602.4235623004615 125974353.45053053 453812979115.7576
174 45 1100 7658.1450374688 78968808528.1264 604754589144495.1
175 28 605 4724.12231882448 351911810.55273235 1662474438490.0952
176 44 1068 7528.2761260995885 59197696920.19911 445656608444414.1
177 31 752 5350.621552679651 1353388405.9178925 7241469173851.032
178 9 256 604.9491004987461 154310.58695066036 93350050.77323554
179 40 1038 6955.50474228233 25148015234.92995 174917139225543.56
180 37 663 6468.923834840442 3060970135.810665 19801182669280.4
181 21 708 3136.7198300107975 96806670.08957535 303655401747.2842
182 38 951 6636.579650383532 12578818432.644993 83480330435961.03
183 34 685 5933.442745663244 1886826184.3919046 11195375136107.604
184 43 1216 7393.130324549447 77783971007.58983 575067034820087.4
185 26 792 4285.277943143774 496793088.0 2128896462312.6838
186 32 845 5549.980220652734 2443393267.7390385 13560784307227.713
187 28 701 4724.12231882448 553283027.1782131 2613776697319.368
188 44 1181 7528.2761260995885 84657432019.54907 637324524369670.1
189 34 683 5933.442745663244 1868865611.2864552 11088807103907.121
190 54 1277 8602.009448624298 649675241212.4142 5588512563446457.0
191 45 1295 7658.1450374688 141713612088.02332 1085263395153674.4
192 23 554 3602.4235623004615 81969362.71979353 295288363648.53723
193 38 922 6636.579650383532 11324770898.284386 75157744088809.78
194 30 746 5146.386239304723 1057708932.3775268 5443378694777.394
195 31 831 5350.621552679651 1858469649.0676355 9943967759302.28
196 25 676 4060.496712466729 241939044.16097343 982392693432.9755
197 37 955 6468.923834840442 10439941075.228365 67535183655874.52
198 45 1378 7658.1450374688 177043597418.15182 1355825546983443.5
199 36 669 6295.82243666837 2599840170.6287293 16368132077996.078
