0 3 25 32.9215577265747 165.61186212092687 5452.200479019623
1 0 10 0.0 10.0 0.0
2 0 100 0.0 0.0 0.0
3 2 28 9.541850352986048 122.22584512913716 1166.2607234894754
4 0 5 0.0 5.0 0.0
5 0 6 0.0 6.0 0.0
6 0 100 0.0 0.0 0.0
7 0 10 0.0 10.0 0.0
8 1 19 1.0 40.84402933782601 40.84402933782601
9 0 100 0.0 0.0 0.0
10 0 6 0.0 6.0 0.0
11 0 100 0.0 0.0 0.0
12 2 29 9.541850352986048 128.5709592386038 1226.8048527946264
13 4 59 75.61186198841948 1066.8769814059906 80668.55507669134
14 0 100 0.0 0.0 0.0
15 1 19 1.0 40.84402933782601 40.84402933782601
16 0 100 0.0 0.0 0.0
17 0 10 0.0 10.0 0.0
18 1 104 1.0 5.735193251789799 5.735193251789799
19 0 10 0.0 10.0 0.0
20 2 24 9.541850352986048 97.86086952638261 933.7737724338355
21 0 7 0.0 7.0 0.0
22 0 100 0.0 0.0 0.0
23 0 100 0.0 0.0 0.0
24 0 5 0.0 5.0 0.0
25 0 6 0.0 6.0 0.0
26 0 100 0.0 0.0 0.0
27 0 100 0.0 0.0 0.0
28 4 53 75.61186198841948 888.1171619831025 67152.19228141312
29 0 5 0.0 5.0 0.0
30 5 54 139.6884681067044 1405.9451433371921 196394.3233148333
31 0 100 0.0 0.0 0.0
32 1 25 1.0 57.71571011139208 57.71571011139208
33 0 100 0.0 0.0 0.0
34 1 19 1.0 40.84402933782601 40.84402933782601
35 4 61 75.61186198841948 1129.4605717070829 85400.6168692773
36 1 10 1.0 18.1937008646705 18.1937008646705
37 5 59 139.6884681067044 1651.3976308733363 230681.20529173722
38 2 58 9.541850352986048 349.384203814786 3333.771788497865
39 0 19 0.0 19.0 0.0
40 5 59 139.6884681067044 1651.3976308733363 230681.20529173722
41 0 6 0.0 6.0 0.0
42 0 100 0.0 0.0 0.0
43 0 10 0.0 10.0 0.0
44 0 100 0.0 0.0 0.0
45 0 5 0.0 5.0 0.0
46 2 29 9.541850352986048 128.5709592386038 1226.8048527946264
47 2 20 9.541850352986048 75.23327232919837 717.8646261306569
48 5 26 139.6884681067044 372.54368744490466 52040.05700200162
49 1 19 1.0 40.84402933782601 40.84402933782601
50 0 100 0.0 0.0 0.0
51 0 100 0.0 0.0 0.0
52 1 12 1.0 22.891970023971037 22.891970023971037
53 0 6 0.0 6.0 0.0
54 1 26 1.0 60.63937356224698 60.63937356224698
55 0 100 0.0 0.0 0.0
56 2 30 9.541850352986048 135.01359299654277 1288.2794999919763
57 0 6 0.0 6.0 0.0
58 0 6 0.0 6.0 0.0
59 1 108 1.0 13.734791927877684 13.734791927877684
60 2 11 9.541850352986048 31.76494829034237 303.0963830567869
61 1 19 1.0 40.84402933782601 40.84402933782601
62 0 100 0.0 0.0 0.0
63 0 100 0.0 0.0 0.0
64 1 10 1.0 18.1937008646705 18.1937008646705
65 0 7 0.0 7.0 0.0
66 1 14 1.0 27.799106543625292 27.799106543625292
67 0 100 0.0 0.0 0.0
68 0 10 0.0 10.0 0.0
69 0 6 0.0 6.0 0.0
70 0 100 0.0 0.0 0.0
71 0 5 0.0 5.0 0.0
72 0 100 0.0 0.0 0.0
73 0 100 0.0 0.0 0.0
74 0 100 0.0 0.0 0.0
75 0 11 0.0 11.0 0.0
76 0 5 0.0 5.0 0.0
77 0 6 0.0 6.0 0.0
78 1 15 1.0 30.323695983612147 30.323695983612147
79 0 100 0.0 0.0 0.0
80 2 125 9.541850352986048 103.79546451213633 990.4007896934788
81 0 5 0.0 5.0 0.0
82 1 104 1.0 5.735193251789799 5.735193251789799
83 0 10 0.0 10.0 0.0
84 6 73 225.58275470837765 3667.8232800781016 827397.6793035355
85 0 10 0.0 10.0 0.0
86 2 27 9.541850352986048 115.98017876588344 1106.66550969663
87 0 5 0.0 5.0 0.0
88 2 21 9.541850352986048 80.71796600694597 770.1987524356932
89 0 5 0.0 5.0 0.0
90 0 100 0.0 0.0 0.0
91 2 43 9.541850352986048 226.91812071099523 2165.21875020514
92 1 11 1.0 20.51504931294799 20.51504931294799
93 0 100 0.0 0.0 0.0
94 1 21 1.0 46.33316012586883 46.33316012586883
95 0 100 0.0 0.0 0.0
96 1 105 1.0 7.59708563275366 7.59708563275366
97 0 11 0.0 11.0 0.0
98 0 100 0.0 0.0 0.0
99 0 5 0.0 5.0 0.0
100 3 50 32.9215577265747 497.6760852315066 16384.27196908475
101 1 34 1.0 85.02419427196995 85.02419427196995
102 2 27 9.541850352986048 115.98017876588344 1106.66550969663
103 1 7 1.0 11.607984241186918 11.607984241186918
104 2 109 9.541850352986048 23.78240930402918 226.9281906125095
105 1 13 1.0 25.320989780782124 25.320989780782124
106 6 175 225.58275470837765 3862.4525781644106 871302.6925128031
107 4 39 75.61186198841948 525.6324972119714 39744.05183581987
108 2 32 9.541850352986048 148.1842032776824 1413.95149235211
109 2 22 9.541850352986048 86.31942417916456 823.6470280735138
110 1 9 1.0 15.931997307697284 15.931997307697284
111 4 41 75.61186198841948 572.5607883495287 43292.38730866522
112 2 33 9.541850352986048 154.90879557685506 1478.1165457556579
113 0 100 0.0 0.0 0.0
114 2 30 9.541850352986048 135.01359299654277 1288.2794999919763
115 0 100 0.0 0.0 0.0
116 1 12 1.0 22.891970023971037 22.891970023971037
117 2 18 9.541850352986048 64.62733255388774 616.6643359418604
118 4 58 75.61186198841948 1036.142416344768 78344.65738500807
119 0 16 0.0 16.0 0.0
120 0 100 0.0 0.0 0.0
121 1 111 1.0 20.51504931294799 20.51504931294799
122 2 50 9.541850352986048 282.0582186126376 2691.3573128316116
123 0 100 0.0 0.0 0.0
124 0 100 0.0 0.0 0.0
125 1 11 1.0 20.51504931294799 20.51504931294799
126 1 26 1.0 60.63937356224698 60.63937356224698
127 2 105 9.541850352986048 10.188005914414083 97.21242783067595
128 5 199 139.6884681067044 4229.702363015084 590840.6436368847
129 0 100 0.0 0.0 0.0
130 2 19 9.541850352986048 69.8685662777562 666.6754038000371
131 1 19 1.0 40.84402933782601 40.84402933782601
132 0 8 0.0 8.0 0.0
133 1 114 1.0 27.799106543625292 27.799106543625292
134 2 35 9.541850352986048 168.62869283493262 1609.0297522505775
135 2 19 9.541850352986048 69.8685662777562 666.6754038000371
136 2 35 9.541850352986048 168.62869283493262 1609.0297522505775
137 0 100 0.0 0.0 0.0
138 1 19 1.0 40.84402933782601 40.84402933782601
139 1 17 1.0 35.503281577765854 35.503281577765854
140 3 36 32.9215577265747 295.444715883087 9726.500268956508
141 1 19 1.0 40.84402933782601 40.84402933782601
142 1 19 1.0 40.84402933782601 40.84402933782601
143 0 100 0.0 0.0 0.0
144 1 10 1.0 18.1937008646705 18.1937008646705
145 3 27 32.9215577265747 187.1321231368427 6160.680994346051
146 3 38 32.9215577265747 321.92161897300775 10598.16116245226
147 1 115 1.0 30.323695983612147 30.323695983612147
148 4 62 75.61186198841948 1161.3060165688764 87808.51025112707
149 1 18 1.0 38.15436697768484 38.15436697768484
150 2 131 9.541850352986048 141.5519192260369 1350.6672304328126
151 2 38 9.541850352986048 189.8638195218893 1811.6521533242187
152 3 34 32.9215577265747 269.81820202916316 8882.83551378369
153 2 32 9.541850352986048 148.1842032776824 1413.95149235211
154 0 100 0.0 0.0 0.0
155 1 25 1.0 57.71571011139208 57.71571011139208
156 2 31 9.541850352986048 141.5519192260369 1350.6672304328126
157 3 40 32.9215577265747 349.23013798641597 11497.20014757944
158 2 27 9.541850352986048 115.98017876588344 1106.66550969663
159 1 27 1.0 63.59241768810072 63.59241768810072
160 2 56 9.541850352986048 332.1417203303481 3169.2465913755254
161 3 23 32.9215577265747 145.08021796711313 4776.266770788355
162 4 93 75.61186198841948 2323.049658002374 175650.1101331206
163 1 21 1.0 46.33316012586883 46.33316012586883
164 1 116 1.0 32.892441635375256 32.892441635375256
165 2 36 9.541850352986048 175.6210676402407 1675.7499462548174
166 3 48 32.9215577265747 466.4489382157433 15356.225645969067
167 2 67 9.541850352986048 430.18533333719057 4104.764074752892
168 2 39 9.541850352986048 197.11162840858907 1880.8096611081503
169 0 100 0.0 0.0 0.0
170 3 39 32.9215577265747 335.47304520277595 11044.29522335299
171 2 35 9.541850352986048 168.62869283493262 1609.0297522505775
172 4 53 75.61186198841948 888.1171619831025 67152.19228141312
173 0 100 0.0 0.0 0.0
174 1 17 1.0 35.503281577765854 35.503281577765854
175 1 15 1.0 30.323695983612147 30.323695983612147
176 1 19 1.0 40.84402933782601 40.84402933782601
177 3 43 32.9215577265747 391.71440685113555 12895.848457480626
178 1 105 1.0 7.59708563275366 7.59708563275366
179 4 80 75.61186198841948 1795.7178600152838 135777.5710016156
180 7 85 332.66880679862265 7225.0 2403532.1291200486
181 2 28 9.541850352986048 122.22584512913716 1166.2607234894754
182 2 39 9.541850352986048 197.11162840858907 1880.8096611081503
183 5 84 139.6884681067044 3137.9608221632784 438336.940226843
184 7 55 332.66880679862265 3025.0 1006323.1405658335
185 2 17 9.541850352986048 59.51335422080222 567.8675199791454
186 4 68 75.61186198841948 1360.0227175454593 102833.85002016247
187 1 27 1.0 63.59241768810072 63.59241768810072
188 0 6 0.0 6.0 0.0
189 6 83 225.58275470837765 4688.828251009056 1057718.7932170872
190 1 33 1.0 81.88562674252243 81.88562674252243
191 1 19 1.0 40.84402933782601 40.84402933782601
192 1 17 1.0 35.503281577765854 35.503281577765854
193 5 61 139.6884681067044 1754.5251914699081 245086.93625105367
194 4 95 75.61186198841948 2409.1275506493207 182158.6198721955
195 4 73 75.61186198841948 1535.4556318691968 116098.65932623514
196 2 40 9.541850352986048 204.4421003683832 1950.7559275652661
197 1 33 1.0 81.88562674252243 81.88562674252243
198 4 51 75.61186198841948 831.5797944458234 62877.296649995835
199 6 87 225.58275470837765 5130.584655325767 1157371.4198129189
