0 0 100 0.0 0.0 0.0
1 5 60 139.6884681067044 1702.6102917613564 237835.0234388529
2 2 13 9.541850352986048 40.41888428935346 385.6709453236695
3 1 24 1.0 54.8222930413608 54.8222930413608
4 2 26 9.541850352986048 109.8359986590007 1048.0386625749609
5 2 123 9.541850352986048 92.0346545141889 878.1809006631623
6 0 5 0.0 5.0 0.0
7 9 127 604.9491004987461 34080.638090162705 20617051.357067235
8 1 103 1.0 3.9914906122521803 3.9914906122521803
9 5 81 139.6884681067044 2937.2940727723303 410306.1094044695
10 2 23 9.541850352986048 92.0346545141889 878.1809006631623
11 0 100 0.0 0.0 0.0
12 1 105 1.0 7.59708563275366 7.59708563275366
13 0 6 0.0 6.0 0.0
14 0 100 0.0 0.0 0.0
15 1 19 1.0 40.84402933782601 40.84402933782601
16 0 100 0.0 0.0 0.0
17 0 100 0.0 0.0 0.0
18 0 10 0.0 10.0 0.0
19 0 6 0.0 6.0 0.0
20 0 100 0.0 0.0 0.0
21 0 100 0.0 0.0 0.0
22 1 110 1.0 18.1937008646705 18.1937008646705
23 1 102 1.0 2.3948263510722025 2.3948263510722025
24 0 100 0.0 0.0 0.0
25 2 22 9.541850352986048 86.31942417916456 823.6470280735138
26 0 100 0.0 0.0 0.0
27 3 18 32.9215577265747 98.31525163284788 3236.6912320335186
28 0 100 0.0 0.0 0.0
29 2 12 9.541850352986048 36.01211998010309 343.62225974392254
30 1 116 1.0 32.892441635375256 32.892441635375256
31 4 41 75.61186198841948 572.5607883495287 43292.38730866522
32 0 100 0.0 0.0 0.0
33 4 51 75.61186198841948 831.5797944458234 62877.296649995835
34 1 105 1.0 7.59708563275366 7.59708563275366
35 0 100 0.0 0.0 0.0
36 0 100 0.0 0.0 0.0
37 0 100 0.0 0.0 0.0
38 0 100 0.0 0.0 0.0
39 0 100 0.0 0.0 0.0
40 3 85 32.9215577265747 1155.4778704989785 38040.13141541172
41 1 10 1.0 18.1937008646705 18.1937008646705
42 1 28 1.0 66.57403288693754 66.57403288693754
43 1 8 1.0 13.734791927877684 13.734791927877684
44 1 9 1.0 15.931997307697284 15.931997307697284
45 1 7 1.0 11.607984241186918 11.607984241186918
46 0 100 0.0 0.0 0.0
47 0 100 0.0 0.0 0.0
48 2 22 9.541850352986048 86.31942417916456 823.6470280735138
49 0 100 0.0 0.0 0.0
50 4 73 75.61186198841948 1535.4556318691968 116098.65932623514
51 0 9 0.0 9.0 0.0
52 1 20 1.0 43.57075425423803 43.57075425423803
53 0 9 0.0 9.0 0.0
54 0 6 0.0 6.0 0.0
55 0 100 0.0 0.0 0.0
56 1 104 1.0 5.735193251789799 5.735193251789799
57 0 100 0.0 0.0 0.0
58 2 26 9.541850352986048 109.8359986590007 1048.0386625749609
59 3 157 32.9215577265747 612.7419199112477 20172.41848785035
60 0 100 0.0 0.0 0.0
61 0 100 0.0 0.0 0.0
62 6 143 225.58275470837765 1332.6396931867307 300620.5330227899
63 0 100 0.0 0.0 0.0
64 1 17 1.0 35.503281577765854 35.503281577765854
65 0 10 0.0 10.0 0.0
66 0 100 0.0 0.0 0.0
67 0 100 0.0 0.0 0.0
68 0 100 0.0 0.0 0.0
69 2 21 9.541850352986048 80.71796600694597 770.1987524356932
70 0 100 0.0 0.0 0.0
71 1 16 1.0 32.892441635375256 32.892441635375256
72 1 20 1.0 43.57075425423803 43.57075425423803
73 0 100 0.0 0.0 0.0
74 9 93 604.9491004987461 17416.783409430795 10536267.457116645
75 0 100 0.0 0.0 0.0
76 3 75 32.9215577265747 947.2709566120693 31185.635480811874
77 4 74 75.61186198841948 1571.597319835911 118831.39964880285
78 0 28 0.0 28.0 0.0
79 0 100 0.0 0.0 0.0
80 0 6 0.0 6.0 0.0
81 2 52 9.541850352986048 298.47302352672085 2847.984924895254
82 2 18 9.541850352986048 64.62733255388774 616.6643359418604
83 0 5 0.0 5.0 0.0
84 0 100 0.0 0.0 0.0
85 1 20 1.0 43.57075425423803 43.57075425423803
86 0 100 0.0 0.0 0.0
87 0 10 0.0 10.0 0.0
88 1 135 1.0 88.18685030395203 88.18685030395203
89 7 198 332.66880679862265 9604.0 3194951.220493972
90 5 122 139.6884681067044 275.0070944450404 38415.319741503474
91 3 51 32.9215577265747 513.5688732735056 16907.48730804564
92 1 26 1.0 60.63937356224698 60.63937356224698
93 4 93 75.61186198841948 2323.049658002374 175650.1101331206
94 4 46 75.61186198841948 697.0692055589992 52706.70056710426
95 2 15 9.541850352986048 49.68406405407534 474.0779041321602
96 0 6 0.0 6.0 0.0
97 1 110 1.0 18.1937008646705 18.1937008646705
98 0 100 0.0 0.0 0.0
99 0 100 0.0 0.0 0.0
100 3 126 32.9215577265747 176.25042831919396 5802.438650243859
101 9 147 604.9491004987461 46702.87865638875 28252864.433884464
102 6 61 225.58275470837765 2601.435802251927 586839.054468988
103 6 77 225.58275470837765 4061.8785529685815 916289.7532695315
104 4 170 75.61186198841948 1429.1350405139644 108059.56144615616
105 0 100 0.0 0.0 0.0
106 6 85 225.58275470837765 4907.334112484054 1107009.9473685443
107 1 101 1.0 1.0 1.0
108 0 100 0.0 0.0 0.0
109 6 62 225.58275470837765 2683.6257759841665 605379.6951529159
110 2 108 9.541850352986048 20.066939702021244 191.47573567908114
111 10 146 766.6651705632711 65084.513101468925 49898029.33796512
112 5 140 139.6884681067044 814.9598274436516 113840.48986410785
113 5 69 139.6884681067044 2194.8788310889477 306599.26159464906
114 5 75 139.6884681067044 2553.9502583266267 356757.3992063684
115 5 16 139.6884681067044 154.18112730737082 21537.325484531397
116 6 50 225.58275470837765 1778.3314122697193 401160.8987642429
117 1 105 1.0 7.59708563275366 7.59708563275366
118 0 100 0.0 0.0 0.0
119 0 100 0.0 0.0 0.0
120 0 100 0.0 0.0 0.0
121 0 100 0.0 0.0 0.0
122 2 21 9.541850352986048 80.71796600694597 770.1987524356932
123 0 100 0.0 0.0 0.0
124 1 6 1.0 9.55892689827884 9.55892689827884
125 11 166 942.9223974109915 120998.14068012842 114091856.8923791
126 11 99 942.9223974109915 37056.47122356453 34941376.68571488
127 0 100 0.0 0.0 0.0
128 8 135 459.67273235884244 26994.34596231654 12408564.76673793
129 5 172 139.6884681067044 2371.3580183097592 331251.36891024053
130 2 37 9.541850352986048 182.69988024795316 1743.2949168344405
131 4 54 75.61186198841948 916.9626779842689 69333.25545627807
132 0 100 0.0 0.0 0.0
133 3 61 32.9215577265747 682.3928350558612 22465.435111492498
134 4 57 75.61186198841948 1005.7817905983286 76049.03394118624
135 1 106 1.0 9.55892689827884 9.55892689827884
136 5 33 139.6884681067044 574.5435462484656 80257.10783604163
137 3 26 32.9215577265747 176.25042831919396 5802.438650243859
138 4 56 75.61186198841948 975.7969952136767 73781.82773081094
139 5 82 139.6884681067044 3003.520233876968 419557.14039776416
140 4 39 75.61186198841948 525.6324972119714 39744.05183581987
141 6 99 225.58275470837765 6569.204673563341 1481899.2865055674
142 3 137 32.9215577265747 308.57807572808247 10158.870933237406
143 3 155 32.9215577265747 578.9666715492328 19060.48469917088
144 5 81 139.6884681067044 2937.2940727723303 410306.1094044695
145 0 100 0.0 0.0 0.0
146 0 100 0.0 0.0 0.0
147 4 160 75.61186198841948 1097.9836363389938 83020.58717640696
148 1 27 1.0 63.59241768810072 63.59241768810072
149 7 110 332.66880679862265 12100.0 4025292.562263334
150 0 100 0.0 0.0 0.0
151 5 61 139.6884681067044 1754.5251914699081 245086.93625105367
152 6 191 225.58275470837765 23091.910051671937 5209136.680934231
153 8 115 459.67273235884244 19338.564883686733 8889410.959983042
154 6 169 225.58275470837765 3293.0002682054314 742844.0717572076
155 8 104 459.67273235884244 15689.114034349886 7211857.916459074
156 4 43 75.61186198841948 621.143248020611 46965.797544373054
157 1 115 1.0 30.323695983612147 30.323695983612147
158 9 133 604.9491004987461 37644.33692394514 22772907.76101235
159 5 131 139.6884681067044 512.8425432350123 71638.18924444518
160 10 79 766.6651705632711 16606.75851041355 12731823.34588926
161 9 144 604.9491004987461 44673.607750369876 27025258.82462007
162 5 113 139.6884681067044 5378.870870117234 751366.2319904525
163 3 66 32.9215577265747 773.2963448216119 25458.12025579391
164 5 91 139.6884681067044 3629.2296992039956 506961.5370891617
165 5 82 139.6884681067044 3003.520233876968 419557.14039776416
166 9 134 604.9491004987461 38256.77589826959 23143402.1676403
167 5 75 139.6884681067044 2553.9502583266267 356757.3992063684
168 10 116 766.6651705632711 39022.35413079504 29917079.785466347
169 5 118 139.6884681067044 190.97719866698736 26677.31232510121
170 5 99 139.6884681067044 4229.702363015084 590840.6436368847
171 10 137 766.6651705632711 56496.819585189216 43314143.823561445
172 11 202 942.9223974109915 189643.12073882896 178818746.05955872
173 5 186 139.6884681067044 3275.042744200361 457485.7039213258
174 4 91 75.61186198841948 2238.2761103848434 169240.22435039515
175 4 50 75.61186198841948 803.8922494719358 60783.78982063209
176 5 47 139.6884681067044 1092.4547337912052 152603.328239211
177 4 139 75.61186198841948 525.6324972119714 39744.05183581987
178 7 87 332.66880679862265 7569.0 2517970.198658775
179 5 150 139.6884681067044 1222.4564081968258 170763.0629882387
180 6 159 225.58275470837765 2440.720411610211 550584.4339239968
181 9 105 604.9491004987461 22621.44489281392 13684822.739889735
182 5 147 139.6884681067044 1092.4547337912052 152603.328239211
183 6 155 225.58275470837765 2133.9982456992793 481393.20280768874
184 7 175 332.66880679862265 5625.0 1871262.0382422525
185 4 139 75.61186198841948 525.6324972119714 39744.05183581987
186 4 83 75.61186198841948 1912.3940233356846 144599.67295993603
187 6 182 225.58275470837765 4581.357643139669 1033475.277443727
188 6 81 225.58275470837765 4475.076918624486 1009500.1788351899
189 11 128 942.9223974109915 66727.75730374745 62919096.89070834
190 10 108 766.6651705632711 33288.478681365275 25521117.18604072
191 3 41 32.9215577265747 363.1907597716439 11956.805563580698
192 4 155 75.61186198841948 946.1899645328139 71543.18501308264
193 6 121 225.58275470837765 9643.286769790522 2175359.1939721988
194 6 145 225.58275470837765 13631.644416136303 3075063.8985971017
195 5 146 139.6884681067044 1050.58572833688 146754.71100614508
196 6 80 225.58275470837765 4369.987349380403 985793.784313993
197 7 94 332.66880679862265 8836.0 2939461.5768726296
198 7 192 332.66880679862265 8464.0 2815708.780743542
199 12 199 1131.8354418063404 254315.5879600347 287843395.8569851
