0 0 100 0.0 0.0 0.0
1 2 32 9.541850352986048 148.1842032776824 1413.95149235211
2 2 19 9.541850352986048 69.8685662777562 666.6754038000371
3 0 8 0.0 8.0 0.0
4 2 19 9.541850352986048 69.8685662777562 666.6754038000371
5 0 100 0.0 0.0 0.0
6 2 32 9.541850352986048 148.1842032776824 1413.95149235211
7 0 10 0.0 10.0 0.0
8 0 100 0.0 0.0 0.0
9 3 34 32.9215577265747 269.81820202916316 8882.83551378369
10 1 57 1.0 163.02855966848514 163.02855966848514
11 3 37 32.9215577265747 308.57807572808247 10158.870933237406
12 0 10 0.0 10.0 0.0
13 1 106 1.0 9.55892689827884 9.55892689827884
14 1 19 1.0 40.84402933782601 40.84402933782601
15 0 100 0.0 0.0 0.0
16 0 100 0.0 0.0 0.0
17 0 100 0.0 0.0 0.0
18 1 102 1.0 2.3948263510722025 2.3948263510722025
19 0 100 0.0 0.0 0.0
20 0 5 0.0 5.0 0.0
21 2 20 9.541850352986048 75.23327232919837 717.8646261306569
22 1 105 1.0 7.59708563275366 7.59708563275366
23 0 100 0.0 0.0 0.0
24 0 100 0.0 0.0 0.0
25 0 6 0.0 6.0 0.0
26 0 10 0.0 10.0 0.0
27 0 10 0.0 10.0 0.0
28 0 100 0.0 0.0 0.0
29 0 5 0.0 5.0 0.0
30 0 100 0.0 0.0 0.0
31 2 27 9.541850352986048 115.98017876588344 1106.66550969663
32 1 102 1.0 2.3948263510722025 2.3948263510722025
33 0 100 0.0 0.0 0.0
34 0 16 0.0 16.0 0.0
35 1 103 1.0 3.9914906122521803 3.9914906122521803
36 0 100 0.0 0.0 0.0
37 0 100 0.0 0.0 0.0
38 0 100 0.0 0.0 0.0
39 0 10 0.0 10.0 0.0
40 0 100 0.0 0.0 0.0
41 1 117 1.0 35.503281577765854 35.503281577765854
42 1 31 1.0 75.68293941204132 75.68293941204132
43 0 100 0.0 0.0 0.0
44 0 5 0.0 5.0 0.0
45 0 10 0.0 10.0 0.0
46 2 28 9.541850352986048 122.22584512913716 1166.2607234894754
47 0 10 0.0 10.0 0.0
48 2 110 9.541850352986048 27.685321443873434 264.16919419175593
49 3 41 32.9215577265747 363.1907597716439 11956.805563580698
50 0 100 0.0 0.0 0.0
51 1 20 1.0 43.57075425423803 43.57075425423803
52 1 103 1.0 3.9914906122521803 3.9914906122521803
53 3 47 32.9215577265747 451.11773253603667 14851.498473166615
54 0 100 0.0 0.0 0.0
55 0 10 0.0 10.0 0.0
56 2 14 9.541850352986048 44.97826169706515 429.17584225083993
57 0 100 0.0 0.0 0.0
58 0 10 0.0 10.0 0.0
59 2 37 9.541850352986048 182.69988024795316 1743.2949168344405
60 0 100 0.0 0.0 0.0
61 1 22 1.0 49.12998068819353 49.12998068819353
62 2 15 9.541850352986048 49.68406405407534 474.0779041321602
63 0 100 0.0 0.0 0.0
64 0 5 0.0 5.0 0.0
65 1 11 1.0 20.51504931294799 20.51504931294799
66 0 9 0.0 9.0 0.0
67 3 26 32.9215577265747 176.25042831919396 5802.438650243859
68 4 135 75.61186198841948 436.83679879622173 33030.043742042886
69 1 9 1.0 15.931997307697284 15.931997307697284
70 0 5 0.0 5.0 0.0
71 0 5 0.0 5.0 0.0
72 0 6 0.0 6.0 0.0
73 2 112 9.541850352986048 36.01211998010309 343.62225974392254
74 0 100 0.0 0.0 0.0
75 0 9 0.0 9.0 0.0
76 0 100 0.0 0.0 0.0
77 0 100 0.0 0.0 0.0
78 0 100 0.0 0.0 0.0
79 0 100 0.0 0.0 0.0
80 0 100 0.0 0.0 0.0
81 0 6 0.0 6.0 0.0
82 0 10 0.0 10.0 0.0
83 0 100 0.0 0.0 0.0
84 3 27 32.9215577265747 187.1321231368427 6160.680994346051
85 0 100 0.0 0.0 0.0
86 0 100 0.0 0.0 0.0
87 0 5 0.0 5.0 0.0
88 4 61 75.61186198841948 1129.4605717070829 85400.6168692773
89 0 100 0.0 0.0 0.0
90 1 101 1.0 1.0 1.0
91 0 100 0.0 0.0 0.0
92 1 11 1.0 20.51504931294799 20.51504931294799
93 2 19 9.541850352986048 69.8685662777562 666.6754038000371
94 0 100 0.0 0.0 0.0
95 0 6 0.0 6.0 0.0
96 2 24 9.541850352986048 97.86086952638261 933.7737724338355
97 0 100 0.0 0.0 0.0
98 2 26 9.541850352986048 109.8359986590007 1048.0386625749609
99 0 10 0.0 10.0 0.0
100 4 140 75.61186198841948 548.8883970182196 41502.47372238642
101 0 5 0.0 5.0 0.0
102 2 12 9.541850352986048 36.01211998010309 343.62225974392254
103 0 100 0.0 0.0 0.0
104 3 70 32.9215577265747 849.0056290582019 27950.587827226456
105 6 77 225.58275470837765 4061.8785529685815 916289.7532695315
106 0 6 0.0 6.0 0.0
107 0 100 0.0 0.0 0.0
108 1 17 1.0 35.503281577765854 35.503281577765854
109 0 100 0.0 0.0 0.0
110 0 100 0.0 0.0 0.0
111 4 51 75.61186198841948 831.5797944458234 62877.296649995835
112 1 116 1.0 32.892441635375256 32.892441635375256
113 3 80 32.9215577265747 1049.4627962762117 34549.95002949981
114 1 105 1.0 7.59708563275366 7.59708563275366
115 0 7 0.0 7.0 0.0
116 0 100 0.0 0.0 0.0
117 3 62 32.9215577265747 700.2360303580608 23052.86089566041
118 0 100 0.0 0.0 0.0
119 1 18 1.0 38.15436697768484 38.15436697768484
120 0 100 0.0 0.0 0.0
121 0 5 0.0 5.0 0.0
122 0 5 0.0 5.0 0.0
123 0 18 0.0 18.0 0.0
124 4 52 75.61186198841948 859.6554919481086 65000.15241476724
125 1 6 1.0 9.55892689827884 9.55892689827884
126 2 61 9.541850352986048 375.74324992186104 3585.2858618990344
127 0 10 0.0 10.0 0.0
128 5 150 139.6884681067044 8999.538489632552 1257131.7452840954
129 9 130 604.9491004987461 35838.75307275326 21680621.434358757
130 1 103 1.0 3.9914906122521803 3.9914906122521803
131 0 100 0.0 0.0 0.0
132 1 101 1.0 1.0 1.0
133 2 18 9.541850352986048 64.62733255388774 616.6643359418604
134 1 105 1.0 7.59708563275366 7.59708563275366
135 0 100 0.0 0.0 0.0
136 0 100 0.0 0.0 0.0
137 0 100 0.0 0.0 0.0
138 1 10 1.0 18.1937008646705 18.1937008646705
139 0 100 0.0 0.0 0.0
140 4 157 75.61186198841948 1005.7817905983286 76049.03394118624
141 1 13 1.0 25.320989780782124 25.320989780782124
142 7 85 332.66880679862265 7225.0 2403532.1291200486
143 0 100 0.0 0.0 0.0
144 3 39 32.9215577265747 335.47304520277595 11044.29522335299
145 0 100 0.0 0.0 0.0
146 0 100 0.0 0.0 0.0
147 2 35 9.541850352986048 168.62869283493262 1609.0297522505775
148 4 51 75.61186198841948 831.5797944458234 62877.296649995835
149 1 19 1.0 40.84402933782601 40.84402933782601
150 5 69 139.6884681067044 2194.8788310889477 306599.26159464906
151 2 17 9.541850352986048 59.51335422080222 567.8675199791454
152 5 144 139.6884681067044 969.0623078155637 135366.82927870372
153 1 19 1.0 40.84402933782601 40.84402933782601
154 0 5 0.0 5.0 0.0
155 4 65 75.61186198841948 1259.0362466163215 95198.07491757096
156 1 11 1.0 20.51504931294799 20.51504931294799
157 1 104 1.0 5.735193251789799 5.735193251789799
158 1 11 1.0 20.51504931294799 20.51504931294799
159 2 58 9.541850352986048 349.384203814786 3333.771788497865
160 2 27 9.541850352986048 115.98017876588344 1106.66550969663
161 7 134 332.66880679862265 17956.0 5973401.094876069
162 2 51 9.541850352986048 290.23003402420613 2769.3315526010238
163 2 47 9.541850352986048 257.9778488812911 2461.586028410529
164 3 73 32.9215577265747 907.48753481702 29875.90326362549
165 4 54 75.61186198841948 916.9626779842689 69333.25545627807
166 2 52 9.541850352986048 298.47302352672085 2847.984924895254
167 2 21 9.541850352986048 80.71796600694597 770.1987524356932
168 5 51 139.6884681067044 1267.2460047423704 177019.65311680315
169 5 106 139.6884681067044 4788.781200314608 668937.5099701327
170 5 114 139.6884681067044 5465.679515018471 763492.3986151252
171 1 19 1.0 40.84402933782601 40.84402933782601
172 1 107 1.0 11.607984241186918 11.607984241186918
173 2 36 9.541850352986048 175.6210676402407 1675.7499462548174
174 3 50 32.9215577265747 497.6760852315066 16384.27196908475
175 2 14 9.541850352986048 44.97826169706515 429.17584225083993
176 8 160 459.67273235884244 38437.428033367876 17668637.56894458
177 0 10 0.0 10.0 0.0
178 3 56 32.9215577265747 595.765723501293 19613.535657762357
179 5 96 139.6884681067044 3999.6858182206656 558709.9848553553
180 1 41 1.0 107.64164596635766 107.64164596635766
181 1 53 1.0 148.74811262526265 148.74811262526265
182 2 130 9.541850352986048 135.01359299654277 1288.2794999919763
183 3 158 32.9215577265747 629.8939717412368 20737.090752300537
184 1 27 1.0 63.59241768810072 63.59241768810072
185 1 19 1.0 40.84402933782601 40.84402933782601
186 3 49 32.9215577265747 481.96892224029307 15867.1676959488
187 6 53 225.58275470837765 1988.0215081420156 448463.36822617933
188 5 60 139.6884681067044 1702.6102917613564 237835.0234388529
189 2 34 9.541850352986048 161.72412498062124 1543.1473990327004
190 2 39 9.541850352986048 197.11162840858907 1880.8096611081503
191 1 11 1.0 20.51504931294799 20.51504931294799
192 3 39 32.9215577265747 335.47304520277595 11044.29522335299
193 5 74 139.6884681067044 2492.4098028308917 348160.9072515804
194 3 35 32.9215577265747 282.5239294230334 9301.12785163911
195 7 101 332.66880679862265 10201.0 3393554.4981527496
196 2 23 9.541850352986048 92.0346545141889 878.1809006631623
197 2 49 9.541850352986048 273.9583678426836 2614.069748903192
198 5 60 139.6884681067044 1702.6102917613564 237835.0234388529
199 5 165 139.6884681067044 1969.1653870843556 275069.6963705592
