0 0 19 0.0 19.0 0.0
1 0 100 0.0 0.0 0.0
2 0 100 0.0 0.0 0.0
3 3 156 32.9215577265747 595.765723501293 19613.535657762357
4 19 482 2668.9360872348193 19182718.192276467 51197448834.622536
5 6 169 225.58275470837765 3293.0002682054314 742844.0717572076
6 21 357 3136.7198300107975 14212704.92733795 44581273383.67312
7 35 976 6117.310290426031 7429264356.070022 45447115295682.47
8 0 5 0.0 5.0 0.0
9 0 100 0.0 0.0 0.0
10 0 100 0.0 0.0 0.0
11 3 163 32.9215577265747 718.2490844189361 23645.87869475743
12 43 825 7393.130324549447 19774173588.82974 146193042402481.9
13 0 100 0.0 0.0 0.0
14 0 100 0.0 0.0 0.0
15 9 236 604.9491004987461 39497.557201796815 23894011.701124758
16 2 157 9.541850352986048 340.72951581223015 3251.1900507256933
17 0 6 0.0 6.0 0.0
18 0 5 0.0 5.0 0.0
19 0 100 0.0 0.0 0.0
20 2 7 9.541850352986048 16.551687764173284 157.9337277350917
21 0 100 0.0 0.0 0.0
22 1 10 1.0 18.1937008646705 18.1937008646705
23 3 48 32.9215577265747 466.4489382157433 15356.225645969067
24 0 100 0.0 0.0 0.0
25 15 305 1756.7778603087352 1819882.3946090278 3197129099.214785
26 1 9 1.0 15.931997307697284 15.931997307697284
27 0 5 0.0 5.0 0.0
28 0 100 0.0 0.0 0.0
29 11 157 942.9223974109915 106501.37495943412 100422531.80431657
30 0 100 0.0 0.0 0.0
31 33 637 5744.298091538941 1214292177.8663127 6975256239888.124
32 2 44 9.541850352986048 234.56808185291177 2238.2135346274663
33 0 100 0.0 0.0 0.0
34 22 726 3370.209833397988 89760528.8969046 302511817139.3522
35 0 100 0.0 0.0 0.0
36 0 7 0.0 7.0 0.0
37 2 30 9.541850352986048 135.01359299654277 1288.2794999919763
38 1 36 1.0 91.37308344663872 91.37308344663872
39 28 703 4724.12231882448 558147195.6719908 2636755624263.3457
40 0 100 0.0 0.0 0.0
41 3 80 32.9215577265747 1049.4627962762117 34549.95002949981
42 0 100 0.0 0.0 0.0
43 0 100 0.0 0.0 0.0
44 13 294 1331.5823725933528 326533.42327590974 434806150.49676543
45 3 34 32.9215577265747 269.81820202916316 8882.83551378369
46 1 48 1.0 131.28987200165307 131.28987200165307
47 3 121 32.9215577265747 2024.0241397686736 66634.02755737508
48 1 27 1.0 63.59241768810072 63.59241768810072
49 1 50 1.0 138.2191034456061 138.2191034456061
50 0 100 0.0 0.0 0.0
51 0 100 0.0 0.0 0.0
52 0 100 0.0 0.0 0.0
53 34 844 5933.442745663244 3734738418.9292083 22159856578745.324
54 15 468 1756.7778603087352 2920998.6425464633 5131545745.217496
55 0 100 0.0 0.0 0.0
56 1 19 1.0 40.84402933782601 40.84402933782601
57 20 626 2902.6872563902634 51944137.43602415 150777585779.73172
58 1 112 1.0 22.891970023971037 22.891970023971037
59 2 53 9.541850352986048 306.7864203576611 2927.3101133810746
60 2 116 9.541850352986048 54.53075711894446 520.3243240639966
61 41 1029 7106.788070274764 29596210541.188396 210333995999457.94
62 0 100 0.0 0.0 0.0
63 19 614 2668.9360872348193 37004398.11112636 98762373505.18913
64 0 100 0.0 0.0 0.0
65 1 107 1.0 11.607984241186918 11.607984241186918
66 0 5 0.0 5.0 0.0
67 0 100 0.0 0.0 0.0
68 0 6 0.0 6.0 0.0
69 1 36 1.0 91.37308344663872 91.37308344663872
70 2 10 9.541850352986048 27.685321443873434 264.16919419175593
71 0 100 0.0 0.0 0.0
72 10 171 766.6651705632711 92499.39491944655 70916064.38291687
73 0 100 0.0 0.0 0.0
74 15 430 1756.7778603087352 4324388.291843974 7596989610.489803
75 3 193 32.9215577265747 1332.8212345645688 43878.55121292201
76 2 33 9.541850352986048 154.90879557685506 1478.1165457556579
77 0 6 0.0 6.0 0.0
78 0 100 0.0 0.0 0.0
79 0 100 0.0 0.0 0.0
80 0 100 0.0 0.0 0.0
81 23 546 3602.4235623004615 78601317.48532887 283155238137.008
82 0 100 0.0 0.0 0.0
83 0 100 0.0 0.0 0.0
84 0 8 0.0 8.0 0.0
85 0 100 0.0 0.0 0.0
86 0 100 0.0 0.0 0.0
87 0 9 0.0 9.0 0.0
88 6 88 225.58275470837765 5243.986173197856 1182952.846602616
89 0 9 0.0 9.0 0.0
90 0 100 0.0 0.0 0.0
91 5 202 139.6884681067044 4465.486028292682 623776.9026440964
92 1 10 1.0 18.1937008646705 18.1937008646705
93 0 5 0.0 5.0 0.0
94 0 100 0.0 0.0 0.0
95 2 32 9.541850352986048 148.1842032776824 1413.95149235211
96 2 48 9.541850352986048 265.93129728965954 2537.4766429133756
97 0 5 0.0 5.0 0.0
98 1 114 1.0 27.799106543625292 27.799106543625292
99 0 100 0.0 0.0 0.0
100 39 640 6798.773358825962 3953670890.1265116 26880112317357.85
101 33 618 5744.298091538941 1100827324.8481817 6323480301239.328
102 9 182 604.9491004987461 73990.54056378055 44760510.95947503
103 1 36 1.0 91.37308344663872 91.37308344663872
104 16 483 1979.1134619514044 7964964.557197918 15763568579.116207
105 8 140 459.67273235884244 29115.631170703473 13383661.734589547
106 18 518 2436.3877014920204 17495324.660047483 42625393835.34975
107 28 752 4724.12231882448 686518849.4752882 3243199019099.9126
108 1 114 1.0 27.799106543625292 27.799106543625292
109 38 1082 6636.579650383532 19485260102.733044 129315480680228.25
110 1 128 1.0 66.57403288693754 66.57403288693754
111 30 787 5146.386239304723 816509055.1701926 4202070965795.58
112 20 570 2902.6872563902634 40109732.574160375 116426009600.23676
113 30 632 5146.386239304723 628229668.7749567 3233112522506.4014
114 42 1061 7252.650449022947 39836888240.46338 288923025384873.7
115 0 100 0.0 0.0 0.0
116 46 1123 7782.801884860074 101927182320.78961 793279066684717.8
117 48 1209 8016.77096497358 190344425957.25705 1525947667358701.8
118 18 498 2436.3877014920204 15750386.853877464 38374048824.52865
119 31 892 5350.621552679651 2327150909.607788 12451703813285.486
120 35 756 6117.310290426031 3196462053.413994 19553750212305.746
121 54 1180 8602.009448624298 481084360650.88904 4138292215904327.0
122 28 792 4724.12231882448 805011618.4570669 3802973353666.047
123 35 743 6117.310290426031 3018534857.877734 18465314348105.14
124 42 904 7252.650449022947 22731848109.83142 164866148400890.28
125 49 1252 8126.242482129881 258031019249.70374 2096822630334215.5
126 33 888 5744.298091538941 3562160134.4596505 20462109662132.668
127 38 1042 6636.579650383532 17148555449.111238 113807754127045.27
128 39 1131 6798.773358825962 27713745024.56463 188419471346305.53
129 43 1196 7393.130324549447 73360645944.74922 542364816162660.94
130 13 300 1331.5823725933528 933715.6315376267 1243319275.9703739
131 31 506 5350.621552679651 384718216.0410689 2058481578457.8098
132 17 582 2206.0678959513543 17625770.770701736 38883647038.64286
133 13 414 1331.5823725933528 1042211.0549167081 1387789869.2490113
134 45 908 7658.1450374688 39715789648.6924 304149277407288.44
135 45 1140 7658.1450374688 89750405509.32072 687321622562017.0
136 37 881 6468.923834840442 7960430915.766534 51495421286602.86
137 40 1056 6955.50474228233 26683945923.088646 185600312410848.3
138 39 993 6798.773358825962 17759153321.287746 120740458476076.72
139 35 1180 6117.310290426031 13903716547.491209 85053348311134.67
140 0 100 0.0 0.0 0.0
141 26 667 4285.277943143774 296740963.0 1271617503571.1428
142 41 929 7106.788070274764 20744439465.993374 147426334921458.72
143 29 655 4937.473672561782 563269858.3725997 2781130096262.315
144 15 307 1756.7778603087352 1850103.3372293164 3250220582.1277685
145 24 699 3832.71054120725 207635552.49588755 795806970780.3795
146 39 843 6798.773358825962 10143540171.098986 68963630679448.72
147 21 556 3136.7198300107975 49182152.444098026 154270632854.0163
148 37 1002 6468.923834840442 12269969377.41945 79373497358351.03
149 39 954 6798.773358825962 15485031937.208 105279222595258.92
150 19 464 2668.9360872348193 17299891.580441654 46172304944.29054
151 43 1016 7393.130324549447 41246034087.19759 304937305377460.7
152 41 1054 7106.788070274764 32171736771.14994 228637715085228.38
153 50 1059 8230.818941038662 165049505463.6507 1358492595779280.2
154 38 910 6636.579650383532 10832657945.783543 71891797282552.53
155 25 762 4060.496712466729 344969160.5821266 1400746142446.1323
156 36 1073 6295.82243666837 9058471067.168678 57030525386591.836
157 29 772 4937.473672561782 938638449.6893264 4634502633395.256
158 37 915 6468.923834840442 9041175248.68385 58486674061180.414
159 53 1080 8516.089422990353 292161730594.65753 2488075423719720.0
160 34 829 5933.442745663244 3521967948.160105 20897395172469.035
161 21 570 3136.7198300107975 52731452.70894173 165403793377.4141
162 32 661 5549.980220652734 1111457853.272597 6168569101752.0625
163 34 1075 5933.442745663244 5987317645.544006 35525406449934.62
164 9 248 604.9491004987461 47390.045546024034 28668565.42566185
165 23 591 3602.4235623004615 57865838.598774925 208457260420.50232
166 21 676 3136.7198300107975 54301567.67697251 170328804133.03302
167 40 881 6955.50474228233 14286199149.695671 99367725934898.03
168 34 941 5933.442745663244 5331001902.568086 31631194565909.56
169 65 1365 9277.206207955343 4675451332348.53 4.337512612545686e+16
170 41 774 7106.788070274764 10998679564.7929 78165284719845.02
171 40 1122 6955.50474228233 32888036993.16163 228752897270292.4
172 28 976 4724.12231882448 1097248194.8415585 5183534686540.878
173 36 1024 6295.82243666837 10739579952.414139 67614488424802.76
174 59 1426 8967.266196081293 2228232307373.766 1.998115224692899e+16
175 32 698 5549.980220652734 1323621758.088812 7346074577018.505
176 52 1361 8425.648590871551 591107720110.9762 4980465929006342.0
177 47 1039 7902.318130854768 91856197700.17615 725876896517482.0
178 27 650 4506.6139001521815 348066060.34259504 1568599345711.1467
179 23 436 3602.4235623004615 41076791.15620016 147976000324.79068
180 41 956 7106.788070274764 22916645545.46212 162863743173205.5
181 25 577 4060.496712466729 151346537.85574687 614542119406.4816
182 22 410 3370.209833397988 26940753.33691113 90795991815.20755
183 51 1078 8330.590095344352 208585137126.25284 1737637277380005.5
184 28 667 4724.12231882448 474907816.18206567 2243522613809.89
185 52 1108 8425.648590871551 272999172178.3579 2300195090373681.5
186 32 973 5549.980220652734 3841267192.5495243 21318956940892.117
187 33 702 5744.298091538941 1663517212.399934 9555738748431.12
188 41 884 7106.788070274764 17456074271.58684 124056620387143.61
189 28 753 4724.12231882448 444943769.40405923 2101968791663.6091
190 37 831 6468.923834840442 6540739303.125548 42311544375466.52
191 20 634 2902.6872563902634 53796224.58079097 156153615532.5706
192 46 1115 7782.801884860074 99331047362.64636 773073862639129.4
193 30 901 5146.386239304723 1913882588.7292626 9849579018281.178
194 37 743 6468.923834840442 4489456677.607678 29041953307259.895
195 48 1114 8016.77096497358 141086148097.56473 1131055335628519.2
196 38 777 6636.579650383532 6339117971.26037 42070061329447.11
197 60 940 9028.149747574074 505486336229.43634 4563606338831929.0
198 41 1347 7106.788070274764 75468400301.27393 536337926943813.94
199 33 816 5744.298091538941 2708605774.2276425 15559038979627.201
