0 0 100 0.0 0.0 0.0
1 2 32 9.541850352986048 148.1842032776824 1413.95149235211
2 1 6 1.0 9.55892689827884 9.55892689827884
3 9 133 604.9491004987461 37644.33692394514 22772907.76101235
4 1 40 1.0 104.3443904241405 104.3443904241405
5 1 34 1.0 85.02419427196995 85.02419427196995
6 0 100 0.0 0.0 0.0
7 1 104 1.0 5.735193251789799 5.735193251789799
8 13 203 1331.5823725933528 364245.1060790388 485022362.558244
9 0 5 0.0 5.0 0.0
10 1 104 1.0 5.735193251789799 5.735193251789799
11 0 100 0.0 0.0 0.0
12 1 10 1.0 18.1937008646705 18.1937008646705
13 1 101 1.0 1.0 1.0
14 2 16 9.541850352986048 54.53075711894446 520.3243240639966
15 0 100 0.0 0.0 0.0
16 0 100 0.0 0.0 0.0
17 0 100 0.0 0.0 0.0
18 11 135 942.9223974109915 75378.38222771238 71075964.88311663
19 1 10 1.0 18.1937008646705 18.1937008646705
20 0 100 0.0 0.0 0.0
21 0 100 0.0 0.0 0.0
22 1 16 1.0 32.892441635375256 32.892441635375256
23 0 10 0.0 10.0 0.0
24 6 136 225.58275470837765 12059.050322553525 2720313.7909285743
25 0 100 0.0 0.0 0.0
26 1 103 1.0 3.9914906122521803 3.9914906122521803
27 0 100 0.0 0.0 0.0
28 0 100 0.0 0.0 0.0
29 16 254 1979.1134619514044 1525824.7814323686 3019780365.51186
30 0 100 0.0 0.0 0.0
31 0 6 0.0 6.0 0.0
32 3 35 32.9215577265747 282.5239294230334 9301.12785163911
33 10 181 766.6651705632711 104962.02514306911 80470728.90897743
34 5 70 139.6884681067044 2253.023098877021 314721.345291151
35 0 100 0.0 0.0 0.0
36 2 129 9.541850352986048 128.5709592386038 1226.8048527946264
37 13 284 1331.5823725933528 818175.0257686881 1089467442.0096972
38 16 256 1979.1134619514044 1556908.4964091864 3081298564.2699404
39 0 100 0.0 0.0 0.0
40 0 100 0.0 0.0 0.0
41 0 5 0.0 5.0 0.0
42 1 100 1.0 0.0 0.0
43 3 28 32.9215577265747 198.25318874016915 6526.8037975869875
44 5 63 139.6884681067044 1860.4532693243248 259883.86717602485
45 0 100 0.0 0.0 0.0
46 0 10 0.0 10.0 0.0
47 1 100 1.0 0.0 0.0
48 0 100 0.0 0.0 0.0
49 4 53 75.61186198841948 888.1171619831025 67152.19228141312
50 0 14 0.0 14.0 0.0
51 0 100 0.0 0.0 0.0
52 0 9 0.0 9.0 0.0
53 0 6 0.0 6.0 0.0
54 1 16 1.0 32.892441635375256 32.892441635375256
55 0 10 0.0 10.0 0.0
56 14 299 1540.4353185285338 1275058.6936311622 1964145444.8662956
57 0 5 0.0 5.0 0.0
58 0 5 0.0 5.0 0.0
59 11 161 942.9223974109915 112815.8246369091 106376567.83253233
60 0 100 0.0 0.0 0.0
61 14 230 1540.4353185285338 667608.2663166124 1028407352.375713
62 7 122 332.66880679862265 14884.0 4951442.5203907
63 0 100 0.0 0.0 0.0
64 2 26 9.541850352986048 109.8359986590007 1048.0386625749609
65 4 149 75.61186198841948 776.5950928818146 58719.80098386357
66 2 128 9.541850352986048 122.22584512913716 1166.2607234894754
67 0 100 0.0 0.0 0.0
68 0 10 0.0 10.0 0.0
69 3 39 32.9215577265747 335.47304520277595 11044.29522335299
70 0 100 0.0 0.0 0.0
71 0 100 0.0 0.0 0.0
72 6 82 225.58275470837765 4581.357643139669 1033475.277443727
73 2 66 9.541850352986048 420.9557626935435 4016.6968928488986
74 1 7 1.0 11.607984241186918 11.607984241186918
75 0 100 0.0 0.0 0.0
76 1 19 1.0 40.84402933782601 40.84402933782601
77 0 100 0.0 0.0 0.0
78 0 8 0.0 8.0 0.0
79 0 100 0.0 0.0 0.0
80 3 27 32.9215577265747 187.1321231368427 6160.680994346051
81 0 100 0.0 0.0 0.0
82 0 10 0.0 10.0 0.0
83 1 10 1.0 18.1937008646705 18.1937008646705
84 0 100 0.0 0.0 0.0
85 17 297 2206.0678959513543 3023118.594423324 6669204876.810878
86 19 236 2668.9360872348193 2761049.1869926117 7369063813.79494
87 0 6 0.0 6.0 0.0
88 1 100 1.0 0.0 0.0
89 0 100 0.0 0.0 0.0
90 0 10 0.0 10.0 0.0
91 3 81 32.9215577265747 1070.3630949288454 35238.02041809513
92 15 329 1756.7778603087352 883919.6670475578 1552850501.360618
93 2 32 9.541850352986048 148.1842032776824 1413.95149235211
94 2 108 9.541850352986048 20.066939702021244 191.47573567908114
95 1 103 1.0 3.9914906122521803 3.9914906122521803
96 1 107 1.0 11.607984241186918 11.607984241186918
97 9 106 604.9491004987461 23088.154186617474 13967158.1073706
98 1 19 1.0 40.84402933782601 40.84402933782601
99 0 100 0.0 0.0 0.0
100 8 147 459.67273235884244 32225.65307789171 14813254.002362624
101 12 232 1131.8354418063404 364799.26300320885 412892735.01186424
102 11 148 942.9223974109915 93037.70552118453 87727336.33965315
103 14 229 1540.4353185285338 660472.5308888281 1017415213.4990788
104 1 100 1.0 0.0 0.0
105 0 100 0.0 0.0 0.0
106 8 79 459.67273235884244 8855.710583538383 4070728.6809142074
107 16 268 1979.1134619514044 1751532.8846822504 3466482311.1252184
108 11 183 942.9223974109915 151258.56329001058 142625087.12635896
109 9 245 604.9491004987461 140379.0478528388 84922178.72744526
110 0 100 0.0 0.0 0.0
111 4 65 75.61186198841948 1259.0362466163215 95198.07491757096
112 0 100 0.0 0.0 0.0
113 10 166 766.6651705632711 86591.68420024101 66386828.33673868
114 15 194 1756.7778603087352 581968.0131202299 1022388520.8574835
115 4 55 75.61186198841948 946.1899645328139 71543.18501308264
116 0 100 0.0 0.0 0.0
117 0 100 0.0 0.0 0.0
118 9 125 604.9491004987461 32934.84879335048 19923907.152599588
119 7 84 332.66880679862265 7056.0 2347311.1007710816
120 6 71 225.58275470837765 3478.001961782023 784577.2634199304
121 11 287 942.9223974109915 423784.2649788227 399595675.1188864
122 19 390 2668.9360872348193 10795217.952565381 28811746763.166927
123 0 100 0.0 0.0 0.0
124 16 348 1979.1134619514044 3428592.8976386646 6785574359.267654
125 23 256 3602.4235623004615 8842317.608484155 31853773298.147587
126 15 247 1756.7778603087352 1069592.9085283494 1879037141.2458303
127 11 231 942.9223974109915 257822.36894367234 243106486.23054868
128 12 199 1131.8354418063404 254315.5879600347 287843395.8569851
129 0 100 0.0 0.0 0.0
130 3 32 32.9215577265747 245.06238675558936 8067.83551218631
131 5 48 139.6884681067044 1135.058052192084 158554.52052289192
132 22 342 3370.209833397988 16085448.297777934 54211336027.78612
133 9 181 604.9491004987461 73117.4506468244 44232335.99955789
134 20 382 2902.6872563902634 13295878.471949195 38593777003.04058
135 8 229 459.67273235884244 24558.59479359431 11288916.371665139
136 20 330 2902.6872563902634 8879509.930736454 25774440318.939495
137 0 100 0.0 0.0 0.0
138 10 189 766.6651705632711 115559.52004722142 88595459.14721276
139 0 100 0.0 0.0 0.0
140 9 215 604.9491004987461 27519.39696484649 16647834.440151809
141 8 217 459.67273235884244 20044.718154360755 9214010.3633779
142 10 136 766.6651705632711 55583.77703491517 42614145.901024066
143 12 159 1131.8354418063404 150044.96268779706 169826206.63455865
144 25 394 4060.496712466729 48881818.34001955 198484462669.04523
145 5 108 139.6884681067044 4954.230173639048 692048.8236036508
146 2 18 9.541850352986048 64.62733255388774 616.6643359418604
147 2 30 9.541850352986048 135.01359299654277 1288.2794999919763
148 6 107 225.58275470837765 7622.045029127996 1719401.9141819899
149 20 345 2902.6872563902634 10038075.473071843 29137393754.369305
150 13 234 1331.5823725933528 513035.32671345456 683148797.5693078
151 9 254 604.9491004987461 51626.24357981338 31231249.615737274
152 19 333 2668.9360872348193 7030190.028455888 18763127867.0643
153 20 312 2902.6872563902634 7606474.419353879 22079216363.117035
154 4 49 75.61186198841948 776.5950928818146 58719.80098386357
155 12 272 1131.8354418063404 530256.8819216158 600163532.2206045
156 18 288 2436.3877014920204 3652977.264034573 8900068879.923803
157 0 100 0.0 0.0 0.0
158 0 100 0.0 0.0 0.0
159 11 224 942.9223974109915 240283.94866609861 226569116.93561733
160 11 223 942.9223974109915 237835.15281631702 224260092.48217118
161 11 386 942.9223974109915 420411.2858887242 396415217.5888336
162 19 340 2668.9360872348193 7438595.935216366 19853137129.8572
163 12 197 1131.8354418063404 248346.49062615685 281087359.9389104
164 11 119 942.9223974109915 56469.811181865436 53246649.74095057
165 15 298 1756.7778603087352 1716462.4465738474 3015443224.1923003
166 15 344 1756.7778603087352 2464488.251528978 4329558397.277094
167 8 141 459.67273235884244 29549.892713290425 13583279.924428858
168 6 150 225.58275470837765 1778.3314122697193 401160.8987642429
169 13 251 1331.5823725933528 607512.2735168994 808952634.5492148
170 21 341 3136.7198300107975 12499060.920724748 39206052246.55033
171 0 100 0.0 0.0 0.0
172 20 379 2902.6872563902634 13009783.175213898 37763331831.09384
173 6 255 225.58275470837765 15486.518869997184 3493491.5875372365
174 12 182 1131.8354418063404 206150.43298129964 233328366.39195767
175 0 100 0.0 0.0 0.0
176 12 183 1131.8354418063404 208823.67119914887 236354032.15131062
177 18 356 2436.3877014920204 6431220.221891202 15668945854.202507
178 19 330 2668.9360872348193 6859597.067999331 18307826158.673573
179 18 361 2436.3877014920204 6675079.372143912 16263081288.774504
180 12 261 1131.8354418063404 481205.57771065657 544645527.6478163
181 12 293 1131.8354418063404 236652.0012546562 267851122.39441845
182 12 156 1131.8354418063404 143472.92176020972 162387737.7877135
183 18 340 2436.3877014920204 5688562.263133302 13859543137.069592
184 7 113 332.66880679862265 12769.0 4247847.994011613
185 10 120 766.6651705632711 42078.2525506963 32259930.668783974
186 12 260 1131.8354418063404 476881.640701137 539751542.492304
187 9 126 604.9491004987461 33505.118966499955 20268891.580887627
188 6 184 225.58275470837765 4797.4874870676995 1082230.443011704
189 7 101 332.66880679862265 10201.0 3393554.4981527496
190 8 166 459.67273235884244 41496.44758524493 19074785.444695026
191 18 251 2436.3877014920204 2531006.8164667594 6166513880.0320835
192 15 295 1756.7778603087352 1673252.5473727717 2939533029.9296784
193 21 334 3136.7198300107975 11793341.120199235 36992406953.81069
194 8 124 459.67273235884244 22619.999038655253 10397796.764053049
195 16 256 1979.1134619514044 1556908.4964091864 3081298564.2699404
196 17 362 2206.0678959513543 5078242.859310338 11202948539.768747
197 18 465 2436.3877014920204 13117040.436938424 31958196000.530293
198 18 277 2436.3877014920204 3292433.7336776685 8021645056.709725
199 11 161 942.9223974109915 112815.8246369091 106376567.83253233
