0 0 100 0.0 0.0 0.0
1 0 100 0.0 0.0 0.0
2 0 6 0.0 6.0 0.0
3 0 100 0.0 0.0 0.0
4 31 841 5350.621552679651 1930405210.0785334 10328867722451.291
5 0 100 0.0 0.0 0.0
6 0 6 0.0 6.0 0.0
7 2 33 9.541850352986048 154.90879557685506 1478.1165457556579
8 1 107 1.0 11.607984241186918 11.607984241186918
9 1 113 1.0 25.320989780782124 25.320989780782124
10 0 100 0.0 0.0 0.0
11 0 100 0.0 0.0 0.0
12 0 100 0.0 0.0 0.0
13 2 129 9.541850352986048 128.5709592386038 1226.8048527946264
14 0 100 0.0 0.0 0.0
15 0 100 0.0 0.0 0.0
16 0 100 0.0 0.0 0.0
17 6 254 225.58275470837765 15295.955091199346 3450503.6853683824
18 0 5 0.0 5.0 0.0
19 0 100 0.0 0.0 0.0
20 1 29 1.0 69.58346013935528 69.58346013935528
21 8 188 459.67273235884244 11083.755846199128 5094900.334620647
22 0 100 0.0 0.0 0.0
23 0 6 0.0 6.0 0.0
24 29 560 4937.473672561782 346145882.54813975 1709086181947.1028
25 0 100 0.0 0.0 0.0
26 1 15 1.0 30.323695983612147 30.323695983612147
27 1 103 1.0 3.9914906122521803 3.9914906122521803
28 6 292 225.58275470837765 23323.7361625365 5261432.6536363885
29 3 120 32.9215577265747 116.21344721391306 3825.92771105708
30 0 100 0.0 0.0 0.0
31 1 107 1.0 11.607984241186918 11.607984241186918
32 1 29 1.0 69.58346013935528 69.58346013935528
33 0 100 0.0 0.0 0.0
34 1 7 1.0 11.607984241186918 11.607984241186918
35 0 10 0.0 10.0 0.0
36 0 100 0.0 0.0 0.0
37 0 100 0.0 0.0 0.0
38 0 100 0.0 0.0 0.0
39 16 398 1979.1134619514044 4842074.654855007 9583015133.197245
40 1 5 1.0 7.59708563275366 7.59708563275366
41 0 100 0.0 0.0 0.0
42 0 18 0.0 18.0 0.0
43 2 146 9.541850352986048 250.0988923255542 2386.406204018009
44 0 100 0.0 0.0 0.0
45 0 100 0.0 0.0 0.0
46 0 11 0.0 11.0 0.0
47 0 100 0.0 0.0 0.0
48 35 1034 6117.310290426031 8989333840.121363 54990544404249.37
49 0 100 0.0 0.0 0.0
50 0 6 0.0 6.0 0.0
51 0 100 0.0 0.0 0.0
52 48 1052 8016.77096497358 114414074651.42079 917231431649829.9
53 34 732 5933.442745663244 2344259541.9449525 13909529773105.117
54 0 5 0.0 5.0 0.0
55 0 100 0.0 0.0 0.0
56 1 115 1.0 30.323695983612147 30.323695983612147
57 0 18 0.0 18.0 0.0
58 0 100 0.0 0.0 0.0
59 0 100 0.0 0.0 0.0
60 1 21 1.0 46.33316012586883 46.33316012586883
61 0 100 0.0 0.0 0.0
62 0 100 0.0 0.0 0.0
63 1 122 1.0 49.12998068819353 49.12998068819353
64 1 21 1.0 46.33316012586883 46.33316012586883
65 30 869 5146.386239304723 1708361843.0917692 8791889881040.735
66 0 10 0.0 10.0 0.0
67 0 5 0.0 5.0 0.0
68 23 538 3602.4235623004615 75324997.7488029 271352546720.51678
69 2 69 9.541850352986048 448.8273474211691 4282.6433834204745
70 0 100 0.0 0.0 0.0
71 1 6 1.0 9.55892689827884 9.55892689827884
72 0 100 0.0 0.0 0.0
73 0 5 0.0 5.0 0.0
74 0 100 0.0 0.0 0.0
75 3 133 32.9215577265747 257.33012181535685 8471.708460130769
76 0 100 0.0 0.0 0.0
77 0 6 0.0 6.0 0.0
78 0 100 0.0 0.0 0.0
79 24 636 3832.71054120725 157528208.67520875 603760025926.9679
80 0 100 0.0 0.0 0.0
81 33 765 5744.298091538941 2197574546.525126 12623523273618.834
82 0 18 0.0 18.0 0.0
83 0 100 0.0 0.0 0.0
84 2 62 9.541850352986048 384.6592176812078 3670.3606920107695
85 1 113 1.0 25.320989780782124 25.320989780782124
86 1 104 1.0 5.735193251789799 5.735193251789799
87 0 100 0.0 0.0 0.0
88 0 100 0.0 0.0 0.0
89 37 928 6468.923834840442 9480326935.673857 61327512876260.47
90 0 100 0.0 0.0 0.0
91 0 100 0.0 0.0 0.0
92 0 100 0.0 0.0 0.0
93 1 101 1.0 1.0 1.0
94 0 100 0.0 0.0 0.0
95 0 100 0.0 0.0 0.0
96 0 100 0.0 0.0 0.0
97 0 100 0.0 0.0 0.0
98 29 564 4937.473672561782 353886393.4861565 1747304750915.7373
99 1 9 1.0 15.931997307697284 15.931997307697284
100 33 640 5744.298091538941 1232916771.07476 7082241455111.097
101 22 559 3370.209833397988 65053957.33228156 219245486702.70847
102 36 770 6295.82243666837 4153626762.2045665 26150496563033.707
103 1 109 1.0 15.931997307697284 15.931997307697284
104 15 278 1756.7778603087352 1440810.8508489362 2531184603.6640024
105 33 888 5744.298091538941 3562160134.4596505 20462109662132.668
106 50 1416 8230.818941038662 484726511523.6274 3989696152272267.5
107 22 486 3370.209833397988 43695445.64494817 147262820587.3116
108 41 717 7106.788070274764 8430642433.582965 59914789071739.625
109 24 765 3832.71054120725 270319382.9329757 1036055948459.8552
110 27 741 4506.6139001521815 518153363.49204177 2335117150323.8413
111 26 487 4285.277943143774 115501303.0 494955186150.2658
112 23 766 3602.4235623004615 208715838.68448615 751882855102.295
113 39 927 6798.773358825962 14036859551.545399 95433426760628.6
114 21 344 3136.7198300107975 12809628.084363174 40180214427.285194
115 36 765 6295.82243666837 4064429987.7280393 25588929509005.938
116 30 632 5146.386239304723 628229668.7749567 3233112522506.4014
117 31 625 5350.621552679651 752256175.0415246 4025038103313.538
118 47 1141 7902.318130854768 129096184087.29636 1020159116137206.9
119 40 905 6955.50474228233 15673522243.275965 109017258291373.56
120 41 997 7106.788070274764 26518213949.376926 188459326540425.78
121 39 937 6798.773358825962 14561510925.822746 99000412546736.84
122 33 747 5744.298091538941 2034432712.8152373 11686387949588.957
123 22 737 3370.209833397988 142789444.65628958 481230390486.06494
124 25 446 4060.496712466729 70573897.57676084 286565079096.40106
125 41 1088 7106.788070274764 35925510727.853516 255314991059237.44
126 28 892 4724.12231882448 1159993575.6916816 5479951540618.087
127 24 697 3832.71054120725 130917645.18265733 501769438721.6013
128 34 768 5933.442745663244 2742886769.032293 16274761601890.352
129 47 964 7902.318130854768 69960943503.44122 552853632298949.7
130 26 518 4285.277943143774 138991832.0 595618631946.745
131 33 858 5744.298091538941 3186838363.52838 18306149529659.152
132 13 351 1331.5823725933528 1363177.021295401 1815182492.2812696
133 46 1017 7782.801884860074 71268609625.06003 554669469321274.0
134 49 896 8126.242482129881 75230803668.44325 611343752735276.0
135 33 731 5744.298091538941 1896620901.2058268 10894755823169.496
136 30 739 5146.386239304723 1026843213.9788392 5284531786344.133
137 38 979 6636.579650383532 13879585227.430536 92112972876129.38
138 26 641 4285.277943143774 263374721.0 1128633882682.9453
139 45 951 7658.1450374688 46877383233.77875 358993799781285.9
140 25 563 4060.496712466729 140724691.69634324 571412147995.8958
141 58 1719 8902.46046345971 3934752249230.886 3.5028976332287136e+16
142 24 474 3832.71054120725 66684259.76091469 255581465318.2602
143 21 465 3136.7198300107975 29806301.260346178 93494016222.60368
144 1 25 1.0 57.71571011139208 57.71571011139208
145 56 1207 8760.68123103637 724359091286.3915 6345879095563250.0
146 32 496 5549.980220652734 442435547.61486083 2455508538176.1387
147 51 1077 8330.590095344352 207863838284.40366 1731628432392313.2
148 30 589 5146.386239304723 503485064.3506373 2591128606869.5728
149 25 672 4060.496712466729 237722536.4035344 965271577545.8038
150 33 688 5744.298091538941 1558421717.3458028 8952038896762.334
151 43 960 7393.130324549447 33764185922.8981 249623026830303.53
152 29 855 4937.473672561782 1289140991.2727976 6365099704629.637
153 27 668 4506.6139001521815 378168241.4113889 1704258253340.671
154 21 375 3136.7198300107975 16313113.22461411 51169665740.85847
155 28 722 4724.12231882448 605803710.3850601 2861890829056.7437
156 30 585 5146.386239304723 492821787.7897453 2536251267110.6973
157 26 851 4285.277943143774 423564751.0 1815092684953.4849
158 28 628 4724.12231882448 394655801.19181114 1864402278663.792
159 29 634 4937.473672561782 509029353.2058857 2513319030015.213
160 39 777 6798.773358825962 7675396784.122831 52183283174312.766
161 23 445 3602.4235623004615 43570463.07401536 156959262798.1751
162 32 773 5549.980220652734 1836262976.72136 10191223200720.459
163 41 976 7106.788070274764 24626756698.022823 175017140711067.75
164 32 720 5549.980220652734 1462150491.280695 8114906306225.534
165 45 884 7658.1450374688 36081078885.416435 276314135212872.2
166 23 602 3602.4235623004615 104170246.12756704 375265349140.5859
167 49 1147 8126.242482129881 186865016534.4827 1518510435786416.0
168 42 752 7252.650449022947 11927131403.293177 86503314927649.95
169 21 416 3136.7198300107975 21817376.339549676 68434997003.07385
170 35 764 6117.310290426031 3309516279.999529 20245337995973.598
171 38 657 6636.579650383532 3588888143.4994955 23817942020651.484
172 26 467 4285.277943143774 101847563.0 436445115286.84595
173 41 1047 7106.788070274764 31435120658.15887 223402740481051.25
174 37 950 6468.923834840442 10257311136.324118 66353764491141.39
175 48 923 8016.77096497358 70889108700.15471 568301748360256.2
176 54 1104 8602.009448624298 373479462989.5093 3212673869502887.5
177 33 772 5744.298091538941 2263388389.4120364 13001577605710.957
178 44 873 7528.2761260995885 28898404906.766052 217555171741966.06
179 30 627 5146.386239304723 612748324.4123132 3153439544912.555
180 26 570 4285.277943143774 103823000.0 444910411891.01605
181 30 537 5146.386239304723 376607012.68567973 1938165147711.2415
182 35 629 6117.310290426031 1741569564.1830287 10653721416469.62
183 23 642 3602.4235623004615 125410060.02400635 451780155179.99567
184 41 1152 7106.788070274764 43821817852.84148 311432372334327.5
185 24 484 3832.71054120725 70881918.1887628 271669875023.0611
186 57 1431 8833.632285946418 1640936383834.4238 1.449542861942393e+16
187 33 740 5744.298091538941 1973317374.943853 11335323230890.607
188 46 1040 7782.801884860074 77258914066.65512 601290822020206.0
189 44 868 7528.2761260995885 28313993993.26535 213155565014026.7
190 25 784 4060.496712466729 375318486.585418 1523979480908.078
191 35 704 6117.310290426031 2526258317.637883 15453906002760.576
192 48 1107 8016.77096497358 137869046248.5274 1105264566933794.1
193 53 1202 8516.089422990353 437833927166.74603 3728632876171054.5
194 47 1175 7902.318130854768 143634264999.0686 1135043656514138.2
195 25 588 4060.496712466729 160055071.75705904 649903092683.1647
196 19 333 2668.9360872348193 7030190.028455888 18763127867.0643
197 51 1307 8330.590095344352 428088339413.6795 3566228480252010.0
198 43 830 7393.130324549447 20200516974.11528 149345054612907.53
199 38 1048 6636.579650383532 17485729019.990044 116045433386186.7
