0 1 12 1.0 22.891970023971037 22.891970023971037
1 1 10 1.0 18.1937008646705 18.1937008646705
2 0 100 0.0 0.0 0.0
3 1 31 1.0 75.68293941204132 75.68293941204132
4 50 1486 8230.818941038662 579707583326.1184 4771468157104364.0
5 2 41 9.541850352986048 211.85407612585806 2021.4798910630518
6 0 100 0.0 0.0 0.0
7 50 1096 8230.818941038662 187466621187.70334 1543003816484268.5
8 1 110 1.0 18.1937008646705 18.1937008646705
9 5 186 139.6884681067044 3275.042744200361 457485.7039213258
10 0 100 0.0 0.0 0.0
11 1 105 1.0 7.59708563275366 7.59708563275366
12 0 6 0.0 6.0 0.0
13 0 100 0.0 0.0 0.0
14 0 100 0.0 0.0 0.0
15 1 18 1.0 38.15436697768484 38.15436697768484
16 5 191 139.6884681067044 3629.2296992039956 506961.5370891617
17 26 687 4285.277943143774 324242703.0 1389470103391.2175
18 1 68 1.0 203.61818092119583 203.61818092119583
19 1 18 1.0 38.15436697768484 38.15436697768484
20 16 560 1979.1134619514044 11651055.781042311 23058761342.207573
21 0 100 0.0 0.0 0.0
22 1 38 1.0 97.81435774219185 97.81435774219185
23 0 100 0.0 0.0 0.0
24 0 100 0.0 0.0 0.0
25 56 1325 8760.68123103637 1037173327332.7104 9086344902095218.0
26 0 100 0.0 0.0 0.0
27 0 100 0.0 0.0 0.0
28 0 100 0.0 0.0 0.0
29 22 750 3370.209833397988 150069277.62172222 505764955131.6608
30 1 20 1.0 43.57075425423803 43.57075425423803
31 0 6 0.0 6.0 0.0
32 15 390 1756.7778603087352 1602707.028719395 2815600224.6154294
33 0 100 0.0 0.0 0.0
34 0 100 0.0 0.0 0.0
35 2 103 9.541850352986048 4.87672116324372 46.53294355291162
36 0 100 0.0 0.0 0.0
37 0 100 0.0 0.0 0.0
38 0 100 0.0 0.0 0.0
39 0 5 0.0 5.0 0.0
40 54 1568 8602.009448624298 1418238124034.3416 1.2199697743342604e+16
41 0 100 0.0 0.0 0.0
42 0 9 0.0 9.0 0.0
43 14 606 1540.4353185285338 4666686.808728311 7188729180.676303
44 0 18 0.0 18.0 0.0
45 44 1203 7528.2761260995885 90401614342.17696 680568315013072.9
46 0 100 0.0 0.0 0.0
47 1 12 1.0 22.891970023971037 22.891970023971037
48 0 9 0.0 9.0 0.0
49 0 100 0.0 0.0 0.0
50 0 100 0.0 0.0 0.0
51 0 100 0.0 0.0 0.0
52 0 100 0.0 0.0 0.0
53 1 37 1.0 94.5824071263594 94.5824071263594
54 1 42 1.0 110.9598727978785 110.9598727978785
55 0 100 0.0 0.0 0.0
56 0 18 0.0 18.0 0.0
57 0 100 0.0 0.0 0.0
58 20 466 2902.6872563902634 23007764.184391428 66784343896.06532
59 0 100 0.0 0.0 0.0
60 1 36 1.0 91.37308344663872 91.37308344663872
61 0 100 0.0 0.0 0.0
62 0 100 0.0 0.0 0.0
63 0 100 0.0 0.0 0.0
64 0 100 0.0 0.0 0.0
65 4 68 75.61186198841948 1360.0227175454593 102833.85002016247
66 10 128 766.6651705632711 48572.78656303952 37239063.695086055
67 1 12 1.0 22.891970023971037 22.891970023971037
68 6 207 225.58275470837765 7622.045029127996 1719401.9141819899
69 3 87 32.9215577265747 1198.932966405119 39470.74086379957
70 0 100 0.0 0.0 0.0
71 0 5 0.0 5.0 0.0
72 0 100 0.0 0.0 0.0
73 0 100 0.0 0.0 0.0
74 1 106 1.0 9.55892689827884 9.55892689827884
75 0 100 0.0 0.0 0.0
76 0 100 0.0 0.0 0.0
77 8 108 459.67273235884244 16970.39141279495 7800826.189918491
78 0 100 0.0 0.0 0.0
79 0 100 0.0 0.0 0.0
80 0 100 0.0 0.0 0.0
81 0 100 0.0 0.0 0.0
82 0 100 0.0 0.0 0.0
83 0 100 0.0 0.0 0.0
84 11 262 942.9223974109915 343975.77824492607 324342465.47401726
85 5 119 139.6884681067044 5909.069866509522 825428.9175882034
86 1 18 1.0 38.15436697768484 38.15436697768484
87 2 133 9.541850352986048 154.90879557685506 1478.1165457556579
88 0 9 0.0 9.0 0.0
89 31 581 5350.621552679651 596639772.9722282 3192393628451.098
90 0 8 0.0 8.0 0.0
91 0 6 0.0 6.0 0.0
92 6 211 225.58275470837765 8176.399536993932 1844454.7311513948
93 0 100 0.0 0.0 0.0
94 0 100 0.0 0.0 0.0
95 0 6 0.0 6.0 0.0
96 33 785 5744.298091538941 2389207685.8026843 13724321149846.53
97 31 956 5350.621552679651 2041850204.0342684 10925167709049.1
98 0 100 0.0 0.0 0.0
99 0 100 0.0 0.0 0.0
100 42 956 7252.650449022947 27652245176.3971 200552068395089.03
101 55 1407 8683.506947919002 1109021340090.907 9630194512069834.0
102 32 877 5549.980220652734 2752784592.7398767 15277900041423.906
103 0 100 0.0 0.0 0.0
104 55 1307 8683.506947919002 836452899964.5347 7263344568449035.0
105 31 637 5350.621552679651 799075415.9056582 4275550142561.2715
106 31 675 5350.621552679651 960460636.971646 5139061384680.915
107 41 738 7106.788070274764 9320524078.340454 66238989328658.63
108 45 931 7658.1450374688 43439901677.51634 332669067459804.4
109 26 730 4285.277943143774 389017000.0 1667045969607.9614
110 28 526 4724.12231882448 228944536.58935493 1081561995074.6995
111 1 107 1.0 11.607984241186918 11.607984241186918
112 0 100 0.0 0.0 0.0
113 24 539 3832.71054120725 97098831.34930347 372151714451.38043
114 28 662 4724.12231882448 464055007.96057427 2192252620268.8208
115 43 1004 7393.130324549447 39551741997.46077 292411183150183.1
116 15 296 1756.7778603087352 1687582.038479474 2964706762.6554236
117 9 305 604.9491004987461 95614.26988135114 57841766.55956773
118 21 818 3136.7198300107975 145093954.4760817 455119084219.8094
119 48 1361 8016.77096497358 293592483025.7064 2353663693454982.0
120 28 628 4724.12231882448 394655801.19181114 1864402278663.792
121 30 463 5146.386239304723 236376638.65712386 1216485480478.1272
122 22 521 3370.209833397988 53250671.77394885 179465937647.61108
123 33 953 5744.298091538941 4478210645.480182 25724176864341.176
124 17 548 2206.0678959513543 8877977.475656247 19585421090.024494
125 34 702 5933.442745663244 2044360282.334714 12130094686740.969
126 13 221 1331.5823725933528 447011.7125487216 595232916.7726445
127 53 1375 8516.089422990353 727848332017.4779 6198421481835215.0
128 1 112 1.0 22.891970023971037 22.891970023971037
129 9 248 604.9491004987461 47390.045546024034 28668565.42566185
130 22 663 3370.209833397988 105683979.1315819 356177185701.8851
131 36 770 6295.82243666837 4153626762.2045665 26150496563033.707
132 1 117 1.0 35.503281577765854 35.503281577765854
133 57 1346 8833.632285946418 1294635256228.1555 1.1436331797941548e+16
134 26 834 4285.277943143774 580093704.0 2485862754707.7734
135 44 1078 7528.2761260995885 61192946519.48309 460677398368313.5
136 5 233 139.6884681067044 7232.601763293923 1010311.060740377
137 20 383 2902.6872563902634 13392126.71436302 38873155549.74515
138 40 1054 6955.50474228233 26510084336.359215 184391017319851.03
139 40 1011 6955.50474228233 22963323167.388775 159721503189334.3
140 21 596 3136.7198300107975 59751549.49860142 187423870186.1348
141 50 1326 8230.818941038662 379956046815.0254 3127349426887283.5
142 43 1060 7393.130324549447 47905295706.113785 354170094391378.25
143 47 995 7902.318130854768 78489598472.99927 620249777096692.9
144 20 820 2902.6872563902634 76412376.05752306 221801230212.67267
145 60 1694 9028.149747574074 5135805016740.145 4.63668167654722e+16
146 47 1114 7902.318130854768 118335663050.5587 935126055651150.8
147 33 679 5744.298091538941 1493340145.6267838 8578190948542.418
148 47 1159 7902.318130854768 136652700735.06137 1079873114648946.1
149 45 1263 7658.1450374688 129561710305.8221 992202368824501.8
150 35 826 6117.310290426031 4282091102.0531225 26194879963131.312
151 45 1118 7658.1450374688 83697582501.12965 640968226079161.5
152 36 1059 6295.82243666837 12012251522.084578 75627002647643.86
153 37 1016 6468.923834840442 12855906257.333967 83163878406542.1
154 52 1312 8425.648590871551 515051251952.97424 4339640855244206.0
155 32 894 5549.980220652734 2927631497.4232783 16248296904059.14
156 28 944 4724.12231882448 1380563903.4231012 6521952748724.517
157 41 1094 7106.788070274764 36618890826.396164 260242696471726.25
158 48 1345 8016.77096497358 281158566355.0225 2253983831308542.0
159 30 652 5146.386239304723 692824039.370165 3565540102474.131
160 43 1115 7393.130324549447 57271921659.31098 423418780764672.3
161 0 100 0.0 0.0 0.0
162 35 932 6117.310290426031 6379627395.074763 39026160312974.664
163 24 673 3832.71054120725 185851560.38427463 712315234584.6251
164 19 583 2668.9360872348193 32149886.695749383 85805992802.79613
165 33 855 5744.298091538941 3150881180.1343427 18099600749711.67
166 40 801 6955.50474228233 10288586227.363796 71562310295809.55
167 30 744 5146.386239304723 1048826523.6786228 5397666388877.474
168 67 1539 9352.808382083527 10214303868263.684 9.553242683624478e+16
169 24 540 3832.71054120725 97626522.8776335 374174203334.51666
170 49 998 8126.242482129881 111915794625.33926 909454884705754.9
171 26 698 4285.277943143774 340068392.0 1457287579397.9707
172 33 786 5744.298091538941 2399081765.4470563 13781040806703.398
173 14 395 1540.4353185285338 1233402.6501916174 1899977004.321862
174 33 738 5744.298091538941 1956091817.9494293 11236374496721.844
175 50 868 8230.818941038662 78939437319.86185 649736215887253.1
176 0 100 0.0 0.0 0.0
177 40 1210 6955.50474228233 42669117659.88328 296785250232320.9
178 32 761 5549.980220652734 1746385852.6050832 9692406939585.973
179 38 879 6636.579650383532 9631385394.453016 63919456313828.055
180 26 526 4285.277943143774 145531576.0 623643252663.7518
181 34 739 5933.442745663244 2418389108.863813 14349373314178.988
182 18 441 2436.3877014920204 11387392.550720725 27744103162.63782
183 43 969 7393.130324549447 34894997781.883934 257983266276331.8
184 20 400 2902.6872563902634 15096845.7758247 43821421845.17554
185 45 1178 7658.1450374688 100939371096.56851 773008343848407.8
186 39 984 6798.773358825962 17214691874.403164 117038788496089.98
187 40 947 6955.50474228233 18327419094.557896 127476450425993.17
188 24 593 3832.71054120725 128369282.09864642 492002300666.6893
189 22 640 3370.209833397988 95587822.298598 322151018663.8345
190 35 625 6117.310290426031 1705267102.6891732 10431647995205.463
191 22 447 3370.209833397988 34444671.83789878 116085771736.25322
192 22 830 3370.209833397988 200202639.2857858 674724903593.1857
193 18 474 2436.3877014920204 13805474.513372911 33635488317.643295
194 24 637 3832.71054120725 96049085.94811237 368128344186.6514
195 43 996 7393.130324549447 38450311654.954056 284268165084617.9
196 25 651 4060.496712466729 216382740.4610576 878621406276.6659
197 20 428 2902.6872563902634 18195074.289133117 52814610268.14083
198 46 1023 7782.801884860074 72797704468.8741 566570111553840.0
199 40 1013 6955.50474228233 23120344842.578453 160813668195757.25
