0 0 7 0.0 7.0 0.0
1 0 20 0.0 20.0 0.0
2 0 100 0.0 0.0 0.0
3 0 100 0.0 0.0 0.0
4 0 100 0.0 0.0 0.0
5 1 55 1.0 155.85458639063 155.85458639063
6 0 100 0.0 0.0 0.0
7 2 38 9.541850352986048 189.8638195218893 1811.6521533242187
8 0 100 0.0 0.0 0.0
9 0 100 0.0 0.0 0.0
10 2 40 9.541850352986048 204.4421003683832 1950.7559275652661
11 1 10 1.0 18.1937008646705 18.1937008646705
12 0 14 0.0 14.0 0.0
13 0 5 0.0 5.0 0.0
14 1 9 1.0 15.931997307697284 15.931997307697284
15 1 22 1.0 49.12998068819353 49.12998068819353
16 0 100 0.0 0.0 0.0
17 0 100 0.0 0.0 0.0
18 0 5 0.0 5.0 0.0
19 1 16 1.0 32.892441635375256 32.892441635375256
20 0 6 0.0 6.0 0.0
21 1 19 1.0 40.84402933782601 40.84402933782601
22 0 8 0.0 8.0 0.0
23 4 55 75.61186198841948 946.1899645328139 71543.18501308264
24 2 29 9.541850352986048 128.5709592386038 1226.8048527946264
25 0 6 0.0 6.0 0.0
26 1 19 1.0 40.84402933782601 40.84402933782601
27 2 11 9.541850352986048 31.76494829034237 303.0963830567869
28 0 8 0.0 8.0 0.0
29 0 100 0.0 0.0 0.0
30 0 5 0.0 5.0 0.0
31 1 17 1.0 35.503281577765854 35.503281577765854
32 0 10 0.0 10.0 0.0
33 1 100 1.0 0.0 0.0
34 0 100 0.0 0.0 0.0
35 1 6 1.0 9.55892689827884 9.55892689827884
36 0 100 0.0 0.0 0.0
37 0 100 0.0 0.0 0.0
38 2 25 9.541850352986048 103.79546451213633 990.4007896934788
39 0 100 0.0 0.0 0.0
40 1 109 1.0 15.931997307697284 15.931997307697284
41 0 100 0.0 0.0 0.0
42 0 6 0.0 6.0 0.0
43 0 100 0.0 0.0 0.0
44 0 5 0.0 5.0 0.0
45 7 197 332.66880679862265 38809.0 12910543.723047746
46 3 42 32.9215577265747 377.3528472077043 12423.04354263576
47 0 6 0.0 6.0 0.0
48 0 100 0.0 0.0 0.0
49 3 47 32.9215577265747 451.11773253603667 14851.498473166615
50 0 100 0.0 0.0 0.0
51 0 100 0.0 0.0 0.0
52 4 85 75.61186198841948 1991.8652456125124 150608.64005078256
53 2 22 9.541850352986048 86.31942417916456 823.6470280735138
54 2 31 9.541850352986048 141.5519192260369 1350.6672304328126
55 0 100 0.0 0.0 0.0
56 1 11 1.0 20.51504931294799 20.51504931294799
57 3 40 32.9215577265747 349.23013798641597 11497.20014757944
58 0 100 0.0 0.0 0.0
59 0 100 0.0 0.0 0.0
60 0 100 0.0 0.0 0.0
61 0 100 0.0 0.0 0.0
62 2 13 9.541850352986048 40.41888428935346 385.6709453236695
63 3 33 32.9215577265747 257.33012181535685 8471.708460130769
64 1 8 1.0 13.734791927877684 13.734791927877684
65 0 100 0.0 0.0 0.0
66 0 100 0.0 0.0 0.0
67 1 11 1.0 20.51504931294799 20.51504931294799
68 1 10 1.0 18.1937008646705 18.1937008646705
69 0 100 0.0 0.0 0.0
70 0 100 0.0 0.0 0.0
71 2 28 9.541850352986048 122.22584512913716 1166.2607234894754
72 0 100 0.0 0.0 0.0
73 0 5 0.0 5.0 0.0
74 1 112 1.0 22.891970023971037 22.891970023971037
75 0 10 0.0 10.0 0.0
76 2 23 9.541850352986048 92.0346545141889 878.1809006631623
77 0 6 0.0 6.0 0.0
78 0 5 0.0 5.0 0.0
79 0 7 0.0 7.0 0.0
80 1 9 1.0 15.931997307697284 15.931997307697284
81 0 100 0.0 0.0 0.0
82 0 100 0.0 0.0 0.0
83 1 30 1.0 72.61998620345668 72.61998620345668
84 0 8 0.0 8.0 0.0
85 0 100 0.0 0.0 0.0
86 0 6 0.0 6.0 0.0
87 1 18 1.0 38.15436697768484 38.15436697768484
88 3 21 32.9215577265747 125.57185196799401 4134.020973397207
89 0 5 0.0 5.0 0.0
90 0 5 0.0 5.0 0.0
91 0 100 0.0 0.0 0.0
92 1 106 1.0 9.55892689827884 9.55892689827884
93 1 104 1.0 5.735193251789799 5.735193251789799
94 2 64 9.541850352986048 402.6820690045564 3842.3320422722786
95 0 100 0.0 0.0 0.0
96 3 94 32.9215577265747 1355.6426709526093 44629.86844837423
97 0 100 0.0 0.0 0.0
98 4 34 75.61186198841948 415.7115691523703 31432.725793738326
99 0 7 0.0 7.0 0.0
100 2 20 9.541850352986048 75.23327232919837 717.8646261306569
101 0 100 0.0 0.0 0.0
102 7 128 332.66880679862265 16384.0 5450445.730588634
103 1 15 1.0 30.323695983612147 30.323695983612147
104 0 6 0.0 6.0 0.0
105 1 24 1.0 54.8222930413608 54.8222930413608
106 3 55 32.9215577265747 578.9666715492328 19060.48469917088
107 2 20 9.541850352986048 75.23327232919837 717.8646261306569
108 0 100 0.0 0.0 0.0
109 0 6 0.0 6.0 0.0
110 1 101 1.0 1.0 1.0
111 1 29 1.0 69.58346013935528 69.58346013935528
112 0 100 0.0 0.0 0.0
113 1 14 1.0 27.799106543625292 27.799106543625292
114 1 21 1.0 46.33316012586883 46.33316012586883
115 0 100 0.0 0.0 0.0
116 0 100 0.0 0.0 0.0
117 3 25 32.9215577265747 165.61186212092687 5452.200479019623
118 2 14 9.541850352986048 44.97826169706515 429.17584225083993
119 1 29 1.0 69.58346013935528 69.58346013935528
120 0 100 0.0 0.0 0.0
121 0 100 0.0 0.0 0.0
122 1 24 1.0 54.8222930413608 54.8222930413608
123 0 100 0.0 0.0 0.0
124 3 47 32.9215577265747 451.11773253603667 14851.498473166615
125 2 14 9.541850352986048 44.97826169706515 429.17584225083993
126 1 31 1.0 75.68293941204132 75.68293941204132
127 2 20 9.541850352986048 75.23327232919837 717.8646261306569
128 2 33 9.541850352986048 154.90879557685506 1478.1165457556579
129 0 100 0.0 0.0 0.0
130 2 42 9.541850352986048 219.34644070399202 2092.9709126576195
131 0 6 0.0 6.0 0.0
132 1 15 1.0 30.323695983612147 30.323695983612147
133 3 37 32.9215577265747 308.57807572808247 10158.870933237406
134 1 39 1.0 101.06849300292524 101.06849300292524
135 1 43 1.0 114.29870016819844 114.29870016819844
136 2 39 9.541850352986048 197.11162840858907 1880.8096611081503
137 1 16 1.0 32.892441635375256 32.892441635375256
138 0 100 0.0 0.0 0.0
139 1 19 1.0 40.84402933782601 40.84402933782601
140 1 18 1.0 38.15436697768484 38.15436697768484
141 0 10 0.0 10.0 0.0
142 2 36 9.541850352986048 175.6210676402407 1675.7499462548174
143 1 26 1.0 60.63937356224698 60.63937356224698
144 2 33 9.541850352986048 154.90879557685506 1478.1165457556579
145 1 18 1.0 38.15436697768484 38.15436697768484
146 2 75 9.541850352986048 506.1815384350477 4829.908491191481
147 2 27 9.541850352986048 115.98017876588344 1106.66550969663
148 3 10 32.9215577265747 38.67239348588604 1273.1554345704085
149 1 10 1.0 18.1937008646705 18.1937008646705
150 2 17 9.541850352986048 59.51335422080222 567.8675199791454
151 1 14 1.0 27.799106543625292 27.799106543625292
152 2 44 9.541850352986048 234.56808185291177 2238.2135346274663
153 4 48 75.61186198841948 749.6906189831174 56685.50361656424
154 1 101 1.0 1.0 1.0
155 3 65 32.9215577265747 754.7803226662346 24848.54396353912
156 3 37 32.9215577265747 308.57807572808247 10158.870933237406
157 2 38 9.541850352986048 189.8638195218893 1811.6521533242187
158 1 19 1.0 40.84402933782601 40.84402933782601
159 0 100 0.0 0.0 0.0
160 0 100 0.0 0.0 0.0
161 2 43 9.541850352986048 226.91812071099523 2165.21875020514
162 1 107 1.0 11.607984241186918 11.607984241186918
163 2 23 9.541850352986048 92.0346545141889 878.1809006631623
164 2 61 9.541850352986048 375.74324992186104 3585.2858618990344
165 1 16 1.0 32.892441635375256 32.892441635375256
166 1 16 1.0 32.892441635375256 32.892441635375256
167 1 19 1.0 40.84402933782601 40.84402933782601
168 3 27 32.9215577265747 187.1321231368427 6160.680994346051
169 2 40 9.541850352986048 204.4421003683832 1950.7559275652661
170 2 45 9.541850352986048 242.29532664846576 2311.945748107533
171 2 24 9.541850352986048 97.86086952638261 933.7737724338355
172 1 37 1.0 94.5824071263594 94.5824071263594
173 5 91 139.6884681067044 3629.2296992039956 506961.5370891617
174 0 100 0.0 0.0 0.0
175 3 32 32.9215577265747 245.06238675558936 8067.83551218631
176 1 8 1.0 13.734791927877684 13.734791927877684
177 0 100 0.0 0.0 0.0
178 1 14 1.0 27.799106543625292 27.799106543625292
179 2 44 9.541850352986048 234.56808185291177 2238.2135346274663
180 4 110 75.61186198841948 3095.5112687915 234057.37083946014
181 2 111 9.541850352986048 31.76494829034237 303.0963830567869
182 4 80 75.61186198841948 1795.7178600152838 135777.5710016156
183 0 100 0.0 0.0 0.0
184 3 36 32.9215577265747 295.444715883087 9726.500268956508
185 2 40 9.541850352986048 204.4421003683832 1950.7559275652661
186 1 28 1.0 66.57403288693754 66.57403288693754
187 2 42 9.541850352986048 219.34644070399202 2092.9709126576195
188 2 50 9.541850352986048 282.0582186126376 2691.3573128316116
189 1 11 1.0 20.51504931294799 20.51504931294799
190 2 31 9.541850352986048 141.5519192260369 1350.6672304328126
191 1 19 1.0 40.84402933782601 40.84402933782601
192 1 19 1.0 40.84402933782601 40.84402933782601
193 2 60 9.541850352986048 366.8916913478798 3500.825614595415
194 1 14 1.0 27.799106543625292 27.799106543625292
195 1 19 1.0 40.84402933782601 40.84402933782601
196 2 39 9.541850352986048 197.11162840858907 1880.8096611081503
197 2 32 9.541850352986048 148.1842032776824 1413.95149235211
198 2 25 9.541850352986048 103.79546451213633 990.4007896934788
199 1 19 1.0 40.84402933782601 40.84402933782601
