0 1 19 1.0 40.84402933782601 40.84402933782601
1 1 12 1.0 22.891970023971037 22.891970023971037
2 0 100 0.0 0.0 0.0
3 1 12 1.0 22.891970023971037 22.891970023971037
4 1 8 1.0 13.734791927877684 13.734791927877684
5 1 103 1.0 3.9914906122521803 3.9914906122521803
6 0 5 0.0 5.0 0.0
7 0 100 0.0 0.0 0.0
8 0 100 0.0 0.0 0.0
9 0 6 0.0 6.0 0.0
10 0 6 0.0 6.0 0.0
11 15 172 1756.7778603087352 429713.201165432 754910638.0898247
12 2 14 9.541850352986048 44.97826169706515 429.17584225083993
13 0 100 0.0 0.0 0.0
14 1 102 1.0 2.3948263510722025 2.3948263510722025
15 0 100 0.0 0.0 0.0
16 1 102 1.0 2.3948263510722025 2.3948263510722025
17 15 222 1756.7778603087352 817408.2298790872 1436004681.0857334
18 0 100 0.0 0.0 0.0
19 3 65 32.9215577265747 754.7803226662346 24848.54396353912
20 0 100 0.0 0.0 0.0
21 5 64 139.6884681067044 1914.4623288244568 267428.3099614821
22 2 19 9.541850352986048 69.8685662777562 666.6754038000371
23 13 183 1331.5823725933528 283680.1788009205 377743525.54543626
24 2 27 9.541850352986048 115.98017876588344 1106.66550969663
25 4 41 75.61186198841948 572.5607883495287 43292.38730866522
26 0 100 0.0 0.0 0.0
27 2 26 9.541850352986048 109.8359986590007 1048.0386625749609
28 0 5 0.0 5.0 0.0
29 0 100 0.0 0.0 0.0
30 1 103 1.0 3.9914906122521803 3.9914906122521803
31 0 100 0.0 0.0 0.0
32 0 100 0.0 0.0 0.0
33 0 100 0.0 0.0 0.0
34 10 194 766.6651705632711 122468.81017110687 93892571.23851252
35 1 20 1.0 43.57075425423803 43.57075425423803
36 0 100 0.0 0.0 0.0
37 0 100 0.0 0.0 0.0
38 0 100 0.0 0.0 0.0
39 12 203 1131.8354418063404 266498.93371917546 301632938.3869616
40 7 66 332.66880679862265 4356.0 1449105.3224148003
41 0 6 0.0 6.0 0.0
42 0 100 0.0 0.0 0.0
43 2 33 9.541850352986048 154.90879557685506 1478.1165457556579
44 0 100 0.0 0.0 0.0
45 21 419 3136.7198300107975 22261110.517452765 69826866798.15602
46 5 147 139.6884681067044 1092.4547337912052 152603.328239211
47 0 100 0.0 0.0 0.0
48 0 100 0.0 0.0 0.0
49 1 41 1.0 107.64164596635766 107.64164596635766
50 15 237 1756.7778603087352 963808.7365263248 1693197849.9015822
51 0 100 0.0 0.0 0.0
52 5 114 139.6884681067044 5465.679515018471 763492.3986151252
53 1 15 1.0 30.323695983612147 30.323695983612147
54 0 100 0.0 0.0 0.0
55 0 10 0.0 10.0 0.0
56 6 68 225.58275470837765 3202.3105181925803 722386.0281254946
57 0 100 0.0 0.0 0.0
58 10 140 766.6651705632711 59285.163668541216 45451870.11581359
59 1 102 1.0 2.3948263510722025 2.3948263510722025
60 3 20 32.9215577265747 116.21344721391306 3825.92771105708
61 0 10 0.0 10.0 0.0
62 0 6 0.0 6.0 0.0
63 7 94 332.66880679862265 8836.0 2939461.5768726296
64 0 10 0.0 10.0 0.0
65 0 7 0.0 7.0 0.0
66 5 116 139.6884681067044 5641.169189689651 788006.2824384862
67 0 100 0.0 0.0 0.0
68 0 100 0.0 0.0 0.0
69 4 153 75.61186198841948 888.1171619831025 67152.19228141312
70 1 17 1.0 35.503281577765854 35.503281577765854
71 3 133 32.9215577265747 257.33012181535685 8471.708460130769
72 3 23 32.9215577265747 145.08021796711313 4776.266770788355
73 0 100 0.0 0.0 0.0
74 3 33 32.9215577265747 257.33012181535685 8471.708460130769
75 10 152 766.6651705632711 71183.06768899111 54573578.73099724
76 14 202 1540.4353185285338 484713.7982849717 746670254.2562858
77 4 53 75.61186198841948 888.1171619831025 67152.19228141312
78 0 100 0.0 0.0 0.0
79 17 318 2206.0678959513543 3615882.7491827626 7976882848.496416
80 8 101 459.67273235884244 14762.38290447426 6785864.885827147
81 1 33 1.0 81.88562674252243 81.88562674252243
82 0 100 0.0 0.0 0.0
83 2 108 9.541850352986048 20.066939702021244 191.47573567908114
84 4 42 75.61186198841948 596.6466987883373 45113.56784462985
85 0 6 0.0 6.0 0.0
86 0 100 0.0 0.0 0.0
87 6 71 225.58275470837765 3478.001961782023 784577.2634199304
88 11 198 942.9223974109915 181155.15933402994 170815257.14261368
89 0 100 0.0 0.0 0.0
90 0 100 0.0 0.0 0.0
91 0 100 0.0 0.0 0.0
92 3 120 32.9215577265747 116.21344721391306 3825.92771105708
93 0 100 0.0 0.0 0.0
94 0 100 0.0 0.0 0.0
95 2 31 9.541850352986048 141.5519192260369 1350.6672304328126
96 19 289 2668.9360872348193 4785248.072729277 12771521267.678038
97 1 101 1.0 1.0 1.0
98 0 10 0.0 10.0 0.0
99 0 100 0.0 0.0 0.0
100 14 257 1540.4353185285338 877821.4060379151 1352227097.2211812
101 0 100 0.0 0.0 0.0
102 12 262 1131.8354418063404 156786.72795202545 177456775.50095123
103 24 468 3832.71054120725 64246021.6579986 246236404439.2405
104 6 120 225.58275470837765 9491.407950004868 2141097.9514230937
105 14 259 1540.4353185285338 894765.0606603131 1378327701.2264724
106 3 75 32.9215577265747 947.2709566120693 31185.635480811874
107 0 100 0.0 0.0 0.0
108 2 30 9.541850352986048 135.01359299654277 1288.2794999919763
109 8 102 459.67273235884244 15068.038606609061 6926366.477588512
110 6 259 225.58275470837765 16260.024842230365 3667981.1955369795
111 7 111 332.66880679862265 12321.0 4098812.36856583
112 11 225 942.9223974109915 242746.88137458544 228891471.34976566
113 7 152 332.66880679862265 2704.0 899536.4535834757
114 0 100 0.0 0.0 0.0
115 8 133 459.67273235884244 26169.13941804069 12029239.819770252
116 21 326 3136.7198300107975 11018806.635725688 34562909277.33533
117 7 192 332.66880679862265 8464.0 2815708.780743542
118 11 191 942.9223974109915 166825.62725766937 157303620.40339404
119 10 122 766.6651705632711 43653.86742578588 33467899.715736557
120 20 366 2902.6872563902634 11815441.171250308 34296530516.417118
121 18 512 2436.3877014920204 16959788.4488955 41320619996.795425
122 1 103 1.0 3.9914906122521803 3.9914906122521803
123 10 203 766.6651705632711 135464.42171872893 103855853.98224421
124 20 403 2902.6872563902634 15411293.046246452 44734163929.83546
125 22 270 3370.209833397988 8212495.127495545 27677831835.41855
126 0 100 0.0 0.0 0.0
127 1 104 1.0 5.735193251789799 5.735193251789799
128 1 19 1.0 40.84402933782601 40.84402933782601
129 17 152 2206.0678959513543 522453.6969107258 1152568327.8758514
130 8 227 459.67273235884244 23773.224239432624 10927902.943119459
131 4 71 75.61186198841948 1464.2230773075796 110712.63324163957
132 11 223 942.9223974109915 237835.15281631702 224260092.48217118
133 7 68 332.66880679862265 4624.0 1538260.562636831
134 14 237 1540.4353185285338 718841.3389030525 1107328586.8646014
135 23 387 3602.4235623004615 29123935.110803355 104916750070.0677
136 9 137 604.9491004987461 40125.91166909431 24274134.170910746
137 10 203 766.6651705632711 135464.42171872893 103855853.98224421
138 0 100 0.0 0.0 0.0
139 8 121 459.67273235884244 21496.519829988905 9881364.00645704
140 0 100 0.0 0.0 0.0
141 16 402 1979.1134619514044 2381201.772356499 4712668483.29329
142 9 173 604.9491004987461 66332.16348879764 40127582.6366839
143 0 100 0.0 0.0 0.0
144 7 250 332.66880679862265 22500.0 7485048.15296901
145 9 170 604.9491004987461 63878.767860182066 38643403.15798535
146 25 269 4060.496712466729 15780893.055904916 64078264373.29095
147 0 100 0.0 0.0 0.0
148 0 100 0.0 0.0 0.0
149 0 100 0.0 0.0 0.0
150 13 161 1331.5823725933528 208335.99613433375 277416540.02915573
151 1 19 1.0 40.84402933782601 40.84402933782601
152 13 318 1331.5823725933528 432526.60679837584 575944805.2903335
153 13 230 1331.5823725933528 492152.9289485213 655342164.8080398
154 20 323 2902.6872563902634 8369499.780206239 24294040354.36576
155 15 181 1756.7778603087352 488645.0691792353 858440839.0831109
156 18 278 2436.3877014920204 3324246.0622140295 8099152222.711539
157 10 193 766.6651705632711 121069.27760859807 92819598.36776786
158 9 161 604.9491004987461 56814.89680416015 34370120.71660577
159 21 330 3136.7198300107975 11401844.515856873 35764391791.58811
160 18 291 2436.3877014920204 3755399.2403282234 9149608523.32816
161 18 292 2436.3877014920204 3789934.16183888 9233748981.368715
162 14 281 1540.4353185285338 1094029.65097923 1685281913.8858507
163 4 93 75.61186198841948 2323.049658002374 175650.1101331206
164 17 242 2206.0678959513543 1767517.0253857954 3899262565.251038
165 14 257 1540.4353185285338 877821.4060379151 1352227097.2211812
166 8 216 459.67273235884244 71756.20855230371 32984372.448948383
167 14 235 1540.4353185285338 703973.305306163 1084425342.794884
168 21 345 3136.7198300107975 12914241.943280175 40508358793.044106
169 9 101 604.9491004987461 20805.564213111866 12586307.356090926
170 18 327 2436.3877014920204 5126528.416085452 12490210784.299961
171 14 251 1540.4353185285338 828141.0380172962 1275697703.6847243
172 10 239 766.6651705632711 58347.49958109673 44732995.71828191
173 16 187 1979.1134619514044 694295.7387541148 1374090043.143764
174 15 319 1756.7778603087352 2037779.4216011032 3579925772.061558
175 5 71 139.6884681067044 2311.8500842163953 322938.7967565438
176 10 199 766.6651705632711 129599.54388675165 99359456.41885859
177 11 199 942.9223974109915 183256.63859483125 172796789.00531793
178 4 38 75.61186198841948 502.796158813779 38017.3537685349
179 20 311 2902.6872563902634 7539402.047786283 21884526244.9119
180 5 48 139.6884681067044 1135.058052192084 158554.52052289192
181 13 220 1331.5823725933528 442152.3154039866 588762229.193285
182 13 168 1331.5823725933528 230840.47046310757 307383101.34983057
183 13 170 1331.5823725933528 237519.46890166547 316276737.9371928
184 13 254 1331.5823725933528 625160.2824792424 832452412.1948403
185 10 251 766.6651705632711 217183.376357758 166506930.27882764
186 10 173 766.6651705632711 94922.67645061052 72773909.93132952
187 24 323 3832.71054120725 21724644.78208023 83264275060.26198
188 10 146 766.6651705632711 65084.513101468925 49898029.33796512
189 16 302 1979.1134619514044 2381201.772356499 4712668483.29329
190 21 364 3136.7198300107975 15007446.602457665 47074155355.757126
191 8 83 459.67273235884244 9813.93766434623 4511199.541369388
192 17 270 2206.0678959513543 2354917.3050674964 5195107464.329685
193 14 366 1540.4353185285338 955591.7047239607 1472027212.049679
194 12 217 1131.8354418063404 311744.51331515337 352843488.9587592
195 19 254 2668.9360872348193 3370722.54155573 8996243031.213957
196 20 339 2902.6872563902634 9563769.89570719 27760632999.3181
197 19 316 2668.9360872348193 6098101.560651035 16275443318.844519
198 17 244 2206.0678959513543 1806056.5395150175 3984283350.097079
199 20 362 2902.6872563902634 11462594.670269134 33272327474.557167
