0 0 100 0.0 0.0 0.0
1 0 100 0.0 0.0 0.0
2 7 181 332.66880679862265 6561.0 2182640.041405763
3 6 66 225.58275470837765 3024.560894461153 682288.7783557816
4 1 106 1.0 9.55892689827884 9.55892689827884
5 0 100 0.0 0.0 0.0
6 1 18 1.0 38.15436697768484 38.15436697768484
7 0 100 0.0 0.0 0.0
8 0 100 0.0 0.0 0.0
9 0 100 0.0 0.0 0.0
10 0 100 0.0 0.0 0.0
11 4 51 75.61186198841948 831.5797944458234 62877.296649995835
12 2 17 9.541850352986048 59.51335422080222 567.8675199791454
13 3 46 32.9215577265747 435.9769523615719 14353.040404627594
14 0 5 0.0 5.0 0.0
15 1 11 1.0 20.51504931294799 20.51504931294799
16 0 5 0.0 5.0 0.0
17 1 10 1.0 18.1937008646705 18.1937008646705
18 2 111 9.541850352986048 31.76494829034237 303.0963830567869
19 1 27 1.0 63.59241768810072 63.59241768810072
20 0 7 0.0 7.0 0.0
21 1 107 1.0 11.607984241186918 11.607984241186918
22 0 100 0.0 0.0 0.0
23 0 100 0.0 0.0 0.0
24 3 32 32.9215577265747 245.06238675558936 8067.83551218631
25 2 120 9.541850352986048 75.23327232919837 717.8646261306569
26 4 49 75.61186198841948 776.5950928818146 58719.80098386357
27 0 100 0.0 0.0 0.0
28 4 128 75.61186198841948 298.26715011537044 22552.534590202584
29 2 27 9.541850352986048 115.98017876588344 1106.66550969663
30 1 134 1.0 85.02419427196995 85.02419427196995
31 1 102 1.0 2.3948263510722025 2.3948263510722025
32 0 100 0.0 0.0 0.0
33 2 28 9.541850352986048 122.22584512913716 1166.2607234894754
34 0 6 0.0 6.0 0.0
35 1 104 1.0 5.735193251789799 5.735193251789799
36 4 83 75.61186198841948 1912.3940233356846 144599.67295993603
37 3 149 32.9215577265747 481.96892224029307 15867.1676959488
38 0 100 0.0 0.0 0.0
39 2 10 9.541850352986048 27.685321443873434 264.16919419175593
40 0 8 0.0 8.0 0.0
41 2 122 9.541850352986048 86.31942417916456 823.6470280735138
42 0 11 0.0 11.0 0.0
43 0 100 0.0 0.0 0.0
44 0 10 0.0 10.0 0.0
45 0 100 0.0 0.0 0.0
46 0 100 0.0 0.0 0.0
47 3 53 32.9215577265747 545.90532331836 17972.053614869816
48 1 5 1.0 7.59708563275366 7.59708563275366
49 3 164 32.9215577265747 736.4308795040106 24244.45171122346
50 0 100 0.0 0.0 0.0
51 6 242 225.58275470837765 13097.231027658581 2954509.454271259
52 0 100 0.0 0.0 0.0
53 0 100 0.0 0.0 0.0
54 1 104 1.0 5.735193251789799 5.735193251789799
55 1 7 1.0 11.607984241186918 11.607984241186918
56 0 5 0.0 5.0 0.0
57 1 101 1.0 1.0 1.0
58 0 10 0.0 10.0 0.0
59 0 5 0.0 5.0 0.0
60 0 10 0.0 10.0 0.0
61 8 76 459.67273235884244 8170.524328429558 3755767.2428536112
62 1 27 1.0 63.59241768810072 63.59241768810072
63 0 9 0.0 9.0 0.0
64 1 14 1.0 27.799106543625292 27.799106543625292
65 5 99 139.6884681067044 4229.702363015084 590840.6436368847
66 3 162 32.9215577265747 700.2360303580608 23052.86089566041
67 0 5 0.0 5.0 0.0
68 0 5 0.0 5.0 0.0
69 0 10 0.0 10.0 0.0
70 0 9 0.0 9.0 0.0
71 2 54 9.541850352986048 315.16948038953416 3007.300017705306
72 0 100 0.0 0.0 0.0
73 0 100 0.0 0.0 0.0
74 0 5 0.0 5.0 0.0
75 1 16 1.0 32.892441635375256 32.892441635375256
76 2 17 9.541850352986048 59.51335422080222 567.8675199791454
77 0 100 0.0 0.0 0.0
78 1 103 1.0 3.9914906122521803 3.9914906122521803
79 0 8 0.0 8.0 0.0
80 2 33 9.541850352986048 154.90879557685506 1478.1165457556579
81 4 56 75.61186198841948 975.7969952136767 73781.82773081094
82 1 135 1.0 88.18685030395203 88.18685030395203
83 0 100 0.0 0.0 0.0
84 0 100 0.0 0.0 0.0
85 1 27 1.0 63.59241768810072 63.59241768810072
86 1 7 1.0 11.607984241186918 11.607984241186918
87 3 48 32.9215577265747 466.4489382157433 15356.225645969067
88 1 14 1.0 27.799106543625292 27.799106543625292
89 5 159 139.6884681067044 1651.3976308733363 230681.20529173722
90 0 10 0.0 10.0 0.0
91 0 100 0.0 0.0 0.0
92 0 100 0.0 0.0 0.0
93 0 100 0.0 0.0 0.0
94 4 45 75.61186198841948 671.3571728121805 50762.565895610074
95 3 147 32.9215577265747 451.11773253603667 14851.498473166615
96 0 100 0.0 0.0 0.0
97 0 5 0.0 5.0 0.0
98 0 100 0.0 0.0 0.0
99 0 8 0.0 8.0 0.0
100 2 125 9.541850352986048 103.79546451213633 990.4007896934788
101 3 155 32.9215577265747 578.9666715492328 19060.48469917088
102 0 100 0.0 0.0 0.0
103 2 25 9.541850352986048 103.79546451213633 990.4007896934788
104 0 100 0.0 0.0 0.0
105 3 144 32.9215577265747 406.27351121486885 13375.156852238497
106 1 103 1.0 3.9914906122521803 3.9914906122521803
107 1 8 1.0 13.734791927877684 13.734791927877684
108 3 180 32.9215577265747 1049.4627962762117 34549.95002949981
109 0 100 0.0 0.0 0.0
110 2 27 9.541850352986048 115.98017876588344 1106.66550969663
111 4 36 75.61186198841948 458.3949685466225 34660.09709793311
112 2 48 9.541850352986048 265.93129728965954 2537.4766429133756
113 1 7 1.0 11.607984241186918 11.607984241186918
114 8 150 459.67273235884244 33608.73957278992 15449021.150561098
115 0 100 0.0 0.0 0.0
116 4 172 75.61186198841948 1499.6637502850892 113392.36851559173
117 0 100 0.0 0.0 0.0
118 3 78 32.9215577265747 1008.1216991286578 33188.93671327668
119 1 103 1.0 3.9914906122521803 3.9914906122521803
120 2 133 9.541850352986048 154.90879557685506 1478.1165457556579
121 3 60 32.9215577265747 664.7206420100937 21883.638987981092
122 0 6 0.0 6.0 0.0
123 4 145 75.61186198841948 671.3571728121805 50762.565895610074
124 9 122 604.9491004987461 31255.467204814257 18907966.771220442
125 1 108 1.0 13.734791927877684 13.734791927877684
126 1 15 1.0 30.323695983612147 30.323695983612147
127 3 33 32.9215577265747 257.33012181535685 8471.708460130769
128 3 132 32.9215577265747 245.06238675558936 8067.83551218631
129 4 168 75.61186198841948 1360.0227175454593 102833.85002016247
130 5 84 139.6884681067044 3137.9608221632784 438336.940226843
131 2 32 9.541850352986048 148.1842032776824 1413.95149235211
132 4 102 75.61186198841948 2720.557944067154 205706.4517983039
133 0 100 0.0 0.0 0.0
134 6 116 225.58275470837765 8895.411906640642 2006651.5221656978
135 6 227 225.58275470837765 10578.68633606439 2386369.2048852793
136 6 136 225.58275470837765 12059.050322553525 2720313.7909285743
137 4 156 75.61186198841948 975.7969952136767 73781.82773081094
138 4 193 75.61186198841948 2323.049658002374 175650.1101331206
139 4 117 75.61186198841948 3439.917895154233 260098.5971398963
140 5 140 139.6884681067044 814.9598274436516 113840.48986410785
141 4 37 75.61186198841948 480.38255499420245 36322.61944986597
142 2 39 9.541850352986048 197.11162840858907 1880.8096611081503
143 4 149 75.61186198841948 776.5950928818146 58719.80098386357
144 0 100 0.0 0.0 0.0
145 6 198 225.58275470837765 6442.856405219488 1453397.2960799276
146 4 159 75.61186198841948 1066.8769814059906 80668.55507669134
147 5 237 139.6884681067044 7632.713194384114 1066202.013621347
148 4 141 75.61186198841948 572.5607883495287 43292.38730866522
149 6 93 225.58275470837765 5828.709556476301 1314856.3581449701
150 4 106 75.61186198841948 2905.522977389894 219692.00237058633
151 2 36 9.541850352986048 175.6210676402407 1675.7499462548174
152 3 67 32.9215577265747 791.9778998728451 26073.146148835265
153 4 38 75.61186198841948 502.796158813779 38017.3537685349
154 4 155 75.61186198841948 946.1899645328139 71543.18501308264
155 6 97 225.58275470837765 6317.679695554275 1425159.589088318
156 3 38 32.9215577265747 321.92161897300775 10598.16116245226
157 4 145 75.61186198841948 671.3571728121805 50762.565895610074
158 6 228 225.58275470837765 10738.599848141443 2422442.9354547127
159 5 154 139.6884681067044 1405.9451433371921 196394.3233148333
160 5 60 139.6884681067044 1702.6102917613564 237835.0234388529
161 3 149 32.9215577265747 481.96892224029307 15867.1676959488
162 4 209 75.61186198841948 3047.546245398672 230430.64611041034
163 1 14 1.0 27.799106543625292 27.799106543625292
164 4 63 75.61186198841948 1193.5182370479756 90244.13622033325
165 6 93 225.58275470837765 5828.709556476301 1314856.3581449701
166 2 140 9.541850352986048 204.4421003683832 1950.7559275652661
167 4 169 75.61186198841948 1394.4010936602072 105433.26305033677
168 8 190 459.67273235884244 54953.89784247252 25260808.37501804
169 3 58 32.9215577265747 629.8939717412368 20737.090752300537
170 12 156 1131.8354418063404 143472.92176020972 162387737.7877135
171 4 53 75.61186198841948 888.1171619831025 67152.19228141312
172 9 144 604.9491004987461 44673.607750369876 27025258.82462007
173 5 81 139.6884681067044 2937.2940727723303 410306.1094044695
174 1 106 1.0 9.55892689827884 9.55892689827884
175 8 81 459.67273235884244 9328.435527658881 4288027.447632258
176 4 99 75.61186198841948 2585.1644858987506 195469.10032513973
177 4 144 75.61186198841948 646.0476428878335 48848.86521197858
178 4 146 75.61186198841948 697.0692055589992 52706.70056710426
179 3 181 32.9215577265747 1070.3630949288454 35238.02041809513
180 7 90 332.66880679862265 8100.0 2694617.3350688433
181 7 213 332.66880679862265 12769.0 4247847.994011613
182 7 134 332.66880679862265 17956.0 5973401.094876069
183 12 95 1131.8354418063404 44698.20838072744 50591016.43055251
184 4 171 75.61186198841948 1464.2230773075796 110712.63324163957
185 5 223 139.6884681067044 6274.940542472304 876536.8318386087
186 6 100 225.58275470837765 6696.723465418967 1510665.3268494436
187 4 160 75.61186198841948 1097.9836363389938 83020.58717640696
188 4 175 75.61186198841948 1608.0874365260645 121590.48531592006
189 9 148 604.9491004987461 47390.045546024034 28668565.42566185
190 4 193 75.61186198841948 2323.049658002374 175650.1101331206
191 9 108 604.9491004987461 24036.912268699078 14541108.455716783
192 6 76 225.58275470837765 3961.5666745886283 893661.1234146099
193 5 79 139.6884681067044 2806.8374672292675 392082.8260217585
194 9 146 604.9491004987461 46021.08717513291 27840415.290571038
195 4 158 75.61186198841948 1036.142416344768 78344.65738500807
196 2 47 9.541850352986048 257.9778488812911 2461.586028410529
197 4 164 75.61186198841948 1226.095534977771 92707.36637535656
198 8 95 459.67273235884244 12996.633669206958 5974198.11019129
199 4 170 75.61186198841948 1429.1350405139644 108059.56144615616
