0 0 100 0.0 0.0 0.0
1 27 435 4506.6139001521815 102803376.76274386 463295126701.56323
2 0 100 0.0 0.0 0.0
3 0 100 0.0 0.0 0.0
4 0 100 0.0 0.0 0.0
5 24 397 3832.71054120725 39710882.60257802 152200318351.54437
6 1 6 1.0 9.55892689827884 9.55892689827884
7 1 107 1.0 11.607984241186918 11.607984241186918
8 0 100 0.0 0.0 0.0
9 13 181 1331.5823725933528 276265.43546600867 367870184.02336365
10 16 183 1979.1134619514044 656748.1177850121 1299779041.019564
11 0 100 0.0 0.0 0.0
12 17 349 2206.0678959513543 4614109.052580355 10179037849.31604
13 18 315 2436.3877014920204 4639765.1738377735 11304266807.349337
14 1 101 1.0 1.0 1.0
15 2 28 9.541850352986048 122.22584512913716 1166.2607234894754
16 0 100 0.0 0.0 0.0
17 0 100 0.0 0.0 0.0
18 2 24 9.541850352986048 97.86086952638261 933.7737724338355
19 1 16 1.0 32.892441635375256 32.892441635375256
20 0 10 0.0 10.0 0.0
21 11 147 942.9223974109915 91604.76025632706 86376180.15515503
22 14 395 1540.4353185285338 2533722.857838446 3903036177.577393
23 0 100 0.0 0.0 0.0
24 0 100 0.0 0.0 0.0
25 0 100 0.0 0.0 0.0
26 0 100 0.0 0.0 0.0
27 0 100 0.0 0.0 0.0
28 0 100 0.0 0.0 0.0
29 9 244 604.9491004987461 44673.607750369876 27025258.82462007
30 1 11 1.0 20.51504931294799 20.51504931294799
31 0 100 0.0 0.0 0.0
32 0 100 0.0 0.0 0.0
33 26 296 4285.277943143774 25934336.0 111135838030.87953
34 2 32 9.541850352986048 148.1842032776824 1413.95149235211
35 0 100 0.0 0.0 0.0
36 21 397 3136.7198300107975 19138734.249193754 60032847240.75286
37 2 114 9.541850352986048 44.97826169706515 429.17584225083993
38 0 100 0.0 0.0 0.0
39 0 100 0.0 0.0 0.0
40 0 11 0.0 11.0 0.0
41 0 100 0.0 0.0 0.0
42 11 219 942.9223974109915 228180.97122161838 215156948.42785686
43 0 100 0.0 0.0 0.0
44 9 142 604.9491004987461 43347.5615654562 26223068.37783675
45 0 100 0.0 0.0 0.0
46 0 100 0.0 0.0 0.0
47 0 100 0.0 0.0 0.0
48 4 92 75.61186198841948 2280.4993308091553 172432.80066582482
49 0 100 0.0 0.0 0.0
50 0 100 0.0 0.0 0.0
51 1 11 1.0 20.51504931294799 20.51504931294799
52 0 6 0.0 6.0 0.0
53 0 100 0.0 0.0 0.0
54 0 100 0.0 0.0 0.0
55 16 313 1979.1134619514044 2610641.35766343 5166755455.278785
56 0 100 0.0 0.0 0.0
57 0 100 0.0 0.0 0.0
58 0 100 0.0 0.0 0.0
59 0 100 0.0 0.0 0.0
60 18 226 2436.3877014920204 1912964.1901053407 4660722426.167295
61 1 22 1.0 49.12998068819353 49.12998068819353
62 3 51 32.9215577265747 513.5688732735056 16907.48730804564
63 2 110 9.541850352986048 27.685321443873434 264.16919419175593
64 1 10 1.0 18.1937008646705 18.1937008646705
65 0 100 0.0 0.0 0.0
66 1 20 1.0 43.57075425423803 43.57075425423803
67 1 27 1.0 63.59241768810072 63.59241768810072
68 5 83 139.6884681067044 3070.409639894098 428900.8190568644
69 0 5 0.0 5.0 0.0
70 0 6 0.0 6.0 0.0
71 0 100 0.0 0.0 0.0
72 1 106 1.0 9.55892689827884 9.55892689827884
73 32 557 5549.980220652734 641837080.4660705 3562183101468.1885
74 0 100 0.0 0.0 0.0
75 0 100 0.0 0.0 0.0
76 7 94 332.66880679862265 8836.0 2939461.5768726296
77 1 108 1.0 13.734791927877684 13.734791927877684
78 0 100 0.0 0.0 0.0
79 0 100 0.0 0.0 0.0
80 0 100 0.0 0.0 0.0
81 0 100 0.0 0.0 0.0
82 3 40 32.9215577265747 349.23013798641597 11497.20014757944
83 0 100 0.0 0.0 0.0
84 0 11 0.0 11.0 0.0
85 1 106 1.0 9.55892689827884 9.55892689827884
86 14 211 1540.4353185285338 539726.1438499829 831413214.3197256
87 0 100 0.0 0.0 0.0
88 3 51 32.9215577265747 513.5688732735056 16907.48730804564
89 1 19 1.0 40.84402933782601 40.84402933782601
90 0 100 0.0 0.0 0.0
91 0 100 0.0 0.0 0.0
92 0 100 0.0 0.0 0.0
93 0 100 0.0 0.0 0.0
94 0 10 0.0 10.0 0.0
95 17 312 2206.0678959513543 3439807.8883009166 7588449750.620874
96 2 10 9.541850352986048 27.685321443873434 264.16919419175593
97 2 127 9.541850352986048 115.98017876588344 1106.66550969663
98 0 100 0.0 0.0 0.0
99 16 245 1979.1134619514044 1390652.9767282873 2752260027.145746
100 4 163 75.61186198841948 1193.5182370479756 90244.13622033325
101 28 349 4724.12231882448 64918031.75753213 306680722719.91394
102 28 414 4724.12231882448 109712012.31024255 518292965997.96295
103 7 75 332.66880679862265 5625.0 1871262.0382422525
104 12 197 1131.8354418063404 248346.49062615685 281087359.9389104
105 1 106 1.0 9.55892689827884 9.55892689827884
106 20 305 2902.6872563902634 7144879.161736076 20739349691.219654
107 4 188 75.61186198841948 2113.579549242958 159811.6851789044
108 20 282 2902.6872563902634 5755081.8295952445 16705202686.249277
109 17 229 2206.0678959513543 1529391.006766026 3373940400.38325
110 17 239 2206.0678959513543 1710668.3916587061 3773850619.4570093
111 11 164 942.9223974109915 117686.48609129344 110969223.60807772
112 26 420 4285.277943143774 74088000.0 317487672251.6359
113 0 100 0.0 0.0 0.0
114 30 629 5146.386239304723 618909274.013547 3185146171161.394
115 22 266 3370.209833397988 7871197.623950193 26527587632.855816
116 0 100 0.0 0.0 0.0
117 27 496 4506.6139001521815 153133402.64926273 690113120956.7683
118 11 213 942.9223974109915 214120.66733750328 201899172.98112
119 28 447 4724.12231882448 138862313.52069205 656002554546.7037
120 8 144 459.67273235884244 30872.72070965809 14191347.883959955
121 32 528 5549.980220652734 540681829.370726 3000773458673.8657
122 9 177 604.9491004987461 69680.55278268627 42153187.72814146
123 8 184 459.67273235884244 51405.657200705115 23629778.904150125
124 10 198 766.6651705632711 128155.62053704208 98252450.6776732
125 10 187 766.6651705632711 112857.51981217459 86523929.67614858
126 13 203 1331.5823725933528 364245.1060790388 485022362.558244
127 11 238 942.9223974109915 276059.68146551965 260302856.67598245
128 16 319 1979.1134619514044 2741264.173678224 5425272828.891665
129 25 359 4060.496712466729 37107120.8222336 150673342107.78525
130 13 177 1331.5823725933528 261779.3457680394 348580762.3337416
131 2 23 9.541850352986048 92.0346545141889 878.1809006631623
132 0 100 0.0 0.0 0.0
133 23 540 3602.4235623004615 42173240.60106189 151925875639.83182
134 21 415 3136.7198300107975 21670739.74665725 67975039094.34296
135 39 674 6798.773358825962 4719334588.820483 32085686273858.574
136 17 231 2206.0678959513543 1564644.7799730715 3451712617.666464
137 25 450 4060.496712466729 72465557.99916378 294246160022.67163
138 21 376 3136.7198300107975 16435299.601690613 51552930172.791504
139 13 170 1331.5823725933528 237519.46890166547 316276737.9371928
140 10 203 766.6651705632711 135464.42171872893 103855853.98224421
141 23 368 3602.4235623004615 25187544.334022824 90736203185.3713
142 27 478 4506.6139001521815 136874076.4410028 616838615459.5154
143 15 227 1756.7778603087352 864595.8430902208 1518902835.255865
144 11 229 942.9223974109915 252740.34468079347 238314531.7288941
145 6 103 225.58275470837765 7086.292798564201 1598545.450170251
146 13 272 1331.5823725933528 737322.3704660116 981805471.4312868
147 9 145 604.9491004987461 45344.665438633376 27431214.569517843
148 19 272 2668.9360872348193 4059165.1562642516 10833652369.599825
149 5 154 139.6884681067044 1405.9451433371921 196394.3233148333
150 28 534 4724.12231882448 239811992.08565894 1132901184133.621
151 25 335 4060.496712466729 30229802.74939084 122748014682.4192
152 7 120 332.66880679862265 14400.0 4790430.817900166
153 23 400 3602.4235623004615 32036112.40591651 115407646175.57976
154 21 231 3136.7198300107975 4196949.369467609 13164654312.76036
155 18 346 2436.3877014920204 5960392.34466085 14521826604.598883
156 21 444 3136.7198300107975 26186123.125301342 82138531678.23705
157 20 434 2902.6872563902634 18907503.07542807 54882568227.204765
158 8 142 459.67273235884244 29987.49355902603 13784433.100870684
159 16 314 1979.1134619514044 2632141.5282824785 5209306732.385197
160 24 335 3832.71054120725 24169952.981222235 92636433571.61406
161 26 392 4285.277943143774 60236288.0 258129236343.25598
162 28 452 4724.12231882448 143689981.14627844 678809046924.6028
163 30 421 5146.386239304723 175335155.26669666 902342430330.8848
164 20 396 2902.6872563902634 14683989.0278364 42623027824.07517
165 29 488 4937.473672561782 225707224.6340674 1114423479337.6958
166 16 273 1979.1134619514044 1836792.7908832894 3635221339.252409
167 12 197 1131.8354418063404 248346.49062615685 281087359.9389104
168 31 584 5350.621552679651 606475592.3845699 3245021375787.0386
169 20 390 2902.6872563902634 14078318.521950588 40864955765.06898
170 13 220 1331.5823725933528 442152.3154039866 588762229.193285
171 18 382 2436.3877014920204 7762151.852908406 18911611311.53954
172 4 144 75.61186198841948 646.0476428878335 48848.86521197858
173 15 212 1756.7778603087352 727778.1968317925 1278544623.4095058
174 15 261 1756.7778603087352 1229001.7193264086 2159083010.794005
175 18 330 2436.3877014920204 5252992.122174724 12798325402.500965
176 16 345 1979.1134619514044 3353107.828373114 6636180842.50787
177 16 285 1979.1134619514044 2051622.2315091447 4060393177.2185287
178 30 524 5146.386239304723 348702203.9966412 1794556224263.5427
179 16 277 1979.1134619514044 1906791.7567046778 3773757234.832195
180 9 175 604.9491004987461 67995.31391785582 41133703.99273675
181 23 428 3602.4235623004615 38940120.42706861 140278807345.2895
182 15 223 1756.7778603087352 826718.1208666635 1452360091.4545956
183 4 132 75.61186198841948 374.7746947170294 28337.41249369607
184 25 380 4060.496712466729 43913571.7544878 178310913741.76953
185 23 406 3602.4235623004615 33441912.18461817 120471932422.2514
186 37 557 6468.923834840442 1704110046.4487364 11023758096663.285
187 15 199 1756.7778603087352 620507.1114262982 1090093155.517846
188 19 321 2668.9360872348193 6363578.64921082 16983984700.835762
189 6 228 225.58275470837765 10738.599848141443 2422442.9354547127
190 26 325 4285.277943143774 34328125.0 147105556891.98236
191 15 215 1756.7778603087352 754009.1679551424 1324626612.7334049
192 25 461 4060.496712466729 77840123.96131112 316069567442.90643
193 6 200 225.58275470837765 6696.723465418967 1510665.3268494436
194 12 187 1131.8354418063404 219715.13514294155 248681377.05605105
195 21 366 3136.7198300107975 15239644.095373597 47802493836.26532
196 23 415 3602.4235623004615 35625214.265037954 128337111280.37524
197 25 498 4060.496712466729 97843352.18231755 397292609873.0248
198 19 216 2668.9360872348193 2171112.7973647485 5794561294.344115
199 14 214 1540.4353185285338 558849.138813278 860870951.1572288
