0 4 65 75.61186198841948 1259.0362466163215 95198.07491757096
1 0 100 0.0 0.0 0.0
2 0 100 0.0 0.0 0.0
3 1 37 1.0 94.5824071263594 94.5824071263594
4 0 100 0.0 0.0 0.0
5 0 100 0.0 0.0 0.0
6 1 104 1.0 5.735193251789799 5.735193251789799
7 0 100 0.0 0.0 0.0
8 0 6 0.0 6.0 0.0
9 0 100 0.0 0.0 0.0
10 0 100 0.0 0.0 0.0
11 0 6 0.0 6.0 0.0
12 0 7 0.0 7.0 0.0
13 0 100 0.0 0.0 0.0
14 0 6 0.0 6.0 0.0
15 0 6 0.0 6.0 0.0
16 0 6 0.0 6.0 0.0
17 0 5 0.0 5.0 0.0
18 4 128 75.61186198841948 298.26715011537044 22552.534590202584
19 0 100 0.0 0.0 0.0
20 1 12 1.0 22.891970023971037 22.891970023971037
21 0 100 0.0 0.0 0.0
22 0 100 0.0 0.0 0.0
23 1 17 1.0 35.503281577765854 35.503281577765854
24 0 6 0.0 6.0 0.0
25 0 19 0.0 19.0 0.0
26 8 108 459.67273235884244 16970.39141279495 7800826.189918491
27 0 5 0.0 5.0 0.0
28 0 18 0.0 18.0 0.0
29 6 122 225.58275470837765 9796.315838838276 2209879.91291845
30 3 146 32.9215577265747 435.9769523615719 14353.040404627594
31 2 122 9.541850352986048 86.31942417916456 823.6470280735138
32 0 100 0.0 0.0 0.0
33 0 100 0.0 0.0 0.0
34 1 10 1.0 18.1937008646705 18.1937008646705
35 8 236 459.67273235884244 27411.939785516835 12600521.260464584
36 5 63 139.6884681067044 1860.4532693243248 259883.86717602485
37 0 7 0.0 7.0 0.0
38 1 102 1.0 2.3948263510722025 2.3948263510722025
39 7 127 332.66880679862265 16129.0 5365615.184854985
40 3 45 32.9215577265747 421.0282951259743 13860.907322511091
41 0 100 0.0 0.0 0.0
42 0 100 0.0 0.0 0.0
43 3 44 32.9215577265747 406.27351121486885 13375.156852238497
44 0 6 0.0 6.0 0.0
45 3 61 32.9215577265747 682.3928350558612 22465.435111492498
46 0 18 0.0 18.0 0.0
47 0 10 0.0 10.0 0.0
48 0 100 0.0 0.0 0.0
49 1 12 1.0 22.891970023971037 22.891970023971037
50 1 105 1.0 7.59708563275366 7.59708563275366
51 0 100 0.0 0.0 0.0
52 2 18 9.541850352986048 64.62733255388774 616.6643359418604
53 2 11 9.541850352986048 31.76494829034237 303.0963830567869
54 5 89 139.6884681067044 3485.593399577667 486897.20242984424
55 1 91 1.0 293.9256503465739 293.9256503465739
56 7 123 332.66880679862265 15129.0 5032946.378056362
57 12 167 1131.8354418063404 168403.19994789627 190604710.21462867
58 1 102 1.0 2.3948263510722025 2.3948263510722025
59 4 155 75.61186198841948 946.1899645328139 71543.18501308264
60 0 100 0.0 0.0 0.0
61 0 6 0.0 6.0 0.0
62 1 10 1.0 18.1937008646705 18.1937008646705
63 0 100 0.0 0.0 0.0
64 0 6 0.0 6.0 0.0
65 2 45 9.541850352986048 242.29532664846576 2311.945748107533
66 0 9 0.0 9.0 0.0
67 1 17 1.0 35.503281577765854 35.503281577765854
68 0 100 0.0 0.0 0.0
69 1 102 1.0 2.3948263510722025 2.3948263510722025
70 0 10 0.0 10.0 0.0
71 2 23 9.541850352986048 92.0346545141889 878.1809006631623
72 0 100 0.0 0.0 0.0
73 3 84 32.9215577265747 1133.9736498594843 37332.17897426362
74 1 20 1.0 43.57075425423803 43.57075425423803
75 7 112 332.66880679862265 12544.0 4172997.5124819227
76 0 100 0.0 0.0 0.0
77 0 100 0.0 0.0 0.0
78 1 102 1.0 2.3948263510722025 2.3948263510722025
79 4 52 75.61186198841948 859.6554919481086 65000.15241476724
80 2 31 9.541850352986048 141.5519192260369 1350.6672304328126
81 7 126 332.66880679862265 15876.0 5281449.976734933
82 2 12 9.541850352986048 36.01211998010309 343.62225974392254
83 4 125 75.61186198841948 245.72185754407212 18579.487180160453
84 6 73 225.58275470837765 3667.8232800781016 827397.6793035355
85 4 33 75.61186198841948 395.0229353848392 29868.419672578806
86 0 10 0.0 10.0 0.0
87 0 10 0.0 10.0 0.0
88 0 5 0.0 5.0 0.0
89 0 100 0.0 0.0 0.0
90 3 140 32.9215577265747 349.23013798641597 11497.20014757944
91 1 9 1.0 15.931997307697284 15.931997307697284
92 3 64 32.9215577265747 736.4308795040106 24244.45171122346
93 6 137 225.58275470837765 12229.238131186143 2758705.225617702
94 0 10 0.0 10.0 0.0
95 0 6 0.0 6.0 0.0
96 0 6 0.0 6.0 0.0
97 0 100 0.0 0.0 0.0
98 0 6 0.0 6.0 0.0
99 0 12 0.0 12.0 0.0
100 1 12 1.0 22.891970023971037 22.891970023971037
101 1 114 1.0 27.799106543625292 27.799106543625292
102 7 239 332.66880679862265 19321.0 6427494.016156188
103 5 66 139.6884681067044 2024.56047903646 282807.7519059787
104 7 110 332.66880679862265 12100.0 4025292.562263334
105 6 190 225.58275470837765 5474.33581455389 1234915.7532457968
106 2 41 9.541850352986048 211.85407612585806 2021.4798910630518
107 1 17 1.0 35.503281577765854 35.503281577765854
108 1 110 1.0 18.1937008646705 18.1937008646705
109 1 103 1.0 3.9914906122521803 3.9914906122521803
110 1 106 1.0 9.55892689827884 9.55892689827884
111 5 70 139.6884681067044 2253.023098877021 314721.345291151
112 4 58 75.61186198841948 1036.142416344768 78344.65738500807
113 1 109 1.0 15.931997307697284 15.931997307697284
114 6 234 225.58275470837765 11722.091250421281 2644301.6352130035
115 9 150 604.9491004987461 48780.52804290304 29509736.561408054
116 10 132 766.6651705632711 52013.27544633191 39876766.69161645
117 2 27 9.541850352986048 115.98017876588344 1106.66550969663
118 0 5 0.0 5.0 0.0
119 4 74 75.61186198841948 1571.597319835911 118831.39964880285
120 8 119 459.67273235884244 20764.03051150532 9544658.640006023
121 3 69 32.9215577265747 829.8335342600375 27319.412601589327
122 7 124 332.66880679862265 15376.0 5115115.5733356215
123 7 134 332.66880679862265 17956.0 5973401.094876069
124 7 206 332.66880679862265 11236.0 3737866.7131893244
125 2 25 9.541850352986048 103.79546451213633 990.4007896934788
126 0 100 0.0 0.0 0.0
127 1 28 1.0 66.57403288693754 66.57403288693754
128 11 190 942.9223974109915 164832.7121547771 155424456.11673832
129 1 34 1.0 85.02419427196995 85.02419427196995
130 4 186 75.61186198841948 2032.1034843472744 153651.12820465246
131 2 44 9.541850352986048 234.56808185291177 2238.2135346274663
132 7 199 332.66880679862265 39601.0 13174017.418032255
133 3 50 32.9215577265747 497.6760852315066 16384.27196908475
134 6 166 225.58275470837765 3024.560894461153 682288.7783557816
135 2 75 9.541850352986048 506.1815384350477 4829.908491191481
136 6 61 225.58275470837765 2601.435802251927 586839.054468988
137 4 83 75.61186198841948 1912.3940233356846 144599.67295993603
138 1 103 1.0 3.9914906122521803 3.9914906122521803
139 9 120 604.9491004987461 30162.00470437385 18246477.615149908
140 4 150 75.61186198841948 803.8922494719358 60783.78982063209
141 4 65 75.61186198841948 1259.0362466163215 95198.07491757096
142 3 21 32.9215577265747 125.57185196799401 4134.020973397207
143 4 100 75.61186198841948 2629.9766541734707 198857.43180812968
144 3 26 32.9215577265747 176.25042831919396 5802.438650243859
145 5 165 139.6884681067044 1969.1653870843556 275069.6963705592
146 8 120 459.67273235884244 21128.626944217714 9712253.678439217
147 7 98 332.66880679862265 9604.0 3194951.220493972
148 5 60 139.6884681067044 1702.6102917613564 237835.0234388529
149 9 139 604.9491004987461 41398.5782979627 25044032.703279447
150 7 98 332.66880679862265 9604.0 3194951.220493972
151 8 92 459.67273235884244 12157.47237943942 5588458.547234075
152 5 67 139.6884681067044 2080.6456750556 290642.2070213566
153 6 78 225.58275470837765 4163.386850757332 939188.274710476
154 3 139 32.9215577265747 335.47304520277595 11044.29522335299
155 0 100 0.0 0.0 0.0
156 7 149 332.66880679862265 22201.0 7385580.179736221
157 4 66 75.61186198841948 1292.338741426653 97716.13855903981
158 9 154 604.9491004987461 51626.24357981338 31231249.615737274
159 6 124 225.58275470837765 10105.821436004986 2279699.0381249776
160 7 203 332.66880679862265 10609.0 3529283.3713265876
161 5 99 139.6884681067044 4229.702363015084 590840.6436368847
162 6 113 225.58275470837765 8460.534002517481 1908550.5665917895
163 6 181 225.58275470837765 4475.076918624486 1009500.1788351899
164 9 111 604.9491004987461 25498.508505617654 15425299.784533028
165 5 86 139.6884681067044 3275.042744200361 457485.7039213258
166 4 51 75.61186198841948 831.5797944458234 62877.296649995835
167 4 201 75.61186198841948 2675.1081136005973 202269.90548966953
168 6 85 225.58275470837765 4907.334112484054 1107009.9473685443
169 6 79 225.58275470837765 4266.090224510861 962356.3846796412
170 6 177 225.58275470837765 4061.8785529685815 916289.7532695315
171 5 79 139.6884681067044 2806.8374672292675 392082.8260217585
172 4 157 75.61186198841948 1005.7817905983286 76049.03394118624
173 5 173 139.6884681067044 2431.5451615879456 339658.8187544891
174 8 86 459.67273235884244 10566.202609933729 4856995.224365369
175 11 155 942.9223974109915 103420.77350456103 97517763.69501984
176 6 119 225.58275470837765 9340.680210924138 2107096.372830297
177 6 123 225.58275470837765 9950.49433314188 2244659.9223802467
178 6 108 225.58275470837765 7758.892052145152 1750272.2426078406
179 5 150 139.6884681067044 1222.4564081968258 170763.0629882387
180 11 206 942.9223974109915 198350.6029859777 187029226.09545386
181 8 97 459.67273235884244 13572.24668173896 6238791.71644318
182 5 132 139.6884681067044 543.2991441606081 75892.6251714789
183 4 160 75.61186198841948 1097.9836363389938 83020.58717640696
184 2 45 9.541850352986048 242.29532664846576 2311.945748107533
185 4 58 75.61186198841948 1036.142416344768 78344.65738500807
186 6 49 225.58275470837765 1710.916389083443 385953.23212515353
187 4 56 75.61186198841948 975.7969952136767 73781.82773081094
188 9 127 604.9491004987461 34080.638090162705 20617051.357067235
189 8 130 459.67273235884244 24956.252438948613 11471708.748048535
190 5 173 139.6884681067044 2431.5451615879456 339658.8187544891
191 11 244 942.9223974109915 292252.52594963956 275571452.41785216
192 4 169 75.61186198841948 1394.4010936602072 105433.26305033677
193 10 127 766.6651705632711 47732.874639030575 36595132.47660761
194 8 79 459.67273235884244 8855.710583538383 4070728.6809142074
195 6 67 225.58275470837765 3112.8302065571443 702200.8129346088
196 5 173 139.6884681067044 2431.5451615879456 339658.8187544891
197 4 158 75.61186198841948 1036.142416344768 78344.65738500807
198 4 156 75.61186198841948 975.7969952136767 73781.82773081094
199 8 121 459.67273235884244 21496.519829988905 9881364.00645704
