0 0 100 0.0 0.0 0.0
1 37 820 6468.923834840442 6254181948.366719 40457826673218.305
2 1 116 1.0 32.892441635375256 32.892441635375256
3 1 10 1.0 18.1937008646705 18.1937008646705
4 1 130 1.0 72.61998620345668 72.61998620345668
5 1 5 1.0 7.59708563275366 7.59708563275366
6 0 100 0.0 0.0 0.0
7 0 100 0.0 0.0 0.0
8 1 8 1.0 13.734791927877684 13.734791927877684
9 0 100 0.0 0.0 0.0
10 0 8 0.0 8.0 0.0
11 0 100 0.0 0.0 0.0
12 0 6 0.0 6.0 0.0
13 27 512 4506.6139001521815 168631726.05981123 759958080667.8002
14 2 109 9.541850352986048 23.78240930402918 226.9281906125095
15 20 487 2902.6872563902634 25982960.06476193 75420407063.28159
16 0 100 0.0 0.0 0.0
17 0 10 0.0 10.0 0.0
18 0 100 0.0 0.0 0.0
19 1 111 1.0 20.51504931294799 20.51504931294799
20 6 99 225.58275470837765 6569.204673563341 1481899.2865055674
21 2 105 9.541850352986048 10.188005914414083 97.21242783067595
22 27 421 4506.6139001521815 93082078.26274385 419484987753.93463
23 0 100 0.0 0.0 0.0
24 6 278 225.58275470837765 20178.95151123013 4552023.469030073
25 28 458 4724.12231882448 149631069.10575923 706875473152.0853
26 0 100 0.0 0.0 0.0
27 1 21 1.0 46.33316012586883 46.33316012586883
28 6 178 225.58275470837765 4163.386850757332 939188.274710476
29 0 100 0.0 0.0 0.0
30 4 162 75.61186198841948 1161.3060165688764 87808.51025112707
31 0 6 0.0 6.0 0.0
32 1 29 1.0 69.58346013935528 69.58346013935528
33 0 100 0.0 0.0 0.0
34 18 427 2436.3877014920204 10448118.233931717 25455666768.88576
35 0 100 0.0 0.0 0.0
36 31 562 5350.621552679651 536869386.1512975 2872584908515.027
37 32 490 5549.980220652734 425496783.1903566 2361498730657.8438
38 0 100 0.0 0.0 0.0
39 0 5 0.0 5.0 0.0
40 0 100 0.0 0.0 0.0
41 7 117 332.66880679862265 13689.0 4553903.296266345
42 1 23 1.0 51.960050539976365 51.960050539976365
43 17 296 2206.0678959513543 2996515.195273954 6610515972.024273
44 25 555 4060.496712466729 134882986.4310401 547691922970.9328
45 0 100 0.0 0.0 0.0
46 0 100 0.0 0.0 0.0
47 12 334 1131.8354418063404 372236.9047172307 421310921.50725144
48 5 182 139.6884681067044 3003.520233876968 419557.14039776416
49 0 11 0.0 11.0 0.0
50 0 100 0.0 0.0 0.0
51 39 661 6798.773358825962 4415229888.718442 30018147340511.06
52 2 59 9.541850352986048 358.10513855020525 3416.9856426813935
53 0 9 0.0 9.0 0.0
54 1 107 1.0 11.607984241186918 11.607984241186918
55 2 13 9.541850352986048 40.41888428935346 385.6709453236695
56 12 198 1131.8354418063404 251320.85466166472 284453850.57113236
57 0 5 0.0 5.0 0.0
58 0 100 0.0 0.0 0.0
59 2 112 9.541850352986048 36.01211998010309 343.62225974392254
60 13 199 1331.5823725933528 347186.6030127656 462307560.57236487
61 11 223 942.9223974109915 237835.15281631702 224260092.48217118
62 1 18 1.0 38.15436697768484 38.15436697768484
63 0 100 0.0 0.0 0.0
64 0 100 0.0 0.0 0.0
65 0 9 0.0 9.0 0.0
66 0 100 0.0 0.0 0.0
67 27 610 4506.6139001521815 287013192.8860835 1293457644587.4832
68 30 586 5146.386239304723 495473029.0567539 2549895578684.307
69 0 10 0.0 10.0 0.0
70 2 16 9.541850352986048 54.53075711894446 520.3243240639966
71 0 5 0.0 5.0 0.0
72 0 100 0.0 0.0 0.0
73 4 172 75.61186198841948 1499.6637502850892 113392.36851559173
74 26 354 4285.277943143774 44361864.0 190102917315.94382
75 0 6 0.0 6.0 0.0
76 0 100 0.0 0.0 0.0
77 27 512 4506.6139001521815 168631726.05981123 759958080667.8002
78 0 100 0.0 0.0 0.0
79 0 100 0.0 0.0 0.0
80 10 229 766.6651705632711 177103.49418596612 135779080.57743502
81 1 16 1.0 32.892441635375256 32.892441635375256
82 0 100 0.0 0.0 0.0
83 19 368 2668.9360872348193 9221095.512979796 24610514578.430847
84 1 18 1.0 38.15436697768484 38.15436697768484
85 1 106 1.0 9.55892689827884 9.55892689827884
86 0 100 0.0 0.0 0.0
87 0 100 0.0 0.0 0.0
88 0 6 0.0 6.0 0.0
89 1 9 1.0 15.931997307697284 15.931997307697284
90 2 114 9.541850352986048 44.97826169706515 429.17584225083993
91 31 438 5350.621552679651 243308658.10891122 1301852550031.105
92 0 100 0.0 0.0 0.0
93 0 5 0.0 5.0 0.0
94 0 100 0.0 0.0 0.0
95 2 39 9.541850352986048 197.11162840858907 1880.8096611081503
96 0 100 0.0 0.0 0.0
97 0 100 0.0 0.0 0.0
98 16 257 1979.1134619514044 1572594.2186823196 3112342388.3811293
99 2 21 9.541850352986048 80.71796600694597 770.1987524356932
100 35 704 6117.310290426031 2526258317.637883 15453906002760.576
101 44 1049 7528.2761260995885 55536193348.89378 418091798522927.8
102 28 800 4724.12231882448 830256364.612948 3922232622414.103
103 35 857 6117.310290426031 4836033452.842298 29583517205916.72
104 25 544 4060.496712466729 127116224.42879207 516155011394.29315
105 20 519 2902.6872563902634 30969975.834985327 89896154186.92632
106 34 751 5933.442745663244 2549229397.9863734 15125706678513.727
107 3 181 32.9215577265747 1070.3630949288454 35238.02041809513
108 0 100 0.0 0.0 0.0
109 20 460 2902.6872563902634 22199692.44024189 64438764342.073395
110 29 722 4937.473672561782 762324187.8690565 3763955607560.5083
111 40 688 6955.50474228233 6090057229.909844 42359421943408.71
112 20 368 2902.6872563902634 11994429.050666729 34816076353.04748
113 26 592 4285.277943143774 207474688.0 889086704247.0363
114 18 322 2436.3877014920204 4920018.579392031 11987072757.942986
115 37 886 6468.923834840442 8113340189.121175 52484579729574.83
116 32 750 5549.980220652734 1666701027.55297 9250157736660.57
117 14 261 1540.4353185285338 911901.6436791396 1404725498.947569
118 31 608 5350.621552679651 689196305.3798966 3687628605592.862
119 13 246 1331.5823725933528 578753.6627263078 770658175.36019
120 38 951 6636.579650383532 12578818432.644993 83480330435961.03
121 40 848 6955.50474228233 12524057833.084198 87111143650635.3
122 29 595 4937.473672561782 417897048.87396514 2063355676656.4673
123 20 416 2902.6872563902634 16822088.369151182 48829261535.006004
124 24 642 3832.71054120725 161913187.5486784 620566380678.2861
125 28 724 4724.12231882448 610974259.920007 2886317137515.374
126 0 100 0.0 0.0 0.0
127 26 561 4285.277943143774 176558481.0 756602164304.269
128 27 638 4506.6139001521815 196003281.71554014 883311113854.6971
129 49 988 8126.242482129881 107839760490.02562 876332042956757.6
130 29 669 4937.473672561782 601528039.556716 2970028858618.9873
131 27 687 4506.6139001521815 411785966.01674837 1855760358338.672
132 44 1064 7528.2761260995885 58412851790.18383 439748077589434.56
133 24 579 3832.71054120725 119707435.04121324 458803948143.34015
134 17 427 2206.0678959513543 7828367.703516975 17269910668.43123
135 17 327 2206.0678959513543 3890266.7662725043 8582192619.7602625
136 21 385 3136.7198300107975 17561542.212646578 55085637703.98022
137 34 905 5933.442745663244 4692384142.983717 27841992653051.973
138 34 770 5933.442745663244 2766320950.093379 16413806973507.812
139 35 836 6117.310290426031 4455665035.753932 27256685573909.0
140 31 714 5350.621552679651 1147960875.347817 6142304201269.028
141 48 1179 8016.77096497358 173623299578.37915 1391898226902859.5
142 33 1002 5744.298091538941 5268008714.8854065 30261012407126.75
143 38 839 6636.579650383532 8224225660.567209 54580728659082.4
144 23 508 3602.4235623004615 63835395.39011417 229962132462.11356
145 23 362 3602.4235623004615 24021087.919346478 86534133112.74472
146 25 427 4060.496712466729 62034350.28127562 251890275377.12918
147 20 472 2902.6872563902634 23834345.26586716 69183650267.63821
148 34 908 5933.442745663244 4743456931.620003 28145030120286.734
149 42 1164 7252.650449022947 55112958449.58835 399715022846389.94
150 19 460 2668.9360872348193 16898056.856651843 45099833748.86388
151 25 730 4060.496712466729 303796464.73208886 1233564546303.6614
152 27 692 4506.6139001521815 420954198.45569056 1897078042087.835
153 21 522 3136.7198300107975 41211615.30292018 129269290947.44617
154 17 317 2206.0678959513543 3586158.9739016495 7911310182.10228
155 32 574 5549.980220652734 706813129.6570219 3922798889294.1274
156 14 296 1540.4353185285338 1243739.584980112 1915900383.7553854
157 30 719 5146.386239304723 942047638.8201917 4848141005193.74
158 25 606 4060.496712466729 175010541.89758012 710629730022.1448
159 15 317 1756.7778603087352 2005739.0180552385 3523637900.4768257
160 35 747 6117.310290426031 3072526165.0564036 18795595927102.77
161 28 621 4724.12231882448 381296061.0970867 1801289232308.61
162 4 170 75.61186198841948 1429.1350405139644 108059.56144615616
163 16 357 1979.1134619514044 3661244.996242957 7246019259.566655
164 29 955 4937.473672561782 1817872182.571889 8975696041531.127
165 28 639 4724.12231882448 416281864.4278491 1966566446665.4685
166 27 751 4506.6139001521815 539680243.4953269 2432130486973.554
167 25 423 4060.496712466729 60328567.43312196 244963949730.01907
168 18 424 2436.3877014920204 10253387.802626278 24981227940.946957
169 31 677 5350.621552679651 969524661.8348982 5187559551468.257
170 16 466 1979.1134619514044 3903298.124156084 7725069863.52697
171 28 542 4724.12231882448 251022129.4605194 1185859244303.2878
172 33 757 5744.298091538941 2123992545.761049 12200846327058.13
173 29 622 4937.473672561782 479685176.7990117 2368432931563.264
174 23 512 3602.4235623004615 65296044.60860901 235224009623.07513
175 31 719 5350.621552679651 1173677804.1630301 6279905754856.437
176 38 673 6636.579650383532 3894009859.577014 25842906592461.645
177 27 473 4506.6139001521815 132572620.62323818 597453614880.2869
178 16 518 1979.1134619514044 9534680.444358038 18870214422.83379
179 22 393 3370.209833397988 23884013.433938574 80494136936.06943
180 24 629 3832.71054120725 152512040.03799006 584534503514.6267
181 24 456 3832.71054120725 59547065.64690977 228226666202.87122
182 17 594 2206.0678959513543 11469955.150549283 25303499825.62866
183 29 875 4937.473672561782 1385169930.1373227 6839240062077.273
184 32 647 5549.980220652734 1037700386.7066634 5759216621185.675
185 35 742 6117.310290426031 3005141113.7315316 18383380659212.242
186 47 965 7902.318130854768 70225054010.79071 554940717549726.8
187 39 880 6798.773358825962 11748680392.963888 79876615257043.81
188 31 670 5350.621552679651 938054841.968142 5019176455030.245
189 21 402 3136.7198300107975 19821833.62974322 62175538613.590454
190 37 1054 6468.923834840442 14545069221.478308 94090944966225.14
191 24 781 3832.71054120725 287185780.9917449 1100699970091.8972
192 38 852 6636.579650383532 8664435774.34774 57502218142091.29
193 19 457 2668.9360872348193 8491952.86908583 22664479463.400433
194 10 386 766.6651705632711 565612.0693506624 433635073.6213703
195 31 787 5350.621552679651 1015725177.1318735 5434761024361.159
196 32 719 5549.980220652734 1455646724.2594433 8078810527897.8545
197 39 743 6798.773358825962 6586332164.1691 44778979650131.414
198 27 582 4506.6139001521815 248848279.975836 1121463117568.0642
199 37 892 6468.923834840442 8299541129.810463 53689099432869.48
