0 5 76 139.6884681067044 2616.164871066153 365448.0631538047
1 0 5 0.0 5.0 0.0
2 0 100 0.0 0.0 0.0
3 1 10 1.0 18.1937008646705 18.1937008646705
4 0 100 0.0 0.0 0.0
5 11 264 942.9223974109915 350016.89658172324 330038771.25919354
6 1 14 1.0 27.799106543625292 27.799106543625292
7 0 100 0.0 0.0 0.0
8 0 6 0.0 6.0 0.0
9 3 51 32.9215577265747 513.5688732735056 16907.48730804564
10 0 100 0.0 0.0 0.0
11 0 100 0.0 0.0 0.0
12 5 135 139.6884681067044 7431.446581170135 1038087.3887404618
13 1 6 1.0 9.55892689827884 9.55892689827884
14 0 100 0.0 0.0 0.0
15 0 100 0.0 0.0 0.0
16 2 42 9.541850352986048 219.34644070399202 2092.9709126576195
17 20 471 2902.6872563902634 23695288.710953183 68780012577.77188
18 1 9 1.0 15.931997307697284 15.931997307697284
19 0 100 0.0 0.0 0.0
20 0 6 0.0 6.0 0.0
21 1 118 1.0 38.15436697768484 38.15436697768484
22 0 100 0.0 0.0 0.0
23 1 51 1.0 141.71101512179817 141.71101512179817
24 1 117 1.0 35.503281577765854 35.503281577765854
25 0 5 0.0 5.0 0.0
26 0 100 0.0 0.0 0.0
27 32 629 5549.980220652734 947912003.7531863 5260892871749.484
28 0 100 0.0 0.0 0.0
29 0 100 0.0 0.0 0.0
30 1 117 1.0 35.503281577765854 35.503281577765854
31 2 48 9.541850352986048 265.93129728965954 2537.4766429133756
32 0 100 0.0 0.0 0.0
33 1 8 1.0 13.734791927877684 13.734791927877684
34 1 15 1.0 30.323695983612147 30.323695983612147
35 0 6 0.0 6.0 0.0
36 32 678 5549.980220652734 1205775455.4051414 6692029928047.077
37 0 100 0.0 0.0 0.0
38 5 173 139.6884681067044 2431.5451615879456 339658.8187544891
39 23 593 3602.4235623004615 99741037.15030912 359309462358.55927
40 7 246 332.66880679862265 21316.0 7091168.28571944
41 15 321 1756.7778603087352 808161.8580406137 1419760859.7517211
42 1 105 1.0 7.59708563275366 7.59708563275366
43 21 472 3136.7198300107975 31080689.740163688 97491415838.38458
44 0 100 0.0 0.0 0.0
45 0 10 0.0 10.0 0.0
46 0 100 0.0 0.0 0.0
47 0 10 0.0 10.0 0.0
48 2 43 9.541850352986048 226.91812071099523 2165.21875020514
49 33 974 5744.298091538941 4805857237.314116 27606276556512.082
50 5 99 139.6884681067044 4229.702363015084 590840.6436368847
51 0 100 0.0 0.0 0.0
52 0 100 0.0 0.0 0.0
53 0 100 0.0 0.0 0.0
54 0 100 0.0 0.0 0.0
55 0 100 0.0 0.0 0.0
56 6 188 225.58275470837765 22403.06631361294 5053745.412939266
57 0 100 0.0 0.0 0.0
58 9 279 604.9491004987461 71387.91888231963 43186057.31433672
59 7 296 332.66880679862265 87616.0 29147110.176468123
60 1 116 1.0 32.892441635375256 32.892441635375256
61 1 33 1.0 81.88562674252243 81.88562674252243
62 6 127 225.58275470837765 10578.68633606439 2386369.2048852793
63 0 100 0.0 0.0 0.0
64 3 169 32.9215577265747 829.8335342600375 27319.412601589327
65 0 8 0.0 8.0 0.0
66 29 771 4937.473672561782 934865665.610854 4615874611335.538
67 0 100 0.0 0.0 0.0
68 0 100 0.0 0.0 0.0
69 41 1010 7106.788070274764 27739660726.19861 197139889922417.7
70 0 100 0.0 0.0 0.0
71 15 383 1756.7778603087352 3230375.6112799435 5675052354.377902
72 1 13 1.0 25.320989780782124 25.320989780782124
73 2 130 9.541850352986048 135.01359299654277 1288.2794999919763
74 0 10 0.0 10.0 0.0
75 0 6 0.0 6.0 0.0
76 2 123 9.541850352986048 92.0346545141889 878.1809006631623
77 1 8 1.0 13.734791927877684 13.734791927877684
78 1 107 1.0 11.607984241186918 11.607984241186918
79 0 18 0.0 18.0 0.0
80 0 100 0.0 0.0 0.0
81 18 475 2436.3877014920204 13883329.817648822 33825174023.477043
82 0 10 0.0 10.0 0.0
83 1 14 1.0 27.799106543625292 27.799106543625292
84 0 100 0.0 0.0 0.0
85 0 100 0.0 0.0 0.0
86 8 221 459.67273235884244 75254.49459233647 34592439.151543036
87 1 17 1.0 35.503281577765854 35.503281577765854
88 16 360 1979.1134619514044 1620229.4116977807 3206617840.140682
89 0 100 0.0 0.0 0.0
90 1 32 1.0 78.7716859795011 78.7716859795011
91 1 110 1.0 18.1937008646705 18.1937008646705
92 1 51 1.0 141.71101512179817 141.71101512179817
93 1 9 1.0 15.931997307697284 15.931997307697284
94 0 10 0.0 10.0 0.0
95 1 32 1.0 78.7716859795011 78.7716859795011
96 0 100 0.0 0.0 0.0
97 0 6 0.0 6.0 0.0
98 0 100 0.0 0.0 0.0
99 0 100 0.0 0.0 0.0
100 22 658 3370.209833397988 103433104.63581638 348591266342.51135
101 34 723 5933.442745663244 2251287502.386699 13357885499438.684
102 36 702 6295.82243666837 3052296524.6228933 19216716943085.703
103 8 231 459.67273235884244 25357.227736120636 11656026.158507997
104 43 1120 7393.130324549447 58183758287.527214 430160107791772.7
105 24 479 3832.71054120725 68762013.54847 263544894161.85675
106 31 556 5350.621552679651 518882738.94537747 2776345166314.586
107 25 497 4060.496712466729 97262449.01084337 394933854454.9924
108 1 59 1.0 170.26827089629276 170.26827089629276
109 7 156 332.66880679862265 24336.0 8095828.082251281
110 2 129 9.541850352986048 128.5709592386038 1226.8048527946264
111 1 124 1.0 54.8222930413608 54.8222930413608
112 2 121 9.541850352986048 80.71796600694597 770.1987524356932
113 8 244 459.67273235884244 30872.72070965809 14191347.883959955
114 23 388 3602.4235623004615 29341538.884173915 105700651030.5033
115 32 834 5549.980220652734 2342827920.3691835 13002648618441.947
116 30 678 5146.386239304723 783375856.9474361 4031554730397.83
117 30 806 5146.386239304723 1348666809.4492724 6940760309556.74
118 38 772 6636.579650383532 6201843915.261056 41159031122876.45
119 38 735 6636.579650383532 5250327850.645638 34844218971436.75
120 0 100 0.0 0.0 0.0
121 31 634 5350.621552679651 787188736.4653009 4211949019357.9014
122 20 446 2902.6872563902634 20385153.828411985 59171726237.28666
123 15 286 1756.7778603087352 1547585.1108618248 2718763259.7054935
124 3 152 32.9215577265747 529.6457757489877 17436.763980956737
125 42 855 7252.650449022947 18700120258.965733 135625435592970.94
126 34 801 5933.442745663244 3147563500.439904 18675887818199.555
127 32 826 5549.980220652734 2271504710.131281 12606806212348.13
128 27 673 4506.6139001521815 386829295.0663847 1743290278132.2388
129 19 442 2668.9360872348193 15162849.04197605 40468674993.42378
130 43 950 7393.130324549447 32538803031.693058 240563611418151.44
131 38 819 6636.579650383532 7578123949.21353 50292823189434.59
132 34 954 5933.442745663244 5575711676.981077 33083166001693.21
133 38 1024 6636.579650383532 16164551523.735872 107277333700001.6
134 19 549 2668.9360872348193 27311366.719409175 72892292229.1352
135 3 169 32.9215577265747 829.8335342600375 27319.412601589327
136 40 810 6955.50474228233 10692719777.740866 74373263121972.66
137 25 487 4060.496712466729 91578596.06237566 371854588243.5949
138 47 1257 7902.318130854768 183540501638.07358 1450395433840728.0
139 38 912 6636.579650383532 10913608413.737339 72429031510863.72
140 23 474 3602.4235623004615 52273349.249531984 188310745016.87518
141 33 861 5744.298091538941 3223078226.1014795 18514322103075.445
142 36 683 6295.82243666837 2785599049.382332 17537636994663.367
143 26 611 4285.277943143774 228099131.0 977468174924.5623
144 30 700 5146.386239304723 866035983.2557075 4456955666969.908
145 45 1076 7658.1450374688 72967338257.58217 558794459374610.2
146 46 898 7782.801884860074 45484211007.98 353994603164280.1
147 37 745 6468.923834840442 4530214371.300023 29305611723439.43
148 31 800 5350.621552679651 1647161560.2695744 8813338145123.828
149 20 421 2902.6872563902634 17385825.640497103 50465614528.49403
150 28 874 4724.12231882448 1089569825.568885 5147261130887.666
151 39 758 6798.773358825962 7052289825.331465 47946920183182.95
152 29 560 4937.473672561782 346145882.54813975 1709086181947.1028
153 30 570 5146.386239304723 454205043.1843503 2337514584066.748
154 34 703 5933.442745663244 2053901680.6835954 12186708027557.623
155 33 722 5744.298091538941 1822010349.8604698 10466170575467.695
156 32 665 5549.980220652734 1133175913.6876884 6289103907486.76
157 42 861 7252.650449022947 19163919947.444077 138989212611870.1
158 34 865 5933.442745663244 4047384289.80993 24014922953284.11
159 36 655 6295.82243666837 2422929621.004432 15254334670388.094
160 29 620 4937.473672561782 474908810.81050503 2344849750244.4927
161 32 881 5549.980220652734 2793259774.9356174 15502536502037.584
162 24 550 3832.71054120725 103007563.15710598 394798173136.31165
163 31 568 5350.621552679651 555278542.1589221 2971085335416.065
164 31 810 5350.621552679651 1713422072.3862033 9167873069346.652
165 39 1000 6798.773358825962 18190962562.057693 123676231638318.31
166 39 833 6798.773358825962 9737902062.376966 66205789112544.91
167 33 638 5744.298091538941 1220478606.7370374 7010792931443.67
168 25 588 4060.496712466729 160055071.75705904 649903092683.1647
169 20 496 2902.6872563902634 27329366.46739378 79328603770.1233
170 40 898 6955.50474228233 15259432403.434517 106137054446625.44
171 33 622 5744.298091538941 1124077618.1742961 6457036916820.247
172 30 684 5146.386239304723 805360613.4101218 4144696778531.8613
173 45 1020 7658.1450374688 60250192686.61833 461404714129565.2
174 32 687 5549.980220652734 1257871064.2340267 6981159526630.252
175 37 843 6468.923834840442 6863732515.73179 44400962866986.73
176 29 462 4937.473672561782 190397904.01919973 940084638405.7438
177 39 707 6798.773358825962 5557472459.210288 37783995698087.91
178 43 837 7393.130324549447 20808412818.106705 153839307811288.1
179 20 489 2902.6872563902634 26278418.76807054 76278031276.16508
180 26 722 4285.277943143774 376367048.0 1612837409320.534
181 21 571 3136.7198300107975 52991083.01882242 166218180918.8887
182 33 828 5744.298091538941 2839785357.4059067 16312573608926.979
183 36 830 6295.82243666837 5333543064.770167 33579040094117.0
184 25 704 4060.496712466729 272849276.9321486 1107903591981.9133
185 17 286 2206.0678959513543 2738420.5318443957 6041141620.915955
186 21 554 3136.7198300107975 48688036.972430736 152720731055.72235
187 28 642 4724.12231882448 422315581.7446187 1995070465307.0974
188 48 958 8016.77096497358 81232128120.49712 651219366139415.1
189 30 741 5146.386239304723 1035598456.391398 5329589645417.902
190 44 962 7528.2761260995885 40816469781.49504 307277655007694.4
191 27 626 4506.6139001521815 310489400.8250475 1399255849608.0813
192 22 453 3370.209833397988 35775850.90377699 120572124514.08951
193 30 782 5146.386239304723 1226489169.2287407 6311986983175.072
194 50 934 8230.818941038662 103591180177.14783 852640247926617.1
195 38 721 6636.579650383532 4918840872.668004 32644279239023.25
196 34 795 5933.442745663244 3071094651.9951096 18222164284125.566
197 26 688 4285.277943143774 325660672.0 1395546494670.9792
198 38 868 6636.579650383532 9228725267.409267 61247170308668.664
199 21 506 3136.7198300107975 37769053.73824403 118470939821.49348
