0 4 47 75.61186198841948 723.181183304868 54681.07582466957
1 0 100 0.0 0.0 0.0
2 0 100 0.0 0.0 0.0
3 0 6 0.0 6.0 0.0
4 1 104 1.0 5.735193251789799 5.735193251789799
5 0 100 0.0 0.0 0.0
6 0 6 0.0 6.0 0.0
7 2 118 9.541850352986048 64.62733255388774 616.6643359418604
8 0 100 0.0 0.0 0.0
9 3 32 32.9215577265747 245.06238675558936 8067.83551218631
10 2 35 9.541850352986048 168.62869283493262 1609.0297522505775
11 0 100 0.0 0.0 0.0
12 1 13 1.0 25.320989780782124 25.320989780782124
13 0 5 0.0 5.0 0.0
14 0 100 0.0 0.0 0.0
15 0 5 0.0 5.0 0.0
16 2 26 9.541850352986048 109.8359986590007 1048.0386625749609
17 1 33 1.0 81.88562674252243 81.88562674252243
18 3 78 32.9215577265747 1008.1216991286578 33188.93671327668
19 5 66 139.6884681067044 2024.56047903646 282807.7519059787
20 1 116 1.0 32.892441635375256 32.892441635375256
21 1 19 1.0 40.84402933782601 40.84402933782601
22 0 100 0.0 0.0 0.0
23 0 100 0.0 0.0 0.0
24 0 100 0.0 0.0 0.0
25 1 30 1.0 72.61998620345668 72.61998620345668
26 0 11 0.0 11.0 0.0
27 0 11 0.0 11.0 0.0
28 1 11 1.0 20.51504931294799 20.51504931294799
29 0 100 0.0 0.0 0.0
30 0 6 0.0 6.0 0.0
31 2 31 9.541850352986048 141.5519192260369 1350.6672304328126
32 1 17 1.0 35.503281577765854 35.503281577765854
33 2 36 9.541850352986048 175.6210676402407 1675.7499462548174
34 0 5 0.0 5.0 0.0
35 0 100 0.0 0.0 0.0
36 0 100 0.0 0.0 0.0
37 0 5 0.0 5.0 0.0
38 3 60 32.9215577265747 664.7206420100937 21883.638987981092
39 2 37 9.541850352986048 182.69988024795316 1743.2949168344405
40 1 112 1.0 22.891970023971037 22.891970023971037
41 0 6 0.0 6.0 0.0
42 0 10 0.0 10.0 0.0
43 3 39 32.9215577265747 335.47304520277595 11044.29522335299
44 0 5 0.0 5.0 0.0
45 2 22 9.541850352986048 86.31942417916456 823.6470280735138
46 0 5 0.0 5.0 0.0
47 2 27 9.541850352986048 115.98017876588344 1106.66550969663
48 0 100 0.0 0.0 0.0
49 1 10 1.0 18.1937008646705 18.1937008646705
50 0 100 0.0 0.0 0.0
51 2 42 9.541850352986048 219.34644070399202 2092.9709126576195
52 0 5 0.0 5.0 0.0
53 1 7 1.0 11.607984241186918 11.607984241186918
54 1 7 1.0 11.607984241186918 11.607984241186918
55 2 39 9.541850352986048 197.11162840858907 1880.8096611081503
56 0 8 0.0 8.0 0.0
57 5 61 139.6884681067044 1754.5251914699081 245086.93625105367
58 0 100 0.0 0.0 0.0
59 0 5 0.0 5.0 0.0
60 1 7 1.0 11.607984241186918 11.607984241186918
61 2 23 9.541850352986048 92.0346545141889 878.1809006631623
62 2 28 9.541850352986048 122.22584512913716 1166.2607234894754
63 0 100 0.0 0.0 0.0
64 1 19 1.0 40.84402933782601 40.84402933782601
65 0 10 0.0 10.0 0.0
66 2 26 9.541850352986048 109.8359986590007 1048.0386625749609
67 1 105 1.0 7.59708563275366 7.59708563275366
68 0 100 0.0 0.0 0.0
69 0 100 0.0 0.0 0.0
70 0 100 0.0 0.0 0.0
71 1 13 1.0 25.320989780782124 25.320989780782124
72 0 100 0.0 0.0 0.0
73 4 56 75.61186198841948 975.7969952136767 73781.82773081094
74 0 100 0.0 0.0 0.0
75 0 100 0.0 0.0 0.0
76 0 100 0.0 0.0 0.0
77 1 6 1.0 9.55892689827884 9.55892689827884
78 0 5 0.0 5.0 0.0
79 0 6 0.0 6.0 0.0
80 2 43 9.541850352986048 226.91812071099523 2165.21875020514
81 0 100 0.0 0.0 0.0
82 1 106 1.0 9.55892689827884 9.55892689827884
83 0 100 0.0 0.0 0.0
84 1 105 1.0 7.59708563275366 7.59708563275366
85 0 100 0.0 0.0 0.0
86 0 100 0.0 0.0 0.0
87 0 100 0.0 0.0 0.0
88 0 100 0.0 0.0 0.0
89 0 9 0.0 9.0 0.0
90 0 6 0.0 6.0 0.0
91 3 49 32.9215577265747 481.96892224029307 15867.1676959488
92 0 5 0.0 5.0 0.0
93 0 100 0.0 0.0 0.0
94 1 12 1.0 22.891970023971037 22.891970023971037
95 1 18 1.0 38.15436697768484 38.15436697768484
96 2 13 9.541850352986048 40.41888428935346 385.6709453236695
97 0 5 0.0 5.0 0.0
98 0 9 0.0 9.0 0.0
99 1 24 1.0 54.8222930413608 54.8222930413608
100 2 31 9.541850352986048 141.5519192260369 1350.6672304328126
101 0 100 0.0 0.0 0.0
102 2 27 9.541850352986048 115.98017876588344 1106.66550969663
103 0 100 0.0 0.0 0.0
104 1 8 1.0 13.734791927877684 13.734791927877684
105 0 100 0.0 0.0 0.0
106 1 106 1.0 9.55892689827884 9.55892689827884
107 0 100 0.0 0.0 0.0
108 2 25 9.541850352986048 103.79546451213633 990.4007896934788
109 0 5 0.0 5.0 0.0
110 1 37 1.0 94.5824071263594 94.5824071263594
111 2 18 9.541850352986048 64.62733255388774 616.6643359418604
112 3 76 32.9215577265747 967.3986454236635 31848.270349925308
113 0 100 0.0 0.0 0.0
114 3 29 32.9215577265747 209.61005902119368 6900.689658136957
115 3 80 32.9215577265747 1049.4627962762117 34549.95002949981
116 0 100 0.0 0.0 0.0
117 0 100 0.0 0.0 0.0
118 2 35 9.541850352986048 168.62869283493262 1609.0297522505775
119 0 10 0.0 10.0 0.0
120 1 11 1.0 20.51504931294799 20.51504931294799
121 2 42 9.541850352986048 219.34644070399202 2092.9709126576195
122 2 40 9.541850352986048 204.4421003683832 1950.7559275652661
123 0 100 0.0 0.0 0.0
124 2 19 9.541850352986048 69.8685662777562 666.6754038000371
125 1 23 1.0 51.960050539976365 51.960050539976365
126 1 104 1.0 5.735193251789799 5.735193251789799
127 2 37 9.541850352986048 182.69988024795316 1743.2949168344405
128 2 51 9.541850352986048 290.23003402420613 2769.3315526010238
129 1 25 1.0 57.71571011139208 57.71571011139208
130 4 51 75.61186198841948 831.5797944458234 62877.296649995835
131 1 10 1.0 18.1937008646705 18.1937008646705
132 2 42 9.541850352986048 219.34644070399202 2092.9709126576195
133 2 24 9.541850352986048 97.86086952638261 933.7737724338355
134 2 27 9.541850352986048 115.98017876588344 1106.66550969663
135 1 13 1.0 25.320989780782124 25.320989780782124
136 2 5 9.541850352986048 10.188005914414083 97.21242783067595
137 0 12 0.0 12.0 0.0
138 3 29 32.9215577265747 209.61005902119368 6900.689658136957
139 2 37 9.541850352986048 182.69988024795316 1743.2949168344405
140 0 100 0.0 0.0 0.0
141 1 14 1.0 27.799106543625292 27.799106543625292
142 0 100 0.0 0.0 0.0
143 0 100 0.0 0.0 0.0
144 2 23 9.541850352986048 92.0346545141889 878.1809006631623
145 1 103 1.0 3.9914906122521803 3.9914906122521803
146 1 10 1.0 18.1937008646705 18.1937008646705
147 2 26 9.541850352986048 109.8359986590007 1048.0386625749609
148 0 10 0.0 10.0 0.0
149 2 27 9.541850352986048 115.98017876588344 1106.66550969663
150 4 43 75.61186198841948 621.143248020611 46965.797544373054
151 2 27 9.541850352986048 115.98017876588344 1106.66550969663
152 0 100 0.0 0.0 0.0
153 1 7 1.0 11.607984241186918 11.607984241186918
154 1 14 1.0 27.799106543625292 27.799106543625292
155 3 31 32.9215577265747 233.0178128969552 7671.309378607293
156 4 113 75.61186198841948 3241.266607422014 245078.20338806594
157 2 44 9.541850352986048 234.56808185291177 2238.2135346274663
158 0 100 0.0 0.0 0.0
159 1 19 1.0 40.84402933782601 40.84402933782601
160 2 31 9.541850352986048 141.5519192260369 1350.6672304328126
161 1 12 1.0 22.891970023971037 22.891970023971037
162 0 5 0.0 5.0 0.0
163 2 47 9.541850352986048 257.9778488812911 2461.586028410529
164 5 89 139.6884681067044 3485.593399577667 486897.20242984424
165 0 7 0.0 7.0 0.0
166 2 21 9.541850352986048 80.71796600694597 770.1987524356932
167 2 33 9.541850352986048 154.90879557685506 1478.1165457556579
168 2 21 9.541850352986048 80.71796600694597 770.1987524356932
169 3 29 32.9215577265747 209.61005902119368 6900.689658136957
170 2 29 9.541850352986048 128.5709592386038 1226.8048527946264
171 1 28 1.0 66.57403288693754 66.57403288693754
172 4 83 75.61186198841948 1912.3940233356846 144599.67295993603
173 2 27 9.541850352986048 115.98017876588344 1106.66550969663
174 1 30 1.0 72.61998620345668 72.61998620345668
175 4 64 75.61186198841948 1226.095534977771 92707.36637535656
176 0 14 0.0 14.0 0.0
177 2 52 9.541850352986048 298.47302352672085 2847.984924895254
178 3 43 32.9215577265747 391.71440685113555 12895.848457480626
179 0 100 0.0 0.0 0.0
180 2 122 9.541850352986048 86.31942417916456 823.6470280735138
181 2 103 9.541850352986048 799.8593436446243 7632.138160494647
182 2 19 9.541850352986048 69.8685662777562 666.6754038000371
183 2 33 9.541850352986048 154.90879557685506 1478.1165457556579
184 0 100 0.0 0.0 0.0
185 4 54 75.61186198841948 916.9626779842689 69333.25545627807
186 1 35 1.0 88.18685030395203 88.18685030395203
187 3 52 32.9215577265747 529.6457757489877 17436.763980956737
188 7 63 332.66880679862265 3969.0 1320362.4941837334
189 2 53 9.541850352986048 306.7864203576611 2927.3101133810746
190 2 17 9.541850352986048 59.51335422080222 567.8675199791454
191 3 67 32.9215577265747 791.9778998728451 26073.146148835265
192 1 27 1.0 63.59241768810072 63.59241768810072
193 3 39 32.9215577265747 335.47304520277595 11044.29522335299
194 0 100 0.0 0.0 0.0
195 2 42 9.541850352986048 219.34644070399202 2092.9709126576195
196 2 39 9.541850352986048 197.11162840858907 1880.8096611081503
197 1 105 1.0 7.59708563275366 7.59708563275366
198 2 56 9.541850352986048 332.1417203303481 3169.2465913755254
199 2 52 9.541850352986048 298.47302352672085 2847.984924895254
