0 0 100 0.0 0.0 0.0
1 4 151 75.61186198841948 831.5797944458234 62877.296649995835
2 0 100 0.0 0.0 0.0
3 19 323 2668.9360872348193 6471776.791012687 17272758626.062515
4 0 100 0.0 0.0 0.0
5 9 156 604.9491004987461 53081.564462536255 32111644.674677517
6 10 152 766.6651705632711 6551.749309415326 5022998.001790695
7 8 114 459.67273235884244 18990.417242658223 8729376.98256718
8 19 398 2668.9360872348193 11406920.425432777 30444341567.653496
9 2 33 9.541850352986048 154.90879557685506 1478.1165457556579
10 6 107 225.58275470837765 7622.045029127996 1719401.9141819899
11 0 6 0.0 6.0 0.0
12 0 100 0.0 0.0 0.0
13 1 7 1.0 11.607984241186918 11.607984241186918
14 1 105 1.0 7.59708563275366 7.59708563275366
15 0 100 0.0 0.0 0.0
16 9 135 604.9491004987461 38874.51396153533 23517102.253356747
17 0 6 0.0 6.0 0.0
18 3 127 32.9215577265747 187.1321231368427 6160.680994346051
19 0 100 0.0 0.0 0.0
20 11 169 942.9223974109915 126062.89696644363 118867529.03217383
21 1 9 1.0 15.931997307697284 15.931997307697284
22 1 107 1.0 11.607984241186918 11.607984241186918
23 0 100 0.0 0.0 0.0
24 0 5 0.0 5.0 0.0
25 0 100 0.0 0.0 0.0
26 0 100 0.0 0.0 0.0
27 1 104 1.0 5.735193251789799 5.735193251789799
28 0 100 0.0 0.0 0.0
29 4 42 75.61186198841948 596.6466987883373 45113.56784462985
30 0 100 0.0 0.0 0.0
31 0 6 0.0 6.0 0.0
32 0 10 0.0 10.0 0.0
33 5 76 139.6884681067044 2616.164871066153 365448.0631538047
34 6 94 225.58275470837765 5949.1894450157 1342034.543288646
35 4 57 75.61186198841948 1005.7817905983286 76049.03394118624
36 14 257 1540.4353185285338 877821.4060379151 1352227097.2211812
37 0 5 0.0 5.0 0.0
38 5 107 139.6884681067044 4871.189817186799 680449.0434198013
39 0 100 0.0 0.0 0.0
40 0 100 0.0 0.0 0.0
41 1 37 1.0 94.5824071263594 94.5824071263594
42 7 60 332.66880679862265 3600.0 1197607.7044750415
43 0 100 0.0 0.0 0.0
44 2 116 9.541850352986048 54.53075711894446 520.3243240639966
45 1 14 1.0 27.799106543625292 27.799106543625292
46 2 22 9.541850352986048 86.31942417916456 823.6470280735138
47 6 86 225.58275470837765 5018.366904356723 1132057.0304221432
48 0 100 0.0 0.0 0.0
49 8 257 459.67273235884244 36953.48006693682 16986507.15253687
50 2 31 9.541850352986048 141.5519192260369 1350.6672304328126
51 2 20 9.541850352986048 75.23327232919837 717.8646261306569
52 0 100 0.0 0.0 0.0
53 2 121 9.541850352986048 80.71796600694597 770.1987524356932
54 1 114 1.0 27.799106543625292 27.799106543625292
55 0 100 0.0 0.0 0.0
56 9 156 604.9491004987461 53081.564462536255 32111644.674677517
57 6 84 225.58275470837765 4797.4874870676995 1082230.443011704
58 0 100 0.0 0.0 0.0
59 1 55 1.0 155.85458639063 155.85458639063
60 1 10 1.0 18.1937008646705 18.1937008646705
61 16 284 1979.1134619514044 2033163.4029970493 4023861061.2183886
62 0 100 0.0 0.0 0.0
63 0 5 0.0 5.0 0.0
64 0 6 0.0 6.0 0.0
65 2 107 9.541850352986048 16.551687764173284 157.9337277350917
66 13 258 1331.5823725933528 649152.2675421208 864399716.5880921
67 0 100 0.0 0.0 0.0
68 1 103 1.0 3.9914906122521803 3.9914906122521803
69 4 129 75.61186198841948 316.71264325745693 23947.232671970367
70 0 100 0.0 0.0 0.0
71 1 111 1.0 20.51504931294799 20.51504931294799
72 2 14 9.541850352986048 44.97826169706515 429.17584225083993
73 0 9 0.0 9.0 0.0
74 3 50 32.9215577265747 497.6760852315066 16384.27196908475
75 0 100 0.0 0.0 0.0
76 0 100 0.0 0.0 0.0
77 3 44 32.9215577265747 406.27351121486885 13375.156852238497
78 1 6 1.0 9.55892689827884 9.55892689827884
79 1 114 1.0 27.799106543625292 27.799106543625292
80 0 100 0.0 0.0 0.0
81 2 49 9.541850352986048 273.9583678426836 2614.069748903192
82 0 6 0.0 6.0 0.0
83 0 100 0.0 0.0 0.0
84 2 74 9.541850352986048 496.47644052360766 4737.303899259442
85 2 129 9.541850352986048 128.5709592386038 1226.8048527946264
86 0 100 0.0 0.0 0.0
87 0 100 0.0 0.0 0.0
88 11 173 942.9223974109915 132998.42546222862 125407194.18873167
89 9 115 604.9491004987461 27519.39696484649 16647834.440151809
90 1 10 1.0 18.1937008646705 18.1937008646705
91 3 54 32.9215577265747 562.3460860297637 18513.309133542207
92 8 124 459.67273235884244 22619.999038655253 10397796.764053049
93 12 219 1131.8354418063404 318542.5349918841 360537730.8266508
94 0 100 0.0 0.0 0.0
95 1 28 1.0 66.57403288693754 66.57403288693754
96 0 10 0.0 10.0 0.0
97 7 96 332.66880679862265 9216.0 3065875.723456106
98 0 100 0.0 0.0 0.0
99 0 100 0.0 0.0 0.0
100 0 100 0.0 0.0 0.0
101 18 353 2436.3877014920204 6287619.098357555 15319077842.904694
102 0 100 0.0 0.0 0.0
103 0 100 0.0 0.0 0.0
104 5 71 139.6884681067044 2311.8500842163953 322938.7967565438
105 9 119 604.9491004987461 29623.09111740326 17920462.325465497
106 18 291 2436.3877014920204 3755399.2403282234 9149608523.32816
107 10 185 766.6651705632711 110190.66039047457 84479341.44274266
108 10 196 766.6651705632711 125294.45897893675 96058897.76371932
109 7 119 332.66880679862265 14161.0 4710922.973075296
110 13 249 1331.5823725933528 595910.8869723005 793504432.7287852
111 0 100 0.0 0.0 0.0
112 6 113 225.58275470837765 8460.534002517481 1908550.5665917895
113 12 171 1131.8354418063404 178041.48661609797 201513664.6639889
114 14 162 1540.4353185285338 281275.95460123237 433287414.7205668
115 7 83 332.66880679862265 6889.0 2291755.4100357112
116 11 202 942.9223974109915 189643.12073882896 178818746.05955872
117 11 161 942.9223974109915 112815.8246369091 106376567.83253233
118 0 100 0.0 0.0 0.0
119 8 247 459.67273235884244 32225.65307789171 14813254.002362624
120 7 136 332.66880679862265 18496.0 6153042.250547324
121 12 322 1131.8354418063404 788512.3556433064 892466230.4193
122 3 57 32.9215577265747 612.7419199112477 20172.41848785035
123 12 214 1131.8354418063404 301705.1628707397 341480596.3130576
124 16 389 1979.1134619514044 4565514.544050261 9035671294.8648
125 8 63 459.67273235884244 5530.688121770416 2542306.520758801
126 9 175 604.9491004987461 67995.31391785582 41133703.99273675
127 12 286 1131.8354418063404 596676.1233691433 675339183.7088089
128 11 313 942.9223974109915 214120.66733750328 201899172.98112
129 16 254 1979.1134619514044 1525824.7814323686 3019780365.51186
130 7 101 332.66880679862265 10201.0 3393554.4981527496
131 12 199 1131.8354418063404 254315.5879600347 287843395.8569851
132 13 261 1331.5823725933528 667494.088844719 888823362.5158892
133 13 295 1331.5823725933528 896648.9117016012 1193961885.226866
134 20 380 2902.6872563902634 13104707.581370598 38038867695.165306
135 1 32 1.0 78.7716859795011 78.7716859795011
136 17 320 2206.0678959513543 3675786.2332266755 8109034001.501327
137 7 132 332.66880679862265 17424.0 5796421.289659201
138 0 100 0.0 0.0 0.0
139 10 148 766.6651705632711 67083.98395005375 51430953.9971317
140 13 224 1331.5823725933528 461776.76854868385 614893805.072548
141 12 159 1131.8354418063404 150044.96268779706 169826206.63455865
142 10 254 766.6651705632711 73282.88036813155 56183431.976801366
143 8 159 459.67273235884244 37939.40769100099 17439711.197398506
144 12 262 1131.8354418063404 485551.9600965678 549564917.2758334
145 4 175 75.61186198841948 1608.0874365260645 121590.48531592006
146 15 237 1756.7778603087352 963808.7365263248 1693197849.9015822
147 20 302 2902.6872563902634 6952661.929818386 20181403181.673565
148 16 293 1979.1134619514044 2202983.776159344 4359954847.857496
149 10 170 766.6651705632711 91300.67622451171 69997048.51020727
150 14 309 1540.4353185285338 527196.8237004351 812112607.044211
151 21 406 3136.7198300107975 20379453.848822743 63924637012.392166
152 21 356 3136.7198300107975 14101432.877788752 44232244139.32621
153 17 445 2206.0678959513543 8723016.772761133 19243567258.233524
154 9 124 604.9491004987461 32369.82111547107 19582094.16710954
155 1 122 1.0 49.12998068819353 49.12998068819353
156 11 142 942.9223974109915 84627.25297767794 79796932.26401855
157 13 290 1331.5823725933528 860457.6220058261 1145770201.8265524
158 12 208 1131.8354418063404 282190.7201272955 319393458.3889269
159 6 100 225.58275470837765 6696.723465418967 1510665.3268494436
160 4 152 75.61186198841948 859.6554919481086 65000.15241476724
161 9 268 604.9491004987461 170316.93473798057 103033076.46944499
162 13 293 1331.5823725933528 882067.6853485642 1174545781.244368
163 0 100 0.0 0.0 0.0
164 8 122 459.67273235884244 21867.711360392437 10051990.63146609
165 21 422 3136.7198300107975 22710607.04341492 71236811464.66248
166 10 206 766.6651705632711 139957.00179851436 107300158.65538205
167 13 243 1331.5823725933528 561888.9684414291 748201445.7312697
168 18 295 2436.3877014920204 3894728.059858422 9489067545.694937
169 15 242 1756.7778603087352 1015870.4259704453 1784658673.2872822
170 15 364 1756.7778603087352 2841653.288538542 4992153583.978021
171 17 380 2206.0678959513543 5766943.011344674 12722267835.108513
172 18 343 2436.3877014920204 5823485.653749988 14188268826.61169
173 13 135 1331.5823725933528 136272.25803487148 181457736.67272776
174 12 235 1131.8354418063404 375988.1101704417 425556668.7886929
175 19 253 2668.9360872348193 3334822.1503636288 8900427181.615509
176 12 224 1131.8354418063404 335907.49192777043 380192004.5321278
177 13 197 1331.5823725933528 338836.37386693084 451188542.6346561
178 15 184 1756.7778603087352 509311.28460839536 894746788.80543
179 17 356 2206.0678959513543 4860608.308751754 10722831944.731653
180 19 263 2668.9360872348193 3704849.0265910737 9888005264.825708
181 23 344 3602.4235623004615 20734838.053440854 74695669164.19957
182 10 259 766.6651705632711 78679.82330363935 60321080.15297269
183 13 241 1331.5823725933528 550807.6308293868 733445731.9023185
184 12 204 1131.8354418063404 269596.0522671843 305138366.9270738
185 11 298 942.9223974109915 181155.15933402994 170815257.14261368
186 11 170 942.9223974109915 127777.17882671817 120483963.79370208
187 11 258 942.9223974109915 332070.923593502 313117111.38526714
188 13 195 1331.5823725933528 330604.83694571455 440227573.1710131
189 12 183 1131.8354418063404 208823.67119914887 236354032.15131062
190 9 165 604.9491004987461 59899.656790704736 36236243.49572044
191 22 366 3370.209833397988 19507392.046930376 65744004500.51446
192 19 303 2668.9360872348193 5440910.541569818 14521442491.81203
193 4 174 75.61186198841948 1571.597319835911 118831.39964880285
194 14 249 1540.4353185285338 811962.1078218127 1250775108.1955938
195 17 289 2206.0678959513543 2814341.815191647 6208629126.727752
196 16 346 1979.1134619514044 3378155.448551727 6685752924.793208
197 22 370 3370.209833397988 20119819.520221483 67808013593.24323
198 10 173 766.6651705632711 94922.67645061052 72773909.93132952
199 18 264 2436.3877014920204 2896089.0462376727 7055995734.679221
