0 1 15 1.0 30.323695983612147 30.323695983612147
1 0 10 0.0 10.0 0.0
2 6 101 225.58275470837765 6825.411756924657 1539695.1861460118
3 0 100 0.0 0.0 0.0
4 0 100 0.0 0.0 0.0
5 1 13 1.0 25.320989780782124 25.320989780782124
6 0 100 0.0 0.0 0.0
7 0 6 0.0 6.0 0.0
8 1 10 1.0 18.1937008646705 18.1937008646705
9 3 45 32.9215577265747 421.0282951259743 13860.907322511091
10 2 8 9.541850352986048 20.066939702021244 191.47573567908114
11 0 100 0.0 0.0 0.0
12 0 100 0.0 0.0 0.0
13 0 10 0.0 10.0 0.0
14 1 103 1.0 3.9914906122521803 3.9914906122521803
15 0 100 0.0 0.0 0.0
16 3 35 32.9215577265747 282.5239294230334 9301.12785163911
17 1 15 1.0 30.323695983612147 30.323695983612147
18 0 100 0.0 0.0 0.0
19 0 100 0.0 0.0 0.0
20 2 33 9.541850352986048 154.90879557685506 1478.1165457556579
21 0 10 0.0 10.0 0.0
22 0 100 0.0 0.0 0.0
23 3 35 32.9215577265747 282.5239294230334 9301.12785163911
24 3 20 32.9215577265747 116.21344721391306 3825.92771105708
25 0 100 0.0 0.0 0.0
26 1 11 1.0 20.51504931294799 20.51504931294799
27 0 6 0.0 6.0 0.0
28 0 6 0.0 6.0 0.0
29 4 22 75.61186198841948 197.47425973648444 14931.396473460363
30 1 27 1.0 63.59241768810072 63.59241768810072
31 0 100 0.0 0.0 0.0
32 0 100 0.0 0.0 0.0
33 3 19 32.9215577265747 107.12598084817145 3526.754162509012
34 1 7 1.0 11.607984241186918 11.607984241186918
35 1 12 1.0 22.891970023971037 22.891970023971037
36 0 100 0.0 0.0 0.0
37 2 11 9.541850352986048 31.76494829034237 303.0963830567869
38 1 106 1.0 9.55892689827884 9.55892689827884
39 0 100 0.0 0.0 0.0
40 3 30 32.9215577265747 221.1993434691573 7282.2269551002855
41 0 100 0.0 0.0 0.0
42 0 100 0.0 0.0 0.0
43 0 5 0.0 5.0 0.0
44 1 114 1.0 27.799106543625292 27.799106543625292
45 1 12 1.0 22.891970023971037 22.891970023971037
46 3 63 32.9215577265747 718.2490844189361 23645.87869475743
47 0 100 0.0 0.0 0.0
48 3 45 32.9215577265747 421.0282951259743 13860.907322511091
49 2 37 9.541850352986048 182.69988024795316 1743.2949168344405
50 0 100 0.0 0.0 0.0
51 0 6 0.0 6.0 0.0
52 1 15 1.0 30.323695983612147 30.323695983612147
53 0 7 0.0 7.0 0.0
54 0 100 0.0 0.0 0.0
55 1 102 1.0 2.3948263510722025 2.3948263510722025
56 1 8 1.0 13.734791927877684 13.734791927877684
57 1 103 1.0 3.9914906122521803 3.9914906122521803
58 0 10 0.0 10.0 0.0
59 3 27 32.9215577265747 187.1321231368427 6160.680994346051
60 0 100 0.0 0.0 0.0
61 1 11 1.0 20.51504931294799 20.51504931294799
62 1 10 1.0 18.1937008646705 18.1937008646705
63 0 100 0.0 0.0 0.0
64 0 100 0.0 0.0 0.0
65 0 5 0.0 5.0 0.0
66 1 26 1.0 60.63937356224698 60.63937356224698
67 0 100 0.0 0.0 0.0
68 3 45 32.9215577265747 421.0282951259743 13860.907322511091
69 0 100 0.0 0.0 0.0
70 0 6 0.0 6.0 0.0
71 0 100 0.0 0.0 0.0
72 5 71 139.6884681067044 2311.8500842163953 322938.7967565438
73 2 47 9.541850352986048 257.9778488812911 2461.586028410529
74 2 19 9.541850352986048 69.8685662777562 666.6754038000371
75 0 100 0.0 0.0 0.0
76 2 113 9.541850352986048 40.41888428935346 385.6709453236695
77 0 100 0.0 0.0 0.0
78 0 5 0.0 5.0 0.0
79 0 100 0.0 0.0 0.0
80 2 19 9.541850352986048 69.8685662777562 666.6754038000371
81 0 7 0.0 7.0 0.0
82 2 19 9.541850352986048 69.8685662777562 666.6754038000371
83 0 100 0.0 0.0 0.0
84 0 6 0.0 6.0 0.0
85 1 6 1.0 9.55892689827884 9.55892689827884
86 0 100 0.0 0.0 0.0
87 1 15 1.0 30.323695983612147 30.323695983612147
88 1 113 1.0 25.320989780782124 25.320989780782124
89 0 100 0.0 0.0 0.0
90 0 100 0.0 0.0 0.0
91 2 20 9.541850352986048 75.23327232919837 717.8646261306569
92 1 12 1.0 22.891970023971037 22.891970023971037
93 0 100 0.0 0.0 0.0
94 0 100 0.0 0.0 0.0
95 4 57 75.61186198841948 1005.7817905983286 76049.03394118624
96 0 100 0.0 0.0 0.0
97 0 5 0.0 5.0 0.0
98 1 104 1.0 5.735193251789799 5.735193251789799
99 0 18 0.0 18.0 0.0
100 6 74 225.58275470837765 3764.5376458742294 849214.7723596997
101 0 100 0.0 0.0 0.0
102 1 115 1.0 30.323695983612147 30.323695983612147
103 1 103 1.0 3.9914906122521803 3.9914906122521803
104 1 28 1.0 66.57403288693754 66.57403288693754
105 1 104 1.0 5.735193251789799 5.735193251789799
106 1 10 1.0 18.1937008646705 18.1937008646705
107 2 47 9.541850352986048 257.9778488812911 2461.586028410529
108 2 132 9.541850352986048 148.1842032776824 1413.95149235211
109 3 45 32.9215577265747 421.0282951259743 13860.907322511091
110 1 104 1.0 5.735193251789799 5.735193251789799
111 3 25 32.9215577265747 165.61186212092687 5452.200479019623
112 2 16 9.541850352986048 54.53075711894446 520.3243240639966
113 2 40 9.541850352986048 204.4421003683832 1950.7559275652661
114 2 15 9.541850352986048 49.68406405407534 474.0779041321602
115 2 33 9.541850352986048 154.90879557685506 1478.1165457556579
116 3 78 32.9215577265747 1008.1216991286578 33188.93671327668
117 2 46 9.541850352986048 250.0988923255542 2386.406204018009
118 2 27 9.541850352986048 115.98017876588344 1106.66550969663
119 6 123 225.58275470837765 9950.49433314188 2244659.9223802467
120 0 100 0.0 0.0 0.0
121 2 23 9.541850352986048 92.0346545141889 878.1809006631623
122 3 60 32.9215577265747 664.7206420100937 21883.638987981092
123 1 21 1.0 46.33316012586883 46.33316012586883
124 1 24 1.0 54.8222930413608 54.8222930413608
125 2 134 9.541850352986048 161.72412498062124 1543.1473990327004
126 0 100 0.0 0.0 0.0
127 1 107 1.0 11.607984241186918 11.607984241186918
128 0 100 0.0 0.0 0.0
129 1 14 1.0 27.799106543625292 27.799106543625292
130 2 21 9.541850352986048 80.71796600694597 770.1987524356932
131 6 99 225.58275470837765 6569.204673563341 1481899.2865055674
132 1 107 1.0 11.607984241186918 11.607984241186918
133 1 39 1.0 101.06849300292524 101.06849300292524
134 4 42 75.61186198841948 596.6466987883373 45113.56784462985
135 6 83 225.58275470837765 4688.828251009056 1057718.7932170872
136 1 106 1.0 9.55892689827884 9.55892689827884
137 2 32 9.541850352986048 148.1842032776824 1413.95149235211
138 0 5 0.0 5.0 0.0
139 3 37 32.9215577265747 308.57807572808247 10158.870933237406
140 1 41 1.0 107.64164596635766 107.64164596635766
141 4 62 75.61186198841948 1161.3060165688764 87808.51025112707
142 5 170 139.6884681067044 2253.023098877021 314721.345291151
143 1 21 1.0 46.33316012586883 46.33316012586883
144 6 104 225.58275470837765 7218.483555423629 1628365.4052495863
145 3 35 32.9215577265747 282.5239294230334 9301.12785163911
146 4 46 75.61186198841948 697.0692055589992 52706.70056710426
147 2 34 9.541850352986048 161.72412498062124 1543.1473990327004
148 1 10 1.0 18.1937008646705 18.1937008646705
149 1 19 1.0 40.84402933782601 40.84402933782601
150 3 59 32.9215577265747 647.2206215128941 21307.511052966296
151 0 100 0.0 0.0 0.0
152 3 51 32.9215577265747 513.5688732735056 16907.48730804564
153 4 41 75.61186198841948 572.5607883495287 43292.38730866522
154 1 25 1.0 57.71571011139208 57.71571011139208
155 2 50 9.541850352986048 282.0582186126376 2691.3573128316116
156 1 10 1.0 18.1937008646705 18.1937008646705
157 1 27 1.0 63.59241768810072 63.59241768810072
158 2 30 9.541850352986048 135.01359299654277 1288.2794999919763
159 1 22 1.0 49.12998068819353 49.12998068819353
160 1 116 1.0 32.892441635375256 32.892441635375256
161 4 102 75.61186198841948 2720.557944067154 205706.4517983039
162 2 14 9.541850352986048 44.97826169706515 429.17584225083993
163 1 21 1.0 46.33316012586883 46.33316012586883
164 4 163 75.61186198841948 1193.5182370479756 90244.13622033325
165 1 107 1.0 11.607984241186918 11.607984241186918
166 0 5 0.0 5.0 0.0
167 1 9 1.0 15.931997307697284 15.931997307697284
168 2 30 9.541850352986048 135.01359299654277 1288.2794999919763
169 5 63 139.6884681067044 1860.4532693243248 259883.86717602485
170 1 108 1.0 13.734791927877684 13.734791927877684
171 1 19 1.0 40.84402933782601 40.84402933782601
172 2 43 9.541850352986048 226.91812071099523 2165.21875020514
173 2 17 9.541850352986048 59.51335422080222 567.8675199791454
174 2 18 9.541850352986048 64.62733255388774 616.6643359418604
175 2 27 9.541850352986048 115.98017876588344 1106.66550969663
176 1 36 1.0 91.37308344663872 91.37308344663872
177 4 42 75.61186198841948 596.6466987883373 45113.56784462985
178 2 47 9.541850352986048 257.9778488812911 2461.586028410529
179 3 42 32.9215577265747 377.3528472077043 12423.04354263576
180 1 19 1.0 40.84402933782601 40.84402933782601
181 0 100 0.0 0.0 0.0
182 1 19 1.0 40.84402933782601 40.84402933782601
183 3 54 32.9215577265747 562.3460860297637 18513.309133542207
184 1 21 1.0 46.33316012586883 46.33316012586883
185 5 59 139.6884681067044 1651.3976308733363 230681.20529173722
186 1 30 1.0 72.61998620345668 72.61998620345668
187 1 19 1.0 40.84402933782601 40.84402933782601
188 1 27 1.0 63.59241768810072 63.59241768810072
189 4 43 75.61186198841948 621.143248020611 46965.797544373054
190 0 7 0.0 7.0 0.0
191 3 31 32.9215577265747 233.0178128969552 7671.309378607293
192 3 60 32.9215577265747 664.7206420100937 21883.638987981092
193 3 69 32.9215577265747 829.8335342600375 27319.412601589327
194 2 35 9.541850352986048 168.62869283493262 1609.0297522505775
195 4 80 75.61186198841948 1795.7178600152838 135777.5710016156
196 1 114 1.0 27.799106543625292 27.799106543625292
197 3 38 32.9215577265747 321.92161897300775 10598.16116245226
198 3 45 32.9215577265747 421.0282951259743 13860.907322511091
199 7 145 332.66880679862265 21025.0 6994361.662941041
