0 0 100 0.0 0.0 0.0
1 1 11 1.0 20.51504931294799 20.51504931294799
2 0 10 0.0 10.0 0.0
3 2 109 9.541850352986048 23.78240930402918 226.9281906125095
4 0 100 0.0 0.0 0.0
5 0 100 0.0 0.0 0.0
6 1 42 1.0 110.9598727978785 110.9598727978785
7 0 100 0.0 0.0 0.0
8 1 19 1.0 40.84402933782601 40.84402933782601
9 0 100 0.0 0.0 0.0
10 2 37 9.541850352986048 182.69988024795316 1743.2949168344405
11 4 176 75.61186198841948 1644.92462809159 124375.81396061354
12 1 5 1.0 7.59708563275366 7.59708563275366
13 21 488 3136.7198300107975 34123854.26871061 107036970361.06319
14 2 50 9.541850352986048 282.0582186126376 2691.3573128316116
15 0 9 0.0 9.0 0.0
16 0 100 0.0 0.0 0.0
17 10 217 766.6651705632711 39774.44974103781 30493685.294773005
18 10 208 766.6651705632711 142996.92734471612 109630763.69276047
19 20 434 2902.6872563902634 18907503.07542807 54882568227.204765
20 0 9 0.0 9.0 0.0
21 7 146 332.66880679862265 21316.0 7091168.28571944
22 1 13 1.0 25.320989780782124 25.320989780782124
23 5 84 139.6884681067044 3137.9608221632784 438336.940226843
24 0 7 0.0 7.0 0.0
25 0 5 0.0 5.0 0.0
26 0 100 0.0 0.0 0.0
27 57 1345 8833.632285946418 1290916064934.9485 1.1403477829656264e+16
28 0 100 0.0 0.0 0.0
29 0 100 0.0 0.0 0.0
30 0 100 0.0 0.0 0.0
31 3 142 32.9215577265747 377.3528472077043 12423.04354263576
32 0 100 0.0 0.0 0.0
33 1 8 1.0 13.734791927877684 13.734791927877684
34 3 158 32.9215577265747 629.8939717412368 20737.090752300537
35 0 100 0.0 0.0 0.0
36 0 100 0.0 0.0 0.0
37 28 628 4724.12231882448 394655801.19181114 1864402278663.792
38 1 111 1.0 20.51504931294799 20.51504931294799
39 20 485 2902.6872563902634 25689627.920599397 74568955586.53137
40 0 100 0.0 0.0 0.0
41 1 46 1.0 124.43529823617882 124.43529823617882
42 1 14 1.0 27.799106543625292 27.799106543625292
43 3 166 32.9215577265747 773.2963448216119 25458.12025579391
44 0 5 0.0 5.0 0.0
45 1 16 1.0 32.892441635375256 32.892441635375256
46 0 5 0.0 5.0 0.0
47 0 100 0.0 0.0 0.0
48 2 59 9.541850352986048 358.10513855020525 3416.9856426813935
49 0 100 0.0 0.0 0.0
50 1 115 1.0 30.323695983612147 30.323695983612147
51 0 100 0.0 0.0 0.0
52 0 100 0.0 0.0 0.0
53 0 100 0.0 0.0 0.0
54 0 100 0.0 0.0 0.0
55 1 116 1.0 32.892441635375256 32.892441635375256
56 9 255 604.9491004987461 153014.87353524225 92566210.10807419
57 27 533 4506.6139001521815 190524035.7155241 858618267668.6716
58 1 117 1.0 35.503281577765854 35.503281577765854
59 3 53 32.9215577265747 545.90532331836 17972.053614869816
60 46 1022 7782.801884860074 72541224071.26321 564573975431884.4
61 1 18 1.0 38.15436697768484 38.15436697768484
62 2 8 9.541850352986048 20.066939702021244 191.47573567908114
63 0 5 0.0 5.0 0.0
64 0 10 0.0 10.0 0.0
65 5 196 139.6884681067044 3999.6858182206656 558709.9848553553
66 1 11 1.0 20.51504931294799 20.51504931294799
67 0 100 0.0 0.0 0.0
68 44 793 7528.2761260995885 20530777096.04513 154561359062428.8
69 19 476 2668.9360872348193 18541440.9679705 49485920908.75057
70 0 100 0.0 0.0 0.0
71 39 797 6798.773358825962 8372359722.573661 56921776232341.33
72 0 100 0.0 0.0 0.0
73 38 876 6636.579650383532 9520364931.860886 63182660171012.95
74 0 100 0.0 0.0 0.0
75 53 1238 8516.089422990353 489498680044.4384 4168614531694181.0
76 28 883 4724.12231882448 777236077.0642813 3671758298654.955
77 34 809 5933.442745663244 3251565005.0077953 19292974791015.973
78 0 6 0.0 6.0 0.0
79 0 100 0.0 0.0 0.0
80 0 6 0.0 6.0 0.0
81 1 33 1.0 81.88562674252243 81.88562674252243
82 1 118 1.0 38.15436697768484 38.15436697768484
83 0 9 0.0 9.0 0.0
84 3 117 32.9215577265747 89.78750677036001 2955.9445872656233
85 1 22 1.0 49.12998068819353 49.12998068819353
86 0 100 0.0 0.0 0.0
87 2 18 9.541850352986048 64.62733255388774 616.6643359418604
88 0 6 0.0 6.0 0.0
89 0 6 0.0 6.0 0.0
90 0 100 0.0 0.0 0.0
91 41 1111 7106.788070274764 38635205054.44593 274572214373555.62
92 0 100 0.0 0.0 0.0
93 20 407 2902.6872563902634 15837006.908122513 45969878131.571785
94 1 19 1.0 40.84402933782601 40.84402933782601
95 0 10 0.0 10.0 0.0
96 38 1244 6636.579650383532 31274493719.088196 207555668592148.3
97 1 23 1.0 51.960050539976365 51.960050539976365
98 0 5 0.0 5.0 0.0
99 1 105 1.0 7.59708563275366 7.59708563275366
100 30 801 5146.386239304723 1322558855.2085567 6806398693115.924
101 1 56 1.0 159.43324825478544 159.43324825478544
102 28 586 4724.12231882448 319049756.4741439 1507230075375.0186
103 54 1511 8602.009448624298 1231945847651.155 1.0597209821688706e+16
104 22 712 3370.209833397988 129441538.02589595 436245144305.0341
105 2 46 9.541850352986048 250.0988923255542 2386.406204018009
106 50 1110 8230.818941038662 196501736021.65924 1617370210794052.0
107 51 1264 8330.590095344352 377837935093.30756 3147612959733670.0
108 18 371 2436.3877014920204 7179952.590684328 17493148189.239067
109 35 707 6117.310290426031 2561979237.985058 15672421956383.836
110 29 652 4937.473672561782 555292246.1982121 2741740846181.3677
111 37 1056 6468.923834840442 14638067025.86266 94692540679594.9
112 39 1101 6798.773358825962 25279373156.24251 171868728742481.75
113 2 61 9.541850352986048 375.74324992186104 3585.2858618990344
114 51 1448 8330.590095344352 627485827569.2501 5227327220117349.0
115 58 1294 8902.46046345971 1302413784909.5293 1.1594687227222004e+16
116 23 703 3602.4235623004615 104670162.28213876 377066258874.98975
117 8 246 459.67273235884244 94047.10647411188 43230890.403397985
118 51 1311 8330.590095344352 432998936085.3102 3607136648246927.5
119 22 511 3370.209833397988 50395152.69504731 169842239168.44156
120 33 938 5744.298091538941 4253861943.214725 24435451042078.477
121 39 1057 6798.773358825962 15652201331.568409 106415769420047.55
122 24 876 3832.71054120725 401729941.20445514 1539714580372.884
123 41 1187 7106.788070274764 48626455895.26352 345577916656200.75
124 38 839 6636.579650383532 8224225660.567209 54580728659082.4
125 26 656 4285.277943143774 282300416.0 1209735746025.1118
126 20 533 2902.6872563902634 18787552.101786982 54534388064.62518
127 43 1186 7393.130324549447 71217998565.55414 526523944848717.3
128 39 939 6798.773358825962 14668081710.043972 99724963155329.31
129 32 1025 5549.980220652734 4539417801.066668 25193679009198.93
130 19 455 2668.9360872348193 16404120.853744434 43781550125.91978
131 19 640 2668.9360872348193 41413730.85459287 110530600784.853
132 24 502 3832.71054120725 78868862.02903068 302281518871.6861
133 44 969 7528.2761260995885 41882736318.66328 315304803923516.94
134 1 110 1.0 18.1937008646705 18.1937008646705
135 39 1192 6798.773358825962 33167810551.64863 225500426749135.3
136 35 1019 6117.310290426031 8565886342.151074 52400184667460.56
137 52 1129 8425.648590871551 292948154259.8859 2468278203138229.5
138 50 1014 8230.818941038662 140501396165.38254 1156441552800407.5
139 38 780 6636.579650383532 6422502927.87391 42623452235656.64
140 19 507 2668.9360872348193 12120737.243088678 32349473031.970448
141 39 900 6798.773358825962 12687243162.175493 86257690807945.6
142 16 588 1979.1134619514044 8178702.222108089 16186579669.065985
143 57 1521 8833.632285946418 2077923918333.576 1.8355615812731764e+16
144 34 913 5933.442745663244 4829433859.89175 28655169301635.145
145 29 792 4937.473672561782 1016279370.8666039 5017852637621.508
146 34 902 5933.442745663244 4641694406.766652 27541228005415.246
147 28 775 4724.12231882448 753095816.5366186 3557716755113.986
148 46 1061 7782.801884860074 83038708981.79202 646273820779838.1
149 50 1166 8230.818941038662 235850172245.18692 1941240064962915.5
150 38 936 6636.579650383532 11918583916.005505 79098631478350.6
151 5 243 139.6884681067044 8250.979311199064 1152566.6603615081
152 13 282 1331.5823725933528 804357.1630892344 1071067819.6388211
153 17 428 2206.0678959513543 7876506.069194841 17376107171.516735
154 19 500 2668.9360872348193 21190037.556046862 56554855923.19459
155 46 1073 7782.801884860074 86478334144.069 673043741976019.5
156 29 798 4937.473672561782 1040393706.401207 5136916534454.932
157 20 548 2902.6872563902634 35982215.19808172 104445117512.16386
158 1 122 1.0 49.12998068819353 49.12998068819353
159 39 1078 6798.773358825962 23518535406.662945 159897191961425.12
160 21 596 3136.7198300107975 59751549.49860142 187423870186.1348
161 36 1020 6295.82243666837 10600423963.734253 66738387029075.164
162 47 1077 7902.318130854768 104665413306.83322 827099393247996.1
163 26 584 4285.277943143774 199176704.0 853527536439.2762
164 17 364 2206.0678959513543 5152101.506571393 11365885730.329756
165 19 511 2668.9360872348193 22479435.674916618 59996177093.45876
166 44 1089 7528.2761260995885 63443061351.077774 477616884135990.3
167 36 848 6295.82243666837 5728813038.5868 36067589663813.07
168 53 1490 8516.089422990353 986035439622.5236 8397165978063016.0
169 25 762 4060.496712466729 227394891.162666 923336207997.735
170 27 723 4506.6139001521815 480870153.9176939 2167096119813.7983
171 48 1271 8016.77096497358 228569110336.83646 1832386207238193.0
172 49 1108 8126.242482129881 164505482432.2889 1336811439884537.0
173 32 585 5549.980220652734 751185916.2933595 4169066977461.0454
174 33 994 5744.298091538941 3640724827.7037754 20913408679597.234
175 19 545 2668.9360872348193 26774592.62486807 71459676477.52164
176 36 899 6295.82243666837 6959572915.50539 43816235311068.336
177 42 1247 7252.650449022947 52344197255.89309 379634165731698.75
178 51 1087 8330.590095344352 215159560237.36484 1792406101432038.0
179 23 661 3602.4235623004615 136417060.2114397 491432032005.4512
180 41 1024 7106.788070274764 20358922631.37212 144686548480282.28
181 56 1428 8760.68123103637 1383486976351.5903 1.2120288387106634e+16
182 36 841 6295.82243666837 5572744460.071421 35085009605537.01
183 24 749 3832.71054120725 167129601.49262455 640559385388.5491
184 40 853 6955.50474228233 12780533409.512901 88895060738764.73
185 34 695 5933.442745663244 1978430271.135571 11738902740069.918
186 19 495 2668.9360872348193 20619770.239714198 55032848903.26379
187 24 637 3832.71054120725 158253542.538541 606540020670.856
188 45 730 7658.1450374688 18172843140.915283 139170268516299.3
189 35 1055 6117.310290426031 9606378113.28191 58765195686102.83
190 47 1350 7902.318130854768 237896419870.17468 1879933192005520.0
191 37 985 6468.923834840442 8082594692.14782 52285689451389.88
192 28 596 4724.12231882448 336074668.73178685 1587657843347.378
193 19 622 2668.9360872348193 38327795.20200065 102294435758.76509
194 34 893 5933.442745663244 4491907387.333331 26652475301564.09
195 34 1063 5933.442745663244 7943117706.139411 47130034131442.16
196 26 705 4285.277943143774 350402625.0 1501572640132.1792
197 43 1047 7393.130324549447 45863135273.50181 339072136169439.6
198 53 1040 8516.089422990353 253321142025.51355 2157305498223313.0
199 39 848 6798.773358825962 10350776697.019232 70372584850850.94
