0 0 100 0.0 0.0 0.0
1 0 9 0.0 9.0 0.0
2 7 129 332.66880679862265 16641.0 5535941.613935879
3 0 100 0.0 0.0 0.0
4 2 17 9.541850352986048 59.51335422080222 567.8675199791454
5 6 47 225.58275470837765 1579.8219117523295 356380.57880174596
6 4 28 75.61186198841948 298.26715011537044 22552.534590202584
7 0 8 0.0 8.0 0.0
8 2 126 9.541850352986048 109.8359986590007 1048.0386625749609
9 0 100 0.0 0.0 0.0
10 5 60 139.6884681067044 1702.6102917613564 237835.0234388529
11 0 11 0.0 11.0 0.0
12 0 6 0.0 6.0 0.0
13 1 8 1.0 13.734791927877684 13.734791927877684
14 0 10 0.0 10.0 0.0
15 5 49 139.6884681067044 1178.39286145179 164607.89364407648
16 4 34 75.61186198841948 415.7115691523703 31432.725793738326
17 0 9 0.0 9.0 0.0
18 1 17 1.0 35.503281577765854 35.503281577765854
19 1 21 1.0 46.33316012586883 46.33316012586883
20 0 100 0.0 0.0 0.0
21 0 100 0.0 0.0 0.0
22 0 6 0.0 6.0 0.0
23 0 10 0.0 10.0 0.0
24 1 115 1.0 30.323695983612147 30.323695983612147
25 0 10 0.0 10.0 0.0
26 5 137 139.6884681067044 707.3130102314473 98803.4708711726
27 0 10 0.0 10.0 0.0
28 0 100 0.0 0.0 0.0
29 1 101 1.0 1.0 1.0
30 2 108 9.541850352986048 20.066939702021244 191.47573567908114
31 2 122 9.541850352986048 86.31942417916456 823.6470280735138
32 6 87 225.58275470837765 5130.584655325767 1157371.4198129189
33 2 29 9.541850352986048 128.5709592386038 1226.8048527946264
34 1 25 1.0 57.71571011139208 57.71571011139208
35 0 100 0.0 0.0 0.0
36 0 100 0.0 0.0 0.0
37 0 100 0.0 0.0 0.0
38 0 100 0.0 0.0 0.0
39 3 31 32.9215577265747 233.0178128969552 7671.309378607293
40 2 8 9.541850352986048 20.066939702021244 191.47573567908114
41 5 44 139.6884681067044 969.0623078155637 135366.82927870372
42 0 10 0.0 10.0 0.0
43 0 100 0.0 0.0 0.0
44 3 122 32.9215577265747 135.19579244279535 4450.856085295499
45 1 31 1.0 75.68293941204132 75.68293941204132
46 1 16 1.0 32.892441635375256 32.892441635375256
47 0 100 0.0 0.0 0.0
48 0 100 0.0 0.0 0.0
49 8 115 459.67273235884244 19338.564883686733 8889410.959983042
50 8 115 459.67273235884244 19338.564883686733 8889410.959983042
51 0 100 0.0 0.0 0.0
52 7 72 332.66880679862265 5184.0 1724555.0944440598
53 0 100 0.0 0.0 0.0
54 1 15 1.0 30.323695983612147 30.323695983612147
55 6 63 225.58275470837765 2767.0349550527303 624195.3675351668
56 1 15 1.0 30.323695983612147 30.323695983612147
57 4 146 75.61186198841948 697.0692055589992 52706.70056710426
58 0 100 0.0 0.0 0.0
59 1 105 1.0 7.59708563275366 7.59708563275366
60 0 10 0.0 10.0 0.0
61 2 20 9.541850352986048 75.23327232919837 717.8646261306569
62 0 100 0.0 0.0 0.0
63 1 102 1.0 2.3948263510722025 2.3948263510722025
64 2 18 9.541850352986048 64.62733255388774 616.6643359418604
65 0 6 0.0 6.0 0.0
66 0 5 0.0 5.0 0.0
67 9 80 604.9491004987461 12591.662837695694 7617315.107447499
68 3 123 32.9215577265747 145.08021796711313 4776.266770788355
69 2 12 9.541850352986048 36.01211998010309 343.62225974392254
70 1 37 1.0 94.5824071263594 94.5824071263594
71 3 19 32.9215577265747 107.12598084817145 3526.754162509012
72 0 100 0.0 0.0 0.0
73 0 100 0.0 0.0 0.0
74 0 10 0.0 10.0 0.0
75 0 6 0.0 6.0 0.0
76 2 22 9.541850352986048 86.31942417916456 823.6470280735138
77 0 100 0.0 0.0 0.0
78 0 100 0.0 0.0 0.0
79 5 60 139.6884681067044 1702.6102917613564 237835.0234388529
80 1 11 1.0 20.51504931294799 20.51504931294799
81 0 100 0.0 0.0 0.0
82 3 46 32.9215577265747 435.9769523615719 14353.040404627594
83 3 48 32.9215577265747 466.4489382157433 15356.225645969067
84 8 194 459.67273235884244 12713.68154955962 5844132.736226273
85 2 10 9.541850352986048 27.685321443873434 264.16919419175593
86 1 10 1.0 18.1937008646705 18.1937008646705
87 0 100 0.0 0.0 0.0
88 10 148 766.6651705632711 67083.98395005375 51430953.9971317
89 2 18 9.541850352986048 64.62733255388774 616.6643359418604
90 0 100 0.0 0.0 0.0
91 8 100 459.67273235884244 14459.978462742583 6646857.809818897
92 3 42 32.9215577265747 377.3528472077043 12423.04354263576
93 1 13 1.0 25.320989780782124 25.320989780782124
94 1 18 1.0 38.15436697768484 38.15436697768484
95 0 100 0.0 0.0 0.0
96 2 19 9.541850352986048 69.8685662777562 666.6754038000371
97 0 5 0.0 5.0 0.0
98 0 6 0.0 6.0 0.0
99 1 107 1.0 11.607984241186918 11.607984241186918
100 4 35 75.61186198841948 436.83679879622173 33030.043742042886
101 0 100 0.0 0.0 0.0
102 9 111 604.9491004987461 25498.508505617654 15425299.784533028
103 6 52 225.58275470837765 1916.8860894212144 432416.4445138071
104 4 87 75.61186198841948 2072.675291085697 156718.8380563789
105 5 196 139.6884681067044 3999.6858182206656 558709.9848553553
106 2 52 9.541850352986048 298.47302352672085 2847.984924895254
107 3 25 32.9215577265747 165.61186212092687 5452.200479019623
108 3 120 32.9215577265747 116.21344721391306 3825.92771105708
109 3 45 32.9215577265747 421.0282951259743 13860.907322511091
110 5 70 139.6884681067044 2253.023098877021 314721.345291151
111 0 100 0.0 0.0 0.0
112 1 102 1.0 2.3948263510722025 2.3948263510722025
113 11 158 942.9223974109915 108060.79638064733 101892945.18938097
114 4 43 75.61186198841948 621.143248020611 46965.797544373054
115 6 71 225.58275470837765 3478.001961782023 784577.2634199304
116 8 78 459.67273235884244 8624.131594582768 3964278.134304082
117 4 58 75.61186198841948 1036.142416344768 78344.65738500807
118 4 178 75.61186198841948 1719.6349352173313 130024.79939211752
119 10 106 766.6651705632711 31933.014755119944 24481930.203833483
120 1 101 1.0 1.0 1.0
121 15 211 1756.7778603087352 719158.772822779 1263402210.1418574
122 9 135 604.9491004987461 38874.51396153533 23517102.253356747
123 5 65 139.6884681067044 1969.1653870843556 275069.6963705592
124 5 33 139.6884681067044 574.5435462484656 80257.10783604163
125 5 148 139.6884681067044 1135.058052192084 158554.52052289192
126 13 214 1331.5823725933528 413645.90394894715 550803594.1938611
127 4 35 75.61186198841948 436.83679879622173 33030.043742042886
128 9 230 604.9491004987461 35838.75307275326 21680621.434358757
129 0 100 0.0 0.0 0.0
130 9 247 604.9491004987461 46702.87865638875 28252864.433884464
131 3 47 32.9215577265747 451.11773253603667 14851.498473166615
132 8 112 459.67273235884244 18303.96846388381 8413835.196803555
133 10 150 766.6651705632711 69116.80200881512 52989444.80087609
134 10 105 766.6651705632711 31266.895374512824 23971239.675284825
135 5 159 139.6884681067044 1651.3976308733363 230681.20529173722
136 8 94 459.67273235884244 12713.68154955962 5844132.736226273
137 9 106 604.9491004987461 23088.154186617474 13967158.1073706
138 4 150 75.61186198841948 803.8922494719358 60783.78982063209
139 7 109 332.66880679862265 11881.0 3952438.093574436
140 7 145 332.66880679862265 2025.0 673654.3337672108
141 10 68 766.6651705632711 11897.708866255618 9121558.997260006
142 6 84 225.58275470837765 4797.4874870676995 1082230.443011704
143 9 149 604.9491004987461 48082.59347517662 29087521.672454976
144 8 103 459.67273235884244 15376.94813547303 7068363.764773096
145 4 137 75.61186198841948 480.38255499420245 36322.61944986597
146 8 112 459.67273235884244 18303.96846388381 8413835.196803555
147 12 155 1131.8354418063404 141319.76270431234 159950716.05640253
148 5 174 139.6884681067044 2492.4098028308917 348160.9072515804
149 4 63 75.61186198841948 1193.5182370479756 90244.13622033325
150 0 100 0.0 0.0 0.0
151 4 24 75.61186198841948 229.15430718595061 17326.78384899598
152 0 100 0.0 0.0 0.0
153 11 139 942.9223974109915 80589.62366227401 75989761.15008098
154 3 39 32.9215577265747 335.47304520277595 11044.29522335299
155 11 162 942.9223974109915 114426.4995589995 107895309.29151957
156 4 33 75.61186198841948 395.0229353848392 29868.419672578806
157 8 90 459.67273235884244 11614.171379010651 5338717.891873691
158 7 80 332.66880679862265 6400.0 2129080.363511185
159 9 157 604.9491004987461 53817.35966039549 32556763.317773756
160 7 176 332.66880679862265 5776.0 1921495.0280688445
161 2 44 9.541850352986048 234.56808185291177 2238.2135346274663
162 11 136 942.9223974109915 76662.81301119635 72287083.43678781
163 5 52 139.6884681067044 1312.7590262571498 183377.29737111018
164 7 91 332.66880679862265 8281.0 2754830.389099394
165 6 202 225.58275470837765 6955.268535289175 1568988.635927035
166 7 214 332.66880679862265 12996.0 4323363.8131549
167 7 84 332.66880679862265 7056.0 2347311.1007710816
168 5 204 139.6884681067044 4625.863540566592 646179.7916524031
169 7 85 332.66880679862265 7225.0 2403532.1291200486
170 3 127 32.9215577265747 187.1321231368427 6160.680994346051
171 5 43 139.6884681067044 929.4139107485241 129828.40542952261
172 11 167 942.9223974109915 122673.4003024803 115671496.71177296
173 9 136 604.9491004987461 39497.557201796815 23894011.701124758
174 6 170 225.58275470837765 3384.897920195671 763574.5972443977
175 8 98 459.67273235884244 13864.912977319558 6373322.432202054
176 11 158 942.9223974109915 108060.79638064733 101892945.18938097
177 5 83 139.6884681067044 3070.409639894098 428900.8190568644
178 11 112 942.9223974109915 49151.65133559136 46346192.91406497
179 5 95 139.6884681067044 3924.3008107112732 548179.5686381559
180 5 59 139.6884681067044 1651.3976308733363 230681.20529173722
181 8 156 459.67273235884244 36465.56936906108 16762227.908897216
182 9 76 604.9491004987461 11274.311989143906 6820384.896574835
183 5 91 139.6884681067044 3629.2296992039956 506961.5370891617
184 11 117 942.9223974109915 54320.48318538729 51220000.23368883
185 5 93 139.6884681067044 3775.468945982596 527389.4734487426
186 8 99 459.67273235884244 14160.822691605603 6509344.059099445
187 7 125 332.66880679862265 15625.0 5197950.106228479
188 4 67 75.61186198841948 1326.001420918201 100261.43643491513
189 13 249 1331.5823725933528 595910.8869723005 793504432.7287852
190 4 29 75.61186198841948 316.71264325745693 23947.232671970367
191 9 97 604.9491004987461 19070.84539875929 11536890.769730086
192 11 89 942.9223974109915 29039.491665399688 27381987.10073518
193 10 118 766.6651705632711 40534.45463665759 31076354.577702265
194 11 161 942.9223974109915 112815.8246369091 106376567.83253233
195 5 141 139.6884681067044 852.3594055446428 119064.77963687235
196 7 105 332.66880679862265 11025.0 3667673.5949548148
197 4 91 75.61186198841948 2238.2761103848434 169240.22435039515
198 10 177 766.6651705632711 99872.9294110967 76569096.46161199
199 6 211 225.58275470837765 8176.399536993932 1844454.7311513948
