0 1 11 1.0 20.51504931294799 20.51504931294799
1 1 45 1.0 121.03674784737703 121.03674784737703
2 0 100 0.0 0.0 0.0
3 5 108 139.6884681067044 4954.230173639048 692048.8236036508
4 2 109 9.541850352986048 23.78240930402918 226.9281906125095
5 2 18 9.541850352986048 64.62733255388774 616.6643359418604
6 35 668 6117.310290426031 2124253651.622421 12994718722544.91
7 0 100 0.0 0.0 0.0
8 1 6 1.0 9.55892689827884 9.55892689827884
9 0 11 0.0 11.0 0.0
10 1 109 1.0 15.931997307697284 15.931997307697284
11 19 590 2668.9360872348193 33208519.426326673 88631415900.5618
12 0 10 0.0 10.0 0.0
13 0 100 0.0 0.0 0.0
14 0 100 0.0 0.0 0.0
15 0 100 0.0 0.0 0.0
16 0 5 0.0 5.0 0.0
17 2 145 9.541850352986048 242.29532664846576 2311.945748107533
18 0 100 0.0 0.0 0.0
19 0 100 0.0 0.0 0.0
20 0 100 0.0 0.0 0.0
21 0 100 0.0 0.0 0.0
22 2 48 9.541850352986048 265.93129728965954 2537.4766429133756
23 1 32 1.0 78.7716859795011 78.7716859795011
24 1 36 1.0 91.37308344663872 91.37308344663872
25 42 1013 7252.650449022947 33872425882.771217 245664864788177.16
26 0 10 0.0 10.0 0.0
27 40 699 6955.50474228233 6432432496.001002 44740814730345.94
28 0 100 0.0 0.0 0.0
29 0 100 0.0 0.0 0.0
30 1 102 1.0 2.3948263510722025 2.3948263510722025
31 0 100 0.0 0.0 0.0
32 1 109 1.0 15.931997307697284 15.931997307697284
33 7 109 332.66880679862265 11881.0 3952438.093574436
34 1 105 1.0 7.59708563275366 7.59708563275366
35 1 21 1.0 46.33316012586883 46.33316012586883
36 4 61 75.61186198841948 1129.4605717070829 85400.6168692773
37 1 102 1.0 2.3948263510722025 2.3948263510722025
38 0 100 0.0 0.0 0.0
39 1 103 1.0 3.9914906122521803 3.9914906122521803
40 28 543 4724.12231882448 252447765.7130256 1192594124342.2776
41 0 100 0.0 0.0 0.0
42 0 100 0.0 0.0 0.0
43 3 49 32.9215577265747 481.96892224029307 15867.1676959488
44 5 102 139.6884681067044 4465.486028292682 623776.9026440964
45 0 18 0.0 18.0 0.0
46 3 36 32.9215577265747 295.444715883087 9726.500268956508
47 0 5 0.0 5.0 0.0
48 0 100 0.0 0.0 0.0
49 0 100 0.0 0.0 0.0
50 0 100 0.0 0.0 0.0
51 0 5 0.0 5.0 0.0
52 0 100 0.0 0.0 0.0
53 0 100 0.0 0.0 0.0
54 24 406 3832.71054120725 42401028.65531073 162510869485.2401
55 0 5 0.0 5.0 0.0
56 0 100 0.0 0.0 0.0
57 2 128 9.541850352986048 122.22584512913716 1166.2607234894754
58 1 29 1.0 69.58346013935528 69.58346013935528
59 6 178 225.58275470837765 20178.95151123013 4552023.469030073
60 1 31 1.0 75.68293941204132 75.68293941204132
61 1 111 1.0 20.51504931294799 20.51504931294799
62 7 150 332.66880679862265 22500.0 7485048.15296901
63 0 6 0.0 6.0 0.0
64 0 6 0.0 6.0 0.0
65 0 100 0.0 0.0 0.0
66 0 100 0.0 0.0 0.0
67 0 100 0.0 0.0 0.0
68 0 10 0.0 10.0 0.0
69 0 100 0.0 0.0 0.0
70 0 100 0.0 0.0 0.0
71 1 8 1.0 13.734791927877684 13.734791927877684
72 1 125 1.0 57.71571011139208 57.71571011139208
73 0 100 0.0 0.0 0.0
74 37 748 6468.923834840442 4591837321.476504 29704245894609.254
75 0 100 0.0 0.0 0.0
76 0 100 0.0 0.0 0.0
77 0 10 0.0 10.0 0.0
78 25 512 4060.496712466729 106218853.06067866 431301303654.87225
79 0 100 0.0 0.0 0.0
80 0 11 0.0 11.0 0.0
81 1 5 1.0 7.59708563275366 7.59708563275366
82 0 100 0.0 0.0 0.0
83 3 138 32.9215577265747 321.92161897300775 10598.16116245226
84 0 100 0.0 0.0 0.0
85 1 39 1.0 101.06849300292524 101.06849300292524
86 0 6 0.0 6.0 0.0
87 2 111 9.541850352986048 31.76494829034237 303.0963830567869
88 0 100 0.0 0.0 0.0
89 0 10 0.0 10.0 0.0
90 1 20 1.0 43.57075425423803 43.57075425423803
91 22 568 3370.209833397988 68076980.22070126 229433708167.84772
92 2 75 9.541850352986048 506.1815384350477 4829.908491191481
93 0 100 0.0 0.0 0.0
94 27 500 4506.6139001521815 156914309.6963272 707152209210.2524
95 2 23 9.541850352986048 92.0346545141889 878.1809006631623
96 25 565 4060.496712466729 142210841.651771 577446655004.1428
97 0 100 0.0 0.0 0.0
98 0 6 0.0 6.0 0.0
99 15 290 1756.7778603087352 1602707.028719395 2815600224.6154294
100 26 594 4285.277943143774 209584584.0 898128195038.1635
101 6 179 225.58275470837765 4266.090224510861 962356.3846796412
102 30 710 5146.386239304723 905498659.3215843 4660045840041.477
103 30 806 5146.386239304723 1348666809.4492724 6940760309556.74
104 34 847 5933.442745663244 3778337804.6668572 22418551037765.75
105 8 247 459.67273235884244 94844.07951191513 43597237.17730133
106 23 694 3602.4235623004615 156999746.3299402 565579585454.172
107 33 706 5744.298091538941 1694421014.7760074 9733259401441.295
108 28 659 4724.12231882448 457624311.9716219 2161873225821.8357
109 39 783 6798.773358825962 7879996363.400149 53574309343130.4
110 31 650 5350.621552679651 852007156.8696624 4558767856584.128
111 28 544 4724.12231882448 253878853.18960515 1199354756630.5774
112 32 777 5549.980220652734 1866915433.420149 10361343729113.152
113 40 986 6955.50474228233 21063861653.66848 146509789622870.03
114 33 690 5744.298091538941 1573145949.4676154 9036619275239.037
115 25 529 4060.496712466729 117011008.07043552 475122813592.4214
116 29 675 4937.473672561782 618450083.0231847 3053581002720.6226
117 37 850 6468.923834840442 7057231833.651849 45652695216705.164
118 32 560 5549.980220652734 347445873.10803926 1928317723497.0376
119 43 790 7393.130324549447 16968090745.791054 125447306242414.69
120 17 334 2206.0678959513543 4112319.3575623785 9072055712.617662
121 49 1164 8126.242482129881 197272865422.83667 1603087139570546.2
122 29 700 4937.473672561782 692438349.5637201 3418896120843.0005
123 25 555 4060.496712466729 134882986.4310401 547691922970.9328
124 42 976 7252.650449022947 29732586623.342785 215640057724400.72
125 18 296 2436.3877014920204 3930057.2443779106 9575143136.361961
126 39 833 6798.773358825962 9737902062.376966 66205789112544.91
127 25 560 4060.496712466729 138514814.6603676 562438949556.361
128 32 702 5549.980220652734 1348105876.728386 7481960951188.255
129 32 748 5549.980220652734 1652486941.3019426 9171269839112.717
130 31 826 5350.621552679651 1823200332.4913113 9755254993880.717
131 0 100 0.0 0.0 0.0
132 38 962 6636.579650383532 13079087366.361042 86800405061180.03
133 7 183 332.66880679862265 6889.0 2291755.4100357112
134 37 662 6468.923834840442 3045476036.418564 19700952520423.445
135 21 511 3136.7198300107975 38824143.733966686 121780461533.52275
136 27 673 4506.6139001521815 386829295.0663847 1743290278132.2388
137 24 548 3832.71054120725 101916132.34201545 390615034746.31573
138 29 641 4937.473672561782 526696592.80325824 2600550560394.081
139 37 948 6468.923834840442 10184891830.149944 65885289515328.67
140 35 802 6117.310290426031 3884834144.6006994 23764735889364.266
141 10 312 766.6651705632711 149184.821393251 114374806.53890792
142 36 914 6295.82243666837 7354101421.138872 46300116728740.86
143 26 788 4285.277943143774 489303872.0 2096803090176.4443
144 18 448 2436.3877014920204 11876121.27378186 28934835812.869873
145 23 731 3602.4235623004615 182375801.12038407 656994883149.4945
146 41 971 7106.788070274764 24190989740.551033 171920237296287.3
147 34 774 5933.442745663244 2813605701.409712 16694368338186.197
148 21 532 3136.7198300107975 43462189.954368964 136328713085.5652
149 29 614 4937.473672561782 460773394.8450463 2275056506064.331
150 32 712 5549.980220652734 1410676739.0134213 7829227999259.387
151 33 603 5744.298091538941 1016596887.5228107 5839635560861.709
152 36 858 6295.82243666837 5957038982.367173 37504459681295.36
153 44 963 7528.2761260995885 40967585029.33116 308415292320268.7
154 20 572 2902.6872563902634 23834345.26586716 69183650267.63821
155 42 706 7252.650449022947 9560857913.766068 69341560441320.07
156 42 920 7252.650449022947 24172887214.18915 175317501308170.0
157 36 871 6295.82243666837 6263148952.182059 39431673697343.8
158 27 612 4506.6139001521815 289880255.7757659 1306378390058.7363
159 38 626 6636.579650383532 3046315498.5777116 20217115446508.805
160 18 518 2436.3877014920204 17495324.660047483 42625393835.34975
161 46 1036 7782.801884860074 76191921508.23438 592986630325397.4
162 30 694 5146.386239304723 842930303.289895 4338044913544.0728
163 25 460 4060.496712466729 77340968.72556876 314042749249.16406
164 23 616 3602.4235623004615 111312302.6714986 400994061917.7272
165 29 610 4937.473672561782 451510030.8566746 2229318890252.3887
166 32 774 5549.980220652734 1843893366.2097945 10233571711457.148
167 34 706 5933.442745663244 2082711341.0709543 12357648497988.02
168 25 726 4060.496712466729 298891449.22136086 1213647746947.7522
169 40 846 6955.50474228233 12422498552.617214 86404747593724.4
170 36 756 6295.82243666837 3907268241.5564356 24599467061272.773
171 36 651 6295.82243666837 2373974509.8638296 14946121983279.494
172 28 643 4724.12231882448 424339853.5797113 2004633373062.6262
173 5 90 139.6884681067044 3557.085524945249 496883.82790413423
174 18 418 2436.3877014920204 9870771.804659542 24049027029.1067
175 24 497 3832.71054120725 76593851.63272509 293562062544.4096
176 10 350 766.6651705632711 215263.71829643194 165035195.30381793
177 29 630 4937.473672561782 499116526.78529054 2464374710542.8496
178 30 790 5146.386239304723 1266338125.7879465 6517065104862.0205
179 36 1006 6295.82243666837 10123311558.806162 63734572045316.086
180 36 640 6295.82243666837 2242922300.4081674 14121040542613.574
181 19 558 2668.9360872348193 28543830.64312287 76181659671.34969
182 17 363 2206.0678959513543 5115089.741069799 11284235262.68421
183 40 844 6955.50474228233 12321525373.77077 85702428169414.64
184 37 857 6468.923834840442 7254531852.760722 46929014012933.03
185 36 687 6295.82243666837 2840332815.4707193 17882231067245.996
186 50 945 8230.818941038662 108188199973.52579 890477485538974.5
187 40 790 6955.50474228233 9809518541.103193 68230152732149.7
188 34 870 5933.442745663244 4124415358.2875814 24471982387733.52
189 21 761 3136.7198300107975 118509491.59817126 371731072340.4818
190 40 1019 6955.50474228233 23595983475.972927 164121974965945.2
191 50 1042 8230.818941038662 155435598123.11798 1279362265143433.0
192 34 834 5933.442745663244 3591929919.091601 21312510521364.82
193 33 894 5744.298091538941 3640724827.7037754 20913408679597.234
194 27 702 4506.6139001521815 439699412.0868704 1981555482399.4321
195 26 588 4285.277943143774 203297472.0 871186172658.489
196 34 942 5933.442745663244 5349555689.213799 31741282396687.152
197 37 644 6468.923834840442 2775908882.5068383 17957143133393.785
198 23 715 3602.4235623004615 171097366.34918207 616365183983.8475
199 32 825 5549.980220652734 2262695753.6640353 12557916678190.326
