0 0 7 0.0 7.0 0.0
1 1 100 1.0 0.0 0.0
2 0 8 0.0 8.0 0.0
3 5 107 139.6884681067044 4871.189817186799 680449.0434198013
4 0 100 0.0 0.0 0.0
5 4 47 75.61186198841948 723.181183304868 54681.07582466957
6 0 5 0.0 5.0 0.0
7 0 100 0.0 0.0 0.0
8 1 17 1.0 35.503281577765854 35.503281577765854
9 1 101 1.0 1.0 1.0
10 1 6 1.0 9.55892689827884 9.55892689827884
11 2 20 9.541850352986048 75.23327232919837 717.8646261306569
12 0 7 0.0 7.0 0.0
13 0 5 0.0 5.0 0.0
14 0 100 0.0 0.0 0.0
15 1 19 1.0 40.84402933782601 40.84402933782601
16 0 100 0.0 0.0 0.0
17 0 100 0.0 0.0 0.0
18 3 29 32.9215577265747 209.61005902119368 6900.689658136957
19 1 19 1.0 40.84402933782601 40.84402933782601
20 0 100 0.0 0.0 0.0
21 2 29 9.541850352986048 128.5709592386038 1226.8048527946264
22 2 19 9.541850352986048 69.8685662777562 666.6754038000371
23 0 100 0.0 0.0 0.0
24 0 9 0.0 9.0 0.0
25 0 100 0.0 0.0 0.0
26 0 8 0.0 8.0 0.0
27 1 7 1.0 11.607984241186918 11.607984241186918
28 0 100 0.0 0.0 0.0
29 1 103 1.0 3.9914906122521803 3.9914906122521803
30 0 100 0.0 0.0 0.0
31 1 19 1.0 40.84402933782601 40.84402933782601
32 0 100 0.0 0.0 0.0
33 2 26 9.541850352986048 109.8359986590007 1048.0386625749609
34 0 5 0.0 5.0 0.0
35 0 100 0.0 0.0 0.0
36 1 10 1.0 18.1937008646705 18.1937008646705
37 0 100 0.0 0.0 0.0
38 0 5 0.0 5.0 0.0
39 1 21 1.0 46.33316012586883 46.33316012586883
40 2 38 9.541850352986048 189.8638195218893 1811.6521533242187
41 1 16 1.0 32.892441635375256 32.892441635375256
42 4 54 75.61186198841948 916.9626779842689 69333.25545627807
43 3 35 32.9215577265747 282.5239294230334 9301.12785163911
44 0 100 0.0 0.0 0.0
45 0 10 0.0 10.0 0.0
46 0 100 0.0 0.0 0.0
47 2 31 9.541850352986048 141.5519192260369 1350.6672304328126
48 3 42 32.9215577265747 377.3528472077043 12423.04354263576
49 0 100 0.0 0.0 0.0
50 0 100 0.0 0.0 0.0
51 5 63 139.6884681067044 1860.4532693243248 259883.86717602485
52 1 7 1.0 11.607984241186918 11.607984241186918
53 0 100 0.0 0.0 0.0
54 0 9 0.0 9.0 0.0
55 0 100 0.0 0.0 0.0
56 2 19 9.541850352986048 69.8685662777562 666.6754038000371
57 1 11 1.0 20.51504931294799 20.51504931294799
58 8 233 459.67273235884244 26169.13941804069 12029239.819770252
59 0 100 0.0 0.0 0.0
60 1 26 1.0 60.63937356224698 60.63937356224698
61 0 6 0.0 6.0 0.0
62 0 10 0.0 10.0 0.0
63 1 13 1.0 25.320989780782124 25.320989780782124
64 0 6 0.0 6.0 0.0
65 3 36 32.9215577265747 295.444715883087 9726.500268956508
66 1 103 1.0 3.9914906122521803 3.9914906122521803
67 0 10 0.0 10.0 0.0
68 0 100 0.0 0.0 0.0
69 0 100 0.0 0.0 0.0
70 2 21 9.541850352986048 80.71796600694597 770.1987524356932
71 1 16 1.0 32.892441635375256 32.892441635375256
72 1 111 1.0 20.51504931294799 20.51504931294799
73 1 10 1.0 18.1937008646705 18.1937008646705
74 1 19 1.0 40.84402933782601 40.84402933782601
75 1 9 1.0 15.931997307697284 15.931997307697284
76 0 100 0.0 0.0 0.0
77 0 100 0.0 0.0 0.0
78 1 10 1.0 18.1937008646705 18.1937008646705
79 0 100 0.0 0.0 0.0
80 0 100 0.0 0.0 0.0
81 2 11 9.541850352986048 31.76494829034237 303.0963830567869
82 1 14 1.0 27.799106543625292 27.799106543625292
83 0 100 0.0 0.0 0.0
84 0 100 0.0 0.0 0.0
85 0 6 0.0 6.0 0.0
86 1 17 1.0 35.503281577765854 35.503281577765854
87 0 100 0.0 0.0 0.0
88 0 100 0.0 0.0 0.0
89 1 108 1.0 13.734791927877684 13.734791927877684
90 0 100 0.0 0.0 0.0
91 1 8 1.0 13.734791927877684 13.734791927877684
92 1 112 1.0 22.891970023971037 22.891970023971037
93 1 114 1.0 27.799106543625292 27.799106543625292
94 0 10 0.0 10.0 0.0
95 0 100 0.0 0.0 0.0
96 2 29 9.541850352986048 128.5709592386038 1226.8048527946264
97 1 19 1.0 40.84402933782601 40.84402933782601
98 1 16 1.0 32.892441635375256 32.892441635375256
99 0 100 0.0 0.0 0.0
100 2 20 9.541850352986048 75.23327232919837 717.8646261306569
101 2 15 9.541850352986048 49.68406405407534 474.0779041321602
102 1 10 1.0 18.1937008646705 18.1937008646705
103 0 100 0.0 0.0 0.0
104 1 26 1.0 60.63937356224698 60.63937356224698
105 1 19 1.0 40.84402933782601 40.84402933782601
106 1 9 1.0 15.931997307697284 15.931997307697284
107 1 30 1.0 72.61998620345668 72.61998620345668
108 1 13 1.0 25.320989780782124 25.320989780782124
109 1 29 1.0 69.58346013935528 69.58346013935528
110 5 65 139.6884681067044 1969.1653870843556 275069.6963705592
111 0 100 0.0 0.0 0.0
112 0 6 0.0 6.0 0.0
113 1 19 1.0 40.84402933782601 40.84402933782601
114 1 19 1.0 40.84402933782601 40.84402933782601
115 7 161 332.66880679862265 25921.0 8623108.141027099
116 0 100 0.0 0.0 0.0
117 4 63 75.61186198841948 1193.5182370479756 90244.13622033325
118 0 6 0.0 6.0 0.0
119 3 59 32.9215577265747 647.2206215128941 21307.511052966296
120 2 14 9.541850352986048 44.97826169706515 429.17584225083993
121 3 49 32.9215577265747 481.96892224029307 15867.1676959488
122 2 26 9.541850352986048 109.8359986590007 1048.0386625749609
123 1 109 1.0 15.931997307697284 15.931997307697284
124 1 106 1.0 9.55892689827884 9.55892689827884
125 4 89 75.61186198841948 2154.8151586700715 162929.58638791565
126 2 34 9.541850352986048 161.72412498062124 1543.1473990327004
127 2 42 9.541850352986048 219.34644070399202 2092.9709126576195
128 0 100 0.0 0.0 0.0
129 4 143 75.61186198841948 621.143248020611 46965.797544373054
130 0 5 0.0 5.0 0.0
131 4 69 75.61186198841948 1394.4010936602072 105433.26305033677
132 1 119 1.0 40.84402933782601 40.84402933782601
133 1 11 1.0 20.51504931294799 20.51504931294799
134 0 8 0.0 8.0 0.0
135 1 110 1.0 18.1937008646705 18.1937008646705
136 2 15 9.541850352986048 49.68406405407534 474.0779041321602
137 2 41 9.541850352986048 211.85407612585806 2021.4798910630518
138 2 29 9.541850352986048 128.5709592386038 1226.8048527946264
139 1 111 1.0 20.51504931294799 20.51504931294799
140 5 162 139.6884681067044 1807.1402103142602 252436.6476328266
141 2 46 9.541850352986048 250.0988923255542 2386.406204018009
142 5 80 139.6884681067044 2871.732646582133 401147.9342130701
143 1 13 1.0 25.320989780782124 25.320989780782124
144 3 24 32.9215577265747 155.22039240905832 5110.09710903639
145 1 17 1.0 35.503281577765854 35.503281577765854
146 7 135 332.66880679862265 18225.0 6062889.003904898
147 1 113 1.0 25.320989780782124 25.320989780782124
148 1 13 1.0 25.320989780782124 25.320989780782124
149 0 5 0.0 5.0 0.0
150 2 29 9.541850352986048 128.5709592386038 1226.8048527946264
151 1 108 1.0 13.734791927877684 13.734791927877684
152 2 25 9.541850352986048 103.79546451213633 990.4007896934788
153 1 17 1.0 35.503281577765854 35.503281577765854
154 3 87 32.9215577265747 1198.932966405119 39470.74086379957
155 1 41 1.0 107.64164596635766 107.64164596635766
156 0 100 0.0 0.0 0.0
157 4 163 75.61186198841948 1193.5182370479756 90244.13622033325
158 3 12 32.9215577265747 51.65274962739505 1700.488978594596
159 3 39 32.9215577265747 335.47304520277595 11044.29522335299
160 2 122 9.541850352986048 86.31942417916456 823.6470280735138
161 2 33 9.541850352986048 154.90879557685506 1478.1165457556579
162 1 6 1.0 9.55892689827884 9.55892689827884
163 2 18 9.541850352986048 64.62733255388774 616.6643359418604
164 3 38 32.9215577265747 321.92161897300775 10598.16116245226
165 4 35 75.61186198841948 436.83679879622173 33030.043742042886
166 1 106 1.0 9.55892689827884 9.55892689827884
167 3 38 32.9215577265747 321.92161897300775 10598.16116245226
168 4 59 75.61186198841948 1066.8769814059906 80668.55507669134
169 4 30 75.61186198841948 335.61535000671915 25376.501525903146
170 2 25 9.541850352986048 103.79546451213633 990.4007896934788
171 9 167 604.9491004987461 61474.84912546133 37189154.681743965
172 1 13 1.0 25.320989780782124 25.320989780782124
173 2 31 9.541850352986048 141.5519192260369 1350.6672304328126
174 3 52 32.9215577265747 529.6457757489877 17436.763980956737
175 1 39 1.0 101.06849300292524 101.06849300292524
176 2 33 9.541850352986048 154.90879557685506 1478.1165457556579
177 1 12 1.0 22.891970023971037 22.891970023971037
178 1 13 1.0 25.320989780782124 25.320989780782124
179 3 49 32.9215577265747 481.96892224029307 15867.1676959488
180 4 57 75.61186198841948 1005.7817905983286 76049.03394118624
181 1 22 1.0 49.12998068819353 49.12998068819353
182 2 21 9.541850352986048 80.71796600694597 770.1987524356932
183 5 102 139.6884681067044 4465.486028292682 623776.9026440964
184 6 109 225.58275470837765 7896.900764171442 1781404.6280404862
185 2 48 9.541850352986048 265.93129728965954 2537.4766429133756
186 2 31 9.541850352986048 141.5519192260369 1350.6672304328126
187 6 122 225.58275470837765 9796.315838838276 2209879.91291845
188 4 63 75.61186198841948 1193.5182370479756 90244.13622033325
189 3 31 32.9215577265747 233.0178128969552 7671.309378607293
190 2 35 9.541850352986048 168.62869283493262 1609.0297522505775
191 1 116 1.0 32.892441635375256 32.892441635375256
192 2 31 9.541850352986048 141.5519192260369 1350.6672304328126
193 2 108 9.541850352986048 20.066939702021244 191.47573567908114
194 6 91 225.58275470837765 5591.281626292221 1261296.7116093368
195 4 57 75.61186198841948 1005.7817905983286 76049.03394118624
196 1 19 1.0 40.84402933782601 40.84402933782601
197 4 66 75.61186198841948 1292.338741426653 97716.13855903981
198 2 56 9.541850352986048 332.1417203303481 3169.2465913755254
199 2 39 9.541850352986048 197.11162840858907 1880.8096611081503
