0 0 100 0.0 0.0 0.0
1 1 21 1.0 46.33316012586883 46.33316012586883
2 1 41 1.0 107.64164596635766 107.64164596635766
3 0 100 0.0 0.0 0.0
4 0 10 0.0 10.0 0.0
5 1 116 1.0 32.892441635375256 32.892441635375256
6 0 100 0.0 0.0 0.0
7 2 23 9.541850352986048 92.0346545141889 878.1809006631623
8 0 100 0.0 0.0 0.0
9 30 541 5146.386239304723 385489903.4969663 1983879934747.6929
10 0 100 0.0 0.0 0.0
11 49 1211 8126.242482129881 228244403842.14575 1854769370810453.5
12 0 6 0.0 6.0 0.0
13 0 9 0.0 9.0 0.0
14 1 38 1.0 97.81435774219185 97.81435774219185
15 0 100 0.0 0.0 0.0
16 1 47 1.0 127.85310766976465 127.85310766976465
17 0 18 0.0 18.0 0.0
18 0 9 0.0 9.0 0.0
19 1 9 1.0 15.931997307697284 15.931997307697284
20 0 100 0.0 0.0 0.0
21 0 100 0.0 0.0 0.0
22 1 27 1.0 63.59241768810072 63.59241768810072
23 10 214 766.6651705632711 152332.9437676605 116788362.31603862
24 1 111 1.0 20.51504931294799 20.51504931294799
25 0 10 0.0 10.0 0.0
26 1 118 1.0 38.15436697768484 38.15436697768484
27 1 16 1.0 32.892441635375256 32.892441635375256
28 39 1168 6798.773358825962 22780748518.079464 154881146118832.66
29 1 28 1.0 66.57403288693754 66.57403288693754
30 0 100 0.0 0.0 0.0
31 0 100 0.0 0.0 0.0
32 0 100 0.0 0.0 0.0
33 2 22 9.541850352986048 86.31942417916456 823.6470280735138
34 0 100 0.0 0.0 0.0
35 20 413 2902.6872563902634 7673925.984554215 22275007161.847626
36 33 1032 5744.298091538941 4166341192.4238234 23932705760340.242
37 0 100 0.0 0.0 0.0
38 0 10 0.0 10.0 0.0
39 0 100 0.0 0.0 0.0
40 0 100 0.0 0.0 0.0
41 1 9 1.0 15.931997307697284 15.931997307697284
42 6 85 225.58275470837765 4907.334112484054 1107009.9473685443
43 0 100 0.0 0.0 0.0
44 0 100 0.0 0.0 0.0
45 0 100 0.0 0.0 0.0
46 1 25 1.0 57.71571011139208 57.71571011139208
47 0 100 0.0 0.0 0.0
48 0 10 0.0 10.0 0.0
49 1 12 1.0 22.891970023971037 22.891970023971037
50 0 6 0.0 6.0 0.0
51 0 100 0.0 0.0 0.0
52 3 46 32.9215577265747 435.9769523615719 14353.040404627594
53 1 28 1.0 66.57403288693754 66.57403288693754
54 0 100 0.0 0.0 0.0
55 0 10 0.0 10.0 0.0
56 0 100 0.0 0.0 0.0
57 1 10 1.0 18.1937008646705 18.1937008646705
58 1 33 1.0 81.88562674252243 81.88562674252243
59 29 721 4937.473672561782 759048199.521077 3747780501340.7407
60 0 100 0.0 0.0 0.0
61 1 60 1.0 173.91225657453782 173.91225657453782
62 0 100 0.0 0.0 0.0
63 1 38 1.0 97.81435774219185 97.81435774219185
64 1 28 1.0 66.57403288693754 66.57403288693754
65 1 10 1.0 18.1937008646705 18.1937008646705
66 1 35 1.0 88.18685030395203 88.18685030395203
67 3 29 32.9215577265747 209.61005902119368 6900.689658136957
68 2 27 9.541850352986048 115.98017876588344 1106.66550969663
69 0 6 0.0 6.0 0.0
70 1 39 1.0 101.06849300292524 101.06849300292524
71 18 438 2436.3877014920204 11181855.392712042 27243334958.665844
72 0 100 0.0 0.0 0.0
73 0 10 0.0 10.0 0.0
74 1 112 1.0 22.891970023971037 22.891970023971037
75 0 18 0.0 18.0 0.0
76 0 6 0.0 6.0 0.0
77 2 48 9.541850352986048 265.93129728965954 2537.4766429133756
78 1 10 1.0 18.1937008646705 18.1937008646705
79 17 566 2206.0678959513543 16384001.229014559 36144219118.55655
80 0 100 0.0 0.0 0.0
81 3 87 32.9215577265747 1198.932966405119 39470.74086379957
82 0 100 0.0 0.0 0.0
83 1 9 1.0 15.931997307697284 15.931997307697284
84 0 11 0.0 11.0 0.0
85 0 8 0.0 8.0 0.0
86 0 100 0.0 0.0 0.0
87 2 35 9.541850352986048 168.62869283493262 1609.0297522505775
88 50 1108 8230.818941038662 195191940287.4933 1606589519256387.2
89 0 100 0.0 0.0 0.0
90 0 100 0.0 0.0 0.0
91 19 512 2668.9360872348193 12529192.123363271 33439613001.942486
92 0 100 0.0 0.0 0.0
93 1 37 1.0 94.5824071263594 94.5824071263594
94 0 5 0.0 5.0 0.0
95 3 38 32.9215577265747 321.92161897300775 10598.16116245226
96 0 10 0.0 10.0 0.0
97 0 100 0.0 0.0 0.0
98 0 18 0.0 18.0 0.0
99 0 100 0.0 0.0 0.0
100 20 492 2902.6872563902634 26725608.611053802 77576083534.57976
101 34 847 5933.442745663244 3778337804.6668572 22418551037765.75
102 19 499 2668.9360872348193 21075197.461464833 56248355050.50315
103 51 1254 8330.590095344352 366800671539.3485 3055666041291354.0
104 0 100 0.0 0.0 0.0
105 32 680 5549.980220652734 1217221395.5967655 6755554669717.365
106 43 1322 7393.130324549447 104480266538.10353 772436226859862.1
107 12 288 1131.8354418063404 606533.6039234214 686496229.5670575
108 46 1160 7782.801884860074 114576595347.68068 891726942232779.2
109 23 787 3602.4235623004615 152475220.47554347 549280326908.0556
110 29 800 4937.473672561782 1048517239.142456 5177026263493.043
111 24 406 3832.71054120725 42401028.65531073 162510869485.2401
112 2 126 9.541850352986048 109.8359986590007 1048.0386625749609
113 23 750 3602.4235623004615 196386551.21617937 707467539420.091
114 22 635 3370.209833397988 57421592.13281871 193522814455.39413
115 29 711 4937.473672561782 726811727.2665173 3588613768287.5835
116 39 1008 6798.773358825962 18693496172.61302 127092843761676.5
117 32 944 5549.980220652734 3485979288.585653 19347116101255.46
118 14 554 1540.4353185285338 3571603.389849277 5501824005.500062
119 1 106 1.0 9.55892689827884 9.55892689827884
120 52 1254 8425.648590871551 434601177518.1425 3661796798946854.5
121 41 1094 7106.788070274764 36618890826.396164 260242696471726.25
122 23 769 3602.4235623004615 211082411.46442595 760408252646.6492
123 35 961 6117.310290426031 7058877247.388401 43181342424303.24
124 11 197 942.9223974109915 179067.32101889476 168846587.63309988
125 47 1367 7902.318130854768 248965451133.12015 1967404198445692.2
126 14 291 1540.4353185285338 1192566.592649721 1837071699.0148613
127 7 311 332.66880679862265 44521.0 14810747.94748148
128 41 825 7106.788070274764 13730034665.5595 97576446565657.22
129 48 917 8016.77096497358 69217359082.74936 554899714566735.4
130 19 518 2668.9360872348193 23325153.856253773 62253344867.2601
131 37 702 6468.923834840442 3709499957.4859204 23996472690320.277
132 1 114 1.0 27.799106543625292 27.799106543625292
133 29 408 4937.473672561782 129398165.92986946 638900037556.5115
134 40 955 6955.50474228233 18866832869.29729 131228345494245.44
135 28 528 4724.12231882448 231629575.03398344 1094246445117.8708
136 31 793 5350.621552679651 1601838084.3688822 8570829378127.227
137 26 585 4285.277943143774 200201625.0 857919607794.0411
138 36 841 6295.82243666837 5572744460.071421 35085009605537.01
139 43 1168 7393.130324549447 67474819848.3845 498850136764602.4
140 53 1225 8516.089422990353 470351993759.68976 4005559639139318.5
141 35 794 6117.310290426031 3758342316.3940916 22990946127021.184
142 30 819 5146.386239304723 1418187600.4430065 7298541151672.474
143 37 1029 6468.923834840442 13417339379.900555 86795746514781.98
144 49 1332 8126.242482129881 324169373684.1969 2634278935837957.0
145 26 541 4285.277943143774 158340421.0 678532713619.3992
146 40 1311 6955.50474228233 42790837737.9738 297631874812710.44
147 49 1316 8126.242482129881 310053721480.95844 2519571723241030.5
148 30 770 5146.386239304723 1168331584.1240509 6012685587481.104
149 32 958 5549.980220652734 3654535800.214222 20282601406856.242
150 43 1056 7393.130324549447 47270139090.0718 349474298752480.06
151 1 110 1.0 18.1937008646705 18.1937008646705
152 43 881 7393.130324549447 24933933441.386463 184339819435811.8
153 35 746 6117.310290426031 3058965742.9356174 18712642617320.76
154 45 1106 7658.1450374688 80523070603.88976 616657353546928.1
155 35 821 6117.310290426031 4197097741.4625425 25674949203772.668
156 30 666 5146.386239304723 740640260.2463925 3811620843607.103
157 26 890 4285.277943143774 704969000.0 3020988106300.123
158 60 1181 9028.149747574074 1241375208211.7412 1.1207321272661546e+16
159 43 972 7393.130324549447 35277891882.15871 260814052260164.3
160 53 1325 8516.089422990353 632756364365.0208 5388609781898783.0
161 17 359 2206.0678959513543 4968688.693965171 10961264612.733028
162 29 952 4937.473672561782 1275137933.5735319 6295959975904.148
163 20 600 2902.6872563902634 46207093.36868241 134124741076.10947
164 32 734 5549.980220652734 1555315469.1742187 8631970090792.141
165 41 841 7106.788070274764 14678065191.406607 104313898597003.75
166 54 1550 8602.009448624298 1357312292195.7131 1.1675613162201428e+16
167 49 1230 8126.242482129881 241717313274.54712 1964253499797921.8
168 52 1406 8425.648590871551 667932252187.7153 5627762439443085.0
169 17 348 2206.0678959513543 4579540.786178277 10102777906.587723
170 40 1166 6955.50474228233 27565418662.120056 191731400227373.88
171 32 631 5549.980220652734 957613576.8305463 5314736410438.049
172 35 1209 6117.310290426031 15064245875.175308 92152666309717.81
173 46 1120 7782.801884860074 100947954719.70758 785657932265309.6
174 32 940 5549.980220652734 3438821694.331148 19085392385889.395
175 43 1047 7393.130324549447 45863135273.50181 339072136169439.6
176 24 905 3832.71054120725 313760810.2373432 1202554364814.3928
177 35 732 6117.310290426031 2873473480.202919 17577928889711.617
178 42 766 7252.650449022947 12723350091.356657 92278010753154.02
179 35 745 6117.310290426031 3045447099.626031 18629944881490.43
180 35 940 6117.310290426031 6562236441.705279 40143236513052.41
181 38 938 6636.579650383532 12005168954.491577 79673259982794.94
182 31 633 5350.621552679651 783253587.1414715 4190893524572.8066
183 18 468 2436.3877014920204 13344073.850712074 32511337417.676163
184 31 752 5350.621552679651 1353388405.9178925 7241469173851.032
185 21 507 3136.7198300107975 20520416.517217044 64366797409.63581
186 48 1139 8016.77096497358 153022296831.65784 1226744706233603.2
187 48 1336 8016.77096497358 274335127427.4855 2199281884232993.0
188 44 986 7528.2761260995885 44555441681.713844 335425667900268.8
189 46 1097 7782.801884860074 93664920017.19109 728975516055062.9
190 17 343 2206.0678959513543 4409103.025342498 9726780634.150076
191 31 661 5350.621552679651 898631270.5713159 4808235844230.782
192 33 762 5744.298091538941 2169778172.1311817 12463852613235.998
193 51 1148 8330.590095344352 263795411084.53488 2197571438778118.0
194 20 362 2902.6872563902634 11462594.670269134 33272327474.557167
195 24 706 3832.71054120725 213774292.89233214 819334985807.5675
196 32 724 5549.980220652734 1488365607.1965406 8260399681040.597
197 35 822 6117.310290426031 2745881964.978534 16797412000658.44
198 18 528 2436.3877014920204 18411147.093413718 44856692348.75374
199 40 908 6955.50474228233 15853407442.323769 110268450646416.95
