0 0 100 0.0 0.0 0.0
1 0 100 0.0 0.0 0.0
2 1 35 1.0 88.18685030395203 88.18685030395203
3 10 290 766.6651705632711 299449.86552147917 229577782.2251734
4 0 9 0.0 9.0 0.0
5 0 10 0.0 10.0 0.0
6 3 45 32.9215577265747 421.0282951259743 13860.907322511091
7 0 100 0.0 0.0 0.0
8 0 5 0.0 5.0 0.0
9 1 109 1.0 15.931997307697284 15.931997307697284
10 0 100 0.0 0.0 0.0
11 2 104 9.541850352986048 7.384494371244687 70.4617402228846
12 0 10 0.0 10.0 0.0
13 0 6 0.0 6.0 0.0
14 0 18 0.0 18.0 0.0
15 32 645 5549.980220652734 1027446546.8579961 5702308012839.831
16 1 116 1.0 32.892441635375256 32.892441635375256
17 1 49 1.0 134.74529814364382 134.74529814364382
18 0 100 0.0 0.0 0.0
19 1 38 1.0 97.81435774219185 97.81435774219185
20 17 590 2206.0678959513543 18267813.289046988 40300036426.20008
21 0 18 0.0 18.0 0.0
22 1 113 1.0 25.320989780782124 25.320989780782124
23 0 100 0.0 0.0 0.0
24 0 18 0.0 18.0 0.0
25 0 11 0.0 11.0 0.0
26 0 5 0.0 5.0 0.0
27 0 100 0.0 0.0 0.0
28 0 100 0.0 0.0 0.0
29 1 18 1.0 38.15436697768484 38.15436697768484
30 1 115 1.0 30.323695983612147 30.323695983612147
31 0 100 0.0 0.0 0.0
32 0 18 0.0 18.0 0.0
33 1 36 1.0 91.37308344663872 91.37308344663872
34 0 100 0.0 0.0 0.0
35 0 18 0.0 18.0 0.0
36 2 81 9.541850352986048 565.6029923043736 5396.899111769452
37 0 100 0.0 0.0 0.0
38 0 18 0.0 18.0 0.0
39 2 47 9.541850352986048 257.9778488812911 2461.586028410529
40 6 238 225.58275470837765 12400.563818178562 2797353.3460417576
41 0 100 0.0 0.0 0.0
42 0 100 0.0 0.0 0.0
43 1 6 1.0 9.55892689827884 9.55892689827884
44 1 106 1.0 9.55892689827884 9.55892689827884
45 0 100 0.0 0.0 0.0
46 0 100 0.0 0.0 0.0
47 21 463 3136.7198300107975 29448472.71299214 92371608322.37431
48 0 100 0.0 0.0 0.0
49 0 100 0.0 0.0 0.0
50 1 18 1.0 38.15436697768484 38.15436697768484
51 0 100 0.0 0.0 0.0
52 1 20 1.0 43.57075425423803 43.57075425423803
53 0 100 0.0 0.0 0.0
54 0 6 0.0 6.0 0.0
55 1 101 1.0 1.0 1.0
56 27 824 4506.6139001521815 715273958.7880392 3223463565091.056
57 0 18 0.0 18.0 0.0
58 0 10 0.0 10.0 0.0
59 1 6 1.0 9.55892689827884 9.55892689827884
60 0 100 0.0 0.0 0.0
61 0 6 0.0 6.0 0.0
62 13 336 1331.5823725933528 1226978.8201255698 1633823368.424599
63 9 215 604.9491004987461 105946.43078539512 64092198.004677445
64 23 668 3602.4235623004615 140625888.18392205 506594013063.19086
65 1 118 1.0 38.15436697768484 38.15436697768484
66 0 18 0.0 18.0 0.0
67 0 18 0.0 18.0 0.0
68 47 1440 7902.318130854768 231554406519.401 1829816584917578.0
69 0 100 0.0 0.0 0.0
70 0 18 0.0 18.0 0.0
71 1 19 1.0 40.84402933782601 40.84402933782601
72 1 10 1.0 18.1937008646705 18.1937008646705
73 3 106 32.9215577265747 1640.486501007654 54007.37104259002
74 1 19 1.0 40.84402933782601 40.84402933782601
75 2 35 9.541850352986048 168.62869283493262 1609.0297522505775
76 0 10 0.0 10.0 0.0
77 1 119 1.0 40.84402933782601 40.84402933782601
78 1 13 1.0 25.320989780782124 25.320989780782124
79 12 230 1131.8354418063404 357447.7632466928 404572047.0370087
80 0 100 0.0 0.0 0.0
81 0 100 0.0 0.0 0.0
82 0 100 0.0 0.0 0.0
83 0 100 0.0 0.0 0.0
84 0 10 0.0 10.0 0.0
85 4 119 75.61186198841948 3541.077078870597 267747.43137791916
86 1 110 1.0 18.1937008646705 18.1937008646705
87 0 100 0.0 0.0 0.0
88 0 100 0.0 0.0 0.0
89 0 100 0.0 0.0 0.0
90 3 98 32.9215577265747 1448.352813330803 47682.0307525169
91 23 628 3602.4235623004615 117682581.844734 423942505709.82227
92 1 9 1.0 15.931997307697284 15.931997307697284
93 0 100 0.0 0.0 0.0
94 2 14 9.541850352986048 44.97826169706515 429.17584225083993
95 0 18 0.0 18.0 0.0
96 1 52 1.0 145.22076971938012 145.22076971938012
97 3 43 32.9215577265747 391.71440685113555 12895.848457480626
98 2 102 9.541850352986048 788.6834629000679 7525.499578867271
99 3 61 32.9215577265747 682.3928350558612 22465.435111492498
100 45 1005 7658.1450374688 57135326830.48972 437550619631072.9
101 43 1140 7393.130324549447 61935400913.30052 457896490655249.6
102 31 493 5350.621552679651 354206123.43230563 1895222918128.0034
103 28 728 4724.12231882448 621404500.062445 2935590867762.965
104 33 914 5744.298091538941 3911255966.4048448 22467420183339.645
105 15 390 1756.7778603087352 3381221.9532909007 5940055868.33131
106 42 946 7252.650449022947 26652087793.671326 193298276504169.34
107 24 446 3832.71054120725 55808727.64127888 213898698722.094
108 28 536 4724.12231882448 242582184.947314 1145987914058.814
109 19 685 2668.9360872348193 49802190.187955834 132918862615.96715
110 32 1054 5549.980220652734 4964380185.040512 27552211834775.2
111 32 974 5549.980220652734 3853944457.7707767 21389315512122.035
112 4 155 75.61186198841948 946.1899645328139 71543.18501308264
113 22 469 3370.209833397988 39487555.09598054 133081346481.31845
114 27 452 4506.6139001521815 115495241.14059 520492459125.61096
115 56 1658 8760.68123103637 2457959322701.026 2.1533398105037744e+16
116 0 100 0.0 0.0 0.0
117 27 777 4506.6139001521815 598439966.2434286 2696937870279.2373
118 30 671 5146.386239304723 758248281.2251874 3902238520473.762
119 0 100 0.0 0.0 0.0
120 42 1127 7252.650449022947 49215774954.68658 356944812324119.94
121 34 779 5933.442745663244 1833301161.0804656 10877787474828.89
122 56 1236 8760.68123103637 793663819332.5774 6953035725779551.0
123 34 973 5933.442745663244 5947236961.304026 35287590004789.69
124 27 803 4506.6139001521815 661343654.9902624 2980420508356.565
125 39 921 6798.773358825962 13728571018.525295 93337442895499.97
126 40 769 6955.50474228233 8939247452.007956 62176978044876.57
127 41 939 7106.788070274764 21531029949.570312 153016466786334.97
128 31 927 5350.621552679651 2629607819.495302 14070036274086.506
129 43 1017 7393.130324549447 41389532397.51052 305998207086956.8
130 19 368 2668.9360872348193 9221095.512979796 24610514578.430847
131 20 438 2902.6872563902634 19392186.746418327 56289453342.368645
132 35 826 6117.310290426031 4282091102.0531225 26194879963131.312
133 43 1010 7393.130324549447 40392521118.92431 298627172769323.25
134 34 889 5933.442745663244 4426425940.754352 26263944887384.508
135 45 1092 7658.1450374688 54531163915.58506 417607562327535.44
136 19 635 2668.9360872348193 40541365.77115249 108202314132.41536
137 46 1039 7782.801884860074 76991159774.60716 599206943411375.8
138 4 223 75.61186198841948 3747.0325985436466 283320.111707191
139 35 1050 6117.310290426031 9456866770.118393 57850588408033.234
140 22 732 3370.209833397988 92228855.38828443 310830595352.6372
141 13 423 1331.5823725933528 1115668.1844025312 1485604088.0136409
142 35 910 6117.310290426031 5895754673.284074 36066160732708.03
143 51 1137 8330.590095344352 254483733136.8702 2119999666696266.2
144 32 584 5549.980220652734 747074956.2453712 4146251230506.817
145 25 689 4060.496712466729 255984274.15412623 1039423303646.0115
146 28 808 4724.12231882448 856029719.8826979 4043989105274.9214
147 39 940 6798.773358825962 14721573517.143402 100088641828352.38
148 42 971 7252.650449022947 29202367091.675774 211794560799975.25
149 45 1389 7658.1450374688 182159820992.00006 1395006329156090.2
150 43 1211 7393.130324549447 56549863096.072174 418080507704690.9
151 31 611 5350.621552679651 700050702.7845844 3745706378287.7344
152 26 784 4285.277943143774 481890304.0 2065033890746.0479
153 26 743 4285.277943143774 410172407.0 1757702768603.2908
154 47 1089 7902.318130854768 108966199170.99232 861085571359264.5
155 34 835 5933.442745663244 3606037169.1303563 21396215081768.53
156 39 1046 6798.773358825962 21215491696.343895 144239319739496.28
157 47 1145 7902.318130854768 130748549207.76762 1033216630987499.0
158 29 686 4937.473672561782 650307091.1942475 3210874141851.831
159 33 973 5744.298091538941 4789890892.717622 27514561113717.59
160 44 1217 7528.2761260995885 94199674063.97025 709161157342149.8
161 46 1134 7782.801884860074 105576498917.5774 821680974772648.9
162 28 711 4724.12231882448 577892368.0509474 2730034233787.812
163 28 887 4724.12231882448 789499568.5119051 3729692532309.3877
164 44 946 7528.2761260995885 38452737033.94436 289482822195828.8
165 22 779 3370.209833397988 167165979.30225897 563384427254.0778
166 39 746 6798.773358825962 6677725953.606381 45400345310919.76
167 31 690 5350.621552679651 1029873933.2727387 5510465663912.081
168 43 1156 7393.130324549447 65059105931.11628 480990448947410.56
169 32 856 5549.980220652734 2546890491.4014792 14135191851446.73
170 43 1054 7393.130324549447 33025062231.531567 244158589054068.66
171 25 733 4060.496712466729 199134944.30899683 808586786703.9268
172 25 803 4060.496712466729 271702701.9611673 1103247928081.6472
173 22 589 3370.209833397988 75481307.97728829 254387846382.79898
174 38 1022 6636.579650383532 11324770898.284386 75157744088809.78
175 28 951 4724.12231882448 1003857078.1343482 4742343627724.404
176 28 1034 4724.12231882448 1826258173.2917855 8627466996383.35
177 35 624 6117.310290426031 1696274613.0864015 10376638146021.879
178 33 1162 5744.298091538941 8512908114.605698 48900681836175.875
179 60 1330 9028.149747574074 1981678443057.0996 1.7890889735458938e+16
180 27 634 4506.6139001521815 322695819.13355976 1454265464028.2947
181 51 1184 8330.590095344352 296018952837.7442 2466012556544319.0
182 30 836 5146.386239304723 1512732934.4680808 7785107957689.584
183 27 453 4506.6139001521815 116272901.06317236 523997072142.3119
184 45 1124 7658.1450374688 85318210231.4044 653379228289349.5
185 34 574 5933.442745663244 1058238954.0963256 6279000245361.102
186 33 742 5744.298091538941 1990647514.5034418 11434872718488.857
187 35 822 6117.310290426031 4214001456.419232 25778354473223.65
188 24 465 3832.71054120725 63049224.63662104 241649427879.7213
189 28 747 4724.12231882448 672591277.0045667 3177403463143.9316
190 43 1184 7393.130324549447 70794915283.0751 523396035003211.7
191 45 1116 7658.1450374688 83162340601.97151 636869265985278.2
192 45 1110 7658.1450374688 81571418704.2001 624685755348859.8
193 55 1289 8683.506947919002 793230827294.115 6888025400111986.0
194 34 766 5933.442745663244 2719590774.1725106 16136536150186.568
195 27 766 4506.6139001521815 573082668.187673 2582662318390.867
196 58 1276 8902.46046345971 1233290947157.9897 1.0979323897016784e+16
197 51 1325 8330.590095344352 450511207628.70746 3753024204113333.5
198 39 1085 6798.773358825962 24044939033.385986 163476090914779.12
199 35 654 6117.310290426031 1980764704.104605 12116952307331.773
