0 0 100 0.0 0.0 0.0
1 10 172 766.6651705632711 93706.72457701275 71841681.98076095
2 0 100 0.0 0.0 0.0
3 4 62 75.61186198841948 1161.3060165688764 87808.51025112707
4 0 11 0.0 11.0 0.0
5 0 100 0.0 0.0 0.0
6 0 100 0.0 0.0 0.0
7 3 74 32.9215577265747 927.3002957027797 30528.17021484885
8 0 100 0.0 0.0 0.0
9 0 10 0.0 10.0 0.0
10 1 19 1.0 40.84402933782601 40.84402933782601
11 0 100 0.0 0.0 0.0
12 1 105 1.0 7.59708563275366 7.59708563275366
13 0 100 0.0 0.0 0.0
14 12 187 1131.8354418063404 219715.13514294155 248681377.05605105
15 1 111 1.0 20.51504931294799 20.51504931294799
16 1 107 1.0 11.607984241186918 11.607984241186918
17 12 184 1131.8354418063404 211516.7226194178 239402123.1953779
18 0 100 0.0 0.0 0.0
19 1 101 1.0 1.0 1.0
20 2 29 9.541850352986048 128.5709592386038 1226.8048527946264
21 0 8 0.0 8.0 0.0
22 0 100 0.0 0.0 0.0
23 2 17 9.541850352986048 59.51335422080222 567.8675199791454
24 0 100 0.0 0.0 0.0
25 5 57 139.6884681067044 1551.0877169304622 216669.0670771418
26 0 100 0.0 0.0 0.0
27 4 123 75.61186198841948 213.06977413856453 16110.60235606885
28 0 100 0.0 0.0 0.0
29 0 5 0.0 5.0 0.0
30 18 257 2436.3877014920204 2695687.3436093205 6567739491.037442
31 0 100 0.0 0.0 0.0
32 3 25 32.9215577265747 165.61186212092687 5452.200479019623
33 12 149 1131.8354418063404 128791.81270302724 145771138.23177028
34 0 5 0.0 5.0 0.0
35 0 100 0.0 0.0 0.0
36 10 207 766.6651705632711 141472.4708480404 108462015.99272029
37 3 29 32.9215577265747 209.61005902119368 6900.689658136957
38 0 10 0.0 10.0 0.0
39 2 105 9.541850352986048 10.188005914414083 97.21242783067595
40 0 100 0.0 0.0 0.0
41 0 100 0.0 0.0 0.0
42 0 100 0.0 0.0 0.0
43 0 100 0.0 0.0 0.0
44 3 48 32.9215577265747 466.4489382157433 15356.225645969067
45 0 10 0.0 10.0 0.0
46 0 100 0.0 0.0 0.0
47 11 256 942.9223974109915 104954.70852315568 98964145.38022578
48 13 185 1331.5823725933528 291210.07940722397 387770208.46017
49 12 177 1131.8354418063404 193080.10141779442 218534901.89222237
50 17 291 2206.0678959513543 2865671.121395722 6321865061.266019
51 0 10 0.0 10.0 0.0
52 0 100 0.0 0.0 0.0
53 1 118 1.0 38.15436697768484 38.15436697768484
54 3 39 32.9215577265747 335.47304520277595 11044.29522335299
55 4 111 75.61186198841948 60.361002300325715 4564.007775414899
56 1 26 1.0 60.63937356224698 60.63937356224698
57 0 10 0.0 10.0 0.0
58 13 342 1331.5823725933528 556332.1568343635 740802093.347479
59 0 100 0.0 0.0 0.0
60 12 301 1131.8354418063404 260366.30656647639 294691813.6241529
61 0 12 0.0 12.0 0.0
62 2 25 9.541850352986048 103.79546451213633 990.4007896934788
63 0 9 0.0 9.0 0.0
64 9 133 604.9491004987461 37644.33692394514 22772907.76101235
65 1 26 1.0 60.63937356224698 60.63937356224698
66 5 104 139.6884681067044 4625.863540566592 646179.7916524031
67 0 5 0.0 5.0 0.0
68 0 6 0.0 6.0 0.0
69 0 11 0.0 11.0 0.0
70 1 9 1.0 15.931997307697284 15.931997307697284
71 0 6 0.0 6.0 0.0
72 18 267 2436.3877014920204 2984740.9940888057 7271986250.137033
73 12 166 1131.8354418063404 166041.6949118759 187931875.11885667
74 0 7 0.0 7.0 0.0
75 2 13 9.541850352986048 40.41888428935346 385.6709453236695
76 0 100 0.0 0.0 0.0
77 6 150 225.58275470837765 14544.969872206551 3281094.3709227135
78 1 16 1.0 32.892441635375256 32.892441635375256
79 7 83 332.66880679862265 6889.0 2291755.4100357112
80 3 32 32.9215577265747 245.06238675558936 8067.83551218631
81 1 6 1.0 9.55892689827884 9.55892689827884
82 6 195 225.58275470837765 6070.84515091352 1369477.9725510685
83 0 100 0.0 0.0 0.0
84 0 100 0.0 0.0 0.0
85 2 10 9.541850352986048 27.685321443873434 264.16919419175593
86 0 100 0.0 0.0 0.0
87 0 100 0.0 0.0 0.0
88 2 27 9.541850352986048 115.98017876588344 1106.66550969663
89 4 44 75.61186198841948 646.0476428878335 48848.86521197858
90 7 191 332.66880679862265 8281.0 2754830.389099394
91 0 10 0.0 10.0 0.0
92 19 351 2668.9360872348193 8110104.992584567 21645351885.972225
93 10 240 766.6651705632711 59285.163668541216 45451870.11581359
94 0 16 0.0 16.0 0.0
95 1 105 1.0 7.59708563275366 7.59708563275366
96 0 100 0.0 0.0 0.0
97 0 100 0.0 0.0 0.0
98 0 100 0.0 0.0 0.0
99 1 10 1.0 18.1937008646705 18.1937008646705
100 14 260 1540.4353185285338 903309.19273234 1391489384.0363948
101 0 100 0.0 0.0 0.0
102 19 411 2668.9360872348193 12446816.53959254 33219757833.709747
103 20 314 2902.6872563902634 7741757.665401077 22471901317.421345
104 16 251 1979.1134619514044 1479915.3119356786 2928920316.3999133
105 0 100 0.0 0.0 0.0
106 8 146 459.67273235884244 31771.327600928158 14604412.968986552
107 19 239 2668.9360872348193 2857361.3213227415 7626114744.747231
108 0 100 0.0 0.0 0.0
109 0 100 0.0 0.0 0.0
110 16 214 1979.1134619514044 982087.162262702 1943661923.6437669
111 20 252 2902.6872563902634 4219704.209922858 12248481635.879423
112 6 74 225.58275470837765 3764.5376458742294 849214.7723596997
113 14 217 1540.4353185285338 578369.2658744982 890940444.3044969
114 0 100 0.0 0.0 0.0
115 10 138 766.6651705632711 57418.05598112961 44020423.68218418
116 11 129 942.9223974109915 67927.27664816522 64050150.54668761
117 9 118 604.9491004987461 29089.380350657248 17597594.477196
118 12 219 1131.8354418063404 318542.5349918841 360537730.8266508
119 6 131 225.58275470837765 11225.205072627472 2532212.6824497594
120 13 265 1331.5823725933528 692416.3228329758 922009369.9802989
121 2 21 9.541850352986048 80.71796600694597 770.1987524356932
122 5 46 139.6884681067044 1050.58572833688 146754.71100614508
123 20 254 2902.6872563902634 4312745.999171844 12518552851.844204
124 19 380 2668.9360872348193 10060279.383550808 26850242694.423214
125 11 141 942.9223974109915 83269.02073017742 78516224.65696444
126 23 522 3602.4235623004615 69042773.72123085 248721314859.94113
127 14 347 1540.4353185285338 1840734.8023786484 2835532901.628711
128 0 100 0.0 0.0 0.0
129 11 170 942.9223974109915 127777.17882671817 120483963.79370208
130 6 225 225.58275470837765 10262.29633791766 2314997.077541162
131 15 209 1756.7778603087352 702105.3614276309 1233443154.5601246
132 11 219 942.9223974109915 228180.97122161838 215156948.42785686
133 16 305 1979.1134619514044 2442499.2699785414 4833983186.0210085
134 17 363 2206.0678959513543 5115089.741069799 11284235262.68421
135 10 168 766.6651705632711 88929.02645246735 68178787.23320653
136 8 90 459.67273235884244 11614.171379010651 5338717.891873691
137 5 156 139.6884681067044 1501.9949206988383 209811.36957647165
138 13 283 1331.5823725933528 811248.8814220636 1080244710.287695
139 16 274 1979.1134619514044 1854142.6538312496 3669558686.5757284
140 0 100 0.0 0.0 0.0
141 11 158 942.9223974109915 108060.79638064733 101892945.18938097
142 14 235 1540.4353185285338 703973.305306163 1084425342.794884
143 22 275 3370.209833397988 8652422.158540202 29160478241.422836
144 8 125 459.67273235884244 23001.09948770076 10572978.24876898
145 18 382 2436.3877014920204 3453414.915497477 8413857628.2671585
146 15 132 1756.7778603087352 220552.23725607162 387461287.453026
147 17 293 2206.0678959513543 2917575.38788949 6436369397.240824
148 21 269 3136.7198300107975 6430747.422242822 20171452961.13988
149 12 158 1131.8354418063404 147835.47973745366 167325435.52329314
150 9 133 604.9491004987461 37644.33692394514 22772907.76101235
151 3 49 32.9215577265747 481.96892224029307 15867.1676959488
152 7 116 332.66880679862265 13456.0 4476391.464282267
153 12 215 1131.8354418063404 305030.63425581815 345244482.6874022
154 12 183 1131.8354418063404 208823.67119914887 236354032.15131062
155 11 176 942.9223974109915 138337.73648198933 130441750.13600735
156 14 274 1540.4353185285338 1028039.6669067617 1583628611.7514853
157 10 150 766.6651705632711 69116.80200881512 52989444.80087609
158 11 218 942.9223974109915 225802.58406272324 212914313.90601993
159 11 183 942.9223974109915 151258.56329001058 142625087.12635896
160 11 231 942.9223974109915 257822.36894367234 243106486.23054868
161 17 285 2206.0678959513543 2713398.252610632 5985940774.014819
162 21 367 3136.7198300107975 15356603.885005329 48169363927.71707
163 17 237 2206.0678959513543 1673405.8820999332 3691646993.3968196
164 17 330 2206.0678959513543 3984499.109773183 8790075567.51737
165 15 438 1756.7778603087352 2357603.5034913844 4141785638.319972
166 9 145 604.9491004987461 45344.665438633376 27431214.569517843
167 22 383 3370.209833397988 22195947.84622381 74805001692.93237
168 17 403 2206.0678959513543 6727144.84812483 14840538280.862738
169 16 331 1979.1134619514044 3014305.958404848 5965653500.719364
170 4 61 75.61186198841948 1129.4605717070829 85400.6168692773
171 21 332 3136.7198300107975 11596530.33945426 36375066675.08802
172 15 265 1756.7778603087352 1277017.860193162 2243436704.0061827
173 15 239 1756.7778603087352 984435.2604830556 1729434070.5238948
174 13 254 1331.5823725933528 625160.2824792424 832452412.1948403
175 8 71 459.67273235884244 7092.062323978532 3260027.666522414
176 10 258 766.6651705632711 77583.53920841981 59480597.3201254
177 14 240 1540.4353185285338 741490.6921805334 1142218450.595063
178 10 270 766.6651705632711 91300.67622451171 69997048.51020727
179 10 264 766.6651705632711 242995.88582674824 186296482.2535371
180 24 407 3832.71054120725 42707125.586618185 163684050420.49338
181 20 319 2902.6872563902634 8086650.02528102 23473015975.27122
182 8 173 459.67273235884244 45219.26451860866 20786062.8765261
183 12 185 1131.8354418063404 214229.6252136221 242472682.5016667
184 10 200 766.6651705632711 131052.37569186091 100473291.96252243
185 9 167 604.9491004987461 61474.84912546133 37189154.681743965
186 9 144 604.9491004987461 44673.607750369876 27025258.82462007
187 11 159 942.9223974109915 109632.99624762133 103375407.65715733
188 14 205 1540.4353185285338 502661.10893865814 774316925.4598279
189 19 303 2668.9360872348193 5440910.541569818 14521442491.81203
190 15 218 1756.7778603087352 780802.3667996523 1371696311.2702894
191 16 233 1979.1134619514044 1222189.922001164 2418852527.6938405
192 10 177 766.6651705632711 99872.9294110967 76569096.46161199
193 7 112 332.66880679862265 12544.0 4172997.5124819227
194 8 110 459.67273235884244 17630.632823740572 8104321.163304322
195 11 266 942.9223974109915 356117.316334352 335790993.6775556
196 22 390 3370.209833397988 23369158.73786051 78758968576.576
197 14 258 1540.4353185285338 886269.1607321269 1365240316.9144104
198 10 123 766.6651705632711 44453.64316262519 34081059.91743283
199 18 303 2436.3877014920204 4182978.1989030223 10191356639.416565
