0 25 434 4060.496712466729 65095797.82363968 264321273058.2878
1 0 100 0.0 0.0 0.0
2 18 439 2436.3877014920204 11250107.762947509 27409624194.105217
3 12 314 1131.8354418063404 743219.839708418 841202555.6356149
4 0 100 0.0 0.0 0.0
5 0 100 0.0 0.0 0.0
6 1 107 1.0 11.607984241186918 11.607984241186918
7 0 100 0.0 0.0 0.0
8 0 6 0.0 6.0 0.0
9 39 732 6798.773358825962 6258785895.642551 42552066805890.266
10 0 100 0.0 0.0 0.0
11 2 23 9.541850352986048 92.0346545141889 878.1809006631623
12 1 77 1.0 238.13836913187276 238.13836913187276
13 1 101 1.0 1.0 1.0
14 1 17 1.0 35.503281577765854 35.503281577765854
15 1 8 1.0 13.734791927877684 13.734791927877684
16 1 104 1.0 5.735193251789799 5.735193251789799
17 0 100 0.0 0.0 0.0
18 0 100 0.0 0.0 0.0
19 1 17 1.0 35.503281577765854 35.503281577765854
20 0 100 0.0 0.0 0.0
21 13 230 1331.5823725933528 492152.9289485213 655342164.8080398
22 0 100 0.0 0.0 0.0
23 1 11 1.0 20.51504931294799 20.51504931294799
24 0 5 0.0 5.0 0.0
25 1 6 1.0 9.55892689827884 9.55892689827884
26 1 113 1.0 25.320989780782124 25.320989780782124
27 0 100 0.0 0.0 0.0
28 0 100 0.0 0.0 0.0
29 0 9 0.0 9.0 0.0
30 2 41 9.541850352986048 211.85407612585806 2021.4798910630518
31 0 100 0.0 0.0 0.0
32 22 331 3370.209833397988 14657355.669837352 49398364210.097595
33 0 100 0.0 0.0 0.0
34 1 24 1.0 54.8222930413608 54.8222930413608
35 0 100 0.0 0.0 0.0
36 0 100 0.0 0.0 0.0
37 2 59 9.541850352986048 358.10513855020525 3416.9856426813935
38 0 100 0.0 0.0 0.0
39 2 59 9.541850352986048 358.10513855020525 3416.9856426813935
40 0 100 0.0 0.0 0.0
41 0 100 0.0 0.0 0.0
42 0 10 0.0 10.0 0.0
43 0 18 0.0 18.0 0.0
44 5 101 139.6884681067044 4386.2526434047795 612708.9124861964
45 1 107 1.0 11.607984241186918 11.607984241186918
46 0 100 0.0 0.0 0.0
47 2 12 9.541850352986048 36.01211998010309 343.62225974392254
48 0 100 0.0 0.0 0.0
49 0 8 0.0 8.0 0.0
50 0 100 0.0 0.0 0.0
51 3 148 32.9215577265747 466.4489382157433 15356.225645969067
52 16 243 1979.1134619514044 1361650.0108727273 2694859866.984491
53 0 100 0.0 0.0 0.0
54 1 104 1.0 5.735193251789799 5.735193251789799
55 0 100 0.0 0.0 0.0
56 2 23 9.541850352986048 92.0346545141889 878.1809006631623
57 0 100 0.0 0.0 0.0
58 0 100 0.0 0.0 0.0
59 1 100 1.0 0.0 0.0
60 22 410 3370.209833397988 26940753.33691113 90795991815.20755
61 8 159 459.67273235884244 37939.40769100099 17439711.197398506
62 1 102 1.0 2.3948263510722025 2.3948263510722025
63 29 620 4937.473672561782 474908810.81050503 2344849750244.4927
64 0 100 0.0 0.0 0.0
65 15 282 1756.7778603087352 1493622.5374613854 2623963005.4703164
66 7 173 332.66880679862265 5329.0 1772792.07142986
67 0 9 0.0 9.0 0.0
68 0 100 0.0 0.0 0.0
69 9 174 604.9491004987461 67160.9800884193 40628974.49310345
70 1 10 1.0 18.1937008646705 18.1937008646705
71 3 84 32.9215577265747 1133.9736498594843 37332.17897426362
72 0 9 0.0 9.0 0.0
73 22 434 3370.209833397988 31671596.182296257 106739924892.98502
74 1 25 1.0 57.71571011139208 57.71571011139208
75 4 148 75.61186198841948 749.6906189831174 56685.50361656424
76 15 225 1756.7778603087352 845529.0542821898 1485406722.8107338
77 6 94 225.58275470837765 5949.1894450157 1342034.543288646
78 3 56 32.9215577265747 595.765723501293 19613.535657762357
79 0 100 0.0 0.0 0.0
80 0 100 0.0 0.0 0.0
81 9 180 604.9491004987461 12591.662837695694 7617315.107447499
82 3 39 32.9215577265747 335.47304520277595 11044.29522335299
83 19 405 2668.9360872348193 11959743.060262103 31919789847.58972
84 1 102 1.0 2.3948263510722025 2.3948263510722025
85 1 118 1.0 38.15436697768484 38.15436697768484
86 0 100 0.0 0.0 0.0
87 3 63 32.9215577265747 718.2490844189361 23645.87869475743
88 0 9 0.0 9.0 0.0
89 0 7 0.0 7.0 0.0
90 27 510 4506.6139001521815 166639416.91812167 750979512596.4617
91 1 100 1.0 0.0 0.0
92 0 100 0.0 0.0 0.0
93 3 159 32.9215577265747 647.2206215128941 21307.511052966296
94 1 31 1.0 75.68293941204132 75.68293941204132
95 1 103 1.0 3.9914906122521803 3.9914906122521803
96 0 100 0.0 0.0 0.0
97 0 7 0.0 7.0 0.0
98 34 531 5933.442745663244 820285207.7966799 4867115315576.076
99 0 100 0.0 0.0 0.0
100 21 418 3136.7198300107975 22112560.498213384 69360907007.05936
101 32 630 5549.980220652734 952754291.6677485 5287767473898.01
102 20 480 2902.6872563902634 24965557.72293192 72467206251.03001
103 16 253 1979.1134619514044 1510426.3596303458 2989305141.6306705
104 4 155 75.61186198841948 946.1899645328139 71543.18501308264
105 26 448 4285.277943143774 89915392.0 385312446086.72614
106 10 215 766.6651705632711 153920.58217438465 118005549.3859226
107 36 728 6295.82243666837 3445535464.5923533 21692479484317.113
108 20 528 2902.6872563902634 32474356.373224042 94262900404.03336
109 0 100 0.0 0.0 0.0
110 10 80 766.6651705632711 17077.891168940845 13093024.345897013
111 27 477 4506.6139001521815 136006407.98033848 612928368713.962
112 28 393 4724.12231882448 93496614.40113208 441689442826.91437
113 29 416 4937.473672561782 137445945.4614356 678635737116.2008
114 11 346 942.9223974109915 650179.3117436386 613068635.3763402
115 6 173 225.58275470837765 3667.8232800781016 827397.6793035355
116 14 190 1540.4353185285338 416763.469765953 641997168.2999728
117 25 461 4060.496712466729 77840123.96131112 316069567442.90643
118 33 585 5744.298091538941 921532804.4888424 5293559130115.785
119 4 81 75.61186198841948 1834.2709028460106 138692.63835536616
120 19 425 2668.9360872348193 13631549.187405197 36381733551.182205
121 15 261 1756.7778603087352 1229001.7193264086 2159083010.794005
122 33 512 5744.298091538941 598388086.4852554 3437319543196.891
123 14 118 1540.4353185285338 128736.12216156592 198309669.34808004
124 3 61 32.9215577265747 682.3928350558612 22465.435111492498
125 19 333 2668.9360872348193 7030190.028455888 18763127867.0643
126 6 125 225.58275470837765 10262.29633791766 2314997.077541162
127 27 416 4506.6139001521815 89765597.10758066 404538887680.48346
128 31 553 5350.621552679651 510046201.29021573 2729064197485.812
129 17 272 2206.0678959513543 2400907.9178461796 5296565878.6958685
130 5 121 139.6884681067044 6090.769816183153 850810.3052131782
131 0 100 0.0 0.0 0.0
132 20 545 2902.6872563902634 35441367.138332106 102875204741.48526
133 25 449 4060.496712466729 71989533.23021483 292313263013.3017
134 36 517 6295.82243666837 1101418791.8782787 6934337142075.437
135 31 478 5350.621552679651 321109625.09193975 1718136080789.8154
136 12 189 1131.8354418063404 225280.5021079264 254980456.6336791
137 17 360 2206.0678959513543 5005042.618306142 11041463838.11349
138 26 443 4285.277943143774 86938307.0 372554809401.36194
139 2 29 9.541850352986048 128.5709592386038 1226.8048527946264
140 18 292 2436.3877014920204 3789934.16183888 9233748981.368715
141 30 478 5146.386239304723 261278066.7045977 1344637847120.683
142 27 497 4506.6139001521815 154072835.15817797 694346780559.7006
143 20 315 2902.6872563902634 7809970.383198372 22669901504.0953
144 22 414 3370.209833397988 27694967.27902954 93337851059.42088
145 21 358 3136.7198300107975 14324540.068106024 44932068887.412384
146 31 572 5350.621552679651 567788658.8840485 3038022235592.0645
147 19 450 2668.9360872348193 15919403.399864733 42487870221.14766
148 30 486 5146.386239304723 275262592.7583055 1416607619566.6833
149 9 171 604.9491004987461 64691.06231969827 39134799.9606098
150 12 215 1131.8354418063404 305030.63425581815 345244482.6874022
151 7 219 332.66880679862265 14161.0 4710922.973075296
152 29 618 4937.473672561782 470164802.18288046 2321426332543.1904
153 22 418 3370.209833397988 28462738.064483486 95925399710.35345
154 21 408 3136.7198300107975 20662004.69784938 64810919863.52042
155 7 142 332.66880679862265 20164.0 6707933.820287427
156 17 315 2206.0678959513543 3527165.8735808763 7781167397.401984
157 17 399 2206.0678959513543 6553560.80051913 14457600086.190512
158 13 264 1331.5823725933528 686135.6285227063 913646108.1490967
159 37 719 6468.923834840442 4020242712.4712386 26006643904548.785
160 16 245 1979.1134619514044 1390652.9767282873 2752260027.145746
161 18 312 2436.3877014920204 4522787.996156387 11019265050.29116
162 18 341 2436.3877014920204 5733317.076033254 13968583212.80161
163 9 223 604.9491004987461 114622.38999967437 69340711.72731948
164 13 276 1331.5823725933528 763726.9951302845 1016965404.1891762
165 29 418 4937.473672561782 139509617.04244947 688825061216.2708
166 24 492 3832.71054120725 74362453.63351808 285009759911.22015
167 19 341 2668.9360872348193 7498132.400639471 20012036150.93133
168 19 440 2668.9360872348193 14977333.960882543 39973547098.76703
169 21 378 3136.7198300107975 16681434.616910586 52324986755.892006
170 14 219 1540.4353185285338 591604.5906490331 911328606.0393862
171 26 437 4285.277943143774 83453453.0 357621241420.08563
172 18 305 2436.3877014920204 4257060.156485748 10371849009.773571
173 18 317 2436.3877014920204 4718790.0919085 11496802145.848269
174 26 538 4285.277943143774 155720872.0 667307218068.7148
175 25 493 4060.496712466729 94961684.79143058 385591608905.90564
176 25 542 4060.496712466729 125736722.99731058 510553550366.9194
177 14 210 1540.4353185285338 533439.6140318888 821729221.7569507
178 29 504 4937.473672561782 249505433.61341965 1231926509627.371
179 7 135 332.66880679862265 18225.0 6062889.003904898
180 9 134 604.9491004987461 38256.77589826959 23143402.1676403
181 26 441 4285.277943143774 85766121.0 367531666590.30005
182 21 328 3136.7198300107975 11209273.376395466 35160350079.75175
183 16 243 1979.1134619514044 1361650.0108727273 2694859866.984491
184 13 204 1331.5823725933528 368584.680897397 490800863.89091974
185 25 371 4060.496712466729 40903465.57784743 166088387507.3455
186 18 247 2436.3877014920204 2424803.1914797705 5907760674.259913
187 9 194 604.9491004987461 84902.29129124073 51361564.74691861
188 11 199 942.9223974109915 183256.63859483125 172796789.00531793
189 18 362 2436.3877014920204 6724533.604247933 16383570971.659473
190 24 339 3832.71054120725 25023542.927885044 95907996758.05714
191 19 288 2668.9360872348193 4740436.079631393 12651920922.158176
192 18 310 2436.3877014920204 4445838.1823267015 10831785470.244413
193 20 391 2902.6872563902634 14178135.593302423 41154693506.05215
194 20 357 2902.6872563902634 11031080.546237102 32019776925.77698
195 22 353 3370.209833397988 17600797.922151197 59318382232.884834
196 21 410 3136.7198300107975 20947062.524602663 65705066401.39721
197 20 256 2902.6872563902634 4407085.364742075 12792390526.060858
198 16 224 1979.1134619514044 1104458.6554188346 2185848993.108163
199 20 381 2902.6872563902634 13200072.387191013 38315681901.728355
