0 1 104 1.0 5.735193251789799 5.735193251789799
1 2 127 9.541850352986048 115.98017876588344 1106.66550969663
2 0 10 0.0 10.0 0.0
3 0 6 0.0 6.0 0.0
4 0 100 0.0 0.0 0.0
5 0 100 0.0 0.0 0.0
6 0 100 0.0 0.0 0.0
7 0 9 0.0 9.0 0.0
8 0 100 0.0 0.0 0.0
9 0 100 0.0 0.0 0.0
10 1 113 1.0 25.320989780782124 25.320989780782124
11 9 298 604.9491004987461 88718.69751620591 53670296.25984911
12 0 100 0.0 0.0 0.0
13 0 18 0.0 18.0 0.0
14 12 260 1131.8354418063404 476881.640701137 539751542.492304
15 0 100 0.0 0.0 0.0
16 4 66 75.61186198841948 1292.338741426653 97716.13855903981
17 0 9 0.0 9.0 0.0
18 2 46 9.541850352986048 250.0988923255542 2386.406204018009
19 0 100 0.0 0.0 0.0
20 0 10 0.0 10.0 0.0
21 0 100 0.0 0.0 0.0
22 0 100 0.0 0.0 0.0
23 0 100 0.0 0.0 0.0
24 21 467 3136.7198300107975 30166914.00852866 94625157380.78236
25 36 800 6295.82243666837 4717803974.814572 29702456116440.8
26 0 10 0.0 10.0 0.0
27 1 37 1.0 94.5824071263594 94.5824071263594
28 2 43 9.541850352986048 226.91812071099523 2165.21875020514
29 2 49 9.541850352986048 273.9583678426836 2614.069748903192
30 6 165 225.58275470837765 17453.968353076576 3937314.2616798594
31 0 100 0.0 0.0 0.0
32 1 115 1.0 30.323695983612147 30.323695983612147
33 1 6 1.0 9.55892689827884 9.55892689827884
34 0 10 0.0 10.0 0.0
35 0 100 0.0 0.0 0.0
36 0 100 0.0 0.0 0.0
37 2 46 9.541850352986048 250.0988923255542 2386.406204018009
38 25 754 4060.496712466729 219350187.36410615 890670714670.9141
39 0 10 0.0 10.0 0.0
40 2 104 9.541850352986048 7.384494371244687 70.4617402228846
41 10 279 766.6651705632711 102400.07810093557 78506573.34294605
42 2 149 9.541850352986048 273.9583678426836 2614.069748903192
43 3 22 32.9215577265747 135.19579244279535 4450.856085295499
44 0 10 0.0 10.0 0.0
45 1 131 1.0 75.68293941204132 75.68293941204132
46 1 8 1.0 13.734791927877684 13.734791927877684
47 1 100 1.0 0.0 0.0
48 0 100 0.0 0.0 0.0
49 0 5 0.0 5.0 0.0
50 1 30 1.0 72.61998620345668 72.61998620345668
51 8 239 459.67273235884244 28684.707028409903 13185577.656662071
52 19 630 2668.9360872348193 39680697.937428065 105905246691.86603
53 0 100 0.0 0.0 0.0
54 5 156 139.6884681067044 9664.332654479063 1349995.8237777804
55 0 10 0.0 10.0 0.0
56 15 518 1756.7778603087352 4026709.930905187 7074034856.499549
57 0 9 0.0 9.0 0.0
58 2 105 9.541850352986048 10.188005914414083 97.21242783067595
59 0 100 0.0 0.0 0.0
60 0 18 0.0 18.0 0.0
61 3 133 32.9215577265747 257.33012181535685 8471.708460130769
62 0 6 0.0 6.0 0.0
63 8 82 459.67273235884244 9569.587872219572 4398878.604771212
64 0 100 0.0 0.0 0.0
65 0 100 0.0 0.0 0.0
66 0 5 0.0 5.0 0.0
67 0 100 0.0 0.0 0.0
68 3 134 32.9215577265747 269.81820202916316 8882.83551378369
69 2 76 9.541850352986048 515.944034405027 4923.060766808652
70 0 100 0.0 0.0 0.0
71 0 100 0.0 0.0 0.0
72 0 100 0.0 0.0 0.0
73 1 119 1.0 40.84402933782601 40.84402933782601
74 0 18 0.0 18.0 0.0
75 0 100 0.0 0.0 0.0
76 1 104 1.0 5.735193251789799 5.735193251789799
77 0 100 0.0 0.0 0.0
78 1 109 1.0 15.931997307697284 15.931997307697284
79 0 100 0.0 0.0 0.0
80 9 286 604.9491004987461 77538.50379806156 46906848.12665595
81 0 100 0.0 0.0 0.0
82 0 8 0.0 8.0 0.0
83 0 100 0.0 0.0 0.0
84 2 143 9.541850352986048 226.91812071099523 2165.21875020514
85 0 100 0.0 0.0 0.0
86 1 31 1.0 75.68293941204132 75.68293941204132
87 1 112 1.0 22.891970023971037 22.891970023971037
88 1 21 1.0 46.33316012586883 46.33316012586883
89 0 100 0.0 0.0 0.0
90 2 124 9.541850352986048 97.86086952638261 933.7737724338355
91 3 46 32.9215577265747 435.9769523615719 14353.040404627594
92 0 100 0.0 0.0 0.0
93 0 10 0.0 10.0 0.0
94 1 10 1.0 18.1937008646705 18.1937008646705
95 1 17 1.0 35.503281577765854 35.503281577765854
96 8 207 459.67273235884244 16645.17504715694 7651333.094517854
97 1 104 1.0 5.735193251789799 5.735193251789799
98 1 30 1.0 72.61998620345668 72.61998620345668
99 2 118 9.541850352986048 64.62733255388774 616.6643359418604
100 2 124 9.541850352986048 97.86086952638261 933.7737724338355
101 6 176 225.58275470837765 19747.458216219387 4454686.022903355
102 0 100 0.0 0.0 0.0
103 8 251 459.67273235884244 34076.47778705137 15664027.653539306
104 34 827 5933.442745663244 3494250066.3538527 20732932707740.574
105 17 472 2206.0678959513543 10179125.796563337 22455842628.648632
106 20 504 2902.6872563902634 28562810.725667365 82908906700.08179
107 24 684 3832.71054120725 194874193.2373413 746896374630.0167
108 35 898 6117.310290426031 5642916313.301139 34519470031369.98
109 23 455 3602.4235623004615 46454906.4031896 167350249411.3128
110 20 547 2902.6872563902634 35801352.13382692 103920128600.39977
111 26 538 4285.277943143774 155720872.0 667307218068.7148
112 21 632 3136.7198300107975 70423792.20182982 220899705504.03937
113 9 208 604.9491004987461 98654.30979932014 59680835.973423354
114 24 650 3832.71054120725 103007563.15710598 394798173136.31165
115 0 100 0.0 0.0 0.0
116 5 211 139.6884681067044 5207.131000429813 727376.1526809717
117 31 555 5350.621552679651 515925669.76639444 2760523008232.7544
118 0 100 0.0 0.0 0.0
119 32 629 5549.980220652734 947912003.7531863 5260892871749.484
120 20 494 2902.6872563902634 27026412.680770196 78449223674.41586
121 19 455 2668.9360872348193 16404120.853744434 43781550125.91978
122 36 736 6295.82243666837 3573328135.748017 22497039450620.723
123 19 514 2668.9360872348193 22839471.390716262 60957089408.04986
124 30 789 5146.386239304723 1261309440.7042859 6491185549145.673
125 22 695 3370.209833397988 77688580.0774078 261826816519.6068
126 35 1037 6117.310290426031 6493336831.202519 39721756216717.53
127 56 1515 8760.68123103637 1737087181090.6174 1.5218067064054446e+16
128 30 959 5146.386239304723 2328237508.2727027 11982009474407.754
129 25 555 4060.496712466729 134882986.4310401 547691922970.9328
130 54 1540 8602.009448624298 1324310337158.356 1.1391730033147008e+16
131 11 402 942.9223974109915 916619.9547867221 864301485.2822506
132 28 871 4724.12231882448 741217633.0904064 3501602763588.6436
133 26 804 4285.277943143774 519718464.0 2227138070423.7617
134 33 890 5744.298091538941 3588216774.110362 20611786767550.168
135 29 716 4937.473672561782 742811373.158392 3667611598649.026
136 0 100 0.0 0.0 0.0
137 36 911 6295.82243666837 7273975033.6173725 45795655220413.81
138 40 1139 6955.50474228233 34638398238.76081 240927543214764.72
139 46 1161 7782.801884860074 114933450678.80551 894504276576479.9
140 49 1048 8126.242482129881 134000402401.64708 1088919762618763.4
141 19 673 2668.9360872348193 30674923.983462807 81869411592.64874
142 19 554 2668.9360872348193 27991826.43917666 74708395731.13232
143 34 1020 5933.442745663244 6939539668.70642 41175361305528.414
144 54 1279 8602.009448624298 653553255611.4281 5621871279948675.0
145 35 874 6117.310290426031 5160083772.71542 31565833562292.414
146 21 564 3136.7198300107975 51190840.347026765 160571324031.43567
147 60 1330 9028.149747574074 1981678443057.0996 1.7890889735458938e+16
148 13 478 1331.5823725933528 1629753.4998661915 2170151032.094144
149 43 1110 7393.130324549447 56370373020.073265 416753514180867.7
150 0 100 0.0 0.0 0.0
151 30 1014 5146.386239304723 2774019260.836114 14276174551533.236
152 36 1101 6295.82243666837 13674459595.135286 86091969528367.81
153 23 596 3602.4235623004615 101203481.10247704 364577804910.3928
154 0 100 0.0 0.0 0.0
155 41 902 7106.788070274764 18723052955.318253 133060769381978.42
156 21 502 3136.7198300107975 36938396.257347204 115865400029.2176
157 0 100 0.0 0.0 0.0
158 0 100 0.0 0.0 0.0
159 58 1182 8902.46046345971 915564243855.8182 8150774482683807.0
160 20 624 2902.6872563902634 31800125.30281273 92305818468.08807
161 27 668 4506.6139001521815 378168241.4113889 1704258253340.671
162 48 1138 8016.77096497358 152531250301.5525 1222808098668603.5
163 20 647 2902.6872563902634 35801352.13382692 103920128600.39977
164 37 836 6468.923834840442 6673991333.142482 43173541608483.94
165 37 1029 6468.923834840442 13417339379.900555 86795746514781.98
166 15 535 1756.7778603087352 4452216.855746985 7821556001.469674
167 26 743 4285.277943143774 410172407.0 1757702768603.2908
168 25 801 4060.496712466729 269419136.59476334 1093975518418.6611
169 35 841 6117.310290426031 4544264440.675561 27798675625361.703
170 0 100 0.0 0.0 0.0
171 56 1267 8760.68123103637 873050393617.7216 7648516197115688.0
172 27 736 4506.6139001521815 507609281.8255071 2287599045321.096
173 30 1113 5146.386239304723 2765434396.492675 14231993523809.863
174 47 1202 7902.318130854768 155996790893.4788 1232736269032697.5
175 27 649 4506.6139001521815 346442554.74091077 1561282832799.6216
176 21 466 3136.7198300107975 29986259.009118255 94058493261.74117
177 42 1092 7252.650449022947 44065966330.46419 319595050493271.2
178 47 1228 7902.318130854768 168613341581.47568 1332436266283303.5
179 52 1389 8425.648590871551 638098429048.806 5376393129552423.0
180 52 1111 8425.648590871551 275786073126.0177 2323676538416229.5
181 17 353 2206.0678959513543 4753994.0466030305 10487633643.754812
182 27 528 4506.6139001521815 185148476.85224456 834392699374.3297
183 65 1797 9277.206207955343 14203976275872.533 1.3177321688417509e+17
184 47 1113 7902.318130854768 83774073673.44182 662009381285202.4
185 46 1224 7782.801884860074 139080457419.80133 1082435646154031.1
186 38 1079 6636.579650383532 13879585227.430536 92112972876129.38
187 27 919 4506.6139001521815 996256578.2891911 4489743743836.119
188 43 1153 7393.130324549447 64465001641.759056 476598158509818.8
189 19 404 2668.9360872348193 11879755.242846197 31706307475.149258
190 17 521 2206.0678959513543 13186486.145025581 29090283744.94827
191 32 818 5549.980220652734 2201690235.5392475 12219337259247.082
192 29 807 4937.473672561782 714181548.5308938 3526252593300.693
193 38 1137 6636.579650383532 23053127644.58014 152993917803714.6
194 57 1455 8833.632285946418 1750058145664.9023 1.5459370137829e+16
195 42 1141 7252.650449022947 51391180829.22206 372722270716876.9
196 31 776 5350.621552679651 1495336976.8894842 8000982257063.708
197 46 916 7782.801884860074 48861369126.839066 380278355737206.94
198 25 653 4060.496712466729 218358062.6493943 886642195528.4696
199 42 870 7252.650449022947 19874950152.44372 144146066147429.66
