0 39 1048 6798.773358825962 21354543270.529118 145184699877569.6
1 0 6 0.0 6.0 0.0
2 0 100 0.0 0.0 0.0
3 0 100 0.0 0.0 0.0
4 0 100 0.0 0.0 0.0
5 2 115 9.541850352986048 49.68406405407534 474.0779041321602
6 1 7 1.0 11.607984241186918 11.607984241186918
7 0 9 0.0 9.0 0.0
8 6 114 225.58275470837765 8604.337363813209 1940990.124969204
9 0 100 0.0 0.0 0.0
10 1 10 1.0 18.1937008646705 18.1937008646705
11 1 24 1.0 54.8222930413608 54.8222930413608
12 0 5 0.0 5.0 0.0
13 1 103 1.0 3.9914906122521803 3.9914906122521803
14 11 310 942.9223974109915 505585.2887242403 476727692.539589
15 2 41 9.541850352986048 211.85407612585806 2021.4798910630518
16 3 68 32.9215577265747 810.8239638778247 26693.587932893923
17 0 100 0.0 0.0 0.0
18 0 100 0.0 0.0 0.0
19 0 100 0.0 0.0 0.0
20 20 458 2902.6872563902634 21934417.08500301 63668752948.98711
21 1 6 1.0 9.55892689827884 9.55892689827884
22 0 100 0.0 0.0 0.0
23 0 10 0.0 10.0 0.0
24 0 6 0.0 6.0 0.0
25 2 152 9.541850352986048 298.47302352672085 2847.984924895254
26 0 100 0.0 0.0 0.0
27 34 740 5933.442745663244 2429110182.686367 14412986191877.14
28 0 100 0.0 0.0 0.0
29 6 124 225.58275470837765 10105.821436004986 2279699.0381249776
30 0 5 0.0 5.0 0.0
31 41 969 7106.788070274764 24018231103.200882 170692478273330.3
32 1 6 1.0 9.55892689827884 9.55892689827884
33 0 100 0.0 0.0 0.0
34 3 42 32.9215577265747 377.3528472077043 12423.04354263576
35 24 399 3832.71054120725 40298685.81995092 154453197938.92505
36 1 11 1.0 20.51504931294799 20.51504931294799
37 3 154 32.9215577265747 562.3460860297637 18513.309133542207
38 0 100 0.0 0.0 0.0
39 36 922 6295.82243666837 7570789295.316933 47664345108745.06
40 0 5 0.0 5.0 0.0
41 0 100 0.0 0.0 0.0
42 37 948 6468.923834840442 10184891830.149944 65885289515328.67
43 0 100 0.0 0.0 0.0
44 1 13 1.0 25.320989780782124 25.320989780782124
45 0 100 0.0 0.0 0.0
46 0 100 0.0 0.0 0.0
47 3 102 32.9215577265747 1543.3130397440127 50808.269328107985
48 0 6 0.0 6.0 0.0
49 0 6 0.0 6.0 0.0
50 1 103 1.0 3.9914906122521803 3.9914906122521803
51 22 503 3370.209833397988 48183682.2868428 162389119852.44205
52 1 5 1.0 7.59708563275366 7.59708563275366
53 1 22 1.0 49.12998068819353 49.12998068819353
54 1 12 1.0 22.891970023971037 22.891970023971037
55 0 100 0.0 0.0 0.0
56 1 12 1.0 22.891970023971037 22.891970023971037
57 0 100 0.0 0.0 0.0
58 0 100 0.0 0.0 0.0
59 1 107 1.0 11.607984241186918 11.607984241186918
60 0 6 0.0 6.0 0.0
61 0 100 0.0 0.0 0.0
62 0 100 0.0 0.0 0.0
63 9 141 604.9491004987461 42692.5615074584 25826826.68192435
64 0 100 0.0 0.0 0.0
65 1 123 1.0 51.960050539976365 51.960050539976365
66 0 100 0.0 0.0 0.0
67 1 28 1.0 66.57403288693754 66.57403288693754
68 2 35 9.541850352986048 168.62869283493262 1609.0297522505775
69 0 100 0.0 0.0 0.0
70 0 100 0.0 0.0 0.0
71 7 195 332.66880679862265 9025.0 3002335.9813575693
72 0 100 0.0 0.0 0.0
73 13 299 1331.5823725933528 926231.9616259682 1233354153.0337021
74 1 36 1.0 91.37308344663872 91.37308344663872
75 0 100 0.0 0.0 0.0
76 1 18 1.0 38.15436697768484 38.15436697768484
77 0 10 0.0 10.0 0.0
78 11 343 942.9223974109915 289517.5913736692 272992621.350716
79 36 924 6295.82243666837 7625651387.979942 48009747102655.414
80 51 1541 8330.590095344352 791605703720.6685 6594542634833497.0
81 0 100 0.0 0.0 0.0
82 9 181 604.9491004987461 73117.4506468244 44232335.99955789
83 3 185 32.9215577265747 1155.4778704989785 38040.13141541172
84 0 100 0.0 0.0 0.0
85 2 63 9.541850352986048 393.6390130800606 3756.0445559070554
86 0 18 0.0 18.0 0.0
87 0 100 0.0 0.0 0.0
88 0 10 0.0 10.0 0.0
89 1 103 1.0 3.9914906122521803 3.9914906122521803
90 17 446 2206.0678959513543 8774482.8879887 19357105002.76639
91 0 8 0.0 8.0 0.0
92 2 45 9.541850352986048 242.29532664846576 2311.945748107533
93 32 698 5549.980220652734 1323621758.088812 7346074577018.505
94 1 116 1.0 32.892441635375256 32.892441635375256
95 1 12 1.0 22.891970023971037 22.891970023971037
96 19 657 2668.9360872348193 28405191.034375478 75811639416.44365
97 0 100 0.0 0.0 0.0
98 0 100 0.0 0.0 0.0
99 0 100 0.0 0.0 0.0
100 39 900 6798.773358825962 12687243162.175493 86257690807945.6
101 18 583 2436.3877014920204 23983608.778655563 58433369465.71247
102 17 482 2206.0678959513543 10754059.51763844 23724185453.012268
103 42 899 7252.650449022947 22294409548.8927 161693559425478.12
104 36 721 6295.82243666837 3336371015.9040847 21005199498978.98
105 0 100 0.0 0.0 0.0
106 28 512 4724.12231882448 210734521.9825938 995535658644.7794
107 1 118 1.0 38.15436697768484 38.15436697768484
108 1 115 1.0 30.323695983612147 30.323695983612147
109 26 598 4285.277943143774 213847192.0 916394655080.8317
110 25 610 4060.496712466729 104994367.49491724 426329284040.6351
111 36 806 6295.82243666837 4836744366.651898 30451283703996.367
112 26 654 4285.277943143774 170031464.0 728632082319.6447
113 36 644 6295.82243666837 2289975658.517259 14417280130317.385
114 19 399 2668.9360872348193 11484884.932449874 30652423853.9549
115 0 100 0.0 0.0 0.0
116 36 785 6295.82243666837 4429430868.1760645 27886910241534.324
117 43 1132 7393.130324549447 60414564523.744095 446652749024941.7
118 40 969 6955.50474228233 19837782911.67622 137981793118531.31
119 38 1104 6636.579650383532 20861788705.77559 138450922395351.27
120 33 697 5744.298091538941 1625438198.7266507 9337001542859.994
121 36 1031 6295.82243666837 10986171368.770552 69166984196589.3
122 33 723 5744.298091538941 1830198391.8021314 10513205129166.621
123 44 1019 7528.2761260995885 50090413153.47161 377094461489745.1
124 20 502 2902.6872563902634 28251192.116033904 82004375333.0447
125 29 532 4937.473672561782 295148942.9856357 1457290135476.0146
126 12 301 1131.8354418063404 672882.722151577 761592513.1102831
127 30 825 5146.386239304723 1451082175.901413 7467829342159.387
128 42 992 7252.650449022947 31475539309.56011 228281084306720.53
129 22 536 3370.209833397988 57727350.86510762 194553285541.60153
130 19 407 2668.9360872348193 12120737.243088678 32349473031.970448
131 33 706 5744.298091538941 1694421014.7760074 9733259401441.295
132 41 802 7106.788070274764 12444787508.760223 88442467404361.56
133 26 504 4285.277943143774 128024064.0 548618697650.82684
134 26 618 4285.277943143774 236029032.0 1011450004771.176
135 27 738 4506.6139001521815 511809471.9590988 2306527680560.423
136 49 1086 8126.242482129881 152789215407.66226 1241602213057038.5
137 40 903 6955.50474228233 15554406971.610191 108188751454424.02
138 34 840 5933.442745663244 3677150914.8388734 21818164420359.676
139 45 962 7658.1450374688 48849383907.70098 374095666956168.56
140 37 837 6468.923834840442 6700868736.280271 43347409482260.59
141 34 966 5933.442745663244 5808421374.244704 34463935666767.57
142 51 1219 8330.590095344352 330022280649.05066 2749280342417935.5
143 22 516 3370.209833397988 51810157.71969863 174611103016.829
144 32 596 5549.980220652734 797439331.6373351 4425772517757.745
145 17 461 2206.0678959513543 9569104.050807267 21110093239.50397
146 1 115 1.0 30.323695983612147 30.323695983612147
147 21 403 3136.7198300107975 19960306.58463357 62609889477.11521
148 51 1184 8330.590095344352 296018952837.7442 2466012556544319.0
149 29 548 4937.473672561782 323614504.0607756 1597838093859.2173
150 1 111 1.0 20.51504931294799 20.51504931294799
151 56 1312 8760.68123103637 998554771841.8228 8748020047836461.0
152 35 730 6117.310290426031 2847631407.113045 17419844910072.99
153 35 716 6117.310290426031 2671253483.8676267 16340886425199.818
154 33 790 5744.298091538941 2438860279.6619606 14009540449992.328
155 48 1209 8016.77096497358 190344425957.25705 1525947667358701.8
156 22 604 3370.209833397988 81077270.48678963 273247414259.64688
157 37 775 6468.923834840442 5173223796.684913 33465190721338.797
158 31 725 5350.621552679651 1205055699.7972784 6447796999514.777
159 31 821 5350.621552679651 1788392281.4240656 9569010285633.537
160 42 1153 7252.650449022947 53309775843.55894 386637169709100.4
161 32 642 5549.980220652734 1012196858.7745516 5617672545605.59
162 45 934 7658.1450374688 43943541133.56031 336526011460781.0
163 29 468 4937.473672561782 198186794.58043683 978542080490.3169
164 35 758 6117.310290426031 3224469088.2555146 19725077934746.1
165 18 674 2436.3877014920204 35318376.47453157 86049258079.21382
166 44 991 7528.2761260995885 45364311236.53638 341515061258968.1
167 0 100 0.0 0.0 0.0
168 31 738 5350.621552679651 1275003484.659535 6822061124760.967
169 35 810 6117.310290426031 4014264056.9503217 24556498824069.55
170 31 722 5350.621552679651 1189295865.3126602 6363472089454.716
171 4 142 75.61186198841948 596.6466987883373 45113.56784462985
172 44 1222 7528.2761260995885 95583494200.60678 719578937439606.5
173 34 883 5933.442745663244 4329450799.3945 25688548438373.227
174 39 925 6798.773358825962 13933558163.54988 94731104035994.9
175 35 771 6117.310290426031 3410699989.9770193 20864310146242.383
176 30 784 5146.386239304723 1236370064.558078 6362837886929.984
177 36 983 6295.82243666837 9372430406.924118 59007157642025.72
178 26 685 4285.277943143774 321419125.0 1377370286867.0715
179 49 1127 8126.242482129881 175139392183.78064 1423225169058244.2
180 22 420 3370.209833397988 28851741.795634072 97236423910.30568
181 30 886 5146.386239304723 1815562768.4915373 9343587248358.834
182 59 1083 8967.266196081293 758872382318.4736 6805010661104128.0
183 44 835 7528.2761260995885 24667609372.001644 185704574723190.44
184 1 104 1.0 5.735193251789799 5.735193251789799
185 49 1105 8126.242482129881 162870524142.31125 1323525372372010.0
186 39 838 6798.773358825962 9939256906.665634 67574755063565.25
187 48 1191 8016.77096497358 180177879868.13812 1444444795857387.5
188 36 785 6295.82243666837 4429430868.1760645 27886910241534.324
189 26 724 4285.277943143774 379503424.0 1626277652214.7395
190 12 240 1131.8354418063404 395069.27621432603 447153408.7881529
191 31 810 5350.621552679651 1713422072.3862033 9167873069346.652
192 35 789 6117.310290426031 3680759986.2554646 22516350940508.93
193 38 975 6636.579650383532 13688209892.594687 90842895223372.45
194 59 1224 8967.266196081293 1225337022620.0415 1.0987923261747596e+16
195 43 1038 7393.130324549447 44486404455.25155 328893785808291.9
196 39 909 6798.773358825962 13126415707.147463 89243525406628.81
197 44 1071 7528.2761260995885 42191025148.43005 317625687360593.3
198 21 560 3136.7198300107975 50180032.66757221 157400703538.96335
199 42 1022 7252.650449022947 34938514119.28946 253396830115459.28
