0 0 100 0.0 0.0 0.0
1 1 120 1.0 43.57075425423803 43.57075425423803
2 3 120 32.9215577265747 1997.5354582185753 65761.97889862266
3 0 10 0.0 10.0 0.0
4 21 513 3136.7198300107975 39251426.76792908 123120728699.17976
5 0 100 0.0 0.0 0.0
6 0 6 0.0 6.0 0.0
7 0 100 0.0 0.0 0.0
8 0 100 0.0 0.0 0.0
9 0 6 0.0 6.0 0.0
10 0 100 0.0 0.0 0.0
11 0 100 0.0 0.0 0.0
12 2 50 9.541850352986048 282.0582186126376 2691.3573128316116
13 35 841 6117.310290426031 4544264440.675561 27798675625361.703
14 1 24 1.0 54.8222930413608 54.8222930413608
15 0 18 0.0 18.0 0.0
16 20 270 2902.6872563902634 5104441.965596979 14816598644.522017
17 41 975 7106.788070274764 24539159635.32248 174394606950877.84
18 0 100 0.0 0.0 0.0
19 0 10 0.0 10.0 0.0
20 0 100 0.0 0.0 0.0
21 0 100 0.0 0.0 0.0
22 1 47 1.0 127.85310766976465 127.85310766976465
23 2 152 9.541850352986048 298.47302352672085 2847.984924895254
24 0 18 0.0 18.0 0.0
25 2 48 9.541850352986048 265.93129728965954 2537.4766429133756
26 0 100 0.0 0.0 0.0
27 0 100 0.0 0.0 0.0
28 0 100 0.0 0.0 0.0
29 0 100 0.0 0.0 0.0
30 1 34 1.0 85.02419427196995 85.02419427196995
31 4 176 75.61186198841948 6914.688970939659 522832.5081635358
32 41 1002 7106.788070274764 26983368092.934906 191765078458702.5
33 1 123 1.0 51.960050539976365 51.960050539976365
34 26 680 4285.277943143774 314432000.0 1347428514218.583
35 0 100 0.0 0.0 0.0
36 1 29 1.0 69.58346013935528 69.58346013935528
37 0 7 0.0 7.0 0.0
38 29 643 4937.473672561782 531819697.48161787 2625845754865.26
39 0 10 0.0 10.0 0.0
40 2 60 9.541850352986048 366.8916913478798 3500.825614595415
41 0 6 0.0 6.0 0.0
42 1 44 1.0 117.65777237975428 117.65777237975428
43 29 644 4937.473672561782 534393875.9613095 2638555693337.2124
44 1 42 1.0 110.9598727978785 110.9598727978785
45 1 31 1.0 75.68293941204132 75.68293941204132
46 0 100 0.0 0.0 0.0
47 31 947 5350.621552679651 2813987574.286935 15056582563952.404
48 33 613 5744.298091538941 1072234677.6604985 6159235612567.073
49 0 9 0.0 9.0 0.0
50 0 100 0.0 0.0 0.0
51 0 100 0.0 0.0 0.0
52 0 100 0.0 0.0 0.0
53 0 100 0.0 0.0 0.0
54 1 12 1.0 22.891970023971037 22.891970023971037
55 0 100 0.0 0.0 0.0
56 35 923 6117.310290426031 6178460792.883352 37795561787299.11
57 2 69 9.541850352986048 448.8273474211691 4282.6433834204745
58 0 100 0.0 0.0 0.0
59 0 5 0.0 5.0 0.0
60 34 774 5933.442745663244 2813605701.409712 16694368338186.197
61 0 100 0.0 0.0 0.0
62 0 100 0.0 0.0 0.0
63 44 956 7528.2761260995885 39918179006.06624 300515074008738.25
64 0 18 0.0 18.0 0.0
65 0 100 0.0 0.0 0.0
66 6 141 225.58275470837765 12921.36097430879 2914836.2031659037
67 25 281 4060.496712466729 17959028.737775695 72922577148.83372
68 47 926 7902.318130854768 60447706790.3484 477677009337963.0
69 0 100 0.0 0.0 0.0
70 1 34 1.0 85.02419427196995 85.02419427196995
71 26 906 4285.277943143774 743677416.0 3186864427598.9565
72 1 107 1.0 11.607984241186918 11.607984241186918
73 0 100 0.0 0.0 0.0
74 0 100 0.0 0.0 0.0
75 40 1211 6955.50474228233 42790837737.9738 297631874812710.44
76 2 68 9.541850352986048 439.47602925740523 4193.414504898678
77 0 100 0.0 0.0 0.0
78 3 54 32.9215577265747 562.3460860297637 18513.309133542207
79 0 100 0.0 0.0 0.0
80 45 1134 7658.1450374688 88069352207.02963 674447872557355.9
81 1 111 1.0 20.51504931294799 20.51504931294799
82 48 1396 8016.77096497358 322178954982.81854 2582834891831789.5
83 0 100 0.0 0.0 0.0
84 3 112 32.9215577265747 1790.3207487078541 58940.14787767005
85 37 658 6468.923834840442 2984050339.0315304 19303594362524.77
86 1 36 1.0 91.37308344663872 91.37308344663872
87 0 10 0.0 10.0 0.0
88 35 964 6117.310290426031 7131900426.349304 43628047868400.4
89 0 100 0.0 0.0 0.0
90 0 100 0.0 0.0 0.0
91 1 27 1.0 63.59241768810072 63.59241768810072
92 43 782 7393.130324549447 16369207140.522108 121019681699425.34
93 0 100 0.0 0.0 0.0
94 1 42 1.0 110.9598727978785 110.9598727978785
95 1 12 1.0 22.891970023971037 22.891970023971037
96 1 117 1.0 35.503281577765854 35.503281577765854
97 0 6 0.0 6.0 0.0
98 16 290 1979.1134619514044 2145451.2013085424 4246091354.4695487
99 18 336 2436.3877014920204 5511729.468689084 13428709891.465233
100 30 677 5146.386239304723 779751966.4708588 4012904790316.4253
101 57 1214 8833.632285946418 868220566197.7522 7669541224887143.0
102 37 888 6468.923834840442 8175077529.312969 52883953881041.18
103 0 100 0.0 0.0 0.0
104 40 956 6955.50474228233 18935042680.611313 131702779160310.31
105 44 1044 7528.2761260995885 54600370785.86234 411046667863392.9
106 30 506 5146.386239304723 312439629.9459137 1607935012167.1099
107 25 796 4060.496712466729 392593909.5627309 1594126279113.9292
108 1 40 1.0 104.3443904241405 104.3443904241405
109 49 1108 8126.242482129881 164505482432.2889 1336811439884537.0
110 12 443 1131.8354418063404 914797.5820533434 1035400325.4467179
111 18 296 2436.3877014920204 3930057.2443779106 9575143136.361961
112 21 539 3136.7198300107975 45083658.89477729 141414806864.6906
113 25 539 4060.496712466729 123686123.22867541 502227096747.79126
114 35 877 6117.310290426031 5218798763.576734 31925011380090.6
115 33 955 5744.298091538941 4508728562.743201 25899480878232.883
116 22 867 3370.209833397988 159946329.85314134 539052693686.9751
117 39 861 6798.773358825962 10903591811.364292 74131049522616.45
118 0 100 0.0 0.0 0.0
119 21 488 3136.7198300107975 34123854.26871061 107036970361.06319
120 27 636 4506.6139001521815 325796909.6628705 1468240881713.317
121 29 482 4937.473672561782 217195574.6212089 1072397431489.147
122 30 549 5146.386239304723 403682161.58354074 2077504321426.3198
123 42 829 7252.650449022947 16782562818.619143 121718061762213.94
124 37 800 6468.923834840442 5755951686.917257 37234813059689.09
125 0 100 0.0 0.0 0.0
126 0 100 0.0 0.0 0.0
127 29 878 4937.473672561782 1399980030.6024156 6912364543211.665
128 45 1101 7658.1450374688 79226337068.75534 606726780059919.1
129 49 1200 8126.242482129881 220699170295.487 1793454973426003.5
130 39 899 6798.773358825962 12639097097.747957 85930356627783.34
131 44 1213 7528.2761260995885 93103034166.2581 700905349381275.1
132 40 687 6955.50474228233 6059588475.475757 42147496377450.98
133 41 855 7106.788070274764 15545057639.39837 110475430183409.94
134 39 954 6798.773358825962 15485031937.208 105279222595258.92
135 22 578 3370.209833397988 71541061.60775764 241108389322.19608
136 17 470 2206.0678959513543 10066476.074625088 22207329693.592815
137 40 1337 6955.50474228233 46042883265.62378 320251492902397.94
138 18 525 2436.3877014920204 18133330.20249741 44179822692.4585
139 45 1225 7658.1450374688 116128666217.04747 889330168897952.8
140 19 425 2668.9360872348193 13631549.187405197 36381733551.182205
141 39 770 6798.773358825962 7441481744.877214 50592947837260.94
142 15 264 1756.7778603087352 1264909.7027781648 2222165361.1303825
143 50 1112 8230.818941038662 197817939249.776 1628203641254291.8
144 19 475 2668.9360872348193 18435897.641202144 49204232515.171684
145 19 545 2668.9360872348193 15443832.008033264 41218600571.43216
146 0 100 0.0 0.0 0.0
147 1 105 1.0 7.59708563275366 7.59708563275366
148 32 744 5549.980220652734 1624309453.2563927 9014885337792.236
149 40 764 6955.50474228233 8740418441.358614 60794021918401.77
150 29 556 4937.473672561782 338521006.66917014 1671438558038.1392
151 13 356 1331.5823725933528 637090.1971367325 848338076.2592971
152 31 728 5350.621552679651 1220957999.9269106 6532884189325.568
153 29 703 4937.473672561782 701701054.0525929 3464630480393.5293
154 25 690 4060.496712466729 257086499.01014152 1043898884050.2606
155 36 995 6295.82243666837 9759140647.18011 61441816649118.82
156 24 715 3832.71054120725 221840837.69432086 850251717101.2703
157 46 1110 7782.801884860074 97732945600.70334 760636153234081.0
158 36 834 6295.82243666837 5419676274.221266 34121319486721.48
159 32 704 5549.980220652734 1360464022.546995 7550548416045.477
160 19 596 2668.9360872348193 34133226.12281112 91099398972.91682
161 26 646 4285.277943143774 269586136.0 1155251522378.1577
162 37 866 6468.923834840442 7513856731.231857 48606566900242.055
163 31 808 5350.621552679651 1700026554.746263 9096198723953.088
164 25 667 4060.496712466729 232520731.02221733 944149663896.0741
165 27 542 4506.6139001521815 200462010.91143245 903404884825.9197
166 33 606 5744.298091538941 1033073330.267511 5934281159475.441
167 57 1410 8833.632285946418 1549668122269.5212 1.3689198357382004e+16
168 43 675 7393.130324549447 9737060412.492348 71987356607567.12
169 43 996 7393.130324549447 38450311654.954056 284268165084617.9
170 48 1183 8016.77096497358 175788565775.50616 1409256670083426.2
171 32 800 5549.980220652734 2050032736.897649 11377641141472.543
172 33 724 5744.298091538941 1838411836.8787231 10560385606045.047
173 46 1142 7782.801884860074 108289208683.48196 842793457451809.4
174 19 415 2668.9360872348193 12778382.232886618 34104685477.831345
175 32 615 5549.980220652734 881886462.4068089 4894452423219.2
176 44 927 7528.2761260995885 35775527025.41498 269328046004062.22
177 32 1124 5549.980220652734 4525227883.652489 25114925248217.543
178 31 738 5350.621552679651 1275003484.659535 6822061124760.967
179 26 679 4285.277943143774 313046839.0 1341492714337.58
180 34 735 5933.442745663244 2375833218.1046305 14096870372868.68
181 43 1001 7393.130324549447 39136091495.390274 289338224818911.56
182 31 694 5350.621552679651 1048948158.4436384 5612524624212.162
183 42 998 7252.650449022947 32147567819.401264 233155072180376.22
184 52 1311 8425.648590871551 513578196790.72034 4327229410092085.0
185 34 823 5933.442745663244 3439269289.091079 20406707413739.848
186 46 956 7782.801884860074 57010411061.15208 443700734663382.0
187 19 394 2668.9360872348193 11098407.540284887 29620940395.105362
188 42 1025 7252.650449022947 35299142085.6322 256012338697485.22
189 42 895 7252.650449022947 21948815937.585484 159187089765251.38
190 33 953 5744.298091538941 4478210645.480182 25724176864341.176
191 38 1070 6636.579650383532 18762077785.515324 124516023630263.92
192 40 951 6955.50474228233 18595737349.371258 129342739319788.42
193 47 1406 7902.318130854768 275764212296.3671 2179176534670465.2
194 43 978 7393.130324549447 36052700275.021255 266542311685151.84
195 38 1024 6636.579650383532 16164551523.735872 107277333700001.6
196 36 1065 6295.82243666837 8812662341.027344 55482957293422.35
197 42 1047 7252.650449022947 38025536225.2528 275785922378418.06
198 47 1078 7902.318130854768 105019029627.38042 829893781909222.4
199 19 443 2668.9360872348193 15256148.067800546 40717684130.35064
