0 2 60 9.541850352986048 366.8916913478798 3500.825614595415
1 1 36 1.0 91.37308344663872 91.37308344663872
2 0 5 0.0 5.0 0.0
3 0 10 0.0 10.0 0.0
4 0 100 0.0 0.0 0.0
5 7 146 332.66880679862265 21316.0 7091168.28571944
6 2 47 9.541850352986048 257.9778488812911 2461.586028410529
7 0 18 0.0 18.0 0.0
8 0 100 0.0 0.0 0.0
9 0 100 0.0 0.0 0.0
10 11 331 942.9223974109915 587443.3427919236 553913485.1284875
11 0 100 0.0 0.0 0.0
12 0 100 0.0 0.0 0.0
13 0 100 0.0 0.0 0.0
14 1 37 1.0 94.5824071263594 94.5824071263594
15 26 780 4285.277943143774 474552000.0 2033587218474.7642
16 0 100 0.0 0.0 0.0
17 11 353 942.9223974109915 317521.0882145488 299397745.7278093
18 0 100 0.0 0.0 0.0
19 1 18 1.0 38.15436697768484 38.15436697768484
20 0 10 0.0 10.0 0.0
21 0 100 0.0 0.0 0.0
22 21 516 3136.7198300107975 39898002.595825724 125148855920.14882
23 2 88 9.541850352986048 637.4253019801232 6082.216842701277
24 43 1001 7393.130324549447 39136091495.390274 289338224818911.56
25 1 104 1.0 5.735193251789799 5.735193251789799
26 0 9 0.0 9.0 0.0
27 0 100 0.0 0.0 0.0
28 0 100 0.0 0.0 0.0
29 6 224 225.58275470837765 10105.821436004986 2279699.0381249776
30 0 100 0.0 0.0 0.0
31 15 324 1756.7778603087352 2119224.71476335 3723007059.9153476
32 0 100 0.0 0.0 0.0
33 0 6 0.0 6.0 0.0
34 0 100 0.0 0.0 0.0
35 0 100 0.0 0.0 0.0
36 0 100 0.0 0.0 0.0
37 21 497 3136.7198300107975 35916718.48574377 112660683103.14786
38 0 100 0.0 0.0 0.0
39 6 100 225.58275470837765 6696.723465418967 1510665.3268494436
40 0 10 0.0 10.0 0.0
41 1 33 1.0 81.88562674252243 81.88562674252243
42 2 156 9.541850352986048 332.1417203303481 3169.2465913755254
43 1 112 1.0 22.891970023971037 22.891970023971037
44 0 18 0.0 18.0 0.0
45 0 100 0.0 0.0 0.0
46 19 635 2668.9360872348193 25461944.6792607 67956303005.65548
47 1 30 1.0 72.61998620345668 72.61998620345668
48 1 7 1.0 11.607984241186918 11.607984241186918
49 0 100 0.0 0.0 0.0
50 2 164 9.541850352986048 402.6820690045564 3842.3320422722786
51 3 157 32.9215577265747 612.7419199112477 20172.41848785035
52 0 10 0.0 10.0 0.0
53 0 100 0.0 0.0 0.0
54 0 100 0.0 0.0 0.0
55 38 1116 6636.579650383532 21640818925.89448 143621018501226.12
56 0 10 0.0 10.0 0.0
57 0 5 0.0 5.0 0.0
58 0 11 0.0 11.0 0.0
59 1 8 1.0 13.734791927877684 13.734791927877684
60 0 100 0.0 0.0 0.0
61 5 111 139.6884681067044 5207.131000429813 727376.1526809717
62 21 424 3136.7198300107975 23013489.02988361 72186867397.77187
63 0 7 0.0 7.0 0.0
64 0 100 0.0 0.0 0.0
65 0 18 0.0 18.0 0.0
66 2 47 9.541850352986048 257.9778488812911 2461.586028410529
67 1 6 1.0 9.55892689827884 9.55892689827884
68 0 10 0.0 10.0 0.0
69 1 107 1.0 11.607984241186918 11.607984241186918
70 1 7 1.0 11.607984241186918 11.607984241186918
71 1 8 1.0 13.734791927877684 13.734791927877684
72 2 141 9.541850352986048 211.85407612585806 2021.4798910630518
73 1 10 1.0 18.1937008646705 18.1937008646705
74 0 11 0.0 11.0 0.0
75 0 100 0.0 0.0 0.0
76 0 9 0.0 9.0 0.0
77 0 100 0.0 0.0 0.0
78 1 12 1.0 22.891970023971037 22.891970023971037
79 1 101 1.0 1.0 1.0
80 0 10 0.0 10.0 0.0
81 0 10 0.0 10.0 0.0
82 0 6 0.0 6.0 0.0
83 0 100 0.0 0.0 0.0
84 0 100 0.0 0.0 0.0
85 0 7 0.0 7.0 0.0
86 0 100 0.0 0.0 0.0
87 0 100 0.0 0.0 0.0
88 0 5 0.0 5.0 0.0
89 0 100 0.0 0.0 0.0
90 1 18 1.0 38.15436697768484 38.15436697768484
91 0 100 0.0 0.0 0.0
92 0 6 0.0 6.0 0.0
93 2 99 9.541850352986048 755.4470017622442 7208.362240427321
94 0 11 0.0 11.0 0.0
95 0 18 0.0 18.0 0.0
96 3 33 32.9215577265747 257.33012181535685 8471.708460130769
97 0 6 0.0 6.0 0.0
98 0 18 0.0 18.0 0.0
99 1 9 1.0 15.931997307697284 15.931997307697284
100 31 836 5350.621552679651 1894203513.1223695 10135166142474.062
101 43 975 7393.130324549447 35663787982.895096 263667032424643.9
102 44 798 7528.2761260995885 20994940774.493164 158055711401491.7
103 27 335 4506.6139001521815 46507523.537977055 209591452037.90216
104 10 239 766.6651705632711 58347.49958109673 44732995.71828191
105 3 155 32.9215577265747 578.9666715492328 19060.48469917088
106 25 497 4060.496712466729 97262449.01084337 394933854454.9924
107 22 678 3370.209833397988 112626513.13490078 379574982068.57025
108 41 824 7106.788070274764 13672271768.113394 97165937895182.72
109 26 601 4285.277943143774 217081801.0 930255853683.2261
110 3 171 32.9215577265747 868.3392862126454 28587.081937302275
111 0 100 0.0 0.0 0.0
112 19 452 2668.9360872348193 16112188.78957461 43002402104.835976
113 30 780 5146.386239304723 1216662240.4524784 6261413812146.289
114 8 256 459.67273235884244 36465.56936906108 16762227.908897216
115 46 1222 7782.801884860074 138262077785.88202 1076066359596632.8
116 45 1375 7658.1450374688 175666440467.48502 1345279079315878.8
117 27 564 4506.6139001521815 226205825.78516078 1019422318778.8083
118 28 747 4724.12231882448 672591277.0045667 3177403463143.9316
119 30 805 5146.386239304723 1343417367.168318 6913744652038.013
120 42 761 7252.650449022947 12434760294.157232 90184969830912.17
121 52 1574 8425.648590871551 1020618217632.0999 8599370447209736.0
122 19 374 2668.9360872348193 9634917.542923545 25714979127.84049
123 39 1162 6798.773358825962 30398874272.002014 206675056538787.25
124 26 721 4285.277943143774 374805361.0 1606145146465.3396
125 1 105 1.0 7.59708563275366 7.59708563275366
126 34 927 5933.442745663244 5075917537.480028 30117666090345.71
127 26 677 4285.277943143774 310288733.0 1329673463530.9277
128 42 1042 7252.650449022947 37393138070.368324 271199359616433.88
129 45 1305 7658.1450374688 145673854181.21088 1115591503486793.8
130 19 553 2668.9360872348193 27854887.828106705 74342915330.3119
131 23 533 3602.4235623004615 73323348.70368713 264141759036.93552
132 18 583 2436.3877014920204 14516066.489536302 35366765869.14669
133 21 585 3136.7198300107975 33539299.178167798 105203384816.82378
134 30 963 5146.386239304723 1671581318.5936158 8602603095889.028
135 29 1032 4937.473672561782 1685255086.2914336 8320902620114.788
136 33 753 5744.298091538941 2087848369.6122699 11993223404986.451
137 17 513 2206.0678959513543 12662421.381084444 27934161293.8184
138 50 1105 8230.818941038662 193239217625.86035 1590517012586423.5
139 13 372 1331.5823725933528 737322.3704660116 981805471.4312868
140 31 717 5350.621552679651 1163344184.7064881 6224614467875.072
141 17 480 2206.0678959513543 10637507.974125154 23467064834.64403
142 31 716 5350.621552679651 1158200824.5410237 6197094294120.545
143 20 717 2902.6872563902634 49909727.42670992 144872329771.42252
144 27 520 4506.6139001521815 176760735.8536851 796592389199.3455
145 43 766 7393.130324549447 15217111946.652805 112502091784862.53
146 43 994 7393.130324549447 38178427136.05393 282258087403161.8
147 37 1117 6468.923834840442 17679900096.76095 114369927133534.73
148 43 993 7393.130324549447 38043002909.4568 281256878446827.94
149 38 1138 6636.579650383532 23121958138.379303 153450716858187.97
150 13 406 1331.5823725933528 979359.7852598962 1304098226.478889
151 24 644 3832.71054120725 163392493.60186577 626236132582.0092
152 28 892 4724.12231882448 805011618.4570669 3802973353666.047
153 21 480 3136.7198300107975 16929927.655586418 53104439797.926125
154 9 177 604.9491004987461 69680.55278268627 42153187.72814146
155 47 1008 7902.318130854768 82281076554.36275 650211243081789.9
156 73 1607 9506.925303933323 28835887792196.32 2.7414063131301322e+17
157 24 607 3832.71054120725 137433656.56273142 526743424224.63763
158 38 712 6636.579650383532 4713709298.132519 31282907205809.914
159 40 940 6955.50474228233 17864494124.902267 124256573604232.55
160 36 715 6295.82243666837 3244747927.981366 20428356806318.29
161 27 928 4506.6139001521815 1026179792.0457671 4624596114888.729
162 13 457 1331.5823725933528 1420017.0340596414 1890869651.3361132
163 36 778 6295.82243666837 4299177594.66128 27066858759690.438
164 48 1276 8016.77096497358 231876698004.7595 1858902380018503.0
165 49 1097 8126.242482129881 158568522058.97803 1288566260284216.5
166 64 1618 9234.449738045854 7987715408912.727 7.376215646541896e+16
167 18 551 2436.3877014920204 20629725.333841197 50262009088.52906
168 22 815 3370.209833397988 130998614.58498624 441492819035.8337
169 52 1426 8425.648590871551 704326843737.1084 5934410478446575.0
170 36 1054 6295.82243666837 8482350269.680932 53403371143537.21
171 40 954 6955.50474228233 18798797695.221916 130755126518322.17
172 39 829 6798.773358825962 9578909995.750156 65124838085697.87
173 1 104 1.0 5.735193251789799 5.735193251789799
174 31 721 5350.621552679651 1184074126.5103598 6335532541276.663
175 30 860 5146.386239304723 1653395149.4542575 8509010045284.566
176 31 1006 5350.621552679651 3409214967.530936 18241419082989.082
177 21 602 3136.7198300107975 36938396.257347204 115865400029.2176
178 55 1085 8683.506947919002 410332955746.5029 3563129072184898.5
179 60 1462 9028.149747574074 2876116125095.4907 2.596600706877458e+16
180 31 805 5350.621552679651 1680068056.6554968 8989408353909.52
181 33 892 5744.298091538941 2458919476.6731796 14124766457101.676
182 37 908 6468.923834840442 8810729618.561846 56995938831849.37
183 23 632 3602.4235623004615 119857718.16806878 431778268052.2191
184 19 665 2668.9360872348193 29526283.711961884 78803764120.78873
185 30 999 5146.386239304723 1900568589.3958843 9781060035321.768
186 34 989 5933.442745663244 4426425940.754352 26263944887384.508
187 35 586 6117.310290426031 1378467592.8047915 8432513990483.551
188 63 1279 9188.2629227812 2675975777280.9917 2.4587569016651536e+16
189 37 1206 6468.923834840442 22877779435.29109 147994612677177.03
190 35 1023 6117.310290426031 6178460792.883352 37795561787299.11
191 42 1370 7252.650449022947 97539550744.31258 707420266503235.1
192 29 733 4937.473672561782 798995260.0947248 3945018061219.357
193 42 1193 7252.650449022947 60075329689.45741 435705366847444.9
194 44 1100 7528.2761260995885 65752047043.63871 494999566000802.3
195 40 1113 6955.50474228233 23120344842.578453 160813668195757.25
196 19 659 2668.9360872348193 44836554.193316825 119665897513.80293
197 24 526 3832.71054120725 90408774.28179446 346510662207.4606
198 48 1164 8016.77096497358 165675865300.3826 1328185466536981.0
199 30 777 5146.386239304723 1202022690.0442088 6186073031375.5625
