0 0 100 0.0 0.0 0.0
1 0 100 0.0 0.0 0.0
2 2 45 9.541850352986048 242.29532664846576 2311.945748107533
3 1 19 1.0 40.84402933782601 40.84402933782601
4 0 10 0.0 10.0 0.0
5 1 102 1.0 2.3948263510722025 2.3948263510722025
6 0 9 0.0 9.0 0.0
7 0 100 0.0 0.0 0.0
8 4 31 75.61186198841948 354.97079584466536 26840.002825326264
9 0 100 0.0 0.0 0.0
10 1 6 1.0 9.55892689827884 9.55892689827884
11 1 24 1.0 54.8222930413608 54.8222930413608
12 1 9 1.0 15.931997307697284 15.931997307697284
13 0 100 0.0 0.0 0.0
14 0 11 0.0 11.0 0.0
15 0 100 0.0 0.0 0.0
16 2 20 9.541850352986048 75.23327232919837 717.8646261306569
17 0 100 0.0 0.0 0.0
18 0 100 0.0 0.0 0.0
19 0 6 0.0 6.0 0.0
20 0 100 0.0 0.0 0.0
21 0 100 0.0 0.0 0.0
22 0 100 0.0 0.0 0.0
23 1 9 1.0 15.931997307697284 15.931997307697284
24 0 100 0.0 0.0 0.0
25 1 8 1.0 13.734791927877684 13.734791927877684
26 0 100 0.0 0.0 0.0
27 2 31 9.541850352986048 141.5519192260369 1350.6672304328126
28 0 5 0.0 5.0 0.0
29 0 100 0.0 0.0 0.0
30 1 106 1.0 9.55892689827884 9.55892689827884
31 0 100 0.0 0.0 0.0
32 2 64 9.541850352986048 402.6820690045564 3842.3320422722786
33 0 100 0.0 0.0 0.0
34 0 100 0.0 0.0 0.0
35 1 21 1.0 46.33316012586883 46.33316012586883
36 0 100 0.0 0.0 0.0
37 0 100 0.0 0.0 0.0
38 1 7 1.0 11.607984241186918 11.607984241186918
39 0 100 0.0 0.0 0.0
40 0 100 0.0 0.0 0.0
41 0 10 0.0 10.0 0.0
42 0 10 0.0 10.0 0.0
43 1 14 1.0 27.799106543625292 27.799106543625292
44 0 100 0.0 0.0 0.0
45 0 9 0.0 9.0 0.0
46 0 100 0.0 0.0 0.0
47 1 10 1.0 18.1937008646705 18.1937008646705
48 0 100 0.0 0.0 0.0
49 1 67 1.0 199.85272884066916 199.85272884066916
50 0 10 0.0 10.0 0.0
51 1 30 1.0 72.61998620345668 72.61998620345668
52 1 8 1.0 13.734791927877684 13.734791927877684
53 1 103 1.0 3.9914906122521803 3.9914906122521803
54 0 100 0.0 0.0 0.0
55 0 100 0.0 0.0 0.0
56 1 12 1.0 22.891970023971037 22.891970023971037
57 0 100 0.0 0.0 0.0
58 0 10 0.0 10.0 0.0
59 0 10 0.0 10.0 0.0
60 0 7 0.0 7.0 0.0
61 0 7 0.0 7.0 0.0
62 0 100 0.0 0.0 0.0
63 0 100 0.0 0.0 0.0
64 1 12 1.0 22.891970023971037 22.891970023971037
65 1 12 1.0 22.891970023971037 22.891970023971037
66 1 8 1.0 13.734791927877684 13.734791927877684
67 1 7 1.0 11.607984241186918 11.607984241186918
68 1 103 1.0 3.9914906122521803 3.9914906122521803
69 0 100 0.0 0.0 0.0
70 2 20 9.541850352986048 75.23327232919837 717.8646261306569
71 1 104 1.0 5.735193251789799 5.735193251789799
72 2 8 9.541850352986048 20.066939702021244 191.47573567908114
73 0 100 0.0 0.0 0.0
74 1 102 1.0 2.3948263510722025 2.3948263510722025
75 0 5 0.0 5.0 0.0
76 0 10 0.0 10.0 0.0
77 0 6 0.0 6.0 0.0
78 1 6 1.0 9.55892689827884 9.55892689827884
79 0 100 0.0 0.0 0.0
80 0 5 0.0 5.0 0.0
81 0 100 0.0 0.0 0.0
82 0 100 0.0 0.0 0.0
83 0 5 0.0 5.0 0.0
84 1 28 1.0 66.57403288693754 66.57403288693754
85 0 8 0.0 8.0 0.0
86 1 33 1.0 81.88562674252243 81.88562674252243
87 2 35 9.541850352986048 168.62869283493262 1609.0297522505775
88 0 6 0.0 6.0 0.0
89 0 100 0.0 0.0 0.0
90 0 100 0.0 0.0 0.0
91 3 43 32.9215577265747 391.71440685113555 12895.848457480626
92 0 100 0.0 0.0 0.0
93 1 27 1.0 63.59241768810072 63.59241768810072
94 0 100 0.0 0.0 0.0
95 1 13 1.0 25.320989780782124 25.320989780782124
96 0 100 0.0 0.0 0.0
97 2 40 9.541850352986048 204.4421003683832 1950.7559275652661
98 2 27 9.541850352986048 115.98017876588344 1106.66550969663
99 0 100 0.0 0.0 0.0
100 2 27 9.541850352986048 115.98017876588344 1106.66550969663
101 2 37 9.541850352986048 182.69988024795316 1743.2949168344405
102 2 16 9.541850352986048 54.53075711894446 520.3243240639966
103 2 16 9.541850352986048 54.53075711894446 520.3243240639966
104 0 5 0.0 5.0 0.0
105 2 25 9.541850352986048 103.79546451213633 990.4007896934788
106 2 22 9.541850352986048 86.31942417916456 823.6470280735138
107 0 5 0.0 5.0 0.0
108 1 7 1.0 11.607984241186918 11.607984241186918
109 1 28 1.0 66.57403288693754 66.57403288693754
110 0 10 0.0 10.0 0.0
111 1 17 1.0 35.503281577765854 35.503281577765854
112 2 12 9.541850352986048 36.01211998010309 343.62225974392254
113 0 5 0.0 5.0 0.0
114 0 100 0.0 0.0 0.0
115 1 19 1.0 40.84402933782601 40.84402933782601
116 0 100 0.0 0.0 0.0
117 0 100 0.0 0.0 0.0
118 1 9 1.0 15.931997307697284 15.931997307697284
119 0 100 0.0 0.0 0.0
120 2 29 9.541850352986048 128.5709592386038 1226.8048527946264
121 2 43 9.541850352986048 226.91812071099523 2165.21875020514
122 0 100 0.0 0.0 0.0
123 1 18 1.0 38.15436697768484 38.15436697768484
124 0 100 0.0 0.0 0.0
125 2 26 9.541850352986048 109.8359986590007 1048.0386625749609
126 1 24 1.0 54.8222930413608 54.8222930413608
127 0 10 0.0 10.0 0.0
128 0 5 0.0 5.0 0.0
129 0 100 0.0 0.0 0.0
130 1 7 1.0 11.607984241186918 11.607984241186918
131 2 19 9.541850352986048 69.8685662777562 666.6754038000371
132 1 15 1.0 30.323695983612147 30.323695983612147
133 0 100 0.0 0.0 0.0
134 1 8 1.0 13.734791927877684 13.734791927877684
135 2 17 9.541850352986048 59.51335422080222 567.8675199791454
136 2 20 9.541850352986048 75.23327232919837 717.8646261306569
137 0 100 0.0 0.0 0.0
138 0 100 0.0 0.0 0.0
139 0 100 0.0 0.0 0.0
140 1 6 1.0 9.55892689827884 9.55892689827884
141 1 23 1.0 51.960050539976365 51.960050539976365
142 0 100 0.0 0.0 0.0
143 2 21 9.541850352986048 80.71796600694597 770.1987524356932
144 2 35 9.541850352986048 168.62869283493262 1609.0297522505775
145 1 20 1.0 43.57075425423803 43.57075425423803
146 0 6 0.0 6.0 0.0
147 1 35 1.0 88.18685030395203 88.18685030395203
148 0 100 0.0 0.0 0.0
149 0 9 0.0 9.0 0.0
150 1 8 1.0 13.734791927877684 13.734791927877684
151 1 13 1.0 25.320989780782124 25.320989780782124
152 0 100 0.0 0.0 0.0
153 0 100 0.0 0.0 0.0
154 1 15 1.0 30.323695983612147 30.323695983612147
155 0 100 0.0 0.0 0.0
156 0 8 0.0 8.0 0.0
157 0 100 0.0 0.0 0.0
158 0 10 0.0 10.0 0.0
159 2 24 9.541850352986048 97.86086952638261 933.7737724338355
160 2 33 9.541850352986048 154.90879557685506 1478.1165457556579
161 1 6 1.0 9.55892689827884 9.55892689827884
162 1 16 1.0 32.892441635375256 32.892441635375256
163 0 5 0.0 5.0 0.0
164 1 17 1.0 35.503281577765854 35.503281577765854
165 1 13 1.0 25.320989780782124 25.320989780782124
166 1 19 1.0 40.84402933782601 40.84402933782601
167 1 8 1.0 13.734791927877684 13.734791927877684
168 2 17 9.541850352986048 59.51335422080222 567.8675199791454
169 2 37 9.541850352986048 182.69988024795316 1743.2949168344405
170 1 10 1.0 18.1937008646705 18.1937008646705
171 1 100 1.0 0.0 0.0
172 2 31 9.541850352986048 141.5519192260369 1350.6672304328126
173 2 15 9.541850352986048 49.68406405407534 474.0779041321602
174 0 100 0.0 0.0 0.0
175 0 100 0.0 0.0 0.0
176 0 10 0.0 10.0 0.0
177 1 13 1.0 25.320989780782124 25.320989780782124
178 2 27 9.541850352986048 115.98017876588344 1106.66550969663
179 2 7 9.541850352986048 16.551687764173284 157.9337277350917
180 0 100 0.0 0.0 0.0
181 1 14 1.0 27.799106543625292 27.799106543625292
182 1 23 1.0 51.960050539976365 51.960050539976365
183 2 18 9.541850352986048 64.62733255388774 616.6643359418604
184 1 116 1.0 32.892441635375256 32.892441635375256
185 1 19 1.0 40.84402933782601 40.84402933782601
186 4 39 75.61186198841948 525.6324972119714 39744.05183581987
187 2 29 9.541850352986048 128.5709592386038 1226.8048527946264
188 2 27 9.541850352986048 115.98017876588344 1106.66550969663
189 0 100 0.0 0.0 0.0
190 2 27 9.541850352986048 115.98017876588344 1106.66550969663
191 1 9 1.0 15.931997307697284 15.931997307697284
192 1 13 1.0 25.320989780782124 25.320989780782124
193 1 29 1.0 69.58346013935528 69.58346013935528
194 0 5 0.0 5.0 0.0
195 2 17 9.541850352986048 59.51335422080222 567.8675199791454
196 1 19 1.0 40.84402933782601 40.84402933782601
197 2 9 9.541850352986048 23.78240930402918 226.9281906125095
198 2 14 9.541850352986048 44.97826169706515 429.17584225083993
199 0 100 0.0 0.0 0.0
