0 0 100 0.0 0.0 0.0
1 0 100 0.0 0.0 0.0
2 0 100 0.0 0.0 0.0
3 0 100 0.0 0.0 0.0
4 1 8 1.0 13.734791927877684 13.734791927877684
5 1 31 1.0 75.68293941204132 75.68293941204132
6 39 835 6798.773358825962 9818094176.937332 66750997124605.84
7 0 100 0.0 0.0 0.0
8 1 109 1.0 15.931997307697284 15.931997307697284
9 1 8 1.0 13.734791927877684 13.734791927877684
10 2 41 9.541850352986048 211.85407612585806 2021.4798910630518
11 1 109 1.0 15.931997307697284 15.931997307697284
12 1 35 1.0 88.18685030395203 88.18685030395203
13 14 167 1540.4353185285338 303172.775008611 467018050.2395691
14 31 672 5350.621552679651 946973697.9251579 5066897877939.1
15 0 100 0.0 0.0 0.0
16 1 11 1.0 20.51504931294799 20.51504931294799
17 1 19 1.0 40.84402933782601 40.84402933782601
18 0 100 0.0 0.0 0.0
19 0 100 0.0 0.0 0.0
20 0 100 0.0 0.0 0.0
21 0 6 0.0 6.0 0.0
22 1 50 1.0 138.2191034456061 138.2191034456061
23 43 1026 7393.130324549447 42697168222.167244 315665729155693.7
24 42 801 7252.650449022947 14879232325.23762 107913871004751.38
25 0 100 0.0 0.0 0.0
26 43 1075 7393.130324549447 50341693997.59873 372182704482836.06
27 49 1343 8126.242482129881 251263329049.3446 2041826738722163.0
28 35 789 6117.310290426031 3680759986.2554646 22516350940508.93
29 1 23 1.0 51.960050539976365 51.960050539976365
30 1 62 1.0 181.24749763055752 181.24749763055752
31 1 50 1.0 138.2191034456061 138.2191034456061
32 0 9 0.0 9.0 0.0
33 31 835 5350.621552679651 1887019418.86244 10096726772890.402
34 0 6 0.0 6.0 0.0
35 0 100 0.0 0.0 0.0
36 3 28 32.9215577265747 198.25318874016915 6526.8037975869875
37 2 27 9.541850352986048 115.98017876588344 1106.66550969663
38 1 100 1.0 0.0 0.0
39 0 100 0.0 0.0 0.0
40 2 62 9.541850352986048 384.6592176812078 3670.3606920107695
41 1 103 1.0 3.9914906122521803 3.9914906122521803
42 48 1080 8016.77096497358 125957742806.96916 1009774375348520.1
43 0 10 0.0 10.0 0.0
44 28 622 4724.12231882448 383185623.1769268 1810215754702.7869
45 0 100 0.0 0.0 0.0
46 1 57 1.0 163.02855966848514 163.02855966848514
47 2 52 9.541850352986048 298.47302352672085 2847.984924895254
48 0 5 0.0 5.0 0.0
49 0 100 0.0 0.0 0.0
50 1 102 1.0 2.3948263510722025 2.3948263510722025
51 0 100 0.0 0.0 0.0
52 0 9 0.0 9.0 0.0
53 0 100 0.0 0.0 0.0
54 0 100 0.0 0.0 0.0
55 1 38 1.0 97.81435774219185 97.81435774219185
56 0 100 0.0 0.0 0.0
57 5 143 139.6884681067044 8250.979311199064 1152566.6603615081
58 0 100 0.0 0.0 0.0
59 0 100 0.0 0.0 0.0
60 0 100 0.0 0.0 0.0
61 0 100 0.0 0.0 0.0
62 0 100 0.0 0.0 0.0
63 0 100 0.0 0.0 0.0
64 21 422 3136.7198300107975 22710607.04341492 71236811464.66248
65 43 1137 7393.130324549447 61361910044.65323 453656597923401.1
66 4 104 75.61186198841948 2812.409095796941 212651.48840637392
67 0 100 0.0 0.0 0.0
68 32 737 5549.980220652734 1575797501.15541 8745644963166.529
69 0 18 0.0 18.0 0.0
70 0 100 0.0 0.0 0.0
71 37 954 6468.923834840442 10403233806.859175 67297727132609.19
72 0 100 0.0 0.0 0.0
73 0 100 0.0 0.0 0.0
74 2 138 9.541850352986048 189.8638195218893 1811.6521533242187
75 0 6 0.0 6.0 0.0
76 0 100 0.0 0.0 0.0
77 1 10 1.0 18.1937008646705 18.1937008646705
78 0 100 0.0 0.0 0.0
79 44 1019 7528.2761260995885 50090413153.47161 377094461489745.1
80 0 10 0.0 10.0 0.0
81 0 100 0.0 0.0 0.0
82 0 100 0.0 0.0 0.0
83 2 140 9.541850352986048 204.4421003683832 1950.7559275652661
84 0 100 0.0 0.0 0.0
85 4 203 75.61186198841948 2766.3252371383346 209167.00204558554
86 1 18 1.0 38.15436697768484 38.15436697768484
87 5 223 139.6884681067044 6274.940542472304 876536.8318386087
88 1 104 1.0 5.735193251789799 5.735193251789799
89 0 100 0.0 0.0 0.0
90 0 100 0.0 0.0 0.0
91 0 100 0.0 0.0 0.0
92 1 103 1.0 3.9914906122521803 3.9914906122521803
93 0 100 0.0 0.0 0.0
94 0 10 0.0 10.0 0.0
95 49 879 8126.242482129881 70104798831.2174 569688594463408.1
96 0 100 0.0 0.0 0.0
97 0 10 0.0 10.0 0.0
98 0 5 0.0 5.0 0.0
99 1 105 1.0 7.59708563275366 7.59708563275366
100 21 482 3136.7198300107975 32961223.733751655 103390124107.08136
101 14 220 1540.4353185285338 598289.1109657976 921625677.2227516
102 41 915 7106.788070274764 19677894584.550682 139846626481609.17
103 44 1036 7528.2761260995885 53126710322.63798 399952544980124.06
104 42 1338 7252.650449022947 89788410551.95615 651203956106701.5
105 8 263 459.67273235884244 39951.73547253033 18364723.407135706
106 42 881 7252.650449022947 20769349062.635677 150632828805038.97
107 25 848 4060.496712466729 473544938.55290097 1922827666199.3137
108 34 834 5933.442745663244 3591929919.091601 21312510521364.82
109 22 636 3370.209833397988 93898600.75861259 316457987618.9879
110 0 100 0.0 0.0 0.0
111 39 765 6798.773358825962 7277519619.747643 49478206509073.52
112 30 732 5146.386239304723 996597259.5198437 5128874422521.722
113 45 808 7658.1450374688 26145327509.52814 200224710120089.44
114 42 1069 7252.650449022947 40899181562.30059 296627467522490.44
115 14 226 1540.4353185285338 639338.2042911381 984859150.3746802
116 28 589 4724.12231882448 324094625.59672827 1531062654192.5676
117 33 791 5744.298091538941 2448875679.437196 14067071891807.21
118 10 361 766.6651705632711 236897.4436982532 181621019.07892418
119 33 747 5744.298091538941 2034432712.8152373 11686387949588.957
120 50 1086 8230.818941038662 181201462413.60858 1491436428977834.8
121 28 914 4724.12231882448 1250157748.8196862 5905898123250.448
122 39 963 6798.773358825962 15990364725.276974 108714865692123.5
123 38 1036 6636.579650383532 16815992591.41826 111600674233206.66
124 33 880 5744.298091538941 3459240949.4829545 19870911184288.29
125 15 306 1756.7778603087352 1834955.3406037358 3223608917.0279174
126 40 832 6955.50474228233 11727882272.507149 81573340763352.34
127 20 519 2902.6872563902634 30969975.834985327 89896154186.92632
128 20 641 2902.6872563902634 55450884.412435584 160956575539.54626
129 22 625 3370.209833397988 54421589.594660595 183412176401.07477
130 0 100 0.0 0.0 0.0
131 40 953 6955.50474228233 18730936893.61735 130283120390946.55
132 42 821 7252.650449022947 16221991292.703678 117652432433073.67
133 29 763 4937.473672561782 905052856.752786 4468674652493.711
134 32 785 5549.980220652734 1929273526.149704 10707429910359.812
135 30 610 5146.386239304723 562058156.01154 2892568359786.777
136 27 651 4506.6139001521815 349694660.71173275 1575938818772.4958
137 35 1003 6117.310290426031 8129752661.401717 49732219614211.14
138 22 480 3370.209833397988 42178722.32549526 142151144741.54736
139 45 1454 7658.1450374688 214595032082.54333 1643399880008387.2
140 1 14 1.0 27.799106543625292 27.799106543625292
141 33 874 5744.298091538941 3383414068.1020193 19435338974284.434
142 41 956 7106.788070274764 22916645545.46212 162863743173205.5
143 36 621 6295.82243666837 2028620751.6340895 12771836043628.953
144 50 1009 8230.818941038662 137949275681.6609 1135435511183178.5
145 25 546 4060.496712466729 128505715.03793728 521797033444.73065
146 39 985 6798.773358825962 17274596190.068512 117446064361514.25
147 26 600 4285.277943143774 216000000.0 925620035719.0552
148 44 1123 7528.2761260995885 70774259026.21344 532808164569430.94
149 19 412 2668.9360872348193 12529192.123363271 33439613001.942486
150 18 482 2436.3877014920204 14436008.876696827 35171714485.81378
151 36 804 6295.82243666837 4796867144.351383 30200223793124.77
152 46 936 7782.801884860074 52822356774.14616 411105937864576.0
153 16 473 1979.1134619514044 4098147.408892387 8110698706.00019
154 34 674 5933.442745663244 1789509838.949982 10617954172210.77
155 37 997 6468.923834840442 8456985284.388807 54707593677077.63
156 34 836 5933.442745663244 3620182840.856028 21480147615051.754
157 36 928 6295.82243666837 7736209322.61466 48705800228080.39
158 30 705 5146.386239304723 885617493.3866224 4557729681252.455
159 0 100 0.0 0.0 0.0
160 53 920 8516.089422990353 159373464405.00613 1357238674524802.2
161 1 117 1.0 35.503281577765854 35.503281577765854
162 37 987 6468.923834840442 11663278001.574429 75448857056755.03
163 27 530 4506.6139001521815 187286322.46669015 844027144136.7697
164 20 622 2902.6872563902634 31466385.15196913 91337075185.2886
165 46 960 7782.801884860074 57875959470.45018 450437126454704.94
166 30 782 5146.386239304723 1226489169.2287407 6311986983175.072
167 10 402 766.6651705632711 327707.2621103711 251241744.00067022
168 53 1219 8516.089422990353 461703414419.89136 3931907564099768.5
169 41 976 7106.788070274764 24626756698.022823 175017140711067.75
170 44 987 7528.2761260995885 44716379353.13524 336637251129820.56
171 34 772 5933.442745663244 2789893774.9227633 16553674979986.514
172 35 864 6117.310290426031 4967692933.040322 30388919098964.24
173 22 445 3370.209833397988 16489972.269708283 55574666695.83099
174 49 1214 8126.242482129881 230334392992.9381 1871753129434812.8
175 41 1153 7106.788070274764 43954187276.03431 312373093771943.5
176 40 842 6955.50474228233 12221136290.984064 85004171428018.34
177 37 1226 6468.923834840442 24178480544.6219 156408749085330.53
178 23 544 3602.4235623004615 77773684.72576849 280173754383.03595
179 39 925 6798.773358825962 13933558163.54988 94731104035994.9
180 1 113 1.0 25.320989780782124 25.320989780782124
181 54 1078 8602.009448624298 341118268947.98376 2934302572588921.0
182 46 881 7782.801884860074 42452753468.38055 330401369711212.2
183 45 1110 7658.1450374688 81571418704.2001 624685755348859.8
184 37 777 6468.923834840442 5218243976.907374 33756422838228.69
185 21 615 3136.7198300107975 39681722.24680448 124470445060.53224
186 40 1076 6955.50474228233 28467369838.87244 198004925914582.22
187 42 948 7252.650449022947 26850016391.982807 194733783441587.6
188 43 1071 7393.130324549447 49683503685.752975 367316617729004.56
189 15 366 1756.7778603087352 2881161.222563854 5061560247.780227
190 35 881 6117.310290426031 5297807811.156322 32408334239885.973
191 25 552 4060.496712466729 132734475.3586796 538967900824.91455
192 1 35 1.0 88.18685030395203 88.18685030395203
193 29 744 4937.473672561782 836844504.6000423 4131897709490.7163
194 46 1016 7782.801884860074 71016037049.65463 552703747005344.94
195 43 875 7393.130324549447 24339588555.806095 179945750238986.72
196 32 796 5549.980220652734 1311495252.480848 7278772710748.67
197 32 740 5549.980220652734 1596464411.833284 8860345908650.727
198 19 452 2668.9360872348193 16112188.78957461 43002402104.835976
199 23 447 3602.4235623004615 44137707.556888595 159002717688.8626
