0 0 100 0.0 0.0 0.0
1 0 100 0.0 0.0 0.0
2 1 109 1.0 15.931997307697284 15.931997307697284
3 1 107 1.0 11.607984241186918 11.607984241186918
4 4 232 75.61186198841948 4227.955576718964 319683.5935600428
5 0 100 0.0 0.0 0.0
6 0 100 0.0 0.0 0.0
7 0 100 0.0 0.0 0.0
8 15 447 1756.7778603087352 2519005.744633263 4425333522.162236
9 0 100 0.0 0.0 0.0
10 18 301 2436.3877014920204 4109707.597963853 10012841048.407444
11 0 100 0.0 0.0 0.0
12 8 89 459.67273235884244 11347.35436611675 5216069.386516927
13 0 100 0.0 0.0 0.0
14 0 100 0.0 0.0 0.0
15 1 12 1.0 22.891970023971037 22.891970023971037
16 1 13 1.0 25.320989780782124 25.320989780782124
17 0 100 0.0 0.0 0.0
18 0 100 0.0 0.0 0.0
19 6 113 225.58275470837765 8460.534002517481 1908550.5665917895
20 0 6 0.0 6.0 0.0
21 1 11 1.0 20.51504931294799 20.51504931294799
22 0 100 0.0 0.0 0.0
23 0 100 0.0 0.0 0.0
24 3 35 32.9215577265747 282.5239294230334 9301.12785163911
25 0 6 0.0 6.0 0.0
26 3 133 32.9215577265747 257.33012181535685 8471.708460130769
27 20 368 2902.6872563902634 11994429.050666729 34816076353.04748
28 4 70 75.61186198841948 1429.1350405139644 108059.56144615616
29 0 6 0.0 6.0 0.0
30 3 98 32.9215577265747 1448.352813330803 47682.0307525169
31 0 100 0.0 0.0 0.0
32 0 100 0.0 0.0 0.0
33 0 100 0.0 0.0 0.0
34 0 100 0.0 0.0 0.0
35 1 24 1.0 54.8222930413608 54.8222930413608
36 0 6 0.0 6.0 0.0
37 0 100 0.0 0.0 0.0
38 17 212 2206.0678959513543 1249466.7043011936 2756408383.4190073
39 7 109 332.66880679862265 11881.0 3952438.093574436
40 1 103 1.0 3.9914906122521803 3.9914906122521803
41 4 58 75.61186198841948 1036.142416344768 78344.65738500807
42 1 105 1.0 7.59708563275366 7.59708563275366
43 14 300 1540.4353185285338 1285601.433375647 1980385853.5227544
44 26 435 4285.277943143774 82312875.0 352733547674.25055
45 23 353 3602.4235623004615 22338496.949753672 80472727758.16962
46 1 37 1.0 94.5824071263594 94.5824071263594
47 8 203 459.67273235884244 15376.94813547303 7068363.764773096
48 0 5 0.0 5.0 0.0
49 2 115 9.541850352986048 49.68406405407534 474.0779041321602
50 0 100 0.0 0.0 0.0
51 0 100 0.0 0.0 0.0
52 0 100 0.0 0.0 0.0
53 0 100 0.0 0.0 0.0
54 0 100 0.0 0.0 0.0
55 0 100 0.0 0.0 0.0
56 26 608 4285.277943143774 224755712.0 963140695229.1744
57 0 100 0.0 0.0 0.0
58 0 100 0.0 0.0 0.0
59 0 100 0.0 0.0 0.0
60 0 6 0.0 6.0 0.0
61 0 100 0.0 0.0 0.0
62 1 102 1.0 2.3948263510722025 2.3948263510722025
63 0 100 0.0 0.0 0.0
64 1 27 1.0 63.59241768810072 63.59241768810072
65 0 100 0.0 0.0 0.0
66 0 100 0.0 0.0 0.0
67 0 6 0.0 6.0 0.0
68 4 85 75.61186198841948 1991.8652456125124 150608.64005078256
69 2 27 9.541850352986048 115.98017876588344 1106.66550969663
70 0 100 0.0 0.0 0.0
71 0 8 0.0 8.0 0.0
72 0 100 0.0 0.0 0.0
73 0 8 0.0 8.0 0.0
74 0 6 0.0 6.0 0.0
75 1 111 1.0 20.51504931294799 20.51504931294799
76 0 100 0.0 0.0 0.0
77 0 100 0.0 0.0 0.0
78 6 116 225.58275470837765 8895.411906640642 2006651.5221656978
79 3 132 32.9215577265747 245.06238675558936 8067.83551218631
80 1 110 1.0 18.1937008646705 18.1937008646705
81 0 6 0.0 6.0 0.0
82 0 100 0.0 0.0 0.0
83 6 83 225.58275470837765 4688.828251009056 1057718.7932170872
84 1 41 1.0 107.64164596635766 107.64164596635766
85 0 100 0.0 0.0 0.0
86 5 66 139.6884681067044 2024.56047903646 282807.7519059787
87 3 78 32.9215577265747 1008.1216991286578 33188.93671327668
88 7 97 332.66880679862265 9409.0 3130080.8031682405
89 21 473 3136.7198300107975 31265553.42131918 98071281412.9138
90 0 100 0.0 0.0 0.0
91 0 100 0.0 0.0 0.0
92 0 100 0.0 0.0 0.0
93 0 100 0.0 0.0 0.0
94 1 105 1.0 7.59708563275366 7.59708563275366
95 27 451 4506.6139001521815 114721077.25987725 517003601419.79517
96 0 100 0.0 0.0 0.0
97 8 167 459.67273235884244 42018.11591959734 19314582.153331883
98 6 135 225.58275470837765 11890.001118337372 2682179.2057602354
99 0 10 0.0 10.0 0.0
100 11 165 942.9223974109915 119335.84349280817 112524439.64330155
101 0 100 0.0 0.0 0.0
102 8 131 459.67273235884244 25357.227736120636 11656026.158507997
103 1 9 1.0 15.931997307697284 15.931997307697284
104 1 105 1.0 7.59708563275366 7.59708563275366
105 0 100 0.0 0.0 0.0
106 7 166 332.66880679862265 27556.0 9167021.640142845
107 2 114 9.541850352986048 44.97826169706515 429.17584225083993
108 9 193 604.9491004987461 83962.22765060987 50792874.093107395
109 26 556 4285.277943143774 94818816.0 406324980799.808
110 13 182 1331.5823725933528 279958.44476236077 372787730.1042095
111 16 232 1979.1134619514044 1208747.8329140423 2392249108.2247677
112 9 110 604.9491004987461 25006.172162451465 15127461.356591798
113 4 49 75.61186198841948 776.5950928818146 58719.80098386357
114 2 39 9.541850352986048 197.11162840858907 1880.8096611081503
115 8 260 459.67273235884244 38437.428033367876 17668637.56894458
116 0 100 0.0 0.0 0.0
117 26 459 4285.277943143774 96702579.0 414397428833.8183
118 14 346 1540.4353185285338 1827679.8865256165 2815422648.1682825
119 4 41 75.61186198841948 572.5607883495287 43292.38730866522
120 26 472 4285.277943143774 105154048.0 450614322526.68164
121 31 825 5350.621552679651 1816201925.999176 9717809169269.484
122 16 317 1979.1134619514044 2697289.9739892757 5338242898.308729
123 20 393 2902.6872563902634 14379120.733408576 41738090510.96209
124 14 303 1540.4353185285338 1317539.8879790967 2029584977.0131285
125 7 149 332.66880679862265 22201.0 7385580.179736221
126 9 199 604.9491004987461 89686.85912801698 54255984.75605163
127 18 329 2436.3877014920204 5210623.385138517 12695098732.658203
128 20 380 2902.6872563902634 13104707.581370598 38038867695.165306
129 23 364 3602.4235623004615 24405895.093416456 87920371543.55667
130 15 365 1756.7778603087352 2861366.128323333 5026784664.475755
131 20 306 2902.6872563902634 7209695.7739081485 20927492045.37392
132 0 100 0.0 0.0 0.0
133 8 236 459.67273235884244 27411.939785516835 12600521.260464584
134 13 295 1331.5823725933528 896648.9117016012 1193961885.226866
135 7 211 332.66880679862265 12321.0 4098812.36856583
136 0 100 0.0 0.0 0.0
137 24 576 3832.71054120725 117902850.89866078 451887499477.6839
138 14 268 1540.4353185285338 973408.977104957 1499473567.7052088
139 11 238 942.9223974109915 276059.68146551965 260302856.67598245
140 28 450 4724.12231882448 141745554.82307014 669623339133.8246
141 29 520 4937.473672561782 274950095.9795629 1357558860167.4268
142 16 277 1979.1134619514044 1906791.7567046778 3773757234.832195
143 24 649 3832.71054120725 167129601.49262455 640559385388.5491
144 18 343 2436.3877014920204 5823485.653749988 14188268826.61169
145 13 344 1331.5823725933528 1298574.014341037 1729158267.0043128
146 14 280 1540.4353185285338 1084452.875593297 1670529510.8437448
147 17 272 2206.0678959513543 2400907.9178461796 5296565878.6958685
148 13 205 1331.5823725933528 372954.3568141739 496619447.3156456
149 27 446 4506.6139001521815 110902417.90227379 499794378078.87317
150 14 271 1540.4353185285338 1000502.6462075082 1541209612.4993038
151 23 418 3602.4235623004615 36373134.80542197 131031437857.78313
152 23 482 3602.4235623004615 54858872.324329555 197624894262.39746
153 23 266 3602.4235623004615 9875725.202736609 35576545165.14286
154 18 278 2436.3877014920204 3324246.0622140295 8099152222.711539
155 35 619 6117.310290426031 1651807464.9959464 10104618803422.24
156 26 461 4285.277943143774 97972181.0 419838026280.9895
157 12 204 1131.8354418063404 269596.0522671843 305138366.9270738
158 16 328 1979.1134619514044 2944557.9021124905 5827614183.5662155
159 14 247 1540.4353185285338 795972.5966918325 1226144300.5249672
160 25 392 4060.496712466729 48150386.53057797 195514486211.41412
161 0 100 0.0 0.0 0.0
162 21 299 3136.7198300107975 8648246.095497342 27127125022.559967
163 17 324 2206.0678959513543 3797425.219187417 8377377863.325396
164 8 136 459.67273235884244 27411.939785516835 12600521.260464584
165 21 334 3136.7198300107975 11793341.120199235 36992406953.81069
166 18 323 2436.3877014920204 4960896.285159671 12086666697.540472
167 14 194 1540.4353185285338 438736.98861418 675845952.8061341
168 10 207 766.6651705632711 141472.4708480404 108462015.99272029
169 20 334 2902.6872563902634 9179629.27581257 26645592917.288128
170 20 336 2902.6872563902634 9332081.224172609 27088113245.00468
171 13 211 1331.5823725933528 399807.9074474108 532377161.9804069
172 34 653 5933.442745663244 1613495183.7237525 9573581293028.281
173 17 304 2206.0678959513543 3213435.4257543245 7089056728.469387
174 17 340 2206.0678959513543 4308752.877601366 9505401394.864388
175 0 100 0.0 0.0 0.0
176 0 100 0.0 0.0 0.0
177 0 100 0.0 0.0 0.0
178 8 236 459.67273235884244 27411.939785516835 12600521.260464584
179 23 381 3602.4235623004615 27840425.870867122 100293006141.69107
180 14 171 1540.4353185285338 321397.1115610502 495091461.921697
181 16 228 1979.1134619514044 1155884.5639474 2287626700.9701285
182 23 431 3602.4235623004615 39732639.94715995 143133798338.0496
183 12 149 1131.8354418063404 128791.81270302724 145771138.23177028
184 20 375 2902.6872563902634 12634471.942174722 36673920697.770905
185 17 272 2206.0678959513543 2400907.9178461796 5296565878.6958685
186 30 546 5146.386239304723 396793007.02702487 2042050071216.223
187 28 515 4724.12231882448 214551214.76366255 1013566182195.9226
188 17 281 2206.0678959513543 2614724.9731380623 5768260819.982146
189 16 204 1979.1134619514044 868379.436615572 1718621433.0876548
190 28 477 4724.12231882448 169534107.3169854 800899860178.1554
191 26 465 4285.277943143774 100544625.0 430861663814.16205
192 21 329 3136.7198300107975 11305295.253153095 35461543804.69225
193 28 524 4724.12231882448 226280571.8538015 1068977099810.9102
194 24 423 3832.71054120725 47804174.25246587 183219562571.13416
195 14 222 1540.4353185285338 611792.3416496987 942426530.6824712
196 30 458 5146.386239304723 228450088.8067071 1175692393402.7793
197 19 218 2668.9360872348193 2226114.5174796367 5941357370.018729
198 13 187 1331.5823725933528 298855.6518209848 397950917.9147199
199 25 282 4060.496712466729 18149027.137046944 73694065024.44858
