0 0 100 0.0 0.0 0.0
1 0 100 0.0 0.0 0.0
2 0 100 0.0 0.0 0.0
3 6 170 225.58275470837765 3384.897920195671 763574.5972443977
4 1 11 1.0 20.51504931294799 20.51504931294799
5 2 37 9.541850352986048 182.69988024795316 1743.2949168344405
6 2 29 9.541850352986048 128.5709592386038 1226.8048527946264
7 0 100 0.0 0.0 0.0
8 0 100 0.0 0.0 0.0
9 0 5 0.0 5.0 0.0
10 3 40 32.9215577265747 349.23013798641597 11497.20014757944
11 5 67 139.6884681067044 2080.6456750556 290642.2070213566
12 5 114 139.6884681067044 5465.679515018471 763492.3986151252
13 1 108 1.0 13.734791927877684 13.734791927877684
14 0 6 0.0 6.0 0.0
15 0 8 0.0 8.0 0.0
16 3 49 32.9215577265747 481.96892224029307 15867.1676959488
17 2 28 9.541850352986048 122.22584512913716 1166.2607234894754
18 3 45 32.9215577265747 421.0282951259743 13860.907322511091
19 0 100 0.0 0.0 0.0
20 0 100 0.0 0.0 0.0
21 0 5 0.0 5.0 0.0
22 11 116 942.9223974109915 53263.405056572745 50223257.5902163
23 0 5 0.0 5.0 0.0
24 12 231 1131.8354418063404 361112.7616981537 408720222.1785375
25 0 100 0.0 0.0 0.0
26 3 20 32.9215577265747 116.21344721391306 3825.92771105708
27 4 149 75.61186198841948 776.5950928818146 58719.80098386357
28 10 246 766.6651705632711 207678.75712180443 159220069.75115636
29 2 41 9.541850352986048 211.85407612585806 2021.4798910630518
30 0 9 0.0 9.0 0.0
31 3 61 32.9215577265747 682.3928350558612 22465.435111492498
32 0 100 0.0 0.0 0.0
33 0 5 0.0 5.0 0.0
34 2 15 9.541850352986048 49.68406405407534 474.0779041321602
35 0 100 0.0 0.0 0.0
36 0 7 0.0 7.0 0.0
37 6 186 225.58275470837765 5018.366904356723 1132057.0304221432
38 0 100 0.0 0.0 0.0
39 0 100 0.0 0.0 0.0
40 1 105 1.0 7.59708563275366 7.59708563275366
41 1 7 1.0 11.607984241186918 11.607984241186918
42 0 100 0.0 0.0 0.0
43 0 100 0.0 0.0 0.0
44 0 7 0.0 7.0 0.0
45 0 6 0.0 6.0 0.0
46 8 115 459.67273235884244 19338.564883686733 8889410.959983042
47 0 100 0.0 0.0 0.0
48 0 100 0.0 0.0 0.0
49 2 105 9.541850352986048 10.188005914414083 97.21242783067595
50 0 8 0.0 8.0 0.0
51 4 94 75.61186198841948 2365.92606792603 178892.07532282695
52 0 100 0.0 0.0 0.0
53 0 100 0.0 0.0 0.0
54 8 164 459.67273235884244 40463.25900302208 18599856.82606269
55 1 15 1.0 30.323695983612147 30.323695983612147
56 1 104 1.0 5.735193251789799 5.735193251789799
57 1 101 1.0 1.0 1.0
58 6 90 225.58275470837765 5474.33581455389 1234915.7532457968
59 0 8 0.0 8.0 0.0
60 7 99 332.66880679862265 9801.0 3260486.9754333007
61 0 100 0.0 0.0 0.0
62 2 9 9.541850352986048 23.78240930402918 226.9281906125095
63 0 5 0.0 5.0 0.0
64 1 14 1.0 27.799106543625292 27.799106543625292
65 0 100 0.0 0.0 0.0
66 13 137 1331.5823725933528 141188.8970662578 188004646.53932625
67 0 5 0.0 5.0 0.0
68 0 9 0.0 9.0 0.0
69 13 210 1331.5823725933528 395256.36191619065 526316404.1829781
70 0 100 0.0 0.0 0.0
71 1 104 1.0 5.735193251789799 5.735193251789799
72 1 113 1.0 25.320989780782124 25.320989780782124
73 0 7 0.0 7.0 0.0
74 0 100 0.0 0.0 0.0
75 6 180 225.58275470837765 4369.987349380403 985793.784313993
76 5 160 139.6884681067044 1702.6102917613564 237835.0234388529
77 1 106 1.0 9.55892689827884 9.55892689827884
78 2 116 9.541850352986048 54.53075711894446 520.3243240639966
79 1 102 1.0 2.3948263510722025 2.3948263510722025
80 3 35 32.9215577265747 282.5239294230334 9301.12785163911
81 2 35 9.541850352986048 168.62869283493262 1609.0297522505775
82 1 55 1.0 155.85458639063 155.85458639063
83 1 103 1.0 3.9914906122521803 3.9914906122521803
84 1 104 1.0 5.735193251789799 5.735193251789799
85 1 12 1.0 22.891970023971037 22.891970023971037
86 3 118 32.9215577265747 98.31525163284788 3236.6912320335186
87 0 100 0.0 0.0 0.0
88 2 24 9.541850352986048 97.86086952638261 933.7737724338355
89 3 77 32.9215577265747 987.6825062906825 32516.04664637668
90 0 100 0.0 0.0 0.0
91 7 91 332.66880679862265 8281.0 2754830.389099394
92 2 40 9.541850352986048 204.4421003683832 1950.7559275652661
93 0 100 0.0 0.0 0.0
94 2 33 9.541850352986048 154.90879557685506 1478.1165457556579
95 0 8 0.0 8.0 0.0
96 0 5 0.0 5.0 0.0
97 1 27 1.0 63.59241768810072 63.59241768810072
98 0 7 0.0 7.0 0.0
99 1 20 1.0 43.57075425423803 43.57075425423803
100 15 210 1756.7778603087352 710601.2118835767 1248368476.545624
101 3 128 32.9215577265747 198.25318874016915 6526.8037975869875
102 7 103 332.66880679862265 10609.0 3529283.3713265876
103 4 78 75.61186198841948 1719.6349352173313 130024.79939211752
104 12 159 1131.8354418063404 150044.96268779706 169826206.63455865
105 6 168 225.58275470837765 3202.3105181925803 722386.0281254946
106 1 18 1.0 38.15436697768484 38.15436697768484
107 0 100 0.0 0.0 0.0
108 10 123 766.6651705632711 44453.64316262519 34081059.91743283
109 11 115 942.9223974109915 52218.012143560736 49237533.198442556
110 13 174 1331.5823725933528 251213.18992329275 334511055.46480274
111 7 145 332.66880679862265 21025.0 6994361.662941041
112 1 26 1.0 60.63937356224698 60.63937356224698
113 7 151 332.66880679862265 22801.0 7585181.463815395
114 9 200 604.9491004987461 90660.65355167646 54845080.81671513
115 14 188 1540.4353185285338 406027.59134880477 625459242.0107694
116 3 46 32.9215577265747 435.9769523615719 14353.040404627594
117 14 186 1540.4353185285338 395457.87275874446 609177274.1877329
118 3 32 32.9215577265747 245.06238675558936 8067.83551218631
119 4 79 75.61186198841948 1757.505455801544 132888.25996796062
120 4 164 75.61186198841948 1226.095534977771 92707.36637535656
121 12 148 1131.8354418063404 126768.58795140548 143481180.75114495
122 2 22 9.541850352986048 86.31942417916456 823.6470280735138
123 0 100 0.0 0.0 0.0
124 11 163 942.9223974109915 116050.04572860713 109426187.33807343
125 10 120 766.6651705632711 42078.2525506963 32259930.668783974
126 5 70 139.6884681067044 2253.023098877021 314721.345291151
127 0 100 0.0 0.0 0.0
128 11 180 942.9223974109915 145641.49049735971 137328623.38228056
129 12 137 1131.8354418063404 105717.08693673376 119654345.79951735
130 5 51 139.6884681067044 1267.2460047423704 177019.65311680315
131 8 89 459.67273235884244 11347.35436611675 5216069.386516927
132 3 133 32.9215577265747 257.33012181535685 8471.708460130769
133 3 44 32.9215577265747 406.27351121486885 13375.156852238497
134 12 132 1131.8354418063404 96867.71209580435 109638309.71672411
135 13 176 1331.5823725933528 258228.9833600467 343853162.33494043
136 6 206 225.58275470837765 7486.36063642395 1688793.855104878
137 12 176 1131.8354418063404 190524.93737518354 215642876.6691662
138 0 100 0.0 0.0 0.0
139 10 231 766.6651705632711 180561.8455621032 138430478.12508887
140 14 175 1540.4353185285338 340257.35278297117 524144443.6159119
141 10 97 766.6651705632711 26214.45188399616 20097707.22486658
142 3 53 32.9215577265747 545.90532331836 17972.053614869816
143 4 43 75.61186198841948 621.143248020611 46965.797544373054
144 10 158 766.6651705632711 77583.53920841981 59480597.3201254
145 15 189 1756.7778603087352 544909.3911182001 957284754.1907674
146 14 177 1540.4353185285338 349928.0948298758 539041596.2213427
147 15 313 1756.7778603087352 1942574.5006651205 3412671874.76878
148 11 212 942.9223974109915 211826.15637676563 199735627.20513543
149 11 219 942.9223974109915 228180.97122161838 215156948.42785686
150 10 119 766.6651705632711 41302.383909052856 31665099.20430371
151 11 122 942.9223974109915 59782.163299571446 56369940.7408473
152 5 93 139.6884681067044 3775.468945982596 527389.4734487426
153 14 191 1540.4353185285338 422193.97589803796 650362511.7433223
154 14 168 1540.4353185285338 307669.623241192 473945154.0790996
155 7 142 332.66880679862265 20164.0 6707933.820287427
156 3 61 32.9215577265747 682.3928350558612 22465.435111492498
157 0 100 0.0 0.0 0.0
158 13 130 1331.5823725933528 124424.01675338837 165680827.43607196
159 6 83 225.58275470837765 4688.828251009056 1057718.7932170872
160 7 93 332.66880679862265 8649.0 2877252.5100012873
161 0 100 0.0 0.0 0.0
162 2 108 9.541850352986048 20.066939702021244 191.47573567908114
163 0 100 0.0 0.0 0.0
164 8 109 459.67273235884244 17298.876533787272 7951821.843024257
165 15 184 1756.7778603087352 509311.28460839536 894746788.80543
166 11 136 942.9223974109915 76662.81301119635 72287083.43678781
167 10 193 766.6651705632711 121069.27760859807 92819598.36776786
168 9 95 604.9491004987461 18233.76455050816 11030499.463535836
169 8 65 459.67273235884244 5902.17042720103 2713066.807119054
170 13 184 1331.5823725933528 287430.702209323 382737656.40406376
171 3 39 32.9215577265747 335.47304520277595 11044.29522335299
172 8 122 459.67273235884244 21867.711360392437 10051990.63146609
173 8 131 459.67273235884244 25357.227736120636 11656026.158507997
174 7 55 332.66880679862265 3025.0 1006323.1405658335
175 8 190 459.67273235884244 11614.171379010651 5338717.891873691
176 9 177 604.9491004987461 11596.343218252885 7015197.398956818
177 13 104 1331.5823725933528 72667.01141764777 96762111.47277968
178 11 198 942.9223974109915 181155.15933402994 170815257.14261368
179 16 248 1979.1134619514044 1434859.9927956641 2839750727.757394
180 5 90 139.6884681067044 3557.085524945249 496883.82790413423
181 12 295 1131.8354418063404 641768.1777245014 726375968.972061
182 12 192 1131.8354418063404 233778.93808446685 264599287.67184964
183 12 198 1131.8354418063404 251320.85466166472 284453850.57113236
184 12 254 1131.8354418063404 451407.67214080825 510919202.0322634
185 15 238 1756.7778603087352 974089.068909004 1711258110.2280881
186 10 90 766.6651705632711 22191.999458763104 17013833.050192636
187 10 158 766.6651705632711 77583.53920841981 59480597.3201254
188 14 189 1540.4353185285338 411374.7091086738 633696131.0604029
189 13 148 1331.5823725933528 170074.61033155065 226468353.14317617
190 5 160 139.6884681067044 1702.6102917613564 237835.0234388529
191 5 173 139.6884681067044 2431.5451615879456 339658.8187544891
192 12 235 1131.8354418063404 375988.1101704417 425556668.7886929
193 5 44 139.6884681067044 969.0623078155637 135366.82927870372
194 11 135 942.9223974109915 75378.38222771238 71075964.88311663
195 12 211 1131.8354418063404 291854.20919927256 330330937.81209874
196 8 226 459.67273235884244 23385.5071842533 10749679.984983055
197 9 131 604.9491004987461 36435.331696668785 22041521.136273235
198 5 190 139.6884681067044 3557.085524945249 496883.82790413423
199 5 53 139.6884681067044 1358.9929081032851 189835.63750082318
