0 0 100 0.0 0.0 0.0
1 0 100 0.0 0.0 0.0
2 0 100 0.0 0.0 0.0
3 0 100 0.0 0.0 0.0
4 14 335 1540.4353185285338 1687702.879380404 2599797122.5798764
5 0 7 0.0 7.0 0.0
6 1 108 1.0 13.734791927877684 13.734791927877684
7 0 7 0.0 7.0 0.0
8 0 8 0.0 8.0 0.0
9 30 773 5146.386239304723 1182690702.8496077 6086583158498.853
10 0 6 0.0 6.0 0.0
11 0 100 0.0 0.0 0.0
12 0 8 0.0 8.0 0.0
13 0 100 0.0 0.0 0.0
14 9 231 604.9491004987461 123665.23959503064 74811175.45597571
15 0 100 0.0 0.0 0.0
16 20 631 2902.6872563902634 53096842.262198605 154123527389.04785
17 0 5 0.0 5.0 0.0
18 9 313 604.9491004987461 103834.5270766233 62814603.755715966
19 1 10 1.0 18.1937008646705 18.1937008646705
20 0 100 0.0 0.0 0.0
21 4 89 75.61186198841948 2154.8151586700715 162929.58638791565
22 0 100 0.0 0.0 0.0
23 0 5 0.0 5.0 0.0
24 2 11 9.541850352986048 31.76494829034237 303.0963830567869
25 1 42 1.0 110.9598727978785 110.9598727978785
26 0 100 0.0 0.0 0.0
27 0 100 0.0 0.0 0.0
28 6 103 225.58275470837765 7086.292798564201 1598545.450170251
29 1 27 1.0 63.59241768810072 63.59241768810072
30 0 100 0.0 0.0 0.0
31 32 755 5549.980220652734 1702603991.7413359 9449418477768.805
32 2 26 9.541850352986048 109.8359986590007 1048.0386625749609
33 3 84 32.9215577265747 1133.9736498594843 37332.17897426362
34 0 6 0.0 6.0 0.0
35 1 44 1.0 117.65777237975428 117.65777237975428
36 1 19 1.0 40.84402933782601 40.84402933782601
37 6 99 225.58275470837765 6569.204673563341 1481899.2865055674
38 0 100 0.0 0.0 0.0
39 32 534 5549.980220652734 560637596.6286603 3111527572243.3506
40 1 104 1.0 5.735193251789799 5.735193251789799
41 0 100 0.0 0.0 0.0
42 0 100 0.0 0.0 0.0
43 0 100 0.0 0.0 0.0
44 4 179 75.61186198841948 1757.505455801544 132888.25996796062
45 0 5 0.0 5.0 0.0
46 2 138 9.541850352986048 189.8638195218893 1811.6521533242187
47 0 100 0.0 0.0 0.0
48 0 100 0.0 0.0 0.0
49 21 484 3136.7198300107975 33345888.99030034 104596711245.2138
50 1 40 1.0 104.3443904241405 104.3443904241405
51 1 16 1.0 32.892441635375256 32.892441635375256
52 1 113 1.0 25.320989780782124 25.320989780782124
53 0 100 0.0 0.0 0.0
54 2 154 9.541850352986048 315.16948038953416 3007.300017705306
55 2 19 9.541850352986048 69.8685662777562 666.6754038000371
56 0 9 0.0 9.0 0.0
57 37 888 6468.923834840442 8175077529.312969 52883953881041.18
58 1 115 1.0 30.323695983612147 30.323695983612147
59 0 100 0.0 0.0 0.0
60 2 28 9.541850352986048 122.22584512913716 1166.2607234894754
61 18 422 2436.3877014920204 10124837.753741024 24668030182.816723
62 0 100 0.0 0.0 0.0
63 30 784 5146.386239304723 1236370064.558078 6362837886929.984
64 26 555 4285.277943143774 170953875.0 732584869832.4579
65 0 100 0.0 0.0 0.0
66 1 111 1.0 20.51504931294799 20.51504931294799
67 0 100 0.0 0.0 0.0
68 1 12 1.0 22.891970023971037 22.891970023971037
69 0 100 0.0 0.0 0.0
70 7 215 332.66880679862265 13225.0 4399544.969911785
71 10 146 766.6651705632711 65084.513101468925 49898029.33796512
72 0 10 0.0 10.0 0.0
73 2 18 9.541850352986048 64.62733255388774 616.6643359418604
74 1 20 1.0 43.57075425423803 43.57075425423803
75 26 455 4285.277943143774 94196375.0 403657648111.5996
76 1 101 1.0 1.0 1.0
77 36 680 6295.82243666837 2745036312.794877 17282261207563.4
78 1 24 1.0 54.8222930413608 54.8222930413608
79 0 100 0.0 0.0 0.0
80 7 243 332.66880679862265 20449.0 6802744.430225034
81 0 5 0.0 5.0 0.0
82 0 100 0.0 0.0 0.0
83 8 121 459.67273235884244 21496.519829988905 9881364.00645704
84 2 32 9.541850352986048 148.1842032776824 1413.95149235211
85 12 275 1131.8354418063404 544111.0902077595 615844216.177029
86 1 11 1.0 20.51504931294799 20.51504931294799
87 22 436 3370.209833397988 32088430.135440636 108144742780.76636
88 18 311 2436.3877014920204 4484209.88753331 10925273820.895073
89 11 260 942.9223974109915 111217.99791590677 104869941.23011747
90 1 14 1.0 27.799106543625292 27.799106543625292
91 19 435 2668.9360872348193 14519836.307323541 38752515101.35816
92 0 100 0.0 0.0 0.0
93 9 175 604.9491004987461 67995.31391785582 41133703.99273675
94 28 597 4724.12231882448 337810111.6969038 1595856288191.934
95 0 100 0.0 0.0 0.0
96 2 46 9.541850352986048 250.0988923255542 2386.406204018009
97 0 100 0.0 0.0 0.0
98 0 9 0.0 9.0 0.0
99 0 100 0.0 0.0 0.0
100 25 478 4060.496712466729 86655196.07832406 351863138794.19464
101 22 473 3370.209833397988 40452863.945990026 136334639859.88652
102 35 1041 6117.310290426031 9191846981.791843 56229380129736.7
103 26 410 4285.277943143774 68921000.0 295345641119.41205
104 2 51 9.541850352986048 290.23003402420613 2769.3315526010238
105 38 760 6636.579650383532 5880957208.076515 39029440931896.95
106 14 323 1540.4353185285338 1542501.3667381695 2376123584.2020106
107 1 27 1.0 63.59241768810072 63.59241768810072
108 0 100 0.0 0.0 0.0
109 39 947 6798.773358825962 15099888693.652407 102660720971641.33
110 11 352 942.9223974109915 314655.11951385817 296695359.6496492
111 20 526 2902.6872563902634 32136113.540248126 93281087243.18883
112 12 202 1131.8354418063404 263422.36369249143 298150767.3915615
113 31 740 5350.621552679651 1286005720.5934675 6880929925476.732
114 2 125 9.541850352986048 103.79546451213633 990.4007896934788
115 31 562 5350.621552679651 536869386.1512975 2872584908515.027
116 33 677 5744.298091538941 1479137186.4203286 8496604917078.572
117 0 100 0.0 0.0 0.0
118 22 611 3370.209833397988 83778118.42714806 282349838546.75555
119 20 406 2902.6872563902634 15729884.681808986 45658935810.37536
120 22 502 3370.209833397988 47911759.883187056 161472684293.72025
121 19 340 2668.9360872348193 7438595.935216366 19853137129.8572
122 21 417 3136.7198300107975 21964649.51439331 68896951691.03453
123 15 360 1756.7778603087352 2763622.127110308 4855070167.166722
124 27 671 4506.6139001521815 383349085.2680749 1727606316279.7302
125 28 616 4724.12231882448 371942459.5333161 1757101674399.8096
126 35 877 6117.310290426031 5218798763.576734 31925011380090.6
127 9 104 604.9491004987461 22159.83881577813 13405574.55880218
128 13 259 1331.5823725933528 655232.9932536905 872496703.7581936
129 36 779 6295.82243666837 4317618851.899998 27182961640774.332
130 20 436 2902.6872563902634 19148867.2531683 55583172950.08045
131 2 47 9.541850352986048 257.9778488812911 2461.586028410529
132 36 696 6295.82243666837 2966228640.4533205 18674848826854.332
133 20 444 2902.6872563902634 20133945.114803355 58442545905.6007
134 31 546 5350.621552679651 489829527.0243672 2620892424435.459
135 22 524 3370.209833397988 54127311.26093543 182420396666.99823
136 39 1048 6798.773358825962 21354543270.529118 145184699877569.6
137 32 807 5549.980220652734 2108126441.893203 11700060055142.3
138 32 810 5549.980220652734 2133366869.3923185 11840143928523.21
139 26 682 4285.277943143774 317214568.0 1359352591494.2808
140 7 190 332.66880679862265 8100.0 2694617.3350688433
141 39 756 6798.773358825962 6988855554.57692 47515644953140.4
142 44 911 7528.2761260995885 33627230405.285328 253155075846959.72
143 10 231 766.6651705632711 180561.8455621032 138430478.12508887
144 33 503 5744.298091538941 564977986.252 3245401968188.8774
145 30 692 5146.386239304723 835322800.5778612 4298893766271.388
146 24 605 3832.71054120725 136113768.70393348 521684676115.01135
147 28 641 4724.12231882448 420297833.5378338 1985538375969.657
148 35 936 6117.310290426031 6470482827.409963 39581951184139.89
149 33 510 5744.298091538941 590848714.901971 3394011145399.6274
150 17 386 2206.0678959513543 6008643.244342751 13255474959.569532
151 20 583 2902.6872563902634 42684464.721346214 123899651792.49144
152 33 851 5744.298091538941 3103375875.4854946 17826716118879.316
153 26 489 4285.277943143774 116930169.0 501078274103.77386
154 39 647 6798.773358825962 4103528147.1648836 27898957844137.07
155 17 404 2206.0678959513543 6770980.025756428 14937241658.949131
156 22 449 3370.209833397988 34884764.18840005 117568975303.51584
157 25 444 4060.496712466729 69640461.5087537 282774865010.9602
158 28 732 4724.12231882448 631954181.3216071 2985428852455.8564
159 3 49 32.9215577265747 481.96892224029307 15867.1676959488
160 29 644 4937.473672561782 534393875.9613095 2638555693337.2124
161 17 351 2206.0678959513543 4683728.592295987 10332623280.813606
162 0 8 0.0 8.0 0.0
163 14 352 1540.4353185285338 1906840.047735443 2937363756.316312
164 39 776 6798.773358825962 7641666235.99782 51953956822341.84
165 21 584 3136.7198300107975 33345888.99030034 104596711245.2138
166 20 556 2902.6872563902634 37450119.554959804 108705984782.47363
167 26 749 4285.277943143774 420189749.0 1800629863324.8186
168 34 848 5933.442745663244 3792949104.7627125 22505246350324.21
169 25 494 4060.496712466729 95533457.44421215 387913289882.80365
170 25 576 4060.496712466729 150570798.7588517 611392233353.8068
171 28 523 4724.12231882448 224956465.2788326 1062721858387.5974
172 25 795 4060.496712466729 391134581.9717385 1588200684228.2927
173 29 689 4937.473672561782 659184558.4111795 3254706402514.4634
174 27 757 4506.6139001521815 552879893.9567995 2491616215220.377
175 19 431 2668.9360872348193 14160269.29342838 37792853722.1941
176 29 624 4937.473672561782 484494015.7397092 2392176447228.548
177 23 575 3602.4235623004615 91255600.31224552 328741324756.7066
178 16 269 1979.1134619514044 1768386.974866151 3499838467.8971195
179 37 499 6468.923834840442 1177464112.9268827 7616925664781.97
180 15 336 1756.7778603087352 2322608.812514486 4080307739.983411
181 21 549 3136.7198300107975 47466745.76905986 148889882719.89117
182 34 739 5933.442745663244 2418389108.863813 14349373314178.988
183 30 758 5146.386239304723 1112082810.4041865 5723207672431.429
184 31 619 5350.621552679651 729567276.2180545 3903638392262.111
185 32 996 5549.980220652734 4140185101.6065707 22977945423757.598
186 35 578 6117.310290426031 1317300295.2431667 8058334651672.272
187 34 743 5933.442745663244 2461471352.271434 14604999338792.834
188 35 778 6117.310290426031 3514020633.96261 21496354584908.88
189 20 429 2902.6872563902634 18312602.421761278 53155757680.98794
190 21 346 3136.7198300107975 13019403.661666514 40838221640.46455
191 32 578 5549.980220652734 722733788.2129196 4011158229379.1255
192 35 668 6117.310290426031 2124253651.622421 12994718722544.91
193 21 610 3136.7198300107975 63768139.552410945 200022787856.94327
194 38 989 6636.579650383532 14366267149.328072 95342876215204.11
195 34 926 5933.442745663244 5058028288.927857 30011521258298.465
196 20 486 2902.6872563902634 25836028.587083552 74993910935.46198
197 24 446 3832.71054120725 55808727.64127888 213898698722.094
198 8 334 459.67273235884244 84755.439121576 38959764.28328837
199 14 305 1540.4353185285338 1339091.5207389493 2062783873.288362
