0 0 10 0.0 10.0 0.0
1 5 227 139.6884681067044 6650.664878194386 929021.1887260355
2 1 19 1.0 40.84402933782601 40.84402933782601
3 4 36 75.61186198841948 458.3949685466225 34660.09709793311
4 11 312 942.9223974109915 211826.15637676563 199735627.20513543
5 4 43 75.61186198841948 621.143248020611 46965.797544373054
6 0 5 0.0 5.0 0.0
7 0 100 0.0 0.0 0.0
8 0 100 0.0 0.0 0.0
9 0 100 0.0 0.0 0.0
10 3 42 32.9215577265747 377.3528472077043 12423.04354263576
11 0 100 0.0 0.0 0.0
12 14 188 1540.4353185285338 406027.59134880477 625459242.0107694
13 2 56 9.541850352986048 332.1417203303481 3169.2465913755254
14 0 100 0.0 0.0 0.0
15 3 24 32.9215577265747 155.22039240905832 5110.09710903639
16 0 100 0.0 0.0 0.0
17 0 100 0.0 0.0 0.0
18 1 104 1.0 5.735193251789799 5.735193251789799
19 0 100 0.0 0.0 0.0
20 4 61 75.61186198841948 1129.4605717070829 85400.6168692773
21 0 100 0.0 0.0 0.0
22 0 100 0.0 0.0 0.0
23 16 236 1979.1134619514044 1263062.8148243069 2499744620.1090198
24 1 104 1.0 5.735193251789799 5.735193251789799
25 1 101 1.0 1.0 1.0
26 14 280 1540.4353185285338 1084452.875593297 1670529510.8437448
27 2 47 9.541850352986048 257.9778488812911 2461.586028410529
28 0 100 0.0 0.0 0.0
29 0 7 0.0 7.0 0.0
30 1 104 1.0 5.735193251789799 5.735193251789799
31 3 41 32.9215577265747 363.1907597716439 11956.805563580698
32 8 133 459.67273235884244 26169.13941804069 12029239.819770252
33 6 113 225.58275470837765 8460.534002517481 1908550.5665917895
34 1 19 1.0 40.84402933782601 40.84402933782601
35 2 14 9.541850352986048 44.97826169706515 429.17584225083993
36 0 7 0.0 7.0 0.0
37 0 100 0.0 0.0 0.0
38 2 20 9.541850352986048 75.23327232919837 717.8646261306569
39 6 144 225.58275470837765 13452.37343883357 3034623.457697888
40 0 100 0.0 0.0 0.0
41 9 139 604.9491004987461 41398.5782979627 25044032.703279447
42 5 95 139.6884681067044 3924.3008107112732 548179.5686381559
43 0 100 0.0 0.0 0.0
44 2 131 9.541850352986048 141.5519192260369 1350.6672304328126
45 0 100 0.0 0.0 0.0
46 4 74 75.61186198841948 1571.597319835911 118831.39964880285
47 1 109 1.0 15.931997307697284 15.931997307697284
48 0 100 0.0 0.0 0.0
49 0 5 0.0 5.0 0.0
50 3 81 32.9215577265747 1070.3630949288454 35238.02041809513
51 0 100 0.0 0.0 0.0
52 1 103 1.0 3.9914906122521803 3.9914906122521803
53 0 100 0.0 0.0 0.0
54 3 139 32.9215577265747 335.47304520277595 11044.29522335299
55 0 100 0.0 0.0 0.0
56 0 6 0.0 6.0 0.0
57 1 25 1.0 57.71571011139208 57.71571011139208
58 0 100 0.0 0.0 0.0
59 0 100 0.0 0.0 0.0
60 5 70 139.6884681067044 2253.023098877021 314721.345291151
61 0 100 0.0 0.0 0.0
62 0 100 0.0 0.0 0.0
63 0 100 0.0 0.0 0.0
64 0 18 0.0 18.0 0.0
65 14 305 1540.4353185285338 1339091.5207389493 2062783873.288362
66 0 6 0.0 6.0 0.0
67 0 100 0.0 0.0 0.0
68 2 11 9.541850352986048 31.76494829034237 303.0963830567869
69 11 116 942.9223974109915 53263.405056572745 50223257.5902163
70 0 100 0.0 0.0 0.0
71 6 101 225.58275470837765 6825.411756924657 1539695.1861460118
72 0 100 0.0 0.0 0.0
73 4 89 75.61186198841948 2154.8151586700715 162929.58638791565
74 0 100 0.0 0.0 0.0
75 11 115 942.9223974109915 52218.012143560736 49237533.198442556
76 0 8 0.0 8.0 0.0
77 0 100 0.0 0.0 0.0
78 0 10 0.0 10.0 0.0
79 1 5 1.0 7.59708563275366 7.59708563275366
80 0 5 0.0 5.0 0.0
81 3 68 32.9215577265747 810.8239638778247 26693.587932893923
82 1 107 1.0 11.607984241186918 11.607984241186918
83 1 106 1.0 9.55892689827884 9.55892689827884
84 18 357 2436.3877014920204 6479538.527190129 15786667978.98975
85 0 100 0.0 0.0 0.0
86 0 100 0.0 0.0 0.0
87 3 39 32.9215577265747 335.47304520277595 11044.29522335299
88 1 6 1.0 9.55892689827884 9.55892689827884
89 0 100 0.0 0.0 0.0
90 14 243 1540.4353185285338 764558.9851738521 1177753663.8601353
91 0 100 0.0 0.0 0.0
92 0 6 0.0 6.0 0.0
93 0 100 0.0 0.0 0.0
94 2 129 9.541850352986048 128.5709592386038 1226.8048527946264
95 0 100 0.0 0.0 0.0
96 0 6 0.0 6.0 0.0
97 0 100 0.0 0.0 0.0
98 17 295 2206.0678959513543 2970057.0644257143 6552147538.973092
99 7 115 332.66880679862265 13225.0 4399544.969911785
100 10 135 766.6651705632711 54678.91489606342 41920419.615005046
101 0 100 0.0 0.0 0.0
102 7 82 332.66880679862265 6724.0 2236865.056913939
103 10 183 766.6651705632711 107558.85724916201 82461629.63851932
104 0 100 0.0 0.0 0.0
105 0 100 0.0 0.0 0.0
106 15 322 1756.7778603087352 2086415.525282045 3665368602.2199163
107 5 197 139.6884681067044 4075.7152237055247 569330.4160385987
108 3 35 32.9215577265747 282.5239294230334 9301.12785163911
109 3 35 32.9215577265747 282.5239294230334 9301.12785163911
110 2 123 9.541850352986048 92.0346545141889 878.1809006631623
111 0 100 0.0 0.0 0.0
112 16 353 1979.1134619514044 3556691.5007065637 7039096029.056503
113 1 113 1.0 25.320989780782124 25.320989780782124
114 0 100 0.0 0.0 0.0
115 1 105 1.0 7.59708563275366 7.59708563275366
116 6 85 225.58275470837765 4907.334112484054 1107009.9473685443
117 5 49 139.6884681067044 1178.39286145179 164607.89364407648
118 8 86 459.67273235884244 10566.202609933729 4856995.224365369
119 17 326 2206.0678959513543 3859165.4422222124 8513580987.251334
120 15 343 1756.7778603087352 2446475.4330598735 4297913876.588811
121 7 139 332.66880679862265 19321.0 6427494.016156188
122 8 113 459.67273235884244 18645.55254126269 8570852.082982577
123 13 232 1331.5823725933528 502530.6646917638 669160974.7911735
124 0 100 0.0 0.0 0.0
125 0 100 0.0 0.0 0.0
126 23 315 3602.4235623004615 16083280.836384643 57938789844.08751
127 13 223 1331.5823725933528 456823.8815468923 608298628.0475156
128 1 111 1.0 20.51504931294799 20.51504931294799
129 12 150 1131.8354418063404 130833.47031458805 148081958.67656848
130 11 171 942.9223974109915 129504.5127612809 122112705.64840932
131 11 157 942.9223974109915 106501.37495943412 100422531.80431657
132 11 281 942.9223974109915 147500.54993418368 139081572.16338015
133 9 224 604.9491004987461 32369.82111547107 19582094.16710954
134 16 281 1979.1134619514044 1978397.1662811837 3915472464.873602
135 8 122 459.67273235884244 21867.711360392437 10051990.63146609
136 0 19 0.0 19.0 0.0
137 20 380 2902.6872563902634 13104707.581370598 38038867695.165306
138 2 49 9.541850352986048 273.9583678426836 2614.069748903192
139 16 264 1979.1134619514044 1685099.6835025016 3335003468.3498516
140 0 100 0.0 0.0 0.0
141 0 100 0.0 0.0 0.0
142 17 303 2206.0678959513543 3185806.645601846 7028105763.570706
143 7 101 332.66880679862265 10201.0 3393554.4981527496
144 11 279 942.9223974109915 397224.4078227811 374551790.9344182
145 11 185 942.9223974109915 155069.9102871652 146218891.5742812
146 5 95 139.6884681067044 3924.3008107112732 548179.5686381559
147 3 47 32.9215577265747 451.11773253603667 14851.498473166615
148 15 212 1756.7778603087352 727778.1968317925 1278544623.4095058
149 12 242 1131.8354418063404 402854.0732554629 455964517.9865807
150 15 251 1756.7778603087352 1113778.5999793487 1956661585.729379
151 14 208 1540.4353185285338 520997.6756275367 802563220.4079303
152 13 232 1331.5823725933528 502530.6646917638 669160974.7911735
153 8 88 459.67273235884244 11083.755846199128 5094900.334620647
154 4 59 75.61186198841948 1066.8769814059906 80668.55507669134
155 14 247 1540.4353185285338 795972.5966918325 1226144300.5249672
156 9 119 604.9491004987461 29623.09111740326 17920462.325465497
157 16 304 1979.1134619514044 2421960.954801773 4793335529.968866
158 11 167 942.9223974109915 122673.4003024803 115671496.71177296
159 19 359 2668.9360872348193 8621709.45324351 23010791493.415188
160 12 257 1131.8354418063404 145644.81340415878 164845961.72609806
161 7 83 332.66880679862265 6889.0 2291755.4100357112
162 10 143 766.6651705632711 62147.61058651166 47646408.47040772
163 2 26 9.541850352986048 109.8359986590007 1048.0386625749609
164 10 214 766.6651705632711 37541.82989714119 28782013.421349064
165 4 27 75.61186198841948 280.28354879760207 21192.761009308724
166 19 268 2668.9360872348193 3899167.216437636 10406628094.113346
167 7 158 332.66880679862265 24964.0 8304744.092920816
168 8 137 459.67273235884244 27832.86327038359 12794008.308867292
169 18 222 2436.3877014920204 1823946.7102187003 4443841332.953671
170 10 152 766.6651705632711 71183.06768899111 54573578.73099724
171 9 127 604.9491004987461 34080.638090162705 20617051.357067235
172 16 390 1979.1134619514044 2145451.2013085424 4246091354.4695487
173 8 165 459.67273235884244 40978.16249196492 18836543.919726145
174 12 317 1131.8354418063404 311744.51331515337 352843488.9587592
175 17 266 2206.0678959513543 2264580.0715503925 4995817393.658542
176 0 100 0.0 0.0 0.0
177 10 186 766.6651705632711 111519.70276643366 85498271.94259316
178 15 361 1756.7778603087352 1229001.7193264086 2159083010.794005
179 19 245 2668.9360872348193 3056289.63350728 8157041695.90926
180 12 162 1131.8354418063404 156786.72795202545 177456775.50095123
181 8 140 459.67273235884244 29115.631170703473 13383661.734589547
182 11 94 942.9223974109915 32910.547917491844 31032092.742470723
183 14 214 1540.4353185285338 558849.138813278 860870951.1572288
184 11 247 942.9223974109915 300544.34518186696 283389994.4872026
185 11 158 942.9223974109915 108060.79638064733 101892945.18938097
186 0 100 0.0 0.0 0.0
187 9 192 604.9491004987461 17015.80966866946 10293698.753319457
188 12 351 1131.8354418063404 965759.3330750201 1093080641.429562
189 11 196 942.9223974109915 176993.10367369323 166890761.64121097
190 16 212 1979.1134619514044 958659.9250412829 1897296763.0825272
191 18 157 2436.3877014920204 723672.8056601787 1763147523.614684
192 11 108 942.9223974109915 45224.9679862338 42643635.23641492
193 19 291 2668.9360872348193 4875672.594734736 13012858537.629364
194 11 182 942.9223974109915 149372.90046118762 140847053.41109642
195 23 363 3602.4235623004615 24212992.079926144 87225453182.5204
196 19 227 2668.9360872348193 2484494.7988881795 6630957827.299877
197 5 41 139.6884681067044 852.3594055446428 119064.77963687235
198 5 57 139.6884681067044 1551.0877169304622 216669.0670771418
199 18 244 2436.3877014920204 2347010.047155583 5718226414.168069
