0 1 18 1.0 38.15436697768484 38.15436697768484
1 6 152 225.58275470837765 14918.20721744959 3365290.27942268
2 0 100 0.0 0.0 0.0
3 1 44 1.0 117.65777237975428 117.65777237975428
4 1 111 1.0 20.51504931294799 20.51504931294799
5 7 234 332.66880679862265 17956.0 5973401.094876069
6 0 100 0.0 0.0 0.0
7 7 278 332.66880679862265 31684.0 10540278.47460756
8 1 118 1.0 38.15436697768484 38.15436697768484
9 0 100 0.0 0.0 0.0
10 1 113 1.0 25.320989780782124 25.320989780782124
11 32 716 5549.980220652734 1436254916.0217535 7971186375735.985
12 0 100 0.0 0.0 0.0
13 1 105 1.0 7.59708563275366 7.59708563275366
14 1 12 1.0 22.891970023971037 22.891970023971037
15 0 100 0.0 0.0 0.0
16 49 1025 8126.242482129881 123481402574.79443 1003439819356276.6
17 1 34 1.0 85.02419427196995 85.02419427196995
18 25 563 4060.496712466729 140724691.69634324 571412147995.8958
19 23 594 3602.4235623004615 100226973.59192562 361060011245.61896
20 0 100 0.0 0.0 0.0
21 1 17 1.0 35.503281577765854 35.503281577765854
22 42 1042 7252.650449022947 37393138070.368324 271199359616433.88
23 1 32 1.0 78.7716859795011 78.7716859795011
24 0 10 0.0 10.0 0.0
25 1 14 1.0 27.799106543625292 27.799106543625292
26 3 67 32.9215577265747 791.9778998728451 26073.146148835265
27 1 112 1.0 22.891970023971037 22.891970023971037
28 0 100 0.0 0.0 0.0
29 3 75 32.9215577265747 947.2709566120693 31185.635480811874
30 24 500 3832.71054120725 77953598.4389987 298773578462.1874
31 0 100 0.0 0.0 0.0
32 1 19 1.0 40.84402933782601 40.84402933782601
33 0 100 0.0 0.0 0.0
34 2 120 9.541850352986048 75.23327232919837 717.8646261306569
35 0 100 0.0 0.0 0.0
36 1 10 1.0 18.1937008646705 18.1937008646705
37 26 396 4285.277943143774 62099136.0 266112057789.08548
38 0 100 0.0 0.0 0.0
39 0 100 0.0 0.0 0.0
40 0 100 0.0 0.0 0.0
41 0 5 0.0 5.0 0.0
42 14 329 1540.4353185285338 1614131.515114461 2486465194.63229
43 1 106 1.0 9.55892689827884 9.55892689827884
44 2 19 9.541850352986048 69.8685662777562 666.6754038000371
45 0 100 0.0 0.0 0.0
46 6 247 225.58275470837765 13993.582501768662 3156710.888987926
47 0 100 0.0 0.0 0.0
48 6 144 225.58275470837765 13452.37343883357 3034623.457697888
49 2 19 9.541850352986048 69.8685662777562 666.6754038000371
50 0 100 0.0 0.0 0.0
51 1 102 1.0 2.3948263510722025 2.3948263510722025
52 0 10 0.0 10.0 0.0
53 1 47 1.0 127.85310766976465 127.85310766976465
54 0 100 0.0 0.0 0.0
55 0 100 0.0 0.0 0.0
56 37 614 6468.923834840442 2364577178.909756 15296269671969.096
57 0 6 0.0 6.0 0.0
58 1 102 1.0 2.3948263510722025 2.3948263510722025
59 19 479 2668.9360872348193 18860358.169736385 50337090537.383484
60 0 100 0.0 0.0 0.0
61 39 493 6798.773358825962 1619596837.5722976 11011271831325.314
62 1 17 1.0 35.503281577765854 35.503281577765854
63 0 100 0.0 0.0 0.0
64 0 100 0.0 0.0 0.0
65 0 100 0.0 0.0 0.0
66 0 100 0.0 0.0 0.0
67 28 642 4724.12231882448 422315581.7446187 1995070465307.0974
68 27 408 4506.6139001521815 84625619.42317471 381374992801.4676
69 0 5 0.0 5.0 0.0
70 0 100 0.0 0.0 0.0
71 0 5 0.0 5.0 0.0
72 0 10 0.0 10.0 0.0
73 0 100 0.0 0.0 0.0
74 0 100 0.0 0.0 0.0
75 0 100 0.0 0.0 0.0
76 2 136 9.541850352986048 175.6210676402407 1675.7499462548174
77 49 992 8126.242482129881 109456961046.43434 889473806820370.2
78 0 9 0.0 9.0 0.0
79 0 100 0.0 0.0 0.0
80 1 10 1.0 18.1937008646705 18.1937008646705
81 26 576 4285.277943143774 191102976.0 818929367921.934
82 1 104 1.0 5.735193251789799 5.735193251789799
83 2 18 9.541850352986048 64.62733255388774 616.6643359418604
84 2 111 9.541850352986048 31.76494829034237 303.0963830567869
85 1 12 1.0 22.891970023971037 22.891970023971037
86 2 31 9.541850352986048 141.5519192260369 1350.6672304328126
87 0 100 0.0 0.0 0.0
88 5 170 139.6884681067044 11297.82039388973 1578175.22376714
89 1 124 1.0 54.8222930413608 54.8222930413608
90 5 92 139.6884681067044 3702.0246060004592 517130.14610553003
91 0 100 0.0 0.0 0.0
92 0 100 0.0 0.0 0.0
93 0 100 0.0 0.0 0.0
94 1 8 1.0 13.734791927877684 13.734791927877684
95 0 100 0.0 0.0 0.0
96 0 100 0.0 0.0 0.0
97 1 128 1.0 66.57403288693754 66.57403288693754
98 30 634 5146.386239304723 634496135.0390925 3265362178257.2173
99 0 18 0.0 18.0 0.0
100 31 647 5350.621552679651 839585296.4453952 4492303182473.666
101 1 30 1.0 72.61998620345668 72.61998620345668
102 16 297 1979.1134619514044 2281146.2837971402 4514647318.943339
103 48 1015 8016.77096497358 100364090966.60214 804595930387023.2
104 6 240 225.58275470837765 12746.625951622225 2875418.9954042374
105 23 584 3602.4235623004615 95436714.53603657 343803469153.1611
106 0 100 0.0 0.0 0.0
107 25 466 4060.496712466729 80367930.8586604 326333719039.34393
108 34 923 5933.442745663244 5004623226.407976 29694645377508.184
109 3 87 32.9215577265747 1198.932966405119 39470.74086379957
110 13 297 1331.5823725933528 911370.2075585371 1213564503.2916932
111 2 124 9.541850352986048 97.86086952638261 933.7737724338355
112 4 212 75.61186198841948 3192.372259230475 241381.21068059356
113 43 1075 7393.130324549447 50341693997.59873 372182704482836.06
114 28 614 4724.12231882448 368244780.1879782 1739633384876.6426
115 40 867 6955.50474228233 13518487521.554092 94027904064653.98
116 47 1076 7902.318130854768 104312660841.78038 824311831047705.2
117 39 952 6798.773358825962 15374290087.805437 104526313859833.66
118 25 447 4060.496712466729 71043707.46975325 288472740622.3811
119 22 541 3370.209833397988 59271982.24176356 199759017396.18246
120 0 100 0.0 0.0 0.0
121 32 916 5549.980220652734 3165056110.5132403 17565998810604.557
122 47 1008 7902.318130854768 82281076554.36275 650211243081789.9
123 54 1235 8602.009448624298 572087507407.5369 4921102144159555.0
124 28 715 4724.12231882448 587939282.2668655 2777497085470.5454
125 38 1082 6636.579650383532 19485260102.733044 129315480680228.25
126 31 1030 5350.621552679651 2656720767.0824957 14215107395803.217
127 47 1065 7902.318130854768 100489023958.50404 794096235979185.8
128 30 870 5146.386239304723 1714545076.5947526 8823711188854.896
129 52 856 8425.648590871551 103564145664.38483 872595097981940.1
130 31 558 5350.621552679651 524831669.60378695 2808175642910.868
131 48 968 8016.77096497358 84378294787.01878 676441463722553.8
132 47 1144 7902.318130854768 130334029189.26038 1029940961929646.9
133 35 927 6117.310290426031 6267313565.505997 38339101767596.49
134 41 854 7106.788070274764 15481950225.919695 110026939170153.78
135 38 1134 6636.579650383532 22847503082.588287 151629274019980.44
136 57 1377 8833.632285946418 1413923998506.6223 1.2490084683082554e+16
137 43 951 7393.130324549447 32659883426.656303 241458774557862.62
138 49 1087 8126.242482129881 153308162200.0938 1245819300527660.8
139 32 669 5549.980220652734 1155184278.1793346 6411249895104.3125
140 37 553 6468.923834840442 1663314751.0221236 10759856437728.71
141 35 816 6117.310290426031 4113287592.419066 25162256516586.867
142 25 696 4060.496712466729 263765928.96005288 1071020687403.0276
143 26 654 4285.277943143774 279726264.0 1198704789237.2124
144 58 1330 8902.46046345971 1449249776292.3022 1.2901888835120052e+16
145 41 924 7106.788070274764 20358922631.37212 144686548480282.28
146 35 821 6117.310290426031 4197097741.4625425 25674949203772.668
147 42 1019 7252.650449022947 34580526522.898 250800471213746.12
148 35 1053 6117.310290426031 9546377337.944149 58398152325695.61
149 27 586 4506.6139001521815 254078183.65042245 1145032274164.4126
150 1 113 1.0 25.320989780782124 25.320989780782124
151 24 440 3832.71054120725 53641697.92702834 205593101093.17664
152 34 735 5933.442745663244 2375833218.1046305 14096870372868.68
153 27 447 4506.6139001521815 111659221.81984259 503205001133.4784
154 24 715 3832.71054120725 142797402.67715132 547301110497.73425
155 0 100 0.0 0.0 0.0
156 39 1033 6798.773358825962 20327225326.780457 138200198010567.31
157 19 441 2668.9360872348193 15069911.200997591 40220629835.766685
158 31 874 5350.621552679651 1483135669.0501373 7935697676367.619
159 38 921 6636.579650383532 11283171205.954762 74881664417232.78
160 24 556 3832.71054120725 106327935.93090026 407524200867.17053
161 39 987 6798.773358825962 17394847096.13691 118263623018066.77
162 1 52 1.0 145.22076971938012 145.22076971938012
163 28 592 4724.12231882448 329193025.79548544 1555148120361.8157
164 36 826 6295.82243666837 5248372539.297676 33042821588904.453
165 41 1068 7106.788070274764 33681728461.311825 239368906015084.88
166 22 524 3370.209833397988 29640054.888746202 99893204448.50856
167 30 824 5146.386239304723 962780759.7902597 4954841653651.938
168 42 944 7252.650449022947 26455203984.07412 191870347054088.8
169 21 493 3136.7198300107975 35112599.20568193 110138386211.68388
170 29 753 4937.473672561782 868702083.2739536 4289193665464.7188
171 53 1476 8516.089422990353 951471605301.9019 8102817274187179.0
172 42 1022 7252.650449022947 34938514119.28946 253396830115459.28
173 2 115 9.541850352986048 49.68406405407534 474.0779041321602
174 23 550 3602.4235623004615 80273800.13487035 289180229041.25494
175 38 826 6636.579650383532 7800027170.657236 51765501593222.445
176 33 694 5744.298091538941 1602882443.835017 9207434563082.762
177 36 641 6295.82243666837 2254621584.7595305 14194697159525.85
178 40 756 6955.50474228233 8428853044.621157 58626927323863.31
179 19 389 2668.9360872348193 10720247.792152671 28611656196.57566
180 29 797 4937.473672561782 1036347993.5492617 5116940933761.707
181 31 776 5350.621552679651 1495336976.8894842 8000982257063.708
182 33 784 5744.298091538941 2379361736.844549 13667763084036.924
183 28 574 4724.12231882448 299399746.02188027 1414401022432.3455
184 39 805 6798.773358825962 8663275443.875912 58899646287994.7
185 52 1166 8425.648590871551 330670976159.0624 2786117444316724.5
186 40 972 6955.50474228233 20050366857.57467 139460421762361.06
187 40 720 6955.50474228233 7123659877.643519 49548650061355.86
188 26 540 4285.277943143774 157464000.0 674777006039.1912
189 18 384 2436.3877014920204 7871068.644513999 19176974843.093376
190 31 695 5350.621552679651 1053754244.5062613 5638240171882.865
191 40 1149 6955.50474228233 35698361573.3217 248300123214948.38
192 24 501 3832.71054120725 78410351.50084978 300524180737.0727
193 36 871 6295.82243666837 6263148952.182059 39431673697343.8
194 19 596 2668.9360872348193 34133226.12281112 91099398972.91682
195 33 573 5744.298091538941 861688432.8095839 4949795220089.273
196 40 685 6955.50474228233 5998975897.015557 41725905300529.1
197 27 512 4506.6139001521815 168631726.05981123 759958080667.8002
198 32 830 5549.980220652734 2306976620.205814 12803674611650.56
199 35 749 6117.310290426031 3099772637.4713645 18962271053184.617
