0 0 100 0.0 0.0 0.0
1 0 100 0.0 0.0 0.0
2 0 100 0.0 0.0 0.0
3 0 100 0.0 0.0 0.0
4 0 100 0.0 0.0 0.0
5 0 100 0.0 0.0 0.0
6 1 6 1.0 9.55892689827884 9.55892689827884
7 0 5 0.0 5.0 0.0
8 0 100 0.0 0.0 0.0
9 0 100 0.0 0.0 0.0
10 9 225 604.9491004987461 32934.84879335048 19923907.152599588
11 1 15 1.0 30.323695983612147 30.323695983612147
12 0 7 0.0 7.0 0.0
13 1 11 1.0 20.51504931294799 20.51504931294799
14 1 23 1.0 51.960050539976365 51.960050539976365
15 7 158 332.66880679862265 24964.0 8304744.092920816
16 1 106 1.0 9.55892689827884 9.55892689827884
17 2 28 9.541850352986048 122.22584512913716 1166.2607234894754
18 4 151 75.61186198841948 831.5797944458234 62877.296649995835
19 5 158 139.6884681067044 1600.889370701534 223625.7838016033
20 1 106 1.0 9.55892689827884 9.55892689827884
21 0 100 0.0 0.0 0.0
22 3 27 32.9215577265747 187.1321231368427 6160.680994346051
23 0 100 0.0 0.0 0.0
24 6 108 225.58275470837765 7758.892052145152 1750272.2426078406
25 1 10 1.0 18.1937008646705 18.1937008646705
26 0 5 0.0 5.0 0.0
27 1 15 1.0 30.323695983612147 30.323695983612147
28 0 100 0.0 0.0 0.0
29 2 31 9.541850352986048 141.5519192260369 1350.6672304328126
30 3 27 32.9215577265747 187.1321231368427 6160.680994346051
31 0 100 0.0 0.0 0.0
32 0 10 0.0 10.0 0.0
33 1 104 1.0 5.735193251789799 5.735193251789799
34 1 8 1.0 13.734791927877684 13.734791927877684
35 0 6 0.0 6.0 0.0
36 1 104 1.0 5.735193251789799 5.735193251789799
37 2 24 9.541850352986048 97.86086952638261 933.7737724338355
38 0 100 0.0 0.0 0.0
39 1 7 1.0 11.607984241186918 11.607984241186918
40 0 100 0.0 0.0 0.0
41 0 6 0.0 6.0 0.0
42 0 100 0.0 0.0 0.0
43 4 83 75.61186198841948 1912.3940233356846 144599.67295993603
44 1 17 1.0 35.503281577765854 35.503281577765854
45 3 29 32.9215577265747 209.61005902119368 6900.689658136957
46 1 11 1.0 20.51504931294799 20.51504931294799
47 0 5 0.0 5.0 0.0
48 1 107 1.0 11.607984241186918 11.607984241186918
49 0 5 0.0 5.0 0.0
50 4 85 75.61186198841948 1991.8652456125124 150608.64005078256
51 1 21 1.0 46.33316012586883 46.33316012586883
52 0 100 0.0 0.0 0.0
53 0 100 0.0 0.0 0.0
54 3 33 32.9215577265747 257.33012181535685 8471.708460130769
55 1 104 1.0 5.735193251789799 5.735193251789799
56 0 100 0.0 0.0 0.0
57 0 100 0.0 0.0 0.0
58 1 15 1.0 30.323695983612147 30.323695983612147
59 0 100 0.0 0.0 0.0
60 0 100 0.0 0.0 0.0
61 0 100 0.0 0.0 0.0
62 0 100 0.0 0.0 0.0
63 0 100 0.0 0.0 0.0
64 2 122 9.541850352986048 86.31942417916456 823.6470280735138
65 0 100 0.0 0.0 0.0
66 0 8 0.0 8.0 0.0
67 1 101 1.0 1.0 1.0
68 4 45 75.61186198841948 671.3571728121805 50762.565895610074
69 3 41 32.9215577265747 363.1907597716439 11956.805563580698
70 4 37 75.61186198841948 480.38255499420245 36322.61944986597
71 0 100 0.0 0.0 0.0
72 0 100 0.0 0.0 0.0
73 6 112 225.58275470837765 8317.887761606735 1876372.0346183486
74 6 151 225.58275470837765 1846.9886924473915 416648.7971575071
75 2 12 9.541850352986048 36.01211998010309 343.62225974392254
76 0 16 0.0 16.0 0.0
77 1 108 1.0 13.734791927877684 13.734791927877684
78 0 100 0.0 0.0 0.0
79 0 100 0.0 0.0 0.0
80 2 41 9.541850352986048 211.85407612585806 2021.4798910630518
81 0 100 0.0 0.0 0.0
82 1 11 1.0 20.51504931294799 20.51504931294799
83 1 11 1.0 20.51504931294799 20.51504931294799
84 0 100 0.0 0.0 0.0
85 2 13 9.541850352986048 40.41888428935346 385.6709453236695
86 0 5 0.0 5.0 0.0
87 1 31 1.0 75.68293941204132 75.68293941204132
88 0 100 0.0 0.0 0.0
89 4 83 75.61186198841948 1912.3940233356846 144599.67295993603
90 0 100 0.0 0.0 0.0
91 1 9 1.0 15.931997307697284 15.931997307697284
92 1 12 1.0 22.891970023971037 22.891970023971037
93 0 100 0.0 0.0 0.0
94 1 11 1.0 20.51504931294799 20.51504931294799
95 0 10 0.0 10.0 0.0
96 1 21 1.0 46.33316012586883 46.33316012586883
97 2 46 9.541850352986048 250.0988923255542 2386.406204018009
98 1 101 1.0 1.0 1.0
99 5 109 139.6884681067044 5037.901195841188 703736.7005199897
100 2 19 9.541850352986048 69.8685662777562 666.6754038000371
101 2 26 9.541850352986048 109.8359986590007 1048.0386625749609
102 2 26 9.541850352986048 109.8359986590007 1048.0386625749609
103 9 150 604.9491004987461 48780.52804290304 29509736.561408054
104 6 142 225.58275470837765 13097.231027658581 2954509.454271259
105 4 70 75.61186198841948 1429.1350405139644 108059.56144615616
106 8 120 459.67273235884244 21128.626944217714 9712253.678439217
107 12 157 1131.8354418063404 145644.81340415878 164845961.72609806
108 5 72 139.6884681067044 2371.3580183097592 331251.36891024053
109 6 158 225.58275470837765 2362.1985438616953 532871.2546924397
110 3 46 32.9215577265747 435.9769523615719 14353.040404627594
111 0 100 0.0 0.0 0.0
112 4 144 75.61186198841948 646.0476428878335 48848.86521197858
113 10 173 766.6651705632711 94922.67645061052 72773909.93132952
114 1 13 1.0 25.320989780782124 25.320989780782124
115 9 138 604.9491004987461 40759.58337596822 24657473.29999562
116 0 9 0.0 9.0 0.0
117 1 103 1.0 3.9914906122521803 3.9914906122521803
118 6 71 225.58275470837765 3478.001961782023 784577.2634199304
119 0 100 0.0 0.0 0.0
120 6 119 225.58275470837765 9340.680210924138 2107096.372830297
121 3 44 32.9215577265747 406.27351121486885 13375.156852238497
122 2 30 9.541850352986048 135.01359299654277 1288.2794999919763
123 0 100 0.0 0.0 0.0
124 0 5 0.0 5.0 0.0
125 5 78 139.6884681067044 2742.610069160227 383110.9991750147
126 5 67 139.6884681067044 2080.6456750556 290642.2070213566
127 2 34 9.541850352986048 161.72412498062124 1543.1473990327004
128 6 147 225.58275470837765 13993.582501768662 3156710.888987926
129 6 150 225.58275470837765 1778.3314122697193 401160.8987642429
130 8 125 459.67273235884244 23001.09948770076 10572978.24876898
131 1 17 1.0 35.503281577765854 35.503281577765854
132 6 198 225.58275470837765 6442.856405219488 1453397.2960799276
133 0 100 0.0 0.0 0.0
134 6 175 225.58275470837765 3862.4525781644106 871302.6925128031
135 7 80 332.66880679862265 6400.0 2129080.363511185
136 9 170 604.9491004987461 63878.767860182066 38643403.15798535
137 4 56 75.61186198841948 975.7969952136767 73781.82773081094
138 3 35 32.9215577265747 282.5239294230334 9301.12785163911
139 0 100 0.0 0.0 0.0
140 8 146 459.67273235884244 31771.327600928158 14604412.968986552
141 7 64 332.66880679862265 4096.0 1362611.4326471584
142 5 194 139.6884681067044 3849.5614363989175 537739.3399332094
143 7 179 332.66880679862265 6241.0 2076186.023230204
144 1 120 1.0 43.57075425423803 43.57075425423803
145 5 142 139.6884681067044 890.5118703159138 124394.2389952662
146 10 108 766.6651705632711 33288.478681365275 25521117.18604072
147 5 190 139.6884681067044 3557.085524945249 496883.82790413423
148 11 127 942.9223974109915 65540.26089371956 61799379.9288479
149 4 78 75.61186198841948 1719.6349352173313 130024.79939211752
150 5 136 139.6884681067044 7531.777572563793 1052102.4712318687
151 5 174 139.6884681067044 2492.4098028308917 348160.9072515804
152 5 70 139.6884681067044 2253.023098877021 314721.345291151
153 2 26 9.541850352986048 109.8359986590007 1048.0386625749609
154 10 127 766.6651705632711 47732.874639030575 36595132.47660761
155 6 99 225.58275470837765 6569.204673563341 1481899.2865055674
156 3 47 32.9215577265747 451.11773253603667 14851.498473166615
157 2 115 9.541850352986048 49.68406405407534 474.0779041321602
158 6 190 225.58275470837765 5474.33581455389 1234915.7532457968
159 4 149 75.61186198841948 776.5950928818146 58719.80098386357
160 0 100 0.0 0.0 0.0
161 1 102 1.0 2.3948263510722025 2.3948263510722025
162 6 183 225.58275470837765 4688.828251009056 1057718.7932170872
163 6 61 225.58275470837765 2601.435802251927 586839.054468988
164 5 86 139.6884681067044 3275.042744200361 457485.7039213258
165 7 87 332.66880679862265 7569.0 2517970.198658775
166 5 164 139.6884681067044 1914.4623288244568 267428.3099614821
167 2 28 9.541850352986048 122.22584512913716 1166.2607234894754
168 4 175 75.61186198841948 1608.0874365260645 121590.48531592006
169 4 91 75.61186198841948 2238.2761103848434 169240.22435039515
170 4 153 75.61186198841948 888.1171619831025 67152.19228141312
171 0 100 0.0 0.0 0.0
172 5 213 139.6884681067044 5378.870870117234 751366.2319904525
173 9 149 604.9491004987461 48082.59347517662 29087521.672454976
174 6 106 225.58275470837765 7486.36063642395 1688793.855104878
175 7 101 332.66880679862265 10201.0 3393554.4981527496
176 5 34 139.6884681067044 606.571327772905 84731.01957404678
177 4 62 75.61186198841948 1161.3060165688764 87808.51025112707
178 5 82 139.6884681067044 3003.520233876968 419557.14039776416
179 6 90 225.58275470837765 5474.33581455389 1234915.7532457968
180 8 116 459.67273235884244 19689.9977613532 9050955.071100716
181 5 167 139.6884681067044 2080.6456750556 290642.2070213566
182 5 90 139.6884681067044 3557.085524945249 496883.82790413423
183 5 39 139.6884681067044 778.3165439750189 108721.84572997481
184 4 87 75.61186198841948 2072.675291085697 156718.8380563789
185 12 149 1131.8354418063404 128791.81270302724 145771138.23177028
186 7 121 332.66880679862265 14641.0 4870604.0003386345
187 4 174 75.61186198841948 1571.597319835911 118831.39964880285
188 6 163 225.58275470837765 17051.502404173512 3846524.884249985
189 5 47 139.6884681067044 1092.4547337912052 152603.328239211
190 10 224 766.6651705632711 168618.33658151308 129273805.77536078
191 8 140 459.67273235884244 29115.631170703473 13383661.734589547
192 4 149 75.61186198841948 776.5950928818146 58719.80098386357
193 4 141 75.61186198841948 572.5607883495287 43292.38730866522
194 6 168 225.58275470837765 3202.3105181925803 722386.0281254946
195 6 77 225.58275470837765 4061.8785529685815 916289.7532695315
196 5 180 139.6884681067044 2871.732646582133 401147.9342130701
197 5 173 139.6884681067044 2431.5451615879456 339658.8187544891
198 5 157 139.6884681067044 1551.0877169304622 216669.0670771418
199 5 239 139.6884681067044 7836.395098108471 1094654.0267336597
