0 0 100 0.0 0.0 0.0
1 0 100 0.0 0.0 0.0
2 0 100 0.0 0.0 0.0
3 0 100 0.0 0.0 0.0
4 0 100 0.0 0.0 0.0
5 1 102 1.0 2.3948263510722025 2.3948263510722025
6 0 100 0.0 0.0 0.0
7 0 100 0.0 0.0 0.0
8 1 17 1.0 35.503281577765854 35.503281577765854
9 0 9 0.0 9.0 0.0
10 9 185 604.9491004987461 76643.16309111417 46365212.57134821
11 0 100 0.0 0.0 0.0
12 0 100 0.0 0.0 0.0
13 0 100 0.0 0.0 0.0
14 1 115 1.0 30.323695983612147 30.323695983612147
15 4 82 75.61186198841948 1873.1633591984112 141633.36939747448
16 0 100 0.0 0.0 0.0
17 10 128 766.6651705632711 48572.78656303952 37239063.695086055
18 1 104 1.0 5.735193251789799 5.735193251789799
19 1 18 1.0 38.15436697768484 38.15436697768484
20 0 6 0.0 6.0 0.0
21 0 100 0.0 0.0 0.0
22 1 17 1.0 35.503281577765854 35.503281577765854
23 5 58 139.6884681067044 1600.889370701534 223625.7838016033
24 0 100 0.0 0.0 0.0
25 0 100 0.0 0.0 0.0
26 0 6 0.0 6.0 0.0
27 1 16 1.0 32.892441635375256 32.892441635375256
28 0 8 0.0 8.0 0.0
29 0 5 0.0 5.0 0.0
30 2 11 9.541850352986048 31.76494829034237 303.0963830567869
31 0 100 0.0 0.0 0.0
32 0 100 0.0 0.0 0.0
33 0 100 0.0 0.0 0.0
34 0 100 0.0 0.0 0.0
35 22 425 3370.209833397988 29839290.213958833 100564669300.70041
36 0 100 0.0 0.0 0.0
37 0 100 0.0 0.0 0.0
38 1 5 1.0 7.59708563275366 7.59708563275366
39 0 100 0.0 0.0 0.0
40 1 14 1.0 27.799106543625292 27.799106543625292
41 0 100 0.0 0.0 0.0
42 0 100 0.0 0.0 0.0
43 0 100 0.0 0.0 0.0
44 0 100 0.0 0.0 0.0
45 0 100 0.0 0.0 0.0
46 0 8 0.0 8.0 0.0
47 22 331 3370.209833397988 14657355.669837352 49398364210.097595
48 3 50 32.9215577265747 497.6760852315066 16384.27196908475
49 0 100 0.0 0.0 0.0
50 0 100 0.0 0.0 0.0
51 0 100 0.0 0.0 0.0
52 22 498 3370.209833397988 46834023.00814036 157840484879.62225
53 0 100 0.0 0.0 0.0
54 0 100 0.0 0.0 0.0
55 0 100 0.0 0.0 0.0
56 0 100 0.0 0.0 0.0
57 0 100 0.0 0.0 0.0
58 0 100 0.0 0.0 0.0
59 1 14 1.0 27.799106543625292 27.799106543625292
60 0 100 0.0 0.0 0.0
61 0 100 0.0 0.0 0.0
62 12 218 1131.8354418063404 315132.98931001755 356678686.1834565
63 0 6 0.0 6.0 0.0
64 1 103 1.0 3.9914906122521803 3.9914906122521803
65 0 7 0.0 7.0 0.0
66 0 100 0.0 0.0 0.0
67 4 82 75.61186198841948 1873.1633591984112 141633.36939747448
68 1 30 1.0 72.61998620345668 72.61998620345668
69 0 100 0.0 0.0 0.0
70 0 100 0.0 0.0 0.0
71 1 14 1.0 27.799106543625292 27.799106543625292
72 0 100 0.0 0.0 0.0
73 0 100 0.0 0.0 0.0
74 0 6 0.0 6.0 0.0
75 0 6 0.0 6.0 0.0
76 0 100 0.0 0.0 0.0
77 0 100 0.0 0.0 0.0
78 0 100 0.0 0.0 0.0
79 0 6 0.0 6.0 0.0
80 5 93 139.6884681067044 3775.468945982596 527389.4734487426
81 6 186 225.58275470837765 5018.366904356723 1132057.0304221432
82 0 100 0.0 0.0 0.0
83 0 100 0.0 0.0 0.0
84 0 6 0.0 6.0 0.0
85 1 10 1.0 18.1937008646705 18.1937008646705
86 23 474 3602.4235623004615 52273349.249531984 188310745016.87518
87 6 242 225.58275470837765 13097.231027658581 2954509.454271259
88 5 80 139.6884681067044 2871.732646582133 401147.9342130701
89 11 373 942.9223974109915 377937.6501482837 356365875.14969623
90 0 100 0.0 0.0 0.0
91 0 5 0.0 5.0 0.0
92 1 11 1.0 20.51504931294799 20.51504931294799
93 22 459 3370.209833397988 37139940.440659516 125169392484.9263
94 0 100 0.0 0.0 0.0
95 0 100 0.0 0.0 0.0
96 1 106 1.0 9.55892689827884 9.55892689827884
97 0 100 0.0 0.0 0.0
98 0 100 0.0 0.0 0.0
99 9 126 604.9491004987461 33505.118966499955 20268891.580887627
100 14 256 1540.4353185285338 869421.7094878121 1339287907.9904802
101 9 156 604.9491004987461 53081.564462536255 32111644.674677517
102 14 300 1540.4353185285338 1285601.433375647 1980385853.5227544
103 0 100 0.0 0.0 0.0
104 0 100 0.0 0.0 0.0
105 0 100 0.0 0.0 0.0
106 18 237 2436.3877014920204 2171612.8448398258 5290890827.569851
107 26 522 4285.277943143774 142236648.0 609523570381.105
108 23 460 3602.4235623004615 47942720.80923809 172709987083.99194
109 25 438 4060.496712466729 66889302.48064264 271603792821.84207
110 39 764 6798.773358825962 7245036710.477849 49257362570912.88
111 30 579 5146.386239304723 477117107.4766839 2455428916454.8784
112 22 416 3370.209833397988 28077151.159311213 94625890930.91237
113 35 598 6117.310290426031 1473890777.7530448 9016247221712.729
114 27 468 4506.6139001521815 128362778.65243942 578481482537.2412
115 0 100 0.0 0.0 0.0
116 11 178 942.9223974109915 141963.15962971188 133860242.82208721
117 34 561 5933.442745663244 981837925.0779319 5825679113970.706
118 24 318 3832.71054120725 20755886.512177832 79551305027.32536
119 11 256 942.9223974109915 326206.92438399093 307587815.1922187
120 26 445 4285.277943143774 88121125.0 377623513287.5154
121 1 101 1.0 1.0 1.0
122 13 187 1331.5823725933528 298855.6518209848 397950917.9147199
123 20 354 2902.6872563902634 10777219.426532751 31282897488.7182
124 0 100 0.0 0.0 0.0
125 34 591 5933.442745663244 1164250503.5757759 6908013704576.466
126 12 205 1131.8354418063404 272713.754843532 308667093.19999504
127 7 193 332.66880679862265 8649.0 2877252.5100012873
128 24 429 3832.71054120725 49814045.9969658 190922819192.75366
129 17 300 2206.0678959513543 3103803.444211487 6847201133.618202
130 10 317 766.6651705632711 157123.06072619176 120460778.151069
131 28 489 4724.12231882448 182982205.277981 864430319901.4327
132 0 100 0.0 0.0 0.0
133 17 302 2206.0678959513543 3158325.2567857914 6967479953.967452
134 4 174 75.61186198841948 1571.597319835911 118831.39964880285
135 17 283 2206.0678959513543 2663779.0645129196 5876477476.129284
136 15 242 1756.7778603087352 1015870.4259704453 1784658673.2872822
137 0 100 0.0 0.0 0.0
138 10 166 766.6651705632711 86591.68420024101 66386828.33673868
139 0 100 0.0 0.0 0.0
140 5 220 139.6884681067044 5999.610526318716 838076.40365832
141 26 438 4285.277943143774 84027672.0 360081929435.3197
142 15 207 1756.7778603087352 685298.1798703804 1203916670.1061578
143 20 359 2902.6872563902634 11202419.895714488 32517121472.02319
144 17 263 2206.0678959513543 2198255.6710417396 4849501262.978183
145 11 193 942.9223974109915 170851.97661382865 161100155.39111796
146 26 373 4285.277943143774 51895117.0 222385000236.96548
147 9 156 604.9491004987461 53081.564462536255 32111644.674677517
148 10 183 766.6651705632711 107558.85724916201 82461629.63851932
149 24 457 3832.71054120725 59929706.55215566 229693218033.9042
150 2 33 9.541850352986048 154.90879557685506 1478.1165457556579
151 19 390 2668.9360872348193 10795217.952565381 28811746763.166927
152 21 315 3136.7198300107975 10008394.876558287 31393530675.878845
153 22 387 3370.209833397988 22861554.9925687 77048237442.7239
154 34 565 5933.442745663244 1004923406.0718795 5962655493704.392
155 20 447 2902.6872563902634 20511503.73373682 59538480497.319176
156 27 449 4506.6139001521815 113183205.55558212 510073007420.568
157 10 199 766.6651705632711 129599.54388675165 99359456.41885859
158 31 655 5350.621552679651 872989066.2245158 4671034112994.578
159 7 137 332.66880679862265 18769.0 6243860.834803348
160 19 315 2668.9360872348193 6045861.289716272 16136017374.539804
161 13 192 1331.5823725933528 318478.99429131305 424081014.8395715
162 26 408 4285.277943143774 67917312.0 291044559071.2139
163 18 295 2436.3877014920204 3894728.059858422 9489067545.694937
164 7 217 332.66880679862265 13689.0 4553903.296266345
165 22 331 3370.209833397988 14657355.669837352 49398364210.097595
166 17 296 2206.0678959513543 2996515.195273954 6610515972.024273
167 41 716 7106.788070274764 8389841077.213037 59624822479038.79
168 36 522 6295.82243666837 1137315703.4060006 7160337723078.768
169 33 583 5744.298091538941 911365298.9698737 5235153947567.462
170 17 260 2206.0678959513543 2133146.1858255807 4705865317.920896
171 26 526 4285.277943143774 145531576.0 623643252663.7518
172 28 465 4724.12231882448 156769144.68609005 740596615314.5822
173 16 346 1979.1134619514044 3378155.448551727 6685752924.793208
174 23 445 3602.4235623004615 43570463.07401536 156959262798.1751
175 17 276 2206.0678959513543 2494545.7359523093 5503137263.066733
176 4 129 75.61186198841948 316.71264325745693 23947.232671970367
177 12 145 1131.8354418063404 120809.0743078219 136735991.99340862
178 9 203 604.9491004987461 93615.87722311099 56632840.71852205
179 12 215 1131.8354418063404 305030.63425581815 345244482.6874022
180 27 453 4506.6139001521815 116272901.06317236 523997072142.3119
181 32 502 5549.980220652734 459832738.0674529 2552062601082.953
182 13 185 1331.5823725933528 291210.07940722397 387770208.46017
183 14 221 1540.4353185285338 605018.3297633114 931991603.5245482
184 22 422 3370.209833397988 29244176.143544376 98559010008.5961
185 18 218 2436.3877014920204 1737565.412303876 4233383001.0750747
186 27 443 4506.6139001521815 108652661.78455354 489655595886.80273
187 26 421 4285.277943143774 74618461.0 319760845074.6339
188 6 179 225.58275470837765 4266.090224510861 962356.3846796412
189 27 460 4506.6139001521815 121815083.2812503 548973547563.4782
190 1 107 1.0 11.607984241186918 11.607984241186918
191 11 251 942.9223974109915 311803.7779035702 294006765.7826388
192 27 478 4506.6139001521815 136874076.4410028 616838615459.5154
193 31 511 5350.621552679651 396917614.0787325 2123755940527.8503
194 22 373 3370.209833397988 20587225.833118886 69383270945.16235
195 23 414 3602.4235623004615 35378159.44807114 127447115186.55415
196 25 442 4060.496712466729 68715240.71834683 279018009033.2072
197 13 151 1331.5823725933528 178502.55358571856 237690853.81764323
198 23 375 3602.4235623004615 26594447.95312067 95804465932.69519
199 32 456 5549.980220652734 337847737.6651642 1875048261633.9348
