0 5 36 139.6884681067044 672.9601112794846 94004.76704154853
1 3 28 32.9215577265747 198.25318874016915 6526.8037975869875
2 0 100 0.0 0.0 0.0
3 10 116 766.6651705632711 39022.35413079504 29917079.785466347
4 1 6 1.0 9.55892689827884 9.55892689827884
5 0 100 0.0 0.0 0.0
6 0 100 0.0 0.0 0.0
7 1 6 1.0 9.55892689827884 9.55892689827884
8 3 46 32.9215577265747 435.9769523615719 14353.040404627594
9 1 101 1.0 1.0 1.0
10 12 170 1131.8354418063404 175602.9947070889 198753693.09681442
11 0 6 0.0 6.0 0.0
12 12 180 1131.8354418063404 200863.24359139695 227344138.05292335
13 0 100 0.0 0.0 0.0
14 2 125 9.541850352986048 103.79546451213633 990.4007896934788
15 0 100 0.0 0.0 0.0
16 6 60 225.58275470837765 2520.4667612931225 568573.8351634055
17 0 6 0.0 6.0 0.0
18 0 100 0.0 0.0 0.0
19 0 100 0.0 0.0 0.0
20 12 149 1131.8354418063404 128791.81270302724 145771138.23177028
21 11 144 942.9223974109915 87380.91148351728 82393418.54399575
22 7 120 332.66880679862265 14400.0 4790430.817900166
23 0 100 0.0 0.0 0.0
24 0 100 0.0 0.0 0.0
25 2 111 9.541850352986048 31.76494829034237 303.0963830567869
26 0 5 0.0 5.0 0.0
27 3 42 32.9215577265747 377.3528472077043 12423.04354263576
28 0 100 0.0 0.0 0.0
29 2 29 9.541850352986048 128.5709592386038 1226.8048527946264
30 0 10 0.0 10.0 0.0
31 2 27 9.541850352986048 115.98017876588344 1106.66550969663
32 1 104 1.0 5.735193251789799 5.735193251789799
33 9 162 604.9491004987461 57577.89660287633 34831696.75851985
34 0 100 0.0 0.0 0.0
35 0 100 0.0 0.0 0.0
36 0 100 0.0 0.0 0.0
37 0 100 0.0 0.0 0.0
38 0 100 0.0 0.0 0.0
39 0 5 0.0 5.0 0.0
40 2 37 9.541850352986048 182.69988024795316 1743.2949168344405
41 0 6 0.0 6.0 0.0
42 0 10 0.0 10.0 0.0
43 0 100 0.0 0.0 0.0
44 1 9 1.0 15.931997307697284 15.931997307697284
45 1 105 1.0 7.59708563275366 7.59708563275366
46 10 176 766.6651705632711 98622.37714481588 75610341.59508552
47 0 100 0.0 0.0 0.0
48 1 6 1.0 9.55892689827884 9.55892689827884
49 5 80 139.6884681067044 2871.732646582133 401147.9342130701
50 1 28 1.0 66.57403288693754 66.57403288693754
51 1 103 1.0 3.9914906122521803 3.9914906122521803
52 0 100 0.0 0.0 0.0
53 10 150 766.6651705632711 69116.80200881512 52989444.80087609
54 2 126 9.541850352986048 109.8359986590007 1048.0386625749609
55 0 100 0.0 0.0 0.0
56 7 121 332.66880679862265 14641.0 4870604.0003386345
57 11 184 942.9223974109915 153157.55954963647 144415693.2321599
58 0 100 0.0 0.0 0.0
59 2 22 9.541850352986048 86.31942417916456 823.6470280735138
60 1 107 1.0 11.607984241186918 11.607984241186918
61 4 20 75.61186198841948 167.77606276002984 12685.860502371781
62 0 9 0.0 9.0 0.0
63 4 179 75.61186198841948 1757.505455801544 132888.25996796062
64 0 100 0.0 0.0 0.0
65 0 9 0.0 9.0 0.0
66 0 100 0.0 0.0 0.0
67 1 105 1.0 7.59708563275366 7.59708563275366
68 8 131 459.67273235884244 25357.227736120636 11656026.158507997
69 4 189 75.61186198841948 2154.8151586700715 162929.58638791565
70 0 100 0.0 0.0 0.0
71 1 101 1.0 1.0 1.0
72 2 18 9.541850352986048 64.62733255388774 616.6643359418604
73 0 100 0.0 0.0 0.0
74 5 203 139.6884681067044 4545.356706035842 634933.9152646826
75 0 100 0.0 0.0 0.0
76 0 100 0.0 0.0 0.0
77 0 100 0.0 0.0 0.0
78 0 5 0.0 5.0 0.0
79 0 10 0.0 10.0 0.0
80 13 296 1331.5823725933528 903992.0266116099 1203739847.6009607
81 2 20 9.541850352986048 75.23327232919837 717.8646261306569
82 1 103 1.0 3.9914906122521803 3.9914906122521803
83 0 5 0.0 5.0 0.0
84 6 83 225.58275470837765 4688.828251009056 1057718.7932170872
85 0 7 0.0 7.0 0.0
86 2 10 9.541850352986048 27.685321443873434 264.16919419175593
87 6 75 225.58275470837765 3862.4525781644106 871302.6925128031
88 0 100 0.0 0.0 0.0
89 3 28 32.9215577265747 198.25318874016915 6526.8037975869875
90 0 100 0.0 0.0 0.0
91 0 100 0.0 0.0 0.0
92 0 100 0.0 0.0 0.0
93 6 151 225.58275470837765 14731.024405213999 3323065.065004514
94 6 81 225.58275470837765 4475.076918624486 1009500.1788351899
95 2 28 9.541850352986048 122.22584512913716 1166.2607234894754
96 0 100 0.0 0.0 0.0
97 12 241 1131.8354418063404 398950.76202897466 451546612.0000407
98 2 38 9.541850352986048 189.8638195218893 1811.6521533242187
99 2 47 9.541850352986048 257.9778488812911 2461.586028410529
100 16 258 1979.1134619514044 1588376.1362783175 3143576593.9507766
101 0 100 0.0 0.0 0.0
102 16 197 1979.1134619514044 793814.02503773 1571048023.2380006
103 15 170 1756.7778603087352 417233.4255692907 732986444.6209024
104 8 94 459.67273235884244 12713.68154955962 5844132.736226273
105 7 86 332.66880679862265 7396.0 2460418.495082613
106 17 277 2206.0678959513543 2518302.144471244 5555545513.223461
107 7 222 332.66880679862265 14884.0 4951442.5203907
108 18 360 2436.3877014920204 6625853.170980919 16143147177.669817
109 0 100 0.0 0.0 0.0
110 3 28 32.9215577265747 198.25318874016915 6526.8037975869875
111 9 142 604.9491004987461 43347.5615654562 26223068.37783675
112 4 77 75.61186198841948 1682.1075637745857 127187.28496180048
113 15 151 1756.7778603087352 309512.2527674306 543744273.1561031
114 13 208 1331.5823725933528 386244.5945999156 514316493.6787133
115 2 109 9.541850352986048 23.78240930402918 226.9281906125095
116 16 335 1979.1134619514044 3108860.44983725 6152787567.6012
117 0 100 0.0 0.0 0.0
118 0 100 0.0 0.0 0.0
119 10 149 766.6651705632711 68096.21827794517 52206998.800774574
120 3 27 32.9215577265747 187.1321231368427 6160.680994346051
121 15 215 1756.7778603087352 754009.1679551424 1324626612.7334049
122 3 86 32.9215577265747 1177.1312153238637 38752.99325703761
123 16 227 1979.1134619514044 1142893.8972792348 2261916697.687439
124 11 198 942.9223974109915 181155.15933402994 170815257.14261368
125 6 92 225.58275470837765 5709.4065807799225 1287943.6642424744
126 9 152 604.9491004987461 50192.57933226694 30363955.718766842
127 9 305 604.9491004987461 95614.26988135114 57841766.55956773
128 10 168 766.6651705632711 88929.02645246735 68178787.23320653
129 6 72 225.58275470837765 3572.3109038912485 805851.7343745624
130 14 156 1540.4353185285338 256277.4328448488 394778808.8960296
131 12 163 1131.8354418063404 159071.89323840395 180043206.56245995
132 9 88 604.9491004987461 15461.831035098347 9353620.776746342
133 12 152 1131.8354418063404 134972.2574092887 152766384.5964414
134 14 221 1540.4353185285338 605018.3297633114 931991603.5245482
135 8 134 459.67273235884244 26580.07983342708 12218137.923347592
136 4 37 75.61186198841948 480.38255499420245 36322.61944986597
137 10 166 766.6651705632711 86591.68420024101 66386828.33673868
138 5 96 139.6884681067044 3999.6858182206656 558709.9848553553
139 11 152 942.9223974109915 98895.11966128755 93250423.32326813
140 12 142 1131.8354418063404 115013.87668397884 130176781.93047115
141 0 100 0.0 0.0 0.0
142 7 115 332.66880679862265 13225.0 4399544.969911785
143 16 161 1979.1134619514044 472466.20444555534 935064225.535283
144 17 284 2206.0678959513543 2688517.866585235 5931052953.165314
145 17 258 2206.0678959513543 2090410.5594410263 4611587624.540559
146 8 258 459.67273235884244 37444.75893656286 17212334.652888034
147 19 249 2668.9360872348193 3193638.246134671 8523616364.682139
148 8 116 459.67273235884244 19689.9977613532 9050955.071100716
149 12 151 1131.8354418063404 132893.60415581556 150413691.1729344
150 9 145 604.9491004987461 45344.665438633376 27431214.569517843
151 9 165 604.9491004987461 59899.656790704736 36236243.49572044
152 14 322 1540.4353185285338 1530750.5757535973 2358022250.748729
153 16 272 1979.1134619514044 1819542.5002071268 3601081056.7526407
154 0 100 0.0 0.0 0.0
155 4 56 75.61186198841948 975.7969952136767 73781.82773081094
156 8 128 459.67273235884244 24164.252749000952 11107648.086542938
157 15 289 1756.7778603087352 1588817.4003228187 2791199232.9604087
158 8 214 459.67273235884244 18990.417242658223 8729376.98256718
159 10 145 766.6651705632711 64097.25121371274 49141130.034397915
160 13 249 1331.5823725933528 595910.8869723005 793504432.7287852
161 10 207 766.6651705632711 141472.4708480404 108462015.99272029
162 11 107 942.9223974109915 44271.988383832344 41745049.42503476
163 9 157 604.9491004987461 53817.35966039549 32556763.317773756
164 6 106 225.58275470837765 7486.36063642395 1688793.855104878
165 6 96 225.58275470837765 6193.675591281851 1397186.4016513997
166 12 297 1131.8354418063404 652045.6674500662 738008396.0962558
167 16 210 1979.1134619514044 935577.399275388 1851613825.6034045
168 11 219 942.9223974109915 228180.97122161838 215156948.42785686
169 0 100 0.0 0.0 0.0
170 15 234 1756.7778603087352 933361.45310503 1639708736.4805064
171 11 245 942.9223974109915 295001.9516751417 278163947.5144461
172 12 278 1131.8354418063404 558171.0490860442 631757775.9458114
173 5 76 139.6884681067044 2616.164871066153 365448.0631538047
174 15 223 1756.7778603087352 826718.1208666635 1452360091.4545956
175 13 304 1331.5823725933528 964003.3884920002 1283649919.2362092
176 15 306 1756.7778603087352 1834955.3406037358 3223608917.0279174
177 13 274 1331.5823725933528 750456.7374587537 999294962.9939942
178 6 85 225.58275470837765 4907.334112484054 1107009.9473685443
179 18 248 2436.3877014920204 2451087.4872302543 5971799409.168771
180 5 84 139.6884681067044 3137.9608221632784 438336.940226843
181 10 178 766.6651705632711 101132.1594107808 77534504.24409819
182 10 304 766.6651705632711 136952.98703216927 104997085.1621675
183 13 146 1331.5823725933528 164588.04714542266 219162542.31840852
184 18 239 2436.3877014920204 2220858.4563228427 5410872229.739528
185 18 311 2436.3877014920204 4484209.88753331 10925273820.895073
186 16 275 1979.1134619514044 1871592.2972534716 3704093510.7789
187 4 149 75.61186198841948 776.5950928818146 58719.80098386357
188 21 283 3136.7198300107975 7413136.9392707925 23252933639.996243
189 15 238 1756.7778603087352 974089.068909004 1711258110.2280881
190 11 140 942.9223974109915 81923.15277315897 77247175.61633398
191 9 226 604.9491004987461 33505.118966499955 20268891.580887627
192 4 190 75.61186198841948 2196.381035229248 166072.4597097358
193 14 240 1540.4353185285338 741490.6921805334 1142218450.595063
194 11 130 942.9223974109915 69138.84603782199 65192566.46021254
195 11 164 942.9223974109915 117686.48609129344 110969223.60807772
196 16 313 1979.1134619514044 2610641.35766343 5166755455.278785
197 9 117 604.9491004987461 28560.865627887746 17277869.97105625
198 17 251 2206.0678959513543 1945020.81997725 4290847987.9087896
199 7 94 332.66880679862265 8836.0 2939461.5768726296
