0 0 100 0.0 0.0 0.0
1 0 8 0.0 8.0 0.0
2 0 100 0.0 0.0 0.0
3 1 114 1.0 27.799106543625292 27.799106543625292
4 2 34 9.541850352986048 161.72412498062124 1543.1473990327004
5 1 107 1.0 11.607984241186918 11.607984241186918
6 1 22 1.0 49.12998068819353 49.12998068819353
7 1 14 1.0 27.799106543625292 27.799106543625292
8 2 10 9.541850352986048 27.685321443873434 264.16919419175593
9 4 156 75.61186198841948 975.7969952136767 73781.82773081094
10 0 100 0.0 0.0 0.0
11 3 74 32.9215577265747 927.3002957027797 30528.17021484885
12 1 10 1.0 18.1937008646705 18.1937008646705
13 20 371 2902.6872563902634 12266136.615978345 35604758440.34233
14 0 100 0.0 0.0 0.0
15 0 6 0.0 6.0 0.0
16 2 56 9.541850352986048 332.1417203303481 3169.2465913755254
17 0 10 0.0 10.0 0.0
18 0 100 0.0 0.0 0.0
19 2 26 9.541850352986048 109.8359986590007 1048.0386625749609
20 0 100 0.0 0.0 0.0
21 0 100 0.0 0.0 0.0
22 0 5 0.0 5.0 0.0
23 0 5 0.0 5.0 0.0
24 2 48 9.541850352986048 265.93129728965954 2537.4766429133756
25 0 100 0.0 0.0 0.0
26 14 250 1540.4353185285338 820027.8512278642 1263199864.2084641
27 1 105 1.0 7.59708563275366 7.59708563275366
28 0 100 0.0 0.0 0.0
29 0 100 0.0 0.0 0.0
30 0 100 0.0 0.0 0.0
31 0 37 0.0 37.0 0.0
32 4 62 75.61186198841948 1161.3060165688764 87808.51025112707
33 0 100 0.0 0.0 0.0
34 1 10 1.0 18.1937008646705 18.1937008646705
35 1 119 1.0 40.84402933782601 40.84402933782601
36 0 100 0.0 0.0 0.0
37 0 6 0.0 6.0 0.0
38 0 100 0.0 0.0 0.0
39 0 100 0.0 0.0 0.0
40 2 27 9.541850352986048 115.98017876588344 1106.66550969663
41 17 331 2206.0678959513543 4016220.324193155 8860054720.26986
42 0 6 0.0 6.0 0.0
43 1 11 1.0 20.51504931294799 20.51504931294799
44 0 10 0.0 10.0 0.0
45 29 514 4937.473672561782 265211728.34949994 1309475926380.2632
46 0 100 0.0 0.0 0.0
47 0 100 0.0 0.0 0.0
48 0 100 0.0 0.0 0.0
49 2 117 9.541850352986048 59.51335422080222 567.8675199791454
50 0 100 0.0 0.0 0.0
51 17 324 2206.0678959513543 3797425.219187417 8377377863.325396
52 0 11 0.0 11.0 0.0
53 2 5 9.541850352986048 10.188005914414083 97.21242783067595
54 2 118 9.541850352986048 64.62733255388774 616.6643359418604
55 6 176 225.58275470837765 3961.5666745886283 893661.1234146099
56 1 38 1.0 97.81435774219185 97.81435774219185
57 0 100 0.0 0.0 0.0
58 0 100 0.0 0.0 0.0
59 3 127 32.9215577265747 187.1321231368427 6160.680994346051
60 1 103 1.0 3.9914906122521803 3.9914906122521803
61 3 45 32.9215577265747 421.0282951259743 13860.907322511091
62 1 17 1.0 35.503281577765854 35.503281577765854
63 0 100 0.0 0.0 0.0
64 3 123 32.9215577265747 145.08021796711313 4776.266770788355
65 1 22 1.0 49.12998068819353 49.12998068819353
66 0 100 0.0 0.0 0.0
67 0 100 0.0 0.0 0.0
68 6 97 225.58275470837765 6317.679695554275 1425159.589088318
69 0 100 0.0 0.0 0.0
70 0 100 0.0 0.0 0.0
71 4 30 75.61186198841948 335.61535000671915 25376.501525903146
72 0 100 0.0 0.0 0.0
73 2 108 9.541850352986048 856.4549772726187 8172.165227205394
74 1 111 1.0 20.51504931294799 20.51504931294799
75 4 77 75.61186198841948 1682.1075637745857 127187.28496180048
76 0 100 0.0 0.0 0.0
77 9 201 604.9491004987461 91640.08514930584 55437587.080701075
78 9 130 604.9491004987461 35838.75307275326 21680621.434358757
79 7 110 332.66880679862265 12100.0 4025292.562263334
80 0 100 0.0 0.0 0.0
81 6 148 225.58275470837765 14176.248260386361 3197917.134007802
82 2 24 9.541850352986048 97.86086952638261 933.7737724338355
83 0 100 0.0 0.0 0.0
84 3 33 32.9215577265747 257.33012181535685 8471.708460130769
85 0 100 0.0 0.0 0.0
86 0 100 0.0 0.0 0.0
87 1 8 1.0 13.734791927877684 13.734791927877684
88 0 100 0.0 0.0 0.0
89 1 15 1.0 30.323695983612147 30.323695983612147
90 22 317 3370.209833397988 12962233.797292976 43685447806.44053
91 5 102 139.6884681067044 4465.486028292682 623776.9026440964
92 0 100 0.0 0.0 0.0
93 0 100 0.0 0.0 0.0
94 1 107 1.0 11.607984241186918 11.607984241186918
95 0 100 0.0 0.0 0.0
96 0 100 0.0 0.0 0.0
97 0 100 0.0 0.0 0.0
98 1 36 1.0 91.37308344663872 91.37308344663872
99 0 100 0.0 0.0 0.0
100 4 46 75.61186198841948 697.0692055589992 52706.70056710426
101 4 55 75.61186198841948 946.1899645328139 71543.18501308264
102 4 129 75.61186198841948 316.71264325745693 23947.232671970367
103 19 347 2668.9360872348193 7861674.857273578 20982307732.684097
104 10 161 766.6651705632711 80897.81870740736 62021539.97751105
105 2 33 9.541850352986048 154.90879557685506 1478.1165457556579
106 32 580 5549.980220652734 730785897.4252573 4055847276242.1357
107 3 30 32.9215577265747 221.1993434691573 7282.2269551002855
108 26 381 4285.277943143774 55306341.0 237003043203.28818
109 0 100 0.0 0.0 0.0
110 19 240 2668.9360872348193 2889930.0155283394 7713038508.026667
111 13 225 1331.5823725933528 466760.9337306444 621530631.5709403
112 0 100 0.0 0.0 0.0
113 29 600 4937.473672561782 428905753.089039 2117710863887.4146
114 29 537 4937.473672561782 303853918.19420284 1500270721388.618
115 11 164 942.9223974109915 117686.48609129344 110969223.60807772
116 22 348 3370.209833397988 16901034.510114647 56960032700.58713
117 21 435 3136.7198300107975 24725818.187981825 77557964223.48424
118 0 100 0.0 0.0 0.0
119 8 78 459.67273235884244 8624.131594582768 3964278.134304082
120 17 268 2206.0678959513543 2309475.532027967 5094859827.692071
121 12 117 1131.8354418063404 72945.27356932806 82562045.93802479
122 10 159 766.6651705632711 78679.82330363935 60321080.15297269
123 13 240 1331.5823725933528 545315.3356418483 726132288.4455129
124 24 447 3832.71054120725 56175404.6354755 215304065502.96957
125 0 100 0.0 0.0 0.0
126 21 444 3136.7198300107975 26186123.125301342 82138531678.23705
127 3 163 32.9215577265747 718.2490844189361 23645.87869475743
128 16 281 1979.1134619514044 1978397.1662811837 3915472464.873602
129 15 344 1756.7778603087352 2464488.251528978 4329558397.277094
130 0 8 0.0 8.0 0.0
131 30 622 5146.386239304723 597529101.0820589 3075115543392.8286
132 26 426 4285.277943143774 77308776.0 331289592604.24274
133 15 249 1756.7778603087352 1091550.9056324547 1917612464.4150457
134 25 501 4060.496712466729 99599841.71046285 404424829827.541
135 17 282 2206.0678959513543 2639181.536725138 5822213659.7568865
136 11 150 942.9223974109915 95941.23722419069 90465141.41401054
137 23 499 3602.4235623004615 60627366.66139045 218405454181.22244
138 15 186 1756.7778603087352 523376.5533464954 919456341.5238167
139 17 290 2206.0678959513543 2839934.7516160733 6265088882.136803
140 9 145 604.9491004987461 45344.665438633376 27431214.569517843
141 19 325 2668.9360872348193 6581129.638966661 17564614388.20878
142 4 151 75.61186198841948 831.5797944458234 62877.296649995835
143 5 168 139.6884681067044 2137.419079796989 298572.7969588832
144 28 535 4724.12231882448 241194405.94172993 1139431876284.9382
145 11 222 942.9223974109915 235400.47553003722 221964380.73847014
146 7 241 332.66880679862265 19881.0 6613788.547963417
147 19 258 2668.9360872348193 3516762.294336253 9386013797.580744
148 26 553 4285.277943143774 169112377.0 724693539070.7145
149 20 394 2902.6872563902634 14480290.548133401 42031754842.8952
150 25 333 4060.496712466729 29698268.17054884 120589720272.46887
151 9 99 604.9491004987461 19928.090733228633 12055480.56372406
152 0 100 0.0 0.0 0.0
153 13 234 1331.5823725933528 513035.32671345456 683148797.5693078
154 18 214 2436.3877014920204 1653788.4519129943 4029269845.110347
155 22 368 3370.209833397988 19812071.50941872 66770838221.027084
156 19 330 2668.9360872348193 6859597.067999331 18307826158.673573
157 14 244 1540.4353185285338 772341.9349328609 1189742794.5512457
158 11 155 942.9223974109915 103420.77350456103 97517763.69501984
159 15 305 1756.7778603087352 1819882.3946090278 3197129099.214785
160 5 114 139.6884681067044 5465.679515018471 763492.3986151252
161 14 297 1540.4353185285338 455659.37602342636 701913796.0451597
162 22 464 3370.209833397988 38302086.79504713 129086069556.33105
163 24 401 3832.71054120725 40892185.35359525 156727909857.72522
164 27 450 4506.6139001521815 113950401.40375188 513530462894.06885
165 36 695 6295.82243666837 2952051079.93455 18585589423243.03
166 9 227 604.9491004987461 34080.638090162705 20617051.357067235
167 0 100 0.0 0.0 0.0
168 11 147 942.9223974109915 91604.76025632706 86376180.15515503
169 19 348 2668.9360872348193 7923325.063849429 21146848193.79987
170 15 308 1756.7778603087352 693671.0685191004 1218625975.5110593
171 7 98 332.66880679862265 9604.0 3194951.220493972
172 12 240 1131.8354418063404 395069.27621432603 447153408.7881529
173 9 193 604.9491004987461 83962.22765060987 50792874.093107395
174 8 123 459.67273235884244 22242.203710402715 10224134.553242799
175 22 397 3370.209833397988 24581846.914228678 82845982193.41748
176 12 208 1131.8354418063404 282190.7201272955 319393458.3889269
177 32 626 5549.980220652734 933486797.816515 5180833264122.115
178 34 586 5933.442745663244 1132339459.5980482 6718671352180.277
179 34 752 5933.442745663244 2560349656.1240783 15191688093490.793
180 8 141 459.67273235884244 29549.892713290425 13583279.924428858
181 22 460 3370.209833397988 37370514.13890063 125946474230.06145
182 0 100 0.0 0.0 0.0
183 23 482 3602.4235623004615 54858872.324329555 197624894262.39746
184 29 544 4937.473672561782 316331051.08459187 1561876236543.9685
185 19 329 2668.9360872348193 6803319.858399732 18157625883.084324
186 27 403 4506.6139001521815 81515570.33254287 367359202339.47046
187 16 245 1979.1134619514044 1390652.9767282873 2752260027.145746
188 0 100 0.0 0.0 0.0
189 19 280 2668.9360872348193 4391459.388953295 11720524438.803617
190 30 458 5146.386239304723 228450088.8067071 1175692393402.7793
191 11 150 942.9223974109915 95941.23722419069 90465141.41401054
192 27 451 4506.6139001521815 114721077.25987725 517003601419.79517
193 34 595 5933.442745663244 1190224741.0354154 7062130355405.499
194 23 433 3602.4235623004615 40266795.7023831 145058053616.60385
195 24 414 3832.71054120725 44890600.84771332 172052679070.15796
196 9 124 604.9491004987461 32369.82111547107 19582094.16710954
197 27 501 4506.6139001521815 157869220.3674579 711455622914.1736
198 23 272 3602.4235623004615 10532025.730647204 37940817650.83823
199 23 270 3602.4235623004615 10310190.463923544 37141673059.0437
