0 0 100 0.0 0.0 0.0
1 1 33 1.0 81.88562674252243 81.88562674252243
2 1 14 1.0 27.799106543625292 27.799106543625292
3 0 16 0.0 16.0 0.0
4 0 8 0.0 8.0 0.0
5 2 17 9.541850352986048 59.51335422080222 567.8675199791454
6 0 6 0.0 6.0 0.0
7 0 100 0.0 0.0 0.0
8 0 100 0.0 0.0 0.0
9 0 9 0.0 9.0 0.0
10 0 100 0.0 0.0 0.0
11 2 39 9.541850352986048 197.11162840858907 1880.8096611081503
12 1 22 1.0 49.12998068819353 49.12998068819353
13 1 29 1.0 69.58346013935528 69.58346013935528
14 2 36 9.541850352986048 175.6210676402407 1675.7499462548174
15 1 20 1.0 43.57075425423803 43.57075425423803
16 0 5 0.0 5.0 0.0
17 1 10 1.0 18.1937008646705 18.1937008646705
18 5 97 139.6884681067044 4075.7152237055247 569330.4160385987
19 0 100 0.0 0.0 0.0
20 1 13 1.0 25.320989780782124 25.320989780782124
21 0 100 0.0 0.0 0.0
22 0 8 0.0 8.0 0.0
23 0 100 0.0 0.0 0.0
24 1 24 1.0 54.8222930413608 54.8222930413608
25 0 100 0.0 0.0 0.0
26 0 100 0.0 0.0 0.0
27 0 10 0.0 10.0 0.0
28 1 9 1.0 15.931997307697284 15.931997307697284
29 0 100 0.0 0.0 0.0
30 0 100 0.0 0.0 0.0
31 1 18 1.0 38.15436697768484 38.15436697768484
32 0 100 0.0 0.0 0.0
33 2 25 9.541850352986048 103.79546451213633 990.4007896934788
34 1 9 1.0 15.931997307697284 15.931997307697284
35 3 41 32.9215577265747 363.1907597716439 11956.805563580698
36 0 12 0.0 12.0 0.0
37 0 6 0.0 6.0 0.0
38 0 5 0.0 5.0 0.0
39 1 7 1.0 11.607984241186918 11.607984241186918
40 0 100 0.0 0.0 0.0
41 0 100 0.0 0.0 0.0
42 0 5 0.0 5.0 0.0
43 1 13 1.0 25.320989780782124 25.320989780782124
44 0 100 0.0 0.0 0.0
45 1 25 1.0 57.71571011139208 57.71571011139208
46 0 10 0.0 10.0 0.0
47 1 5 1.0 7.59708563275366 7.59708563275366
48 0 100 0.0 0.0 0.0
49 2 13 9.541850352986048 40.41888428935346 385.6709453236695
50 1 26 1.0 60.63937356224698 60.63937356224698
51 0 5 0.0 5.0 0.0
52 0 100 0.0 0.0 0.0
53 0 100 0.0 0.0 0.0
54 0 9 0.0 9.0 0.0
55 2 17 9.541850352986048 59.51335422080222 567.8675199791454
56 1 20 1.0 43.57075425423803 43.57075425423803
57 0 7 0.0 7.0 0.0
58 1 14 1.0 27.799106543625292 27.799106543625292
59 0 5 0.0 5.0 0.0
60 0 7 0.0 7.0 0.0
61 0 14 0.0 14.0 0.0
62 2 40 9.541850352986048 204.4421003683832 1950.7559275652661
63 1 8 1.0 13.734791927877684 13.734791927877684
64 3 27 32.9215577265747 187.1321231368427 6160.680994346051
65 0 100 0.0 0.0 0.0
66 0 6 0.0 6.0 0.0
67 1 102 1.0 2.3948263510722025 2.3948263510722025
68 1 10 1.0 18.1937008646705 18.1937008646705
69 0 100 0.0 0.0 0.0
70 4 24 75.61186198841948 229.15430718595061 17326.78384899598
71 1 21 1.0 46.33316012586883 46.33316012586883
72 1 24 1.0 54.8222930413608 54.8222930413608
73 0 100 0.0 0.0 0.0
74 2 50 9.541850352986048 282.0582186126376 2691.3573128316116
75 1 13 1.0 25.320989780782124 25.320989780782124
76 0 5 0.0 5.0 0.0
77 1 103 1.0 3.9914906122521803 3.9914906122521803
78 3 25 32.9215577265747 165.61186212092687 5452.200479019623
79 0 5 0.0 5.0 0.0
80 0 100 0.0 0.0 0.0
81 1 15 1.0 30.323695983612147 30.323695983612147
82 0 100 0.0 0.0 0.0
83 0 100 0.0 0.0 0.0
84 0 100 0.0 0.0 0.0
85 1 108 1.0 13.734791927877684 13.734791927877684
86 0 6 0.0 6.0 0.0
87 0 100 0.0 0.0 0.0
88 0 7 0.0 7.0 0.0
89 0 100 0.0 0.0 0.0
90 1 10 1.0 18.1937008646705 18.1937008646705
91 0 100 0.0 0.0 0.0
92 0 100 0.0 0.0 0.0
93 0 9 0.0 9.0 0.0
94 0 7 0.0 7.0 0.0
95 0 100 0.0 0.0 0.0
96 1 23 1.0 51.960050539976365 51.960050539976365
97 1 17 1.0 35.503281577765854 35.503281577765854
98 1 29 1.0 69.58346013935528 69.58346013935528
99 0 100 0.0 0.0 0.0
100 0 8 0.0 8.0 0.0
101 1 17 1.0 35.503281577765854 35.503281577765854
102 1 104 1.0 5.735193251789799 5.735193251789799
103 3 33 32.9215577265747 257.33012181535685 8471.708460130769
104 2 33 9.541850352986048 154.90879557685506 1478.1165457556579
105 0 100 0.0 0.0 0.0
106 1 26 1.0 60.63937356224698 60.63937356224698
107 1 108 1.0 13.734791927877684 13.734791927877684
108 1 22 1.0 49.12998068819353 49.12998068819353
109 0 100 0.0 0.0 0.0
110 3 32 32.9215577265747 245.06238675558936 8067.83551218631
111 2 13 9.541850352986048 40.41888428935346 385.6709453236695
112 2 33 9.541850352986048 154.90879557685506 1478.1165457556579
113 3 50 32.9215577265747 497.6760852315066 16384.27196908475
114 2 13 9.541850352986048 40.41888428935346 385.6709453236695
115 1 19 1.0 40.84402933782601 40.84402933782601
116 3 24 32.9215577265747 155.22039240905832 5110.09710903639
117 2 55 9.541850352986048 323.62148105306557 3087.947743220061
118 3 64 32.9215577265747 736.4308795040106 24244.45171122346
119 0 100 0.0 0.0 0.0
120 2 12 9.541850352986048 36.01211998010309 343.62225974392254
121 5 71 139.6884681067044 2311.8500842163953 322938.7967565438
122 1 16 1.0 32.892441635375256 32.892441635375256
123 1 19 1.0 40.84402933782601 40.84402933782601
124 3 43 32.9215577265747 391.71440685113555 12895.848457480626
125 0 100 0.0 0.0 0.0
126 2 27 9.541850352986048 115.98017876588344 1106.66550969663
127 3 43 32.9215577265747 391.71440685113555 12895.848457480626
128 0 100 0.0 0.0 0.0
129 0 100 0.0 0.0 0.0
130 2 27 9.541850352986048 115.98017876588344 1106.66550969663
131 1 16 1.0 32.892441635375256 32.892441635375256
132 2 38 9.541850352986048 189.8638195218893 1811.6521533242187
133 2 29 9.541850352986048 128.5709592386038 1226.8048527946264
134 2 14 9.541850352986048 44.97826169706515 429.17584225083993
135 0 8 0.0 8.0 0.0
136 0 100 0.0 0.0 0.0
137 0 8 0.0 8.0 0.0
138 1 106 1.0 9.55892689827884 9.55892689827884
139 1 114 1.0 27.799106543625292 27.799106543625292
140 0 100 0.0 0.0 0.0
141 1 10 1.0 18.1937008646705 18.1937008646705
142 3 28 32.9215577265747 198.25318874016915 6526.8037975869875
143 4 44 75.61186198841948 646.0476428878335 48848.86521197858
144 1 101 1.0 1.0 1.0
145 1 16 1.0 32.892441635375256 32.892441635375256
146 5 77 139.6884681067044 2679.0520099722326 374232.6712512085
147 0 100 0.0 0.0 0.0
148 3 36 32.9215577265747 295.444715883087 9726.500268956508
149 2 30 9.541850352986048 135.01359299654277 1288.2794999919763
150 2 31 9.541850352986048 141.5519192260369 1350.6672304328126
151 1 10 1.0 18.1937008646705 18.1937008646705
152 2 47 9.541850352986048 257.9778488812911 2461.586028410529
153 3 42 32.9215577265747 377.3528472077043 12423.04354263576
154 2 24 9.541850352986048 97.86086952638261 933.7737724338355
155 2 32 9.541850352986048 148.1842032776824 1413.95149235211
156 2 27 9.541850352986048 115.98017876588344 1106.66550969663
157 3 85 32.9215577265747 1155.4778704989785 38040.13141541172
158 1 13 1.0 25.320989780782124 25.320989780782124
159 2 19 9.541850352986048 69.8685662777562 666.6754038000371
160 1 11 1.0 20.51504931294799 20.51504931294799
161 1 19 1.0 40.84402933782601 40.84402933782601
162 0 100 0.0 0.0 0.0
163 2 45 9.541850352986048 242.29532664846576 2311.945748107533
164 1 29 1.0 69.58346013935528 69.58346013935528
165 2 19 9.541850352986048 69.8685662777562 666.6754038000371
166 1 7 1.0 11.607984241186918 11.607984241186918
167 2 32 9.541850352986048 148.1842032776824 1413.95149235211
168 2 21 9.541850352986048 80.71796600694597 770.1987524356932
169 1 21 1.0 46.33316012586883 46.33316012586883
170 2 57 9.541850352986048 340.72951581223015 3251.1900507256933
171 5 65 139.6884681067044 1969.1653870843556 275069.6963705592
172 1 16 1.0 32.892441635375256 32.892441635375256
173 2 50 9.541850352986048 282.0582186126376 2691.3573128316116
174 1 23 1.0 51.960050539976365 51.960050539976365
175 3 35 32.9215577265747 282.5239294230334 9301.12785163911
176 2 36 9.541850352986048 175.6210676402407 1675.7499462548174
177 4 53 75.61186198841948 888.1171619831025 67152.19228141312
178 4 18 75.61186198841948 140.11537396227234 10594.38431849112
179 1 19 1.0 40.84402933782601 40.84402933782601
180 2 27 9.541850352986048 115.98017876588344 1106.66550969663
181 1 22 1.0 49.12998068819353 49.12998068819353
182 5 65 139.6884681067044 1969.1653870843556 275069.6963705592
183 2 28 9.541850352986048 122.22584512913716 1166.2607234894754
184 2 33 9.541850352986048 154.90879557685506 1478.1165457556579
185 2 19 9.541850352986048 69.8685662777562 666.6754038000371
186 1 22 1.0 49.12998068819353 49.12998068819353
187 3 52 32.9215577265747 529.6457757489877 17436.763980956737
188 2 25 9.541850352986048 103.79546451213633 990.4007896934788
189 2 59 9.541850352986048 358.10513855020525 3416.9856426813935
190 1 29 1.0 69.58346013935528 69.58346013935528
191 1 67 1.0 199.85272884066916 199.85272884066916
192 1 23 1.0 51.960050539976365 51.960050539976365
193 5 75 139.6884681067044 2553.9502583266267 356757.3992063684
194 1 31 1.0 75.68293941204132 75.68293941204132
195 0 100 0.0 0.0 0.0
196 2 16 9.541850352986048 54.53075711894446 520.3243240639966
197 1 20 1.0 43.57075425423803 43.57075425423803
198 2 45 9.541850352986048 242.29532664846576 2311.945748107533
199 1 22 1.0 49.12998068819353 49.12998068819353
