0 22 531 3370.209833397988 56209060.38228988 189436328026.45462
1 1 11 1.0 20.51504931294799 20.51504931294799
2 2 129 9.541850352986048 128.5709592386038 1226.8048527946264
3 0 5 0.0 5.0 0.0
4 1 103 1.0 3.9914906122521803 3.9914906122521803
5 0 100 0.0 0.0 0.0
6 0 100 0.0 0.0 0.0
7 3 32 32.9215577265747 245.06238675558936 8067.83551218631
8 0 6 0.0 6.0 0.0
9 1 37 1.0 94.5824071263594 94.5824071263594
10 33 621 5744.298091538941 1118233529.0560255 6423466726851.382
11 2 55 9.541850352986048 323.62148105306557 3087.947743220061
12 0 100 0.0 0.0 0.0
13 3 150 32.9215577265747 497.6760852315066 16384.27196908475
14 1 49 1.0 134.74529814364382 134.74529814364382
15 0 100 0.0 0.0 0.0
16 0 100 0.0 0.0 0.0
17 1 13 1.0 25.320989780782124 25.320989780782124
18 6 233 225.58275470837765 11555.32145660623 2606681.2457220564
19 4 124 75.61186198841948 229.15430718595061 17326.78384899598
20 0 5 0.0 5.0 0.0
21 1 5 1.0 7.59708563275366 7.59708563275366
22 1 33 1.0 81.88562674252243 81.88562674252243
23 0 100 0.0 0.0 0.0
24 1 100 1.0 0.0 0.0
25 0 100 0.0 0.0 0.0
26 0 100 0.0 0.0 0.0
27 38 976 6636.579650383532 13735878163.077251 91159249497226.02
28 1 30 1.0 72.61998620345668 72.61998620345668
29 31 858 5350.621552679651 2057034678.6270587 11006414086071.4
30 11 201 942.9223974109915 187500.599499175 176798514.79576024
31 1 40 1.0 104.3443904241405 104.3443904241405
32 2 15 9.541850352986048 49.68406405407534 474.0779041321602
33 1 11 1.0 20.51504931294799 20.51504931294799
34 1 16 1.0 32.892441635375256 32.892441635375256
35 0 5 0.0 5.0 0.0
36 0 6 0.0 6.0 0.0
37 0 100 0.0 0.0 0.0
38 2 110 9.541850352986048 27.685321443873434 264.16919419175593
39 0 6 0.0 6.0 0.0
40 0 100 0.0 0.0 0.0
41 0 100 0.0 0.0 0.0
42 1 9 1.0 15.931997307697284 15.931997307697284
43 1 30 1.0 72.61998620345668 72.61998620345668
44 4 198 75.61186198841948 2540.672540836771 192104.981515517
45 0 100 0.0 0.0 0.0
46 1 28 1.0 66.57403288693754 66.57403288693754
47 2 10 9.541850352986048 27.685321443873434 264.16919419175593
48 0 5 0.0 5.0 0.0
49 0 6 0.0 6.0 0.0
50 1 20 1.0 43.57075425423803 43.57075425423803
51 1 121 1.0 46.33316012586883 46.33316012586883
52 2 118 9.541850352986048 64.62733255388774 616.6643359418604
53 1 10 1.0 18.1937008646705 18.1937008646705
54 20 416 2902.6872563902634 16822088.369151182 48829261535.006004
55 1 101 1.0 1.0 1.0
56 0 100 0.0 0.0 0.0
57 0 17 0.0 17.0 0.0
58 0 100 0.0 0.0 0.0
59 1 17 1.0 35.503281577765854 35.503281577765854
60 0 100 0.0 0.0 0.0
61 0 10 0.0 10.0 0.0
62 0 100 0.0 0.0 0.0
63 0 5 0.0 5.0 0.0
64 2 25 9.541850352986048 103.79546451213633 990.4007896934788
65 42 1129 7252.650449022947 49522440069.355644 359168947205724.2
66 1 18 1.0 38.15436697768484 38.15436697768484
67 6 237 225.58275470837765 12229.238131186143 2758705.225617702
68 0 100 0.0 0.0 0.0
69 2 133 9.541850352986048 154.90879557685506 1478.1165457556579
70 0 100 0.0 0.0 0.0
71 42 997 7252.650449022947 32034857857.83756 232337626227031.84
72 3 93 32.9215577265747 1332.8212345645688 43878.55121292201
73 0 100 0.0 0.0 0.0
74 0 100 0.0 0.0 0.0
75 2 127 9.541850352986048 115.98017876588344 1106.66550969663
76 2 134 9.541850352986048 161.72412498062124 1543.1473990327004
77 1 104 1.0 5.735193251789799 5.735193251789799
78 2 105 9.541850352986048 10.188005914414083 97.21242783067595
79 0 5 0.0 5.0 0.0
80 4 154 75.61186198841948 916.9626779842689 69333.25545627807
81 0 100 0.0 0.0 0.0
82 0 6 0.0 6.0 0.0
83 4 176 75.61186198841948 1644.92462809159 124375.81396061354
84 2 128 9.541850352986048 122.22584512913716 1166.2607234894754
85 0 18 0.0 18.0 0.0
86 0 6 0.0 6.0 0.0
87 0 6 0.0 6.0 0.0
88 0 100 0.0 0.0 0.0
89 0 100 0.0 0.0 0.0
90 4 148 75.61186198841948 749.6906189831174 56685.50361656424
91 0 5 0.0 5.0 0.0
92 0 100 0.0 0.0 0.0
93 4 144 75.61186198841948 646.0476428878335 48848.86521197858
94 0 5 0.0 5.0 0.0
95 2 60 9.541850352986048 366.8916913478798 3500.825614595415
96 0 100 0.0 0.0 0.0
97 3 46 32.9215577265747 435.9769523615719 14353.040404627594
98 1 106 1.0 9.55892689827884 9.55892689827884
99 0 100 0.0 0.0 0.0
100 0 100 0.0 0.0 0.0
101 22 608 3370.209833397988 82613584.14223959 278425113648.4279
102 18 449 2436.3877014920204 11946990.24688802 29107500107.363087
103 18 443 2436.3877014920204 11525720.036997247 28081122548.980247
104 29 571 4937.473672561782 367713286.67964745 1815574672031.9224
105 26 727 4285.277943143774 246491883.0 1056286229383.8757
106 0 100 0.0 0.0 0.0
107 51 1187 8330.590095344352 298828221152.6455 2489415419343600.5
108 23 672 3602.4235623004615 143068570.66300717 515393589981.0656
109 19 581 2668.9360872348193 19074881.36516468 50909639235.21098
110 44 1134 7528.2761260995885 73271101691.02498 551605085593558.56
111 47 1015 7902.318130854768 84376734594.8444 666771799611159.8
112 43 866 7393.130324549447 23467206777.88469 173496118062051.62
113 36 785 6295.82243666837 4429430868.1760645 27886910241534.324
114 0 100 0.0 0.0 0.0
115 38 747 6636.579650383532 5546738662.194355 36811372931514.63
116 23 565 3602.4235623004615 86752376.88943784 312518806592.0809
117 41 975 7106.788070274764 24539159635.32248 174394606950877.84
118 37 830 6468.923834840442 6514315030.417042 42140607767924.14
119 22 451 3370.209833397988 35328485.99771089 119064410908.54837
120 30 672 5146.386239304723 761803794.520273 3920536565169.2554
121 51 1025 8330.590095344352 172806636689.8126 1439581256017922.8
122 33 844 5744.298091538941 3021436871.053447 17356034052097.703
123 27 654 4506.6139001521815 354611111.67735267 1598095365033.5752
124 41 925 7106.788070274764 20435614218.082092 145231579333803.16
125 43 998 7393.130324549447 38723581140.031845 286288482001520.5
126 42 827 7252.650449022947 16641142645.852364 120692390682696.06
127 1 100 1.0 0.0 0.0
128 34 755 5933.442745663244 2593912463.9809785 15390831092293.406
129 34 810 5933.442745663244 3264730668.3501763 19371092500666.668
130 31 758 5350.621552679651 1387969275.9086432 7426498322133.956
131 41 934 7106.788070274764 21135128192.43525 150202876901726.7
132 23 632 3602.4235623004615 119857718.16806878 431778268052.2191
133 22 697 3370.209833397988 78433525.6282488 264337439340.3972
134 35 846 6117.310290426031 4634084720.62339 28348134148175.504
135 44 993 7528.2761260995885 45690795127.598045 343972922141603.75
136 30 623 5146.386239304723 600552090.558138 3090673014834.0854
137 48 1343 8016.77096497358 279631707456.9714 2241743353227034.2
138 40 828 6955.50474228233 11534599381.843807 80228960700741.44
139 47 1204 7902.318130854768 156942171165.04562 1240206964693252.5
140 50 1286 8230.818941038662 339157767396.94574 2791546175891166.0
141 32 594 5549.980220652734 788887811.8500733 4378311752081.9224
142 32 566 5549.980220652734 675698892.6789873 3750115489485.3335
143 38 1168 6636.579650383532 25254993973.544907 167606779075386.84
144 0 100 0.0 0.0 0.0
145 3 153 32.9215577265747 545.90532331836 17972.053614869816
146 44 1052 7528.2761260995885 56103189391.64664 422360301295177.06
147 40 1149 6955.50474228233 35698361573.3217 248300123214948.38
148 53 1469 8516.089422990353 934527913684.419 7958523281217122.0
149 43 967 7393.130324549447 34641395829.0414 256108353988406.7
150 30 663 5146.386239304723 730210390.7646816 3757944706828.6816
151 39 1039 6798.773358825962 20733854826.672287 140964779821344.62
152 49 1248 8126.242482129881 255006974684.70486 2072248510922267.8
153 48 1069 8016.77096497358 121326428162.71904 972646186578838.9
154 40 838 6955.50474228233 12022102401.994606 83619790269277.27
155 40 1083 6955.50474228233 29111069579.590942 202482182513755.7
156 32 872 5549.980220652734 2702760562.9718666 15000267665654.107
157 26 510 4285.277943143774 132651000.0 568446404435.9647
158 27 968 4506.6139001521815 1166477003.7103455 5256861479128.911
159 55 1410 8683.506947919002 1118095459814.2788 9708989693733982.0
160 45 861 7658.1450374688 32828934938.354652 251408745183546.78
161 18 436 2436.3877014920204 11046128.720356118 26912652163.373436
162 34 725 5933.442745663244 2271722550.09815 13479135685039.473
163 34 809 5933.442745663244 3251565005.0077953 19292974791015.973
164 28 604 4724.12231882448 350127787.46067655 1654046495183.6162
165 34 781 5933.442745663244 2897699487.983064 17193334006085.209
166 44 1259 7528.2761260995885 106282255701.66402 800122168226849.1
167 41 1201 7106.788070274764 37439821441.12111 266076876370976.84
168 28 812 4724.12231882448 869116397.7764765 4105812172392.1875
169 28 778 4724.12231882448 762088237.5240109 3600198051800.7915
170 47 975 7902.318130854768 72906068368.2559 576126945915806.0
171 26 673 4285.277943143774 304821217.0 1306243637812.342
172 29 519 4937.473672561782 273310472.77622056 1349463263768.0027
173 29 525 4937.473672561782 283248363.21266073 1398531336158.7295
174 43 1069 7393.130324549447 49356732316.262985 364900754408033.56
175 46 1096 7782.801884860074 93357154591.77126 726580238722010.6
176 25 848 4060.496712466729 473544938.55290097 1922827666199.3137
177 58 1308 8902.46046345971 1358134485965.6746 1.2090738565370596e+16
178 47 1048 7902.318130854768 94781018007.69571 748989757063086.1
179 16 460 1979.1134619514044 7025871.346379022 13904996563.557362
180 36 979 6295.82243666837 9245947841.417923 58210845868264.445
181 24 449 3832.71054120725 56913506.950680256 218132998026.9443
182 27 557 4506.6139001521815 217787828.16556513 981485653694.8906
183 38 807 6636.579650383532 7208133049.246535 47837349111886.555
184 20 538 2902.6872563902634 34199616.868523374 99270792057.69229
185 30 648 5146.386239304723 679559246.5992163 3497274355490.4917
186 26 474 4285.277943143774 106496424.0 456366776790.8872
187 28 761 4724.12231882448 712076350.5994208 3363935780573.8096
188 19 456 2668.9360872348193 16502168.2548383 44043232372.95878
189 32 671 5549.980220652734 1166297983.6937847 6472930740887.67
190 22 535 3370.209833397988 57421592.13281871 193522814455.39413
191 34 614 5933.442745663244 1319117937.5400095 7826910757171.029
192 27 594 4506.6139001521815 264758144.74378327 1193162735280.837
193 49 1125 8126.242482129881 173997095942.00836 1413942592811177.0
194 48 1233 8016.77096497358 204540275068.01547 1639752538332975.8
195 40 755 6955.50474228233 8390470127.399984 58359954761108.82
196 24 608 3832.71054120725 138096746.61446023 529284856455.66833
197 36 987 6295.82243666837 9500119033.237776 59811062560478.61
198 24 511 3832.71054120725 83075077.39287236 318402724835.27
199 56 1141 8760.68123103637 583401123552.8423 5110991273274915.0
