0 0 100 0.0 0.0 0.0
1 29 430 4937.473672561782 152334681.39271396 752148478794.6124
2 1 110 1.0 18.1937008646705 18.1937008646705
3 0 100 0.0 0.0 0.0
4 9 187 604.9491004987461 78439.41885320956 47451855.87889351
5 0 100 0.0 0.0 0.0
6 0 100 0.0 0.0 0.0
7 0 100 0.0 0.0 0.0
8 11 270 942.9223974109915 127777.17882671817 120483963.79370208
9 0 100 0.0 0.0 0.0
10 0 100 0.0 0.0 0.0
11 0 9 0.0 9.0 0.0
12 0 100 0.0 0.0 0.0
13 32 461 5549.980220652734 349874397.04031545 1941795983286.5522
14 12 158 1131.8354418063404 147835.47973745366 167325435.52329314
15 24 364 3832.71054120725 30811005.75857094 118089666556.07213
16 2 128 9.541850352986048 122.22584512913716 1166.2607234894754
17 0 8 0.0 8.0 0.0
18 0 100 0.0 0.0 0.0
19 7 189 332.66880679862265 7921.0 2635069.61865189
20 0 10 0.0 10.0 0.0
21 0 100 0.0 0.0 0.0
22 1 13 1.0 25.320989780782124 25.320989780782124
23 0 18 0.0 18.0 0.0
24 36 574 6295.82243666837 1560653514.1686049 9825597410368.041
25 14 268 1540.4353185285338 973408.977104957 1499473567.7052088
26 25 390 4060.496712466729 47426241.81190405 192574098961.88852
27 0 100 0.0 0.0 0.0
28 5 49 139.6884681067044 1178.39286145179 164607.89364407648
29 0 100 0.0 0.0 0.0
30 9 154 604.9491004987461 51626.24357981338 31231249.615737274
31 6 60 225.58275470837765 2520.4667612931225 568573.8351634055
32 0 100 0.0 0.0 0.0
33 0 100 0.0 0.0 0.0
34 0 100 0.0 0.0 0.0
35 0 100 0.0 0.0 0.0
36 3 146 32.9215577265747 435.9769523615719 14353.040404627594
37 0 100 0.0 0.0 0.0
38 1 70 1.0 211.19219292596395 211.19219292596395
39 4 67 75.61186198841948 1326.001420918201 100261.43643491513
40 0 100 0.0 0.0 0.0
41 0 5 0.0 5.0 0.0
42 0 100 0.0 0.0 0.0
43 0 100 0.0 0.0 0.0
44 6 220 225.58275470837765 9491.407950004868 2141097.9514230937
45 13 155 1331.5823725933528 190112.64245312745 253150643.49772722
46 3 144 32.9215577265747 406.27351121486885 13375.156852238497
47 1 40 1.0 104.3443904241405 104.3443904241405
48 1 15 1.0 30.323695983612147 30.323695983612147
49 0 100 0.0 0.0 0.0
50 0 100 0.0 0.0 0.0
51 14 185 1540.4353185285338 390235.0653136485 601131877.1374333
52 19 256 2668.9360872348193 3443253.4145366037 9189823295.551254
53 1 108 1.0 13.734791927877684 13.734791927877684
54 0 10 0.0 10.0 0.0
55 1 20 1.0 43.57075425423803 43.57075425423803
56 2 44 9.541850352986048 234.56808185291177 2238.2135346274663
57 0 100 0.0 0.0 0.0
58 0 9 0.0 9.0 0.0
59 0 6 0.0 6.0 0.0
60 1 22 1.0 49.12998068819353 49.12998068819353
61 0 9 0.0 9.0 0.0
62 0 100 0.0 0.0 0.0
63 0 6 0.0 6.0 0.0
64 0 6 0.0 6.0 0.0
65 0 100 0.0 0.0 0.0
66 0 100 0.0 0.0 0.0
67 28 621 4724.12231882448 381296061.0970867 1801289232308.61
68 1 21 1.0 46.33316012586883 46.33316012586883
69 30 601 5146.386239304723 536416961.48648745 2760608869123.7104
70 1 37 1.0 94.5824071263594 94.5824071263594
71 0 8 0.0 8.0 0.0
72 0 100 0.0 0.0 0.0
73 8 109 459.67273235884244 17298.876533787272 7951821.843024257
74 17 296 2206.0678959513543 2996515.195273954 6610515972.024273
75 2 110 9.541850352986048 27.685321443873434 264.16919419175593
76 15 264 1756.7778603087352 1264909.7027781648 2222165361.1303825
77 0 100 0.0 0.0 0.0
78 1 10 1.0 18.1937008646705 18.1937008646705
79 0 100 0.0 0.0 0.0
80 13 186 1331.5823725933528 295018.3746080933 392841267.2192794
81 0 100 0.0 0.0 0.0
82 2 7 9.541850352986048 16.551687764173284 157.9337277350917
83 1 17 1.0 35.503281577765854 35.503281577765854
84 3 38 32.9215577265747 321.92161897300775 10598.16116245226
85 1 13 1.0 25.320989780782124 25.320989780782124
86 1 27 1.0 63.59241768810072 63.59241768810072
87 8 136 459.67273235884244 27411.939785516835 12600521.260464584
88 21 459 3136.7198300107975 28741129.778274473 90152871712.42737
89 0 6 0.0 6.0 0.0
90 0 100 0.0 0.0 0.0
91 1 7 1.0 11.607984241186918 11.607984241186918
92 1 104 1.0 5.735193251789799 5.735193251789799
93 2 18 9.541850352986048 64.62733255388774 616.6643359418604
94 17 271 2206.0678959513543 2377843.848818664 5245684976.46426
95 4 58 75.61186198841948 1036.142416344768 78344.65738500807
96 3 31 32.9215577265747 233.0178128969552 7671.309378607293
97 0 100 0.0 0.0 0.0
98 0 100 0.0 0.0 0.0
99 26 432 4285.277943143774 80621568.0 345485827092.0659
100 21 357 3136.7198300107975 14212704.92733795 44581273383.67312
101 0 100 0.0 0.0 0.0
102 0 100 0.0 0.0 0.0
103 6 93 225.58275470837765 5828.709556476301 1314856.3581449701
104 9 175 604.9491004987461 67995.31391785582 41133703.99273675
105 7 117 332.66880679862265 13689.0 4553903.296266345
106 7 143 332.66880679862265 20449.0 6802744.430225034
107 9 243 604.9491004987461 44007.90838050506 26622544.58961777
108 13 197 1331.5823725933528 338836.37386693084 451188542.6346561
109 0 100 0.0 0.0 0.0
110 8 209 459.67273235884244 17298.876533787272 7951821.843024257
111 24 562 3832.71054120725 109717969.6044391 420517218662.7904
112 6 173 225.58275470837765 3667.8232800781016 827397.6793035355
113 41 770 7106.788070274764 10802360607.177622 76770087493895.98
114 27 425 4506.6139001521815 95793675.89730494 431705111345.4674
115 18 255 2436.3877014920204 2640072.0856061205 6432239160.423141
116 11 298 942.9223974109915 181155.15933402994 170815257.14261368
117 22 291 3370.209833397988 10162110.506221065 34248444756.143238
118 13 256 1331.5823725933528 637090.1971367325 848338076.2592971
119 26 424 4285.277943143774 76225024.0 326645414062.8048
120 22 459 3370.209833397988 37139940.440659516 125169392484.9263
121 14 271 1540.4353185285338 1000502.6462075082 1541209612.4993038
122 15 305 1756.7778603087352 1819882.3946090278 3197129099.214785
123 0 100 0.0 0.0 0.0
124 0 100 0.0 0.0 0.0
125 8 171 459.67273235884244 7092.062323978532 3260027.666522414
126 31 519 5350.621552679651 416983663.1441175 2231121775134.2266
127 0 100 0.0 0.0 0.0
128 26 446 4285.277943143774 88716536.0 380175014912.9206
129 7 251 332.66880679862265 22801.0 7585181.463815395
130 7 208 332.66880679862265 11664.0 3880248.9624991347
131 23 375 3602.4235623004615 26594447.95312067 95804465932.69519
132 1 115 1.0 30.323695983612147 30.323695983612147
133 3 121 32.9215577265747 125.57185196799401 4134.020973397207
134 19 301 2668.9360872348193 5343976.744487508 14262732382.706358
135 20 264 2902.6872563902634 4797573.306729495 13925854899.0418
136 24 404 3832.71054120725 41793172.94716972 160181134505.11505
137 12 325 1131.8354418063404 339444.1642772938 384194935.6433748
138 26 485 4285.277943143774 114084125.0 488882184525.3572
139 24 381 3832.71054120725 35210355.495319426 134951100666.56538
140 28 574 4724.12231882448 299399746.02188027 1414401022432.3455
141 13 168 1331.5823725933528 230840.47046310757 307383101.34983057
142 6 153 225.58275470837765 15106.517660656922 3407769.8679417456
143 5 69 139.6884681067044 2194.8788310889477 306599.26159464906
144 6 158 225.58275470837765 2362.1985438616953 532871.2546924397
145 21 344 3136.7198300107975 12809628.084363174 40180214427.285194
146 21 426 3136.7198300107975 23318956.543540224 73145033405.28267
147 18 216 2436.3877014920204 1695353.3877327098 4130538143.5548067
148 16 234 1979.1134619514044 1235722.966879415 2445635958.99358
149 8 247 459.67273235884244 32225.65307789171 14813254.002362624
150 20 399 2902.6872563902634 14992946.939778935 43519836017.83171
151 10 235 766.6651705632711 54678.91489606342 41920419.615005046
152 25 341 4060.496712466729 31862136.218347337 129376099366.76646
153 18 523 2436.3877014920204 17949584.033702582 43732145786.610504
154 18 319 2436.3877014920204 4798651.235884049 11691374854.857382
155 17 376 2206.0678959513543 5609205.911533021 12374289083.21355
156 7 141 332.66880679862265 19881.0 6613788.547963417
157 9 78 604.9491004987461 11923.23898440822 7212952.698649337
158 23 381 3602.4235623004615 27840425.870867122 100293006141.69107
159 19 267 2668.9360872348193 3859801.003666806 10301562188.231514
160 12 156 1131.8354418063404 143472.92176020972 162387737.7877135
161 23 385 3602.4235623004615 28691896.28995618 103360363242.01933
162 15 243 1756.7778603087352 1026481.4884919698 1803299952.9994483
163 8 268 459.67273235884244 42543.16912271199 19555934.79384136
164 15 245 1756.7778603087352 1047903.4803767416 1840933634.0663288
165 5 36 139.6884681067044 672.9601112794846 94004.76704154853
166 21 439 3136.7198300107975 25368191.97524618 79572910820.27548
167 22 359 3370.209833397988 18464975.370927818 62230841568.55259
168 15 260 1756.7778603087352 1217170.7636398226 2138298649.7775168
169 29 558 4937.473672561782 342319047.379191 1690191284051.1848
170 10 188 766.6651705632711 114204.12207216918 87556322.72748822
171 16 320 1979.1134619514044 2763414.430200763 5469110699.7611
172 18 335 2436.3877014920204 5468065.726742697 13322328087.585934
173 15 252 1756.7778603087352 1124993.9350205557 1976364438.025716
174 29 457 4937.473672561782 184067909.50187263 908830457128.9808
175 24 329 3832.71054120725 22925850.506621677 87868148902.87048
176 22 408 3370.209833397988 26568695.620848633 89542079241.94212
177 20 275 2902.6872563902634 5369501.193482216 15585982687.49314
178 22 380 3370.209833397988 21705079.734751333 73150673156.74634
179 24 390 3832.71054120725 37698048.75731982 144485708855.12457
180 21 254 3136.7198300107975 5475687.536205316 17175697677.75818
181 28 433 4724.12231882448 125929107.2962105 594904506367.6708
182 26 481 4285.277943143774 111284641.0 476885617487.97327
183 31 667 5350.621552679651 924784707.0299436 4948172985022.953
184 20 378 2902.6872563902634 12915298.288888857 37489071755.63666
185 33 490 5744.298091538941 519028216.61169904 2981452794137.443
186 25 273 4060.496712466729 16486264.523654802 66942422899.15719
187 19 292 2668.9360872348193 4921286.440559363 13134598976.828278
188 7 132 332.66880679862265 17424.0 5796421.289659201
189 21 324 3136.7198300107975 10830433.996080315 33972037083.12821
190 26 485 4285.277943143774 114084125.0 488882184525.3572
191 25 426 4060.496712466729 61604948.60253827 250146691272.28848
192 14 228 1540.4353185285338 653382.3373284853 1006493228.9235232
193 15 284 1756.7778603087352 1520459.4333681627 2671109470.038753
194 20 352 2902.6872563902634 10610066.855406556 30797705850.637325
195 22 373 3370.209833397988 20587225.833118886 69383270945.16235
196 10 178 766.6651705632711 101132.1594107808 77534504.24409819
197 23 382 3602.4235623004615 28051723.61848025 101054190126.35362
198 24 414 3832.71054120725 44890600.84771332 172052679070.15796
199 10 199 766.6651705632711 129599.54388675165 99359456.41885859
