0 8 213 459.67273235884244 18645.55254126269 8570852.082982577
1 2 42 9.541850352986048 219.34644070399202 2092.9709126576195
2 0 10 0.0 10.0 0.0
3 1 12 1.0 22.891970023971037 22.891970023971037
4 0 6 0.0 6.0 0.0
5 0 100 0.0 0.0 0.0
6 0 100 0.0 0.0 0.0
7 0 100 0.0 0.0 0.0
8 0 10 0.0 10.0 0.0
9 1 47 1.0 127.85310766976465 127.85310766976465
10 0 100 0.0 0.0 0.0
11 0 100 0.0 0.0 0.0
12 1 8 1.0 13.734791927877684 13.734791927877684
13 0 8 0.0 8.0 0.0
14 0 100 0.0 0.0 0.0
15 0 100 0.0 0.0 0.0
16 1 20 1.0 43.57075425423803 43.57075425423803
17 0 6 0.0 6.0 0.0
18 1 36 1.0 91.37308344663872 91.37308344663872
19 2 120 9.541850352986048 75.23327232919837 717.8646261306569
20 1 102 1.0 2.3948263510722025 2.3948263510722025
21 0 100 0.0 0.0 0.0
22 54 1078 8602.009448624298 341118268947.98376 2934302572588921.0
23 1 10 1.0 18.1937008646705 18.1937008646705
24 1 8 1.0 13.734791927877684 13.734791927877684
25 1 24 1.0 54.8222930413608 54.8222930413608
26 1 42 1.0 110.9598727978785 110.9598727978785
27 0 100 0.0 0.0 0.0
28 0 100 0.0 0.0 0.0
29 0 6 0.0 6.0 0.0
30 0 100 0.0 0.0 0.0
31 0 100 0.0 0.0 0.0
32 0 100 0.0 0.0 0.0
33 0 6 0.0 6.0 0.0
34 1 37 1.0 94.5824071263594 94.5824071263594
35 0 5 0.0 5.0 0.0
36 1 108 1.0 13.734791927877684 13.734791927877684
37 0 100 0.0 0.0 0.0
38 0 18 0.0 18.0 0.0
39 32 755 5549.980220652734 1702603991.7413359 9449418477768.805
40 0 100 0.0 0.0 0.0
41 3 125 32.9215577265747 165.61186212092687 5452.200479019623
42 0 100 0.0 0.0 0.0
43 40 931 6955.50474228233 17281581180.428764 120202119854609.34
44 0 100 0.0 0.0 0.0
45 0 10 0.0 10.0 0.0
46 0 100 0.0 0.0 0.0
47 0 100 0.0 0.0 0.0
48 0 100 0.0 0.0 0.0
49 3 74 32.9215577265747 927.3002957027797 30528.17021484885
50 1 39 1.0 101.06849300292524 101.06849300292524
51 0 100 0.0 0.0 0.0
52 0 100 0.0 0.0 0.0
53 2 20 9.541850352986048 75.23327232919837 717.8646261306569
54 5 181 139.6884681067044 2937.2940727723303 410306.1094044695
55 1 26 1.0 60.63937356224698 60.63937356224698
56 0 6 0.0 6.0 0.0
57 18 578 2436.3877014920204 14118540.921982406 34398239465.32974
58 0 100 0.0 0.0 0.0
59 2 18 9.541850352986048 64.62733255388774 616.6643359418604
60 1 10 1.0 18.1937008646705 18.1937008646705
61 0 100 0.0 0.0 0.0
62 9 210 604.9491004987461 100709.35312827761 60924032.58676212
63 0 100 0.0 0.0 0.0
64 0 10 0.0 10.0 0.0
65 0 100 0.0 0.0 0.0
66 0 6 0.0 6.0 0.0
67 0 100 0.0 0.0 0.0
68 0 100 0.0 0.0 0.0
69 42 1078 7252.650449022947 42118285550.01505 305469202606393.4
70 0 18 0.0 18.0 0.0
71 1 103 1.0 3.9914906122521803 3.9914906122521803
72 0 100 0.0 0.0 0.0
73 0 100 0.0 0.0 0.0
74 1 9 1.0 15.931997307697284 15.931997307697284
75 0 5 0.0 5.0 0.0
76 0 6 0.0 6.0 0.0
77 2 112 9.541850352986048 36.01211998010309 343.62225974392254
78 1 25 1.0 57.71571011139208 57.71571011139208
79 1 20 1.0 43.57075425423803 43.57075425423803
80 0 5 0.0 5.0 0.0
81 0 100 0.0 0.0 0.0
82 1 11 1.0 20.51504931294799 20.51504931294799
83 0 100 0.0 0.0 0.0
84 0 11 0.0 11.0 0.0
85 0 100 0.0 0.0 0.0
86 0 5 0.0 5.0 0.0
87 40 904 6955.50474228233 15613883960.355103 108602443931695.92
88 0 100 0.0 0.0 0.0
89 1 17 1.0 35.503281577765854 35.503281577765854
90 19 577 2668.9360872348193 31259661.4180111 83430038433.27179
91 0 5 0.0 5.0 0.0
92 1 114 1.0 27.799106543625292 27.799106543625292
93 1 20 1.0 43.57075425423803 43.57075425423803
94 10 283 766.6651705632711 283611.7495318218 217435250.3285619
95 5 90 139.6884681067044 3557.085524945249 496883.82790413423
96 0 100 0.0 0.0 0.0
97 0 100 0.0 0.0 0.0
98 17 475 2206.0678959513543 10349556.561663365 22831824468.018234
99 2 24 9.541850352986048 97.86086952638261 933.7737724338355
100 1 26 1.0 60.63937356224698 60.63937356224698
101 44 917 7528.2761260995885 34421647709.22262 259135668670351.22
102 21 590 3136.7198300107975 58081298.35301968 182184760296.6903
103 64 1437 9234.449738045854 4957557491070.414 4.578031547476245e+16
104 20 458 2902.6872563902634 21934417.08500301 63668752948.98711
105 21 420 3136.7198300107975 22410300.79797362 70294834909.51067
106 23 460 3602.4235623004615 47942720.80923809 172709987083.99194
107 31 714 5350.621552679651 1147960875.347817 6142304201269.028
108 0 100 0.0 0.0 0.0
109 28 662 4724.12231882448 464055007.96057427 2192252620268.8208
110 34 643 5933.442745663244 1534066921.236963 9102298245175.404
111 24 731 3832.71054120725 236671090.0284753 907091781551.1475
112 1 118 1.0 38.15436697768484 38.15436697768484
113 31 868 5350.621552679651 2134118870.3430452 11418862423637.848
114 32 800 5549.980220652734 2050032736.897649 11377641141472.543
115 36 778 6295.82243666837 4299177594.66128 27066858759690.438
116 18 308 2436.3877014920204 4369712.206329453 10646313078.56064
117 56 1606 8760.68123103637 2174279348473.859 1.904816827920492e+16
118 13 324 1331.5823725933528 461776.76854868385 614893805.072548
119 36 541 6295.82243666837 1281208029.104261 8066258255674.268
120 30 574 5146.386239304723 464293325.4666218 2389432781182.4517
121 48 1515 8016.77096497358 434612394479.73425 3484188025082777.5
122 47 1267 7902.318130854768 188902873271.0982 1492770600420760.0
123 50 1123 8230.818941038662 205172474196.36383 1688737486795197.5
124 32 971 5549.980220652734 3815998814.8685765 21178717944554.875
125 37 1033 6468.923834840442 13593495713.04771 87935288416935.7
126 26 713 4285.277943143774 362467097.0 1553272255889.4548
127 34 1027 5933.442745663244 7096539408.105626 42106910270337.66
128 23 480 3602.4235623004615 54204837.27506196 195268782990.34555
129 15 396 1756.7778603087352 3513837.6501703453 6173032188.538533
130 41 1118 7106.788070274764 39487981497.76196 280632715827525.34
131 17 710 2206.0678959513543 19935594.676113874 43979275401.67355
132 43 1036 7393.130324549447 44184535417.0176 326662028667681.9
133 46 1165 7782.801884860074 116368910869.9375 905676178857663.5
134 37 745 6468.923834840442 4530214371.300023 29305611723439.43
135 35 795 6117.310290426031 2421179941.053424 14811108968379.201
136 38 1096 6636.579650383532 20353557846.46043 135078007816723.34
137 46 954 7782.801884860074 56581164528.12498 440359993937069.06
138 13 366 1331.5823725933528 1507835.9976475262 2007807835.2291582
139 41 1093 7106.788070274764 36502671209.735634 259416748286511.3
140 43 1127 7393.130324549447 59477748005.79565 439726742417558.2
141 31 547 5350.621552679651 492683393.61668277 2636162384532.775
142 50 894 8230.818941038662 88069983272.32442 724888086454806.0
143 42 732 7252.650449022947 10852319353.073881 78708078829011.7
144 0 100 0.0 0.0 0.0
145 34 786 5933.442745663244 2958824077.3926544 17556013257699.186
146 45 1313 7658.1450374688 112103940128.31523 858508232774356.8
147 39 980 6798.773358825962 16976543906.467808 115419674436232.55
148 35 873 6117.310290426031 5140614899.879812 31446736426152.156
149 38 1038 6636.579650383532 12005168954.491577 79673259982794.94
150 19 630 2668.9360872348193 39680697.937428065 105905246691.86603
151 20 567 2902.6872563902634 39530005.325663544 114743242703.84282
152 26 487 4285.277943143774 115501303.0 494955186150.2658
153 21 510 3136.7198300107975 38611628.93938286 121113862163.18098
154 23 586 3602.4235623004615 96382523.90929686 347210675124.83856
155 20 537 2902.6872563902634 34024523.96378635 98762552114.42776
156 54 1442 8602.009448624298 1031323017049.8665 8871450337246669.0
157 36 997 6295.82243666837 9824660072.025291 61854315314096.71
158 22 523 3370.209833397988 29441684.105599444 99224653284.4885
159 49 1116 8126.242482129881 168923818561.8281 1372715910640727.5
160 30 946 5146.386239304723 1570307195.8870745 8081407344394.426
161 33 930 5744.298091538941 2862067268.1236997 16440567546139.037
162 31 995 5350.621552679651 3292266811.2860684 17615673757639.15
163 41 927 7106.788070274764 20589614405.36955 146326026027637.75
164 47 904 7902.318130854768 55389706230.75612 437707079810023.4
165 32 734 5549.980220652734 1555315469.1742187 8631970090792.141
166 29 651 4937.473672561782 552650167.2787412 2728695651075.65
167 41 768 7106.788070274764 10705143195.922268 76079183955363.44
168 42 1130 7252.650449022947 49676283522.16616 360284719992829.6
169 30 769 5146.386239304723 1163571748.6009567 5988189635443.698
170 36 934 6295.82243666837 5419676274.221266 34121319486721.48
171 48 1294 8016.77096497358 244072509560.33466 1956673407991527.2
172 43 1056 7393.130324549447 47270139090.0718 349474298752480.06
173 22 671 3370.209833397988 109351019.47739235 368535881134.8026
174 51 1356 8330.590095344352 491127482694.13354 4091381742883154.0
175 50 1529 8230.818941038662 644394042078.3528 5303890687030971.0
176 20 664 2902.6872563902634 61114989.85142156 177397702216.14163
177 3 64 32.9215577265747 736.4308795040106 24244.45171122346
178 58 1420 8902.46046345971 1870024198710.9438 1.6647816494737104e+16
179 39 690 6798.773358825962 5113606705.741289 34766253038507.664
180 20 584 2902.6872563902634 42886764.7657246 124486865553.27576
181 36 638 6295.82243666837 2219651310.347357 13974530521265.236
182 46 857 7782.801884860074 38425336791.30516 299056783605752.94
183 21 544 3136.7198300107975 46265334.859287724 145121393295.21762
184 38 975 6636.579650383532 13688209892.594687 90842895223372.45
185 56 1536 8760.68123103637 1831598158841.736 1.6046047612965568e+16
186 33 850 5744.298091538941 3091577391.2069182 17758942108154.836
187 53 1150 8516.089422990353 370435763970.7951 3154664091449039.0
188 1 116 1.0 32.892441635375256 32.892441635375256
189 46 1029 7782.801884860074 74350375914.99089 578654245811246.1
190 22 494 3370.209833397988 45772130.004910566 154261682638.1207
191 40 1057 6955.50474228233 26771179588.735607 186207066585942.44
192 24 785 3832.71054120725 291507831.0654354 1117265136968.9565
193 34 939 5933.442745663244 5294028443.38418 31411814662732.74
194 37 952 6468.923834840442 10330091450.054884 66824574797341.51
195 49 1145 8126.242482129881 185667445030.65088 1508778679356589.8
196 45 1159 7658.1450374688 95226458226.71675 729258028504660.9
197 53 1303 8516.089422990353 593953048650.3131 5058157275363806.0
198 41 1020 7106.788070274764 28706111067.21996 204008247676501.2
199 25 453 4060.496712466729 73906133.26195557 300095611141.2986
