0 1 6 1.0 9.55892689827884 9.55892689827884
1 0 100 0.0 0.0 0.0
2 0 6 0.0 6.0 0.0
3 0 100 0.0 0.0 0.0
4 0 100 0.0 0.0 0.0
5 16 355 1979.1134619514044 3608736.865240595 7142099710.637972
6 1 104 1.0 5.735193251789799 5.735193251789799
7 0 100 0.0 0.0 0.0
8 2 33 9.541850352986048 154.90879557685506 1478.1165457556579
9 0 100 0.0 0.0 0.0
10 1 36 1.0 91.37308344663872 91.37308344663872
11 1 107 1.0 11.607984241186918 11.607984241186918
12 25 471 4060.496712466729 82949529.71864651 336816292723.2254
13 1 117 1.0 35.503281577765854 35.503281577765854
14 0 100 0.0 0.0 0.0
15 0 100 0.0 0.0 0.0
16 1 49 1.0 134.74529814364382 134.74529814364382
17 3 160 32.9215577265747 664.7206420100937 21883.638987981092
18 0 100 0.0 0.0 0.0
19 0 6 0.0 6.0 0.0
20 0 6 0.0 6.0 0.0
21 0 100 0.0 0.0 0.0
22 0 100 0.0 0.0 0.0
23 5 213 139.6884681067044 5378.870870117234 751366.2319904525
24 0 100 0.0 0.0 0.0
25 22 490 3370.209833397988 44725973.41524472 150735915412.35474
26 0 100 0.0 0.0 0.0
27 0 6 0.0 6.0 0.0
28 0 7 0.0 7.0 0.0
29 0 100 0.0 0.0 0.0
30 0 9 0.0 9.0 0.0
31 0 100 0.0 0.0 0.0
32 0 6 0.0 6.0 0.0
33 1 18 1.0 38.15436697768484 38.15436697768484
34 23 532 3602.4235623004615 72927237.17156777 262714797520.3298
35 19 560 2668.9360872348193 28822390.25462588 76925117470.93619
36 0 100 0.0 0.0 0.0
37 1 120 1.0 43.57075425423803 43.57075425423803
38 0 100 0.0 0.0 0.0
39 0 100 0.0 0.0 0.0
40 0 100 0.0 0.0 0.0
41 0 100 0.0 0.0 0.0
42 0 100 0.0 0.0 0.0
43 0 100 0.0 0.0 0.0
44 6 127 225.58275470837765 10578.68633606439 2386369.2048852793
45 0 100 0.0 0.0 0.0
46 0 100 0.0 0.0 0.0
47 1 115 1.0 30.323695983612147 30.323695983612147
48 1 6 1.0 9.55892689827884 9.55892689827884
49 0 100 0.0 0.0 0.0
50 0 100 0.0 0.0 0.0
51 0 100 0.0 0.0 0.0
52 0 100 0.0 0.0 0.0
53 0 100 0.0 0.0 0.0
54 18 264 2436.3877014920204 2896089.0462376727 7055995734.679221
55 0 100 0.0 0.0 0.0
56 5 204 139.6884681067044 4625.863540566592 646179.7916524031
57 29 559 4937.473672561782 344228858.5138966 1699620926248.3591
58 1 107 1.0 11.607984241186918 11.607984241186918
59 0 100 0.0 0.0 0.0
60 0 100 0.0 0.0 0.0
61 0 100 0.0 0.0 0.0
62 0 100 0.0 0.0 0.0
63 0 100 0.0 0.0 0.0
64 0 100 0.0 0.0 0.0
65 0 10 0.0 10.0 0.0
66 1 104 1.0 5.735193251789799 5.735193251789799
67 1 114 1.0 27.799106543625292 27.799106543625292
68 0 100 0.0 0.0 0.0
69 0 100 0.0 0.0 0.0
70 4 203 75.61186198841948 2766.3252371383346 209167.00204558554
71 1 10 1.0 18.1937008646705 18.1937008646705
72 6 141 225.58275470837765 12921.36097430879 2914836.2031659037
73 5 96 139.6884681067044 3999.6858182206656 558709.9848553553
74 0 100 0.0 0.0 0.0
75 0 100 0.0 0.0 0.0
76 1 105 1.0 7.59708563275366 7.59708563275366
77 0 100 0.0 0.0 0.0
78 0 100 0.0 0.0 0.0
79 0 100 0.0 0.0 0.0
80 7 299 332.66880679862265 39601.0 13174017.418032255
81 0 100 0.0 0.0 0.0
82 3 99 32.9215577265747 1471.8833997479187 48456.69431158813
83 2 32 9.541850352986048 148.1842032776824 1413.95149235211
84 0 100 0.0 0.0 0.0
85 0 100 0.0 0.0 0.0
86 0 5 0.0 5.0 0.0
87 2 126 9.541850352986048 109.8359986590007 1048.0386625749609
88 0 100 0.0 0.0 0.0
89 29 527 4937.473672561782 286614672.11773944 1415152397751.266
90 0 7 0.0 7.0 0.0
91 1 103 1.0 3.9914906122521803 3.9914906122521803
92 22 505 3370.209833397988 48730524.64721729 164232093352.69473
93 0 100 0.0 0.0 0.0
94 35 699 6117.310290426031 2467497352.997757 15094446949092.172
95 0 100 0.0 0.0 0.0
96 1 27 1.0 63.59241768810072 63.59241768810072
97 0 100 0.0 0.0 0.0
98 26 623 4285.277943143774 241804367.0 1036198920460.9423
99 16 327 1979.1134619514044 2921529.96625932 5782039285.718252
100 25 478 4060.496712466729 86655196.07832406 351863138794.19464
101 19 383 2668.9360872348193 10277328.994107053 27429534232.75704
102 22 357 3370.209833397988 18173929.973126985 61249957506.919
103 40 641 6955.50474228233 4771514508.405786 33188291791085.383
104 17 365 2206.0678959513543 5189278.437624522 11447900564.396059
105 17 439 2206.0678959513543 8418140.132019414 18570988688.867725
106 23 589 3602.4235623004615 97812686.48159677 352362726473.21204
107 31 608 5350.621552679651 689196305.3798966 3687628605592.862
108 35 704 6117.310290426031 2526258317.637883 15453906002760.576
109 36 810 6295.82243666837 4917193910.238987 30957779745531.688
110 30 632 5146.386239304723 628229668.7749567 3233112522506.4014
111 28 676 4724.12231882448 494871963.2355271 2337835686481.4414
112 39 518 6798.773358825962 1918126304.0163944 13040906014609.969
113 20 488 2902.6872563902634 26130423.182329357 75848446375.43214
114 19 668 2668.9360872348193 46518209.76077022 124154128744.07864
115 36 595 6295.82243666837 1759162914.5836487 11075377347390.658
116 30 904 5146.386239304723 1338181870.3730977 6886800763375.166
117 31 784 5350.621552679651 1544830108.7893004 8265801275316.481
118 26 534 4285.277943143774 152273304.0 652533430960.8265
119 34 776 5933.442745663244 2837457187.765155 16835889766875.188
120 40 1059 6955.50474228233 26946254050.069035 187424797831999.62
121 51 1334 8330.590095344352 462039388818.3892 3849060756149431.5
122 29 479 4937.473672561782 213022576.98472333 1051793365523.3369
123 6 242 225.58275470837765 13097.231027658581 2954509.454271259
124 2 50 9.541850352986048 282.0582186126376 2691.3573128316116
125 40 941 6955.50474228233 17930112121.573322 124712979891257.12
126 23 450 3602.4235623004615 44997586.019606486 162100364123.67224
127 18 387 2436.3877014920204 8036227.178916151 19579365065.107224
128 20 555 2902.6872563902634 37264582.35479743 108167428315.97598
129 36 697 6295.82243666837 2980453788.1495166 18764407830884.96
130 42 1063 7252.650449022947 40100590571.06501 290835566211320.0
131 31 632 5350.621552679651 779331934.6357464 4169910246153.5537
132 45 1055 7658.1450374688 67992074020.714905 520693164248949.2
133 43 760 7393.130324549447 14800468736.780886 109421794235440.81
134 28 528 4724.12231882448 231629575.03398344 1094246445117.8708
135 36 997 6295.82243666837 9824660072.025291 61854315314096.71
136 31 746 5350.621552679651 1319402411.5168357 7059622979719.487
137 34 710 5933.442745663244 2121559059.8546786 12588149213190.875
138 24 570 3832.71054120725 114347575.90612675 438261159536.9082
139 43 793 7393.130324549447 17196666561.67758 127137197038304.02
140 22 622 3370.209833397988 88139021.27473289 297046996206.17926
141 31 689 5350.621552679651 1025142779.5380644 5485151050770.291
142 35 1076 6117.310290426031 10252353028.886463 62716824684687.65
143 44 939 7528.2761260995885 37450217268.908806 281935576582768.7
144 33 832 5744.298091538941 2884469751.663453 16569254089582.176
145 42 997 7252.650449022947 32034857857.83756 232337626227031.84
146 43 927 7393.130324549447 29841798956.786484 220624308806526.22
147 19 502 2668.9360872348193 21420901.6396094 57171017407.061035
148 22 377 3370.209833397988 21221305.363337778 71520252013.06244
149 36 838 6295.82243666837 5506778353.350143 34669698710781.535
150 29 663 4937.473672561782 584922801.5779238 2888040933272.078
151 31 844 5350.621552679651 1952352156.0680761 10446297524678.434
152 36 807 6295.82243666837 4856769721.674813 30577359783451.883
153 40 746 6955.50474228233 8050587080.912823 55995896619446.0
154 26 596 4285.277943143774 211708736.0 907230776751.6482
155 37 861 6468.923834840442 7368997582.80616 47669484102296.375
156 13 237 1331.5823725933528 529031.2851182016 704448733.8138055
157 33 962 5744.298091538941 4616673576.023835 26519549212011.973
158 12 398 1131.8354418063404 1297762.5917546882 1468853696.398409
159 32 773 5549.980220652734 1836262976.72136 10191223200720.459
160 21 662 3136.7198300107975 80196429.41107398 251553730429.77692
161 30 817 5146.386239304723 1407336734.5920625 7242698404972.634
162 26 565 4285.277943143774 180362125.0 772901836041.0403
163 26 607 4285.277943143774 223648543.0 958396168334.1418
164 35 859 6117.310290426031 4873399065.956262 29812094255526.848
165 34 844 5933.442745663244 3734738418.9292083 22159856578745.324
166 33 778 5744.298091538941 2320874301.215391 13331793819173.344
167 0 100 0.0 0.0 0.0
168 24 541 3832.71054120725 98156097.92219725 376203911190.17645
169 18 462 2436.3877014920204 12892437.681618454 31410976609.747498
170 30 885 5146.386239304723 1809133327.8049705 9310498863283.06
171 30 662 5146.386239304723 726756142.6343161 3740167811783.425
172 25 540 4060.496712466729 124367175.39346075 504992506823.9205
173 36 836 6295.82243666837 5463105818.084096 34394744183387.36
174 39 896 6798.773358825962 12495434646.432398 84953628181115.48
175 35 1063 6117.310290426031 9849011755.605267 60249460963091.05
176 34 700 5933.442745663244 2025369883.411013 12017416242009.885
177 28 500 4724.12231882448 195925496.6553838 925576011576.4696
178 31 646 5350.621552679651 835472406.1965615 4470296663264.45
179 36 688 6295.82243666837 2854132953.2643356 17969114284396.16
180 27 671 4506.6139001521815 383349085.2680749 1727606316279.7302
181 55 1342 8683.506947919002 925445054776.6952 8036108563070714.0
182 33 774 5744.298091538941 2282439670.4266787 13111013842884.738
183 35 804 6117.310290426031 3916914686.544124 23960982518717.223
184 31 636 5350.621552679651 795099625.7844652 4254277194249.885
185 30 575 5146.386239304723 466839047.548343 2402534050272.9155
186 41 982 7106.788070274764 25157023532.693783 178785634725769.7
187 26 523 4285.277943143774 143055667.0 613033294436.8207
188 41 873 7106.788070274764 16712594428.86516 118772866710399.4
189 28 615 4724.12231882448 370090504.91928506 1748352814274.2156
190 44 1037 7528.2761260995885 53309335173.30253 401327395283414.5
191 28 650 4724.12231882448 438693333.5091885 2072440967950.2686
192 44 976 7528.2761260995885 42968880671.31367 323481598523072.75
193 29 594 4937.473672561782 415718552.48359334 2052599408083.2356
194 44 928 7528.2761260995885 35912986921.62312 270362882058982.12
195 24 501 3832.71054120725 78410351.50084978 300524180737.0727
196 36 699 6295.82243666837 3009047209.553233 18944426934899.594
197 28 482 4724.12231882448 175053403.771733 826973691744.2373
198 33 676 5744.298091538941 1472070850.9761798 8456013779872.574
199 30 785 5146.386239304723 1241330798.9166574 6388367741969.824
