0 0 9 0.0 9.0 0.0
1 2 27 9.541850352986048 115.98017876588344 1106.66550969663
2 0 100 0.0 0.0 0.0
3 2 23 9.541850352986048 92.0346545141889 878.1809006631623
4 0 100 0.0 0.0 0.0
5 3 139 32.9215577265747 335.47304520277595 11044.29522335299
6 4 46 75.61186198841948 697.0692055589992 52706.70056710426
7 2 115 9.541850352986048 49.68406405407534 474.0779041321602
8 1 105 1.0 7.59708563275366 7.59708563275366
9 1 18 1.0 38.15436697768484 38.15436697768484
10 0 100 0.0 0.0 0.0
11 1 10 1.0 18.1937008646705 18.1937008646705
12 0 100 0.0 0.0 0.0
13 0 100 0.0 0.0 0.0
14 1 33 1.0 81.88562674252243 81.88562674252243
15 2 45 9.541850352986048 242.29532664846576 2311.945748107533
16 1 19 1.0 40.84402933782601 40.84402933782601
17 1 122 1.0 49.12998068819353 49.12998068819353
18 0 100 0.0 0.0 0.0
19 2 137 9.541850352986048 182.69988024795316 1743.2949168344405
20 0 100 0.0 0.0 0.0
21 1 109 1.0 15.931997307697284 15.931997307697284
22 2 47 9.541850352986048 257.9778488812911 2461.586028410529
23 0 9 0.0 9.0 0.0
24 2 7 9.541850352986048 16.551687764173284 157.9337277350917
25 1 54 1.0 152.29279760785363 152.29279760785363
26 3 144 32.9215577265747 406.27351121486885 13375.156852238497
27 49 1484 8126.242482129881 482683426349.1712 3922402564618644.5
28 46 1171 7782.801884860074 118546340331.45903 922622680974943.1
29 0 100 0.0 0.0 0.0
30 1 5 1.0 7.59708563275366 7.59708563275366
31 0 100 0.0 0.0 0.0
32 1 104 1.0 5.735193251789799 5.735193251789799
33 7 194 332.66880679862265 37636.0 12520323.212672962
34 0 100 0.0 0.0 0.0
35 2 135 9.541850352986048 168.62869283493262 1609.0297522505775
36 1 37 1.0 94.5824071263594 94.5824071263594
37 2 80 9.541850352986048 555.5596760452839 5301.067290977507
38 1 101 1.0 1.0 1.0
39 0 100 0.0 0.0 0.0
40 0 100 0.0 0.0 0.0
41 34 748 5933.442745663244 2516069861.255827 14928956465850.31
42 24 597 3832.71054120725 130917645.18265733 501769438721.6013
43 0 7 0.0 7.0 0.0
44 23 643 3602.4235623004615 125974353.45053053 453812979115.7576
45 0 5 0.0 5.0 0.0
46 1 103 1.0 3.9914906122521803 3.9914906122521803
47 0 6 0.0 6.0 0.0
48 0 9 0.0 9.0 0.0
49 2 117 9.541850352986048 59.51335422080222 567.8675199791454
50 0 8 0.0 8.0 0.0
51 0 100 0.0 0.0 0.0
52 0 18 0.0 18.0 0.0
53 13 330 1331.5823725933528 492152.9289485213 655342164.8080398
54 1 22 1.0 49.12998068819353 49.12998068819353
55 0 6 0.0 6.0 0.0
56 0 100 0.0 0.0 0.0
57 1 122 1.0 49.12998068819353 49.12998068819353
58 0 100 0.0 0.0 0.0
59 1 28 1.0 66.57403288693754 66.57403288693754
60 1 51 1.0 141.71101512179817 141.71101512179817
61 0 100 0.0 0.0 0.0
62 0 5 0.0 5.0 0.0
63 3 35 32.9215577265747 282.5239294230334 9301.12785163911
64 0 9 0.0 9.0 0.0
65 36 914 6295.82243666837 4998575358.390243 31470142892730.926
66 34 982 5933.442745663244 6129077092.740994 36366528013534.82
67 1 11 1.0 20.51504931294799 20.51504931294799
68 0 10 0.0 10.0 0.0
69 0 7 0.0 7.0 0.0
70 7 291 332.66880679862265 36481.0 12136090.740820553
71 1 101 1.0 1.0 1.0
72 0 100 0.0 0.0 0.0
73 1 112 1.0 22.891970023971037 22.891970023971037
74 0 6 0.0 6.0 0.0
75 0 10 0.0 10.0 0.0
76 0 100 0.0 0.0 0.0
77 10 137 766.6651705632711 56496.819585189216 43314143.823561445
78 0 100 0.0 0.0 0.0
79 0 100 0.0 0.0 0.0
80 2 18 9.541850352986048 64.62733255388774 616.6643359418604
81 0 100 0.0 0.0 0.0
82 2 41 9.541850352986048 211.85407612585806 2021.4798910630518
83 3 139 32.9215577265747 335.47304520277595 11044.29522335299
84 1 38 1.0 97.81435774219185 97.81435774219185
85 2 27 9.541850352986048 115.98017876588344 1106.66550969663
86 0 100 0.0 0.0 0.0
87 0 100 0.0 0.0 0.0
88 31 882 5350.621552679651 2245328356.541268 12013902297352.488
89 1 42 1.0 110.9598727978785 110.9598727978785
90 0 100 0.0 0.0 0.0
91 1 29 1.0 69.58346013935528 69.58346013935528
92 1 110 1.0 18.1937008646705 18.1937008646705
93 0 100 0.0 0.0 0.0
94 0 100 0.0 0.0 0.0
95 3 165 32.9215577265747 754.7803226662346 24848.54396353912
96 0 100 0.0 0.0 0.0
97 22 656 3370.209833397988 64065992.271141164 215915837138.59946
98 0 5 0.0 5.0 0.0
99 3 197 32.9215577265747 1424.9628464935386 46911.99660906123
100 18 428 2436.3877014920204 10513538.072703416 25615054859.50272
101 22 777 3370.209833397988 165948332.65098035 559280702536.3344
102 22 476 3370.209833397988 41186794.975256 138808141431.7546
103 1 19 1.0 40.84402933782601 40.84402933782601
104 21 633 3136.7198300107975 70736468.91255495 221880484742.95343
105 24 668 3832.71054120725 181842956.08066708 696951414614.6598
106 20 486 2902.6872563902634 25836028.587083552 74993910935.46198
107 3 132 32.9215577265747 245.06238675558936 8067.83551218631
108 1 17 1.0 35.503281577765854 35.503281577765854
109 1 100 1.0 0.0 0.0
110 2 131 9.541850352986048 141.5519192260369 1350.6672304328126
111 37 865 6468.923834840442 7484726280.95503 48418124236126.66
112 37 868 6468.923834840442 7572356438.190325 48984997048916.87
113 2 160 9.541850352986048 366.8916913478798 3500.825614595415
114 7 263 332.66880679862265 26569.0 8838677.527832605
115 16 454 1979.1134619514044 3582656.4302813318 7090483570.716547
116 30 914 5146.386239304723 2001977038.4112558 10302947081883.709
117 19 541 2668.9360872348193 15069911.200997591 40220629835.766685
118 25 537 4060.496712466729 122331440.07425548 496726410252.8351
119 38 1001 6636.579650383532 14966021939.992643 99323196654148.64
120 14 501 1540.4353185285338 2629699.252870713 4050881606.230144
121 31 896 5350.621552679651 2360443885.9084415 12629841929832.615
122 34 1130 5933.442745663244 9701123621.557955 57561061577115.38
123 45 1032 7658.1450374688 62828779504.030334 481151905969011.4
124 40 992 6955.50474228233 21509148052.67995 149606981282868.12
125 10 203 766.6651705632711 135464.42171872893 103855853.98224421
126 25 694 4060.496712466729 261526836.29711273 1061928859006.2507
127 19 543 2668.9360872348193 26508724.724375773 70750092043.46039
128 0 100 0.0 0.0 0.0
129 34 846 5933.442745663244 2494130633.565193 14798781314463.865
130 22 530 3370.209833397988 55908544.93792302 188423527920.76147
131 17 317 2206.0678959513543 3586158.9739016495 7911310182.10228
132 22 570 3370.209833397988 68760892.11363402 231738634754.58752
133 21 513 3136.7198300107975 39251426.76792908 123120728699.17976
134 35 759 6117.310290426031 3238536552.8739643 19811132980816.75
135 32 799 5549.980220652734 2041824633.6478755 11332086330787.225
136 42 1196 7252.650449022947 60606254497.96833 439555978898289.0
137 18 557 2436.3877014920204 12523472.709791683 30512034890.107403
138 17 445 2206.0678959513543 8723016.772761133 19243567258.233524
139 40 1064 6955.50474228233 27387494740.10417 190493849544026.94
140 33 825 5744.298091538941 2806587777.8204317 16121876815870.422
141 21 617 3136.7198300107975 65839840.99391183 206521134850.36105
142 1 110 1.0 18.1937008646705 18.1937008646705
143 28 836 4724.12231882448 950481163.0622627 4490189276044.686
144 21 465 3136.7198300107975 29806301.260346178 93494016222.60368
145 58 1428 8902.46046345971 1911373694203.463 1.701592874354326e+16
146 1 113 1.0 25.320989780782124 25.320989780782124
147 38 963 6636.579650383532 13125250673.936666 87106771528830.81
148 50 1279 8230.818941038662 245749833084.01694 2022722380905016.2
149 40 954 6955.50474228233 18798797695.221916 130755126518322.17
150 61 1143 9085.210990399466 1268865289829.3792 1.152790887649428e+16
151 19 366 2668.9360872348193 9085696.343535515 24249142848.91938
152 18 568 2436.3877014920204 13344073.850712074 32511337417.676163
153 27 637 4506.6139001521815 327354922.46458536 1475262243862.1401
154 22 486 3370.209833397988 43695445.64494817 147262820587.3116
155 35 690 6117.310290426031 2364139875.439002 14462177188029.523
156 24 689 3832.71054120725 125853778.49318384 482361103481.588
157 28 675 4724.12231882448 492626291.2690379 2327226857423.791
158 50 1767 8230.818941038662 1101916504666.9866 9069675238056150.0
159 36 856 6295.82243666837 5910893820.552396 37213937936198.195
160 23 656 3602.4235623004615 133461715.79401086 480785629641.3924
161 62 1532 9138.549208457687 4724184485891.524 4.317219239415208e+16
162 36 942 6295.82243666837 8132000678.351868 51197632325770.09
163 38 810 6636.579650383532 7299408649.81125 48443106905170.875
164 23 541 3602.4235623004615 76542944.0452213 275740105156.351
165 1 108 1.0 13.734791927877684 13.734791927877684
166 49 1046 8126.242482129881 133060710148.05728 1081283595507513.6
167 34 528 5933.442745663244 805222865.7743618 4777743771571.056
168 38 896 6636.579650383532 10277812858.775723 68209523669001.15
169 31 634 5350.621552679651 787188736.4653009 4211949019357.9014
170 45 940 7658.1450374688 44963429219.35692 344336462343797.8
171 43 1189 7393.130324549447 71856017134.372 531240899277470.25
172 52 1375 8425.648590871551 614273411551.3606 5175651904447582.0
173 49 1667 8126.242482129881 740819211627.8784 6020076549108432.0
174 38 1136 6636.579650383532 22984441755.27499 152538078428483.53
175 17 433 2206.0678959513543 8119942.71379641 17913144937.870377
176 46 947 7782.801884860074 55097187182.38892 428810492253584.8
177 32 624 5549.980220652734 923954383.2038002 5127928551566.487
178 30 722 5146.386239304723 954450580.8407545 4911971335335.259
179 35 1017 6117.310290426031 6046833782.61989 36990358522916.42
180 40 1062 6955.50474228233 27210387727.11769 189261980875308.0
181 18 478 2436.3877014920204 7547156.717456447 18387799807.643776
182 61 1632 9085.210990399466 5195150621158.244 4.7199039520127496e+16
183 38 963 6636.579650383532 13125250673.936666 87106771528830.81
184 38 858 6636.579650383532 8873105770.467073 58887073191982.47
185 23 507 3602.4235623004615 63473600.49410685 228658794004.01675
186 50 1439 8230.818941038662 514572605025.8088 4235353943986033.0
187 26 587 4285.277943143774 202262003.0 866748900191.9799
188 27 694 4506.6139001521815 424659489.28838694 1913776357258.571
189 46 1048 7782.801884860074 79425245934.07 618150953761155.0
190 27 849 4506.6139001521815 535327787.98808503 2412515650484.824
191 21 600 3136.7198300107975 60882022.335306734 190969846750.31693
192 22 694 3370.209833397988 77317834.16784477 260577325009.5054
193 9 181 604.9491004987461 73117.4506468244 44232335.99955789
194 37 952 6468.923834840442 10330091450.054884 66824574797341.51
195 34 815 5933.442745663244 3331114628.080625 19764977924957.7
196 45 915 7658.1450374688 40823811148.481186 312634666757304.7
197 37 835 6468.923834840442 6647189760.346324 43000164275411.664
198 30 675 5146.386239304723 772538499.4697587 3975781503004.2856
199 47 1075 7902.318130854768 103960770921.7926 821531084952920.9
