0 6 85 225.58275470837765 4907.334112484054 1107009.9473685443
1 0 100 0.0 0.0 0.0
2 0 100 0.0 0.0 0.0
3 5 85 139.6884681067044 3206.1723328082135 447865.30165607814
4 0 8 0.0 8.0 0.0
5 2 117 9.541850352986048 59.51335422080222 567.8675199791454
6 0 100 0.0 0.0 0.0
7 0 100 0.0 0.0 0.0
8 1 9 1.0 15.931997307697284 15.931997307697284
9 6 64 225.58275470837765 2851.6616420490063 643285.6887096304
10 2 28 9.541850352986048 122.22584512913716 1166.2607234894754
11 3 124 32.9215577265747 155.22039240905832 5110.09710903639
12 1 10 1.0 18.1937008646705 18.1937008646705
13 1 102 1.0 2.3948263510722025 2.3948263510722025
14 3 33 32.9215577265747 257.33012181535685 8471.708460130769
15 0 100 0.0 0.0 0.0
16 15 154 1756.7778603087352 325242.1374471003 571378186.3065565
17 0 100 0.0 0.0 0.0
18 0 100 0.0 0.0 0.0
19 4 129 75.61186198841948 316.71264325745693 23947.232671970367
20 0 100 0.0 0.0 0.0
21 0 100 0.0 0.0 0.0
22 0 100 0.0 0.0 0.0
23 4 106 75.61186198841948 2905.522977389894 219692.00237058633
24 5 219 139.6884681067044 5909.069866509522 825428.9175882034
25 0 100 0.0 0.0 0.0
26 1 10 1.0 18.1937008646705 18.1937008646705
27 1 105 1.0 7.59708563275366 7.59708563275366
28 0 100 0.0 0.0 0.0
29 0 100 0.0 0.0 0.0
30 3 49 32.9215577265747 481.96892224029307 15867.1676959488
31 1 9 1.0 15.931997307697284 15.931997307697284
32 7 101 332.66880679862265 10201.0 3393554.4981527496
33 0 100 0.0 0.0 0.0
34 0 100 0.0 0.0 0.0
35 0 100 0.0 0.0 0.0
36 0 10 0.0 10.0 0.0
37 12 235 1131.8354418063404 375988.1101704417 425556668.7886929
38 17 277 2206.0678959513543 2518302.144471244 5555545513.223461
39 16 261 1979.1134619514044 1636301.1957658 3238425724.3472753
40 13 275 1331.5823725933528 757074.8545469204 1008107531.0483557
41 0 100 0.0 0.0 0.0
42 0 100 0.0 0.0 0.0
43 0 6 0.0 6.0 0.0
44 0 100 0.0 0.0 0.0
45 0 100 0.0 0.0 0.0
46 0 10 0.0 10.0 0.0
47 0 100 0.0 0.0 0.0
48 4 141 75.61186198841948 572.5607883495287 43292.38730866522
49 17 349 2206.0678959513543 4614109.052580355 10179037849.31604
50 2 18 9.541850352986048 64.62733255388774 616.6643359418604
51 1 103 1.0 3.9914906122521803 3.9914906122521803
52 0 100 0.0 0.0 0.0
53 2 126 9.541850352986048 109.8359986590007 1048.0386625749609
54 2 120 9.541850352986048 75.23327232919837 717.8646261306569
55 1 104 1.0 5.735193251789799 5.735193251789799
56 0 11 0.0 11.0 0.0
57 0 100 0.0 0.0 0.0
58 7 83 332.66880679862265 6889.0 2291755.4100357112
59 1 22 1.0 49.12998068819353 49.12998068819353
60 17 210 2206.0678959513543 1218810.6266949049 2688778994.7959805
61 0 6 0.0 6.0 0.0
62 0 6 0.0 6.0 0.0
63 16 271 1979.1134619514044 1802391.5732730776 3567137426.372519
64 0 100 0.0 0.0 0.0
65 5 110 139.6884681067044 5122.201821660722 715512.5258011569
66 0 9 0.0 9.0 0.0
67 0 100 0.0 0.0 0.0
68 0 100 0.0 0.0 0.0
69 2 112 9.541850352986048 36.01211998010309 343.62225974392254
70 1 6 1.0 9.55892689827884 9.55892689827884
71 0 100 0.0 0.0 0.0
72 1 105 1.0 7.59708563275366 7.59708563275366
73 0 100 0.0 0.0 0.0
74 0 100 0.0 0.0 0.0
75 0 100 0.0 0.0 0.0
76 0 100 0.0 0.0 0.0
77 0 100 0.0 0.0 0.0
78 3 149 32.9215577265747 481.96892224029307 15867.1676959488
79 0 100 0.0 0.0 0.0
80 0 5 0.0 5.0 0.0
81 0 100 0.0 0.0 0.0
82 0 8 0.0 8.0 0.0
83 1 100 1.0 0.0 0.0
84 0 100 0.0 0.0 0.0
85 6 136 225.58275470837765 12059.050322553525 2720313.7909285743
86 0 6 0.0 6.0 0.0
87 0 100 0.0 0.0 0.0
88 0 100 0.0 0.0 0.0
89 0 5 0.0 5.0 0.0
90 0 100 0.0 0.0 0.0
91 0 100 0.0 0.0 0.0
92 0 100 0.0 0.0 0.0
93 3 141 32.9215577265747 363.1907597716439 11956.805563580698
94 1 12 1.0 22.891970023971037 22.891970023971037
95 1 105 1.0 7.59708563275366 7.59708563275366
96 0 100 0.0 0.0 0.0
97 0 5 0.0 5.0 0.0
98 0 100 0.0 0.0 0.0
99 0 100 0.0 0.0 0.0
100 5 69 139.6884681067044 2194.8788310889477 306599.26159464906
101 0 100 0.0 0.0 0.0
102 6 182 225.58275470837765 4581.357643139669 1033475.277443727
103 1 103 1.0 3.9914906122521803 3.9914906122521803
104 11 108 942.9223974109915 45224.9679862338 42643635.23641492
105 6 44 225.58275470837765 1392.5534457950612 314136.0423810934
106 4 142 75.61186198841948 596.6466987883373 45113.56784462985
107 5 53 139.6884681067044 1358.9929081032851 189835.63750082318
108 0 100 0.0 0.0 0.0
109 10 269 766.6651705632711 90110.55718762161 69084625.69579932
110 13 375 1331.5823725933528 1598753.6450841823 2128872171.9134665
111 0 100 0.0 0.0 0.0
112 12 183 1131.8354418063404 208823.67119914887 236354032.15131062
113 13 233 1331.5823725933528 507767.10188706696 676133722.2556313
114 0 100 0.0 0.0 0.0
115 14 213 1540.4353185285338 552430.8096260881 850983930.1913389
116 12 308 1131.8354418063404 710257.1622614001 803894229.0442494
117 13 210 1331.5823725933528 395256.36191619065 526316404.1829781
118 11 180 942.9223974109915 145641.49049735971 137328623.38228056
119 0 100 0.0 0.0 0.0
120 0 100 0.0 0.0 0.0
121 1 114 1.0 27.799106543625292 27.799106543625292
122 7 86 332.66880679862265 7396.0 2460418.495082613
123 14 437 1540.4353185285338 1712660.8923450364 2638243327.230889
124 12 146 1131.8354418063404 122777.26260083505 138963657.25958923
125 6 171 225.58275470837765 3478.001961782023 784577.2634199304
126 22 381 3370.209833397988 21867911.91168164 73699451760.63046
127 22 337 3370.209833397988 15425640.73496892 51987646091.45682
128 0 100 0.0 0.0 0.0
129 11 203 942.9223974109915 191799.3621175754 180851914.3498031
130 0 100 0.0 0.0 0.0
131 6 58 225.58275470837765 2362.1985438616953 532871.2546924397
132 4 129 75.61186198841948 316.71264325745693 23947.232671970367
133 8 132 459.67273235884244 25761.522721704056 11841869.539210107
134 22 422 3370.209833397988 29244176.143544376 98559010008.5961
135 12 197 1131.8354418063404 248346.49062615685 281087359.9389104
136 13 215 1331.5823725933528 418319.8863488232 557027386.7673477
137 0 100 0.0 0.0 0.0
138 8 249 459.67273235884244 33144.35724984052 15235557.2593118
139 8 122 459.67273235884244 21867.711360392437 10051990.63146609
140 13 179 1331.5823725933528 268965.33153854305 358149494.3154509
141 15 378 1756.7778603087352 3125160.66277799 5490213062.276146
142 8 129 459.67273235884244 24558.59479359431 11288916.371665139
143 2 23 9.541850352986048 92.0346545141889 878.1809006631623
144 5 111 139.6884681067044 5207.131000429813 727376.1526809717
145 10 181 766.6651705632711 104962.02514306911 80470728.90897743
146 2 122 9.541850352986048 86.31942417916456 823.6470280735138
147 0 100 0.0 0.0 0.0
148 6 154 225.58275470837765 2060.392896912961 464789.10546720016
149 0 100 0.0 0.0 0.0
150 13 215 1331.5823725933528 418319.8863488232 557027386.7673477
151 0 100 0.0 0.0 0.0
152 7 145 332.66880679862265 21025.0 6994361.662941041
153 11 221 942.9223974109915 232979.898453666 219681964.3985001
154 15 257 1756.7778603087352 1182091.0845372677 2076671446.1834133
155 24 382 3832.71054120725 35481263.29840288 135989411859.13866
156 4 45 75.61186198841948 671.3571728121805 50762.565895610074
157 7 94 332.66880679862265 8836.0 2939461.5768726296
158 4 70 75.61186198841948 1429.1350405139644 108059.56144615616
159 17 303 2206.0678959513543 3185806.645601846 7028105763.570706
160 5 27 139.6884681067044 398.9886777144831 55734.117181855734
161 7 132 332.66880679862265 17424.0 5796421.289659201
162 10 193 766.6651705632711 121069.27760859807 92819598.36776786
163 11 245 942.9223974109915 295001.9516751417 278163947.5144461
164 0 100 0.0 0.0 0.0
165 18 330 2436.3877014920204 5252992.122174724 12798325402.500965
166 9 145 604.9491004987461 45344.665438633376 27431214.569517843
167 7 201 332.66880679862265 10201.0 3393554.4981527496
168 14 212 1540.4353185285338 546056.5101359754 841164734.1258909
169 27 332 4506.6139001521815 45254326.050278485 203943774820.20398
170 3 22 32.9215577265747 135.19579244279535 4450.856085295499
171 13 234 1331.5823725933528 513035.32671345456 683148797.5693078
172 7 191 332.66880679862265 8281.0 2754830.389099394
173 10 134 766.6651705632711 53782.219657512425 41232954.60699808
174 17 302 2206.0678959513543 3158325.2567857914 6967479953.967452
175 6 69 225.58275470837765 3293.0002682054314 742844.0717572076
176 16 254 1979.1134619514044 1525824.7814323686 3019780365.51186
177 9 227 604.9491004987461 34080.638090162705 20617051.357067235
178 13 323 1331.5823725933528 456823.8815468923 608298628.0475156
179 9 161 604.9491004987461 56814.89680416015 34370120.71660577
180 7 192 332.66880679862265 8464.0 2815708.780743542
181 1 114 1.0 27.799106543625292 27.799106543625292
182 15 282 1756.7778603087352 1493622.5374613854 2623963005.4703164
183 2 32 9.541850352986048 148.1842032776824 1413.95149235211
184 9 93 604.9491004987461 17416.783409430795 10536267.457116645
185 12 183 1131.8354418063404 208823.67119914887 236354032.15131062
186 7 148 332.66880679862265 21904.0 7286777.544117031
187 15 225 1756.7778603087352 845529.0542821898 1485406722.8107338
188 17 353 2206.0678959513543 4753994.0466030305 10487633643.754812
189 13 267 1331.5823725933528 705078.2947892806 938869828.6395857
190 9 169 604.9491004987461 63071.970849882 38155332.03231925
191 21 238 3136.7198300107975 4563122.270462803 14313236112.524567
192 1 19 1.0 40.84402933782601 40.84402933782601
193 10 151 766.6651705632711 70145.74766118835 53778301.594953135
194 12 307 1131.8354418063404 279011.0535465811 315794599.05974716
195 9 169 604.9491004987461 63071.970849882 38155332.03231925
196 10 124 766.6651705632711 45261.41727827692 34700352.19758556
197 10 116 766.6651705632711 39022.35413079504 29917079.785466347
198 13 183 1331.5823725933528 283680.1788009205 377743525.54543626
199 21 294 3136.7198300107975 8249094.931335889 25875099650.76284
