0 7 95 332.66880679862265 9025.0 3002335.9813575693
1 1 105 1.0 7.59708563275366 7.59708563275366
2 4 144 75.61186198841948 646.0476428878335 48848.86521197858
3 0 100 0.0 0.0 0.0
4 4 175 75.61186198841948 1608.0874365260645 121590.48531592006
5 0 100 0.0 0.0 0.0
6 3 67 32.9215577265747 791.9778998728451 26073.146148835265
7 5 88 139.6884681067044 3414.7546568712237 477001.8469785762
8 29 656 4937.473672561782 565946235.9966118 2794344640318.708
9 0 6 0.0 6.0 0.0
10 0 7 0.0 7.0 0.0
11 0 100 0.0 0.0 0.0
12 0 5 0.0 5.0 0.0
13 0 100 0.0 0.0 0.0
14 0 100 0.0 0.0 0.0
15 0 6 0.0 6.0 0.0
16 1 34 1.0 85.02419427196995 85.02419427196995
17 21 603 3136.7198300107975 61738839.285968035 193657441470.1456
18 4 93 75.61186198841948 2323.049658002374 175650.1101331206
19 20 404 2902.6872563902634 15517028.61701695 45041081223.658134
20 25 492 4060.496712466729 94392183.68260573 383279151525.7762
21 3 127 32.9215577265747 187.1321231368427 6160.680994346051
22 0 100 0.0 0.0 0.0
23 7 122 332.66880679862265 14884.0 4951442.5203907
24 1 16 1.0 32.892441635375256 32.892441635375256
25 0 100 0.0 0.0 0.0
26 0 100 0.0 0.0 0.0
27 0 100 0.0 0.0 0.0
28 37 627 6468.923834840442 2537141438.0167937 16412574720748.191
29 2 36 9.541850352986048 175.6210676402407 1675.7499462548174
30 1 12 1.0 22.891970023971037 22.891970023971037
31 0 100 0.0 0.0 0.0
32 6 109 225.58275470837765 7896.900764171442 1781404.6280404862
33 0 100 0.0 0.0 0.0
34 0 100 0.0 0.0 0.0
35 3 145 32.9215577265747 421.0282951259743 13860.907322511091
36 33 671 5744.298091538941 1437088901.1465948 8255067032228.178
37 0 10 0.0 10.0 0.0
38 0 18 0.0 18.0 0.0
39 0 6 0.0 6.0 0.0
40 4 164 75.61186198841948 1226.095534977771 92707.36637535656
41 17 300 2206.0678959513543 3103803.444211487 6847201133.618202
42 0 100 0.0 0.0 0.0
43 1 105 1.0 7.59708563275366 7.59708563275366
44 0 100 0.0 0.0 0.0
45 0 100 0.0 0.0 0.0
46 0 100 0.0 0.0 0.0
47 12 208 1131.8354418063404 282190.7201272955 319393458.3889269
48 0 100 0.0 0.0 0.0
49 30 430 5146.386239304723 187381562.07009497 964337892536.9606
50 0 100 0.0 0.0 0.0
51 1 35 1.0 88.18685030395203 88.18685030395203
52 0 10 0.0 10.0 0.0
53 0 6 0.0 6.0 0.0
54 24 874 3832.71054120725 399053942.8218124 1529458253163.4756
55 1 12 1.0 22.891970023971037 22.891970023971037
56 21 425 3136.7198300107975 23165898.984535787 72664934724.8204
57 2 141 9.541850352986048 211.85407612585806 2021.4798910630518
58 1 29 1.0 69.58346013935528 69.58346013935528
59 0 100 0.0 0.0 0.0
60 1 106 1.0 9.55892689827884 9.55892689827884
61 0 100 0.0 0.0 0.0
62 14 371 1540.4353185285338 2170805.7305068946 3343985816.936955
63 0 6 0.0 6.0 0.0
64 0 6 0.0 6.0 0.0
65 0 100 0.0 0.0 0.0
66 0 5 0.0 5.0 0.0
67 2 39 9.541850352986048 197.11162840858907 1880.8096611081503
68 3 165 32.9215577265747 754.7803226662346 24848.54396353912
69 18 429 2436.3877014920204 10579213.424545432 25775065479.02177
70 0 100 0.0 0.0 0.0
71 0 100 0.0 0.0 0.0
72 0 100 0.0 0.0 0.0
73 1 7 1.0 11.607984241186918 11.607984241186918
74 13 219 1331.5823725933528 437323.9661405178 582332884.4253258
75 0 100 0.0 0.0 0.0
76 3 33 32.9215577265747 257.33012181535685 8471.708460130769
77 0 5 0.0 5.0 0.0
78 2 15 9.541850352986048 49.68406405407534 474.0779041321602
79 2 39 9.541850352986048 197.11162840858907 1880.8096611081503
80 0 100 0.0 0.0 0.0
81 0 100 0.0 0.0 0.0
82 0 100 0.0 0.0 0.0
83 0 100 0.0 0.0 0.0
84 0 5 0.0 5.0 0.0
85 0 5 0.0 5.0 0.0
86 2 133 9.541850352986048 154.90879557685506 1478.1165457556579
87 9 256 604.9491004987461 53081.564462536255 32111644.674677517
88 1 7 1.0 11.607984241186918 11.607984241186918
89 22 440 3370.209833397988 32932733.478250384 110990222209.07457
90 0 100 0.0 0.0 0.0
91 25 423 4060.496712466729 60328567.43312196 244963949730.01907
92 4 60 75.61186198841948 1097.9836363389938 83020.58717640696
93 0 100 0.0 0.0 0.0
94 14 208 1540.4353185285338 520997.6756275367 802563220.4079303
95 2 49 9.541850352986048 273.9583678426836 2614.069748903192
96 6 241 225.58275470837765 12921.36097430879 2914836.2031659037
97 13 161 1331.5823725933528 208335.99613433375 277416540.02915573
98 0 100 0.0 0.0 0.0
99 0 100 0.0 0.0 0.0
100 14 252 1540.4353185285338 836301.7565706861 1288268762.768937
101 2 52 9.541850352986048 298.47302352672085 2847.984924895254
102 4 157 75.61186198841948 1005.7817905983286 76049.03394118624
103 27 511 4506.6139001521815 167633586.40608567 755459850630.0275
104 1 10 1.0 18.1937008646705 18.1937008646705
105 16 351 1979.1134619514044 3505107.411425682 6937005263.538206
106 29 585 4937.473672561782 396457516.50827837 1957498550048.8525
107 4 41 75.61186198841948 572.5607883495287 43292.38730866522
108 5 69 139.6884681067044 2194.8788310889477 306599.26159464906
109 22 315 3370.209833397988 12731010.881317927 42906178061.31446
110 29 540 4937.473672561782 309159580.6831188 1526467290243.1394
111 14 333 1540.4353185285338 1662962.3834428496 2561685988.839756
112 27 551 4506.6139001521815 210741814.63554427 949731991179.8383
113 10 251 766.6651705632711 217183.376357758 166506930.27882764
114 8 215 459.67273235884244 19338.564883686733 8889410.959983042
115 32 522 5549.980220652734 521220436.9762174 2892763115817.9814
116 9 149 604.9491004987461 48082.59347517662 29087521.672454976
117 7 109 332.66880679862265 11881.0 3952438.093574436
118 23 482 3602.4235623004615 54858872.324329555 197624894262.39746
119 30 496 5146.386239304723 293449914.5600636 1510206602217.0579
120 22 454 3370.209833397988 36000903.77736885 121330599921.70328
121 23 432 3602.4235623004615 39999135.29322216 144093827451.94748
122 25 384 4060.496712466729 45297172.28493151 183929019147.00345
123 15 197 1756.7778603087352 604912.5477796192 1062696971.362185
124 19 337 2668.9360872348193 7261780.728929458 19381228645.026203
125 19 393 2668.9360872348193 11022112.592692276 29417314056.201756
126 2 57 9.541850352986048 340.72951581223015 3251.1900507256933
127 23 478 3602.4235623004615 53555917.652365565 192931099651.50494
128 27 413 4506.6139001521815 87814266.45086755 395744993819.1471
129 8 165 459.67273235884244 40978.16249196492 18836543.919726145
130 16 297 1979.1134619514044 2281146.2837971402 4514647318.943339
131 28 405 4724.12231882448 102548175.99079382 484450126952.8498
132 21 417 3136.7198300107975 21964649.51439331 68896951691.03453
133 19 288 2668.9360872348193 4740436.079631393 12651920922.158176
134 16 278 1979.1134619514044 1924541.9875177636 3808886955.5871177
135 20 368 2902.6872563902634 11994429.050666729 34816076353.04748
136 33 622 5744.298091538941 1124077618.1742961 6457036916820.247
137 20 324 2902.6872563902634 8441183.173476912 24502114826.507355
138 16 274 1979.1134619514044 1854142.6538312496 3669558686.5757284
139 17 246 2206.0678959513543 1845111.4590874605 4070441154.3448076
140 23 439 3602.4235623004615 41897358.0031409 150932029668.6526
141 23 392 3602.4235623004615 30222572.751790926 108874508194.39153
142 14 266 1540.4353185285338 955591.7047239607 1472027212.049679
143 25 625 4060.496712466729 191771276.51692966 778686637842.5409
144 36 624 6295.82243666837 2061461219.114517 12978593795622.906
145 8 262 459.67273235884244 39443.590245345265 18131142.90212044
146 25 492 4060.496712466729 94392183.68260573 383279151525.7762
147 29 424 4937.473672561782 145826547.77279043 720014740388.7257
148 22 503 3370.209833397988 48183682.2868428 162389119852.44205
149 20 341 2902.6872563902634 9720246.735167265 28214836327.139084
150 30 757 5146.386239304723 1107480510.540755 5699522459745.111
151 26 480 4285.277943143774 110592000.0 473917458288.15625
152 18 361 2436.3877014920204 6675079.372143912 16263081288.774504
153 21 445 3136.7198300107975 26351716.677688375 82657952257.73138
154 22 403 3370.209833397988 25653167.28217421 86456556632.18706
155 30 551 5146.386239304723 408319948.47720605 2101372164076.7068
156 29 538 4937.473672561782 305615554.12732315 1508968752429.0383
157 26 411 4285.277943143774 69426531.0 297511981963.2875
158 14 370 1540.4353185285338 2156403.863269482 3321800671.991685
159 21 372 3136.7198300107975 15950063.584047021 50030880734.01338
160 24 365 3832.71054120725 31059165.73418545 119040791910.5156
161 18 443 2436.3877014920204 11525720.036997247 28081122548.980247
162 38 739 6636.579650383532 5347857733.600078 35491483807956.47
163 19 402 2668.9360872348193 11720795.162188651 31282053179.452576
164 15 276 1756.7778603087352 1414833.9312940382 2485548926.5109363
165 18 334 2436.3877014920204 5424618.90292605 13216474780.370165
166 7 238 332.66880679862265 19044.0 6335344.75667297
167 28 611 4724.12231882448 362744876.67867273 1713651167956.9517
168 17 324 2206.0678959513543 3797425.219187417 8377377863.325396
169 17 259 2206.0678959513543 2111711.516257531 4658578981.526496
170 18 475 2436.3877014920204 13883329.817648822 33825174023.477043
171 22 432 3370.209833397988 31258289.097497236 105346993291.5823
172 18 322 2436.3877014920204 4920018.579392031 11987072757.942986
173 18 376 2436.3877014920204 7441071.732225238 18129335654.313496
174 17 305 2206.0678959513543 3241211.8990082243 7150333514.377567
175 23 448 3602.4235623004615 44423129.770288266 160030929395.61755
176 19 374 2668.9360872348193 9634917.542923545 25714979127.84049
177 32 692 5549.980220652734 1287472017.907922 7145444234032.829
178 20 375 2902.6872563902634 12634471.942174722 36673920697.770905
179 3 57 32.9215577265747 612.7419199112477 20172.41848785035
180 7 120 332.66880679862265 14400.0 4790430.817900166
181 20 306 2902.6872563902634 7209695.7739081485 20927492045.37392
182 19 315 2668.9360872348193 6045861.289716272 16136017374.539804
183 11 204 942.9223974109915 193969.34325940354 182898038.17039233
184 14 287 1540.4353185285338 1152545.3184725586 1775421514.7798462
185 22 419 3370.209833397988 28656811.964646764 96579469477.08965
186 22 326 3370.209833397988 14036426.181159463 47305701541.50859
187 9 229 604.9491004987461 121370.02067494407 73422684.83482164
188 8 220 459.67273235884244 21128.626944217714 9712253.678439217
189 21 340 3136.7198300107975 12396625.75230459 38884741822.476326
190 9 153 604.9491004987461 50906.707095139885 30795966.666558012
191 25 466 4060.496712466729 80367930.8586604 326333719039.34393
192 22 401 3370.209833397988 25292765.940879833 85241928487.78693
193 15 245 1756.7778603087352 1047903.4803767416 1840933634.0663288
194 19 382 2668.9360872348193 10204653.891477132 27235569028.704548
195 35 566 6117.310290426031 1229134999.5091999 7519000180820.423
196 21 464 3136.7198300107975 29627039.561908986 92931722498.35432
197 25 516 4060.496712466729 108696128.55543405 441360272657.2009
198 26 500 4285.277943143774 125000000.0 535659742892.97174
199 19 351 2668.9360872348193 8110104.992584567 21645351885.972225
