0 7 217 332.66880679862265 13689.0 4553903.296266345
1 0 100 0.0 0.0 0.0
2 0 100 0.0 0.0 0.0
3 2 27 9.541850352986048 115.98017876588344 1106.66550969663
4 0 5 0.0 5.0 0.0
5 8 232 459.67273235884244 25761.522721704056 11841869.539210107
6 0 100 0.0 0.0 0.0
7 0 100 0.0 0.0 0.0
8 3 22 32.9215577265747 135.19579244279535 4450.856085295499
9 0 100 0.0 0.0 0.0
10 1 32 1.0 78.7716859795011 78.7716859795011
11 1 51 1.0 141.71101512179817 141.71101512179817
12 1 103 1.0 3.9914906122521803 3.9914906122521803
13 0 100 0.0 0.0 0.0
14 0 100 0.0 0.0 0.0
15 0 100 0.0 0.0 0.0
16 0 100 0.0 0.0 0.0
17 0 100 0.0 0.0 0.0
18 0 11 0.0 11.0 0.0
19 0 100 0.0 0.0 0.0
20 1 16 1.0 32.892441635375256 32.892441635375256
21 12 148 1131.8354418063404 126768.58795140548 143481180.75114495
22 0 100 0.0 0.0 0.0
23 1 104 1.0 5.735193251789799 5.735193251789799
24 3 60 32.9215577265747 664.7206420100937 21883.638987981092
25 0 100 0.0 0.0 0.0
26 0 100 0.0 0.0 0.0
27 12 263 1131.8354418063404 489920.81803539564 554509745.5312158
28 0 100 0.0 0.0 0.0
29 5 67 139.6884681067044 2080.6456750556 290642.2070213566
30 0 100 0.0 0.0 0.0
31 1 125 1.0 57.71571011139208 57.71571011139208
32 3 63 32.9215577265747 718.2490844189361 23645.87869475743
33 2 130 9.541850352986048 135.01359299654277 1288.2794999919763
34 2 10 9.541850352986048 27.685321443873434 264.16919419175593
35 0 100 0.0 0.0 0.0
36 8 101 459.67273235884244 14762.38290447426 6785864.885827147
37 1 14 1.0 27.799106543625292 27.799106543625292
38 1 19 1.0 40.84402933782601 40.84402933782601
39 0 6 0.0 6.0 0.0
40 0 100 0.0 0.0 0.0
41 0 100 0.0 0.0 0.0
42 17 353 2206.0678959513543 4753994.0466030305 10487633643.754812
43 0 100 0.0 0.0 0.0
44 0 100 0.0 0.0 0.0
45 0 100 0.0 0.0 0.0
46 10 213 766.6651705632711 150754.36000534054 115578117.12665118
47 0 100 0.0 0.0 0.0
48 0 100 0.0 0.0 0.0
49 0 100 0.0 0.0 0.0
50 1 17 1.0 35.503281577765854 35.503281577765854
51 0 100 0.0 0.0 0.0
52 0 100 0.0 0.0 0.0
53 0 10 0.0 10.0 0.0
54 0 100 0.0 0.0 0.0
55 0 100 0.0 0.0 0.0
56 12 165 1131.8354418063404 163699.3358760145 185280710.14463338
57 0 10 0.0 10.0 0.0
58 1 108 1.0 13.734791927877684 13.734791927877684
59 0 5 0.0 5.0 0.0
60 0 100 0.0 0.0 0.0
61 0 100 0.0 0.0 0.0
62 2 23 9.541850352986048 92.0346545141889 878.1809006631623
63 0 6 0.0 6.0 0.0
64 4 148 75.61186198841948 749.6906189831174 56685.50361656424
65 0 9 0.0 9.0 0.0
66 0 100 0.0 0.0 0.0
67 3 20 32.9215577265747 116.21344721391306 3825.92771105708
68 0 100 0.0 0.0 0.0
69 0 100 0.0 0.0 0.0
70 0 100 0.0 0.0 0.0
71 0 9 0.0 9.0 0.0
72 11 174 942.9223974109915 134765.04830411234 127072982.43412168
73 4 63 75.61186198841948 1193.5182370479756 90244.13622033325
74 0 100 0.0 0.0 0.0
75 0 100 0.0 0.0 0.0
76 0 100 0.0 0.0 0.0
77 0 100 0.0 0.0 0.0
78 0 100 0.0 0.0 0.0
79 0 5 0.0 5.0 0.0
80 0 100 0.0 0.0 0.0
81 8 114 459.67273235884244 18990.417242658223 8729376.98256718
82 0 100 0.0 0.0 0.0
83 1 6 1.0 9.55892689827884 9.55892689827884
84 12 212 1131.8354418063404 295116.9848141019 334023862.8916241
85 2 46 9.541850352986048 250.0988923255542 2386.406204018009
86 0 8 0.0 8.0 0.0
87 0 100 0.0 0.0 0.0
88 2 31 9.541850352986048 141.5519192260369 1350.6672304328126
89 0 100 0.0 0.0 0.0
90 1 6 1.0 9.55892689827884 9.55892689827884
91 0 9 0.0 9.0 0.0
92 0 100 0.0 0.0 0.0
93 0 100 0.0 0.0 0.0
94 0 6 0.0 6.0 0.0
95 0 5 0.0 5.0 0.0
96 0 100 0.0 0.0 0.0
97 5 63 139.6884681067044 1860.4532693243248 259883.86717602485
98 0 100 0.0 0.0 0.0
99 12 244 1131.8354418063404 410726.2989583608 464874582.04301935
100 16 286 1979.1134619514044 2070183.1096032152 4097127260.920143
101 2 117 9.541850352986048 59.51335422080222 567.8675199791454
102 0 100 0.0 0.0 0.0
103 11 285 942.9223974109915 155069.9102871652 146218891.5742812
104 7 202 332.66880679862265 40804.0 13574217.992610998
105 13 154 1331.5823725933528 187169.9580648578 249232216.83820173
106 0 100 0.0 0.0 0.0
107 5 75 139.6884681067044 2553.9502583266267 356757.3992063684
108 2 28 9.541850352986048 122.22584512913716 1166.2607234894754
109 9 193 604.9491004987461 83962.22765060987 50792874.093107395
110 7 150 332.66880679862265 22500.0 7485048.15296901
111 23 414 3602.4235623004615 35378159.44807114 127447115186.55415
112 7 86 332.66880679862265 7396.0 2460418.495082613
113 10 191 766.6651705632711 118296.7449298396 90693994.12871525
114 0 100 0.0 0.0 0.0
115 0 100 0.0 0.0 0.0
116 1 10 1.0 18.1937008646705 18.1937008646705
117 13 196 1331.5823725933528 334705.799790386 445688343.00563794
118 14 248 1540.4353185285338 803943.7192296556 1238423299.2105486
119 16 311 1979.1134619514044 2567963.8055407987 5082291737.349753
120 13 169 1331.5823725933528 234166.03728660895 311811367.51088625
121 6 204 225.58275470837765 7218.483555423629 1628365.4052495863
122 15 282 1756.7778603087352 1493622.5374613854 2623963005.4703164
123 8 166 459.67273235884244 41496.44758524493 19074785.444695026
124 11 179 942.9223974109915 143795.70085563886 135588186.98819277
125 18 383 2436.3877014920204 7816491.6346762385 19044004087.540447
126 4 93 75.61186198841948 2323.049658002374 175650.1101331206
127 3 62 32.9215577265747 700.2360303580608 23052.86089566041
128 21 500 3136.7198300107975 36527513.03520918 114576574478.51852
129 9 259 604.9491004987461 55305.24634977481 33456859.032157835
130 10 271 766.6651705632711 92499.39491944655 70916064.38291687
131 10 207 766.6651705632711 141472.4708480404 108462015.99272029
132 0 8 0.0 8.0 0.0
133 0 100 0.0 0.0 0.0
134 7 79 332.66880679862265 6241.0 2076186.023230204
135 20 325 2902.6872563902634 8513256.778301371 24711321960.75342
136 10 105 766.6651705632711 31266.895374512824 23971239.675284825
137 3 144 32.9215577265747 406.27351121486885 13375.156852238497
138 0 100 0.0 0.0 0.0
139 10 310 766.6651705632711 146072.84146951008 111988959.91988361
140 20 347 2902.6872563902634 10199441.796264527 29605789724.31126
141 5 89 139.6884681067044 3485.593399577667 486897.20242984424
142 12 231 1131.8354418063404 361112.7616981537 408720222.1785375
143 10 153 766.6651705632711 72228.7744823091 55375285.708055556
144 19 248 2668.9360872348193 3158943.254276824 8431017648.866414
145 15 279 1756.7778603087352 1453906.341556328 2554190471.808627
146 7 320 332.66880679862265 48400.0 16101170.249053337
147 8 216 459.67273235884244 19689.9977613532 9050955.071100716
148 21 397 3136.7198300107975 19138734.249193754 60032847240.75286
149 21 376 3136.7198300107975 16435299.601690613 51552930172.791504
150 16 236 1979.1134619514044 1263062.8148243069 2499744620.1090198
151 15 248 1756.7778603087352 1080538.2653407964 1898265701.7671168
152 0 100 0.0 0.0 0.0
153 9 203 604.9491004987461 93615.87722311099 56632840.71852205
154 9 117 604.9491004987461 28560.865627887746 17277869.97105625
155 11 187 942.9223974109915 158934.75897945854 149863143.96884915
156 6 77 225.58275470837765 4061.8785529685815 916289.7532695315
157 18 372 2436.3877014920204 7231710.279578148 17619249985.91762
158 13 281 1331.5823725933528 797499.8208255961 1061936703.557721
159 11 187 942.9223974109915 158934.75897945854 149863143.96884915
160 14 247 1540.4353185285338 795972.5966918325 1226144300.5249672
161 13 259 1331.5823725933528 655232.9932536905 872496703.7581936
162 14 239 1540.4353185285338 733894.4795303408 1130516976.341653
163 12 190 1131.8354418063404 228093.22550877134 258163996.66675344
164 7 263 332.66880679862265 26569.0 8838677.527832605
165 11 234 942.9223974109915 265552.42476225615 250395328.9951285
166 16 364 1979.1134619514044 3848689.186045006 7616992578.968464
167 1 19 1.0 40.84402933782601 40.84402933782601
168 13 255 1331.5823725933528 631108.7468210144 840373282.456344
169 14 305 1540.4353185285338 1339091.5207389493 2062783873.288362
170 8 209 459.67273235884244 67003.69558574149 30799771.8280379
171 10 197 766.6651705632711 126720.59559637398 97152267.03677335
172 9 123 604.9491004987461 31810.029433802327 19243448.692817356
173 23 297 3602.4235623004615 13572625.091598785 48894344432.24592
174 13 187 1331.5823725933528 298855.6518209848 397950917.9147199
175 11 233 942.9223974109915 262961.44645937043 247952237.52213165
176 14 330 1540.4353185285338 1626258.1569372874 2505145501.991317
177 16 292 1979.1134619514044 2183702.8447015383 4321795696.850391
178 10 221 766.6651705632711 42862.07545660654 32860860.390635047
179 10 173 766.6651705632711 94922.67645061052 72773909.93132952
180 10 218 766.6651705632711 40534.45463665759 31076354.577702265
181 10 189 766.6651705632711 115559.52004722142 88595459.14721276
182 15 377 1756.7778603087352 3104369.4269157094 5453687479.424834
183 12 284 1131.8354418063404 211516.7226194178 239402123.1953779
184 4 85 75.61186198841948 1991.8652456125124 150608.64005078256
185 14 244 1540.4353185285338 772341.9349328609 1189742794.5512457
186 26 445 4285.277943143774 88121125.0 377623513287.5154
187 22 333 3370.209833397988 14910625.55900137 50251936881.06178
188 22 495 3370.209833397988 46036123.76704495 155151397011.2217
189 14 222 1540.4353185285338 611792.3416496987 942426530.6824712
190 12 192 1131.8354418063404 233778.93808446685 264599287.67184964
191 18 316 2436.3877014920204 4679173.325093223 11400280342.40665
192 17 232 2206.0678959513543 1582458.317989518 3491010491.997855
193 3 25 32.9215577265747 165.61186212092687 5452.200479019623
194 13 254 1331.5823725933528 625160.2824792424 832452412.1948403
195 17 205 2206.0678959513543 1144218.6887127617 2524224115.11678
196 21 398 3136.7198300107975 19274122.862397317 60457523388.546135
197 11 139 942.9223974109915 80589.62366227401 75989761.15008098
198 17 239 2206.0678959513543 1710668.3916587061 3773850619.4570093
199 12 266 1131.8354418063404 503162.54581812746 569497202.3464633
