0 0 100 0.0 0.0 0.0
1 4 147 75.61186198841948 723.181183304868 54681.07582466957
2 0 100 0.0 0.0 0.0
3 1 103 1.0 3.9914906122521803 3.9914906122521803
4 6 80 225.58275470837765 4369.987349380403 985793.784313993
5 0 100 0.0 0.0 0.0
6 1 107 1.0 11.607984241186918 11.607984241186918
7 0 100 0.0 0.0 0.0
8 1 9 1.0 15.931997307697284 15.931997307697284
9 2 24 9.541850352986048 97.86086952638261 933.7737724338355
10 3 59 32.9215577265747 647.2206215128941 21307.511052966296
11 2 19 9.541850352986048 69.8685662777562 666.6754038000371
12 0 8 0.0 8.0 0.0
13 9 136 604.9491004987461 39497.557201796815 23894011.701124758
14 0 100 0.0 0.0 0.0
15 0 11 0.0 11.0 0.0
16 3 151 32.9215577265747 513.5688732735056 16907.48730804564
17 3 47 32.9215577265747 451.11773253603667 14851.498473166615
18 0 100 0.0 0.0 0.0
19 0 100 0.0 0.0 0.0
20 8 100 459.67273235884244 14459.978462742583 6646857.809818897
21 1 7 1.0 11.607984241186918 11.607984241186918
22 0 5 0.0 5.0 0.0
23 0 6 0.0 6.0 0.0
24 1 105 1.0 7.59708563275366 7.59708563275366
25 0 100 0.0 0.0 0.0
26 1 14 1.0 27.799106543625292 27.799106543625292
27 1 10 1.0 18.1937008646705 18.1937008646705
28 1 11 1.0 20.51504931294799 20.51504931294799
29 0 100 0.0 0.0 0.0
30 0 11 0.0 11.0 0.0
31 0 9 0.0 9.0 0.0
32 0 100 0.0 0.0 0.0
33 2 14 9.541850352986048 44.97826169706515 429.17584225083993
34 1 105 1.0 7.59708563275366 7.59708563275366
35 0 100 0.0 0.0 0.0
36 0 100 0.0 0.0 0.0
37 1 10 1.0 18.1937008646705 18.1937008646705
38 0 100 0.0 0.0 0.0
39 4 59 75.61186198841948 1066.8769814059906 80668.55507669134
40 0 100 0.0 0.0 0.0
41 10 119 766.6651705632711 41302.383909052856 31665099.20430371
42 0 9 0.0 9.0 0.0
43 3 43 32.9215577265747 391.71440685113555 12895.848457480626
44 0 100 0.0 0.0 0.0
45 4 122 75.61186198841948 197.47425973648444 14931.396473460363
46 0 100 0.0 0.0 0.0
47 1 104 1.0 5.735193251789799 5.735193251789799
48 0 5 0.0 5.0 0.0
49 0 10 0.0 10.0 0.0
50 0 6 0.0 6.0 0.0
51 0 100 0.0 0.0 0.0
52 0 100 0.0 0.0 0.0
53 1 29 1.0 69.58346013935528 69.58346013935528
54 5 78 139.6884681067044 2742.610069160227 383110.9991750147
55 0 7 0.0 7.0 0.0
56 0 100 0.0 0.0 0.0
57 0 100 0.0 0.0 0.0
58 0 100 0.0 0.0 0.0
59 1 103 1.0 3.9914906122521803 3.9914906122521803
60 2 36 9.541850352986048 175.6210676402407 1675.7499462548174
61 0 100 0.0 0.0 0.0
62 1 9 1.0 15.931997307697284 15.931997307697284
63 2 44 9.541850352986048 234.56808185291177 2238.2135346274663
64 6 57 225.58275470837765 2284.902982010436 515434.70892330084
65 0 100 0.0 0.0 0.0
66 1 102 1.0 2.3948263510722025 2.3948263510722025
67 0 5 0.0 5.0 0.0
68 1 13 1.0 25.320989780782124 25.320989780782124
69 3 23 32.9215577265747 145.08021796711313 4776.266770788355
70 0 100 0.0 0.0 0.0
71 0 100 0.0 0.0 0.0
72 3 38 32.9215577265747 321.92161897300775 10598.16116245226
73 10 119 766.6651705632711 41302.383909052856 31665099.20430371
74 3 57 32.9215577265747 612.7419199112477 20172.41848785035
75 2 45 9.541850352986048 242.29532664846576 2311.945748107533
76 1 104 1.0 5.735193251789799 5.735193251789799
77 0 6 0.0 6.0 0.0
78 1 101 1.0 1.0 1.0
79 1 109 1.0 15.931997307697284 15.931997307697284
80 1 40 1.0 104.3443904241405 104.3443904241405
81 6 191 225.58275470837765 5591.281626292221 1261296.7116093368
82 4 60 75.61186198841948 1097.9836363389938 83020.58717640696
83 1 65 1.0 192.36572767068213 192.36572767068213
84 6 57 225.58275470837765 2284.902982010436 515434.70892330084
85 1 7 1.0 11.607984241186918 11.607984241186918
86 1 11 1.0 20.51504931294799 20.51504931294799
87 1 10 1.0 18.1937008646705 18.1937008646705
88 5 35 139.6884681067044 639.3782227857067 89313.76448172252
89 0 100 0.0 0.0 0.0
90 3 78 32.9215577265747 1008.1216991286578 33188.93671327668
91 9 175 604.9491004987461 67995.31391785582 41133703.99273675
92 0 100 0.0 0.0 0.0
93 1 10 1.0 18.1937008646705 18.1937008646705
94 1 35 1.0 88.18685030395203 88.18685030395203
95 2 18 9.541850352986048 64.62733255388774 616.6643359418604
96 6 87 225.58275470837765 5130.584655325767 1157371.4198129189
97 1 11 1.0 20.51504931294799 20.51504931294799
98 1 16 1.0 32.892441635375256 32.892441635375256
99 1 103 1.0 3.9914906122521803 3.9914906122521803
100 3 37 32.9215577265747 308.57807572808247 10158.870933237406
101 0 100 0.0 0.0 0.0
102 3 48 32.9215577265747 466.4489382157433 15356.225645969067
103 0 100 0.0 0.0 0.0
104 2 23 9.541850352986048 92.0346545141889 878.1809006631623
105 0 100 0.0 0.0 0.0
106 0 100 0.0 0.0 0.0
107 7 61 332.66880679862265 3721.0 1237860.630097675
108 1 105 1.0 7.59708563275366 7.59708563275366
109 3 60 32.9215577265747 664.7206420100937 21883.638987981092
110 1 11 1.0 20.51504931294799 20.51504931294799
111 4 45 75.61186198841948 671.3571728121805 50762.565895610074
112 4 144 75.61186198841948 646.0476428878335 48848.86521197858
113 7 106 332.66880679862265 11236.0 3737866.7131893244
114 1 102 1.0 2.3948263510722025 2.3948263510722025
115 8 87 459.67273235884244 10823.372908066605 4975209.3979896465
116 2 33 9.541850352986048 154.90879557685506 1478.1165457556579
117 1 111 1.0 20.51504931294799 20.51504931294799
118 5 214 139.6884681067044 5465.679515018471 763492.3986151252
119 1 102 1.0 2.3948263510722025 2.3948263510722025
120 7 101 332.66880679862265 10201.0 3393554.4981527496
121 7 90 332.66880679862265 8100.0 2694617.3350688433
122 7 61 332.66880679862265 3721.0 1237860.630097675
123 5 44 139.6884681067044 969.0623078155637 135366.82927870372
124 10 153 766.6651705632711 72228.7744823091 55375285.708055556
125 13 132 1331.5823725933528 129087.69792250531 171890903.07226363
126 8 81 459.67273235884244 9328.435527658881 4288027.447632258
127 0 100 0.0 0.0 0.0
128 4 124 75.61186198841948 229.15430718595061 17326.78384899598
129 1 11 1.0 20.51504931294799 20.51504931294799
130 9 104 604.9491004987461 22159.83881577813 13405574.55880218
131 10 182 766.6651705632711 106256.07517273349 81462831.99568747
132 12 127 1131.8354418063404 88459.94504660563 100122100.98398948
133 8 114 459.67273235884244 18990.417242658223 8729376.98256718
134 1 105 1.0 7.59708563275366 7.59708563275366
135 1 104 1.0 5.735193251789799 5.735193251789799
136 9 71 604.9491004987461 9736.77662234426 5890254.259444379
137 8 106 459.67273235884244 16323.225002619285 7503341.43786218
138 7 72 332.66880679862265 5184.0 1724555.0944440598
139 11 215 942.9223974109915 218751.50513045487 206265693.6548713
140 4 171 75.61186198841948 1464.2230773075796 110712.63324163957
141 7 60 332.66880679862265 3600.0 1197607.7044750415
142 11 235 942.9223974109915 268157.71975980385 252851920.00017905
143 7 169 332.66880679862265 4761.0 1583836.1891682425
144 3 30 32.9215577265747 221.1993434691573 7282.2269551002855
145 11 168 942.9223974109915 124361.6449123442 117263380.36672203
146 4 44 75.61186198841948 646.0476428878335 48848.86521197858
147 5 57 139.6884681067044 1551.0877169304622 216669.0670771418
148 5 136 139.6884681067044 7531.777572563793 1052102.4712318687
149 1 104 1.0 5.735193251789799 5.735193251789799
150 10 156 766.6651705632711 75416.33841413441 57819079.95352973
151 13 137 1331.5823725933528 141188.8970662578 188004646.53932625
152 6 62 225.58275470837765 2683.6257759841665 605379.6951529159
153 7 85 332.66880679862265 7225.0 2403532.1291200486
154 4 145 75.61186198841948 671.3571728121805 50762.565895610074
155 1 112 1.0 22.891970023971037 22.891970023971037
156 8 125 459.67273235884244 23001.09948770076 10572978.24876898
157 5 170 139.6884681067044 2253.023098877021 314721.345291151
158 11 145 942.9223974109915 88776.38799713296 83709244.60374498
159 11 139 942.9223974109915 80589.62366227401 75989761.15008098
160 9 136 604.9491004987461 39497.557201796815 23894011.701124758
161 8 165 459.67273235884244 5902.17042720103 2713066.807119054
162 10 92 766.6651705632711 23303.70801393125 17866141.279257268
163 4 49 75.61186198841948 776.5950928818146 58719.80098386357
164 5 180 139.6884681067044 2871.732646582133 401147.9342130701
165 13 105 1331.5823725933528 74362.46090126649 99019742.11878887
166 3 120 32.9215577265747 116.21344721391306 3825.92771105708
167 10 144 766.6651705632711 63118.28799319142 48390593.029961765
168 11 177 942.9223974109915 140143.84535523065 132144770.64474933
169 9 106 604.9491004987461 23088.154186617474 13967158.1073706
170 7 171 332.66880679862265 5041.0 1676983.4550718567
171 11 135 942.9223974109915 75378.38222771238 71075964.88311663
172 8 115 459.67273235884244 19338.564883686733 8889410.959983042
173 10 121 766.6651705632711 42862.07545660654 32860860.390635047
174 2 23 9.541850352986048 92.0346545141889 878.1809006631623
175 11 155 942.9223974109915 103420.77350456103 97517763.69501984
176 9 106 604.9491004987461 23088.154186617474 13967158.1073706
177 12 187 1131.8354418063404 219715.13514294155 248681377.05605105
178 9 122 604.9491004987461 31255.467204814257 18907966.771220442
179 13 225 1331.5823725933528 466760.9337306444 621530631.5709403
180 10 135 766.6651705632711 54678.91489606342 41920419.615005046
181 7 99 332.66880679862265 9801.0 3260486.9754333007
182 5 130 139.6884681067044 6938.889916019427 969282.9027298124
183 5 165 139.6884681067044 1969.1653870843556 275069.6963705592
184 9 99 604.9491004987461 19928.090733228633 12055480.56372406
185 11 120 942.9223974109915 57562.11865778811 54276610.92485753
186 9 126 604.9491004987461 33505.118966499955 20268891.580887627
187 6 160 225.58275470837765 2520.4667612931225 568573.8351634055
188 5 149 139.6884681067044 1178.39286145179 164607.89364407648
189 6 104 225.58275470837765 7218.483555423629 1628365.4052495863
190 4 39 75.61186198841948 525.6324972119714 39744.05183581987
191 6 171 225.58275470837765 3478.001961782023 784577.2634199304
192 5 115 139.6884681067044 5553.1126204137945 775705.79516961
193 3 30 32.9215577265747 221.1993434691573 7282.2269551002855
194 6 212 225.58275470837765 8317.887761606735 1876372.0346183486
195 9 102 604.9491004987461 21251.9061051131 12856321.48217198
196 8 119 459.67273235884244 20764.03051150532 9544658.640006023
197 4 135 75.61186198841948 436.83679879622173 33030.043742042886
198 7 140 332.66880679862265 19600.0 6520308.613253004
199 7 163 332.66880679862265 3969.0 1320362.4941837334
