0 2 20 9.541850352986048 75.23327232919837 717.8646261306569
1 0 100 0.0 0.0 0.0
2 1 8 1.0 13.734791927877684 13.734791927877684
3 0 6 0.0 6.0 0.0
4 0 100 0.0 0.0 0.0
5 2 49 9.541850352986048 273.9583678426836 2614.069748903192
6 0 9 0.0 9.0 0.0
7 3 163 32.9215577265747 718.2490844189361 23645.87869475743
8 2 159 9.541850352986048 358.10513855020525 3416.9856426813935
9 3 167 32.9215577265747 791.9778998728451 26073.146148835265
10 0 100 0.0 0.0 0.0
11 0 100 0.0 0.0 0.0
12 0 9 0.0 9.0 0.0
13 0 6 0.0 6.0 0.0
14 3 128 32.9215577265747 198.25318874016915 6526.8037975869875
15 0 100 0.0 0.0 0.0
16 36 827 6295.82243666837 5269575256.951467 33176310134427.535
17 0 100 0.0 0.0 0.0
18 0 100 0.0 0.0 0.0
19 3 17 32.9215577265747 89.78750677036001 2955.9445872656233
20 0 100 0.0 0.0 0.0
21 0 100 0.0 0.0 0.0
22 30 741 5146.386239304723 1035598456.391398 5329589645417.902
23 26 468 4285.277943143774 102503232.0 439254839190.5491
24 1 115 1.0 30.323695983612147 30.323695983612147
25 0 100 0.0 0.0 0.0
26 0 100 0.0 0.0 0.0
27 0 100 0.0 0.0 0.0
28 55 1471 8683.506947919002 1314770990799.361 1.1416823033528602e+16
29 0 100 0.0 0.0 0.0
30 20 486 2902.6872563902634 13683533.166412199 39719017344.5382
31 0 5 0.0 5.0 0.0
32 1 29 1.0 69.58346013935528 69.58346013935528
33 0 100 0.0 0.0 0.0
34 0 10 0.0 10.0 0.0
35 0 100 0.0 0.0 0.0
36 0 6 0.0 6.0 0.0
37 0 100 0.0 0.0 0.0
38 0 5 0.0 5.0 0.0
39 0 10 0.0 10.0 0.0
40 0 6 0.0 6.0 0.0
41 1 41 1.0 107.64164596635766 107.64164596635766
42 0 10 0.0 10.0 0.0
43 0 100 0.0 0.0 0.0
44 1 7 1.0 11.607984241186918 11.607984241186918
45 31 842 5350.621552679651 1937701978.777293 10367909970315.793
46 0 100 0.0 0.0 0.0
47 28 596 4724.12231882448 336074668.73178685 1587657843347.378
48 1 36 1.0 91.37308344663872 91.37308344663872
49 5 194 139.6884681067044 3849.5614363989175 537739.3399332094
50 0 100 0.0 0.0 0.0
51 0 100 0.0 0.0 0.0
52 1 103 1.0 3.9914906122521803 3.9914906122521803
53 0 20 0.0 20.0 0.0
54 0 100 0.0 0.0 0.0
55 0 100 0.0 0.0 0.0
56 28 681 4724.12231882448 506203963.8236379 2391369443376.6675
57 0 100 0.0 0.0 0.0
58 0 100 0.0 0.0 0.0
59 0 100 0.0 0.0 0.0
60 1 104 1.0 5.735193251789799 5.735193251789799
61 0 6 0.0 6.0 0.0
62 0 100 0.0 0.0 0.0
63 0 100 0.0 0.0 0.0
64 10 239 766.6651705632711 58347.49958109673 44732995.71828191
65 0 100 0.0 0.0 0.0
66 1 10 1.0 18.1937008646705 18.1937008646705
67 1 103 1.0 3.9914906122521803 3.9914906122521803
68 1 110 1.0 18.1937008646705 18.1937008646705
69 0 100 0.0 0.0 0.0
70 2 149 9.541850352986048 273.9583678426836 2614.069748903192
71 1 100 1.0 0.0 0.0
72 0 18 0.0 18.0 0.0
73 0 18 0.0 18.0 0.0
74 1 25 1.0 57.71571011139208 57.71571011139208
75 12 300 1131.8354418063404 667638.1297964411 755656497.6049137
76 0 100 0.0 0.0 0.0
77 26 752 4285.277943143774 425259008.0 1822353047105.6016
78 0 100 0.0 0.0 0.0
79 0 100 0.0 0.0 0.0
80 0 8 0.0 8.0 0.0
81 0 100 0.0 0.0 0.0
82 1 15 1.0 30.323695983612147 30.323695983612147
83 2 14 9.541850352986048 44.97826169706515 429.17584225083993
84 1 102 1.0 2.3948263510722025 2.3948263510722025
85 0 100 0.0 0.0 0.0
86 10 176 766.6651705632711 98622.37714481588 75610341.59508552
87 27 626 4506.6139001521815 310489400.8250475 1399255849608.0813
88 0 9 0.0 9.0 0.0
89 40 1073 6955.50474228233 28194617684.293686 196107797009941.97
90 12 282 1131.8354418063404 206150.43298129964 233328366.39195767
91 10 342 766.6651705632711 200243.26298576803 153519535.37112978
92 1 17 1.0 35.503281577765854 35.503281577765854
93 34 810 5933.442745663244 3264730668.3501763 19371092500666.668
94 1 24 1.0 54.8222930413608 54.8222930413608
95 11 430 942.9223974109915 583388.0838727369 550089690.6662856
96 18 575 2436.3877014920204 23115443.304842364 56318181782.453995
97 2 32 9.541850352986048 148.1842032776824 1413.95149235211
98 0 5 0.0 5.0 0.0
99 2 159 9.541850352986048 358.10513855020525 3416.9856426813935
100 23 528 3602.4235623004615 71356774.35444424 257057325264.2072
101 49 851 8126.242482129881 62223263901.53026 505641330493393.9
102 32 878 5549.980220652734 2762865287.0748267 15333847695593.326
103 31 649 5350.621552679651 847852646.630074 4536538644555.358
104 48 1149 8016.77096497358 157996168605.92648 1266619097057061.8
105 13 262 1331.5823725933528 211468.4197266604 281587620.06819344
106 44 1028 7528.2761260995885 51681860883.978096 389075319445252.5
107 33 571 5744.298091538941 851982880.1771916 4894043632625.691
108 31 745 5350.621552679651 1313795522.8775036 7029622640522.403
109 24 691 3832.71054120725 200763231.63194466 769467354162.5872
110 1 116 1.0 32.892441635375256 32.892441635375256
111 44 1064 7528.2761260995885 58412851790.18383 439748077589434.56
112 31 658 5350.621552679651 885746605.0474089 4739294875179.497
113 53 1329 8516.089422990353 640006846786.7402 5450355538561966.0
114 31 792 5350.621552679651 1595433861.3583465 8536562804458.888
115 34 662 5933.442745663244 1687382478.2274241 10011987324597.775
116 26 761 4285.277943143774 288804781.0 1237608757893.768
117 6 214 225.58275470837765 8604.337363813209 1940990.124969204
118 51 867 8330.590095344352 92510080798.94202 770663562823172.1
119 28 672 4724.12231882448 485930534.8059469 2295595284875.09
120 8 249 459.67273235884244 33144.35724984052 15235557.2593118
121 45 990 7658.1450374688 54138261605.53916 414598659451647.44
122 41 985 7106.788070274764 25425183556.1199 180691391181179.0
123 21 540 3136.7198300107975 45318422.27764928 142151193823.1056
124 20 247 2902.6872563902634 3992725.6621728675 11589633897.851559
125 34 832 5933.442745663244 3563830450.184479 21145783931420.87
126 37 770 6468.923834840442 5061868166.131368 32744839628707.285
127 40 936 6955.50474228233 17603726298.024284 122442801747748.08
128 47 1052 7902.318130854768 96102362774.3122 759431443769429.6
129 32 922 5549.980220652734 3232036141.1421056 17937736655773.473
130 27 462 4506.6139001521815 123430485.42228603 556253541306.6055
131 22 592 3370.209833397988 76579787.9193801 258089954285.42725
132 32 536 5549.980220652734 567400553.5529256 3149061849406.1494
133 28 507 4724.12231882448 204475588.62657157 965967691885.5598
134 31 629 5350.621552679651 767647707.6052984 4107392369178.0366
135 28 581 4724.12231882448 310759805.3171134 1468067332092.1257
136 21 535 3136.7198300107975 24725818.187981825 77557964223.48424
137 42 990 7252.650449022947 31253778533.04226 226672730911332.7
138 24 446 3832.71054120725 55808727.64127888 213898698722.094
139 50 1283 8230.818941038662 336232943148.4468 2767472477067411.5
140 30 640 5146.386239304723 653550990.8115877 3363425825796.722
141 53 1059 8516.089422990353 271262825842.9368 2310098482011508.5
142 31 698 5350.621552679651 1068262981.4508334 5715870932480.652
143 41 1032 7106.788070274764 29897228240.92728 212473264996903.78
144 0 100 0.0 0.0 0.0
145 44 1075 7528.2761260995885 60589374587.976616 456133542205969.44
146 32 719 5549.980220652734 900416812.3953007 4997295499137.103
147 44 1221 7528.2761260995885 95305568867.61949 717486638790440.0
148 40 866 6955.50474228233 13464797898.055012 93654465633794.78
149 42 1269 7252.650449022947 74586705941.9448 540951306340988.44
150 37 799 6468.923834840442 5731798165.586896 37078565769859.8
151 26 646 4285.277943143774 269586136.0 1155251522378.1577
152 35 841 6117.310290426031 4544264440.675561 27798675625361.703
153 28 774 4724.12231882448 750114323.7077551 3543631818297.737
154 42 1322 7252.650449022947 65349049482.937355 473953813075648.4
155 19 441 2668.9360872348193 15069911.200997591 40220629835.766685
156 45 1001 7658.1450374688 56324705991.69799 431342767677211.2
157 38 923 6636.579650383532 11366478619.638731 75434540703613.89
158 45 980 7658.1450374688 52204293447.94599 399788050802952.6
159 37 934 6468.923834840442 9687978081.013288 62670792319678.63
160 41 1010 7106.788070274764 27739660726.19861 197139889922417.7
161 24 405 3832.71054120725 42096378.873456076 161343235054.94928
162 52 1115 8425.648590871551 279534343995.3375 2355258151584519.0
163 39 774 6798.773358825962 7574520021.677429 51497444929274.35
164 15 456 1756.7778603087352 5013852.487151099 8808225044.28094
165 28 578 4724.12231882448 305856256.9173781 1444902369655.5002
166 21 506 3136.7198300107975 37769053.73824403 118470939821.49348
167 5 202 139.6884681067044 4465.486028292682 623776.9026440964
168 36 1008 6295.82243666837 10190531027.866251 64157773886805.53
169 18 565 2436.3877014920204 22058227.70164274 53742394688.992966
170 41 951 7106.788070274764 22502710354.258358 159921993494491.72
171 34 720 5933.442745663244 2220874748.0491714 13177433162839.041
172 46 941 7782.801884860074 53847777700.17014 419086585780410.44
173 24 612 3832.71054120725 83551340.76601236 320228104485.8946
174 22 457 3370.209833397988 36681564.510808304 123624569418.7488
175 40 872 6955.50474228233 13789218043.292183 95910971492483.84
176 52 1160 8425.648590871551 324324598664.1827 2732645097719852.0
177 37 819 6468.923834840442 6228576899.797604 40292189564237.305
178 26 720 4285.277943143774 373248000.0 1599471421722.5273
179 35 822 6117.310290426031 4214001456.419232 25778354473223.65
180 39 798 6798.773358825962 8408340353.651269 57166400388345.516
181 31 930 5350.621552679651 2656720767.0824957 14215107395803.217
182 22 651 3370.209833397988 100334448.6530819 338148145479.1821
183 16 527 1979.1134619514044 5801907.099957448 11482632446.517218
184 33 844 5744.298091538941 3021436871.053447 17356034052097.703
185 17 487 2206.0678959513543 11048883.561445756 24374587311.010143
186 21 494 3136.7198300107975 18736242.386038322 58770343032.175224
187 50 1132 8230.818941038662 211336738164.55515 1739474427422148.8
188 20 565 2902.6872563902634 22871805.0748475 66389697121.40199
189 34 797 5933.442745663244 3096439261.8628945 18372545075687.242
190 46 1012 7782.801884860074 70012213590.75536 544891187897356.9
191 34 879 5933.442745663244 4265626510.2938094 25309850673211.62
192 31 886 5350.621552679651 2277816745.9854608 12187735374124.438
193 33 821 5744.298091538941 2762742984.5417857 15870019253515.977
194 28 670 4724.12231882448 481500970.68982345 2274669482171.447
195 32 849 5549.980220652734 2480686972.0349994 13767763628425.168
196 21 545 3136.7198300107975 26351716.677688375 82657952257.73138
197 45 1129 7658.1450374688 86685913363.64157 663853297244222.0
198 35 886 6117.310290426031 5397737006.107415 33019632132474.29
199 53 984 8516.089422990353 205500356790.97467 1750059414888363.2
