0 0 100 0.0 0.0 0.0
1 6 71 225.58275470837765 3478.001961782023 784577.2634199304
2 3 28 32.9215577265747 198.25318874016915 6526.8037975869875
3 0 100 0.0 0.0 0.0
4 4 45 75.61186198841948 671.3571728121805 50762.565895610074
5 1 6 1.0 9.55892689827884 9.55892689827884
6 0 100 0.0 0.0 0.0
7 0 100 0.0 0.0 0.0
8 0 100 0.0 0.0 0.0
9 5 68 139.6884681067044 2137.419079796989 298572.7969588832
10 9 163 604.9491004987461 58346.35307910868 35296573.81258904
11 0 6 0.0 6.0 0.0
12 3 49 32.9215577265747 481.96892224029307 15867.1676959488
13 0 10 0.0 10.0 0.0
14 3 107 32.9215577265747 21.953790612108268 722.752984953656
15 2 18 9.541850352986048 64.62733255388774 616.6643359418604
16 0 100 0.0 0.0 0.0
17 0 100 0.0 0.0 0.0
18 0 10 0.0 10.0 0.0
19 4 43 75.61186198841948 621.143248020611 46965.797544373054
20 1 12 1.0 22.891970023971037 22.891970023971037
21 0 100 0.0 0.0 0.0
22 4 40 75.61186198841948 548.8883970182196 41502.47372238642
23 0 5 0.0 5.0 0.0
24 1 107 1.0 11.607984241186918 11.607984241186918
25 0 100 0.0 0.0 0.0
26 0 100 0.0 0.0 0.0
27 1 29 1.0 69.58346013935528 69.58346013935528
28 2 30 9.541850352986048 135.01359299654277 1288.2794999919763
29 0 100 0.0 0.0 0.0
30 0 100 0.0 0.0 0.0
31 2 10 9.541850352986048 27.685321443873434 264.16919419175593
32 7 106 332.66880679862265 11236.0 3737866.7131893244
33 0 100 0.0 0.0 0.0
34 1 102 1.0 2.3948263510722025 2.3948263510722025
35 3 49 32.9215577265747 481.96892224029307 15867.1676959488
36 0 6 0.0 6.0 0.0
37 0 100 0.0 0.0 0.0
38 0 5 0.0 5.0 0.0
39 1 9 1.0 15.931997307697284 15.931997307697284
40 0 100 0.0 0.0 0.0
41 3 32 32.9215577265747 245.06238675558936 8067.83551218631
42 2 17 9.541850352986048 59.51335422080222 567.8675199791454
43 0 100 0.0 0.0 0.0
44 0 100 0.0 0.0 0.0
45 12 123 1131.8354418063404 82047.69458952625 92864488.65492813
46 0 8 0.0 8.0 0.0
47 0 100 0.0 0.0 0.0
48 1 16 1.0 32.892441635375256 32.892441635375256
49 1 103 1.0 3.9914906122521803 3.9914906122521803
50 0 100 0.0 0.0 0.0
51 0 6 0.0 6.0 0.0
52 3 18 32.9215577265747 98.31525163284788 3236.6912320335186
53 0 100 0.0 0.0 0.0
54 0 10 0.0 10.0 0.0
55 0 100 0.0 0.0 0.0
56 2 21 9.541850352986048 80.71796600694597 770.1987524356932
57 0 100 0.0 0.0 0.0
58 7 162 332.66880679862265 26244.0 8730560.165623052
59 15 229 1756.7778603087352 883919.6670475578 1552850501.360618
60 0 100 0.0 0.0 0.0
61 0 5 0.0 5.0 0.0
62 1 104 1.0 5.735193251789799 5.735193251789799
63 0 100 0.0 0.0 0.0
64 1 7 1.0 11.607984241186918 11.607984241186918
65 0 6 0.0 6.0 0.0
66 2 12 9.541850352986048 36.01211998010309 343.62225974392254
67 1 106 1.0 9.55892689827884 9.55892689827884
68 0 100 0.0 0.0 0.0
69 0 100 0.0 0.0 0.0
70 0 5 0.0 5.0 0.0
71 12 168 1131.8354418063404 170783.8914273342 193299261.20706287
72 0 6 0.0 6.0 0.0
73 0 100 0.0 0.0 0.0
74 0 100 0.0 0.0 0.0
75 8 181 459.67273235884244 9328.435527658881 4288027.447632258
76 0 100 0.0 0.0 0.0
77 0 5 0.0 5.0 0.0
78 0 100 0.0 0.0 0.0
79 3 20 32.9215577265747 116.21344721391306 3825.92771105708
80 8 126 459.67273235884244 23385.5071842533 10749679.984983055
81 0 100 0.0 0.0 0.0
82 0 100 0.0 0.0 0.0
83 0 6 0.0 6.0 0.0
84 0 100 0.0 0.0 0.0
85 6 84 225.58275470837765 4797.4874870676995 1082230.443011704
86 9 86 604.9491004987461 14714.671503515654 8901627.290186327
87 0 100 0.0 0.0 0.0
88 0 100 0.0 0.0 0.0
89 1 105 1.0 7.59708563275366 7.59708563275366
90 0 9 0.0 9.0 0.0
91 0 100 0.0 0.0 0.0
92 0 9 0.0 9.0 0.0
93 6 63 225.58275470837765 2767.0349550527303 624195.3675351668
94 0 100 0.0 0.0 0.0
95 11 126 942.9223974109915 64364.76015630769 60690973.95536911
96 3 33 32.9215577265747 257.33012181535685 8471.708460130769
97 0 10 0.0 10.0 0.0
98 0 100 0.0 0.0 0.0
99 0 100 0.0 0.0 0.0
100 0 100 0.0 0.0 0.0
101 7 147 332.66880679862265 21609.0 7188640.246111437
102 1 102 1.0 2.3948263510722025 2.3948263510722025
103 0 100 0.0 0.0 0.0
104 4 162 75.61186198841948 1161.3060165688764 87808.51025112707
105 5 52 139.6884681067044 1312.7590262571498 183377.29737111018
106 8 147 459.67273235884244 32225.65307789171 14813254.002362624
107 13 174 1331.5823725933528 251213.18992329275 334511055.46480274
108 0 100 0.0 0.0 0.0
109 1 108 1.0 13.734791927877684 13.734791927877684
110 5 81 139.6884681067044 2937.2940727723303 410306.1094044695
111 8 224 459.67273235884244 22619.999038655253 10397796.764053049
112 12 167 1131.8354418063404 168403.19994789627 190604710.21462867
113 0 100 0.0 0.0 0.0
114 17 286 2206.0678959513543 2738420.5318443957 6041141620.915955
115 2 19 9.541850352986048 69.8685662777562 666.6754038000371
116 6 232 225.58275470837765 11389.69248070312 2569318.205078305
117 9 126 604.9491004987461 33505.118966499955 20268891.580887627
118 0 100 0.0 0.0 0.0
119 12 149 1131.8354418063404 128791.81270302724 145771138.23177028
120 10 217 766.6651705632711 157123.06072619176 120460778.151069
121 5 62 139.6884681067044 1807.1402103142602 252436.6476328266
122 1 7 1.0 11.607984241186918 11.607984241186918
123 8 206 459.67273235884244 16323.225002619285 7503341.43786218
124 2 110 9.541850352986048 27.685321443873434 264.16919419175593
125 12 255 1131.8354418063404 455597.5748377864 515661482.4024232
126 16 183 1979.1134619514044 656748.1177850121 1299779041.019564
127 5 47 139.6884681067044 1092.4547337912052 152603.328239211
128 8 268 459.67273235884244 42543.16912271199 19555934.79384136
129 3 59 32.9215577265747 647.2206215128941 21307.511052966296
130 10 129 766.6651705632711 49420.76856899131 37889181.96431367
131 0 100 0.0 0.0 0.0
132 9 168 604.9491004987461 62270.66628220907 37670583.55487998
133 5 63 139.6884681067044 1860.4532693243248 259883.86717602485
134 6 159 225.58275470837765 2440.720411610211 550584.4339239968
135 15 230 1756.7778603087352 893678.3345175798 1569994312.3180678
136 10 259 766.6651705632711 78679.82330363935 60321080.15297269
137 12 192 1131.8354418063404 233778.93808446685 264599287.67184964
138 15 243 1756.7778603087352 1026481.4884919698 1803299952.9994483
139 15 195 1756.7778603087352 589556.7603124293 1035720263.9122194
140 14 221 1540.4353185285338 605018.3297633114 931991603.5245482
141 15 202 1756.7778603087352 644349.4105160256 1131978778.6975384
142 5 56 139.6884681067044 1501.9949206988383 209811.36957647165
143 0 100 0.0 0.0 0.0
144 13 164 1331.5823725933528 217815.4926359024 290039270.4717049
145 15 172 1756.7778603087352 429713.201165432 754910638.0898247
146 5 64 139.6884681067044 1914.4623288244568 267428.3099614821
147 1 25 1.0 57.71571011139208 57.71571011139208
148 10 279 766.6651705632711 274773.63399052556 210659374.9696361
149 2 24 9.541850352986048 97.86086952638261 933.7737724338355
150 6 190 225.58275470837765 5474.33581455389 1234915.7532457968
151 6 86 225.58275470837765 5018.366904356723 1132057.0304221432
152 0 100 0.0 0.0 0.0
153 4 39 75.61186198841948 525.6324972119714 39744.05183581987
154 14 216 1540.4353185285338 571818.2710448676 880849060.497436
155 10 250 766.6651705632711 69116.80200881512 52989444.80087609
156 15 142 1756.7778603087352 265110.4098181292 465740098.5058649
157 12 160 1131.8354418063404 152273.30401110792 172348322.32072353
158 7 160 332.66880679862265 25600.0 8516321.45404474
159 7 79 332.66880679862265 6241.0 2076186.023230204
160 9 200 604.9491004987461 90660.65355167646 54845080.81671513
161 10 218 766.6651705632711 158737.91968892005 121698834.27316472
162 16 226 1979.1134619514044 1129992.8408612981 2236384043.257306
163 13 250 1331.5823725933528 601695.2206696187 801206749.5173318
164 14 266 1540.4353185285338 955591.7047239607 1472027212.049679
165 6 201 225.58275470837765 6825.411756924657 1539695.1861460118
166 7 185 332.66880679862265 7225.0 2403532.1291200486
167 7 95 332.66880679862265 9025.0 3002335.9813575693
168 7 189 332.66880679862265 7921.0 2635069.61865189
169 14 272 1540.4353185285338 1009632.2788785915 1555273221.1110325
170 4 80 75.61186198841948 1795.7178600152838 135777.5710016156
171 13 141 1331.5823725933528 151329.57708991828 201507797.30494207
172 10 200 766.6651705632711 28051.764298663686 21506310.660635673
173 13 164 1331.5823725933528 217815.4926359024 290039270.4717049
174 8 288 459.67273235884244 53757.48635060659 24710850.635526508
175 7 233 332.66880679862265 17689.0 5884578.523460836
176 10 249 766.6651705632711 68096.21827794517 52206998.800774574
177 0 100 0.0 0.0 0.0
178 10 141 766.6651705632711 60231.061452958435 46177057.00203924
179 13 243 1331.5823725933528 561888.9684414291 748201445.7312697
180 9 108 604.9491004987461 24036.912268699078 14541108.455716783
181 11 200 942.9223974109915 37919.008260726216 35754682.17665116
182 13 164 1331.5823725933528 217815.4926359024 290039270.4717049
183 7 244 332.66880679862265 20736.0 6898220.377776239
184 6 163 225.58275470837765 2767.0349550527303 624195.3675351668
185 7 251 332.66880679862265 22801.0 7585181.463815395
186 12 160 1131.8354418063404 152273.30401110792 172348322.32072353
187 15 223 1756.7778603087352 826718.1208666635 1452360091.4545956
188 8 70 459.67273235884244 6885.86628482823 3165244.9698046236
189 10 120 766.6651705632711 42078.2525506963 32259930.668783974
190 8 175 459.67273235884244 46313.45274338213 21289031.36752259
191 13 187 1331.5823725933528 298855.6518209848 397950917.9147199
192 11 183 942.9223974109915 151258.56329001058 142625087.12635896
193 13 226 1331.5823725933528 471776.43428776454 628209183.7025335
194 11 164 942.9223974109915 117686.48609129344 110969223.60807772
195 14 226 1540.4353185285338 639338.2042911381 984859150.3746802
196 9 276 604.9491004987461 68835.16986212213 41641774.09076918
197 9 100 604.9491004987461 20364.295018889265 12319361.953968156
198 12 284 1131.8354418063404 586911.3564387984 664287074.4160659
199 6 169 225.58275470837765 3293.0002682054314 742844.0717572076
