0 1 38 1.0 97.81435774219185 97.81435774219185
1 0 100 0.0 0.0 0.0
2 1 8 1.0 13.734791927877684 13.734791927877684
3 10 229 766.6651705632711 177103.49418596612 135779080.57743502
4 12 315 1131.8354418063404 305030.63425581815 345244482.6874022
5 2 17 9.541850352986048 59.51335422080222 567.8675199791454
6 0 100 0.0 0.0 0.0
7 6 153 225.58275470837765 1988.0215081420156 448463.36822617933
8 1 103 1.0 3.9914906122521803 3.9914906122521803
9 0 100 0.0 0.0 0.0
10 5 35 139.6884681067044 639.3782227857067 89313.76448172252
11 8 206 459.67273235884244 16323.225002619285 7503341.43786218
12 5 36 139.6884681067044 672.9601112794846 94004.76704154853
13 1 108 1.0 13.734791927877684 13.734791927877684
14 1 108 1.0 13.734791927877684 13.734791927877684
15 1 106 1.0 9.55892689827884 9.55892689827884
16 0 6 0.0 6.0 0.0
17 2 23 9.541850352986048 92.0346545141889 878.1809006631623
18 0 100 0.0 0.0 0.0
19 7 114 332.66880679862265 12996.0 4323363.8131549
20 0 9 0.0 9.0 0.0
21 0 100 0.0 0.0 0.0
22 8 156 459.67273235884244 36465.56936906108 16762227.908897216
23 1 9 1.0 15.931997307697284 15.931997307697284
24 2 14 9.541850352986048 44.97826169706515 429.17584225083993
25 0 6 0.0 6.0 0.0
26 1 103 1.0 3.9914906122521803 3.9914906122521803
27 3 54 32.9215577265747 562.3460860297637 18513.309133542207
28 2 56 9.541850352986048 332.1417203303481 3169.2465913755254
29 7 92 332.66880679862265 8464.0 2815708.780743542
30 3 37 32.9215577265747 308.57807572808247 10158.870933237406
31 9 169 604.9491004987461 63071.970849882 38155332.03231925
32 1 106 1.0 9.55892689827884 9.55892689827884
33 1 102 1.0 2.3948263510722025 2.3948263510722025
34 2 28 9.541850352986048 122.22584512913716 1166.2607234894754
35 0 100 0.0 0.0 0.0
36 4 143 75.61186198841948 621.143248020611 46965.797544373054
37 1 13 1.0 25.320989780782124 25.320989780782124
38 1 102 1.0 2.3948263510722025 2.3948263510722025
39 2 20 9.541850352986048 75.23327232919837 717.8646261306569
40 1 15 1.0 30.323695983612147 30.323695983612147
41 10 125 766.6651705632711 46077.20429199722 35325787.687602736
42 0 9 0.0 9.0 0.0
43 1 9 1.0 15.931997307697284 15.931997307697284
44 1 105 1.0 7.59708563275366 7.59708563275366
45 0 100 0.0 0.0 0.0
46 1 19 1.0 40.84402933782601 40.84402933782601
47 3 43 32.9215577265747 391.71440685113555 12895.848457480626
48 5 68 139.6884681067044 2137.419079796989 298572.7969588832
49 2 123 9.541850352986048 92.0346545141889 878.1809006631623
50 7 158 332.66880679862265 24964.0 8304744.092920816
51 0 5 0.0 5.0 0.0
52 0 6 0.0 6.0 0.0
53 0 100 0.0 0.0 0.0
54 2 108 9.541850352986048 20.066939702021244 191.47573567908114
55 1 20 1.0 43.57075425423803 43.57075425423803
56 0 5 0.0 5.0 0.0
57 8 206 459.67273235884244 16323.225002619285 7503341.43786218
58 0 6 0.0 6.0 0.0
59 0 100 0.0 0.0 0.0
60 3 33 32.9215577265747 257.33012181535685 8471.708460130769
61 1 18 1.0 38.15436697768484 38.15436697768484
62 0 100 0.0 0.0 0.0
63 0 100 0.0 0.0 0.0
64 0 100 0.0 0.0 0.0
65 0 100 0.0 0.0 0.0
66 0 5 0.0 5.0 0.0
67 5 60 139.6884681067044 1702.6102917613564 237835.0234388529
68 14 220 1540.4353185285338 598289.1109657976 921625677.2227516
69 0 5 0.0 5.0 0.0
70 0 100 0.0 0.0 0.0
71 0 100 0.0 0.0 0.0
72 1 6 1.0 9.55892689827884 9.55892689827884
73 0 6 0.0 6.0 0.0
74 0 100 0.0 0.0 0.0
75 0 5 0.0 5.0 0.0
76 6 95 225.58275470837765 6070.84515091352 1369477.9725510685
77 0 100 0.0 0.0 0.0
78 1 104 1.0 5.735193251789799 5.735193251789799
79 1 107 1.0 11.607984241186918 11.607984241186918
80 1 10 1.0 18.1937008646705 18.1937008646705
81 0 100 0.0 0.0 0.0
82 0 100 0.0 0.0 0.0
83 0 5 0.0 5.0 0.0
84 2 11 9.541850352986048 31.76494829034237 303.0963830567869
85 1 106 1.0 9.55892689827884 9.55892689827884
86 0 8 0.0 8.0 0.0
87 0 100 0.0 0.0 0.0
88 1 101 1.0 1.0 1.0
89 0 100 0.0 0.0 0.0
90 0 100 0.0 0.0 0.0
91 1 104 1.0 5.735193251789799 5.735193251789799
92 0 100 0.0 0.0 0.0
93 4 170 75.61186198841948 1429.1350405139644 108059.56144615616
94 2 49 9.541850352986048 273.9583678426836 2614.069748903192
95 0 100 0.0 0.0 0.0
96 0 6 0.0 6.0 0.0
97 3 53 32.9215577265747 545.90532331836 17972.053614869816
98 2 18 9.541850352986048 64.62733255388774 616.6643359418604
99 0 100 0.0 0.0 0.0
100 6 84 225.58275470837765 4797.4874870676995 1082230.443011704
101 6 102 225.58275470837765 6955.268535289175 1568988.635927035
102 6 46 225.58275470837765 1516.1469814977904 342016.61262906325
103 6 171 225.58275470837765 3478.001961782023 784577.2634199304
104 2 35 9.541850352986048 168.62869283493262 1609.0297522505775
105 0 100 0.0 0.0 0.0
106 0 100 0.0 0.0 0.0
107 8 131 459.67273235884244 25357.227736120636 11656026.158507997
108 2 5 9.541850352986048 10.188005914414083 97.21242783067595
109 13 243 1331.5823725933528 561888.9684414291 748201445.7312697
110 5 79 139.6884681067044 2806.8374672292675 392082.8260217585
111 2 16 9.541850352986048 54.53075711894446 520.3243240639966
112 0 100 0.0 0.0 0.0
113 10 118 766.6651705632711 40534.45463665759 31076354.577702265
114 0 100 0.0 0.0 0.0
115 13 238 1331.5823725933528 534427.2179083251 711633862.8008324
116 9 133 604.9491004987461 37644.33692394514 22772907.76101235
117 9 97 604.9491004987461 19070.84539875929 11536890.769730086
118 3 24 32.9215577265747 155.22039240905832 5110.09710903639
119 1 106 1.0 9.55892689827884 9.55892689827884
120 0 100 0.0 0.0 0.0
121 1 103 1.0 3.9914906122521803 3.9914906122521803
122 6 97 225.58275470837765 6317.679695554275 1425159.589088318
123 4 63 75.61186198841948 1193.5182370479756 90244.13622033325
124 2 119 9.541850352986048 69.8685662777562 666.6754038000371
125 8 71 459.67273235884244 7092.062323978532 3260027.666522414
126 3 58 32.9215577265747 629.8939717412368 20737.090752300537
127 1 9 1.0 15.931997307697284 15.931997307697284
128 13 107 1331.5823725933528 77822.21950900526 103626695.69428192
129 8 190 459.67273235884244 54953.89784247252 25260808.37501804
130 10 144 766.6651705632711 63118.28799319142 48390593.029961765
131 7 105 332.66880679862265 11025.0 3667673.5949548148
132 12 262 1131.8354418063404 485551.9600965678 549564917.2758334
133 13 231 1331.5823725933528 497325.9591017296 662230480.5729458
134 3 28 32.9215577265747 198.25318874016915 6526.8037975869875
135 10 142 766.6651705632711 61185.206070824126 46908566.44823727
136 8 73 459.67273235884244 7513.940270393182 3453953.4548727735
137 10 103 766.6651705632711 29957.799739783 22967601.647201054
138 13 209 1331.5823725933528 81374.38378188995 108356695.02461107
139 7 59 332.66880679862265 3481.0 1158020.1164660056
140 13 184 1331.5823725933528 287430.702209323 382737656.40406376
141 19 222 2668.9360872348193 2338739.4886579765 6241946219.920382
142 1 10 1.0 18.1937008646705 18.1937008646705
143 1 30 1.0 72.61998620345668 72.61998620345668
144 9 109 604.9491004987461 24518.97583158066 14832732.374465218
145 11 149 942.9223974109915 94483.18968962383 89090315.73717758
146 6 148 225.58275470837765 1644.745810135621 371026.29064545565
147 10 152 766.6651705632711 71183.06768899111 54573578.73099724
148 14 127 1540.4353185285338 154321.39434310174 237722126.2506834
149 13 186 1331.5823725933528 295018.3746080933 392841267.2192794
150 5 87 139.6884681067044 3344.5706484424895 467197.95035557833
151 12 109 1131.8354418063404 61754.9249540471 69896412.7690813
152 1 19 1.0 40.84402933782601 40.84402933782601
153 7 90 332.66880679862265 8100.0 2694617.3350688433
154 1 106 1.0 9.55892689827884 9.55892689827884
155 5 66 139.6884681067044 2024.56047903646 282807.7519059787
156 15 235 1756.7778603087352 943445.0730592516 1657423416.7678504
157 7 52 332.66880679862265 2704.0 899536.4535834757
158 11 143 942.9223974109915 85997.87483210127 81089322.3089353
159 6 212 225.58275470837765 8317.887761606735 1876372.0346183486
160 4 51 75.61186198841948 831.5797944458234 62877.296649995835
161 4 69 75.61186198841948 1394.4010936602072 105433.26305033677
162 5 81 139.6884681067044 2937.2940727723303 410306.1094044695
163 10 122 766.6651705632711 43653.86742578588 33467899.715736557
164 5 39 139.6884681067044 778.3165439750189 108721.84572997481
165 6 45 225.58275470837765 1453.723360477042 327934.92024033103
166 11 165 942.9223974109915 119335.84349280817 112524439.64330155
167 9 240 604.9491004987461 42042.90237411894 25433815.97357985
168 14 212 1540.4353185285338 546056.5101359754 841164734.1258909
169 9 184 604.9491004987461 75753.39209344504 45826946.4066584
170 8 209 459.67273235884244 17298.876533787272 7951821.843024257
171 7 121 332.66880679862265 14641.0 4870604.0003386345
172 6 150 225.58275470837765 14544.969872206551 3281094.3709227135
173 5 62 139.6884681067044 1807.1402103142602 252436.6476328266
174 10 130 766.6651705632711 50276.83473577485 38545498.078084216
175 13 271 1331.5823725933528 240900.83281529308 320779302.5199026
176 9 72 604.9491004987461 10034.634564685944 6070443.153740389
177 0 100 0.0 0.0 0.0
178 11 113 942.9223974109915 50162.164801807114 47299028.69424522
179 12 122 1131.8354418063404 80487.8341184218 91098983.28945938
180 14 176 1540.4353185285338 345072.5827593875 531561993.93842095
181 13 218 1331.5823725933528 432526.60679837584 575944805.2903335
182 13 175 1331.5823725933528 254706.95345711283 339163289.400447
183 13 188 1331.5823725933528 302721.97485228034 403099245.50994474
184 4 64 75.61186198841948 1226.095534977771 92707.36637535656
185 9 226 604.9491004987461 33505.118966499955 20268891.580887627
186 14 176 1540.4353185285338 345072.5827593875 531561993.93842095
187 6 211 225.58275470837765 8176.399536993932 1844454.7311513948
188 12 121 1131.8354418063404 78945.15618880167 89352925.73342289
189 9 162 604.9491004987461 57577.89660287633 34831696.75851985
190 6 140 225.58275470837765 1160.4609052104954 261779.96772876108
191 17 227 2206.0678959513543 1494632.7348626808 3297261292.6185327
192 9 150 604.9491004987461 48780.52804290304 29509736.561408054
193 11 121 942.9223974109915 58666.226571061445 55317699.005441666
194 6 57 225.58275470837765 2284.902982010436 515434.70892330084
195 12 214 1131.8354418063404 301705.1628707397 341480596.3130576
196 16 228 1979.1134619514044 1155884.5639474 2287626700.9701285
197 5 85 139.6884681067044 3206.1723328082135 447865.30165607814
198 10 112 766.6651705632711 36092.75916782261 27671061.363497786
199 9 139 604.9491004987461 41398.5782979627 25044032.703279447
