0 0 100 0.0 0.0 0.0
1 0 100 0.0 0.0 0.0
2 1 10 1.0 18.1937008646705 18.1937008646705
3 2 37 9.541850352986048 182.69988024795316 1743.2949168344405
4 1 10 1.0 18.1937008646705 18.1937008646705
5 0 6 0.0 6.0 0.0
6 0 100 0.0 0.0 0.0
7 1 100 1.0 0.0 0.0
8 1 103 1.0 3.9914906122521803 3.9914906122521803
9 27 1053 4506.6139001521815 1112450378.8736606 5013384340661.6
10 1 9 1.0 15.931997307697284 15.931997307697284
11 0 100 0.0 0.0 0.0
12 0 100 0.0 0.0 0.0
13 0 100 0.0 0.0 0.0
14 26 590 4285.277943143774 205379000.0 880106098684.9252
15 0 100 0.0 0.0 0.0
16 38 689 6636.579650383532 4216979629.447503 27986321194873.184
17 46 1119 7782.801884860074 100623062284.87088 783129358811085.8
18 0 100 0.0 0.0 0.0
19 4 72 75.61186198841948 1499.6637502850892 113392.36851559173
20 0 100 0.0 0.0 0.0
21 0 100 0.0 0.0 0.0
22 5 90 139.6884681067044 3557.085524945249 496883.82790413423
23 1 33 1.0 81.88562674252243 81.88562674252243
24 1 9 1.0 15.931997307697284 15.931997307697284
25 6 223 225.58275470837765 9950.49433314188 2244659.9223802467
26 1 28 1.0 66.57403288693754 66.57403288693754
27 2 117 9.541850352986048 59.51335422080222 567.8675199791454
28 0 100 0.0 0.0 0.0
29 0 100 0.0 0.0 0.0
30 36 805 6295.82243666837 4816776872.750024 30325571907884.906
31 0 100 0.0 0.0 0.0
32 38 1002 6636.579650383532 15016784769.999662 99660088218769.11
33 32 587 5549.980220652734 759454495.2933728 4214957427364.0234
34 23 584 3602.4235623004615 95436714.53603657 343803469153.1611
35 0 100 0.0 0.0 0.0
36 29 707 4937.473672561782 714181548.5308938 3526252593300.693
37 0 7 0.0 7.0 0.0
38 0 100 0.0 0.0 0.0
39 0 100 0.0 0.0 0.0
40 0 100 0.0 0.0 0.0
41 0 100 0.0 0.0 0.0
42 0 100 0.0 0.0 0.0
43 0 6 0.0 6.0 0.0
44 1 103 1.0 3.9914906122521803 3.9914906122521803
45 0 100 0.0 0.0 0.0
46 0 100 0.0 0.0 0.0
47 0 100 0.0 0.0 0.0
48 0 100 0.0 0.0 0.0
49 1 102 1.0 2.3948263510722025 2.3948263510722025
50 1 116 1.0 32.892441635375256 32.892441635375256
51 29 545 4937.473672561782 318141380.3473814 1570814689617.6602
52 0 5 0.0 5.0 0.0
53 1 105 1.0 7.59708563275366 7.59708563275366
54 0 100 0.0 0.0 0.0
55 1 113 1.0 25.320989780782124 25.320989780782124
56 2 48 9.541850352986048 265.93129728965954 2537.4766429133756
57 0 5 0.0 5.0 0.0
58 0 10 0.0 10.0 0.0
59 10 317 766.6651705632711 157123.06072619176 120460778.151069
60 1 12 1.0 22.891970023971037 22.891970023971037
61 0 100 0.0 0.0 0.0
62 1 36 1.0 91.37308344663872 91.37308344663872
63 1 126 1.0 60.63937356224698 60.63937356224698
64 0 7 0.0 7.0 0.0
65 3 165 32.9215577265747 754.7803226662346 24848.54396353912
66 4 130 75.61186198841948 335.61535000671915 25376.501525903146
67 1 116 1.0 32.892441635375256 32.892441635375256
68 0 100 0.0 0.0 0.0
69 1 34 1.0 85.02419427196995 85.02419427196995
70 2 151 9.541850352986048 290.23003402420613 2769.3315526010238
71 0 100 0.0 0.0 0.0
72 0 100 0.0 0.0 0.0
73 1 120 1.0 43.57075425423803 43.57075425423803
74 35 791 6117.310290426031 3711657575.980352 22705361084082.348
75 0 100 0.0 0.0 0.0
76 1 125 1.0 57.71571011139208 57.71571011139208
77 0 100 0.0 0.0 0.0
78 30 594 5146.386239304723 517033963.12046474 2660856473056.345
79 3 68 32.9215577265747 810.8239638778247 26693.587932893923
80 0 5 0.0 5.0 0.0
81 1 32 1.0 78.7716859795011 78.7716859795011
82 1 43 1.0 114.29870016819844 114.29870016819844
83 0 100 0.0 0.0 0.0
84 0 100 0.0 0.0 0.0
85 9 342 604.9491004987461 136701.89001969967 82697685.40389584
86 0 11 0.0 11.0 0.0
87 0 18 0.0 18.0 0.0
88 8 152 459.67273235884244 34547.573678850335 15880577.58932556
89 0 10 0.0 10.0 0.0
90 15 330 1756.7778603087352 2219511.781214681 3899189157.932357
91 0 100 0.0 0.0 0.0
92 2 18 9.541850352986048 64.62733255388774 616.6643359418604
93 0 100 0.0 0.0 0.0
94 0 100 0.0 0.0 0.0
95 0 100 0.0 0.0 0.0
96 0 5 0.0 5.0 0.0
97 0 6 0.0 6.0 0.0
98 2 136 9.541850352986048 175.6210676402407 1675.7499462548174
99 1 21 1.0 46.33316012586883 46.33316012586883
100 41 916 7106.788070274764 19752750850.59465 140378614100115.77
101 18 377 2436.3877014920204 7493996.856067757 18258281775.14335
102 53 1430 8516.089422990353 844156325838.1542 7188910757820703.0
103 51 871 8330.590095344352 94113205294.6755 784018535868933.5
104 0 100 0.0 0.0 0.0
105 43 839 7393.130324549447 20984478044.673233 155140980976915.78
106 4 219 75.61186198841948 3541.077078870597 267747.43137791916
107 0 100 0.0 0.0 0.0
108 29 579 4937.473672561782 383958809.74888897 1895786514483.2974
109 34 641 5933.442745663244 1518513781.724948 9010014582365.55
110 20 408 2902.6872563902634 15944593.084384663 46282167154.37169
111 27 688 4506.6139001521815 413608788.5450198 1863975115682.0906
112 40 978 6955.50474228233 20480379209.518364 142451374715545.4
113 27 853 4506.6139001521815 794488298.5414187 3580452009715.0137
114 32 737 5549.980220652734 1575797501.15541 8745644963166.529
115 20 478 2902.6872563902634 24679616.27167091 71637207644.38094
116 27 521 4506.6139001521815 177794969.49662834 801253280910.6384
117 9 185 604.9491004987461 76643.16309111417 46365212.57134821
118 42 1310 7252.650449022947 83376221752.3502 604698592130019.5
119 41 978 7106.788070274764 24802618684.611687 176266954579372.3
120 35 812 6117.310290426031 4047085086.311499 24757275244723.06
121 46 1114 7782.801884860074 99009926903.56233 770574645724903.1
122 38 1112 6636.579650383532 15531111669.977747 103073459656808.5
123 36 1013 6295.82243666837 10359945514.242645 65224377411230.68
124 26 706 4285.277943143774 351895816.0 1507971378589.38
125 20 544 2902.6872563902634 35262243.595168665 102355265115.42528
126 49 1199 8126.242482129881 220022375433.32166 1787955174265388.2
127 52 1159 8425.648590871551 323275625176.2266 2723806815729193.5
128 19 434 2668.9360872348193 14429410.387491357 38511174100.69664
129 30 669 5146.386239304723 751171221.5269917 3865817237828.23
130 0 100 0.0 0.0 0.0
131 4 86 75.61186198841948 2032.1034843472744 153651.12820465246
132 22 453 3370.209833397988 35775850.90377699 120572124514.08951
133 47 956 7902.318130854768 67873903125.400345 536361175279731.25
134 37 918 6468.923834840442 9141221415.764673 59133865095993.984
135 32 727 5549.980220652734 1508237932.8749912 8370690695494.366
136 23 521 3602.4235623004615 68661941.27530181 247349395083.43787
137 25 615 4060.496712466729 182823309.25186035 742353446179.467
138 0 100 0.0 0.0 0.0
139 25 675 4060.496712466729 240880311.06678346 978093711184.6373
140 28 753 4724.12231882448 689327507.7231469 3256467464214.5728
141 36 792 6295.82243666837 4562421361.890494 28724194775725.234
142 46 1139 7782.801884860074 107266109698.30867 834830880741604.2
143 25 798 4060.496712466729 395523376.1029637 1606021368369.8257
144 37 897 6468.923834840442 8456985284.388807 54707593677077.63
145 38 808 6636.579650383532 7238468290.132478 48038671354239.68
146 46 994 7782.801884860074 65621500429.37681 510719137229100.0
147 34 768 5933.442745663244 2742886769.032293 16274761601890.352
148 23 726 3602.4235623004615 178800703.7252068 644115868055.5889
149 27 529 4506.6139001521815 186215342.04728547 839200648891.8896
150 25 438 4060.496712466729 66889302.48064264 271603792821.84207
151 43 1007 7393.130324549447 39970547059.825066 295507463556823.44
152 24 633 3832.71054120725 155365340.0728266 595470376635.3717
153 17 368 2206.0678959513543 5301803.037791732 11696137472.329704
154 47 982 7902.318130854768 74826391348.73804 591301949021567.0
155 28 599 4724.12231882448 341299112.1691778 1612338753193.3926
156 62 1346 9138.549208457687 2822599754214.5337 2.579446674967009e+16
157 50 1284 8230.818941038662 337205829311.4855 2775480126925624.5
158 36 748 6295.82243666837 3771183837.4536386 23742703816641.742
159 32 794 5549.980220652734 2001123132.6210814 11106193805137.639
160 46 970 7782.801884860074 60081356576.83644 467601295211152.9
161 36 805 6295.82243666837 4816776872.750024 30325571907884.906
162 40 829 6955.50474228233 11582706434.9992 80563569537101.0
163 1 105 1.0 7.59708563275366 7.59708563275366
164 9 324 604.9491004987461 115732.64023050622 70012356.60578974
165 35 978 6117.310290426031 7479651238.788842 45755347491840.8
166 43 1062 7393.130324549447 48225156998.97269 356534870615263.0
167 55 1395 8683.506947919002 1073267841098.798 9319728755159440.0
168 40 1010 6955.50474228233 22885096956.49929 159177400408521.72
169 40 922 6955.50474228233 16712302003.936264 116242495842833.17
170 44 1099 7528.2761260995885 65539682197.07359 493400824796383.4
171 45 963 7658.1450374688 49031571843.6225 375490888593532.56
172 36 798 6295.82243666837 4678616499.905498 29455738732671.87
173 38 887 6636.579650383532 9931899417.379467 65913841563036.625
174 30 934 5146.386239304723 2142842285.5063055 11027894051129.934
175 35 813 6117.310290426031 4063565544.679206 24858091322286.766
176 18 432 2436.3877014920204 10777776.54572248 26258842225.427402
177 40 849 6955.50474228233 12575057888.744617 87465874779638.02
178 19 328 2668.9360872348193 6747335.146403253 18008206264.903477
179 44 864 7528.2761260995885 27852620971.5729 209682221509592.97
180 19 360 2668.9360872348193 8687054.40543142 23185192994.42813
181 21 524 3136.7198300107975 41655583.201077394 130661893857.48412
182 33 627 5744.298091538941 1153615112.186112 6626709087301.164
183 23 587 3602.4235623004615 56516463.60611937 203596240152.58093
184 48 1147 8016.77096497358 156992131260.928 1258569959621928.8
185 43 1055 7393.130324549447 47112297975.022675 348307358818349.6
186 28 580 4724.12231882448 309119442.29573536 1460318056531.8594
187 63 1391 9188.2629227812 3743764484160.988 3.439869240144149e+16
188 56 1044 8760.68123103637 414450133727.64374 3630865507748282.0
189 42 936 7252.650449022947 25678050305.51311 186233923078313.5
190 21 533 3136.7198300107975 43691492.82313168 137047971941.09158
191 0 100 0.0 0.0 0.0
192 44 1146 7528.2761260995885 76066473702.34439 572649417969941.5
193 24 600 3832.71054120725 132850604.70559219 509177913060.8807
194 27 545 4506.6139001521815 203850340.6327583 918674778646.3456
195 46 967 7782.801884860074 59413470306.463486 462403268687222.06
196 46 1133 7782.801884860074 105240900005.32863 819069074925842.2
197 49 1136 8126.242482129881 180347452908.10608 1465547133365769.8
198 46 825 7782.801884860074 33494621234.92233 260682001279827.75
199 48 1021 8016.77096497358 102552223170.19443 822137685104305.5
