0 0 100 0.0 0.0 0.0
1 1 11 1.0 20.51504931294799 20.51504931294799
2 0 100 0.0 0.0 0.0
3 0 100 0.0 0.0 0.0
4 0 5 0.0 5.0 0.0
5 3 123 32.9215577265747 145.08021796711313 4776.266770788355
6 4 55 75.61186198841948 946.1899645328139 71543.18501308264
7 0 100 0.0 0.0 0.0
8 24 530 3832.71054120725 92433833.84739015 354272129351.09174
9 0 6 0.0 6.0 0.0
10 8 144 459.67273235884244 30872.72070965809 14191347.883959955
11 1 105 1.0 7.59708563275366 7.59708563275366
12 0 100 0.0 0.0 0.0
13 0 11 0.0 11.0 0.0
14 0 100 0.0 0.0 0.0
15 0 9 0.0 9.0 0.0
16 36 791 6295.82243666837 4543253901.80957 28603519850493.81
17 4 196 75.61186198841948 2452.6531100077354 185449.6684593727
18 54 946 8602.009448624298 207573792459.88156 1785551724026680.2
19 0 18 0.0 18.0 0.0
20 3 33 32.9215577265747 257.33012181535685 8471.708460130769
21 0 6 0.0 6.0 0.0
22 0 100 0.0 0.0 0.0
23 1 50 1.0 138.2191034456061 138.2191034456061
24 36 604 6295.82243666837 1849405126.3345246 11643526288866.4
25 0 10 0.0 10.0 0.0
26 0 10 0.0 10.0 0.0
27 1 106 1.0 9.55892689827884 9.55892689827884
28 0 6 0.0 6.0 0.0
29 23 538 3602.4235623004615 75324997.7488029 271352546720.51678
30 24 500 3832.71054120725 77953598.4389987 298773578462.1874
31 0 5 0.0 5.0 0.0
32 26 561 4285.277943143774 176558481.0 756602164304.269
33 0 100 0.0 0.0 0.0
34 0 10 0.0 10.0 0.0
35 0 10 0.0 10.0 0.0
36 2 40 9.541850352986048 204.4421003683832 1950.7559275652661
37 0 100 0.0 0.0 0.0
38 0 6 0.0 6.0 0.0
39 4 41 75.61186198841948 572.5607883495287 43292.38730866522
40 31 497 5350.621552679651 363410888.86406386 1944474134434.5295
41 0 100 0.0 0.0 0.0
42 1 104 1.0 5.735193251789799 5.735193251789799
43 1 103 1.0 3.9914906122521803 3.9914906122521803
44 1 103 1.0 3.9914906122521803 3.9914906122521803
45 1 101 1.0 1.0 1.0
46 0 100 0.0 0.0 0.0
47 5 88 139.6884681067044 3414.7546568712237 477001.8469785762
48 1 40 1.0 104.3443904241405 104.3443904241405
49 1 8 1.0 13.734791927877684 13.734791927877684
50 5 201 139.6884681067044 4386.2526434047795 612708.9124861964
51 0 10 0.0 10.0 0.0
52 0 100 0.0 0.0 0.0
53 53 1058 8516.089422990353 270295909579.96823 2301864136651524.5
54 1 13 1.0 25.320989780782124 25.320989780782124
55 6 254 225.58275470837765 15295.955091199346 3450503.6853683824
56 6 124 225.58275470837765 10105.821436004986 2279699.0381249776
57 0 100 0.0 0.0 0.0
58 0 9 0.0 9.0 0.0
59 0 9 0.0 9.0 0.0
60 0 100 0.0 0.0 0.0
61 0 100 0.0 0.0 0.0
62 3 156 32.9215577265747 595.765723501293 19613.535657762357
63 45 1025 7658.1450374688 61315141678.739044 469560247968731.8
64 1 115 1.0 30.323695983612147 30.323695983612147
65 1 20 1.0 43.57075425423803 43.57075425423803
66 0 100 0.0 0.0 0.0
67 2 19 9.541850352986048 69.8685662777562 666.6754038000371
68 0 11 0.0 11.0 0.0
69 13 187 1331.5823725933528 298855.6518209848 397950917.9147199
70 37 699 6468.923834840442 3656472488.0028276 23653442029079.824
71 18 293 2436.3877014920204 3824666.9705384714 9318371569.322676
72 1 12 1.0 22.891970023971037 22.891970023971037
73 0 5 0.0 5.0 0.0
74 0 100 0.0 0.0 0.0
75 36 732 6295.82243666837 3509024646.3725567 22092196099454.633
76 0 10 0.0 10.0 0.0
77 15 376 1756.7778603087352 3083661.840376654 5417308849.852595
78 0 100 0.0 0.0 0.0
79 0 5 0.0 5.0 0.0
80 1 119 1.0 40.84402933782601 40.84402933782601
81 2 132 9.541850352986048 148.1842032776824 1413.95149235211
82 23 335 3602.4235623004615 19208328.566954922 69196535422.00746
83 1 20 1.0 43.57075425423803 43.57075425423803
84 0 5 0.0 5.0 0.0
85 9 198 604.9491004987461 88718.69751620591 53670296.25984911
86 2 52 9.541850352986048 298.47302352672085 2847.984924895254
87 0 100 0.0 0.0 0.0
88 0 10 0.0 10.0 0.0
89 3 9 32.9215577265747 32.71640406476307 1077.0749850240404
90 0 100 0.0 0.0 0.0
91 0 100 0.0 0.0 0.0
92 13 303 1331.5823725933528 956378.3915302812 1273496607.6909063
93 0 7 0.0 7.0 0.0
94 4 110 75.61186198841948 3095.5112687915 234057.37083946014
95 29 720 4937.473672561782 755781771.7707533 3731652600320.192
96 12 245 1131.8354418063404 414695.27672990534 469366811.752595
97 1 122 1.0 49.12998068819353 49.12998068819353
98 2 56 9.541850352986048 332.1417203303481 3169.2465913755254
99 0 10 0.0 10.0 0.0
100 38 752 6636.579650383532 5673654081.013571 37653657217370.14
101 1 115 1.0 30.323695983612147 30.323695983612147
102 48 1172 8016.77096497358 169880813917.3159 1361895576518417.8
103 2 39 9.541850352986048 197.11162840858907 1880.8096611081503
104 30 722 5146.386239304723 954450580.8407545 4911971335335.259
105 32 648 5549.980220652734 1042853619.2000893 5787816959596.614
106 24 500 3832.71054120725 77953598.4389987 298773578462.1874
107 17 346 2206.0678959513543 4510885.828536462 9951320408.636215
108 50 1399 8230.818941038662 463493940872.3721 3814934707588974.0
109 32 671 5549.980220652734 1166297983.6937847 6472930740887.67
110 15 214 1756.7778603087352 745203.242673694 1309156558.1594234
111 38 653 6636.579650383532 3515327498.568802 23329750941435.355
112 17 442 2206.0678959513543 8569740.010204181 18905428313.161274
113 15 285 1756.7778603087352 1533986.1083700403 2694872833.205643
114 2 152 9.541850352986048 298.47302352672085 2847.984924895254
115 20 399 2902.6872563902634 14992946.939778935 43519836017.83171
116 28 672 4724.12231882448 485930534.8059469 2295595284875.09
117 51 1285 8330.590095344352 401805252338.56586 3347274855388995.0
118 33 904 5744.298091538941 3774314920.664295 21680789995638.86
119 30 537 5146.386239304723 376607012.68567973 1938165147711.2415
120 40 964 6955.50474228233 19487039924.838295 135542198610257.86
121 16 469 1979.1134619514044 7384779.900812873 14615317315.246914
122 39 805 6798.773358825962 8663275443.875912 58899646287994.7
123 22 501 3370.209833397988 47640834.42989473 160559608666.91666
124 30 837 5146.386239304723 1518424512.0533643 7814399014254.422
125 1 13 1.0 25.320989780782124 25.320989780782124
126 1 45 1.0 121.03674784737703 121.03674784737703
127 15 413 1756.7778603087352 3906439.21612 6862745927.521426
128 31 780 5350.621552679651 1519945547.1849709 8132653403667.371
129 21 433 3136.7198300107975 24408594.941947047 76562923777.10655
130 17 266 2206.0678959513543 2264580.0715503925 4995817393.658542
131 23 424 3602.4235623004615 37899593.809405446 136530389740.61888
132 29 513 4937.473672561782 263611754.6185593 1301576098206.9534
133 28 648 4724.12231882448 434559448.61306906 2052911990049.0593
134 38 921 6636.579650383532 11283171205.954762 74881664417232.78
135 22 670 3370.209833397988 108888198.82767911 366976078430.0394
136 21 435 3136.7198300107975 24725818.187981825 77557964223.48424
137 29 578 4937.473672561782 381902022.7607814 1885631182879.4487
138 1 105 1.0 7.59708563275366 7.59708563275366
139 20 476 2902.6872563902634 24395771.486968026 70813295005.03104
140 23 444 3602.4235623004615 43288636.051261924 155944002490.91516
141 22 540 3370.209833397988 58960938.74487216 198710735544.34457
142 9 216 604.9491004987461 107010.93131990137 64736166.64550743
143 11 217 942.9223974109915 223438.22310636984 210684905.00471026
144 19 407 2668.9360872348193 12120737.243088678 32349473031.970448
145 48 974 8016.77096497358 86307960799.96808 691911154187262.0
146 34 842 5933.442745663244 3705867003.7566032 21988549689832.4
147 27 626 4506.6139001521815 310489400.8250475 1399255849608.0813
148 26 656 4285.277943143774 282300416.0 1209735746025.1118
149 20 522 2902.6872563902634 17499997.696169898 50797020299.531334
150 29 828 4937.473672561782 1166806166.8805459 5761074729955.425
151 25 642 4060.496712466729 207640221.0599902 843122434989.9551
152 38 849 6636.579650383532 8561409587.531885 56818476647212.58
153 38 905 6636.579650383532 10632135303.840075 70561012797589.38
154 4 195 75.61186198841948 2409.1275506493207 182158.6198721955
155 32 862 5549.980220652734 2604595771.0736794 14455455012254.678
156 37 992 6468.923834840442 11863109742.616188 76741553369337.72
157 23 431 3602.4235623004615 39732639.94715995 143133798338.0496
158 28 579 4724.12231882448 307484929.76777244 1452596419418.1116
159 16 432 1979.1134619514044 5978205.512259952 11831547007.625761
160 39 959 6798.773358825962 15764354454.791645 107178273086326.8
161 38 780 6636.579650383532 6422502927.87391 42623452235656.64
162 32 838 5549.980220652734 2379060819.561146 13203740492294.242
163 32 793 5549.980220652734 1993050396.0338404 11061390276751.912
164 39 988 6798.773358825962 17455194111.565086 118673908698844.52
165 20 443 2902.6872563902634 20009084.613118373 58080114918.5332
166 27 836 4506.6139001521815 747376358.1121714 3368136684113.4263
167 28 756 4724.12231882448 697799968.3627315 3296492404617.396
168 15 437 1756.7778603087352 2340066.702266135 4110977374.186818
169 27 705 4506.6139001521815 445430203.87037414 2007381948309.8481
170 28 666 4724.12231882448 472723705.4099823 2233204607364.706
171 1 106 1.0 9.55892689827884 9.55892689827884
172 23 349 3602.4235623004615 21616120.804568436 77870422911.91054
173 12 222 1131.8354418063404 328897.9287204573 372258332.46250904
174 27 770 4506.6139001521815 582218369.2178363 2623833395641.0356
175 20 542 2902.6872563902634 34905730.38552738 101320418765.06473
176 28 672 4724.12231882448 485930534.8059469 2295595284875.09
177 38 981 6636.579650383532 13975976815.681934 92752683329186.75
178 16 463 1979.1134619514044 3821560.846422145 7563302516.820471
179 29 715 4937.473672561782 739592528.2247888 3651718636533.3013
180 24 455 3832.71054120725 59166035.831442095 226766289212.61398
181 30 767 5146.386239304723 1154091765.7447543 5939401982123.693
182 34 630 5933.442745663244 1434922885.0989866 8514032783176.755
183 32 651 5549.980220652734 1058418960.1653181 5874204294081.35
184 40 1038 6955.50474228233 25148015234.92995 174917139225543.56
185 24 573 3832.71054120725 116116260.05750586 445040013927.9651
186 40 812 6955.50474228233 10784034333.928486 75008401950575.05
187 21 434 3136.7198300107975 24566877.274644893 77059411108.82025
188 28 805 4724.12231882448 846302405.4274621 3998036081954.718
189 35 805 6117.310290426031 3933024005.014668 24059528218368.832
190 19 461 2668.9360872348193 16997956.645944357 45366459901.61382
191 34 748 5933.442745663244 2516069861.255827 14928956465850.31
192 34 974 5933.442745663244 5967253939.499925 35406359598856.24
193 0 100 0.0 0.0 0.0
194 21 495 3136.7198300107975 35513195.160300754 111394943486.35886
195 37 907 6468.923834840442 8778149278.816093 56785179095520.87
196 20 429 2902.6872563902634 18312602.421761278 53155757680.98794
197 40 947 6955.50474228233 18327419094.557896 127476450425993.17
198 37 743 6468.923834840442 4489456677.607678 29041953307259.895
199 47 1031 7902.318130854768 89311779879.19589 705770097438279.8
