0 1 113 1.0 25.320989780782124 25.320989780782124
1 0 5 0.0 5.0 0.0
2 4 89 75.61186198841948 2154.8151586700715 162929.58638791565
3 0 100 0.0 0.0 0.0
4 0 100 0.0 0.0 0.0
5 0 100 0.0 0.0 0.0
6 0 100 0.0 0.0 0.0
7 1 106 1.0 9.55892689827884 9.55892689827884
8 1 103 1.0 3.9914906122521803 3.9914906122521803
9 2 31 9.541850352986048 141.5519192260369 1350.6672304328126
10 1 36 1.0 91.37308344663872 91.37308344663872
11 6 79 225.58275470837765 4266.090224510861 962356.3846796412
12 0 8 0.0 8.0 0.0
13 2 30 9.541850352986048 135.01359299654277 1288.2794999919763
14 0 100 0.0 0.0 0.0
15 4 111 75.61186198841948 3143.78687811244 237707.57954884192
16 0 10 0.0 10.0 0.0
17 2 25 9.541850352986048 103.79546451213633 990.4007896934788
18 0 6 0.0 6.0 0.0
19 0 100 0.0 0.0 0.0
20 0 18 0.0 18.0 0.0
21 1 7 1.0 11.607984241186918 11.607984241186918
22 1 13 1.0 25.320989780782124 25.320989780782124
23 0 100 0.0 0.0 0.0
24 0 100 0.0 0.0 0.0
25 3 43 32.9215577265747 391.71440685113555 12895.848457480626
26 0 100 0.0 0.0 0.0
27 0 100 0.0 0.0 0.0
28 1 115 1.0 30.323695983612147 30.323695983612147
29 0 100 0.0 0.0 0.0
30 1 35 1.0 88.18685030395203 88.18685030395203
31 1 102 1.0 2.3948263510722025 2.3948263510722025
32 0 100 0.0 0.0 0.0
33 2 19 9.541850352986048 69.8685662777562 666.6754038000371
34 1 17 1.0 35.503281577765854 35.503281577765854
35 0 100 0.0 0.0 0.0
36 2 23 9.541850352986048 92.0346545141889 878.1809006631623
37 0 6 0.0 6.0 0.0
38 1 113 1.0 25.320989780782124 25.320989780782124
39 7 99 332.66880679862265 9801.0 3260486.9754333007
40 0 100 0.0 0.0 0.0
41 2 106 9.541850352986048 13.252209915340185 126.45060385853394
42 1 49 1.0 134.74529814364382 134.74529814364382
43 0 6 0.0 6.0 0.0
44 0 7 0.0 7.0 0.0
45 0 18 0.0 18.0 0.0
46 0 100 0.0 0.0 0.0
47 5 128 139.6884681067044 426.24633698085364 59541.697848949545
48 0 6 0.0 6.0 0.0
49 1 105 1.0 7.59708563275366 7.59708563275366
50 1 103 1.0 3.9914906122521803 3.9914906122521803
51 0 100 0.0 0.0 0.0
52 0 100 0.0 0.0 0.0
53 0 7 0.0 7.0 0.0
54 0 100 0.0 0.0 0.0
55 1 29 1.0 69.58346013935528 69.58346013935528
56 2 34 9.541850352986048 161.72412498062124 1543.1473990327004
57 1 18 1.0 38.15436697768484 38.15436697768484
58 3 141 32.9215577265747 363.1907597716439 11956.805563580698
59 0 100 0.0 0.0 0.0
60 0 100 0.0 0.0 0.0
61 0 5 0.0 5.0 0.0
62 10 130 766.6651705632711 50276.83473577485 38545498.078084216
63 0 6 0.0 6.0 0.0
64 0 11 0.0 11.0 0.0
65 4 175 75.61186198841948 1608.0874365260645 121590.48531592006
66 0 5 0.0 5.0 0.0
67 0 10 0.0 10.0 0.0
68 1 13 1.0 25.320989780782124 25.320989780782124
69 0 18 0.0 18.0 0.0
70 0 100 0.0 0.0 0.0
71 0 6 0.0 6.0 0.0
72 4 67 75.61186198841948 1326.001420918201 100261.43643491513
73 2 30 9.541850352986048 135.01359299654277 1288.2794999919763
74 1 12 1.0 22.891970023971037 22.891970023971037
75 1 100 1.0 0.0 0.0
76 1 37 1.0 94.5824071263594 94.5824071263594
77 1 19 1.0 40.84402933782601 40.84402933782601
78 0 6 0.0 6.0 0.0
79 1 32 1.0 78.7716859795011 78.7716859795011
80 0 100 0.0 0.0 0.0
81 0 5 0.0 5.0 0.0
82 5 82 139.6884681067044 3003.520233876968 419557.14039776416
83 0 100 0.0 0.0 0.0
84 5 55 139.6884681067044 1453.6132803589628 203053.01235290492
85 1 105 1.0 7.59708563275366 7.59708563275366
86 10 166 766.6651705632711 86591.68420024101 66386828.33673868
87 1 11 1.0 20.51504931294799 20.51504931294799
88 0 100 0.0 0.0 0.0
89 2 27 9.541850352986048 115.98017876588344 1106.66550969663
90 6 113 225.58275470837765 8460.534002517481 1908550.5665917895
91 2 62 9.541850352986048 384.6592176812078 3670.3606920107695
92 0 100 0.0 0.0 0.0
93 0 100 0.0 0.0 0.0
94 1 22 1.0 49.12998068819353 49.12998068819353
95 0 100 0.0 0.0 0.0
96 1 17 1.0 35.503281577765854 35.503281577765854
97 1 131 1.0 75.68293941204132 75.68293941204132
98 1 102 1.0 2.3948263510722025 2.3948263510722025
99 0 9 0.0 9.0 0.0
100 2 47 9.541850352986048 257.9778488812911 2461.586028410529
101 0 100 0.0 0.0 0.0
102 2 48 9.541850352986048 265.93129728965954 2537.4766429133756
103 3 140 32.9215577265747 349.23013798641597 11497.20014757944
104 5 38 139.6884681067044 742.4330654268088 103709.33758123555
105 1 22 1.0 49.12998068819353 49.12998068819353
106 1 13 1.0 25.320989780782124 25.320989780782124
107 3 42 32.9215577265747 377.3528472077043 12423.04354263576
108 1 112 1.0 22.891970023971037 22.891970023971037
109 4 76 75.61186198841948 1644.92462809159 124375.81396061354
110 7 85 332.66880679862265 7225.0 2403532.1291200486
111 7 134 332.66880679862265 17956.0 5973401.094876069
112 3 36 32.9215577265747 295.444715883087 9726.500268956508
113 1 101 1.0 1.0 1.0
114 5 125 139.6884681067044 6461.574648467654 902607.4642015635
115 11 174 942.9223974109915 134765.04830411234 127072982.43412168
116 0 100 0.0 0.0 0.0
117 5 76 139.6884681067044 2616.164871066153 365448.0631538047
118 2 127 9.541850352986048 115.98017876588344 1106.66550969663
119 5 184 139.6884681067044 3137.9608221632784 438336.940226843
120 0 100 0.0 0.0 0.0
121 1 33 1.0 81.88562674252243 81.88562674252243
122 1 34 1.0 85.02419427196995 85.02419427196995
123 4 124 75.61186198841948 3799.2749823544086 287270.2556218364
124 8 141 459.67273235884244 29549.892713290425 13583279.924428858
125 6 96 225.58275470837765 6193.675591281851 1397186.4016513997
126 1 121 1.0 46.33316012586883 46.33316012586883
127 4 41 75.61186198841948 572.5607883495287 43292.38730866522
128 1 108 1.0 13.734791927877684 13.734791927877684
129 6 82 225.58275470837765 4581.357643139669 1033475.277443727
130 5 142 139.6884681067044 890.5118703159138 124394.2389952662
131 5 90 139.6884681067044 3557.085524945249 496883.82790413423
132 2 34 9.541850352986048 161.72412498062124 1543.1473990327004
133 8 101 459.67273235884244 14762.38290447426 6785864.885827147
134 4 40 75.61186198841948 548.8883970182196 41502.47372238642
135 1 140 1.0 104.3443904241405 104.3443904241405
136 4 131 75.61186198841948 354.97079584466536 26840.002825326264
137 5 60 139.6884681067044 1702.6102917613564 237835.0234388529
138 0 100 0.0 0.0 0.0
139 6 91 225.58275470837765 5591.281626292221 1261296.7116093368
140 6 106 225.58275470837765 7486.36063642395 1688793.855104878
141 11 223 942.9223974109915 237835.15281631702 224260092.48217118
142 3 109 32.9215577265747 32.71640406476307 1077.0749850240404
143 4 204 75.61186198841948 2812.409095796941 212651.48840637392
144 6 118 225.58275470837765 9191.104391557652 2073354.6474598425
145 5 93 139.6884681067044 3775.468945982596 527389.4734487426
146 7 126 332.66880679862265 15876.0 5281449.976734933
147 4 84 75.61186198841948 1951.9617083430758 147591.45929791615
148 4 147 75.61186198841948 723.181183304868 54681.07582466957
149 1 11 1.0 20.51504931294799 20.51504931294799
150 2 145 9.541850352986048 242.29532664846576 2311.945748107533
151 3 65 32.9215577265747 754.7803226662346 24848.54396353912
152 4 164 75.61186198841948 1226.095534977771 92707.36637535656
153 1 28 1.0 66.57403288693754 66.57403288693754
154 3 149 32.9215577265747 481.96892224029307 15867.1676959488
155 1 25 1.0 57.71571011139208 57.71571011139208
156 4 132 75.61186198841948 374.7746947170294 28337.41249369607
157 4 63 75.61186198841948 1193.5182370479756 90244.13622033325
158 6 68 225.58275470837765 3202.3105181925803 722386.0281254946
159 4 195 75.61186198841948 2409.1275506493207 182158.6198721955
160 5 60 139.6884681067044 1702.6102917613564 237835.0234388529
161 0 6 0.0 6.0 0.0
162 5 57 139.6884681067044 1551.0877169304622 216669.0670771418
163 3 142 32.9215577265747 377.3528472077043 12423.04354263576
164 9 129 604.9491004987461 35247.44879474361 21322912.44325576
165 4 95 75.61186198841948 2409.1275506493207 182158.6198721955
166 3 157 32.9215577265747 612.7419199112477 20172.41848785035
167 3 131 32.9215577265747 233.0178128969552 7671.309378607293
168 3 151 32.9215577265747 513.5688732735056 16907.48730804564
169 3 113 32.9215577265747 58.65092275827274 1930.8797393033497
170 6 101 225.58275470837765 6825.411756924657 1539695.1861460118
171 8 194 459.67273235884244 57387.77260516802 26379594.23740551
172 5 53 139.6884681067044 1358.9929081032851 189835.63750082318
173 4 175 75.61186198841948 1608.0874365260645 121590.48531592006
174 5 87 139.6884681067044 3344.5706484424895 467197.95035557833
175 4 25 75.61186198841948 245.72185754407212 18579.487180160453
176 9 133 604.9491004987461 37644.33692394514 22772907.76101235
177 4 71 75.61186198841948 1464.2230773075796 110712.63324163957
178 1 107 1.0 11.607984241186918 11.607984241186918
179 3 43 32.9215577265747 391.71440685113555 12895.848457480626
180 6 95 225.58275470837765 6070.84515091352 1369477.9725510685
181 3 41 32.9215577265747 363.1907597716439 11956.805563580698
182 6 79 225.58275470837765 4266.090224510861 962356.3846796412
183 8 163 459.67273235884244 39951.73547253033 18364723.407135706
184 3 139 32.9215577265747 335.47304520277595 11044.29522335299
185 4 36 75.61186198841948 458.3949685466225 34660.09709793311
186 5 51 139.6884681067044 1267.2460047423704 177019.65311680315
187 5 77 139.6884681067044 2679.0520099722326 374232.6712512085
188 4 128 75.61186198841948 4011.2373703018793 303297.12644605635
189 5 155 139.6884681067044 1453.6132803589628 203053.01235290492
190 4 96 75.61186198841948 2452.6531100077354 185449.6684593727
191 11 128 942.9223974109915 66727.75730374745 62919096.89070834
192 10 122 766.6651705632711 43653.86742578588 33467899.715736557
193 6 110 225.58275470837765 8036.070233330496 1812798.8602646885
194 9 110 604.9491004987461 25006.172162451465 15127461.356591798
195 4 164 75.61186198841948 1226.095534977771 92707.36637535656
196 5 87 139.6884681067044 3344.5706484424895 467197.95035557833
197 6 76 225.58275470837765 3961.5666745886283 893661.1234146099
198 4 173 75.61186198841948 1535.4556318691968 116098.65932623514
199 3 133 32.9215577265747 257.33012181535685 8471.708460130769
