0 1 24 1.0 54.8222930413608 54.8222930413608
1 0 100 0.0 0.0 0.0
2 0 100 0.0 0.0 0.0
3 1 19 1.0 40.84402933782601 40.84402933782601
4 5 44 139.6884681067044 969.0623078155637 135366.82927870372
5 0 100 0.0 0.0 0.0
6 0 100 0.0 0.0 0.0
7 1 105 1.0 7.59708563275366 7.59708563275366
8 3 126 32.9215577265747 176.25042831919396 5802.438650243859
9 0 100 0.0 0.0 0.0
10 1 104 1.0 5.735193251789799 5.735193251789799
11 0 100 0.0 0.0 0.0
12 1 115 1.0 30.323695983612147 30.323695983612147
13 0 100 0.0 0.0 0.0
14 0 100 0.0 0.0 0.0
15 0 100 0.0 0.0 0.0
16 4 169 75.61186198841948 1394.4010936602072 105433.26305033677
17 1 105 1.0 7.59708563275366 7.59708563275366
18 0 100 0.0 0.0 0.0
19 0 100 0.0 0.0 0.0
20 0 100 0.0 0.0 0.0
21 0 100 0.0 0.0 0.0
22 0 100 0.0 0.0 0.0
23 1 34 1.0 85.02419427196995 85.02419427196995
24 0 100 0.0 0.0 0.0
25 0 16 0.0 16.0 0.0
26 0 100 0.0 0.0 0.0
27 10 191 766.6651705632711 118296.7449298396 90693994.12871525
28 7 127 332.66880679862265 16129.0 5365615.184854985
29 25 536 4060.496712466729 121657800.24404655 493991097936.8851
30 0 10 0.0 10.0 0.0
31 0 100 0.0 0.0 0.0
32 0 100 0.0 0.0 0.0
33 0 10 0.0 10.0 0.0
34 0 10 0.0 10.0 0.0
35 1 19 1.0 40.84402933782601 40.84402933782601
36 1 103 1.0 3.9914906122521803 3.9914906122521803
37 35 686 6117.310290426031 2319187621.564352 14187190302824.283
38 0 100 0.0 0.0 0.0
39 0 100 0.0 0.0 0.0
40 0 9 0.0 9.0 0.0
41 1 12 1.0 22.891970023971037 22.891970023971037
42 7 213 332.66880679862265 12769.0 4247847.994011613
43 2 122 9.541850352986048 86.31942417916456 823.6470280735138
44 0 100 0.0 0.0 0.0
45 25 545 4060.496712466729 127809718.8769703 518970943321.2348
46 0 100 0.0 0.0 0.0
47 1 101 1.0 1.0 1.0
48 23 501 3602.4235623004615 61330937.038664244 220940012686.05017
49 0 10 0.0 10.0 0.0
50 0 100 0.0 0.0 0.0
51 1 110 1.0 18.1937008646705 18.1937008646705
52 21 566 3136.7198300107975 51701115.114125304 162171913012.1478
53 1 117 1.0 35.503281577765854 35.503281577765854
54 0 100 0.0 0.0 0.0
55 0 18 0.0 18.0 0.0
56 1 103 1.0 3.9914906122521803 3.9914906122521803
57 0 6 0.0 6.0 0.0
58 0 10 0.0 10.0 0.0
59 2 116 9.541850352986048 54.53075711894446 520.3243240639966
60 0 6 0.0 6.0 0.0
61 17 312 2206.0678959513543 3439807.8883009166 7588449750.620874
62 0 100 0.0 0.0 0.0
63 10 274 766.6651705632711 263942.13022908557 202355238.29091498
64 0 100 0.0 0.0 0.0
65 0 6 0.0 6.0 0.0
66 30 497 5146.386239304723 295312473.7047222 1519792050969.0203
67 24 472 3832.71054120725 65864869.390490346 252440979208.17108
68 3 39 32.9215577265747 335.47304520277595 11044.29522335299
69 7 258 332.66880679862265 24964.0 8304744.092920816
70 2 27 9.541850352986048 115.98017876588344 1106.66550969663
71 0 100 0.0 0.0 0.0
72 7 256 332.66880679862265 24336.0 8095828.082251281
73 24 536 3832.71054120725 95527025.62749824 366127438092.6876
74 0 100 0.0 0.0 0.0
75 2 25 9.541850352986048 103.79546451213633 990.4007896934788
76 0 100 0.0 0.0 0.0
77 29 409 4937.473672561782 130386179.23832123 643778327255.1327
78 0 100 0.0 0.0 0.0
79 27 435 4506.6139001521815 102803376.76274386 463295126701.56323
80 3 168 32.9215577265747 810.8239638778247 26693.587932893923
81 46 921 7782.801884860074 49830754359.29895 387822888951551.25
82 0 100 0.0 0.0 0.0
83 0 10 0.0 10.0 0.0
84 0 5 0.0 5.0 0.0
85 0 100 0.0 0.0 0.0
86 0 100 0.0 0.0 0.0
87 2 29 9.541850352986048 128.5709592386038 1226.8048527946264
88 0 100 0.0 0.0 0.0
89 5 156 139.6884681067044 1501.9949206988383 209811.36957647165
90 1 11 1.0 20.51504931294799 20.51504931294799
91 0 6 0.0 6.0 0.0
92 1 107 1.0 11.607984241186918 11.607984241186918
93 0 100 0.0 0.0 0.0
94 0 100 0.0 0.0 0.0
95 0 100 0.0 0.0 0.0
96 0 18 0.0 18.0 0.0
97 9 225 604.9491004987461 116848.62716520583 70687471.89810462
98 0 100 0.0 0.0 0.0
99 0 100 0.0 0.0 0.0
100 22 368 3370.209833397988 19812071.50941872 66770838221.027084
101 0 100 0.0 0.0 0.0
102 2 130 9.541850352986048 135.01359299654277 1288.2794999919763
103 0 100 0.0 0.0 0.0
104 9 106 604.9491004987461 23088.154186617474 13967158.1073706
105 30 761 5146.386239304723 1125967908.8192396 5794665751846.05
106 15 343 1756.7778603087352 2446475.4330598735 4297913876.588811
107 13 304 1331.5823725933528 964003.3884920002 1283649919.2362092
108 8 245 459.67273235884244 31320.350759055804 14397111.211852526
109 0 100 0.0 0.0 0.0
110 6 240 225.58275470837765 12746.625951622225 2875418.9954042374
111 24 632 3832.71054120725 154648750.9221839 592723897843.9886
112 1 117 1.0 35.503281577765854 35.503281577765854
113 14 382 1540.4353185285338 2333005.9279626445 3593844729.770094
114 23 396 3602.4235623004615 31120712.492786575 112109987959.5927
115 17 366 2206.0678959513543 5226620.815745117 11530280385.926382
116 2 53 9.541850352986048 306.7864203576611 2927.3101133810746
117 29 540 4937.473672561782 309159580.6831188 1526467290243.1394
118 2 57 9.541850352986048 340.72951581223015 3251.1900507256933
119 22 534 3370.209833397988 57116885.37818461 192495888754.62354
120 14 278 1540.4353185285338 1065449.2938699108 1641255722.3784974
121 21 319 3136.7198300107975 10368596.396678822 32523381926.84096
122 22 621 3370.209833397988 87736634.94610478 295690869844.6119
123 25 546 4060.496712466729 128505715.03793728 521797033444.73065
124 36 690 6295.82243666837 2881873899.236345 18143766354461.14
125 25 494 4060.496712466729 95533457.44421215 387913289882.80365
126 25 495 4060.496712466729 96107506.07557331 390244212463.24164
127 37 888 6468.923834840442 8175077529.312969 52883953881041.18
128 0 100 0.0 0.0 0.0
129 25 565 4060.496712466729 142210841.651771 577446655004.1428
130 18 537 2436.3877014920204 19260514.536158968 46926080740.30599
131 4 93 75.61186198841948 2323.049658002374 175650.1101331206
132 4 143 75.61186198841948 621.143248020611 46965.797544373054
133 2 156 9.541850352986048 332.1417203303481 3169.2465913755254
134 18 415 2436.3877014920204 9682864.572040029 23591212158.53112
135 30 740 5146.386239304723 1031214501.3022729 5307028119273.5
136 16 330 1979.1134619514044 2990945.70583787 5919420910.389474
137 23 484 3602.4235623004615 55518041.64810528 199999501365.9128
138 25 513 4060.496712466729 106834627.24656819 433801652712.2986
139 25 616 4060.496712466729 183705387.20866275 745935120823.2026
140 19 493 2668.9360872348193 20394408.617737114 54431373137.691376
141 5 103 139.6884681067044 4545.356706035842 634933.9152646826
142 21 353 3136.7198300107975 13770982.618961489 43195714259.63053
143 10 194 766.6651705632711 122468.81017110687 93892571.23851252
144 17 340 2206.0678959513543 4308752.877601366 9505401394.864388
145 15 360 1756.7778603087352 2763622.127110308 4855070167.166722
146 21 599 3136.7198300107975 60598126.07759826 190079343729.0969
147 16 383 1979.1134619514044 4386634.52601953 8681647443.106071
148 1 104 1.0 5.735193251789799 5.735193251789799
149 24 507 3832.71054120725 81187890.08735289 311169682156.17303
150 30 591 5146.386239304723 508875203.25163203 2618868343537.5933
151 27 543 4506.6139001521815 201587223.288272 908475782564.008
152 33 622 5744.298091538941 1124077618.1742961 6457036916820.247
153 5 208 139.6884681067044 4954.230173639048 692048.8236036508
154 36 754 6295.82243666837 3872930235.9904475 24383281075399.984
155 38 772 6636.579650383532 6201843915.261056 41159031122876.45
156 33 611 5744.298091538941 1060942833.4737499 6094371893555.178
157 37 901 6468.923834840442 8584442206.12252 55532102795996.24
158 41 962 7106.788070274764 23420493218.872505 166444481807834.12
159 34 760 5933.442745663244 2650527335.977996 15726752193840.764
160 22 406 3370.209833397988 26199985.621107586 88299449175.14267
161 4 201 75.61186198841948 2675.1081136005973 202269.90548966953
162 0 100 0.0 0.0 0.0
163 0 100 0.0 0.0 0.0
164 31 527 5350.621552679651 437733785.239334 2342147825637.6265
165 2 20 9.541850352986048 75.23327232919837 717.8646261306569
166 35 581 6117.310290426031 1340011397.5026104 8197265511230.886
167 39 1038 6798.773358825962 20665687120.918 140501323039530.08
168 22 420 3370.209833397988 28851741.795634072 97236423910.30568
169 37 770 6468.923834840442 5061868166.131368 32744839628707.285
170 27 694 4506.6139001521815 424659489.28838694 1913776357258.571
171 36 738 6295.82243666837 3605787099.5656466 22701395323294.76
172 27 528 4506.6139001521815 185148476.85224456 834392699374.3297
173 1 101 1.0 1.0 1.0
174 21 488 3136.7198300107975 34123854.26871061 107036970361.06319
175 23 505 3602.4235623004615 62754035.20418982 226066615049.00607
176 21 416 3136.7198300107975 21817376.339549676 68434997003.07385
177 36 821 6295.82243666837 5143253749.296451 32381012352299.31
178 21 526 3136.7198300107975 42102615.24234642 132064108125.98288
179 23 681 3602.4235623004615 148665573.15588364 535556363639.6582
180 11 205 942.9223974109915 196153.083719731 184957135.96056768
181 41 707 7106.788070274764 8028932463.745271 57059921450386.664
182 29 698 4937.473672561782 686309501.4310902 3388635094545.0107
183 23 427 3602.4235623004615 38678261.46970041 139335480467.26685
184 28 693 4724.12231882448 534112219.55572444 2523211457160.079
185 17 399 2206.0678959513543 6553560.80051913 14457600086.190512
186 27 705 4506.6139001521815 445430203.87037414 2007381948309.8481
187 46 1143 7782.801884860074 108631803697.00468 845459806568797.6
188 32 811 5549.980220652734 2141826346.783276 11887093860720.086
189 41 692 7106.788070274764 7452199258.4613495 52961200787343.56
190 39 914 6798.773358825962 13374992532.455885 90933542904157.25
191 25 607 4060.496712466729 175867485.79393265 714109347896.0527
192 32 631 5549.980220652734 957613576.8305463 5314736410438.049
193 15 234 1756.7778603087352 933361.45310503 1639708736.4805064
194 18 490 2436.3877014920204 15084247.698138826 36751075578.00475
195 17 360 2206.0678959513543 5005042.618306142 11041463838.11349
196 13 298 1331.5823725933528 918783.5030821651 1223435916.9337816
197 39 921 6798.773358825962 13728571018.525295 93337442895499.97
198 37 1037 6468.923834840442 13771270575.865742 89085300464254.77
199 12 340 1131.8354418063404 896095.2781501118 1014232395.0456073
