0 0 10 0.0 10.0 0.0
1 19 447 2668.9360872348193 15632967.68603246 41723391607.827835
2 1 18 1.0 38.15436697768484 38.15436697768484
3 23 766 3602.4235623004615 208715838.68448615 751882855102.295
4 0 100 0.0 0.0 0.0
5 0 100 0.0 0.0 0.0
6 28 607 4724.12231882448 355498231.554258 1679417129988.1033
7 0 100 0.0 0.0 0.0
8 8 203 459.67273235884244 63064.53243947444 28989045.94138607
9 0 100 0.0 0.0 0.0
10 0 100 0.0 0.0 0.0
11 0 18 0.0 18.0 0.0
12 0 100 0.0 0.0 0.0
13 2 22 9.541850352986048 86.31942417916456 823.6470280735138
14 0 9 0.0 9.0 0.0
15 1 105 1.0 7.59708563275366 7.59708563275366
16 0 100 0.0 0.0 0.0
17 0 100 0.0 0.0 0.0
18 0 100 0.0 0.0 0.0
19 0 100 0.0 0.0 0.0
20 0 100 0.0 0.0 0.0
21 1 38 1.0 97.81435774219185 97.81435774219185
22 0 5 0.0 5.0 0.0
23 1 47 1.0 127.85310766976465 127.85310766976465
24 0 100 0.0 0.0 0.0
25 0 100 0.0 0.0 0.0
26 0 6 0.0 6.0 0.0
27 0 9 0.0 9.0 0.0
28 2 46 9.541850352986048 250.0988923255542 2386.406204018009
29 0 100 0.0 0.0 0.0
30 0 100 0.0 0.0 0.0
31 1 20 1.0 43.57075425423803 43.57075425423803
32 2 19 9.541850352986048 69.8685662777562 666.6754038000371
33 14 233 1540.4353185285338 689289.6488249365 1061806119.7460623
34 0 5 0.0 5.0 0.0
35 50 1192 8230.818941038662 255949593434.49728 2106674761591805.0
36 6 173 225.58275470837765 3667.8232800781016 827397.6793035355
37 1 25 1.0 57.71571011139208 57.71571011139208
38 0 100 0.0 0.0 0.0
39 0 100 0.0 0.0 0.0
40 0 100 0.0 0.0 0.0
41 2 123 9.541850352986048 92.0346545141889 878.1809006631623
42 0 100 0.0 0.0 0.0
43 0 100 0.0 0.0 0.0
44 3 138 32.9215577265747 321.92161897300775 10598.16116245226
45 18 307 2436.3877014920204 4331957.0464325 10554326871.31984
46 0 10 0.0 10.0 0.0
47 1 28 1.0 66.57403288693754 66.57403288693754
48 0 100 0.0 0.0 0.0
49 24 667 3832.71054120725 181048125.7720293 693905060112.2727
50 1 18 1.0 38.15436697768484 38.15436697768484
51 1 19 1.0 40.84402933782601 40.84402933782601
52 1 121 1.0 46.33316012586883 46.33316012586883
53 1 26 1.0 60.63937356224698 60.63937356224698
54 0 100 0.0 0.0 0.0
55 0 10 0.0 10.0 0.0
56 14 427 1540.4353185285338 1590039.9240702433 2449353656.908231
57 1 102 1.0 2.3948263510722025 2.3948263510722025
58 4 191 75.61186198841948 2238.2761103848434 169240.22435039515
59 0 100 0.0 0.0 0.0
60 0 6 0.0 6.0 0.0
61 0 10 0.0 10.0 0.0
62 0 100 0.0 0.0 0.0
63 0 100 0.0 0.0 0.0
64 3 67 32.9215577265747 791.9778998728451 26073.146148835265
65 0 8 0.0 8.0 0.0
66 0 100 0.0 0.0 0.0
67 0 100 0.0 0.0 0.0
68 0 18 0.0 18.0 0.0
69 0 18 0.0 18.0 0.0
70 0 100 0.0 0.0 0.0
71 45 1011 7658.1450374688 58366981097.46678 446982806643600.5
72 0 100 0.0 0.0 0.0
73 0 100 0.0 0.0 0.0
74 1 115 1.0 30.323695983612147 30.323695983612147
75 0 100 0.0 0.0 0.0
76 0 100 0.0 0.0 0.0
77 3 79 32.9215577265747 1028.715399126087 33866.9133965458
78 0 6 0.0 6.0 0.0
79 0 9 0.0 9.0 0.0
80 0 100 0.0 0.0 0.0
81 0 100 0.0 0.0 0.0
82 1 103 1.0 3.9914906122521803 3.9914906122521803
83 0 100 0.0 0.0 0.0
84 1 32 1.0 78.7716859795011 78.7716859795011
85 0 100 0.0 0.0 0.0
86 0 100 0.0 0.0 0.0
87 1 11 1.0 20.51504931294799 20.51504931294799
88 0 100 0.0 0.0 0.0
89 1 6 1.0 9.55892689827884 9.55892689827884
90 1 112 1.0 22.891970023971037 22.891970023971037
91 1 113 1.0 25.320989780782124 25.320989780782124
92 0 6 0.0 6.0 0.0
93 1 37 1.0 94.5824071263594 94.5824071263594
94 1 18 1.0 38.15436697768484 38.15436697768484
95 0 100 0.0 0.0 0.0
96 7 210 332.66880679862265 12100.0 4025292.562263334
97 0 100 0.0 0.0 0.0
98 1 21 1.0 46.33316012586883 46.33316012586883
99 1 18 1.0 38.15436697768484 38.15436697768484
100 1 112 1.0 22.891970023971037 22.891970023971037
101 0 100 0.0 0.0 0.0
102 18 613 2436.3877014920204 27419790.10215291 66805239382.377975
103 0 100 0.0 0.0 0.0
104 9 183 604.9491004987461 74869.18614488025 45292046.81341849
105 21 610 3136.7198300107975 63768139.552410945 200022787856.94327
106 7 145 332.66880679862265 21025.0 6994361.662941041
107 34 563 5933.442745663244 993334103.9773728 5893891033264.44
108 36 831 6295.82243666837 5354985874.049948 33714040213885.844
109 39 1109 6798.773358825962 25913102110.78788 176177308275361.44
110 33 824 5744.298091538941 2795581814.449026 16058655281480.51
111 0 100 0.0 0.0 0.0
112 0 100 0.0 0.0 0.0
113 1 114 1.0 27.799106543625292 27.799106543625292
114 44 1231 7528.2761260995885 98111107379.01303 738607507386617.0
115 12 241 1131.8354418063404 113118.45143365419 128031472.45485905
116 46 1040 7782.801884860074 77258914066.65512 601290822020206.0
117 24 853 3832.71054120725 371660970.7732208 1424468920437.843
118 19 397 2668.9360872348193 11329291.034680726 30237153685.245293
119 33 546 5744.298091538941 736956048.5652021 4233295223321.1694
120 35 677 6117.310290426031 2220229432.2851415 13581832353224.64
121 1 111 1.0 20.51504931294799 20.51504931294799
122 12 370 1131.8354418063404 1093205.4770136857 1237328704.0608962
123 42 1087 7252.650449022947 43363137299.81854 314497677208572.7
124 54 1017 8602.009448624298 273337122534.52615 2351248510701771.5
125 35 830 6117.310290426031 4350944012.459437 26616074580485.645
126 45 1124 7658.1450374688 85318210231.4044 653379228289349.5
127 16 424 1979.1134619514044 5697672.190881226 11276339734.759186
128 51 1258 8330.590095344352 371186844358.3902 3092205449134131.0
129 52 1197 8425.648590871551 364922975480.61835 3074712754134925.5
130 41 1293 7106.788070274764 65463524052.2921 465235391772974.56
131 19 636 2668.9360872348193 40714900.90246477 108665468306.77774
132 47 1377 7902.318130854768 255648356300.6568 2020214641117900.0
133 20 551 2902.6872563902634 36528296.32096009 106030220228.4982
134 29 893 4937.473672561782 1475643921.7851796 7285953013890.143
135 44 869 7528.2761260995885 28430190164.18684 214030321873519.12
136 28 641 4724.12231882448 420297833.5378338 1985538375969.657
137 19 412 2668.9360872348193 5890839.205269608 15722273339.041739
138 37 962 6468.923834840442 10699444402.699787 69213890916174.81
139 26 838 4285.277943143774 401947272.0 1722455779008.4111
140 36 791 6295.82243666837 4543253901.80957 28603519850493.81
141 44 1113 7528.2761260995885 68558017757.27413 516123688334798.5
142 38 931 6636.579650383532 11704049014.693308 77674853518005.03
143 44 1060 7528.2761260995885 57635514742.453354 433896069651072.44
144 21 413 3136.7198300107975 21379371.39570321 67061098210.06789
145 26 788 4285.277943143774 489303872.0 2096803090176.4443
146 39 605 6798.773358825962 3261891870.5970263 22176863549186.043
147 50 1321 8230.818941038662 374669996119.82446 3083840900701933.0
148 34 765 5933.442745663244 2707994453.6666946 16067730046404.95
149 21 627 3136.7198300107975 68873740.15448877 216037626509.59586
150 59 1252 8967.266196081293 1338785352840.278 1.2005244638333392e+16
151 38 1090 6636.579650383532 14415587648.62703 95670195637198.33
152 33 795 5744.298091538941 2489221698.3097305 14298831451017.906
153 48 1365 8016.77096497358 296762357756.57086 2379075853159979.5
154 4 122 75.61186198841948 3695.090899744704 279392.70314616134
155 50 1146 8230.818941038662 221192962711.19135 1820599227107732.2
156 24 718 3832.71054120725 144843766.0576722 555144228997.3971
157 43 1094 7393.130324549447 53553732348.95804 395929722621886.4
158 42 1086 7252.650449022947 43223538886.570175 313485218714044.0
159 44 1236 7528.2761260995885 73731781863.59427 555073213138479.4
160 27 797 4506.6139001521815 646452085.8734882 2913309955979.8335
161 47 1051 7902.318130854768 95770782818.753 756811193474786.2
162 41 1168 7106.788070274764 45974080629.49959 326728047759577.8
163 18 476 2436.3877014920204 13961459.063656509 34015527157.577015
164 29 842 4937.473672561782 1229206422.571412 6069174349590.2
165 40 1285 6955.50474228233 52501699692.33674 365175821187930.94
166 27 665 4506.6139001521815 373034567.3579049 1681122766492.3894
167 50 1311 8230.818941038662 364259284850.44745 2998152221196260.5
168 26 690 4285.277943143774 328509000.0 1407752371824.218
169 8 215 459.67273235884244 19338.564883686733 8889410.959983042
170 20 497 2902.6872563902634 14786519.435579019 42920641532.02217
171 57 1380 8833.632285946418 1425885359812.599 1.25957469504989e+16
172 13 385 1331.5823725933528 1703445.2381306395 2268277651.7728457
173 47 1155 7902.318130854768 134946486473.25032 1066390066752713.8
174 36 1152 6295.82243666837 15901527644.911947 100113194524138.98
175 23 640 3602.4235623004615 76135543.44730404 274272475643.1186
176 32 860 5549.980220652734 2585261767.9371376 14348151677260.832
177 46 1093 7782.801884860074 92438244267.01009 719428541714442.0
178 30 651 5146.386239304723 689491444.1630429 3548389280359.025
179 42 1112 7252.650449022947 46958866291.34193 340576242693509.56
180 41 1070 7106.788070274764 33901485517.533268 240930672840598.12
181 43 954 7393.130324549447 33025062231.531567 244158589054068.66
182 38 1034 6636.579650383532 16706156529.33569 110871738458711.2
183 42 1085 7252.650449022947 43084261898.646126 312475091405038.06
184 49 1424 8126.242482129881 414600796279.2043 3369146603848946.0
185 58 1338 8902.46046345971 1483482556278.5244 1.3206644805501708e+16
186 30 829 5146.386239304723 1473298461.1022933 7582162926605.667
187 31 766 5350.621552679651 1435012109.957738 7678206723896.174
188 42 877 7252.650449022947 20440855452.174313 148250379473625.2
189 41 1042 7106.788070274764 30916377522.14036 219716142950458.0
190 35 820 6117.310290426031 4180241354.912535 25571833456870.906
191 15 481 1756.7778603087352 5735642.593314798 10076249922.579216
192 36 1039 6295.82243666837 8046022527.449484 50656329154255.6
193 23 428 3602.4235623004615 38940120.42706861 140278807345.2895
194 22 528 3370.209833397988 55310643.41233608 186408474319.8247
195 21 370 3136.7198300107975 15710942.526400527 49280824970.720474
196 45 1001 7658.1450374688 56324705991.69799 431342767677211.2
197 23 457 3602.4235623004615 47046356.28687297 169480902408.21362
198 41 933 7106.788070274764 21056574722.648766 149644614039769.4
199 23 671 3602.4235623004615 142455322.47970277 513184410275.9919
