0 0 7 0.0 7.0 0.0
1 0 10 0.0 10.0 0.0
2 1 31 1.0 75.68293941204132 75.68293941204132
3 0 5 0.0 5.0 0.0
4 0 100 0.0 0.0 0.0
5 4 50 75.61186198841948 803.8922494719358 60783.78982063209
6 0 100 0.0 0.0 0.0
7 0 100 0.0 0.0 0.0
8 2 38 9.541850352986048 189.8638195218893 1811.6521533242187
9 1 23 1.0 51.960050539976365 51.960050539976365
10 0 100 0.0 0.0 0.0
11 2 13 9.541850352986048 40.41888428935346 385.6709453236695
12 1 17 1.0 35.503281577765854 35.503281577765854
13 2 126 9.541850352986048 109.8359986590007 1048.0386625749609
14 0 100 0.0 0.0 0.0
15 1 14 1.0 27.799106543625292 27.799106543625292
16 1 17 1.0 35.503281577765854 35.503281577765854
17 2 15 9.541850352986048 49.68406405407534 474.0779041321602
18 0 11 0.0 11.0 0.0
19 0 100 0.0 0.0 0.0
20 0 100 0.0 0.0 0.0
21 0 100 0.0 0.0 0.0
22 0 7 0.0 7.0 0.0
23 2 29 9.541850352986048 128.5709592386038 1226.8048527946264
24 4 73 75.61186198841948 1535.4556318691968 116098.65932623514
25 1 46 1.0 124.43529823617882 124.43529823617882
26 0 100 0.0 0.0 0.0
27 1 8 1.0 13.734791927877684 13.734791927877684
28 2 27 9.541850352986048 115.98017876588344 1106.66550969663
29 0 8 0.0 8.0 0.0
30 1 11 1.0 20.51504931294799 20.51504931294799
31 0 100 0.0 0.0 0.0
32 0 10 0.0 10.0 0.0
33 4 51 75.61186198841948 831.5797944458234 62877.296649995835
34 1 9 1.0 15.931997307697284 15.931997307697284
35 3 47 32.9215577265747 451.11773253603667 14851.498473166615
36 2 23 9.541850352986048 92.0346545141889 878.1809006631623
37 0 100 0.0 0.0 0.0
38 0 100 0.0 0.0 0.0
39 0 100 0.0 0.0 0.0
40 0 19 0.0 19.0 0.0
41 0 100 0.0 0.0 0.0
42 0 6 0.0 6.0 0.0
43 1 11 1.0 20.51504931294799 20.51504931294799
44 2 17 9.541850352986048 59.51335422080222 567.8675199791454
45 0 100 0.0 0.0 0.0
46 0 100 0.0 0.0 0.0
47 3 70 32.9215577265747 849.0056290582019 27950.587827226456
48 1 14 1.0 27.799106543625292 27.799106543625292
49 0 6 0.0 6.0 0.0
50 0 10 0.0 10.0 0.0
51 0 100 0.0 0.0 0.0
52 0 10 0.0 10.0 0.0
53 0 100 0.0 0.0 0.0
54 0 100 0.0 0.0 0.0
55 0 5 0.0 5.0 0.0
56 1 15 1.0 30.323695983612147 30.323695983612147
57 0 7 0.0 7.0 0.0
58 0 5 0.0 5.0 0.0
59 1 107 1.0 11.607984241186918 11.607984241186918
60 2 63 9.541850352986048 393.6390130800606 3756.0445559070554
61 0 100 0.0 0.0 0.0
62 0 100 0.0 0.0 0.0
63 0 100 0.0 0.0 0.0
64 0 5 0.0 5.0 0.0
65 0 6 0.0 6.0 0.0
66 0 5 0.0 5.0 0.0
67 0 100 0.0 0.0 0.0
68 1 11 1.0 20.51504931294799 20.51504931294799
69 0 100 0.0 0.0 0.0
70 1 12 1.0 22.891970023971037 22.891970023971037
71 1 10 1.0 18.1937008646705 18.1937008646705
72 6 107 225.58275470837765 7622.045029127996 1719401.9141819899
73 0 100 0.0 0.0 0.0
74 1 14 1.0 27.799106543625292 27.799106543625292
75 0 5 0.0 5.0 0.0
76 1 31 1.0 75.68293941204132 75.68293941204132
77 0 6 0.0 6.0 0.0
78 2 7 9.541850352986048 16.551687764173284 157.9337277350917
79 0 5 0.0 5.0 0.0
80 1 7 1.0 11.607984241186918 11.607984241186918
81 2 29 9.541850352986048 128.5709592386038 1226.8048527946264
82 0 100 0.0 0.0 0.0
83 0 6 0.0 6.0 0.0
84 0 100 0.0 0.0 0.0
85 1 113 1.0 25.320989780782124 25.320989780782124
86 3 35 32.9215577265747 282.5239294230334 9301.12785163911
87 0 6 0.0 6.0 0.0
88 0 100 0.0 0.0 0.0
89 0 100 0.0 0.0 0.0
90 0 5 0.0 5.0 0.0
91 1 105 1.0 7.59708563275366 7.59708563275366
92 1 20 1.0 43.57075425423803 43.57075425423803
93 0 5 0.0 5.0 0.0
94 5 99 139.6884681067044 4229.702363015084 590840.6436368847
95 0 10 0.0 10.0 0.0
96 0 100 0.0 0.0 0.0
97 2 58 9.541850352986048 349.384203814786 3333.771788497865
98 0 6 0.0 6.0 0.0
99 2 22 9.541850352986048 86.31942417916456 823.6470280735138
100 0 100 0.0 0.0 0.0
101 1 22 1.0 49.12998068819353 49.12998068819353
102 1 10 1.0 18.1937008646705 18.1937008646705
103 4 105 75.61186198841948 2858.808634191098 216159.8438997593
104 0 100 0.0 0.0 0.0
105 1 16 1.0 32.892441635375256 32.892441635375256
106 0 100 0.0 0.0 0.0
107 3 42 32.9215577265747 377.3528472077043 12423.04354263576
108 2 50 9.541850352986048 282.0582186126376 2691.3573128316116
109 0 100 0.0 0.0 0.0
110 0 100 0.0 0.0 0.0
111 0 7 0.0 7.0 0.0
112 2 29 9.541850352986048 128.5709592386038 1226.8048527946264
113 1 8 1.0 13.734791927877684 13.734791927877684
114 0 100 0.0 0.0 0.0
115 1 11 1.0 20.51504931294799 20.51504931294799
116 1 11 1.0 20.51504931294799 20.51504931294799
117 0 100 0.0 0.0 0.0
118 1 33 1.0 81.88562674252243 81.88562674252243
119 2 19 9.541850352986048 69.8685662777562 666.6754038000371
120 2 43 9.541850352986048 226.91812071099523 2165.21875020514
121 0 100 0.0 0.0 0.0
122 2 40 9.541850352986048 204.4421003683832 1950.7559275652661
123 1 11 1.0 20.51504931294799 20.51504931294799
124 3 51 32.9215577265747 513.5688732735056 16907.48730804564
125 3 41 32.9215577265747 363.1907597716439 11956.805563580698
126 2 34 9.541850352986048 161.72412498062124 1543.1473990327004
127 0 100 0.0 0.0 0.0
128 4 75 75.61186198841948 1608.0874365260645 121590.48531592006
129 2 43 9.541850352986048 226.91812071099523 2165.21875020514
130 4 41 75.61186198841948 572.5607883495287 43292.38730866522
131 0 100 0.0 0.0 0.0
132 1 12 1.0 22.891970023971037 22.891970023971037
133 2 19 9.541850352986048 69.8685662777562 666.6754038000371
134 0 8 0.0 8.0 0.0
135 5 101 139.6884681067044 4386.2526434047795 612708.9124861964
136 1 10 1.0 18.1937008646705 18.1937008646705
137 1 19 1.0 40.84402933782601 40.84402933782601
138 3 58 32.9215577265747 629.8939717412368 20737.090752300537
139 2 47 9.541850352986048 257.9778488812911 2461.586028410529
140 0 100 0.0 0.0 0.0
141 1 39 1.0 101.06849300292524 101.06849300292524
142 3 48 32.9215577265747 466.4489382157433 15356.225645969067
143 3 23 32.9215577265747 145.08021796711313 4776.266770788355
144 2 14 9.541850352986048 44.97826169706515 429.17584225083993
145 3 47 32.9215577265747 451.11773253603667 14851.498473166615
146 2 35 9.541850352986048 168.62869283493262 1609.0297522505775
147 1 25 1.0 57.71571011139208 57.71571011139208
148 0 100 0.0 0.0 0.0
149 1 19 1.0 40.84402933782601 40.84402933782601
150 1 19 1.0 40.84402933782601 40.84402933782601
151 1 9 1.0 15.931997307697284 15.931997307697284
152 4 57 75.61186198841948 1005.7817905983286 76049.03394118624
153 0 100 0.0 0.0 0.0
154 3 41 32.9215577265747 363.1907597716439 11956.805563580698
155 2 19 9.541850352986048 69.8685662777562 666.6754038000371
156 2 22 9.541850352986048 86.31942417916456 823.6470280735138
157 0 100 0.0 0.0 0.0
158 3 45 32.9215577265747 421.0282951259743 13860.907322511091
159 1 19 1.0 40.84402933782601 40.84402933782601
160 2 19 9.541850352986048 69.8685662777562 666.6754038000371
161 1 26 1.0 60.63937356224698 60.63937356224698
162 1 108 1.0 13.734791927877684 13.734791927877684
163 0 7 0.0 7.0 0.0
164 1 30 1.0 72.61998620345668 72.61998620345668
165 3 16 32.9215577265747 81.54950460903234 2684.7367235598276
166 4 169 75.61186198841948 1394.4010936602072 105433.26305033677
167 4 143 75.61186198841948 621.143248020611 46965.797544373054
168 3 44 32.9215577265747 406.27351121486885 13375.156852238497
169 2 116 9.541850352986048 54.53075711894446 520.3243240639966
170 4 93 75.61186198841948 2323.049658002374 175650.1101331206
171 2 27 9.541850352986048 115.98017876588344 1106.66550969663
172 2 27 9.541850352986048 115.98017876588344 1106.66550969663
173 2 22 9.541850352986048 86.31942417916456 823.6470280735138
174 2 21 9.541850352986048 80.71796600694597 770.1987524356932
175 3 59 32.9215577265747 647.2206215128941 21307.511052966296
176 1 10 1.0 18.1937008646705 18.1937008646705
177 4 106 75.61186198841948 2905.522977389894 219692.00237058633
178 2 29 9.541850352986048 128.5709592386038 1226.8048527946264
179 2 59 9.541850352986048 358.10513855020525 3416.9856426813935
180 0 100 0.0 0.0 0.0
181 3 50 32.9215577265747 497.6760852315066 16384.27196908475
182 2 43 9.541850352986048 226.91812071099523 2165.21875020514
183 2 29 9.541850352986048 128.5709592386038 1226.8048527946264
184 5 81 139.6884681067044 2937.2940727723303 410306.1094044695
185 1 36 1.0 91.37308344663872 91.37308344663872
186 6 83 225.58275470837765 4688.828251009056 1057718.7932170872
187 1 19 1.0 40.84402933782601 40.84402933782601
188 1 19 1.0 40.84402933782601 40.84402933782601
189 4 51 75.61186198841948 831.5797944458234 62877.296649995835
190 1 35 1.0 88.18685030395203 88.18685030395203
191 4 55 75.61186198841948 946.1899645328139 71543.18501308264
192 2 30 9.541850352986048 135.01359299654277 1288.2794999919763
193 2 54 9.541850352986048 315.16948038953416 3007.300017705306
194 1 14 1.0 27.799106543625292 27.799106543625292
195 3 47 32.9215577265747 451.11773253603667 14851.498473166615
196 2 61 9.541850352986048 375.74324992186104 3585.2858618990344
197 2 70 9.541850352986048 458.2387961897642 4372.446019175203
198 1 16 1.0 32.892441635375256 32.892441635375256
199 1 9 1.0 15.931997307697284 15.931997307697284
