0 40 861 6955.50474228233 13198618240.420166 91803051762816.53
1 25 502 4060.496712466729 100189946.33313106 406820947707.89667
2 3 116 32.9215577265747 81.54950460903234 2684.7367235598276
3 3 36 32.9215577265747 295.444715883087 9726.500268956508
4 0 100 0.0 0.0 0.0
5 31 869 5350.621552679651 2141934419.7757561 11460680470878.545
6 22 242 3370.209833397988 6015251.711889617 20272660469.774467
7 5 212 139.6884681067044 5292.687692718977 739327.4359631217
8 0 100 0.0 0.0 0.0
9 1 112 1.0 22.891970023971037 22.891970023971037
10 1 27 1.0 63.59241768810072 63.59241768810072
11 1 8 1.0 13.734791927877684 13.734791927877684
12 0 100 0.0 0.0 0.0
13 1 108 1.0 13.734791927877684 13.734791927877684
14 0 5 0.0 5.0 0.0
15 1 54 1.0 152.29279760785363 152.29279760785363
16 20 374 2902.6872563902634 12541736.325631611 36404738205.417725
17 50 1152 8230.818941038662 225518155412.86328 1856199105120295.8
18 0 9 0.0 9.0 0.0
19 0 100 0.0 0.0 0.0
20 0 100 0.0 0.0 0.0
21 0 100 0.0 0.0 0.0
22 6 74 225.58275470837765 3764.5376458742294 849214.7723596997
23 0 100 0.0 0.0 0.0
24 1 104 1.0 5.735193251789799 5.735193251789799
25 0 18 0.0 18.0 0.0
26 0 100 0.0 0.0 0.0
27 3 66 32.9215577265747 773.2963448216119 25458.12025579391
28 0 100 0.0 0.0 0.0
29 0 6 0.0 6.0 0.0
30 19 451 2668.9360872348193 16015612.882796718 42744647182.07903
31 0 10 0.0 10.0 0.0
32 0 100 0.0 0.0 0.0
33 0 100 0.0 0.0 0.0
34 1 111 1.0 20.51504931294799 20.51504931294799
35 0 5 0.0 5.0 0.0
36 0 100 0.0 0.0 0.0
37 20 323 2902.6872563902634 8369499.780206239 24294040354.36576
38 35 758 6117.310290426031 3224469088.2555146 19725077934746.1
39 29 672 4937.473672561782 609949263.9565383 3011608432383.845
40 26 596 4285.277943143774 211708736.0 907230776751.6482
41 4 204 75.61186198841948 2812.409095796941 212651.48840637392
42 0 11 0.0 11.0 0.0
43 0 100 0.0 0.0 0.0
44 31 730 5350.621552679651 1231639023.0355396 6590034301775.268
45 0 100 0.0 0.0 0.0
46 39 1021 6798.773358825962 19530946203.92038 132786476723876.92
47 5 177 139.6884681067044 2679.0520099722326 374232.6712512085
48 0 100 0.0 0.0 0.0
49 0 100 0.0 0.0 0.0
50 3 95 32.9215577265747 1378.6071657178634 45385.89538845017
51 0 5 0.0 5.0 0.0
52 0 6 0.0 6.0 0.0
53 0 100 0.0 0.0 0.0
54 0 100 0.0 0.0 0.0
55 6 152 225.58275470837765 14918.20721744959 3365290.27942268
56 23 628 3602.4235623004615 117682581.844734 423942505709.82227
57 1 122 1.0 49.12998068819353 49.12998068819353
58 1 105 1.0 7.59708563275366 7.59708563275366
59 1 100 1.0 0.0 0.0
60 1 11 1.0 20.51504931294799 20.51504931294799
61 1 100 1.0 0.0 0.0
62 34 705 5933.442745663244 2073077154.2087672 12300484601840.21
63 0 100 0.0 0.0 0.0
64 0 100 0.0 0.0 0.0
65 42 888 7252.650449022947 21353263806.133312 154867758331658.22
66 3 148 32.9215577265747 466.4489382157433 15356.225645969067
67 1 118 1.0 38.15436697768484 38.15436697768484
68 0 100 0.0 0.0 0.0
69 1 120 1.0 43.57075425423803 43.57075425423803
70 0 100 0.0 0.0 0.0
71 0 100 0.0 0.0 0.0
72 1 13 1.0 25.320989780782124 25.320989780782124
73 0 100 0.0 0.0 0.0
74 2 154 9.541850352986048 315.16948038953416 3007.300017705306
75 0 100 0.0 0.0 0.0
76 2 28 9.541850352986048 122.22584512913716 1166.2607234894754
77 1 102 1.0 2.3948263510722025 2.3948263510722025
78 23 692 3602.4235623004615 155698198.89643174 560890860312.2494
79 0 100 0.0 0.0 0.0
80 47 1030 7902.318130854768 88997360761.33684 703285457542534.9
81 2 136 9.541850352986048 175.6210676402407 1675.7499462548174
82 1 9 1.0 15.931997307697284 15.931997307697284
83 0 6 0.0 6.0 0.0
84 2 134 9.541850352986048 161.72412498062124 1543.1473990327004
85 1 42 1.0 110.9598727978785 110.9598727978785
86 1 12 1.0 22.891970023971037 22.891970023971037
87 0 9 0.0 9.0 0.0
88 0 6 0.0 6.0 0.0
89 1 19 1.0 40.84402933782601 40.84402933782601
90 0 100 0.0 0.0 0.0
91 0 6 0.0 6.0 0.0
92 1 24 1.0 54.8222930413608 54.8222930413608
93 0 100 0.0 0.0 0.0
94 0 18 0.0 18.0 0.0
95 2 142 9.541850352986048 219.34644070399202 2092.9709126576195
96 0 100 0.0 0.0 0.0
97 0 100 0.0 0.0 0.0
98 0 18 0.0 18.0 0.0
99 0 100 0.0 0.0 0.0
100 9 257 604.9491004987461 155612.15660008733 94137434.16189285
101 51 953 8330.590095344352 131673229910.57619 1096915704915045.8
102 30 801 5146.386239304723 1322558855.2085567 6806398693115.924
103 11 271 942.9223974109915 371628.65873070306 350416985.8369857
104 3 155 32.9215577265747 578.9666715492328 19060.48469917088
105 24 649 3832.71054120725 167129601.49262455 640559385388.5491
106 47 985 7902.318130854768 75660504973.24141 597893380239673.0
107 12 367 1131.8354418063404 507621.6062484529 574544124.9786619
108 44 869 7528.2761260995885 28430190164.18684 214030321873519.12
109 30 756 5146.386239304723 1102891211.139213 5675904152456.966
110 29 625 4937.473672561782 486910648.7003165 2404108508847.7915
111 9 218 604.9491004987461 109157.05018253595 66034459.32102162
112 40 818 6955.50474228233 11061299680.624866 76936922384392.28
113 31 777 5350.621552679651 1501463336.194138 8033762087198.648
114 32 476 5549.980220652734 387718231.4688042 2151828515838.3215
115 39 834 6798.773358825962 9777939947.920475 66477997622121.836
116 40 926 6955.50474228233 16963644001.207623 117990706296788.81
117 43 1098 7393.130324549447 54248209655.57516 401064083857148.8
118 9 266 604.9491004987461 60684.51432254732 36711042.35362828
119 48 1019 8016.77096497358 101819033036.8812 816259867731754.9
120 47 1115 7902.318130854768 118722170289.54745 938180358813518.1
121 44 960 7528.2761260995885 40515441981.49069 305011434607629.4
122 30 697 5146.386239304723 854429903.2853787 4397226296718.3384
123 37 884 6468.923834840442 8051931142.387153 52087329283482.28
124 44 876 7528.2761260995885 29253184728.98265 220226052207581.16
125 33 763 5744.298091538941 2179016458.8422866 12516920085959.688
126 1 25 1.0 57.71571011139208 57.71571011139208
127 34 784 5933.442745663244 2934267907.314835 17410310628489.676
128 26 595 4285.277943143774 210644875.0 902671836673.7773
129 34 951 5933.442745663244 5518562361.938126 32744073812931.99
130 34 746 5933.442745663244 2494130633.565193 14798781314463.865
131 32 697 5549.980220652734 1317548903.5437605 7312370354410.567
132 40 1081 6955.50474228233 28926111918.500786 201195708624921.66
133 40 713 6955.50474228233 6887672760.097375 47907240546146.12
134 14 277 1540.4353185285338 1056022.3206510819 1626734079.8853908
135 46 1024 7782.801884860074 73054839770.31674 568571344662571.9
136 34 757 5933.442745663244 2616456599.283747 15524595428362.871
137 26 583 4285.277943143774 198155287.0 849150480698.4242
138 25 618 4060.496712466729 185477991.52144542 753132774807.761
139 33 811 5744.298091538941 2655206419.915515 15252297170562.637
140 32 794 5549.980220652734 2001123132.6210814 11106193805137.639
141 35 988 6117.310290426031 7735164590.588557 47318401948146.44
142 35 681 6117.310290426031 2263839581.4726796 13848609167616.582
143 15 348 1756.7778603087352 2537338.322495769 4457539789.073472
144 35 907 6117.310290426031 5831819754.540187 35675050996358.5
145 21 408 3136.7198300107975 20662004.69784938 64810919863.52042
146 40 905 6955.50474228233 15673522243.275965 109017258291373.56
147 37 917 6468.923834840442 9107786726.936565 58917578640523.37
148 46 1103 7782.801884860074 95526938637.64175 743467238083950.9
149 23 770 3602.4235623004615 211875146.6535177 763264020570.4979
150 29 712 4937.473672561782 729992770.0209823 3604320083139.048
151 24 611 3832.71054120725 140098639.58880144 536957532760.7947
152 47 753 7902.318130854768 28508002303.759266 225279303479446.34
153 26 678 4285.277943143774 311665752.0 1335574372678.9175
154 39 936 6798.773358825962 14508431532.490927 98639537781449.83
155 30 546 5146.386239304723 396793007.02702487 2042050071216.223
156 25 646 4060.496712466729 211496305.75282028 858780054208.1849
157 26 534 4285.277943143774 152273304.0 652533430960.8265
158 34 924 5933.442745663244 5022381193.524219 29800011258671.777
159 36 597 6295.82243666837 1778944199.918671 11199916807429.03
160 26 484 4285.277943143774 113379904.0 485864401806.95856
161 53 1214 8516.089422990353 454586084981.08435 3871295750146006.5
162 32 513 5549.980220652734 492940483.713617 2735809934569.5654
163 39 749 6798.773358825962 6770013502.243879 46027787437947.734
164 36 999 6295.82243666837 9890486746.268215 62268748366726.57
165 47 975 7902.318130854768 72906068368.2559 576126945915806.0
166 24 513 3832.71054120725 44574281.693042874 170840319311.66678
167 33 560 5744.298091538941 799949118.9579417 4595146197358.361
168 25 725 4060.496712466729 297673448.5402574 1208702059186.349
169 24 674 3832.71054120725 186660193.98984027 715414493128.651
170 29 668 4937.473672561782 598738584.4700058 2956255997567.562
171 36 1190 6295.82243666837 13224490507.367449 83259044049791.86
172 39 888 6798.773358825962 12117987626.311096 82387451436346.53
173 25 667 4060.496712466729 232520731.02221733 944149663896.0741
174 17 543 2206.0678959513543 8620645.595088685 19017729489.699608
175 22 531 3370.209833397988 56209060.38228988 189436328026.45462
176 42 958 7252.650449022947 27855447627.15234 202025824740801.6
177 43 818 7393.130324549447 19188179690.71166 141860713144304.2
178 40 962 6955.50474228233 19347983773.157486 134574992887798.47
179 29 674 4937.473672561782 615607608.5276259 3039546359733.873
180 29 828 4937.473672561782 1166806166.8805459 5761074729955.425
181 13 385 1331.5823725933528 1703445.2381306395 2268277651.7728457
182 42 761 7252.650449022947 12434760294.157232 90184969830912.17
183 34 594 5933.442745663244 1183693851.7399778 7023379697692.755
184 29 776 4937.473672561782 953832855.5991269 4709524612545.113
185 51 1034 8330.590095344352 178538360909.27148 1487329901029792.2
186 50 1006 8230.818941038662 136434353353.30373 1122966459788734.0
187 40 966 6955.50474228233 19626804179.577877 136514329546900.58
188 33 989 5744.298091538941 5049789249.186385 29007494746775.21
189 45 860 7658.1450374688 32692522268.412582 250364077172182.06
190 46 1196 7782.801884860074 127937113731.94847 995709209896566.2
191 33 799 5744.298091538941 2530024926.734322 14533217358185.914
192 19 594 2668.9360872348193 33823207.576942205 90271979288.13522
193 26 578 4285.277943143774 193100552.0 827489536294.4873
194 31 688 5350.621552679651 1020426535.9643868 5459916216257.285
195 37 896 6468.923834840442 8425330031.589018 54502818257743.17
196 21 510 3136.7198300107975 38611628.93938286 121113862163.18098
197 52 1402 8425.648590871551 660822369285.862 5567857064589824.0
198 34 890 5933.442745663244 4442733742.778769 26360706297003.996
199 46 1193 7782.801884860074 126782780553.2436 986725263457585.5
