0 3 55 32.9215577265747 578.9666715492328 19060.48469917088
1 0 100 0.0 0.0 0.0
2 2 130 9.541850352986048 135.01359299654277 1288.2794999919763
3 0 100 0.0 0.0 0.0
4 0 100 0.0 0.0 0.0
5 3 28 32.9215577265747 198.25318874016915 6526.8037975869875
6 1 27 1.0 63.59241768810072 63.59241768810072
7 0 100 0.0 0.0 0.0
8 2 28 9.541850352986048 122.22584512913716 1166.2607234894754
9 0 100 0.0 0.0 0.0
10 0 100 0.0 0.0 0.0
11 0 100 0.0 0.0 0.0
12 1 34 1.0 85.02419427196995 85.02419427196995
13 0 9 0.0 9.0 0.0
14 0 100 0.0 0.0 0.0
15 3 12 32.9215577265747 51.65274962739505 1700.488978594596
16 0 6 0.0 6.0 0.0
17 0 100 0.0 0.0 0.0
18 8 98 459.67273235884244 13864.912977319558 6373322.432202054
19 4 155 75.61186198841948 946.1899645328139 71543.18501308264
20 2 106 9.541850352986048 13.252209915340185 126.45060385853394
21 0 100 0.0 0.0 0.0
22 12 170 1131.8354418063404 175602.9947070889 198753693.09681442
23 4 66 75.61186198841948 1292.338741426653 97716.13855903981
24 0 100 0.0 0.0 0.0
25 0 9 0.0 9.0 0.0
26 0 100 0.0 0.0 0.0
27 6 140 225.58275470837765 1160.4609052104954 261779.96772876108
28 2 12 9.541850352986048 36.01211998010309 343.62225974392254
29 9 156 604.9491004987461 53081.564462536255 32111644.674677517
30 1 102 1.0 2.3948263510722025 2.3948263510722025
31 0 6 0.0 6.0 0.0
32 1 105 1.0 7.59708563275366 7.59708563275366
33 0 5 0.0 5.0 0.0
34 0 7 0.0 7.0 0.0
35 0 6 0.0 6.0 0.0
36 1 100 1.0 0.0 0.0
37 0 100 0.0 0.0 0.0
38 0 8 0.0 8.0 0.0
39 0 100 0.0 0.0 0.0
40 3 152 32.9215577265747 529.6457757489877 17436.763980956737
41 1 105 1.0 7.59708563275366 7.59708563275366
42 0 100 0.0 0.0 0.0
43 5 18 139.6884681067044 190.97719866698736 26677.31232510121
44 0 10 0.0 10.0 0.0
45 2 37 9.541850352986048 182.69988024795316 1743.2949168344405
46 2 24 9.541850352986048 97.86086952638261 933.7737724338355
47 0 10 0.0 10.0 0.0
48 0 5 0.0 5.0 0.0
49 11 116 942.9223974109915 53263.405056572745 50223257.5902163
50 5 48 139.6884681067044 1135.058052192084 158554.52052289192
51 2 12 9.541850352986048 36.01211998010309 343.62225974392254
52 1 14 1.0 27.799106543625292 27.799106543625292
53 0 100 0.0 0.0 0.0
54 0 10 0.0 10.0 0.0
55 0 10 0.0 10.0 0.0
56 0 100 0.0 0.0 0.0
57 0 5 0.0 5.0 0.0
58 5 173 139.6884681067044 11662.714966056832 1629146.7875736137
59 1 105 1.0 7.59708563275366 7.59708563275366
60 2 20 9.541850352986048 75.23327232919837 717.8646261306569
61 1 12 1.0 22.891970023971037 22.891970023971037
62 1 16 1.0 32.892441635375256 32.892441635375256
63 4 63 75.61186198841948 1193.5182370479756 90244.13622033325
64 3 56 32.9215577265747 595.765723501293 19613.535657762357
65 1 14 1.0 27.799106543625292 27.799106543625292
66 1 10 1.0 18.1937008646705 18.1937008646705
67 12 126 1131.8354418063404 86830.86347277788 98278248.72113758
68 1 103 1.0 3.9914906122521803 3.9914906122521803
69 11 188 942.9223974109915 160887.29862578577 151704237.33320403
70 1 8 1.0 13.734791927877684 13.734791927877684
71 3 64 32.9215577265747 736.4308795040106 24244.45171122346
72 1 15 1.0 30.323695983612147 30.323695983612147
73 0 5 0.0 5.0 0.0
74 0 10 0.0 10.0 0.0
75 13 234 1331.5823725933528 513035.32671345456 683148797.5693078
76 0 100 0.0 0.0 0.0
77 12 194 1131.8354418063404 239545.25146829078 271125805.5282238
78 1 9 1.0 15.931997307697284 15.931997307697284
79 0 100 0.0 0.0 0.0
80 7 156 332.66880679862265 3136.0 1043249.3781204807
81 1 10 1.0 18.1937008646705 18.1937008646705
82 0 100 0.0 0.0 0.0
83 9 113 604.9491004987461 26498.629929601415 16030322.340361528
84 3 64 32.9215577265747 736.4308795040106 24244.45171122346
85 1 11 1.0 20.51504931294799 20.51504931294799
86 0 100 0.0 0.0 0.0
87 4 142 75.61186198841948 596.6466987883373 45113.56784462985
88 2 26 9.541850352986048 109.8359986590007 1048.0386625749609
89 2 19 9.541850352986048 69.8685662777562 666.6754038000371
90 1 105 1.0 7.59708563275366 7.59708563275366
91 1 103 1.0 3.9914906122521803 3.9914906122521803
92 0 100 0.0 0.0 0.0
93 0 100 0.0 0.0 0.0
94 3 47 32.9215577265747 451.11773253603667 14851.498473166615
95 0 100 0.0 0.0 0.0
96 0 5 0.0 5.0 0.0
97 1 9 1.0 15.931997307697284 15.931997307697284
98 0 100 0.0 0.0 0.0
99 1 11 1.0 20.51504931294799 20.51504931294799
100 1 102 1.0 2.3948263510722025 2.3948263510722025
101 7 157 332.66880679862265 24649.0 8199953.41877925
102 4 166 75.61186198841948 1292.338741426653 97716.13855903981
103 9 111 604.9491004987461 25498.508505617654 15425299.784533028
104 4 60 75.61186198841948 1097.9836363389938 83020.58717640696
105 5 56 139.6884681067044 1501.9949206988383 209811.36957647165
106 8 97 459.67273235884244 13572.24668173896 6238791.71644318
107 2 14 9.541850352986048 44.97826169706515 429.17584225083993
108 1 101 1.0 1.0 1.0
109 0 100 0.0 0.0 0.0
110 1 100 1.0 0.0 0.0
111 0 100 0.0 0.0 0.0
112 11 157 942.9223974109915 106501.37495943412 100422531.80431657
113 0 100 0.0 0.0 0.0
114 9 81 604.9491004987461 12933.210020593257 7823933.768519261
115 4 170 75.61186198841948 1429.1350405139644 108059.56144615616
116 0 100 0.0 0.0 0.0
117 5 80 139.6884681067044 2871.732646582133 401147.9342130701
118 0 100 0.0 0.0 0.0
119 3 146 32.9215577265747 435.9769523615719 14353.040404627594
120 5 69 139.6884681067044 2194.8788310889477 306599.26159464906
121 1 24 1.0 54.8222930413608 54.8222930413608
122 3 36 32.9215577265747 295.444715883087 9726.500268956508
123 11 157 942.9223974109915 106501.37495943412 100422531.80431657
124 8 143 459.67273235884244 30428.435598390966 13987122.132917445
125 4 38 75.61186198841948 502.796158813779 38017.3537685349
126 5 159 139.6884681067044 1651.3976308733363 230681.20529173722
127 7 95 332.66880679862265 9025.0 3002335.9813575693
128 9 136 604.9491004987461 39497.557201796815 23894011.701124758
129 2 22 9.541850352986048 86.31942417916456 823.6470280735138
130 4 87 75.61186198841948 2072.675291085697 156718.8380563789
131 9 175 604.9491004987461 67995.31391785582 41133703.99273675
132 7 76 332.66880679862265 5776.0 1921495.0280688445
133 8 116 459.67273235884244 19689.9977613532 9050955.071100716
134 6 59 225.58275470837765 2440.720411610211 550584.4339239968
135 13 198 1331.5823725933528 342996.6210458748 456728254.4437691
136 6 68 225.58275470837765 3202.3105181925803 722386.0281254946
137 4 45 75.61186198841948 671.3571728121805 50762.565895610074
138 9 125 604.9491004987461 32934.84879335048 19923907.152599588
139 4 52 75.61186198841948 859.6554919481086 65000.15241476724
140 4 77 75.61186198841948 1682.1075637745857 127187.28496180048
141 3 29 32.9215577265747 209.61005902119368 6900.689658136957
142 9 91 604.9491004987461 16619.836032718053 10054154.858429436
143 9 139 604.9491004987461 41398.5782979627 25044032.703279447
144 5 69 139.6884681067044 2194.8788310889477 306599.26159464906
145 2 19 9.541850352986048 69.8685662777562 666.6754038000371
146 10 93 766.6651705632711 23870.795169837704 18300907.25036453
147 2 110 9.541850352986048 27.685321443873434 264.16919419175593
148 9 65 604.9491004987461 8050.139857713123 4869924.865812658
149 11 84 942.9223974109915 25438.98684945566 23986990.467795417
150 3 42 32.9215577265747 377.3528472077043 12423.04354263576
151 4 43 75.61186198841948 621.143248020611 46965.797544373054
152 10 128 766.6651705632711 48572.78656303952 37239063.695086055
153 5 50 139.6884681067044 1222.4564081968258 170763.0629882387
154 5 53 139.6884681067044 1358.9929081032851 189835.63750082318
155 8 153 459.67273235884244 35022.02902356311 16098671.774011938
156 9 101 604.9491004987461 20805.564213111866 12586307.356090926
157 8 235 459.67273235884244 26994.34596231654 12408564.76673793
158 4 142 75.61186198841948 596.6466987883373 45113.56784462985
159 9 155 604.9491004987461 52351.194230734116 31669807.859917752
160 9 115 604.9491004987461 27519.39696484649 16647834.440151809
161 6 78 225.58275470837765 4163.386850757332 939188.274710476
162 12 194 1131.8354418063404 239545.25146829078 271125805.5282238
163 9 141 604.9491004987461 42692.5615074584 25826826.68192435
164 1 102 1.0 2.3948263510722025 2.3948263510722025
165 6 81 225.58275470837765 4475.076918624486 1009500.1788351899
166 8 148 459.67273235884244 32683.32902098925 15023635.15366118
167 4 143 75.61186198841948 621.143248020611 46965.797544373054
168 10 113 766.6651705632711 36813.370582561554 28223529.036688462
169 2 35 9.541850352986048 168.62869283493262 1609.0297522505775
170 11 140 942.9223974109915 81923.15277315897 77247175.61633398
171 8 159 459.67273235884244 4825.258922157898 2218039.953087204
172 5 38 139.6884681067044 742.4330654268088 103709.33758123555
173 4 61 75.61186198841948 1129.4605717070829 85400.6168692773
174 4 31 75.61186198841948 354.97079584466536 26840.002825326264
175 11 211 942.9223974109915 209545.5587766108 197585200.6484677
176 4 71 75.61186198841948 1464.2230773075796 110712.63324163957
177 11 171 942.9223974109915 129504.5127612809 122112705.64840932
178 5 29 139.6884681067044 454.311276802203 63462.04630010069
179 12 133 1131.8354418063404 98602.0705884187 111601318.12746285
180 11 118 942.9223974109915 55389.275596865285 52227788.53665434
181 7 109 332.66880679862265 11881.0 3952438.093574436
182 4 89 75.61186198841948 2154.8151586700715 162929.58638791565
183 5 90 139.6884681067044 3557.085524945249 496883.82790413423
184 9 139 604.9491004987461 41398.5782979627 25044032.703279447
185 7 77 332.66880679862265 5929.0 1972393.3555090337
186 10 111 766.6651705632711 35379.980043554126 27124598.43461655
187 11 104 942.9223974109915 41481.41690305604 39113757.074234426
188 13 154 1331.5823725933528 187169.9580648578 249232216.83820173
189 10 171 766.6651705632711 92499.39491944655 70916064.38291687
190 7 149 332.66880679862265 22201.0 7385580.179736221
191 9 125 604.9491004987461 32934.84879335048 19923907.152599588
192 12 156 1131.8354418063404 143472.92176020972 162387737.7877135
193 7 221 332.66880679862265 14641.0 4870604.0003386345
194 7 81 332.66880679862265 6561.0 2182640.041405763
195 4 46 75.61186198841948 697.0692055589992 52706.70056710426
196 10 139 766.6651705632711 58347.49958109673 44732995.71828191
197 10 127 766.6651705632711 47732.874639030575 36595132.47660761
198 9 154 604.9491004987461 51626.24357981338 31231249.615737274
199 12 173 1131.8354418063404 182976.5500999565 207099344.42258427
