0 0 100 0.0 0.0 0.0
1 1 17 1.0 35.503281577765854 35.503281577765854
2 0 5 0.0 5.0 0.0
3 0 100 0.0 0.0 0.0
4 11 231 942.9223974109915 257822.36894367234 243106486.23054868
5 0 100 0.0 0.0 0.0
6 0 100 0.0 0.0 0.0
7 0 100 0.0 0.0 0.0
8 0 100 0.0 0.0 0.0
9 3 22 32.9215577265747 135.19579244279535 4450.856085295499
10 0 6 0.0 6.0 0.0
11 3 106 32.9215577265747 1640.486501007654 54007.37104259002
12 1 102 1.0 2.3948263510722025 2.3948263510722025
13 0 100 0.0 0.0 0.0
14 1 102 1.0 2.3948263510722025 2.3948263510722025
15 0 6 0.0 6.0 0.0
16 0 100 0.0 0.0 0.0
17 0 5 0.0 5.0 0.0
18 1 28 1.0 66.57403288693754 66.57403288693754
19 0 100 0.0 0.0 0.0
20 0 100 0.0 0.0 0.0
21 2 19 9.541850352986048 69.8685662777562 666.6754038000371
22 1 13 1.0 25.320989780782124 25.320989780782124
23 2 19 9.541850352986048 69.8685662777562 666.6754038000371
24 0 5 0.0 5.0 0.0
25 0 100 0.0 0.0 0.0
26 1 103 1.0 3.9914906122521803 3.9914906122521803
27 0 100 0.0 0.0 0.0
28 0 100 0.0 0.0 0.0
29 2 18 9.541850352986048 64.62733255388774 616.6643359418604
30 4 163 75.61186198841948 1193.5182370479756 90244.13622033325
31 0 100 0.0 0.0 0.0
32 0 6 0.0 6.0 0.0
33 0 100 0.0 0.0 0.0
34 0 100 0.0 0.0 0.0
35 7 124 332.66880679862265 15376.0 5115115.5733356215
36 0 100 0.0 0.0 0.0
37 18 367 2436.3877014920204 6975239.985816511 16994388916.398724
38 1 101 1.0 1.0 1.0
39 0 100 0.0 0.0 0.0
40 9 278 604.9491004987461 70531.46751771569 42667947.831698634
41 0 6 0.0 6.0 0.0
42 0 6 0.0 6.0 0.0
43 11 209 942.9223974109915 205026.02748631078 193323633.369044
44 0 100 0.0 0.0 0.0
45 0 100 0.0 0.0 0.0
46 0 100 0.0 0.0 0.0
47 0 100 0.0 0.0 0.0
48 2 41 9.541850352986048 211.85407612585806 2021.4798910630518
49 1 102 1.0 2.3948263510722025 2.3948263510722025
50 4 149 75.61186198841948 776.5950928818146 58719.80098386357
51 0 100 0.0 0.0 0.0
52 0 100 0.0 0.0 0.0
53 0 5 0.0 5.0 0.0
54 0 100 0.0 0.0 0.0
55 0 100 0.0 0.0 0.0
56 0 6 0.0 6.0 0.0
57 0 100 0.0 0.0 0.0
58 1 20 1.0 43.57075425423803 43.57075425423803
59 13 174 1331.5823725933528 251213.18992329275 334511055.46480274
60 7 242 332.66880679862265 20164.0 6707933.820287427
61 3 27 32.9215577265747 187.1321231368427 6160.680994346051
62 0 100 0.0 0.0 0.0
63 15 373 1756.7778603087352 1376401.6987329584 2418032031.225395
64 0 100 0.0 0.0 0.0
65 1 107 1.0 11.607984241186918 11.607984241186918
66 3 56 32.9215577265747 595.765723501293 19613.535657762357
67 0 100 0.0 0.0 0.0
68 1 33 1.0 81.88562674252243 81.88562674252243
69 0 100 0.0 0.0 0.0
70 0 100 0.0 0.0 0.0
71 0 100 0.0 0.0 0.0
72 0 6 0.0 6.0 0.0
73 3 54 32.9215577265747 562.3460860297637 18513.309133542207
74 5 121 139.6884681067044 252.7155168963687 35301.44342204771
75 0 14 0.0 14.0 0.0
76 2 47 9.541850352986048 257.9778488812911 2461.586028410529
77 21 318 3136.7198300107975 10277777.51734792 32238508547.104366
78 4 49 75.61186198841948 776.5950928818146 58719.80098386357
79 0 100 0.0 0.0 0.0
80 1 8 1.0 13.734791927877684 13.734791927877684
81 0 100 0.0 0.0 0.0
82 0 100 0.0 0.0 0.0
83 0 5 0.0 5.0 0.0
84 11 183 942.9223974109915 151258.56329001058 142625087.12635896
85 0 100 0.0 0.0 0.0
86 0 100 0.0 0.0 0.0
87 0 100 0.0 0.0 0.0
88 0 100 0.0 0.0 0.0
89 7 100 332.66880679862265 10000.0 3326688.0679862266
90 11 344 942.9223974109915 292252.52594963956 275571452.41785216
91 8 110 459.67273235884244 17630.632823740572 8104321.163304322
92 1 18 1.0 38.15436697768484 38.15436697768484
93 0 5 0.0 5.0 0.0
94 9 285 604.9491004987461 76643.16309111417 46365212.57134821
95 0 100 0.0 0.0 0.0
96 1 9 1.0 15.931997307697284 15.931997307697284
97 16 179 1979.1134619514044 620468.1955818884 1227976958.5888124
98 1 105 1.0 7.59708563275366 7.59708563275366
99 4 138 75.61186198841948 502.796158813779 38017.3537685349
100 11 175 942.9223974109915 136544.81137309276 128751160.89394824
101 19 274 2668.9360872348193 4140693.385441815 11051246002.580175
102 10 104 766.6651705632711 30608.495879073467 23466467.71381504
103 6 67 225.58275470837765 3112.8302065571443 702200.8129346088
104 21 313 3136.7198300107975 9831355.156027785 30838206673.79125
105 11 203 942.9223974109915 191799.3621175754 180851914.3498031
106 14 374 1540.4353185285338 2214353.7961414177 3411068795.293973
107 0 100 0.0 0.0 0.0
108 17 410 2206.0678959513543 7037700.930936342 15525646085.045624
109 0 100 0.0 0.0 0.0
110 9 182 604.9491004987461 73990.54056378055 44760510.95947503
111 10 288 766.6651705632711 114204.12207216918 87556322.72748822
112 1 105 1.0 7.59708563275366 7.59708563275366
113 0 100 0.0 0.0 0.0
114 0 100 0.0 0.0 0.0
115 0 100 0.0 0.0 0.0
116 7 156 332.66880679862265 3136.0 1043249.3781204807
117 7 117 332.66880679862265 13689.0 4553903.296266345
118 12 126 1131.8354418063404 86830.86347277788 98278248.72113758
119 2 132 9.541850352986048 148.1842032776824 1413.95149235211
120 0 100 0.0 0.0 0.0
121 13 206 1331.5823725933528 377354.19426054263 502478193.30150634
122 8 105 459.67273235884244 16004.538823908642 7356850.091329261
123 0 100 0.0 0.0 0.0
124 5 164 139.6884681067044 1914.4623288244568 267428.3099614821
125 2 45 9.541850352986048 242.29532664846576 2311.945748107533
126 8 119 459.67273235884244 20764.03051150532 9544658.640006023
127 11 163 942.9223974109915 116050.04572860713 109426187.33807343
128 12 172 1131.8354418063404 180499.32518890905 204295533.4709352
129 11 299 942.9223974109915 183256.63859483125 172796789.00531793
130 5 70 139.6884681067044 2253.023098877021 314721.345291151
131 8 101 459.67273235884244 14762.38290447426 6785864.885827147
132 16 300 1979.1134619514044 2340864.524934954 4632836493.903246
133 7 104 332.66880679862265 10816.0 3598145.8143339027
134 6 148 225.58275470837765 14176.248260386361 3197917.134007802
135 13 141 1331.5823725933528 151329.57708991828 201507797.30494207
136 16 192 1979.1134619514044 743036.9572680516 1470554444.8566113
137 1 9 1.0 15.931997307697284 15.931997307697284
138 12 176 1131.8354418063404 190524.93737518354 215642876.6691662
139 6 61 225.58275470837765 2601.435802251927 586839.054468988
140 0 100 0.0 0.0 0.0
141 10 112 766.6651705632711 36092.75916782261 27671061.363497786
142 13 199 1331.5823725933528 347186.6030127656 462307560.57236487
143 15 285 1756.7778603087352 1533986.1083700403 2694872833.205643
144 7 71 332.66880679862265 5041.0 1676983.4550718567
145 15 339 1756.7778603087352 2375219.3378292667 4172732746.0756297
146 6 135 225.58275470837765 11890.001118337372 2682179.2057602354
147 17 306 2206.0678959513543 3269136.366752304 7211936786.179311
148 9 274 604.9491004987461 67160.9800884193 40628974.49310345
149 13 216 1331.5823725933528 423024.6252555632 563292134.1632168
150 7 141 332.66880679862265 19881.0 6613788.547963417
151 12 196 1131.8354418063404 245392.4596504624 277743882.98442566
152 9 100 604.9491004987461 20364.295018889265 12319361.953968156
153 16 302 1979.1134619514044 2381201.772356499 4712668483.29329
154 11 284 942.9223974109915 413710.83082038333 390097208.432049
155 15 241 1756.7778603087352 1005325.7957397868 1766134100.3529193
156 12 365 1131.8354418063404 498726.0809052681 564475854.1217588
157 0 100 0.0 0.0 0.0
158 6 76 225.58275470837765 3961.5666745886283 893661.1234146099
159 11 210 942.9223974109915 207278.85551015017 195447875.3702373
160 0 100 0.0 0.0 0.0
161 2 24 9.541850352986048 97.86086952638261 933.7737724338355
162 9 190 604.9491004987461 81175.65618270171 49107140.19012088
163 14 206 1540.4353185285338 508729.9161000203 783665530.352529
164 0 100 0.0 0.0 0.0
165 9 106 604.9491004987461 23088.154186617474 13967158.1073706
166 19 299 2668.9360872348193 5248140.902351561 14006952645.17919
167 10 145 766.6651705632711 64097.25121371274 49141130.034397915
168 10 144 766.6651705632711 63118.28799319142 48390593.029961765
169 11 106 942.9223974109915 43330.424024524946 40857227.302039884
170 16 218 1979.1134619514044 1029983.1799632799 2038453577.0488431
171 8 111 459.67273235884244 17965.662675976404 8258325.250903347
172 1 102 1.0 2.3948263510722025 2.3948263510722025
173 10 161 766.6651705632711 80897.81870740736 62021539.97751105
174 5 150 139.6884681067044 1222.4564081968258 170763.0629882387
175 14 265 1540.4353185285338 946756.3646287718 1458416942.1158388
176 10 228 766.6651705632711 175388.11261416657 134463957.27211022
177 10 126 766.6651705632711 46901.01863245811 35957377.44944465
178 0 100 0.0 0.0 0.0
179 6 110 225.58275470837765 8036.070233330496 1812798.8602646885
180 9 163 604.9491004987461 58346.35307910868 35296573.81258904
181 15 246 1756.7778603087352 1058714.6940227023 1859926534.8426201
182 12 197 1131.8354418063404 248346.49062615685 281087359.9389104
183 11 329 942.9223974109915 252740.34468079347 238314531.7288941
184 8 96 459.67273235884244 13282.821141836259 6105750.687701672
185 10 152 766.6651705632711 71183.06768899111 54573578.73099724
186 10 150 766.6651705632711 69116.80200881512 52989444.80087609
187 4 59 75.61186198841948 1066.8769814059906 80668.55507669134
188 8 261 459.67273235884244 38938.82165695482 17899114.54588609
189 7 115 332.66880679862265 13225.0 4399544.969911785
190 1 106 1.0 9.55892689827884 9.55892689827884
191 10 154 766.6651705632711 73282.88036813155 56183431.976801366
192 10 110 766.6651705632711 34675.01749185232 26584128.199675366
193 5 81 139.6884681067044 2937.2940727723303 410306.1094044695
194 9 205 604.9491004987461 95614.26988135114 57841766.55956773
195 20 233 2902.6872563902634 3399033.8108617794 9866332126.82812
196 5 73 139.6884681067044 2431.5451615879456 339658.8187544891
197 3 18 32.9215577265747 98.31525163284788 3236.6912320335186
198 12 154 1131.8354418063404 139185.29395974262 157534848.68187064
199 19 318 2668.9360872348193 6203435.32437375 16556572402.048338
