0 1 105 1.0 7.59708563275366 7.59708563275366
1 0 100 0.0 0.0 0.0
2 0 100 0.0 0.0 0.0
3 2 13 9.541850352986048 40.41888428935346 385.6709453236695
4 0 100 0.0 0.0 0.0
5 0 100 0.0 0.0 0.0
6 1 35 1.0 88.18685030395203 88.18685030395203
7 4 36 75.61186198841948 458.3949685466225 34660.09709793311
8 0 100 0.0 0.0 0.0
9 1 13 1.0 25.320989780782124 25.320989780782124
10 0 100 0.0 0.0 0.0
11 0 100 0.0 0.0 0.0
12 0 100 0.0 0.0 0.0
13 6 125 225.58275470837765 10262.29633791766 2314997.077541162
14 0 100 0.0 0.0 0.0
15 0 100 0.0 0.0 0.0
16 0 100 0.0 0.0 0.0
17 1 20 1.0 43.57075425423803 43.57075425423803
18 0 5 0.0 5.0 0.0
19 1 9 1.0 15.931997307697284 15.931997307697284
20 1 6 1.0 9.55892689827884 9.55892689827884
21 3 149 32.9215577265747 481.96892224029307 15867.1676959488
22 1 105 1.0 7.59708563275366 7.59708563275366
23 1 16 1.0 32.892441635375256 32.892441635375256
24 7 82 332.66880679862265 6724.0 2236865.056913939
25 5 54 139.6884681067044 1405.9451433371921 196394.3233148333
26 0 5 0.0 5.0 0.0
27 5 50 139.6884681067044 1222.4564081968258 170763.0629882387
28 0 5 0.0 5.0 0.0
29 4 140 75.61186198841948 548.8883970182196 41502.47372238642
30 0 5 0.0 5.0 0.0
31 0 100 0.0 0.0 0.0
32 0 100 0.0 0.0 0.0
33 1 16 1.0 32.892441635375256 32.892441635375256
34 1 12 1.0 22.891970023971037 22.891970023971037
35 0 100 0.0 0.0 0.0
36 0 100 0.0 0.0 0.0
37 2 22 9.541850352986048 86.31942417916456 823.6470280735138
38 0 10 0.0 10.0 0.0
39 3 80 32.9215577265747 1049.4627962762117 34549.95002949981
40 0 5 0.0 5.0 0.0
41 2 19 9.541850352986048 69.8685662777562 666.6754038000371
42 0 10 0.0 10.0 0.0
43 0 100 0.0 0.0 0.0
44 2 12 9.541850352986048 36.01211998010309 343.62225974392254
45 0 6 0.0 6.0 0.0
46 0 100 0.0 0.0 0.0
47 0 5 0.0 5.0 0.0
48 1 5 1.0 7.59708563275366 7.59708563275366
49 0 100 0.0 0.0 0.0
50 5 200 139.6884681067044 4307.65770069211 601730.1053377293
51 0 100 0.0 0.0 0.0
52 1 104 1.0 5.735193251789799 5.735193251789799
53 2 25 9.541850352986048 103.79546451213633 990.4007896934788
54 0 100 0.0 0.0 0.0
55 0 5 0.0 5.0 0.0
56 7 217 332.66880679862265 47089.0 15665041.443340342
57 0 100 0.0 0.0 0.0
58 1 18 1.0 38.15436697768484 38.15436697768484
59 5 42 139.6884681067044 890.5118703159138 124394.2389952662
60 3 29 32.9215577265747 209.61005902119368 6900.689658136957
61 0 5 0.0 5.0 0.0
62 0 100 0.0 0.0 0.0
63 6 87 225.58275470837765 5130.584655325767 1157371.4198129189
64 0 100 0.0 0.0 0.0
65 3 47 32.9215577265747 451.11773253603667 14851.498473166615
66 2 50 9.541850352986048 282.0582186126376 2691.3573128316116
67 1 103 1.0 3.9914906122521803 3.9914906122521803
68 0 100 0.0 0.0 0.0
69 2 41 9.541850352986048 211.85407612585806 2021.4798910630518
70 0 5 0.0 5.0 0.0
71 5 73 139.6884681067044 2431.5451615879456 339658.8187544891
72 0 100 0.0 0.0 0.0
73 1 103 1.0 3.9914906122521803 3.9914906122521803
74 1 19 1.0 40.84402933782601 40.84402933782601
75 1 8 1.0 13.734791927877684 13.734791927877684
76 1 7 1.0 11.607984241186918 11.607984241186918
77 7 75 332.66880679862265 5625.0 1871262.0382422525
78 0 100 0.0 0.0 0.0
79 0 12 0.0 12.0 0.0
80 1 104 1.0 5.735193251789799 5.735193251789799
81 0 100 0.0 0.0 0.0
82 0 6 0.0 6.0 0.0
83 1 10 1.0 18.1937008646705 18.1937008646705
84 4 50 75.61186198841948 803.8922494719358 60783.78982063209
85 1 104 1.0 5.735193251789799 5.735193251789799
86 0 100 0.0 0.0 0.0
87 5 96 139.6884681067044 3999.6858182206656 558709.9848553553
88 2 23 9.541850352986048 92.0346545141889 878.1809006631623
89 0 5 0.0 5.0 0.0
90 5 76 139.6884681067044 2616.164871066153 365448.0631538047
91 5 75 139.6884681067044 2553.9502583266267 356757.3992063684
92 1 18 1.0 38.15436697768484 38.15436697768484
93 2 71 9.541850352986048 467.7098949010499 4462.817825756651
94 6 144 225.58275470837765 1392.5534457950612 314136.0423810934
95 0 100 0.0 0.0 0.0
96 5 34 139.6884681067044 606.571327772905 84731.01957404678
97 3 32 32.9215577265747 245.06238675558936 8067.83551218631
98 0 100 0.0 0.0 0.0
99 1 13 1.0 25.320989780782124 25.320989780782124
100 0 100 0.0 0.0 0.0
101 2 29 9.541850352986048 128.5709592386038 1226.8048527946264
102 5 60 139.6884681067044 1702.6102917613564 237835.0234388529
103 1 5 1.0 7.59708563275366 7.59708563275366
104 4 79 75.61186198841948 1757.505455801544 132888.25996796062
105 2 38 9.541850352986048 189.8638195218893 1811.6521533242187
106 5 64 139.6884681067044 1914.4623288244568 267428.3099614821
107 0 5 0.0 5.0 0.0
108 2 12 9.541850352986048 36.01211998010309 343.62225974392254
109 5 77 139.6884681067044 2679.0520099722326 374232.6712512085
110 3 26 32.9215577265747 176.25042831919396 5802.438650243859
111 6 165 225.58275470837765 2937.504168606418 662650.2823215784
112 4 74 75.61186198841948 1571.597319835911 118831.39964880285
113 4 154 75.61186198841948 916.9626779842689 69333.25545627807
114 4 131 75.61186198841948 4173.332506974218 315553.4415491192
115 6 89 225.58275470837765 5358.570280584671 1208801.0451927343
116 2 42 9.541850352986048 219.34644070399202 2092.9709126576195
117 11 115 942.9223974109915 52218.012143560736 49237533.198442556
118 7 175 332.66880679862265 30625.0 10187982.20820782
119 11 115 942.9223974109915 52218.012143560736 49237533.198442556
120 2 39 9.541850352986048 197.11162840858907 1880.8096611081503
121 2 19 9.541850352986048 69.8685662777562 666.6754038000371
122 3 135 32.9215577265747 282.5239294230334 9301.12785163911
123 12 181 1131.8354418063404 203496.96985951904 230325082.78720027
124 0 100 0.0 0.0 0.0
125 3 54 32.9215577265747 562.3460860297637 18513.309133542207
126 6 85 225.58275470837765 4907.334112484054 1107009.9473685443
127 1 19 1.0 40.84402933782601 40.84402933782601
128 4 43 75.61186198841948 621.143248020611 46965.797544373054
129 6 79 225.58275470837765 4266.090224510861 962356.3846796412
130 3 41 32.9215577265747 363.1907597716439 11956.805563580698
131 11 171 942.9223974109915 129504.5127612809 122112705.64840932
132 0 100 0.0 0.0 0.0
133 8 100 459.67273235884244 14459.978462742583 6646857.809818897
134 0 100 0.0 0.0 0.0
135 4 53 75.61186198841948 888.1171619831025 67152.19228141312
136 0 5 0.0 5.0 0.0
137 1 11 1.0 20.51504931294799 20.51504931294799
138 6 188 225.58275470837765 5243.986173197856 1182952.846602616
139 6 123 225.58275470837765 9950.49433314188 2244659.9223802467
140 7 90 332.66880679862265 8100.0 2694617.3350688433
141 7 66 332.66880679862265 4356.0 1449105.3224148003
142 6 213 225.58275470837765 8460.534002517481 1908550.5665917895
143 5 41 139.6884681067044 852.3594055446428 119064.77963687235
144 8 112 459.67273235884244 18303.96846388381 8413835.196803555
145 5 59 139.6884681067044 1651.3976308733363 230681.20529173722
146 0 100 0.0 0.0 0.0
147 4 54 75.61186198841948 916.9626779842689 69333.25545627807
148 4 88 75.61186198841948 2113.579549242958 159811.6851789044
149 0 100 0.0 0.0 0.0
150 9 155 604.9491004987461 52351.194230734116 31669807.859917752
151 3 27 32.9215577265747 187.1321231368427 6160.680994346051
152 6 169 225.58275470837765 3293.0002682054314 742844.0717572076
153 5 25 139.6884681067044 346.9169961441875 48460.30375156103
154 5 121 139.6884681067044 6090.769816183153 850810.3052131782
155 2 25 9.541850352986048 103.79546451213633 990.4007896934788
156 4 76 75.61186198841948 1644.92462809159 124375.81396061354
157 2 41 9.541850352986048 211.85407612585806 2021.4798910630518
158 5 62 139.6884681067044 1807.1402103142602 252436.6476328266
159 9 103 604.9491004987461 21703.328419167574 13129409.005004298
160 3 36 32.9215577265747 295.444715883087 9726.500268956508
161 5 198 139.6884681067044 4152.387807071904 580040.6917548318
162 5 159 139.6884681067044 1651.3976308733363 230681.20529173722
163 3 24 32.9215577265747 155.22039240905832 5110.09710903639
164 4 83 75.61186198841948 1912.3940233356846 144599.67295993603
165 5 45 139.6884681067044 1009.4539298642129 141009.0730870245
166 6 197 225.58275470837765 6317.679695554275 1425159.589088318
167 4 53 75.61186198841948 888.1171619831025 67152.19228141312
168 5 45 139.6884681067044 1009.4539298642129 141009.0730870245
169 3 36 32.9215577265747 295.444715883087 9726.500268956508
170 5 199 139.6884681067044 4229.702363015084 590840.6436368847
171 6 74 225.58275470837765 3764.5376458742294 849214.7723596997
172 7 142 332.66880679862265 20164.0 6707933.820287427
173 5 88 139.6884681067044 3414.7546568712237 477001.8469785762
174 7 92 332.66880679862265 8464.0 2815708.780743542
175 6 202 225.58275470837765 6955.268535289175 1568988.635927035
176 6 184 225.58275470837765 4797.4874870676995 1082230.443011704
177 7 115 332.66880679862265 13225.0 4399544.969911785
178 5 134 139.6884681067044 606.571327772905 84731.01957404678
179 6 71 225.58275470837765 3478.001961782023 784577.2634199304
180 5 99 139.6884681067044 4229.702363015084 590840.6436368847
181 7 100 332.66880679862265 10000.0 3326688.0679862266
182 6 121 225.58275470837765 9643.286769790522 2175359.1939721988
183 8 236 459.67273235884244 27411.939785516835 12600521.260464584
184 6 127 225.58275470837765 10578.68633606439 2386369.2048852793
185 5 41 139.6884681067044 852.3594055446428 119064.77963687235
186 2 28 9.541850352986048 122.22584512913716 1166.2607234894754
187 7 139 332.66880679862265 19321.0 6427494.016156188
188 3 70 32.9215577265747 849.0056290582019 27950.587827226456
189 9 122 604.9491004987461 31255.467204814257 18907966.771220442
190 5 109 139.6884681067044 5037.901195841188 703736.7005199897
191 5 99 139.6884681067044 4229.702363015084 590840.6436368847
192 3 132 32.9215577265747 245.06238675558936 8067.83551218631
193 5 86 139.6884681067044 3275.042744200361 457485.7039213258
194 7 131 332.66880679862265 17161.0 5708929.393471164
195 6 55 225.58275470837765 2133.9982456992793 481393.20280768874
196 4 51 75.61186198841948 831.5797944458234 62877.296649995835
197 12 199 1131.8354418063404 254315.5879600347 287843395.8569851
198 4 49 75.61186198841948 776.5950928818146 58719.80098386357
199 6 51 225.58275470837765 1846.9886924473915 416648.7971575071
