0 19 183 2668.9360872348193 1384321.9164168367 3694666719.074959
1 0 100 0.0 0.0 0.0
2 0 100 0.0 0.0 0.0
3 0 100 0.0 0.0 0.0
4 0 100 0.0 0.0 0.0
5 0 100 0.0 0.0 0.0
6 21 511 3136.7198300107975 38824143.733966686 121780461533.52275
7 21 631 3136.7198300107975 43233662.48742106 135611886448.28758
8 0 100 0.0 0.0 0.0
9 1 15 1.0 30.323695983612147 30.323695983612147
10 0 100 0.0 0.0 0.0
11 31 608 5350.621552679651 689196305.3798966 3687628605592.862
12 0 100 0.0 0.0 0.0
13 1 11 1.0 20.51504931294799 20.51504931294799
14 0 100 0.0 0.0 0.0
15 1 103 1.0 3.9914906122521803 3.9914906122521803
16 0 100 0.0 0.0 0.0
17 1 10 1.0 18.1937008646705 18.1937008646705
18 0 100 0.0 0.0 0.0
19 0 100 0.0 0.0 0.0
20 0 10 0.0 10.0 0.0
21 1 25 1.0 57.71571011139208 57.71571011139208
22 0 100 0.0 0.0 0.0
23 4 52 75.61186198841948 859.6554919481086 65000.15241476724
24 18 423 2436.3877014920204 10188986.021169122 24824320232.650562
25 8 223 459.67273235884244 22242.203710402715 10224134.553242799
26 1 18 1.0 38.15436697768484 38.15436697768484
27 1 120 1.0 43.57075425423803 43.57075425423803
28 0 5 0.0 5.0 0.0
29 7 125 332.66880679862265 15625.0 5197950.106228479
30 1 111 1.0 20.51504931294799 20.51504931294799
31 0 100 0.0 0.0 0.0
32 1 45 1.0 121.03674784737703 121.03674784737703
33 0 100 0.0 0.0 0.0
34 21 429 3136.7198300107975 23782027.062263392 74597555884.05501
35 0 100 0.0 0.0 0.0
36 1 32 1.0 78.7716859795011 78.7716859795011
37 4 145 75.61186198841948 671.3571728121805 50762.565895610074
38 27 549 4506.6139001521815 208427571.7162792 939302591871.5496
39 0 100 0.0 0.0 0.0
40 0 100 0.0 0.0 0.0
41 2 83 9.541850352986048 585.8542086076759 5590.1331872015135
42 6 114 225.58275470837765 8604.337363813209 1940990.124969204
43 1 12 1.0 22.891970023971037 22.891970023971037
44 0 100 0.0 0.0 0.0
45 26 378 4285.277943143774 54010152.0 231448513071.4426
46 34 805 5933.442745663244 3199270846.916415 18982690398048.105
47 1 109 1.0 15.931997307697284 15.931997307697284
48 41 946 7106.788070274764 22094128849.336163 157018291329575.75
49 1 100 1.0 0.0 0.0
50 0 100 0.0 0.0 0.0
51 0 100 0.0 0.0 0.0
52 0 100 0.0 0.0 0.0
53 3 144 32.9215577265747 406.27351121486885 13375.156852238497
54 0 8 0.0 8.0 0.0
55 1 102 1.0 2.3948263510722025 2.3948263510722025
56 1 105 1.0 7.59708563275366 7.59708563275366
57 1 7 1.0 11.607984241186918 11.607984241186918
58 8 188 459.67273235884244 53757.48635060659 24710850.635526508
59 0 11 0.0 11.0 0.0
60 5 98 139.6884681067044 4152.387807071904 580040.6917548318
61 20 446 2902.6872563902634 20385153.828411985 59171726237.28666
62 0 100 0.0 0.0 0.0
63 0 9 0.0 9.0 0.0
64 0 9 0.0 9.0 0.0
65 2 17 9.541850352986048 59.51335422080222 567.8675199791454
66 0 100 0.0 0.0 0.0
67 0 100 0.0 0.0 0.0
68 0 11 0.0 11.0 0.0
69 1 38 1.0 97.81435774219185 97.81435774219185
70 1 107 1.0 11.607984241186918 11.607984241186918
71 0 100 0.0 0.0 0.0
72 0 100 0.0 0.0 0.0
73 0 100 0.0 0.0 0.0
74 5 246 139.6884681067044 8568.21083325575 1196880.2457127648
75 0 100 0.0 0.0 0.0
76 4 200 75.61186198841948 2629.9766541734707 198857.43180812968
77 20 536 2902.6872563902634 33850003.63136613 98255974169.53061
78 0 100 0.0 0.0 0.0
79 0 100 0.0 0.0 0.0
80 1 103 1.0 3.9914906122521803 3.9914906122521803
81 1 112 1.0 22.891970023971037 22.891970023971037
82 13 389 1331.5823725933528 853323.878522873 1136271034.7540493
83 1 8 1.0 13.734791927877684 13.734791927877684
84 43 1039 7393.130324549447 44637891952.97219 330013752621480.44
85 1 18 1.0 38.15436697768484 38.15436697768484
86 0 100 0.0 0.0 0.0
87 1 125 1.0 57.71571011139208 57.71571011139208
88 3 164 32.9215577265747 736.4308795040106 24244.45171122346
89 0 100 0.0 0.0 0.0
90 1 113 1.0 25.320989780782124 25.320989780782124
91 0 6 0.0 6.0 0.0
92 0 100 0.0 0.0 0.0
93 1 15 1.0 30.323695983612147 30.323695983612147
94 2 15 9.541850352986048 49.68406405407534 474.0779041321602
95 0 100 0.0 0.0 0.0
96 0 100 0.0 0.0 0.0
97 1 53 1.0 148.74811262526265 148.74811262526265
98 1 7 1.0 11.607984241186918 11.607984241186918
99 8 280 459.67273235884244 49108.407894831784 22573796.038809877
100 34 766 5933.442745663244 2719590774.1725106 16136536150186.568
101 0 100 0.0 0.0 0.0
102 31 646 5350.621552679651 835472406.1965615 4470296663264.45
103 41 659 7106.788070274764 6288119840.668991 44688335068124.44
104 17 501 2206.0678959513543 11900809.019522058 26253992713.815926
105 16 287 1979.1134619514044 2088846.2416839032 4134063716.8632092
106 13 285 1331.5823725933528 825135.6459697201 1098736081.1717086
107 32 696 5549.980220652734 1311495252.480848 7278772710748.67
108 0 100 0.0 0.0 0.0
109 28 674 4724.12231882448 490387503.1652416 2316650548575.5283
110 41 724 7106.788070274764 8720220235.837063 61972757142215.43
111 43 921 7393.130324549447 29165474800.629322 215624156178415.38
112 30 720 5146.386239304723 946169668.5973161 4869354562516.738
113 48 1085 8016.77096497358 128104791310.97778 1026986771455846.4
114 22 646 3370.209833397988 98158398.40312497 330814399528.80914
115 43 1207 7393.130324549447 75770496133.23958 560181152668810.2
116 10 274 766.6651705632711 263942.13022908557 202355238.29091498
117 21 424 3136.7198300107975 23013489.02988361 72186867397.77187
118 42 771 7252.650449022947 13016694384.817642 94405534374842.16
119 41 1151 7106.788070274764 43689732629.50955 310493670644892.6
120 18 291 2436.3877014920204 3755399.2403282234 9149608523.32816
121 18 403 2436.3877014920204 8953653.439395523 21814571123.16498
122 36 851 6295.82243666837 5796626312.715019 36494529996573.46
123 25 723 4060.496712466729 189958989.84231946 771327853758.239
124 37 749 6468.923834840442 4612508488.361132 29837966098763.184
125 34 843 5933.442745663244 3720283266.2490196 22074087757937.605
126 46 1008 7782.801884860074 69018687930.61595 537158774516967.06
127 17 202 2206.0678959513543 1100854.0945971322 2428558876.2173285
128 38 1006 6636.579650383532 15221050645.033659 101015714968287.52
129 26 566 4285.277943143774 181321496.0 777013007426.6321
130 47 955 7902.318130854768 67616235259.10166 534325001828140.5
131 22 474 3370.209833397988 40696557.24208043 137155937402.70355
132 0 100 0.0 0.0 0.0
133 20 573 2902.6872563902634 40694851.56666441 118124427043.25014
134 38 878 6636.579650383532 9594277702.494001 63673188160500.16
135 41 930 7106.788070274764 20822162145.006115 147978693529456.25
136 34 831 5933.442745663244 3549838114.4184575 21062761208275.086
137 46 1117 7782.801884860074 99975546034.34592 778089868116022.5
138 36 870 6295.82243666837 6239219819.426136 39281020126449.04
139 27 410 4506.6139001521815 85891590.56597997 387080235950.8253
140 34 573 5933.442745663244 1052220266.1380067 6243288704956.403
141 23 567 3602.4235623004615 87641129.6956728 315720470642.3223
142 21 648 3136.7198300107975 75534219.77152422 236929685001.73367
143 19 682 2668.9360872348193 49212364.06642405 131344654395.01723
144 54 1150 8602.009448624298 436202734330.4815 3752220042226556.5
145 39 798 6798.773358825962 8408340353.651269 57166400388345.516
146 38 898 6636.579650383532 10355820337.72889 68727226516399.46
147 25 527 4060.496712466729 115705298.34947492 469820983563.02496
148 45 980 7658.1450374688 52204293447.94599 399788050802952.6
149 34 757 5933.442745663244 2616456599.283747 15524595428362.871
150 43 824 7393.130324549447 19689685430.42142 145568410436488.03
151 48 1145 8016.77096497358 155992738834.669 1250558059436481.0
152 51 1163 8330.590095344352 276892050433.4319 2306674172820336.5
153 23 698 3602.4235623004615 159624122.40948078 575033699679.4467
154 33 739 5744.298091538941 1964691545.5231667 11285773895411.418
155 1 122 1.0 49.12998068819353 49.12998068819353
156 55 1375 8683.506947919002 1015580105126.9083 8818796899037819.0
157 28 693 4724.12231882448 534112219.55572444 2523211457160.079
158 37 999 6468.923834840442 8520546309.562164 55118765107788.45
159 21 456 3136.7198300107975 28217859.580777142 88511519707.48383
160 16 478 1979.1134619514044 4240892.022309817 8393206492.035675
161 30 919 5146.386239304723 1418187600.4430065 7298541151672.474
162 18 685 2436.3877014920204 36877493.59359356 89847871853.28212
163 55 1009 8683.506947919002 310795100005.99774 2698791410281262.5
164 30 612 5146.386239304723 567867482.4158163 2922465397253.3735
165 51 1148 8330.590095344352 263795411084.53488 2197571438778118.0
166 22 501 3370.209833397988 47640834.42989473 160559608666.91666
167 49 1026 8126.242482129881 123925797997.4614 1007051084318816.9
168 30 634 5146.386239304723 634496135.0390925 3265362178257.2173
169 24 516 3832.71054120725 85474357.53383715 327598471122.855
170 20 445 2902.6872563902634 20259301.237591244 58806415525.7276
171 20 646 2902.6872563902634 56652415.950954944 164444245824.5574
172 46 899 7782.801884860074 45667265776.14476 355419282158985.4
173 21 688 3136.7198300107975 89337626.10676101 280227103375.1676
174 40 831 6955.50474228233 11679347631.64027 81235757838637.8
175 42 944 7252.650449022947 26455203984.07412 191870347054088.8
176 37 1040 6468.923834840442 13905669021.098497 89954713769986.44
177 43 951 7393.130324549447 32659883426.656303 241458774557862.62
178 22 820 3370.209833397988 193418940.59944925 651862415573.6852
179 20 593 2902.6872563902634 26875742.344171092 78011874808.45361
180 31 625 5350.621552679651 752256175.0415246 4025038103313.538
181 54 1259 8602.009448624298 615531777449.6313 5294810165550237.0
182 47 1136 7902.318130854768 127052077158.11818 1004005932889356.2
183 42 991 7252.650449022947 31364518872.063324 227475891880858.78
184 20 437 2902.6872563902634 19270282.159972668 55935602452.7973
185 44 1050 7528.2761260995885 55724732125.4604 419511170493398.3
186 22 633 3370.209833397988 92644471.49387088 312231308838.6032
187 45 1151 7658.1450374688 92892236959.5904 711382223491463.0
188 49 798 8126.242482129881 49098707635.97111 398988003809103.2
189 31 793 5350.621552679651 1601838084.3688822 8570829378127.227
190 28 649 4724.12231882448 436623091.09509474 2062660889556.4712
191 36 724 6295.82243666837 3382854667.7262163 21297852317059.035
192 36 756 6295.82243666837 3907268241.5564356 24599467061272.773
193 48 1218 8016.77096497358 195581035508.72073 1567928366765779.0
194 45 1028 7658.1450374688 61960586070.40856 474503154733757.8
195 39 724 6798.773358825962 6027931715.2992115 40982541554798.36
196 42 943 7252.650449022947 26357152837.71137 191159216363393.8
197 49 1189 8126.242482129881 213337310861.25485 1733630718544077.8
198 28 722 4724.12231882448 605803710.3850601 2861890829056.7437
199 42 1162 7252.650449022947 54781914241.37771 397314074921064.6
