0 0 100 0.0 0.0 0.0
1 0 100 0.0 0.0 0.0
2 3 148 32.9215577265747 466.4489382157433 15356.225645969067
3 0 6 0.0 6.0 0.0
4 0 6 0.0 6.0 0.0
5 0 10 0.0 10.0 0.0
6 0 100 0.0 0.0 0.0
7 0 100 0.0 0.0 0.0
8 3 20 32.9215577265747 116.21344721391306 3825.92771105708
9 0 10 0.0 10.0 0.0
10 0 5 0.0 5.0 0.0
11 0 10 0.0 10.0 0.0
12 0 100 0.0 0.0 0.0
13 1 103 1.0 3.9914906122521803 3.9914906122521803
14 3 144 32.9215577265747 406.27351121486885 13375.156852238497
15 0 100 0.0 0.0 0.0
16 0 100 0.0 0.0 0.0
17 1 15 1.0 30.323695983612147 30.323695983612147
18 0 100 0.0 0.0 0.0
19 0 6 0.0 6.0 0.0
20 3 23 32.9215577265747 145.08021796711313 4776.266770788355
21 0 6 0.0 6.0 0.0
22 5 76 139.6884681067044 2616.164871066153 365448.0631538047
23 4 45 75.61186198841948 671.3571728121805 50762.565895610074
24 0 5 0.0 5.0 0.0
25 0 6 0.0 6.0 0.0
26 0 100 0.0 0.0 0.0
27 0 100 0.0 0.0 0.0
28 0 10 0.0 10.0 0.0
29 0 100 0.0 0.0 0.0
30 0 100 0.0 0.0 0.0
31 5 69 139.6884681067044 2194.8788310889477 306599.26159464906
32 0 100 0.0 0.0 0.0
33 0 100 0.0 0.0 0.0
34 1 6 1.0 9.55892689827884 9.55892689827884
35 0 100 0.0 0.0 0.0
36 1 123 1.0 51.960050539976365 51.960050539976365
37 2 118 9.541850352986048 64.62733255388774 616.6643359418604
38 0 100 0.0 0.0 0.0
39 2 117 9.541850352986048 59.51335422080222 567.8675199791454
40 2 125 9.541850352986048 103.79546451213633 990.4007896934788
41 0 100 0.0 0.0 0.0
42 0 100 0.0 0.0 0.0
43 0 100 0.0 0.0 0.0
44 1 103 1.0 3.9914906122521803 3.9914906122521803
45 0 100 0.0 0.0 0.0
46 1 115 1.0 30.323695983612147 30.323695983612147
47 6 88 225.58275470837765 5243.986173197856 1182952.846602616
48 1 16 1.0 32.892441635375256 32.892441635375256
49 4 98 75.61186198841948 2540.672540836771 192104.981515517
50 0 100 0.0 0.0 0.0
51 0 100 0.0 0.0 0.0
52 1 20 1.0 43.57075425423803 43.57075425423803
53 0 100 0.0 0.0 0.0
54 8 168 459.67273235884244 42543.16912271199 19555934.79384136
55 1 103 1.0 3.9914906122521803 3.9914906122521803
56 0 100 0.0 0.0 0.0
57 1 105 1.0 7.59708563275366 7.59708563275366
58 2 38 9.541850352986048 189.8638195218893 1811.6521533242187
59 0 100 0.0 0.0 0.0
60 3 174 32.9215577265747 927.3002957027797 30528.17021484885
61 1 104 1.0 5.735193251789799 5.735193251789799
62 0 5 0.0 5.0 0.0
63 5 90 139.6884681067044 3557.085524945249 496883.82790413423
64 0 8 0.0 8.0 0.0
65 0 100 0.0 0.0 0.0
66 3 160 32.9215577265747 664.7206420100937 21883.638987981092
67 1 18 1.0 38.15436697768484 38.15436697768484
68 8 88 459.67273235884244 11083.755846199128 5094900.334620647
69 8 153 459.67273235884244 35022.02902356311 16098671.774011938
70 1 11 1.0 20.51504931294799 20.51504931294799
71 8 145 459.67273235884244 31320.350759055804 14397111.211852526
72 0 6 0.0 6.0 0.0
73 8 77 459.67273235884244 8395.737272637343 3859291.4922801834
74 0 100 0.0 0.0 0.0
75 0 8 0.0 8.0 0.0
76 0 5 0.0 5.0 0.0
77 5 177 139.6884681067044 2679.0520099722326 374232.6712512085
78 0 100 0.0 0.0 0.0
79 4 174 75.61186198841948 1571.597319835911 118831.39964880285
80 1 128 1.0 66.57403288693754 66.57403288693754
81 0 6 0.0 6.0 0.0
82 0 100 0.0 0.0 0.0
83 2 119 9.541850352986048 69.8685662777562 666.6754038000371
84 2 112 9.541850352986048 36.01211998010309 343.62225974392254
85 0 18 0.0 18.0 0.0
86 1 102 1.0 2.3948263510722025 2.3948263510722025
87 7 142 332.66880679862265 20164.0 6707933.820287427
88 1 111 1.0 20.51504931294799 20.51504931294799
89 3 34 32.9215577265747 269.81820202916316 8882.83551378369
90 3 21 32.9215577265747 125.57185196799401 4134.020973397207
91 1 115 1.0 30.323695983612147 30.323695983612147
92 1 10 1.0 18.1937008646705 18.1937008646705
93 0 100 0.0 0.0 0.0
94 0 100 0.0 0.0 0.0
95 9 144 604.9491004987461 44673.607750369876 27025258.82462007
96 1 10 1.0 18.1937008646705 18.1937008646705
97 0 100 0.0 0.0 0.0
98 0 100 0.0 0.0 0.0
99 2 25 9.541850352986048 103.79546451213633 990.4007896934788
100 4 139 75.61186198841948 525.6324972119714 39744.05183581987
101 4 79 75.61186198841948 1757.505455801544 132888.25996796062
102 0 100 0.0 0.0 0.0
103 0 100 0.0 0.0 0.0
104 0 100 0.0 0.0 0.0
105 1 105 1.0 7.59708563275366 7.59708563275366
106 4 189 75.61186198841948 2154.8151586700715 162929.58638791565
107 1 102 1.0 2.3948263510722025 2.3948263510722025
108 0 100 0.0 0.0 0.0
109 0 100 0.0 0.0 0.0
110 1 124 1.0 54.8222930413608 54.8222930413608
111 8 158 459.67273235884244 37444.75893656286 17212334.652888034
112 3 163 32.9215577265747 718.2490844189361 23645.87869475743
113 5 51 139.6884681067044 1267.2460047423704 177019.65311680315
114 0 100 0.0 0.0 0.0
115 3 89 32.9215577265747 1242.9788737846095 40920.80074621283
116 1 105 1.0 7.59708563275366 7.59708563275366
117 6 76 225.58275470837765 3961.5666745886283 893661.1234146099
118 2 54 9.541850352986048 315.16948038953416 3007.300017705306
119 1 104 1.0 5.735193251789799 5.735193251789799
120 6 100 225.58275470837765 6696.723465418967 1510665.3268494436
121 5 82 139.6884681067044 3003.520233876968 419557.14039776416
122 1 100 1.0 0.0 0.0
123 5 100 139.6884681067044 4307.65770069211 601730.1053377293
124 0 17 0.0 17.0 0.0
125 0 100 0.0 0.0 0.0
126 3 140 32.9215577265747 349.23013798641597 11497.20014757944
127 4 155 75.61186198841948 946.1899645328139 71543.18501308264
128 3 172 32.9215577265747 887.8335628861327 29228.863892146303
129 1 103 1.0 3.9914906122521803 3.9914906122521803
130 3 168 32.9215577265747 810.8239638778247 26693.587932893923
131 0 100 0.0 0.0 0.0
132 6 118 225.58275470837765 9191.104391557652 2073354.6474598425
133 2 30 9.541850352986048 135.01359299654277 1288.2794999919763
134 6 89 225.58275470837765 5358.570280584671 1208801.0451927343
135 5 91 139.6884681067044 3629.2296992039956 506961.5370891617
136 1 24 1.0 54.8222930413608 54.8222930413608
137 6 76 225.58275470837765 3961.5666745886283 893661.1234146099
138 9 140 604.9491004987461 42042.90237411894 25433815.97357985
139 2 31 9.541850352986048 141.5519192260369 1350.6672304328126
140 2 10 9.541850352986048 27.685321443873434 264.16919419175593
141 5 91 139.6884681067044 3629.2296992039956 506961.5370891617
142 0 100 0.0 0.0 0.0
143 4 177 75.61186198841948 1682.1075637745857 127187.28496180048
144 3 141 32.9215577265747 363.1907597716439 11956.805563580698
145 5 60 139.6884681067044 1702.6102917613564 237835.0234388529
146 4 103 75.61186198841948 2766.3252371383346 209167.00204558554
147 2 29 9.541850352986048 128.5709592386038 1226.8048527946264
148 4 58 75.61186198841948 1036.142416344768 78344.65738500807
149 3 71 32.9215577265747 868.3392862126454 28587.081937302275
150 6 69 225.58275470837765 3293.0002682054314 742844.0717572076
151 3 21 32.9215577265747 125.57185196799401 4134.020973397207
152 10 90 766.6651705632711 22191.999458763104 17013833.050192636
153 10 108 766.6651705632711 33288.478681365275 25521117.18604072
154 3 58 32.9215577265747 629.8939717412368 20737.090752300537
155 5 209 139.6884681067044 5037.901195841188 703736.7005199897
156 3 137 32.9215577265747 308.57807572808247 10158.870933237406
157 2 68 9.541850352986048 439.47602925740523 4193.414504898678
158 4 58 75.61186198841948 1036.142416344768 78344.65738500807
159 4 188 75.61186198841948 2113.579549242958 159811.6851789044
160 8 157 459.67273235884244 36953.48006693682 16986507.15253687
161 1 102 1.0 2.3948263510722025 2.3948263510722025
162 3 37 32.9215577265747 308.57807572808247 10158.870933237406
163 4 47 75.61186198841948 723.181183304868 54681.07582466957
164 6 77 225.58275470837765 4061.8785529685815 916289.7532695315
165 9 150 604.9491004987461 48780.52804290304 29509736.561408054
166 3 138 32.9215577265747 321.92161897300775 10598.16116245226
167 2 24 9.541850352986048 97.86086952638261 933.7737724338355
168 5 124 139.6884681067044 6367.950129749906 889529.1986046539
169 5 90 139.6884681067044 3557.085524945249 496883.82790413423
170 2 146 9.541850352986048 250.0988923255542 2386.406204018009
171 1 37 1.0 94.5824071263594 94.5824071263594
172 3 156 32.9215577265747 595.765723501293 19613.535657762357
173 4 142 75.61186198841948 596.6466987883373 45113.56784462985
174 0 100 0.0 0.0 0.0
175 0 100 0.0 0.0 0.0
176 4 111 75.61186198841948 3143.78687811244 237707.57954884192
177 3 134 32.9215577265747 269.81820202916316 8882.83551378369
178 2 51 9.541850352986048 290.23003402420613 2769.3315526010238
179 2 12 9.541850352986048 36.01211998010309 343.62225974392254
180 4 136 75.61186198841948 458.3949685466225 34660.09709793311
181 2 29 9.541850352986048 128.5709592386038 1226.8048527946264
182 3 137 32.9215577265747 308.57807572808247 10158.870933237406
183 2 75 9.541850352986048 506.1815384350477 4829.908491191481
184 3 171 32.9215577265747 868.3392862126454 28587.081937302275
185 5 194 139.6884681067044 3849.5614363989175 537739.3399332094
186 3 112 32.9215577265747 51.65274962739505 1700.488978594596
187 7 232 332.66880679862265 53824.0 17905565.857129067
188 3 125 32.9215577265747 165.61186212092687 5452.200479019623
189 9 117 604.9491004987461 28560.865627887746 17277869.97105625
190 4 138 75.61186198841948 4561.858041658262 344930.580656626
191 3 45 32.9215577265747 421.0282951259743 13860.907322511091
192 4 215 75.61186198841948 3339.979032026364 252542.03361379233
193 3 153 32.9215577265747 545.90532331836 17972.053614869816
194 9 158 604.9491004987461 54558.58518037661 33005167.029353052
195 4 153 75.61186198841948 888.1171619831025 67152.19228141312
196 4 147 75.61186198841948 723.181183304868 54681.07582466957
197 3 139 32.9215577265747 335.47304520277595 11044.29522335299
198 6 91 225.58275470837765 5591.281626292221 1261296.7116093368
199 5 110 139.6884681067044 5122.201821660722 715512.5258011569
