0 0 100 0.0 0.0 0.0
1 4 150 75.61186198841948 803.8922494719358 60783.78982063209
2 2 52 9.541850352986048 298.47302352672085 2847.984924895254
3 1 105 1.0 7.59708563275366 7.59708563275366
4 0 100 0.0 0.0 0.0
5 0 5 0.0 5.0 0.0
6 0 100 0.0 0.0 0.0
7 1 105 1.0 7.59708563275366 7.59708563275366
8 9 115 604.9491004987461 27519.39696484649 16647834.440151809
9 0 5 0.0 5.0 0.0
10 2 19 9.541850352986048 69.8685662777562 666.6754038000371
11 0 5 0.0 5.0 0.0
12 0 100 0.0 0.0 0.0
13 0 100 0.0 0.0 0.0
14 5 53 139.6884681067044 1358.9929081032851 189835.63750082318
15 1 105 1.0 7.59708563275366 7.59708563275366
16 10 138 766.6651705632711 57418.05598112961 44020423.68218418
17 0 100 0.0 0.0 0.0
18 5 71 139.6884681067044 2311.8500842163953 322938.7967565438
19 0 100 0.0 0.0 0.0
20 1 14 1.0 27.799106543625292 27.799106543625292
21 0 100 0.0 0.0 0.0
22 0 6 0.0 6.0 0.0
23 2 24 9.541850352986048 97.86086952638261 933.7737724338355
24 2 28 9.541850352986048 122.22584512913716 1166.2607234894754
25 3 39 32.9215577265747 335.47304520277595 11044.29522335299
26 2 126 9.541850352986048 109.8359986590007 1048.0386625749609
27 2 19 9.541850352986048 69.8685662777562 666.6754038000371
28 4 54 75.61186198841948 916.9626779842689 69333.25545627807
29 3 32 32.9215577265747 245.06238675558936 8067.83551218631
30 6 82 225.58275470837765 4581.357643139669 1033475.277443727
31 5 91 139.6884681067044 3629.2296992039956 506961.5370891617
32 0 100 0.0 0.0 0.0
33 1 9 1.0 15.931997307697284 15.931997307697284
34 3 37 32.9215577265747 308.57807572808247 10158.870933237406
35 0 100 0.0 0.0 0.0
36 6 127 225.58275470837765 10578.68633606439 2386369.2048852793
37 13 194 1331.5823725933528 326533.42327590974 434806150.49676543
38 1 18 1.0 38.15436697768484 38.15436697768484
39 3 59 32.9215577265747 647.2206215128941 21307.511052966296
40 0 100 0.0 0.0 0.0
41 2 22 9.541850352986048 86.31942417916456 823.6470280735138
42 0 100 0.0 0.0 0.0
43 0 100 0.0 0.0 0.0
44 0 100 0.0 0.0 0.0
45 0 100 0.0 0.0 0.0
46 0 9 0.0 9.0 0.0
47 8 136 459.67273235884244 27411.939785516835 12600521.260464584
48 3 38 32.9215577265747 321.92161897300775 10598.16116245226
49 0 100 0.0 0.0 0.0
50 0 100 0.0 0.0 0.0
51 0 100 0.0 0.0 0.0
52 2 103 9.541850352986048 4.87672116324372 46.53294355291162
53 0 9 0.0 9.0 0.0
54 2 33 9.541850352986048 154.90879557685506 1478.1165457556579
55 0 10 0.0 10.0 0.0
56 2 33 9.541850352986048 154.90879557685506 1478.1165457556579
57 0 10 0.0 10.0 0.0
58 0 100 0.0 0.0 0.0
59 5 70 139.6884681067044 2253.023098877021 314721.345291151
60 0 100 0.0 0.0 0.0
61 1 14 1.0 27.799106543625292 27.799106543625292
62 0 5 0.0 5.0 0.0
63 0 100 0.0 0.0 0.0
64 0 100 0.0 0.0 0.0
65 0 14 0.0 14.0 0.0
66 0 100 0.0 0.0 0.0
67 0 6 0.0 6.0 0.0
68 0 100 0.0 0.0 0.0
69 6 70 225.58275470837765 3384.897920195671 763574.5972443977
70 0 5 0.0 5.0 0.0
71 2 22 9.541850352986048 86.31942417916456 823.6470280735138
72 4 71 75.61186198841948 1464.2230773075796 110712.63324163957
73 0 100 0.0 0.0 0.0
74 0 100 0.0 0.0 0.0
75 5 50 139.6884681067044 1222.4564081968258 170763.0629882387
76 4 43 75.61186198841948 621.143248020611 46965.797544373054
77 1 16 1.0 32.892441635375256 32.892441635375256
78 0 100 0.0 0.0 0.0
79 2 31 9.541850352986048 141.5519192260369 1350.6672304328126
80 2 118 9.541850352986048 64.62733255388774 616.6643359418604
81 2 20 9.541850352986048 75.23327232919837 717.8646261306569
82 0 100 0.0 0.0 0.0
83 0 100 0.0 0.0 0.0
84 0 100 0.0 0.0 0.0
85 2 37 9.541850352986048 182.69988024795316 1743.2949168344405
86 0 100 0.0 0.0 0.0
87 1 11 1.0 20.51504931294799 20.51504931294799
88 0 5 0.0 5.0 0.0
89 0 100 0.0 0.0 0.0
90 1 114 1.0 27.799106543625292 27.799106543625292
91 4 157 75.61186198841948 1005.7817905983286 76049.03394118624
92 0 100 0.0 0.0 0.0
93 1 22 1.0 49.12998068819353 49.12998068819353
94 1 10 1.0 18.1937008646705 18.1937008646705
95 6 102 225.58275470837765 6955.268535289175 1568988.635927035
96 0 5 0.0 5.0 0.0
97 0 5 0.0 5.0 0.0
98 0 100 0.0 0.0 0.0
99 1 13 1.0 25.320989780782124 25.320989780782124
100 10 131 766.6651705632711 51140.99905783681 39208022.76545254
101 4 82 75.61186198841948 1873.1633591984112 141633.36939747448
102 4 143 75.61186198841948 621.143248020611 46965.797544373054
103 11 124 942.9223974109915 62049.63588533698 58507991.42748104
104 0 10 0.0 10.0 0.0
105 5 168 139.6884681067044 2137.419079796989 298572.7969588832
106 7 57 332.66880679862265 3249.0 1080840.953288725
107 2 33 9.541850352986048 154.90879557685506 1478.1165457556579
108 5 83 139.6884681067044 3070.409639894098 428900.8190568644
109 4 149 75.61186198841948 776.5950928818146 58719.80098386357
110 1 103 1.0 3.9914906122521803 3.9914906122521803
111 1 106 1.0 9.55892689827884 9.55892689827884
112 1 114 1.0 27.799106543625292 27.799106543625292
113 3 51 32.9215577265747 513.5688732735056 16907.48730804564
114 1 105 1.0 7.59708563275366 7.59708563275366
115 11 132 942.9223974109915 71598.24265355882 67511586.6133076
116 1 11 1.0 20.51504931294799 20.51504931294799
117 3 58 32.9215577265747 629.8939717412368 20737.090752300537
118 5 177 139.6884681067044 2679.0520099722326 374232.6712512085
119 1 28 1.0 66.57403288693754 66.57403288693754
120 1 108 1.0 13.734791927877684 13.734791927877684
121 4 60 75.61186198841948 1097.9836363389938 83020.58717640696
122 10 166 766.6651705632711 86591.68420024101 66386828.33673868
123 9 198 604.9491004987461 88718.69751620591 53670296.25984911
124 6 37 225.58275470837765 999.6822450411888 225511.07466944677
125 9 115 604.9491004987461 27519.39696484649 16647834.440151809
126 2 28 9.541850352986048 122.22584512913716 1166.2607234894754
127 7 179 332.66880679862265 6241.0 2076186.023230204
128 5 81 139.6884681067044 2937.2940727723303 410306.1094044695
129 6 65 225.58275470837765 2937.504168606418 662650.2823215784
130 5 79 139.6884681067044 2806.8374672292675 392082.8260217585
131 6 115 225.58275470837765 8749.296958158795 1973690.5095830902
132 0 100 0.0 0.0 0.0
133 7 88 332.66880679862265 7744.0 2576187.2398485336
134 4 181 75.61186198841948 1834.2709028460106 138692.63835536616
135 4 47 75.61186198841948 723.181183304868 54681.07582466957
136 9 124 604.9491004987461 32369.82111547107 19582094.16710954
137 2 12 9.541850352986048 36.01211998010309 343.62225974392254
138 5 174 139.6884681067044 2492.4098028308917 348160.9072515804
139 7 196 332.66880679862265 9216.0 3065875.723456106
140 1 15 1.0 30.323695983612147 30.323695983612147
141 1 106 1.0 9.55892689827884 9.55892689827884
142 3 23 32.9215577265747 145.08021796711313 4776.266770788355
143 8 107 459.67273235884244 16645.17504715694 7651333.094517854
144 2 128 9.541850352986048 122.22584512913716 1166.2607234894754
145 5 75 139.6884681067044 2553.9502583266267 356757.3992063684
146 4 70 75.61186198841948 1429.1350405139644 108059.56144615616
147 9 150 604.9491004987461 48780.52804290304 29509736.561408054
148 5 77 139.6884681067044 2679.0520099722326 374232.6712512085
149 7 77 332.66880679862265 5929.0 1972393.3555090337
150 0 5 0.0 5.0 0.0
151 6 90 225.58275470837765 5474.33581455389 1234915.7532457968
152 3 40 32.9215577265747 349.23013798641597 11497.20014757944
153 2 126 9.541850352986048 109.8359986590007 1048.0386625749609
154 9 129 604.9491004987461 35247.44879474361 21322912.44325576
155 1 111 1.0 20.51504931294799 20.51504931294799
156 0 100 0.0 0.0 0.0
157 0 100 0.0 0.0 0.0
158 5 109 139.6884681067044 5037.901195841188 703736.7005199897
159 6 160 225.58275470837765 2520.4667612931225 568573.8351634055
160 6 168 225.58275470837765 3202.3105181925803 722386.0281254946
161 9 226 604.9491004987461 33505.118966499955 20268891.580887627
162 6 127 225.58275470837765 10578.68633606439 2386369.2048852793
163 7 209 332.66880679862265 11881.0 3952438.093574436
164 4 81 75.61186198841948 1834.2709028460106 138692.63835536616
165 6 141 225.58275470837765 12921.36097430879 2914836.2031659037
166 8 216 459.67273235884244 19689.9977613532 9050955.071100716
167 8 167 459.67273235884244 42018.11591959734 19314582.153331883
168 7 80 332.66880679862265 6400.0 2129080.363511185
169 8 125 459.67273235884244 23001.09948770076 10572978.24876898
170 10 178 766.6651705632711 101132.1594107808 77534504.24409819
171 12 127 1131.8354418063404 88459.94504660563 100122100.98398948
172 9 123 604.9491004987461 31810.029433802327 19243448.692817356
173 7 90 332.66880679862265 8100.0 2694617.3350688433
174 12 224 1131.8354418063404 335907.49192777043 380192004.5321278
175 4 162 75.61186198841948 1161.3060165688764 87808.51025112707
176 6 75 225.58275470837765 3862.4525781644106 871302.6925128031
177 6 87 225.58275470837765 5130.584655325767 1157371.4198129189
178 7 98 332.66880679862265 9604.0 3194951.220493972
179 5 163 139.6884681067044 1860.4532693243248 259883.86717602485
180 5 164 139.6884681067044 1914.4623288244568 267428.3099614821
181 7 93 332.66880679862265 8649.0 2877252.5100012873
182 5 166 139.6884681067044 2024.56047903646 282807.7519059787
183 6 102 225.58275470837765 6955.268535289175 1568988.635927035
184 4 48 75.61186198841948 749.6906189831174 56685.50361656424
185 11 159 942.9223974109915 109632.99624762133 103375407.65715733
186 4 79 75.61186198841948 1757.505455801544 132888.25996796062
187 6 212 225.58275470837765 8317.887761606735 1876372.0346183486
188 5 68 139.6884681067044 2137.419079796989 298572.7969588832
189 7 148 332.66880679862265 21904.0 7286777.544117031
190 6 107 225.58275470837765 7622.045029127996 1719401.9141819899
191 5 75 139.6884681067044 2553.9502583266267 356757.3992063684
192 9 104 604.9491004987461 22159.83881577813 13405574.55880218
193 6 159 225.58275470837765 2440.720411610211 550584.4339239968
194 5 93 139.6884681067044 3775.468945982596 527389.4734487426
195 6 179 225.58275470837765 4266.090224510861 962356.3846796412
196 5 171 139.6884681067044 2311.8500842163953 322938.7967565438
197 7 181 332.66880679862265 6561.0 2182640.041405763
198 4 69 75.61186198841948 1394.4010936602072 105433.26305033677
199 5 156 139.6884681067044 1501.9949206988383 209811.36957647165
