0 0 100 0.0 0.0 0.0
1 6 133 225.58275470837765 803.1795959199522 181183.46577318446
2 0 9 0.0 9.0 0.0
3 8 171 459.67273235884244 7092.062323978532 3260027.666522414
4 5 106 139.6884681067044 4788.781200314608 668937.5099701327
5 1 120 1.0 43.57075425423803 43.57075425423803
6 1 30 1.0 72.61998620345668 72.61998620345668
7 21 411 3136.7198300107975 21090534.633618135 66155098210.799515
8 4 27 75.61186198841948 280.28354879760207 21192.761009308724
9 0 100 0.0 0.0 0.0
10 3 29 32.9215577265747 209.61005902119368 6900.689658136957
11 0 100 0.0 0.0 0.0
12 23 579 3602.4235623004615 93098769.92464739 335381202397.7393
13 19 402 2668.9360872348193 11720795.162188651 31282053179.452576
14 0 13 0.0 13.0 0.0
15 0 100 0.0 0.0 0.0
16 0 100 0.0 0.0 0.0
17 6 81 225.58275470837765 4475.076918624486 1009500.1788351899
18 5 73 139.6884681067044 2431.5451615879456 339658.8187544891
19 0 10 0.0 10.0 0.0
20 10 180 766.6651705632711 103676.69639096252 79485312.12201375
21 4 48 75.61186198841948 749.6906189831174 56685.50361656424
22 2 12 9.541850352986048 36.01211998010309 343.62225974392254
23 1 16 1.0 32.892441635375256 32.892441635375256
24 0 100 0.0 0.0 0.0
25 7 108 332.66880679862265 11664.0 3880248.9624991347
26 2 115 9.541850352986048 49.68406405407534 474.0779041321602
27 0 100 0.0 0.0 0.0
28 3 156 32.9215577265747 595.765723501293 19613.535657762357
29 0 100 0.0 0.0 0.0
30 0 100 0.0 0.0 0.0
31 0 8 0.0 8.0 0.0
32 0 100 0.0 0.0 0.0
33 29 533 4937.473672561782 296876224.8323748 1465818544119.383
34 0 7 0.0 7.0 0.0
35 0 100 0.0 0.0 0.0
36 0 100 0.0 0.0 0.0
37 0 100 0.0 0.0 0.0
38 3 132 32.9215577265747 245.06238675558936 8067.83551218631
39 1 104 1.0 5.735193251789799 5.735193251789799
40 1 18 1.0 38.15436697768484 38.15436697768484
41 0 100 0.0 0.0 0.0
42 2 137 9.541850352986048 182.69988024795316 1743.2949168344405
43 3 138 32.9215577265747 321.92161897300775 10598.16116245226
44 0 100 0.0 0.0 0.0
45 1 105 1.0 7.59708563275366 7.59708563275366
46 0 100 0.0 0.0 0.0
47 1 107 1.0 11.607984241186918 11.607984241186918
48 3 23 32.9215577265747 145.08021796711313 4776.266770788355
49 0 100 0.0 0.0 0.0
50 8 168 459.67273235884244 42543.16912271199 19555934.79384136
51 7 211 332.66880679862265 12321.0 4098812.36856583
52 0 100 0.0 0.0 0.0
53 0 100 0.0 0.0 0.0
54 0 100 0.0 0.0 0.0
55 0 100 0.0 0.0 0.0
56 1 10 1.0 18.1937008646705 18.1937008646705
57 0 100 0.0 0.0 0.0
58 1 13 1.0 25.320989780782124 25.320989780782124
59 0 100 0.0 0.0 0.0
60 9 217 604.9491004987461 108081.13642872094 65383586.263436995
61 1 106 1.0 9.55892689827884 9.55892689827884
62 3 39 32.9215577265747 335.47304520277595 11044.29522335299
63 0 100 0.0 0.0 0.0
64 0 10 0.0 10.0 0.0
65 2 109 9.541850352986048 23.78240930402918 226.9281906125095
66 5 93 139.6884681067044 3775.468945982596 527389.4734487426
67 0 100 0.0 0.0 0.0
68 1 112 1.0 22.891970023971037 22.891970023971037
69 0 100 0.0 0.0 0.0
70 10 320 766.6651705632711 161994.92378026844 124195865.8703836
71 31 655 5350.621552679651 872989066.2245158 4671034112994.578
72 4 70 75.61186198841948 1429.1350405139644 108059.56144615616
73 0 100 0.0 0.0 0.0
74 1 27 1.0 63.59241768810072 63.59241768810072
75 0 100 0.0 0.0 0.0
76 1 15 1.0 30.323695983612147 30.323695983612147
77 1 114 1.0 27.799106543625292 27.799106543625292
78 16 315 1979.1134619514044 2653749.5571873826 5252071473.277127
79 0 10 0.0 10.0 0.0
80 5 161 139.6884681067044 1754.5251914699081 245086.93625105367
81 24 394 3832.71054120725 38839800.641951844 148861713338.79697
82 14 280 1540.4353185285338 1084452.875593297 1670529510.8437448
83 11 229 942.9223974109915 252740.34468079347 238314531.7288941
84 1 19 1.0 40.84402933782601 40.84402933782601
85 0 9 0.0 9.0 0.0
86 22 358 3370.209833397988 18319077.917930473 61739136537.79322
87 0 11 0.0 11.0 0.0
88 0 8 0.0 8.0 0.0
89 8 137 459.67273235884244 27832.86327038359 12794008.308867292
90 18 447 2436.3877014920204 11805515.733790213 28762813343.57702
91 0 100 0.0 0.0 0.0
92 0 6 0.0 6.0 0.0
93 0 100 0.0 0.0 0.0
94 0 100 0.0 0.0 0.0
95 18 361 2436.3877014920204 6675079.372143912 16263081288.774504
96 8 199 459.67273235884244 60507.20551762382 27813512.487684168
97 9 128 604.9491004987461 34661.412576405404 20968390.360112377
98 0 100 0.0 0.0 0.0
99 1 103 1.0 3.9914906122521803 3.9914906122521803
100 22 367 3370.209833397988 19659349.089296576 66256131618.951096
101 7 137 332.66880679862265 18769.0 6243860.834803348
102 10 179 766.6651705632711 102400.07810093557 78506573.34294605
103 9 288 604.9491004987461 79345.91287443922 48000238.621643886
104 23 381 3602.4235623004615 27840425.870867122 100293006141.69107
105 7 174 332.66880679862265 5476.0 1821694.3860292577
106 21 349 3136.7198300107975 5178986.925768588 16245030989.424988
107 4 90 75.61186198841948 2196.381035229248 166072.4597097358
108 7 36 332.66880679862265 1296.0 431138.77361101494
109 23 504 3602.4235623004615 62396260.12579229 224777757676.5829
110 18 280 2436.3877014920204 3388445.661567987 8255567337.018236
111 0 100 0.0 0.0 0.0
112 22 419 3370.209833397988 28656811.964646764 96579469477.08965
113 5 80 139.6884681067044 2871.732646582133 401147.9342130701
114 37 742 6468.923834840442 4469174757.299492 28910751109561.934
115 24 486 3832.71054120725 71741773.32725309 274965450876.26404
116 0 100 0.0 0.0 0.0
117 2 111 9.541850352986048 31.76494829034237 303.0963830567869
118 31 599 5350.621552679651 657325558.7442261 3517100301744.0503
119 16 248 1979.1134619514044 1434859.9927956641 2839750727.757394
120 9 246 604.9491004987461 141616.39552420322 85670711.0882414
121 16 244 1979.1134619514044 1376104.8014888435 2723467537.682535
122 11 248 942.9223974109915 303337.3471427242 286023578.59210765
123 29 553 4937.473672561782 332877685.30267966 1643574807365.2869
124 3 127 32.9215577265747 187.1321231368427 6160.680994346051
125 1 109 1.0 15.931997307697284 15.931997307697284
126 33 666 5744.298091538941 1402685906.4651983 8057445975536.607
127 3 147 32.9215577265747 451.11773253603667 14851.498473166615
128 26 537 4285.277943143774 154854153.0 663593086255.1112
129 3 11 32.9215577265747 44.98915580191157 1481.1130898024949
130 17 388 2206.0678959513543 6090577.389605472 13436227247.015835
131 33 705 5744.298091538941 1686658175.2068913 9688667336919.498
132 18 270 2436.3877014920204 3075070.4995178157 7492063946.24613
133 16 277 1979.1134619514044 1906791.7567046778 3773757234.832195
134 33 627 5744.298091538941 1153615112.186112 6626709087301.164
135 0 100 0.0 0.0 0.0
136 24 457 3832.71054120725 59929706.55215566 229693218033.9042
137 15 335 1756.7778603087352 2305229.7124239686 4049776521.7123003
138 7 206 332.66880679862265 11236.0 3737866.7131893244
139 1 104 1.0 5.735193251789799 5.735193251789799
140 15 334 1756.7778603087352 2287929.280007916 4019383505.0700116
141 34 681 5933.442745663244 1851024084.4877615 10982945426151.855
142 38 715 6636.579650383532 4781402571.964183 31732159009388.977
143 19 477 2668.9360872348193 18647365.11744134 49768625693.78295
144 33 585 5744.298091538941 921532804.4888424 5293559130115.785
145 0 100 0.0 0.0 0.0
146 30 569 5146.386239304723 451706529.9235493 2324656269802.641
147 15 228 1756.7778603087352 874225.5521357385 1535820094.9082453
148 25 497 4060.496712466729 97262449.01084337 394933854454.9924
149 31 510 5350.621552679651 394456840.3386307 2110589271517.7935
150 12 182 1131.8354418063404 206150.43298129964 233328366.39195767
151 11 195 942.9223974109915 174932.4872505101 164947760.2633187
152 29 640 4937.473672561782 524147637.60352015 2587965161202.835
153 13 278 1331.5823725933528 777133.5494315446 1034817335.5739498
154 17 287 2206.0678959513543 2763585.0131305465 6096656175.199601
155 17 251 2206.0678959513543 1945020.81997725 4290847987.9087896
156 25 469 4060.496712466729 81910399.58791773 332596908243.57605
157 4 174 75.61186198841948 1571.597319835911 118831.39964880285
158 8 122 459.67273235884244 21867.711360392437 10051990.63146609
159 27 549 4506.6139001521815 113183205.55558212 510073007420.568
160 24 439 3832.71054120725 53286001.146122046 204229818291.5236
161 26 560 4285.277943143774 175616000.0 752563371263.137
162 17 244 2206.0678959513543 1806056.5395150175 3984283350.097079
163 16 231 1979.1134619514044 1195396.4764019994 2365825258.816471
164 20 351 2902.6872563902634 10527114.337398842 30556920633.73085
165 36 563 6295.82243666837 1463201630.6353257 9212057655523.629
166 8 167 459.67273235884244 42018.11591959734 19314582.153331883
167 23 419 3602.4235623004615 36624701.66704359 131937688247.58282
168 20 383 2902.6872563902634 13392126.71436302 38873155549.74515
169 11 202 942.9223974109915 189643.12073882896 178818746.05955872
170 12 183 1131.8354418063404 208823.67119914887 236354032.15131062
171 8 133 459.67273235884244 26169.13941804069 12029239.819770252
172 21 460 3136.7198300107975 28916929.247523844 90704305393.72725
173 26 433 4285.277943143774 81182737.0 347890592230.14197
174 20 296 2902.6872563902634 6578190.535202945 19094429836.640633
175 16 223 1979.1134619514044 1091825.0736413943 2160845701.339767
176 9 157 604.9491004987461 53817.35966039549 32556763.317773756
177 18 433 2436.3877014920204 10844477.935537692 26421352671.24561
178 18 360 2436.3877014920204 6625853.170980919 16143147177.669817
179 11 186 942.9223974109915 156995.63646857248 148034701.92201084
180 33 619 5744.298091538941 1106608424.372866 6356688660205.968
181 27 460 4506.6139001521815 121815083.2812503 548973547563.4782
182 22 426 3370.209833397988 30039391.801577915 101239053638.9728
183 35 683 6117.310290426031 2285866991.2873626 13983357668347.375
184 36 652 6295.82243666837 2386147765.4261317 15022762638775.934
185 37 646 6468.923834840442 2804998367.8354077 18145320798379.008
186 28 538 4724.12231882448 245373881.42550755 1159176229698.8318
187 7 255 332.66880679862265 24025.0 7992368.083336909
188 19 330 2668.9360872348193 6859597.067999331 18307826158.673573
189 29 444 4937.473672561782 168280742.8391636 830881737367.5099
190 22 366 3370.209833397988 19507392.046930376 65744004500.51446
191 24 445 3832.71054120725 55443629.063049816 212499381552.7357
192 33 403 5744.298091538941 275535127.0125809 1582755904250.3079
193 14 231 1540.4353185285338 674789.6362210688 1039469788.2119555
194 23 406 3602.4235623004615 33441912.18461817 120471932422.2514
195 26 510 4285.277943143774 132651000.0 568446404435.9647
196 15 294 1756.7778603087352 1658996.69209108 2914488658.991037
197 20 387 2902.6872563902634 13781558.815566681 40003555147.1383
198 25 511 4060.496712466729 105605434.61968456 428810520091.84924
199 23 499 3602.4235623004615 60627366.66139045 218405454181.22244
