0 0 100 0.0 0.0 0.0
1 0 100 0.0 0.0 0.0
2 2 16 9.541850352986048 54.53075711894446 520.3243240639966
3 30 889 5146.386239304723 1834944519.6994524 9443333226068.875
4 2 28 9.541850352986048 122.22584512913716 1166.2607234894754
5 0 100 0.0 0.0 0.0
6 0 100 0.0 0.0 0.0
7 0 6 0.0 6.0 0.0
8 0 100 0.0 0.0 0.0
9 1 19 1.0 40.84402933782601 40.84402933782601
10 0 100 0.0 0.0 0.0
11 0 100 0.0 0.0 0.0
12 1 109 1.0 15.931997307697284 15.931997307697284
13 14 262 1540.4353185285338 920542.5000537641 1418036179.289373
14 0 6 0.0 6.0 0.0
15 2 107 9.541850352986048 16.551687764173284 157.9337277350917
16 1 10 1.0 18.1937008646705 18.1937008646705
17 0 100 0.0 0.0 0.0
18 0 100 0.0 0.0 0.0
19 0 100 0.0 0.0 0.0
20 0 100 0.0 0.0 0.0
21 4 163 75.61186198841948 1193.5182370479756 90244.13622033325
22 19 447 2668.9360872348193 7861674.857273578 20982307732.684097
23 0 100 0.0 0.0 0.0
24 0 100 0.0 0.0 0.0
25 0 100 0.0 0.0 0.0
26 0 100 0.0 0.0 0.0
27 0 100 0.0 0.0 0.0
28 1 114 1.0 27.799106543625292 27.799106543625292
29 7 195 332.66880679862265 9025.0 3002335.9813575693
30 14 365 1540.4353185285338 2085247.4572720302 3212188831.053655
31 1 9 1.0 15.931997307697284 15.931997307697284
32 1 9 1.0 15.931997307697284 15.931997307697284
33 0 100 0.0 0.0 0.0
34 6 203 225.58275470837765 7086.292798564201 1598545.450170251
35 26 560 4285.277943143774 175616000.0 752563371263.137
36 9 214 604.9491004987461 104887.63073855339 63451677.868732505
37 5 189 139.6884681067044 3485.593399577667 486897.20242984424
38 0 100 0.0 0.0 0.0
39 0 100 0.0 0.0 0.0
40 8 160 459.67273235884244 38437.428033367876 17668637.56894458
41 7 103 332.66880679862265 10609.0 3529283.3713265876
42 27 435 4506.6139001521815 102803376.76274386 463295126701.56323
43 3 23 32.9215577265747 145.08021796711313 4776.266770788355
44 0 100 0.0 0.0 0.0
45 0 5 0.0 5.0 0.0
46 0 8 0.0 8.0 0.0
47 0 100 0.0 0.0 0.0
48 25 634 4060.496712466729 200068358.91566306 812376913645.6635
49 23 504 3602.4235623004615 62396260.12579229 224777757676.5829
50 0 100 0.0 0.0 0.0
51 4 137 75.61186198841948 480.38255499420245 36322.61944986597
52 0 100 0.0 0.0 0.0
53 0 100 0.0 0.0 0.0
54 0 5 0.0 5.0 0.0
55 0 100 0.0 0.0 0.0
56 0 100 0.0 0.0 0.0
57 0 100 0.0 0.0 0.0
58 0 100 0.0 0.0 0.0
59 0 5 0.0 5.0 0.0
60 20 625 2902.6872563902634 51715529.31613676 150114007903.42725
61 3 65 32.9215577265747 754.7803226662346 24848.54396353912
62 0 7 0.0 7.0 0.0
63 0 10 0.0 10.0 0.0
64 0 100 0.0 0.0 0.0
65 1 102 1.0 2.3948263510722025 2.3948263510722025
66 15 309 1756.7778603087352 1880624.9917681168 3303840349.081525
67 1 104 1.0 5.735193251789799 5.735193251789799
68 0 100 0.0 0.0 0.0
69 10 163 766.6651705632711 83149.79614194512 63748052.641465575
70 19 472 2668.9360872348193 18121546.877992757 48365250419.192345
71 1 29 1.0 69.58346013935528 69.58346013935528
72 0 100 0.0 0.0 0.0
73 0 100 0.0 0.0 0.0
74 3 29 32.9215577265747 209.61005902119368 6900.689658136957
75 0 100 0.0 0.0 0.0
76 0 100 0.0 0.0 0.0
77 17 371 2206.0678959513543 5415824.245013857 11947675997.040052
78 0 6 0.0 6.0 0.0
79 1 10 1.0 18.1937008646705 18.1937008646705
80 0 100 0.0 0.0 0.0
81 11 177 942.9223974109915 140143.84535523065 132144770.64474933
82 1 9 1.0 15.931997307697284 15.931997307697284
83 14 153 1540.4353185285338 244293.76643817127 376318745.9177196
84 2 37 9.541850352986048 182.69988024795316 1743.2949168344405
85 1 37 1.0 94.5824071263594 94.5824071263594
86 1 13 1.0 25.320989780782124 25.320989780782124
87 0 100 0.0 0.0 0.0
88 0 9 0.0 9.0 0.0
89 0 100 0.0 0.0 0.0
90 7 158 332.66880679862265 24964.0 8304744.092920816
91 0 100 0.0 0.0 0.0
92 0 100 0.0 0.0 0.0
93 0 100 0.0 0.0 0.0
94 0 100 0.0 0.0 0.0
95 9 105 604.9491004987461 22621.44489281392 13684822.739889735
96 0 6 0.0 6.0 0.0
97 9 124 604.9491004987461 32369.82111547107 19582094.16710954
98 0 100 0.0 0.0 0.0
99 3 131 32.9215577265747 233.0178128969552 7671.309378607293
100 11 175 942.9223974109915 136544.81137309276 128751160.89394824
101 15 239 1756.7778603087352 984435.2604830556 1729434070.5238948
102 0 100 0.0 0.0 0.0
103 0 100 0.0 0.0 0.0
104 24 532 3832.71054120725 93457458.29983327 358195385580.20795
105 20 462 2902.6872563902634 22467004.265607283 65214686971.043945
106 20 340 2902.6872563902634 9641805.940194605 27987147231.190823
107 21 350 3136.7198300107975 13445554.584447855 42174937690.530174
108 18 323 2436.3877014920204 4960896.285159671 12086666697.540472
109 25 476 4060.496712466729 85585475.95125794 347519543734.9832
110 12 226 1131.8354418063404 343002.1415770093 388221980.45233524
111 0 100 0.0 0.0 0.0
112 2 121 9.541850352986048 80.71796600694597 770.1987524356932
113 10 114 766.6651705632711 37541.82989714119 28782013.421349064
114 31 606 5350.621552679651 682024445.7959039 3649254699129.958
115 7 189 332.66880679862265 7921.0 2635069.61865189
116 38 871 6636.579650383532 9337340793.302397 61968005897526.71
117 20 365 2902.6872563902634 11726589.720755808 34038622543.354942
118 27 497 4506.6139001521815 154072835.15817797 694346780559.7006
119 19 337 2668.9360872348193 7261780.728929458 19381228645.026203
120 16 437 1979.1134619514044 3156808.4623465315 6247682124.6321335
121 20 311 2902.6872563902634 7539402.047786283 21884526244.9119
122 22 377 3370.209833397988 21221305.363337778 71520252013.06244
123 26 600 4285.277943143774 216000000.0 925620035719.0552
124 13 238 1331.5823725933528 534427.2179083251 711633862.8008324
125 21 492 3136.7198300107975 34913396.02706196 109513541651.10545
126 5 219 139.6884681067044 5909.069866509522 825428.9175882034
127 18 270 2436.3877014920204 3075070.4995178157 7492063946.24613
128 19 366 2668.9360872348193 9085696.343535515 24249142848.91938
129 23 441 3602.4235623004615 42450307.32509759 152923987334.82745
130 31 760 5350.621552679651 1399629391.3499227 7488887187120.799
131 34 604 5933.442745663244 1250133051.32665 7417592884507.967
132 22 566 3370.209833397988 67397494.2360463 227143697820.70746
133 31 764 5350.621552679651 1423150601.3780706 7614740280442.512
134 7 238 332.66880679862265 19044.0 6335344.75667297
135 20 270 2902.6872563902634 5104441.965596979 14816598644.522017
136 23 432 3602.4235623004615 39999135.29322216 144093827451.94748
137 17 325 2206.0678959513543 3828218.357814258 8445309617.865649
138 21 424 3136.7198300107975 23013489.02988361 72186867397.77187
139 28 519 4724.12231882448 219712293.75991756 1037947750671.3472
140 38 755 6636.579650383532 5750778425.141724 38165499070160.22
141 12 252 1131.8354418063404 443094.5319892783 501510095.3760584
142 23 752 3602.4235623004615 197900954.7469167 712923062382.0502
143 10 177 766.6651705632711 99872.9294110967 76569096.46161199
144 18 320 2436.3877014920204 4838896.4937262535 11789427906.107504
145 24 452 3832.71054120725 58032580.27186338 222422082141.42667
146 23 500 3602.4235623004615 60978488.91190093 219670345249.70935
147 4 206 75.61186198841948 2905.522977389894 219692.00237058633
148 9 168 604.9491004987461 62270.66628220907 37670583.55487998
149 24 400 3832.71054120725 40594721.89835189 155587818537.1901
150 16 462 1979.1134619514044 7104685.491447633 14060978699.05484
151 9 196 604.9491004987461 86799.25518659604 52509131.3490924
152 10 210 766.6651705632711 146072.84146951008 111988959.91988361
153 17 294 2206.0678959513543 2943743.8970408603 6494098905.164571
154 24 387 3832.71054120725 36856387.30798228 141259864146.1208
155 23 359 3602.4235623004615 23451344.20888826 84481674945.71754
156 24 433 3832.71054120725 51184371.57394695 196174880476.53522
157 17 260 2206.0678959513543 2133146.1858255807 4705865317.920896
158 28 431 4724.12231882448 124150606.06904508 586502649026.3618
159 19 341 2668.9360872348193 7498132.400639471 20012036150.93133
160 15 251 1756.7778603087352 1113778.5999793487 1956661585.729379
161 20 461 2902.6872563902634 22333093.37423352 64825985533.16147
162 13 340 1331.5823725933528 1262479.4825844606 1681095424.7702446
163 27 464 4506.6139001521815 125060192.56460476 563598002167.3563
164 5 101 139.6884681067044 4386.2526434047795 612708.9124861964
165 17 360 2206.0678959513543 5005042.618306142 11041463838.11349
166 6 121 225.58275470837765 9643.286769790522 2175359.1939721988
167 37 769 6468.923834840442 5039800905.73893 32602088201985.01
168 36 778 6295.82243666837 4299177594.66128 27066858759690.438
169 16 393 1979.1134619514044 4687203.43986203 9276507426.735872
170 33 791 5744.298091538941 2448875679.437196 14067071891807.21
171 16 267 1979.1134619514044 1734777.320814899 3433321149.1127567
172 21 530 3136.7198300107975 43005909.25308003 134897488361.78099
173 17 323 2206.0678959513543 3766785.7321373452 8309785074.595815
174 11 322 942.9223974109915 551514.1623766669 520035056.19432163
175 33 879 5744.298091538941 3446522376.7237425 19797851911060.45
176 19 478 2668.9360872348193 18753670.66101164 50052348395.29083
177 16 396 1979.1134619514044 4779756.909877079 9459681245.192972
178 22 482 3370.209833397988 42680438.962600656 143842035085.49936
179 22 421 3370.209833397988 29047529.280971456 97896268818.646
180 17 423 2206.0678959513543 7637635.286922918 16849142007.46586
181 29 544 4937.473672561782 316331051.08459187 1561876236543.9685
182 18 337 2436.3877014920204 5555610.561352802 13535621245.959146
183 20 316 2902.6872563902634 7878565.058542944 22869010394.07421
184 26 552 4285.277943143774 168196608.0 720769214373.9996
185 4 152 75.61186198841948 859.6554919481086 65000.15241476724
186 20 384 2902.6872563902634 13488817.992595982 39153820090.87605
187 20 297 2902.6872563902634 6639686.135470377 19272932331.86098
188 24 422 3832.71054120725 47474475.45967984 181955922532.59985
189 28 462 4724.12231882448 153682485.56868273 726014860087.4352
190 27 608 4506.6139001521815 284165210.5773801 1280622887927.6929
191 31 612 5350.621552679651 703694696.9226838 3765204011860.887
192 18 350 2436.3877014920204 6146039.7392674 14974135633.632317
193 18 341 2436.3877014920204 5733317.076033254 13968583212.80161
194 19 421 2668.9360872348193 13286101.06904484 35459754601.82288
195 29 589 4937.473672561782 404941501.8125833 1999388004127.2593
196 18 308 2436.3877014920204 4369712.206329453 10646313078.56064
197 17 381 2206.0678959513543 5806800.681160317 12810196560.89623
198 28 555 4724.12231882448 269983676.2591507 1275435910734.1367
199 28 479 4724.12231882448 171727519.30266154 811261806694.0652
