0 2 13 9.541850352986048 40.41888428935346 385.6709453236695
1 6 81 225.58275470837765 4475.076918624486 1009500.1788351899
2 0 100 0.0 0.0 0.0
3 0 5 0.0 5.0 0.0
4 1 102 1.0 2.3948263510722025 2.3948263510722025
5 8 218 459.67273235884244 20402.728323412415 9378577.87599813
6 8 104 459.67273235884244 15689.114034349886 7211857.916459074
7 0 10 0.0 10.0 0.0
8 6 86 225.58275470837765 5018.366904356723 1132057.0304221432
9 0 9 0.0 9.0 0.0
10 1 107 1.0 11.607984241186918 11.607984241186918
11 0 100 0.0 0.0 0.0
12 10 140 766.6651705632711 59285.163668541216 45451870.11581359
13 0 100 0.0 0.0 0.0
14 0 100 0.0 0.0 0.0
15 4 68 75.61186198841948 1360.0227175454593 102833.85002016247
16 8 119 459.67273235884244 20764.03051150532 9544658.640006023
17 0 100 0.0 0.0 0.0
18 4 58 75.61186198841948 1036.142416344768 78344.65738500807
19 1 10 1.0 18.1937008646705 18.1937008646705
20 0 100 0.0 0.0 0.0
21 0 100 0.0 0.0 0.0
22 0 100 0.0 0.0 0.0
23 12 167 1131.8354418063404 168403.19994789627 190604710.21462867
24 1 103 1.0 3.9914906122521803 3.9914906122521803
25 6 129 225.58275470837765 10899.657990727621 2458774.8749275175
26 1 19 1.0 40.84402933782601 40.84402933782601
27 0 100 0.0 0.0 0.0
28 2 116 9.541850352986048 54.53075711894446 520.3243240639966
29 2 118 9.541850352986048 64.62733255388774 616.6643359418604
30 0 9 0.0 9.0 0.0
31 4 65 75.61186198841948 1259.0362466163215 95198.07491757096
32 2 31 9.541850352986048 141.5519192260369 1350.6672304328126
33 10 150 766.6651705632711 69116.80200881512 52989444.80087609
34 2 10 9.541850352986048 27.685321443873434 264.16919419175593
35 5 61 139.6884681067044 1754.5251914699081 245086.93625105367
36 2 116 9.541850352986048 54.53075711894446 520.3243240639966
37 0 100 0.0 0.0 0.0
38 1 10 1.0 18.1937008646705 18.1937008646705
39 4 71 75.61186198841948 1464.2230773075796 110712.63324163957
40 0 100 0.0 0.0 0.0
41 1 104 1.0 5.735193251789799 5.735193251789799
42 0 100 0.0 0.0 0.0
43 9 97 604.9491004987461 19070.84539875929 11536890.769730086
44 0 10 0.0 10.0 0.0
45 0 100 0.0 0.0 0.0
46 2 27 9.541850352986048 115.98017876588344 1106.66550969663
47 8 45 459.67273235884244 2746.75931481839 1262610.3593746712
48 0 5 0.0 5.0 0.0
49 11 176 942.9223974109915 138337.73648198933 130441750.13600735
50 0 100 0.0 0.0 0.0
51 0 100 0.0 0.0 0.0
52 0 5 0.0 5.0 0.0
53 7 107 332.66880679862265 11449.0 3808725.1690374305
54 6 45 225.58275470837765 1453.723360477042 327934.92024033103
55 1 100 1.0 0.0 0.0
56 4 72 75.61186198841948 1499.6637502850892 113392.36851559173
57 4 128 75.61186198841948 298.26715011537044 22552.534590202584
58 1 10 1.0 18.1937008646705 18.1937008646705
59 6 95 225.58275470837765 6070.84515091352 1369477.9725510685
60 0 8 0.0 8.0 0.0
61 0 100 0.0 0.0 0.0
62 1 11 1.0 20.51504931294799 20.51504931294799
63 13 156 1331.5823725933528 193082.22068316714 257104881.52288502
64 0 6 0.0 6.0 0.0
65 7 81 332.66880679862265 6561.0 2182640.041405763
66 0 7 0.0 7.0 0.0
67 2 137 9.541850352986048 182.69988024795316 1743.2949168344405
68 0 100 0.0 0.0 0.0
69 0 100 0.0 0.0 0.0
70 3 51 32.9215577265747 513.5688732735056 16907.48730804564
71 0 100 0.0 0.0 0.0
72 6 88 225.58275470837765 5243.986173197856 1182952.846602616
73 0 6 0.0 6.0 0.0
74 14 166 1540.4353185285338 298715.23506545 460151498.27737236
75 0 100 0.0 0.0 0.0
76 3 148 32.9215577265747 466.4489382157433 15356.225645969067
77 3 124 32.9215577265747 155.22039240905832 5110.09710903639
78 0 10 0.0 10.0 0.0
79 4 65 75.61186198841948 1259.0362466163215 95198.07491757096
80 14 212 1540.4353185285338 546056.5101359754 841164734.1258909
81 0 100 0.0 0.0 0.0
82 0 100 0.0 0.0 0.0
83 0 100 0.0 0.0 0.0
84 12 158 1131.8354418063404 147835.47973745366 167325435.52329314
85 1 106 1.0 9.55892689827884 9.55892689827884
86 4 38 75.61186198841948 502.796158813779 38017.3537685349
87 0 100 0.0 0.0 0.0
88 2 107 9.541850352986048 16.551687764173284 157.9337277350917
89 0 100 0.0 0.0 0.0
90 0 10 0.0 10.0 0.0
91 0 100 0.0 0.0 0.0
92 14 147 1540.4353185285338 221342.1784007485 340963309.0885566
93 1 11 1.0 20.51504931294799 20.51504931294799
94 0 100 0.0 0.0 0.0
95 0 10 0.0 10.0 0.0
96 0 100 0.0 0.0 0.0
97 0 100 0.0 0.0 0.0
98 12 162 1131.8354418063404 156786.72795202545 177456775.50095123
99 0 100 0.0 0.0 0.0
100 2 43 9.541850352986048 226.91812071099523 2165.21875020514
101 2 115 9.541850352986048 49.68406405407534 474.0779041321602
102 0 100 0.0 0.0 0.0
103 7 64 332.66880679862265 4096.0 1362611.4326471584
104 0 100 0.0 0.0 0.0
105 0 100 0.0 0.0 0.0
106 11 154 942.9223974109915 101899.54622880445 96083364.42515644
107 4 142 75.61186198841948 596.6466987883373 45113.56784462985
108 0 100 0.0 0.0 0.0
109 1 104 1.0 5.735193251789799 5.735193251789799
110 6 133 225.58275470837765 803.1795959199522 181183.46577318446
111 10 90 766.6651705632711 22191.999458763104 17013833.050192636
112 2 107 9.541850352986048 16.551687764173284 157.9337277350917
113 9 205 604.9491004987461 22621.44489281392 13684822.739889735
114 10 256 766.6651705632711 75416.33841413441 57819079.95352973
115 9 177 604.9491004987461 69680.55278268627 42153187.72814146
116 9 102 604.9491004987461 21251.9061051131 12856321.48217198
117 10 145 766.6651705632711 64097.25121371274 49141130.034397915
118 0 100 0.0 0.0 0.0
119 8 104 459.67273235884244 15689.114034349886 7211857.916459074
120 8 210 459.67273235884244 17630.632823740572 8104321.163304322
121 13 153 1331.5823725933528 184254.09621895975 245349506.60328636
122 5 65 139.6884681067044 1969.1653870843556 275069.6963705592
123 8 129 459.67273235884244 24558.59479359431 11288916.371665139
124 3 59 32.9215577265747 647.2206215128941 21307.511052966296
125 9 82 604.9491004987461 13279.65993684537 8033518.333723842
126 1 116 1.0 32.892441635375256 32.892441635375256
127 11 169 942.9223974109915 126062.89696644363 118867529.03217383
128 4 63 75.61186198841948 1193.5182370479756 90244.13622033325
129 7 99 332.66880679862265 9801.0 3260486.9754333007
130 3 39 32.9215577265747 335.47304520277595 11044.29522335299
131 0 100 0.0 0.0 0.0
132 8 127 459.67273235884244 23773.224239432624 10927902.943119459
133 7 158 332.66880679862265 24964.0 8304744.092920816
134 0 100 0.0 0.0 0.0
135 4 38 75.61186198841948 502.796158813779 38017.3537685349
136 9 147 604.9491004987461 46702.87865638875 28252864.433884464
137 0 100 0.0 0.0 0.0
138 5 61 139.6884681067044 1754.5251914699081 245086.93625105367
139 5 51 139.6884681067044 1267.2460047423704 177019.65311680315
140 11 108 942.9223974109915 45224.9679862338 42643635.23641492
141 11 158 942.9223974109915 108060.79638064733 101892945.18938097
142 10 133 766.6651705632711 52893.67773024879 40551740.45877988
143 0 100 0.0 0.0 0.0
144 0 100 0.0 0.0 0.0
145 5 83 139.6884681067044 3070.409639894098 428900.8190568644
146 6 38 225.58275470837765 1052.0037889575744 237313.9126767004
147 2 23 9.541850352986048 92.0346545141889 878.1809006631623
148 1 104 1.0 5.735193251789799 5.735193251789799
149 1 26 1.0 60.63937356224698 60.63937356224698
150 4 133 75.61186198841948 395.0229353848392 29868.419672578806
151 1 13 1.0 25.320989780782124 25.320989780782124
152 6 165 225.58275470837765 2937.504168606418 662650.2823215784
153 6 57 225.58275470837765 2284.902982010436 515434.70892330084
154 10 114 766.6651705632711 37541.82989714119 28782013.421349064
155 10 93 766.6651705632711 23870.795169837704 18300907.25036453
156 1 13 1.0 25.320989780782124 25.320989780782124
157 2 136 9.541850352986048 175.6210676402407 1675.7499462548174
158 10 91 766.6651705632711 22744.11555159413 17437121.22867366
159 7 87 332.66880679862265 7569.0 2517970.198658775
160 11 142 942.9223974109915 84627.25297767794 79796932.26401855
161 15 266 1756.7778603087352 1289195.660515439 2264830393.9996195
162 10 161 766.6651705632711 80897.81870740736 62021539.97751105
163 15 179 1756.7778603087352 475153.47752621147 834739109.5667524
164 2 35 9.541850352986048 168.62869283493262 1609.0297522505775
165 5 168 139.6884681067044 2137.419079796989 298572.7969588832
166 13 186 1331.5823725933528 295018.3746080933 392841267.2192794
167 9 113 604.9491004987461 26498.629929601415 16030322.340361528
168 13 275 1331.5823725933528 254706.95345711283 339163289.400447
169 7 70 332.66880679862265 4900.0 1630077.153313251
170 6 73 225.58275470837765 3667.8232800781016 827397.6793035355
171 9 172 604.9491004987461 65508.859210178634 39629525.45389657
172 9 148 604.9491004987461 47390.045546024034 28668565.42566185
173 4 37 75.61186198841948 480.38255499420245 36322.61944986597
174 10 118 766.6651705632711 40534.45463665759 31076354.577702265
175 13 201 1331.5823725933528 355656.01713656815 473585283.12581354
176 8 83 459.67273235884244 9813.93766434623 4511199.541369388
177 6 40 225.58275470837765 1160.4609052104954 261779.96772876108
178 3 48 32.9215577265747 466.4489382157433 15356.225645969067
179 6 103 225.58275470837765 7086.292798564201 1598545.450170251
180 9 104 604.9491004987461 22159.83881577813 13405574.55880218
181 4 71 75.61186198841948 1464.2230773075796 110712.63324163957
182 5 165 139.6884681067044 1969.1653870843556 275069.6963705592
183 10 226 766.6651705632711 46901.01863245811 35957377.44944465
184 8 129 459.67273235884244 24558.59479359431 11288916.371665139
185 9 120 604.9491004987461 30162.00470437385 18246477.615149908
186 5 67 139.6884681067044 2080.6456750556 290642.2070213566
187 9 116 604.9491004987461 28037.540124113097 16961284.67827972
188 9 101 604.9491004987461 20805.564213111866 12586307.356090926
189 9 174 604.9491004987461 67160.9800884193 40628974.49310345
190 8 217 459.67273235884244 20044.718154360755 9214010.3633779
191 10 188 766.6651705632711 21110.122297554874 16184395.511866419
192 7 60 332.66880679862265 3600.0 1197607.7044750415
193 12 123 1131.8354418063404 82047.69458952625 92864488.65492813
194 8 89 459.67273235884244 11347.35436611675 5216069.386516927
195 11 157 942.9223974109915 106501.37495943412 100422531.80431657
196 9 115 604.9491004987461 27519.39696484649 16647834.440151809
197 10 107 766.6651705632711 32606.87042819775 24998551.87836871
198 11 122 942.9223974109915 59782.163299571446 56369940.7408473
199 12 147 1131.8354418063404 124763.75250077092 141212036.93312696
