0 0 100 0.0 0.0 0.0
1 0 6 0.0 6.0 0.0
2 1 110 1.0 18.1937008646705 18.1937008646705
3 4 90 75.61186198841948 2196.381035229248 166072.4597097358
4 0 100 0.0 0.0 0.0
5 2 23 9.541850352986048 92.0346545141889 878.1809006631623
6 0 100 0.0 0.0 0.0
7 0 100 0.0 0.0 0.0
8 2 126 9.541850352986048 109.8359986590007 1048.0386625749609
9 0 100 0.0 0.0 0.0
10 1 33 1.0 81.88562674252243 81.88562674252243
11 1 19 1.0 40.84402933782601 40.84402933782601
12 0 100 0.0 0.0 0.0
13 9 183 604.9491004987461 74869.18614488025 45292046.81341849
14 0 6 0.0 6.0 0.0
15 14 195 1540.4353185285338 444335.496698253 684470092.3899076
16 2 36 9.541850352986048 175.6210676402407 1675.7499462548174
17 2 116 9.541850352986048 54.53075711894446 520.3243240639966
18 0 100 0.0 0.0 0.0
19 1 114 1.0 27.799106543625292 27.799106543625292
20 0 100 0.0 0.0 0.0
21 1 102 1.0 2.3948263510722025 2.3948263510722025
22 1 10 1.0 18.1937008646705 18.1937008646705
23 0 100 0.0 0.0 0.0
24 0 5 0.0 5.0 0.0
25 11 118 942.9223974109915 55389.275596865285 52227788.53665434
26 0 6 0.0 6.0 0.0
27 0 100 0.0 0.0 0.0
28 0 100 0.0 0.0 0.0
29 6 132 225.58275470837765 11389.69248070312 2569318.205078305
30 0 18 0.0 18.0 0.0
31 0 100 0.0 0.0 0.0
32 1 106 1.0 9.55892689827884 9.55892689827884
33 0 100 0.0 0.0 0.0
34 0 6 0.0 6.0 0.0
35 0 100 0.0 0.0 0.0
36 0 5 0.0 5.0 0.0
37 0 100 0.0 0.0 0.0
38 7 116 332.66880679862265 13456.0 4476391.464282267
39 0 100 0.0 0.0 0.0
40 8 75 459.67273235884244 7948.489433150588 3653703.855861718
41 0 100 0.0 0.0 0.0
42 0 5 0.0 5.0 0.0
43 1 103 1.0 3.9914906122521803 3.9914906122521803
44 1 112 1.0 22.891970023971037 22.891970023971037
45 0 6 0.0 6.0 0.0
46 1 14 1.0 27.799106543625292 27.799106543625292
47 0 100 0.0 0.0 0.0
48 2 26 9.541850352986048 109.8359986590007 1048.0386625749609
49 4 53 75.61186198841948 888.1171619831025 67152.19228141312
50 8 121 459.67273235884244 21496.519829988905 9881364.00645704
51 0 100 0.0 0.0 0.0
52 0 100 0.0 0.0 0.0
53 0 100 0.0 0.0 0.0
54 1 27 1.0 63.59241768810072 63.59241768810072
55 8 237 459.67273235884244 27832.86327038359 12794008.308867292
56 0 16 0.0 16.0 0.0
57 0 5 0.0 5.0 0.0
58 0 100 0.0 0.0 0.0
59 2 40 9.541850352986048 204.4421003683832 1950.7559275652661
60 0 100 0.0 0.0 0.0
61 2 25 9.541850352986048 103.79546451213633 990.4007896934788
62 1 33 1.0 81.88562674252243 81.88562674252243
63 13 183 1331.5823725933528 283680.1788009205 377743525.54543626
64 1 100 1.0 0.0 0.0
65 8 156 459.67273235884244 36465.56936906108 16762227.908897216
66 14 170 1540.4353185285338 316781.6824751582 487981691.94762516
67 0 6 0.0 6.0 0.0
68 11 184 942.9223974109915 153157.55954963647 144415693.2321599
69 1 100 1.0 0.0 0.0
70 0 100 0.0 0.0 0.0
71 1 34 1.0 85.02419427196995 85.02419427196995
72 0 100 0.0 0.0 0.0
73 8 230 459.67273235884244 24956.252438948613 11471708.748048535
74 0 100 0.0 0.0 0.0
75 1 22 1.0 49.12998068819353 49.12998068819353
76 1 103 1.0 3.9914906122521803 3.9914906122521803
77 5 89 139.6884681067044 3485.593399577667 486897.20242984424
78 0 5 0.0 5.0 0.0
79 2 16 9.541850352986048 54.53075711894446 520.3243240639966
80 0 100 0.0 0.0 0.0
81 2 32 9.541850352986048 148.1842032776824 1413.95149235211
82 0 100 0.0 0.0 0.0
83 0 100 0.0 0.0 0.0
84 3 37 32.9215577265747 308.57807572808247 10158.870933237406
85 2 13 9.541850352986048 40.41888428935346 385.6709453236695
86 0 9 0.0 9.0 0.0
87 1 19 1.0 40.84402933782601 40.84402933782601
88 14 195 1540.4353185285338 444335.496698253 684470092.3899076
89 0 100 0.0 0.0 0.0
90 0 7 0.0 7.0 0.0
91 1 105 1.0 7.59708563275366 7.59708563275366
92 1 106 1.0 9.55892689827884 9.55892689827884
93 0 5 0.0 5.0 0.0
94 0 10 0.0 10.0 0.0
95 0 100 0.0 0.0 0.0
96 7 91 332.66880679862265 8281.0 2754830.389099394
97 0 100 0.0 0.0 0.0
98 0 100 0.0 0.0 0.0
99 18 288 2436.3877014920204 3652977.264034573 8900068879.923803
100 13 185 1331.5823725933528 291210.07940722397 387770208.46017
101 10 204 766.6651705632711 136952.98703216927 104997085.1621675
102 12 197 1131.8354418063404 248346.49062615685 281087359.9389104
103 2 27 9.541850352986048 115.98017876588344 1106.66550969663
104 11 200 942.9223974109915 185371.77870547093 174791201.98930243
105 0 100 0.0 0.0 0.0
106 14 215 1540.4353185285338 565311.5939489864 870825945.29268
107 1 110 1.0 18.1937008646705 18.1937008646705
108 18 317 2436.3877014920204 4718790.0919085 11496802145.848269
109 0 100 0.0 0.0 0.0
110 6 115 225.58275470837765 8749.296958158795 1973690.5095830902
111 12 220 1131.8354418063404 321973.1842669141 364420661.264537
112 14 221 1540.4353185285338 605018.3297633114 931991603.5245482
113 14 182 1540.4353185285338 374813.6044445423 577376114.1513565
114 0 100 0.0 0.0 0.0
115 11 292 942.9223974109915 440877.2882848352 415713069.6335936
116 13 228 1331.5823725933528 481901.6695597634 641691768.5090877
117 4 188 75.61186198841948 2113.579549242958 159811.6851789044
118 6 102 225.58275470837765 6955.268535289175 1568988.635927035
119 14 198 1540.4353185285338 461384.9487595967 710733670.5067606
120 2 124 9.541850352986048 97.86086952638261 933.7737724338355
121 5 96 139.6884681067044 3999.6858182206656 558709.9848553553
122 3 74 32.9215577265747 927.3002957027797 30528.17021484885
123 1 107 1.0 11.607984241186918 11.607984241186918
124 0 100 0.0 0.0 0.0
125 24 400 3832.71054120725 40594721.89835189 155587818537.1901
126 0 100 0.0 0.0 0.0
127 8 163 459.67273235884244 39951.73547253033 18364723.407135706
128 11 124 942.9223974109915 62049.63588533698 58507991.42748104
129 1 15 1.0 30.323695983612147 30.323695983612147
130 13 269 1331.5823725933528 717874.7226662058 955909326.4326615
131 17 277 2206.0678959513543 2518302.144471244 5555545513.223461
132 7 127 332.66880679862265 16129.0 5365615.184854985
133 13 186 1331.5823725933528 295018.3746080933 392841267.2192794
134 0 100 0.0 0.0 0.0
135 8 165 459.67273235884244 40978.16249196492 18836543.919726145
136 8 81 459.67273235884244 9328.435527658881 4288027.447632258
137 2 28 9.541850352986048 122.22584512913716 1166.2607234894754
138 6 204 225.58275470837765 7218.483555423629 1628365.4052495863
139 14 369 1540.4353185285338 982391.0802346964 1513309916.600925
140 16 410 1979.1134619514044 5226404.644862808 10343647790.253332
141 6 105 225.58275470837765 7351.839824949449 1658448.2798868536
142 14 363 1540.4353185285338 2057181.5839227438 3168955168.5010657
143 1 13 1.0 25.320989780782124 25.320989780782124
144 7 128 332.66880679862265 16384.0 5450445.730588634
145 15 400 1756.7778603087352 3603962.905984977 6331362242.608338
146 16 240 1979.1134619514044 1318843.7564717026 2610141432.6437063
147 16 198 1979.1134619514044 804216.397052779 1591635497.7292106
148 6 155 225.58275470837765 2133.9982456992793 481393.20280768874
149 8 218 459.67273235884244 20402.728323412415 9378577.87599813
150 12 215 1131.8354418063404 305030.63425581815 345244482.6874022
151 8 111 459.67273235884244 17965.662675976404 8258325.250903347
152 4 36 75.61186198841948 458.3949685466225 34660.09709793311
153 9 122 604.9491004987461 31255.467204814257 18907966.771220442
154 14 295 1540.4353185285338 1233402.6501916174 1899977004.321862
155 6 90 225.58275470837765 5474.33581455389 1234915.7532457968
156 24 249 3832.71054120725 10151480.744981237 38907687260.152016
157 6 76 225.58275470837765 3961.5666745886283 893661.1234146099
158 6 163 225.58275470837765 17051.502404173512 3846524.884249985
159 15 216 1756.7778603087352 762877.5632082765 1340206413.170578
160 8 96 459.67273235884244 13282.821141836259 6105750.687701672
161 7 90 332.66880679862265 8100.0 2694617.3350688433
162 0 8 0.0 8.0 0.0
163 8 96 459.67273235884244 13282.821141836259 6105750.687701672
164 21 303 3136.7198300107975 8976351.31987282 28156299186.18867
165 8 106 459.67273235884244 16323.225002619285 7503341.43786218
166 7 131 332.66880679862265 17161.0 5708929.393471164
167 10 185 766.6651705632711 110190.66039047457 84479341.44274266
168 10 148 766.6651705632711 67083.98395005375 51430953.9971317
169 17 259 2206.0678959513543 2111711.516257531 4658578981.526496
170 12 242 1131.8354418063404 402854.0732554629 455964517.9865807
171 6 111 225.58275470837765 8176.399536993932 1844454.7311513948
172 17 179 2206.0678959513543 801946.1252540228 1769147601.2054832
173 5 99 139.6884681067044 4229.702363015084 590840.6436368847
174 12 180 1131.8354418063404 200863.24359139695 227344138.05292335
175 12 268 1131.8354418063404 512103.2920042958 579616655.7561635
176 7 150 332.66880679862265 22500.0 7485048.15296901
177 10 138 766.6651705632711 57418.05598112961 44020423.68218418
178 8 142 459.67273235884244 29987.49355902603 13784433.100870684
179 10 193 766.6651705632711 121069.27760859807 92819598.36776786
180 11 133 942.9223974109915 72846.12336446987 68688241.28492276
181 18 286 2436.3877014920204 3585677.0593904736 8736099489.021023
182 11 147 942.9223974109915 91604.76025632706 86376180.15515503
183 12 187 1131.8354418063404 219715.13514294155 248681377.05605105
184 5 89 139.6884681067044 3485.593399577667 486897.20242984424
185 12 257 1131.8354418063404 464044.19903643837 525221671.0340766
186 16 230 1979.1134619514044 1182135.6288361128 2339580536.8819394
187 6 189 225.58275470837765 5358.570280584671 1208801.0451927343
188 11 164 942.9223974109915 117686.48609129344 110969223.60807772
189 6 125 225.58275470837765 10262.29633791766 2314997.077541162
190 9 152 604.9491004987461 50192.57933226694 30363955.718766842
191 18 333 2436.3877014920204 5381388.5642231405 13111148914.823061
192 19 256 2668.9360872348193 3443253.4145366037 9189823295.551254
193 14 231 1540.4353185285338 674789.6362210688 1039469788.2119555
194 13 236 1331.5823725933528 523667.36265542824 697306229.2144189
195 11 172 942.9223974109915 131244.92094536053 123753775.5058154
196 16 244 1979.1134619514044 1376104.8014888435 2723467537.682535
197 11 110 942.9223974109915 47165.29582196761 44473213.811048314
198 8 157 459.67273235884244 36953.48006693682 16986507.15253687
199 17 299 2206.0678959513543 3076762.415026566 6787546787.259864
