0 8 301 459.67273235884244 61778.99802875516 28398120.826269425
1 28 754 4724.12231882448 692143906.2713792 3269772475454.982
2 2 136 9.541850352986048 175.6210676402407 1675.7499462548174
3 0 100 0.0 0.0 0.0
4 0 10 0.0 10.0 0.0
5 0 100 0.0 0.0 0.0
6 0 100 0.0 0.0 0.0
7 0 6 0.0 6.0 0.0
8 0 10 0.0 10.0 0.0
9 0 100 0.0 0.0 0.0
10 20 318 2902.6872563902634 8016903.960742618 23270564962.552227
11 0 100 0.0 0.0 0.0
12 36 653 6295.82243666837 2398364643.02614 15099677930876.1
13 6 164 225.58275470837765 17252.17528105875 3891793.2246130123
14 0 100 0.0 0.0 0.0
15 0 100 0.0 0.0 0.0
16 0 100 0.0 0.0 0.0
17 0 100 0.0 0.0 0.0
18 0 10 0.0 10.0 0.0
19 0 100 0.0 0.0 0.0
20 0 100 0.0 0.0 0.0
21 0 18 0.0 18.0 0.0
22 0 100 0.0 0.0 0.0
23 0 10 0.0 10.0 0.0
24 0 100 0.0 0.0 0.0
25 0 100 0.0 0.0 0.0
26 37 613 6468.923834840442 2351654750.555558 15212675467184.605
27 4 174 75.61186198841948 1571.597319835911 118831.39964880285
28 1 106 1.0 9.55892689827884 9.55892689827884
29 1 6 1.0 9.55892689827884 9.55892689827884
30 36 802 6295.82243666837 4757220601.789876 29950616200929.707
31 0 100 0.0 0.0 0.0
32 0 100 0.0 0.0 0.0
33 36 1084 6295.82243666837 9404239239.885534 59207420406268.445
34 19 480 2668.9360872348193 18967428.21432948 50622853643.25984
35 3 118 32.9215577265747 98.31525163284788 3236.6912320335186
36 32 1018 5549.980220652734 3187275572.813842 17689316386886.434
37 0 6 0.0 6.0 0.0
38 0 100 0.0 0.0 0.0
39 0 100 0.0 0.0 0.0
40 0 100 0.0 0.0 0.0
41 2 133 9.541850352986048 154.90879557685506 1478.1165457556579
42 2 22 9.541850352986048 86.31942417916456 823.6470280735138
43 0 100 0.0 0.0 0.0
44 0 9 0.0 9.0 0.0
45 22 615 3370.209833397988 85347312.99297827 287638353503.03125
46 3 53 32.9215577265747 545.90532331836 17972.053614869816
47 0 10 0.0 10.0 0.0
48 0 6 0.0 6.0 0.0
49 0 100 0.0 0.0 0.0
50 24 573 3832.71054120725 116116260.05750586 445040013927.9651
51 3 81 32.9215577265747 1070.3630949288454 35238.02041809513
52 0 100 0.0 0.0 0.0
53 0 100 0.0 0.0 0.0
54 24 503 3832.71054120725 79329133.26467334 304045605288.3482
55 0 100 0.0 0.0 0.0
56 0 6 0.0 6.0 0.0
57 1 111 1.0 20.51504931294799 20.51504931294799
58 0 100 0.0 0.0 0.0
59 39 802 6798.773358825962 8553357599.748103 58152339777678.98
60 0 100 0.0 0.0 0.0
61 1 13 1.0 25.320989780782124 25.320989780782124
62 0 10 0.0 10.0 0.0
63 1 20 1.0 43.57075425423803 43.57075425423803
64 0 100 0.0 0.0 0.0
65 0 100 0.0 0.0 0.0
66 3 46 32.9215577265747 435.9769523615719 14353.040404627594
67 1 18 1.0 38.15436697768484 38.15436697768484
68 0 100 0.0 0.0 0.0
69 17 299 2206.0678959513543 3076762.415026566 6787546787.259864
70 0 100 0.0 0.0 0.0
71 0 100 0.0 0.0 0.0
72 1 15 1.0 30.323695983612147 30.323695983612147
73 0 9 0.0 9.0 0.0
74 52 1179 8425.648590871551 344733548650.12524 2904603738410077.0
75 0 100 0.0 0.0 0.0
76 3 134 32.9215577265747 269.81820202916316 8882.83551378369
77 0 100 0.0 0.0 0.0
78 1 42 1.0 110.9598727978785 110.9598727978785
79 1 25 1.0 57.71571011139208 57.71571011139208
80 0 6 0.0 6.0 0.0
81 1 34 1.0 85.02419427196995 85.02419427196995
82 2 13 9.541850352986048 40.41888428935346 385.6709453236695
83 1 125 1.0 57.71571011139208 57.71571011139208
84 0 100 0.0 0.0 0.0
85 0 100 0.0 0.0 0.0
86 1 104 1.0 5.735193251789799 5.735193251789799
87 1 16 1.0 32.892441635375256 32.892441635375256
88 1 104 1.0 5.735193251789799 5.735193251789799
89 17 529 2206.0678959513543 13723756.85426142 30275539408.02847
90 12 173 1131.8354418063404 182976.5500999565 207099344.42258427
91 1 39 1.0 101.06849300292524 101.06849300292524
92 3 122 32.9215577265747 135.19579244279535 4450.856085295499
93 0 18 0.0 18.0 0.0
94 0 100 0.0 0.0 0.0
95 11 215 942.9223974109915 218751.50513045487 206265693.6548713
96 0 100 0.0 0.0 0.0
97 0 100 0.0 0.0 0.0
98 0 100 0.0 0.0 0.0
99 0 100 0.0 0.0 0.0
100 11 421 942.9223974109915 547600.7310538386 516344994.1492971
101 49 1157 8126.242482129881 192937472628.53195 1567856686468747.5
102 0 100 0.0 0.0 0.0
103 28 500 4724.12231882448 195925496.6553838 925576011576.4696
104 48 976 8016.77096497358 86958249289.47122 697124368068767.4
105 0 100 0.0 0.0 0.0
106 13 381 1331.5823725933528 1661102.242532757 2211894465.231908
107 23 527 3602.4235623004615 70967642.82929532 255655508689.17685
108 42 1012 7252.650449022947 33755424863.5091 244816297293289.66
109 51 1172 8330.590095344352 284974860717.7947 2374008752117796.5
110 29 699 4937.473672561782 689369306.4351763 3403742801195.8584
111 46 1079 7782.801884860074 88236219256.67055 686725013543742.2
112 49 1198 8126.242482129881 219347093921.41373 1782467672955925.2
113 18 370 2436.3877014920204 7128427.135633949 17367612204.240543
114 22 896 3370.209833397988 177750521.98472553 599056557084.5472
115 17 364 2206.0678959513543 5152101.506571393 11365885730.329756
116 18 452 2436.3877014920204 12161181.692329803 29629353510.80225
117 2 140 9.541850352986048 204.4421003683832 1950.7559275652661
118 46 1300 7782.801884860074 172854218075.29446 1345290134242416.0
119 41 1217 7106.788070274764 53033740244.56147 376899552492100.1
120 33 853 5744.298091538941 3127066163.692241 17962800196213.34
121 28 625 4724.12231882448 388892188.612046 1837174267838.666
122 28 688 4724.12231882448 522360950.14471805 2467697023061.0244
123 46 734 7782.801884860074 21968412706.206882 170975803817250.94
124 26 534 4285.277943143774 152273304.0 652533430960.8265
125 23 502 3602.4235623004615 61684713.386882685 222214464938.6569
126 36 928 6295.82243666837 7736209322.61466 48705800228080.39
127 27 724 4506.6139001521815 482892647.11948335 2176210715789.946
128 29 831 4937.473672561782 792240733.3427123 3911667763210.681
129 43 931 7393.130324549447 30298879221.629578 224003562773290.78
130 47 1086 7902.318130854768 107879216495.68945 852495888456293.5
131 31 772 5350.621552679651 946973697.9251579 5066897877939.1
132 56 1618 8760.68123103637 2237471200276.7373 1.9601771949248828e+16
133 27 715 4506.6139001521815 464894329.4329871 2095099247124.627
134 45 1109 7658.1450374688 81308414750.71263 622671632927624.9
135 37 1052 6468.923834840442 14452487293.73714 93492039527184.83
136 32 819 5549.980220652734 2210335138.7172914 12267316300894.684
137 46 1280 7782.801884860074 163448287588.13977 1272085640718125.8
138 33 934 5744.298091538941 4195375079.047623 24099485059863.293
139 38 724 6636.579650383532 4988593881.469231 33107200637786.492
140 40 645 6955.50474228233 4874973350.058545 33907900254832.188
141 43 1079 7393.130324549447 51006110596.74751 377094822990136.94
142 47 1150 7902.318130854768 132835498006.47675 1049708364317703.6
143 34 860 5933.442745663244 3971357841.3209558 23563824374018.664
144 30 686 5146.386239304723 812781296.1310208 4182886477972.9424
145 50 970 8230.818941038662 119188186914.27664 981016386402084.6
146 46 1030 7782.801884860074 74611462295.98778 580686229389380.0
147 40 828 6955.50474228233 11534599381.843807 80228960700741.44
148 33 651 5744.298091538941 1302897270.9689543 7484230307098.259
149 30 705 5146.386239304723 885617493.3866224 4557729681252.455
150 14 294 1540.4353185285338 1223116.9647049224 1884132571.1228805
151 35 844 6117.310290426031 4598009498.679097 28127450821746.277
152 34 666 5933.442745663244 1720962585.704801 10211232969708.01
153 43 1046 7393.130324549447 45708677502.45162 337930209738426.2
154 35 836 6117.310290426031 4455665035.753932 27256685573909.0
155 22 510 3370.209833397988 50115194.40958258 168898721001.8271
156 44 1125 7528.2761260995885 71223609305.97697 536190997552830.94
157 21 511 3136.7198300107975 38824143.733966686 121780461533.52275
158 40 929 6955.50474228233 17153903188.475212 119314054976091.31
159 20 435 2902.6872563902634 19027941.175359003 55232162365.05815
160 29 596 4937.473672561782 420083274.2338377 2074150106813.125
161 29 545 4937.473672561782 318141380.3473814 1570814689617.6602
162 28 664 4724.12231882448 468375829.40495235 2212664709289.863
163 27 734 4506.6139001521815 503432272.22000706 2268774875771.881
164 31 754 5350.621552679651 1364848989.9031878 7302790421529.048
165 19 549 2668.9360872348193 27311366.719409175 72892292229.1352
166 17 326 2206.0678959513543 3859165.4422222124 8513580987.251334
167 55 1404 8683.506947919002 1100001730195.7834 9551872666878010.0
168 19 451 2668.9360872348193 16015612.882796718 42744647182.07903
169 24 682 3832.71054120725 121530099.06251563 465789691750.865
170 38 898 6636.579650383532 10355820337.72889 68727226516399.46
171 25 481 4060.496712466729 88276324.74539281 358445726417.31287
172 38 1000 6636.579650383532 14915380228.655174 98987108903225.8
173 33 720 5744.298091538941 1805710301.206602 10372538237093.291
174 41 825 7106.788070274764 13730034665.5595 97576446565657.22
175 50 1077 8230.818941038662 175694829523.63043 1446112330685656.0
176 38 740 6636.579650383532 5372438350.626756 35654615030709.59
177 24 745 3832.71054120725 250170380.11548766 958830652966.4542
178 35 932 6117.310290426031 6379627395.074763 39026160312974.664
179 45 1206 7658.1450374688 109803178288.01927 840888664904696.8
180 23 498 3602.4235623004615 60277567.94138871 217145331030.22562
181 47 1170 7902.318130854768 141425402696.78638 1117588523894251.9
182 24 563 3832.71054120725 110289796.56590511 422708865885.7477
183 32 1019 5549.980220652734 4454735940.166233 24723696356153.453
184 49 1095 8126.242482129881 157506090702.2326 1279932685458684.8
185 52 1352 8425.648590871551 576558187094.9146 4857876676651723.0
186 29 654 4937.473672561782 560602077.2181658 2767957997048.1406
187 51 957 8330.590095344352 133747928773.6607 1114199170714679.8
188 34 839 5933.442745663244 3662850971.2126465 21733316523587.246
189 28 685 4724.12231882448 515394589.64814746 2434787083958.1978
190 43 844 7393.130324549447 21429309880.208813 158429680709538.84
191 29 671 4937.473672561782 607133364.732916 2997705004102.6226
192 42 1203 7252.650449022947 45640789560.16471 331016692897290.44
193 29 623 4937.473672561782 482085529.92432135 2380284611924.332
194 39 965 6798.773358825962 16104225236.264687 109488977500849.08
195 29 697 4937.473672561782 683258919.9191781 3373572928643.941
196 47 1184 7902.318130854768 147673080626.59076 1166959662474686.2
197 30 789 5146.386239304723 1261309440.7042859 6491185549145.673
198 36 822 6295.82243666837 5164158522.000487 32512625089322.836
199 41 858 7106.788070274764 15735479264.190176 111828716314802.67
