0 2 11 9.541850352986048 31.76494829034237 303.0963830567869
1 4 67 75.61186198841948 1326.001420918201 100261.43643491513
2 0 100 0.0 0.0 0.0
3 1 102 1.0 2.3948263510722025 2.3948263510722025
4 5 127 139.6884681067044 6650.664878194386 929021.1887260355
5 2 130 9.541850352986048 135.01359299654277 1288.2794999919763
6 2 119 9.541850352986048 69.8685662777562 666.6754038000371
7 4 145 75.61186198841948 671.3571728121805 50762.565895610074
8 3 121 32.9215577265747 125.57185196799401 4134.020973397207
9 0 100 0.0 0.0 0.0
10 1 106 1.0 9.55892689827884 9.55892689827884
11 2 11 9.541850352986048 31.76494829034237 303.0963830567869
12 1 18 1.0 38.15436697768484 38.15436697768484
13 3 34 32.9215577265747 269.81820202916316 8882.83551378369
14 3 37 32.9215577265747 308.57807572808247 10158.870933237406
15 0 6 0.0 6.0 0.0
16 2 36 9.541850352986048 175.6210676402407 1675.7499462548174
17 4 162 75.61186198841948 1161.3060165688764 87808.51025112707
18 0 100 0.0 0.0 0.0
19 0 10 0.0 10.0 0.0
20 0 100 0.0 0.0 0.0
21 2 28 9.541850352986048 122.22584512913716 1166.2607234894754
22 0 6 0.0 6.0 0.0
23 0 5 0.0 5.0 0.0
24 0 100 0.0 0.0 0.0
25 0 5 0.0 5.0 0.0
26 0 6 0.0 6.0 0.0
27 0 100 0.0 0.0 0.0
28 4 66 75.61186198841948 1292.338741426653 97716.13855903981
29 1 59 1.0 170.26827089629276 170.26827089629276
30 0 7 0.0 7.0 0.0
31 0 6 0.0 6.0 0.0
32 0 100 0.0 0.0 0.0
33 4 68 75.61186198841948 1360.0227175454593 102833.85002016247
34 2 18 9.541850352986048 64.62733255388774 616.6643359418604
35 1 103 1.0 3.9914906122521803 3.9914906122521803
36 1 106 1.0 9.55892689827884 9.55892689827884
37 6 161 225.58275470837765 16653.51962660728 3756746.832960103
38 1 12 1.0 22.891970023971037 22.891970023971037
39 1 28 1.0 66.57403288693754 66.57403288693754
40 0 5 0.0 5.0 0.0
41 3 15 32.9215577265747 73.60859052492496 2423.3094621381165
42 0 10 0.0 10.0 0.0
43 0 8 0.0 8.0 0.0
44 3 32 32.9215577265747 245.06238675558936 8067.83551218631
45 0 100 0.0 0.0 0.0
46 1 13 1.0 25.320989780782124 25.320989780782124
47 0 100 0.0 0.0 0.0
48 3 17 32.9215577265747 89.78750677036001 2955.9445872656233
49 0 100 0.0 0.0 0.0
50 0 5 0.0 5.0 0.0
51 0 6 0.0 6.0 0.0
52 7 121 332.66880679862265 14641.0 4870604.0003386345
53 2 22 9.541850352986048 86.31942417916456 823.6470280735138
54 0 100 0.0 0.0 0.0
55 0 10 0.0 10.0 0.0
56 1 103 1.0 3.9914906122521803 3.9914906122521803
57 4 61 75.61186198841948 1129.4605717070829 85400.6168692773
58 1 103 1.0 3.9914906122521803 3.9914906122521803
59 1 15 1.0 30.323695983612147 30.323695983612147
60 3 121 32.9215577265747 125.57185196799401 4134.020973397207
61 0 100 0.0 0.0 0.0
62 5 134 139.6884681067044 606.571327772905 84731.01957404678
63 4 158 75.61186198841948 1036.142416344768 78344.65738500807
64 5 139 139.6884681067044 778.3165439750189 108721.84572997481
65 6 136 225.58275470837765 12059.050322553525 2720313.7909285743
66 3 56 32.9215577265747 595.765723501293 19613.535657762357
67 1 102 1.0 2.3948263510722025 2.3948263510722025
68 4 181 75.61186198841948 1834.2709028460106 138692.63835536616
69 0 100 0.0 0.0 0.0
70 0 18 0.0 18.0 0.0
71 1 16 1.0 32.892441635375256 32.892441635375256
72 0 100 0.0 0.0 0.0
73 0 10 0.0 10.0 0.0
74 1 102 1.0 2.3948263510722025 2.3948263510722025
75 3 79 32.9215577265747 1028.715399126087 33866.9133965458
76 2 110 9.541850352986048 27.685321443873434 264.16919419175593
77 3 25 32.9215577265747 165.61186212092687 5452.200479019623
78 0 100 0.0 0.0 0.0
79 1 110 1.0 18.1937008646705 18.1937008646705
80 4 170 75.61186198841948 1429.1350405139644 108059.56144615616
81 0 18 0.0 18.0 0.0
82 1 9 1.0 15.931997307697284 15.931997307697284
83 0 100 0.0 0.0 0.0
84 0 6 0.0 6.0 0.0
85 0 100 0.0 0.0 0.0
86 0 100 0.0 0.0 0.0
87 0 10 0.0 10.0 0.0
88 0 5 0.0 5.0 0.0
89 3 47 32.9215577265747 451.11773253603667 14851.498473166615
90 1 20 1.0 43.57075425423803 43.57075425423803
91 2 13 9.541850352986048 40.41888428935346 385.6709453236695
92 0 5 0.0 5.0 0.0
93 0 9 0.0 9.0 0.0
94 0 5 0.0 5.0 0.0
95 4 150 75.61186198841948 803.8922494719358 60783.78982063209
96 0 100 0.0 0.0 0.0
97 0 100 0.0 0.0 0.0
98 0 100 0.0 0.0 0.0
99 0 100 0.0 0.0 0.0
100 4 64 75.61186198841948 1226.095534977771 92707.36637535656
101 3 26 32.9215577265747 176.25042831919396 5802.438650243859
102 4 156 75.61186198841948 975.7969952136767 73781.82773081094
103 5 89 139.6884681067044 3485.593399577667 486897.20242984424
104 0 6 0.0 6.0 0.0
105 0 5 0.0 5.0 0.0
106 1 114 1.0 27.799106543625292 27.799106543625292
107 3 137 32.9215577265747 308.57807572808247 10158.870933237406
108 0 100 0.0 0.0 0.0
109 4 154 75.61186198841948 916.9626779842689 69333.25545627807
110 6 153 225.58275470837765 15106.517660656922 3407769.8679417456
111 1 18 1.0 38.15436697768484 38.15436697768484
112 0 100 0.0 0.0 0.0
113 8 197 459.67273235884244 59249.14390518709 27235215.868819606
114 1 106 1.0 9.55892689827884 9.55892689827884
115 4 74 75.61186198841948 1571.597319835911 118831.39964880285
116 0 100 0.0 0.0 0.0
117 7 138 332.66880679862265 19044.0 6335344.75667297
118 0 5 0.0 5.0 0.0
119 9 228 604.9491004987461 34661.412576405404 20968390.360112377
120 2 10 9.541850352986048 27.685321443873434 264.16919419175593
121 7 105 332.66880679862265 11025.0 3667673.5949548148
122 0 6 0.0 6.0 0.0
123 4 173 75.61186198841948 1535.4556318691968 116098.65932623514
124 0 100 0.0 0.0 0.0
125 2 11 9.541850352986048 31.76494829034237 303.0963830567869
126 3 149 32.9215577265747 481.96892224029307 15867.1676959488
127 2 135 9.541850352986048 168.62869283493262 1609.0297522505775
128 4 154 75.61186198841948 916.9626779842689 69333.25545627807
129 3 22 32.9215577265747 135.19579244279535 4450.856085295499
130 6 56 225.58275470837765 2208.835584533681 498275.2158569973
131 0 5 0.0 5.0 0.0
132 2 30 9.541850352986048 135.01359299654277 1288.2794999919763
133 4 148 75.61186198841948 749.6906189831174 56685.50361656424
134 3 61 32.9215577265747 682.3928350558612 22465.435111492498
135 2 44 9.541850352986048 234.56808185291177 2238.2135346274663
136 9 166 604.9491004987461 60684.51432254732 36711042.35362828
137 0 5 0.0 5.0 0.0
138 7 126 332.66880679862265 15876.0 5281449.976734933
139 1 101 1.0 1.0 1.0
140 0 100 0.0 0.0 0.0
141 11 131 942.9223974109915 70362.49243463796 66346370.05428157
142 4 161 75.61186198841948 1129.4605717070829 85400.6168692773
143 6 163 225.58275470837765 17051.502404173512 3846524.884249985
144 3 132 32.9215577265747 245.06238675558936 8067.83551218631
145 5 85 139.6884681067044 3206.1723328082135 447865.30165607814
146 5 178 139.6884681067044 2742.610069160227 383110.9991750147
147 5 91 139.6884681067044 3629.2296992039956 506961.5370891617
148 9 111 604.9491004987461 25498.508505617654 15425299.784533028
149 1 11 1.0 20.51504931294799 20.51504931294799
150 0 13 0.0 13.0 0.0
151 5 86 139.6884681067044 3275.042744200361 457485.7039213258
152 6 70 225.58275470837765 3384.897920195671 763574.5972443977
153 8 178 459.67273235884244 47980.22076250186 22055199.177079692
154 11 159 942.9223974109915 109632.99624762133 103375407.65715733
155 4 180 75.61186198841948 1795.7178600152838 135777.5710016156
156 7 132 332.66880679862265 17424.0 5796421.289659201
157 5 163 139.6884681067044 1860.4532693243248 259883.86717602485
158 4 135 75.61186198841948 436.83679879622173 33030.043742042886
159 5 58 139.6884681067044 1600.889370701534 223625.7838016033
160 9 142 604.9491004987461 43347.5615654562 26223068.37783675
161 4 140 75.61186198841948 548.8883970182196 41502.47372238642
162 8 163 459.67273235884244 5530.688121770416 2542306.520758801
163 1 103 1.0 3.9914906122521803 3.9914906122521803
164 5 86 139.6884681067044 3275.042744200361 457485.7039213258
165 9 113 604.9491004987461 26498.629929601415 16030322.340361528
166 5 207 139.6884681067044 4871.189817186799 680449.0434198013
167 5 142 139.6884681067044 890.5118703159138 124394.2389952662
168 4 181 75.61186198841948 1834.2709028460106 138692.63835536616
169 5 152 139.6884681067044 9218.768601942495 1287755.663835532
170 5 156 139.6884681067044 1501.9949206988383 209811.36957647165
171 3 72 32.9215577265747 887.8335628861327 29228.863892146303
172 7 72 332.66880679862265 5184.0 1724555.0944440598
173 8 77 459.67273235884244 8395.737272637343 3859291.4922801834
174 5 85 139.6884681067044 3206.1723328082135 447865.30165607814
175 8 130 459.67273235884244 24956.252438948613 11471708.748048535
176 5 175 139.6884681067044 2553.9502583266267 356757.3992063684
177 6 93 225.58275470837765 5828.709556476301 1314856.3581449701
178 4 142 75.61186198841948 596.6466987883373 45113.56784462985
179 3 139 32.9215577265747 335.47304520277595 11044.29522335299
180 3 25 32.9215577265747 165.61186212092687 5452.200479019623
181 5 85 139.6884681067044 3206.1723328082135 447865.30165607814
182 4 179 75.61186198841948 1757.505455801544 132888.25996796062
183 6 107 225.58275470837765 7622.045029127996 1719401.9141819899
184 6 84 225.58275470837765 4797.4874870676995 1082230.443011704
185 10 133 766.6651705632711 52893.67773024879 40551740.45877988
186 3 64 32.9215577265747 736.4308795040106 24244.45171122346
187 4 164 75.61186198841948 1226.095534977771 92707.36637535656
188 4 129 75.61186198841948 316.71264325745693 23947.232671970367
189 8 148 459.67273235884244 32683.32902098925 15023635.15366118
190 4 189 75.61186198841948 2154.8151586700715 162929.58638791565
191 6 118 225.58275470837765 9191.104391557652 2073354.6474598425
192 3 24 32.9215577265747 155.22039240905832 5110.09710903639
193 7 77 332.66880679862265 5929.0 1972393.3555090337
194 5 69 139.6884681067044 2194.8788310889477 306599.26159464906
195 9 151 604.9491004987461 49483.85481657476 29935213.46049745
196 2 18 9.541850352986048 64.62733255388774 616.6643359418604
197 5 193 139.6884681067044 3775.468945982596 527389.4734487426
198 4 90 75.61186198841948 2196.381035229248 166072.4597097358
199 6 73 225.58275470837765 3667.8232800781016 827397.6793035355
