0 0 100 0.0 0.0 0.0
1 0 100 0.0 0.0 0.0
2 2 35 9.541850352986048 168.62869283493262 1609.0297522505775
3 1 115 1.0 30.323695983612147 30.323695983612147
4 1 15 1.0 30.323695983612147 30.323695983612147
5 4 64 75.61186198841948 1226.095534977771 92707.36637535656
6 1 5 1.0 7.59708563275366 7.59708563275366
7 34 818 5933.442745663244 3371391608.6750355 20003959083282.824
8 0 10 0.0 10.0 0.0
9 0 100 0.0 0.0 0.0
10 0 100 0.0 0.0 0.0
11 40 824 6955.50474228233 11343589007.148067 78900387133720.1
12 2 16 9.541850352986048 54.53075711894446 520.3243240639966
13 0 100 0.0 0.0 0.0
14 0 100 0.0 0.0 0.0
15 0 100 0.0 0.0 0.0
16 0 100 0.0 0.0 0.0
17 23 634 3602.4235623004615 120955064.19284318 435731373227.86316
18 1 104 1.0 5.735193251789799 5.735193251789799
19 36 959 6295.82243666837 8631397557.880068 54341746404705.91
20 0 100 0.0 0.0 0.0
21 0 7 0.0 7.0 0.0
22 0 100 0.0 0.0 0.0
23 1 34 1.0 85.02419427196995 85.02419427196995
24 35 730 6117.310290426031 2847631407.113045 17419844910072.99
25 2 126 9.541850352986048 109.8359986590007 1048.0386625749609
26 0 100 0.0 0.0 0.0
27 0 100 0.0 0.0 0.0
28 0 6 0.0 6.0 0.0
29 39 746 6798.773358825962 6677725953.606381 45400345310919.76
30 0 100 0.0 0.0 0.0
31 0 100 0.0 0.0 0.0
32 1 10 1.0 18.1937008646705 18.1937008646705
33 0 6 0.0 6.0 0.0
34 0 10 0.0 10.0 0.0
35 0 100 0.0 0.0 0.0
36 0 100 0.0 0.0 0.0
37 0 100 0.0 0.0 0.0
38 0 9 0.0 9.0 0.0
39 0 100 0.0 0.0 0.0
40 0 100 0.0 0.0 0.0
41 0 100 0.0 0.0 0.0
42 0 5 0.0 5.0 0.0
43 1 54 1.0 152.29279760785363 152.29279760785363
44 0 100 0.0 0.0 0.0
45 20 427 2902.6872563902634 18078028.16327943 52474861970.21548
46 20 639 2902.6872563902634 54974861.5670315 159574830092.44122
47 0 100 0.0 0.0 0.0
48 1 100 1.0 0.0 0.0
49 0 100 0.0 0.0 0.0
50 0 100 0.0 0.0 0.0
51 1 101 1.0 1.0 1.0
52 0 100 0.0 0.0 0.0
53 0 10 0.0 10.0 0.0
54 37 487 6468.923834840442 1084941377.5594246 7018403136698.785
55 1 101 1.0 1.0 1.0
56 0 100 0.0 0.0 0.0
57 2 49 9.541850352986048 273.9583678426836 2614.069748903192
58 9 158 604.9491004987461 54558.58518037661 33005167.029353052
59 1 13 1.0 25.320989780782124 25.320989780782124
60 0 100 0.0 0.0 0.0
61 1 105 1.0 7.59708563275366 7.59708563275366
62 1 28 1.0 66.57403288693754 66.57403288693754
63 0 10 0.0 10.0 0.0
64 0 100 0.0 0.0 0.0
65 7 222 332.66880679862265 14884.0 4951442.5203907
66 1 107 1.0 11.607984241186918 11.607984241186918
67 0 100 0.0 0.0 0.0
68 0 18 0.0 18.0 0.0
69 0 100 0.0 0.0 0.0
70 0 100 0.0 0.0 0.0
71 44 1002 7528.2761260995885 47180909272.79604 355190912886061.1
72 0 100 0.0 0.0 0.0
73 0 100 0.0 0.0 0.0
74 2 17 9.541850352986048 59.51335422080222 567.8675199791454
75 0 100 0.0 0.0 0.0
76 3 157 32.9215577265747 612.7419199112477 20172.41848785035
77 9 194 604.9491004987461 84902.29129124073 51361564.74691861
78 0 100 0.0 0.0 0.0
79 1 27 1.0 63.59241768810072 63.59241768810072
80 11 212 942.9223974109915 211826.15637676563 199735627.20513543
81 0 100 0.0 0.0 0.0
82 1 10 1.0 18.1937008646705 18.1937008646705
83 0 100 0.0 0.0 0.0
84 1 10 1.0 18.1937008646705 18.1937008646705
85 3 24 32.9215577265747 155.22039240905832 5110.09710903639
86 3 37 32.9215577265747 308.57807572808247 10158.870933237406
87 8 63 459.67273235884244 5530.688121770416 2542306.520758801
88 2 23 9.541850352986048 92.0346545141889 878.1809006631623
89 0 100 0.0 0.0 0.0
90 0 100 0.0 0.0 0.0
91 20 427 2902.6872563902634 18078028.16327943 52474861970.21548
92 1 106 1.0 9.55892689827884 9.55892689827884
93 1 14 1.0 27.799106543625292 27.799106543625292
94 0 100 0.0 0.0 0.0
95 17 378 2206.0678959513543 5687736.300451254 12547532453.062637
96 32 455 5549.980220652734 335477041.41141534 1861890944316.4531
97 0 6 0.0 6.0 0.0
98 0 100 0.0 0.0 0.0
99 21 424 3136.7198300107975 23013489.02988361 72186867397.77187
100 4 76 75.61186198841948 1644.92462809159 124375.81396061354
101 2 112 9.541850352986048 36.01211998010309 343.62225974392254
102 31 617 5350.621552679651 722109750.7187624 3863735995595.9404
103 16 226 1979.1134619514044 1129992.8408612981 2236384043.257306
104 23 589 3602.4235623004615 97812686.48159677 352362726473.21204
105 33 819 5744.298091538941 2740999198.929154 15745116467318.504
106 23 367 3602.4235623004615 24990621.58204598 90026804023.69687
107 21 303 3136.7198300107975 8976351.31987282 28156299186.18867
108 17 464 2206.0678959513543 9733164.199766472 21472021067.12787
109 24 515 3832.71054120725 84990902.37996309 325745527458.4009
110 42 907 7252.650449022947 22997235515.899143 166790910490672.38
111 2 113 9.541850352986048 40.41888428935346 385.6709453236695
112 1 117 1.0 35.503281577765854 35.503281577765854
113 25 560 4060.496712466729 138514814.6603676 562438949556.361
114 18 338 2436.3877014920204 5599709.436894733 13643063203.979136
115 7 216 332.66880679862265 13456.0 4476391.464282267
116 22 380 3370.209833397988 21705079.734751333 73150673156.74634
117 36 673 6295.82243666837 2652000452.233967 16696523949229.271
118 31 814 5350.621552679651 1740429694.3880017 9312380633716.102
119 29 765 4937.473672561782 912444688.6113387 4505171627687.318
120 24 721 3832.71054120725 227328250.00299913 871283380100.6919
121 2 130 9.541850352986048 135.01359299654277 1288.2794999919763
122 28 472 4724.12231882448 164133410.34507537 775386307075.9474
123 7 157 332.66880679862265 24649.0 8199953.41877925
124 15 338 1756.7778603087352 2357603.5034913844 4141785638.319972
125 33 611 5744.298091538941 1060942833.4737499 6094371893555.178
126 26 586 4285.277943143774 201230056.0 862326720474.3865
127 15 354 1756.7778603087352 2649023.0189200286 4653744991.086914
128 18 345 2436.3877014920204 5914535.698956064 14410102036.972065
129 0 100 0.0 0.0 0.0
130 21 529 3136.7198300107975 42778929.08170199 134185515157.20021
131 14 360 1540.4353185285338 2015505.989245061 3104756610.538883
132 25 577 4060.496712466729 151346537.85574687 614542119406.4816
133 39 954 6798.773358825962 15485031937.208 105279222595258.92
134 15 302 1756.7778603087352 1775112.5834180268 3118478486.1042323
135 24 633 3832.71054120725 155365340.0728266 595470376635.3717
136 21 426 3136.7198300107975 23318956.543540224 73145033405.28267
137 21 482 3136.7198300107975 32961223.733751655 103390124107.08136
138 11 186 942.9223974109915 156995.63646857248 148034701.92201084
139 12 180 1131.8354418063404 200863.24359139695 227344138.05292335
140 15 252 1756.7778603087352 1124993.9350205557 1976364438.025716
141 17 279 2206.0678959513543 2566233.4961421206 5661285329.3541355
142 8 254 459.67273235884244 35499.84558585349 16318311.018766263
143 33 785 5744.298091538941 2389207685.8026843 13724321149846.53
144 18 357 2436.3877014920204 6479538.527190129 15786667978.98975
145 31 582 5350.621552679651 599906142.6975129 3209870736702.2266
146 11 150 942.9223974109915 95941.23722419069 90465141.41401054
147 36 716 6295.82243666837 3259894592.058451 20523717513855.48
148 38 784 6636.579650383532 6534882022.857513 43369265050553.34
149 12 299 1131.8354418063404 662417.108327256 749747160.4636583
150 44 855 7528.2761260995885 26834322967.3672 202016192955276.34
151 13 349 1331.5823725933528 1344531.656349165 1790354652.9882915
152 36 732 6295.82243666837 3509024646.3725567 22092196099454.633
153 28 603 4724.12231882448 348349874.84208286 1645647418501.198
154 1 17 1.0 35.503281577765854 35.503281577765854
155 6 137 225.58275470837765 12229.238131186143 2758705.225617702
156 18 398 2436.3877014920204 8660286.827042961 21099816316.800823
157 0 6 0.0 6.0 0.0
158 0 100 0.0 0.0 0.0
159 18 361 2436.3877014920204 6675079.372143912 16263081288.774504
160 34 901 5933.442745663244 4624882671.911072 27441476539194.39
161 39 694 6798.773358825962 5215701168.147244 35460370149596.93
162 29 713 4937.473672561782 733183241.3228453 3620072951195.0605
163 30 569 5146.386239304723 451706529.9235493 2324656269802.641
164 30 648 5146.386239304723 679559246.5992163 3497274355490.4917
165 43 982 7393.130324549447 36575966422.050995 270410886504567.56
166 27 670 4506.6139001521815 233592661.31594718 1052711934459.9883
167 33 825 5744.298091538941 2806587777.8204317 16121876815870.422
168 26 483 4285.277943143774 112678587.0 482859063535.7068
169 20 422 2902.6872563902634 17499997.696169898 50797020299.531334
170 27 473 4506.6139001521815 132572620.62323818 597453614880.2869
171 27 502 4506.6139001521815 158828020.69657674 715776565804.8511
172 26 490 4285.277943143774 117649000.0 504158664732.9219
173 28 663 4724.12231882448 466212042.32395214 2202442714447.3257
174 18 337 2436.3877014920204 5555610.561352802 13535621245.959146
175 41 660 7106.788070274764 6321350136.763079 44924495739977.59
176 24 634 3832.71054120725 156084110.62587693 598225216110.7571
177 24 440 3832.71054120725 53641697.92702834 205593101093.17664
178 21 520 3136.7198300107975 40770702.16430864 127886269962.25104
179 22 548 3370.209833397988 61479113.3277395 207197512285.73697
180 32 753 5549.980220652734 1688179594.488458 9369363358320.494
181 18 324 2436.3877014920204 5001985.684092617 12186776403.762402
182 28 532 4724.12231882448 237063216.8122913 1119915633515.272
183 22 474 3370.209833397988 40696557.24208043 137155937402.70355
184 17 335 2206.0678959513543 4144665.137054616 9143412698.325008
185 18 437 2436.3877014920204 11113862.510560598 27077677936.80307
186 24 416 3832.71054120725 45527662.880872905 174494353440.05164
187 29 741 4937.473672561782 826404021.6967254 4080348100026.7573
188 22 683 3370.209833397988 115004662.07683219 387589843017.9525
189 32 563 5549.980220652734 664278354.8584318 3686731730472.034
190 25 538 4060.496712466729 123007546.26231802 499471737206.7414
191 23 630 3602.4235623004615 118766896.80742992 427848667480.393
192 20 453 2902.6872563902634 21280094.115186263 61769458002.93661
193 25 507 4060.496712466729 103175229.7264096 418942681112.08575
194 23 412 3602.4235623004615 34887413.478888854 125679240344.06792
195 19 388 2668.9360872348193 10645607.316489683 28412445537.51034
196 27 582 4506.6139001521815 248848279.975836 1121463117568.0642
197 22 528 3370.209833397988 55310643.41233608 186408474319.8247
198 38 750 6636.579650383532 5622644892.4520645 37315130674580.27
199 25 682 4060.496712466729 248356235.6712199 1008449678463.6006
