0 1 21 1.0 46.33316012586883 46.33316012586883
1 1 105 1.0 7.59708563275366 7.59708563275366
2 4 50 75.61186198841948 803.8922494719358 60783.78982063209
3 1 5 1.0 7.59708563275366 7.59708563275366
4 3 123 32.9215577265747 145.08021796711313 4776.266770788355
5 0 100 0.0 0.0 0.0
6 0 100 0.0 0.0 0.0
7 5 59 139.6884681067044 1651.3976308733363 230681.20529173722
8 1 100 1.0 0.0 0.0
9 0 100 0.0 0.0 0.0
10 1 7 1.0 11.607984241186918 11.607984241186918
11 3 40 32.9215577265747 349.23013798641597 11497.20014757944
12 2 36 9.541850352986048 175.6210676402407 1675.7499462548174
13 1 9 1.0 15.931997307697284 15.931997307697284
14 2 19 9.541850352986048 69.8685662777562 666.6754038000371
15 2 21 9.541850352986048 80.71796600694597 770.1987524356932
16 1 100 1.0 0.0 0.0
17 1 106 1.0 9.55892689827884 9.55892689827884
18 0 100 0.0 0.0 0.0
19 0 10 0.0 10.0 0.0
20 3 25 32.9215577265747 165.61186212092687 5452.200479019623
21 7 71 332.66880679862265 5041.0 1676983.4550718567
22 1 107 1.0 11.607984241186918 11.607984241186918
23 0 5 0.0 5.0 0.0
24 0 100 0.0 0.0 0.0
25 6 81 225.58275470837765 4475.076918624486 1009500.1788351899
26 0 100 0.0 0.0 0.0
27 1 18 1.0 38.15436697768484 38.15436697768484
28 1 14 1.0 27.799106543625292 27.799106543625292
29 1 34 1.0 85.02419427196995 85.02419427196995
30 1 9 1.0 15.931997307697284 15.931997307697284
31 0 100 0.0 0.0 0.0
32 0 100 0.0 0.0 0.0
33 0 7 0.0 7.0 0.0
34 2 29 9.541850352986048 128.5709592386038 1226.8048527946264
35 0 6 0.0 6.0 0.0
36 1 12 1.0 22.891970023971037 22.891970023971037
37 1 7 1.0 11.607984241186918 11.607984241186918
38 2 33 9.541850352986048 154.90879557685506 1478.1165457556579
39 0 100 0.0 0.0 0.0
40 0 5 0.0 5.0 0.0
41 0 100 0.0 0.0 0.0
42 2 12 9.541850352986048 36.01211998010309 343.62225974392254
43 0 5 0.0 5.0 0.0
44 2 27 9.541850352986048 115.98017876588344 1106.66550969663
45 1 7 1.0 11.607984241186918 11.607984241186918
46 0 5 0.0 5.0 0.0
47 6 96 225.58275470837765 6193.675591281851 1397186.4016513997
48 0 100 0.0 0.0 0.0
49 0 5 0.0 5.0 0.0
50 0 5 0.0 5.0 0.0
51 2 13 9.541850352986048 40.41888428935346 385.6709453236695
52 0 9 0.0 9.0 0.0
53 0 100 0.0 0.0 0.0
54 6 109 225.58275470837765 7896.900764171442 1781404.6280404862
55 2 20 9.541850352986048 75.23327232919837 717.8646261306569
56 2 47 9.541850352986048 257.9778488812911 2461.586028410529
57 2 29 9.541850352986048 128.5709592386038 1226.8048527946264
58 1 6 1.0 9.55892689827884 9.55892689827884
59 4 41 75.61186198841948 572.5607883495287 43292.38730866522
60 2 129 9.541850352986048 128.5709592386038 1226.8048527946264
61 3 19 32.9215577265747 107.12598084817145 3526.754162509012
62 0 5 0.0 5.0 0.0
63 0 10 0.0 10.0 0.0
64 2 25 9.541850352986048 103.79546451213633 990.4007896934788
65 2 11 9.541850352986048 31.76494829034237 303.0963830567869
66 0 100 0.0 0.0 0.0
67 0 100 0.0 0.0 0.0
68 1 110 1.0 18.1937008646705 18.1937008646705
69 0 100 0.0 0.0 0.0
70 1 7 1.0 11.607984241186918 11.607984241186918
71 0 100 0.0 0.0 0.0
72 0 6 0.0 6.0 0.0
73 1 102 1.0 2.3948263510722025 2.3948263510722025
74 0 100 0.0 0.0 0.0
75 0 5 0.0 5.0 0.0
76 1 6 1.0 9.55892689827884 9.55892689827884
77 0 100 0.0 0.0 0.0
78 1 12 1.0 22.891970023971037 22.891970023971037
79 0 6 0.0 6.0 0.0
80 0 5 0.0 5.0 0.0
81 2 33 9.541850352986048 154.90879557685506 1478.1165457556579
82 2 120 9.541850352986048 75.23327232919837 717.8646261306569
83 2 108 9.541850352986048 20.066939702021244 191.47573567908114
84 3 71 32.9215577265747 868.3392862126454 28587.081937302275
85 0 6 0.0 6.0 0.0
86 0 5 0.0 5.0 0.0
87 0 6 0.0 6.0 0.0
88 0 8 0.0 8.0 0.0
89 0 100 0.0 0.0 0.0
90 2 9 9.541850352986048 23.78240930402918 226.9281906125095
91 0 100 0.0 0.0 0.0
92 1 9 1.0 15.931997307697284 15.931997307697284
93 6 86 225.58275470837765 5018.366904356723 1132057.0304221432
94 0 5 0.0 5.0 0.0
95 1 19 1.0 40.84402933782601 40.84402933782601
96 2 33 9.541850352986048 154.90879557685506 1478.1165457556579
97 0 10 0.0 10.0 0.0
98 0 6 0.0 6.0 0.0
99 1 17 1.0 35.503281577765854 35.503281577765854
100 1 11 1.0 20.51504931294799 20.51504931294799
101 3 23 32.9215577265747 145.08021796711313 4776.266770788355
102 0 100 0.0 0.0 0.0
103 5 104 139.6884681067044 4625.863540566592 646179.7916524031
104 1 6 1.0 9.55892689827884 9.55892689827884
105 0 5 0.0 5.0 0.0
106 0 100 0.0 0.0 0.0
107 1 19 1.0 40.84402933782601 40.84402933782601
108 3 48 32.9215577265747 466.4489382157433 15356.225645969067
109 6 96 225.58275470837765 6193.675591281851 1397186.4016513997
110 12 117 1131.8354418063404 72945.27356932806 82562045.93802479
111 1 14 1.0 27.799106543625292 27.799106543625292
112 2 131 9.541850352986048 141.5519192260369 1350.6672304328126
113 1 35 1.0 88.18685030395203 88.18685030395203
114 2 25 9.541850352986048 103.79546451213633 990.4007896934788
115 3 44 32.9215577265747 406.27351121486885 13375.156852238497
116 2 22 9.541850352986048 86.31942417916456 823.6470280735138
117 2 21 9.541850352986048 80.71796600694597 770.1987524356932
118 1 102 1.0 2.3948263510722025 2.3948263510722025
119 5 70 139.6884681067044 2253.023098877021 314721.345291151
120 8 122 459.67273235884244 21867.711360392437 10051990.63146609
121 4 61 75.61186198841948 1129.4605717070829 85400.6168692773
122 1 27 1.0 63.59241768810072 63.59241768810072
123 0 6 0.0 6.0 0.0
124 5 157 139.6884681067044 1551.0877169304622 216669.0670771418
125 2 19 9.541850352986048 69.8685662777562 666.6754038000371
126 1 29 1.0 69.58346013935528 69.58346013935528
127 2 28 9.541850352986048 122.22584512913716 1166.2607234894754
128 3 59 32.9215577265747 647.2206215128941 21307.511052966296
129 0 5 0.0 5.0 0.0
130 0 100 0.0 0.0 0.0
131 4 40 75.61186198841948 548.8883970182196 41502.47372238642
132 0 100 0.0 0.0 0.0
133 2 37 9.541850352986048 182.69988024795316 1743.2949168344405
134 0 100 0.0 0.0 0.0
135 8 86 459.67273235884244 10566.202609933729 4856995.224365369
136 4 53 75.61186198841948 888.1171619831025 67152.19228141312
137 1 28 1.0 66.57403288693754 66.57403288693754
138 1 104 1.0 5.735193251789799 5.735193251789799
139 2 43 9.541850352986048 226.91812071099523 2165.21875020514
140 5 52 139.6884681067044 1312.7590262571498 183377.29737111018
141 2 21 9.541850352986048 80.71796600694597 770.1987524356932
142 5 34 139.6884681067044 606.571327772905 84731.01957404678
143 2 38 9.541850352986048 189.8638195218893 1811.6521533242187
144 1 21 1.0 46.33316012586883 46.33316012586883
145 2 25 9.541850352986048 103.79546451213633 990.4007896934788
146 2 30 9.541850352986048 135.01359299654277 1288.2794999919763
147 3 63 32.9215577265747 718.2490844189361 23645.87869475743
148 2 53 9.541850352986048 306.7864203576611 2927.3101133810746
149 7 104 332.66880679862265 10816.0 3598145.8143339027
150 2 11 9.541850352986048 31.76494829034237 303.0963830567869
151 1 19 1.0 40.84402933782601 40.84402933782601
152 5 43 139.6884681067044 929.4139107485241 129828.40542952261
153 7 63 332.66880679862265 3969.0 1320362.4941837334
154 5 71 139.6884681067044 2311.8500842163953 322938.7967565438
155 1 15 1.0 30.323695983612147 30.323695983612147
156 3 17 32.9215577265747 89.78750677036001 2955.9445872656233
157 1 104 1.0 5.735193251789799 5.735193251789799
158 1 13 1.0 25.320989780782124 25.320989780782124
159 0 100 0.0 0.0 0.0
160 2 21 9.541850352986048 80.71796600694597 770.1987524356932
161 3 44 32.9215577265747 406.27351121486885 13375.156852238497
162 3 54 32.9215577265747 562.3460860297637 18513.309133542207
163 0 5 0.0 5.0 0.0
164 6 183 225.58275470837765 4688.828251009056 1057718.7932170872
165 2 28 9.541850352986048 122.22584512913716 1166.2607234894754
166 1 19 1.0 40.84402933782601 40.84402933782601
167 5 168 139.6884681067044 2137.419079796989 298572.7969588832
168 2 37 9.541850352986048 182.69988024795316 1743.2949168344405
169 6 109 225.58275470837765 7896.900764171442 1781404.6280404862
170 4 70 75.61186198841948 1429.1350405139644 108059.56144615616
171 1 19 1.0 40.84402933782601 40.84402933782601
172 7 94 332.66880679862265 8836.0 2939461.5768726296
173 2 73 9.541850352986048 486.8291720253608 4645.251106934094
174 1 19 1.0 40.84402933782601 40.84402933782601
175 2 21 9.541850352986048 80.71796600694597 770.1987524356932
176 0 6 0.0 6.0 0.0
177 2 20 9.541850352986048 75.23327232919837 717.8646261306569
178 1 19 1.0 40.84402933782601 40.84402933782601
179 6 104 225.58275470837765 7218.483555423629 1628365.4052495863
180 2 116 9.541850352986048 54.53075711894446 520.3243240639966
181 5 60 139.6884681067044 1702.6102917613564 237835.0234388529
182 5 46 139.6884681067044 1050.58572833688 146754.71100614508
183 2 32 9.541850352986048 148.1842032776824 1413.95149235211
184 1 19 1.0 40.84402933782601 40.84402933782601
185 3 32 32.9215577265747 245.06238675558936 8067.83551218631
186 3 44 32.9215577265747 406.27351121486885 13375.156852238497
187 2 14 9.541850352986048 44.97826169706515 429.17584225083993
188 3 25 32.9215577265747 165.61186212092687 5452.200479019623
189 3 43 32.9215577265747 391.71440685113555 12895.848457480626
190 5 151 139.6884681067044 1267.2460047423704 177019.65311680315
191 5 168 139.6884681067044 2137.419079796989 298572.7969588832
192 1 19 1.0 40.84402933782601 40.84402933782601
193 2 21 9.541850352986048 80.71796600694597 770.1987524356932
194 1 33 1.0 81.88562674252243 81.88562674252243
195 1 9 1.0 15.931997307697284 15.931997307697284
196 4 22 75.61186198841948 197.47425973648444 14931.396473460363
197 1 13 1.0 25.320989780782124 25.320989780782124
198 2 28 9.541850352986048 122.22584512913716 1166.2607234894754
199 3 41 32.9215577265747 363.1907597716439 11956.805563580698
