0 0 100 0.0 0.0 0.0
1 1 102 1.0 2.3948263510722025 2.3948263510722025
2 0 18 0.0 18.0 0.0
3 0 100 0.0 0.0 0.0
4 0 100 0.0 0.0 0.0
5 0 5 0.0 5.0 0.0
6 32 767 5549.980220652734 1790936406.130291 9939661630470.006
7 0 5 0.0 5.0 0.0
8 0 100 0.0 0.0 0.0
9 1 110 1.0 18.1937008646705 18.1937008646705
10 21 600 3136.7198300107975 60882022.335306734 190969846750.31693
11 1 33 1.0 81.88562674252243 81.88562674252243
12 0 10 0.0 10.0 0.0
13 1 13 1.0 25.320989780782124 25.320989780782124
14 0 5 0.0 5.0 0.0
15 3 70 32.9215577265747 849.0056290582019 27950.587827226456
16 0 100 0.0 0.0 0.0
17 1 10 1.0 18.1937008646705 18.1937008646705
18 1 24 1.0 54.8222930413608 54.8222930413608
19 10 172 766.6651705632711 93706.72457701275 71841681.98076095
20 1 110 1.0 18.1937008646705 18.1937008646705
21 1 102 1.0 2.3948263510722025 2.3948263510722025
22 2 48 9.541850352986048 265.93129728965954 2537.4766429133756
23 1 100 1.0 0.0 0.0
24 0 100 0.0 0.0 0.0
25 1 18 1.0 38.15436697768484 38.15436697768484
26 13 368 1331.5823725933528 1527771.0323373403 2034352976.0191514
27 0 100 0.0 0.0 0.0
28 4 114 75.61186198841948 3290.469127179636 248798.49752146174
29 0 100 0.0 0.0 0.0
30 1 7 1.0 11.607984241186918 11.607984241186918
31 5 223 139.6884681067044 6274.940542472304 876536.8318386087
32 0 18 0.0 18.0 0.0
33 0 100 0.0 0.0 0.0
34 1 25 1.0 57.71571011139208 57.71571011139208
35 14 527 1540.4353185285338 3070386.0628738604 4729731132.768666
36 0 100 0.0 0.0 0.0
37 5 138 139.6884681067044 7734.252637092071 1080385.90282563
38 0 100 0.0 0.0 0.0
39 5 218 139.6884681067044 5819.148784232864 812867.97935448
40 1 6 1.0 9.55892689827884 9.55892689827884
41 0 100 0.0 0.0 0.0
42 4 37 75.61186198841948 480.38255499420245 36322.61944986597
43 0 100 0.0 0.0 0.0
44 0 100 0.0 0.0 0.0
45 0 100 0.0 0.0 0.0
46 2 36 9.541850352986048 175.6210676402407 1675.7499462548174
47 0 100 0.0 0.0 0.0
48 0 10 0.0 10.0 0.0
49 0 5 0.0 5.0 0.0
50 6 91 225.58275470837765 5591.281626292221 1261296.7116093368
51 0 100 0.0 0.0 0.0
52 1 113 1.0 25.320989780782124 25.320989780782124
53 0 100 0.0 0.0 0.0
54 1 13 1.0 25.320989780782124 25.320989780782124
55 2 67 9.541850352986048 430.18533333719057 4104.764074752892
56 0 100 0.0 0.0 0.0
57 0 5 0.0 5.0 0.0
58 0 100 0.0 0.0 0.0
59 0 100 0.0 0.0 0.0
60 0 10 0.0 10.0 0.0
61 2 119 9.541850352986048 69.8685662777562 666.6754038000371
62 2 66 9.541850352986048 420.9557626935435 4016.6968928488986
63 0 100 0.0 0.0 0.0
64 0 5 0.0 5.0 0.0
65 10 314 766.6651705632711 357373.0715718963 273985486.87138796
66 3 35 32.9215577265747 282.5239294230334 9301.12785163911
67 1 32 1.0 78.7716859795011 78.7716859795011
68 3 27 32.9215577265747 187.1321231368427 6160.680994346051
69 0 100 0.0 0.0 0.0
70 0 100 0.0 0.0 0.0
71 0 100 0.0 0.0 0.0
72 0 100 0.0 0.0 0.0
73 0 100 0.0 0.0 0.0
74 9 170 604.9491004987461 63878.767860182066 38643403.15798535
75 0 100 0.0 0.0 0.0
76 0 100 0.0 0.0 0.0
77 1 45 1.0 121.03674784737703 121.03674784737703
78 1 32 1.0 78.7716859795011 78.7716859795011
79 0 5 0.0 5.0 0.0
80 1 10 1.0 18.1937008646705 18.1937008646705
81 0 100 0.0 0.0 0.0
82 1 36 1.0 91.37308344663872 91.37308344663872
83 0 100 0.0 0.0 0.0
84 8 207 459.67273235884244 16645.17504715694 7651333.094517854
85 0 10 0.0 10.0 0.0
86 0 100 0.0 0.0 0.0
87 0 100 0.0 0.0 0.0
88 0 100 0.0 0.0 0.0
89 1 15 1.0 30.323695983612147 30.323695983612147
90 0 100 0.0 0.0 0.0
91 5 161 139.6884681067044 1754.5251914699081 245086.93625105367
92 0 100 0.0 0.0 0.0
93 3 80 32.9215577265747 1049.4627962762117 34549.95002949981
94 0 100 0.0 0.0 0.0
95 0 100 0.0 0.0 0.0
96 0 9 0.0 9.0 0.0
97 0 100 0.0 0.0 0.0
98 48 1685 8016.77096497358 512726031348.3481 4110407161099570.5
99 0 18 0.0 18.0 0.0
100 43 980 7393.130324549447 36313657816.679985 268471604799808.88
101 9 269 604.9491004987461 63071.970849882 38155332.03231925
102 20 585 2902.6872563902634 43089675.02731779 125075850583.79314
103 16 336 1979.1134619514044 3132778.3997556516 6200123904.266988
104 10 202 766.6651705632711 133984.8046585531 102721483.11643617
105 35 899 6117.310290426031 5663691805.386385 34646560162891.72
106 31 631 5350.621552679651 775423753.9024715 4148999050090.326
107 48 982 8016.77096497358 88930483249.43825 712935316015165.9
108 52 1051 8425.648590871551 223873782555.0233 1886281820517816.0
109 20 600 2902.6872563902634 46207093.36868241 134124741076.10947
110 19 546 2668.9360872348193 26908155.537291516 71816147354.40475
111 27 872 4506.6139001521815 849454125.2298799 3828161768302.5884
112 18 465 2436.3877014920204 13117040.436938424 31958196000.530293
113 0 100 0.0 0.0 0.0
114 30 688 5146.386239304723 820248451.7706962 4221315345003.7144
115 28 782 4724.12231882448 508491168.6717917 2402174478847.554
116 19 582 2668.9360872348193 32000418.501586992 85407071745.5023
117 38 800 6636.579650383532 6998290787.513058 46444714227875.7
118 28 357 4724.12231882448 69599402.4164569 328796090332.4305
119 27 626 4506.6139001521815 310489400.8250475 1399255849608.0813
120 18 335 2436.3877014920204 5468065.726742697 13322328087.585934
121 1 33 1.0 81.88562674252243 81.88562674252243
122 55 1315 8683.506947919002 856210715352.5262 7434911695646361.0
123 17 585 2206.0678959513543 17864872.559274565 39411121818.27792
124 41 1129 7106.788070274764 40855025021.290215 290348004432082.3
125 37 970 6468.923834840442 11001530733.448366 71168064381333.8
126 0 100 0.0 0.0 0.0
127 31 744 5350.621552679651 1308204977.985869 6999709750533.999
128 36 942 6295.82243666837 8132000678.351868 51197632325770.09
129 44 1078 7528.2761260995885 61192946519.48309 460677398368313.5
130 29 767 4937.473672561782 919877355.2204002 4541870223386.488
131 0 100 0.0 0.0 0.0
132 55 1619 8683.506947919002 1897303205197.0508 1.6475245564637584e+16
133 25 668 4060.496712466729 233554997.31778684 948349298789.0492
134 29 621 4937.473672561782 477292941.911127 2356621334785.7495
135 39 1107 6798.773358825962 25753628086.778614 175093080529502.47
136 9 288 604.9491004987461 198884.29584245337 120314875.87321869
137 18 438 2436.3877014920204 11181855.392712042 27243334958.665844
138 26 737 4285.277943143774 400315553.0 1715463409568.3025
139 36 1100 6295.82243666837 13633117096.041758 85831684494986.83
140 24 604 3832.71054120725 135456964.50715888 519167335746.5242
141 39 780 6798.773358825962 7777220499.426284 52875559537214.555
142 37 829 6468.923834840442 6487965847.777261 41970156912317.1
143 52 1065 8425.648590871551 235282813461.81955 1982410305700874.0
144 20 407 2902.6872563902634 15837006.908122513 45969878131.571785
145 56 1327 8760.68123103637 1043211292339.8667 9139241588807066.0
146 27 704 4506.6139001521815 443514408.49734795 1998748198251.9211
147 43 1158 7393.130324549447 65457349002.999 483934711878688.44
148 44 991 7528.2761260995885 45364311236.53638 341515061258968.1
149 13 438 1331.5823725933528 2324493.8069621697 3095254978.5532413
150 31 876 5350.621552679651 2197193103.025182 11756348772445.62
151 48 1308 8016.77096497358 253875337334.4981 2035260433066077.5
152 37 1072 6468.923834840442 15397150193.627558 99602991876175.44
153 38 833 6636.579650383532 8026473011.642974 53268327453422.38
154 41 1159 7106.788070274764 44754392418.71369 318059982133709.8
155 36 957 6295.82243666837 8571560540.6268 53965023168939.47
156 44 1154 7528.2761260995885 77972119256.40227 586995643899363.2
157 47 1296 7902.318130854768 205096047651.45947 1620734215922781.8
158 25 630 4060.496712466729 196352019.27318376 797286728744.9666
159 34 996 5933.442745663244 6419557765.144833 38090078451964.75
160 15 263 1756.7778603087352 1252871.0515300073 2201016125.149641
161 20 692 2902.6872563902634 68491608.8011841 198809720036.8643
162 49 1105 8126.242482129881 162870524142.31125 1323525372372010.0
163 48 1127 8016.77096497358 147205017266.7711 1180108908322685.0
164 31 775 5350.621552679651 1489227763.1595194 7968294166410.232
165 53 1184 8516.089422990353 413562841590.94556 3521938141014486.5
166 34 806 5933.442745663244 3212289228.0641584 19059934217229.46
167 41 1056 7106.788070274764 32384436518.68077 230149327113530.94
168 47 1143 7902.318130854768 129920462570.6102 1026672826940771.2
169 18 566 2436.3877014920204 22162558.941068258 53996586037.61072
170 22 721 3370.209833397988 134149089.66221529 452110581120.9863
171 32 871 5549.980220652734 2692831401.28579 14945161014688.719
172 42 757 7252.650449022947 12207280386.507505 88535137576552.67
173 26 723 4285.277943143774 377933067.0 1619548235999.778
174 29 916 4937.473672561782 1596974181.9463744 7885017979121.113
175 36 863 6295.82243666837 6073504116.084764 38237703483244.15
176 33 716 5744.298091538941 1773413126.3993905 10187013637486.125
177 17 356 2206.0678959513543 2048208.5007801168 4518487017.78567
178 29 566 4937.473672561782 357800297.97620434 1766629551292.2695
179 29 639 4937.473672561782 521607061.1667365 2575421131933.0845
180 37 1088 6468.923834840442 16183470696.81114 104689639321043.45
181 62 1352 9138.549208457687 2872998322995.133 2.625503655050743e+16
182 50 1128 8230.818941038662 208580608512.94864 1716789223281747.8
183 47 837 7902.318130854768 41868676605.26861 330859602252709.0
184 63 1589 9188.2629227812 6375226056240.9795 5.85772531969076e+16
185 24 504 3832.71054120725 79791168.44841911 305816452407.49927
186 39 1563 6798.773358825962 66831825821.98782 454374436920227.8
187 50 1033 8230.818941038662 150514853378.96033 1238860506099203.8
188 33 949 5744.298091538941 4417603743.555566 25376032753281.516
189 29 885 4937.473672561782 988628435.9692025 4881326874543.869
190 31 776 5350.621552679651 1495336976.8894842 8000982257063.708
191 48 1231 8016.77096497358 203328819187.93918 1630040574008233.8
192 33 829 5744.298091538941 2850911263.669991 16376484131046.398
193 35 692 6117.310290426031 2386842174.485091 14601054195600.494
194 21 543 3136.7198300107975 46027425.52655189 144375138373.48047
195 33 909 5744.298091538941 3842363701.6228256 22071682478230.496
196 50 1427 8230.818941038662 498838272742.02673 4105847503800084.0
197 30 659 5146.386239304723 716460254.035289 3687181192375.9775
198 49 1234 8126.242482129881 244625891028.69464 1987889307906253.2
199 49 1045 8126.242482129881 132592668790.95422 1077480177948029.0
