0 0 100 0.0 0.0 0.0
1 1 124 1.0 54.8222930413608 54.8222930413608
2 0 100 0.0 0.0 0.0
3 0 100 0.0 0.0 0.0
4 2 38 9.541850352986048 189.8638195218893 1811.6521533242187
5 2 17 9.541850352986048 59.51335422080222 567.8675199791454
6 1 112 1.0 22.891970023971037 22.891970023971037
7 0 100 0.0 0.0 0.0
8 1 116 1.0 32.892441635375256 32.892441635375256
9 3 71 32.9215577265747 868.3392862126454 28587.081937302275
10 3 60 32.9215577265747 664.7206420100937 21883.638987981092
11 0 100 0.0 0.0 0.0
12 0 100 0.0 0.0 0.0
13 8 318 459.67273235884244 73145.1480455014 33622830.06086767
14 0 100 0.0 0.0 0.0
15 0 100 0.0 0.0 0.0
16 1 106 1.0 9.55892689827884 9.55892689827884
17 1 18 1.0 38.15436697768484 38.15436697768484
18 1 12 1.0 22.891970023971037 22.891970023971037
19 0 5 0.0 5.0 0.0
20 0 100 0.0 0.0 0.0
21 1 19 1.0 40.84402933782601 40.84402933782601
22 1 116 1.0 32.892441635375256 32.892441635375256
23 0 100 0.0 0.0 0.0
24 0 9 0.0 9.0 0.0
25 1 123 1.0 51.960050539976365 51.960050539976365
26 1 19 1.0 40.84402933782601 40.84402933782601
27 1 37 1.0 94.5824071263594 94.5824071263594
28 1 111 1.0 20.51504931294799 20.51504931294799
29 0 100 0.0 0.0 0.0
30 0 100 0.0 0.0 0.0
31 0 9 0.0 9.0 0.0
32 0 10 0.0 10.0 0.0
33 0 100 0.0 0.0 0.0
34 2 31 9.541850352986048 141.5519192260369 1350.6672304328126
35 34 868 5933.442745663244 4093481903.99404 24288440507757.2
36 0 100 0.0 0.0 0.0
37 0 100 0.0 0.0 0.0
38 0 100 0.0 0.0 0.0
39 24 492 3832.71054120725 74362453.63351808 285009759911.22015
40 0 100 0.0 0.0 0.0
41 1 7 1.0 11.607984241186918 11.607984241186918
42 0 100 0.0 0.0 0.0
43 0 6 0.0 6.0 0.0
44 0 100 0.0 0.0 0.0
45 46 1221 7782.801884860074 137854196107.1167 1072891897298338.1
46 0 100 0.0 0.0 0.0
47 0 100 0.0 0.0 0.0
48 0 9 0.0 9.0 0.0
49 0 100 0.0 0.0 0.0
50 0 100 0.0 0.0 0.0
51 1 17 1.0 35.503281577765854 35.503281577765854
52 30 503 5146.386239304723 306657364.8313084 1578177242549.2937
53 46 1451 7782.801884860074 256985023707.8593 2000063526894338.2
54 0 100 0.0 0.0 0.0
55 3 35 32.9215577265747 282.5239294230334 9301.12785163911
56 41 1016 7106.788070274764 28316700485.608826 201240789200668.44
57 1 26 1.0 60.63937356224698 60.63937356224698
58 51 1235 8330.590095344352 252816920614.6173 2106114134807590.5
59 0 100 0.0 0.0 0.0
60 0 100 0.0 0.0 0.0
61 0 100 0.0 0.0 0.0
62 1 104 1.0 5.735193251789799 5.735193251789799
63 32 778 5549.980220652734 1874633202.1206887 10404177192748.72
64 3 87 32.9215577265747 1198.932966405119 39470.74086379957
65 0 100 0.0 0.0 0.0
66 0 100 0.0 0.0 0.0
67 21 386 3136.7198300107975 17689654.873087224 55487491226.45983
68 0 100 0.0 0.0 0.0
69 1 8 1.0 13.734791927877684 13.734791927877684
70 0 10 0.0 10.0 0.0
71 0 100 0.0 0.0 0.0
72 1 33 1.0 81.88562674252243 81.88562674252243
73 0 100 0.0 0.0 0.0
74 0 100 0.0 0.0 0.0
75 0 100 0.0 0.0 0.0
76 1 101 1.0 1.0 1.0
77 1 10 1.0 18.1937008646705 18.1937008646705
78 2 37 9.541850352986048 182.69988024795316 1743.2949168344405
79 0 100 0.0 0.0 0.0
80 1 115 1.0 30.323695983612147 30.323695983612147
81 13 345 1331.5823725933528 1307690.7744416697 1741297984.0494776
82 0 100 0.0 0.0 0.0
83 0 100 0.0 0.0 0.0
84 0 100 0.0 0.0 0.0
85 1 19 1.0 40.84402933782601 40.84402933782601
86 0 10 0.0 10.0 0.0
87 0 100 0.0 0.0 0.0
88 0 100 0.0 0.0 0.0
89 1 64 1.0 188.64450930209398 188.64450930209398
90 3 67 32.9215577265747 791.9778998728451 26073.146148835265
91 2 34 9.541850352986048 161.72412498062124 1543.1473990327004
92 2 33 9.541850352986048 154.90879557685506 1478.1165457556579
93 1 14 1.0 27.799106543625292 27.799106543625292
94 0 10 0.0 10.0 0.0
95 0 9 0.0 9.0 0.0
96 0 9 0.0 9.0 0.0
97 1 11 1.0 20.51504931294799 20.51504931294799
98 1 118 1.0 38.15436697768484 38.15436697768484
99 18 484 2436.3877014920204 7871068.644513999 19176974843.093376
100 5 192 139.6884681067044 3702.0246060004592 517130.14610553003
101 24 455 3832.71054120725 59166035.831442095 226766289212.61398
102 8 148 459.67273235884244 32683.32902098925 15023635.15366118
103 0 100 0.0 0.0 0.0
104 17 483 2206.0678959513543 10812630.084946832 23853396101.19897
105 26 793 4285.277943143774 498677257.0 2136970650169.539
106 40 998 6955.50474228233 21961077199.97164 152750376610031.1
107 29 753 4937.473672561782 868702083.2739536 4289193665464.7188
108 41 1104 7106.788070274764 37795629117.89114 268605526123558.28
109 15 309 1756.7778603087352 1880624.9917681168 3303840349.081525
110 44 1170 7528.2761260995885 81886017258.77219 616460548790593.5
111 42 1179 7252.650449022947 57641530967.636856 418053875454801.56
112 17 435 2206.0678959513543 8218603.218335782 18130796709.533047
113 35 1276 6117.310290426031 18000848332.959515 110116774743611.52
114 25 672 4060.496712466729 237722536.4035344 965271577545.8038
115 48 1106 8016.77096497358 137413852649.66989 1101615384107031.4
116 23 599 3602.4235623004615 102679863.41553871 369896359341.9298
117 23 469 3602.4235623004615 50698576.93612103 182637748129.78516
118 30 728 5146.386239304723 979589541.0601032 5041346134278.544
119 28 599 4724.12231882448 341299112.1691778 1612338753193.3926
120 43 1090 7393.130324549447 52865650525.291115 390842644025563.2
121 27 481 4506.6139001521815 139499342.25142166 628669674852.3434
122 21 540 3136.7198300107975 45318422.27764928 142151193823.1056
123 24 476 3832.71054120725 67510329.19636756 258747550351.28955
124 56 1204 8760.68123103637 717454757799.2546 6285392430769674.0
125 35 895 6117.310290426031 5580908654.022106 34140149939177.12
126 20 474 2902.6872563902634 12541736.325631611 36404738205.417725
127 34 792 5933.442745663244 3033348324.857575 17998198613195.93
128 35 638 6117.310290426031 1825214151.4473488 11165401310880.084
129 34 1023 5933.442745663244 7006526731.727456 41572825208663.875
130 34 990 5933.442745663244 6293922090.207962 37344626367914.07
131 28 769 4724.12231882448 479296437.89440304 2264254999590.021
132 34 801 5933.442745663244 3147563500.439904 18675887818199.555
133 20 520 2902.6872563902634 31134886.572776712 90374838483.95529
134 13 308 1331.5823725933528 994858.3705822692 1324735869.4942951
135 22 524 3370.209833397988 54127311.26093543 182420396666.99823
136 18 542 2436.3877014920204 19742775.35117739 48101055058.9284
137 45 1099 7658.1450374688 78711884013.04579 602787023944326.4
138 26 590 4285.277943143774 205379000.0 880106098684.9252
139 45 1181 7658.1450374688 101863467291.02641 780085206534139.4
140 42 981 7252.650449022947 30269649889.96205 219535189866200.7
141 28 620 4724.12231882448 379412794.09760404 1792392448644.0483
142 24 536 3832.71054120725 95527025.62749824 366127438092.6876
143 44 1125 7528.2761260995885 71223609305.97697 536190997552830.94
144 32 764 5549.980220652734 1768564585.2895215 9815498467303.748
145 44 1033 7528.2761260995885 52581534087.78261 395848307746745.5
146 19 560 2668.9360872348193 16898056.856651843 45099833748.86388
147 64 1502 9234.449738045854 5922684858955.439 5.469273564430921e+16
148 42 705 7252.650449022947 9513497931.38713 68998075043853.75
149 19 572 2668.9360872348193 18121546.877992757 48365250419.192345
150 47 1009 7902.318130854768 82578120423.58232 652558578235183.0
151 35 884 6117.310290426031 5357609073.20356 32774157115588.008
152 48 1158 8016.77096497358 162572178433.56226 1303303919778686.0
153 43 1028 7393.130324549447 42991725717.91118 317843431109801.5
154 57 1316 8833.632285946418 1186464526361.2727 1.0480791346195064e+16
155 52 1019 8425.648590871551 199325027920.3332 1679442640622388.0
156 0 100 0.0 0.0 0.0
157 1 122 1.0 49.12998068819353 49.12998068819353
158 32 677 5549.980220652734 1200080361.594729 6660422270044.526
159 31 832 5350.621552679651 1865579152.9963975 9982008024252.373
160 27 597 4506.6139001521815 268839475.92522705 1211555719114.2559
161 45 1287 7658.1450374688 138601775047.97253 1061432495767997.9
162 34 647 5933.442745663244 1565504403.890946 9288830748570.594
163 27 878 4506.6139001521815 867327238.7200071 3908708989996.1934
164 52 1199 8425.648590871551 367218571883.69965 3094054642733757.5
165 17 443 2206.0678959513543 8620645.595088685 19017729489.699608
166 57 1073 8833.632285946418 538366057308.2327 4755727785495684.0
167 4 56 75.61186198841948 975.7969952136767 73781.82773081094
168 21 453 3136.7198300107975 27700756.40014084 86889511906.62029
169 40 1007 6955.50474228233 22651553571.56273 157552988287066.8
170 35 994 6117.310290426031 7891358582.162059 48273889060101.74
171 22 605 3370.209833397988 81459596.77521402 274535934076.4613
172 45 1121 7658.1450374688 84505095647.56812 647152278874250.1
173 27 816 4506.6139001521815 694394425.2809019 3129367569159.098
174 24 465 3832.71054120725 63049224.63662104 241649427879.7213
175 32 611 5549.980220652734 863620269.0937684 4793075411625.206
176 51 1587 8330.590095344352 883464468064.7693 7359780347249034.0
177 47 898 7902.318130854768 54065284836.8728 427241080616247.3
178 22 494 3370.209833397988 45772130.004910566 154261682638.1207
179 23 541 3602.4235623004615 76542944.0452213 275740105156.351
180 41 1259 7106.788070274764 59672198343.1559 424077667312209.9
181 59 1108 8967.266196081293 829793808867.0104 7440981971970684.0
182 51 1512 8330.590095344352 737415962262.3463 6143110111371527.0
183 41 971 7106.788070274764 24190989740.551033 171920237296287.3
184 0 100 0.0 0.0 0.0
185 27 796 4506.6139001521815 428386590.90590274 1930572965215.3474
186 14 349 1540.4353185285338 1867010.5450046232 2876008983.590328
187 21 711 3136.7198300107975 64061491.80957848 200942951699.1791
188 54 1292 8602.009448624298 679177722632.7561 5842293187382101.0
189 37 845 6468.923834840442 6918632692.848377 44756107931273.18
190 42 908 7252.650449022947 23086187797.815838 167436050298057.12
191 54 1067 8602.009448624298 328069102438.8533 2822053518980708.5
192 14 349 1540.4353185285338 811962.1078218127 1250775108.1955938
193 39 956 6798.773358825962 10688560104.130962 72669097680175.64
194 38 918 6636.579650383532 11159018673.74979 74057716248457.69
195 20 650 2902.6872563902634 57625494.56566582 167268788718.94455
196 33 828 5744.298091538941 2839785357.4059067 16312573608926.979
197 33 944 5744.298091538941 4342645528.320652 24945450420562.438
198 51 1368 8330.590095344352 507547095979.3798 4228166810686611.0
199 17 462 2206.0678959513543 5078242.859310338 11202948539.768747
