0 0 100 0.0 0.0 0.0
1 1 121 1.0 46.33316012586883 46.33316012586883
2 0 100 0.0 0.0 0.0
3 28 692 4724.12231882448 531747847.7028425 2512041875319.879
4 1 6 1.0 9.55892689827884 9.55892689827884
5 0 10 0.0 10.0 0.0
6 0 100 0.0 0.0 0.0
7 4 194 75.61186198841948 2365.92606792603 178892.07532282695
8 0 100 0.0 0.0 0.0
9 0 5 0.0 5.0 0.0
10 1 10 1.0 18.1937008646705 18.1937008646705
11 0 10 0.0 10.0 0.0
12 30 588 5146.386239304723 500804648.42784256 2577334151248.8887
13 0 6 0.0 6.0 0.0
14 0 100 0.0 0.0 0.0
15 0 100 0.0 0.0 0.0
16 0 100 0.0 0.0 0.0
17 0 100 0.0 0.0 0.0
18 1 42 1.0 110.9598727978785 110.9598727978785
19 1 108 1.0 13.734791927877684 13.734791927877684
20 3 132 32.9215577265747 245.06238675558936 8067.83551218631
21 1 9 1.0 15.931997307697284 15.931997307697284
22 19 368 2668.9360872348193 9221095.512979796 24610514578.430847
23 0 100 0.0 0.0 0.0
24 0 100 0.0 0.0 0.0
25 1 120 1.0 43.57075425423803 43.57075425423803
26 1 10 1.0 18.1937008646705 18.1937008646705
27 0 18 0.0 18.0 0.0
28 2 148 9.541850352986048 265.93129728965954 2537.4766429133756
29 1 40 1.0 104.3443904241405 104.3443904241405
30 22 640 3370.209833397988 95587822.298598 322151018663.8345
31 0 100 0.0 0.0 0.0
32 1 117 1.0 35.503281577765854 35.503281577765854
33 2 46 9.541850352986048 250.0988923255542 2386.406204018009
34 0 100 0.0 0.0 0.0
35 1 118 1.0 38.15436697768484 38.15436697768484
36 1 45 1.0 121.03674784737703 121.03674784737703
37 1 7 1.0 11.607984241186918 11.607984241186918
38 0 100 0.0 0.0 0.0
39 0 100 0.0 0.0 0.0
40 0 100 0.0 0.0 0.0
41 22 646 3370.209833397988 98158398.40312497 330814399528.80914
42 0 6 0.0 6.0 0.0
43 1 103 1.0 3.9914906122521803 3.9914906122521803
44 0 10 0.0 10.0 0.0
45 0 9 0.0 9.0 0.0
46 25 440 4060.496712466729 67798199.58462879 275294366524.54834
47 4 181 75.61186198841948 1834.2709028460106 138692.63835536616
48 0 100 0.0 0.0 0.0
49 12 406 1131.8354418063404 699460.210252393 791673856.0969731
50 0 100 0.0 0.0 0.0
51 0 100 0.0 0.0 0.0
52 1 30 1.0 72.61998620345668 72.61998620345668
53 1 10 1.0 18.1937008646705 18.1937008646705
54 0 100 0.0 0.0 0.0
55 0 6 0.0 6.0 0.0
56 9 301 604.9491004987461 218730.64804183278 132320908.78441457
57 1 121 1.0 46.33316012586883 46.33316012586883
58 1 113 1.0 25.320989780782124 25.320989780782124
59 0 10 0.0 10.0 0.0
60 0 100 0.0 0.0 0.0
61 4 84 75.61186198841948 1951.9617083430758 147591.45929791615
62 39 859 6798.773358825962 10817215349.180922 73543795532694.52
63 1 106 1.0 9.55892689827884 9.55892689827884
64 0 100 0.0 0.0 0.0
65 1 30 1.0 72.61998620345668 72.61998620345668
66 0 100 0.0 0.0 0.0
67 0 100 0.0 0.0 0.0
68 1 100 1.0 0.0 0.0
69 0 100 0.0 0.0 0.0
70 35 715 6117.310290426031 2658954440.947395 16265649363381.494
71 0 9 0.0 9.0 0.0
72 1 111 1.0 20.51504931294799 20.51504931294799
73 0 100 0.0 0.0 0.0
74 0 100 0.0 0.0 0.0
75 0 5 0.0 5.0 0.0
76 16 369 1979.1134619514044 3986094.9364539124 7888934149.352265
77 0 6 0.0 6.0 0.0
78 0 10 0.0 10.0 0.0
79 4 63 75.61186198841948 1193.5182370479756 90244.13622033325
80 1 108 1.0 13.734791927877684 13.734791927877684
81 0 100 0.0 0.0 0.0
82 0 100 0.0 0.0 0.0
83 43 1003 7393.130324549447 39412842035.65711 291384277630493.75
84 0 100 0.0 0.0 0.0
85 0 100 0.0 0.0 0.0
86 1 8 1.0 13.734791927877684 13.734791927877684
87 28 669 4724.12231882448 479296437.89440304 2264254999590.021
88 45 921 7658.1450374688 41791134120.88246 320042566378029.06
89 0 10 0.0 10.0 0.0
90 0 16 0.0 16.0 0.0
91 2 8 9.541850352986048 20.066939702021244 191.47573567908114
92 0 100 0.0 0.0 0.0
93 0 10 0.0 10.0 0.0
94 0 6 0.0 6.0 0.0
95 1 18 1.0 38.15436697768484 38.15436697768484
96 0 100 0.0 0.0 0.0
97 1 10 1.0 18.1937008646705 18.1937008646705
98 0 100 0.0 0.0 0.0
99 0 6 0.0 6.0 0.0
100 37 928 6468.923834840442 9480326935.673857 61327512876260.47
101 21 491 3136.7198300107975 34714921.13175281 108890981511.22992
102 20 542 2902.6872563902634 34905730.38552738 101320418765.06473
103 22 633 3370.209833397988 92644471.49387088 312231308838.6032
104 40 903 6955.50474228233 15554406971.610191 108188751454424.02
105 24 539 3832.71054120725 97098831.34930347 372151714451.38043
106 21 513 3136.7198300107975 39251426.76792908 123120728699.17976
107 19 583 2668.9360872348193 32149886.695749383 85805992802.79613
108 25 664 4060.496712466729 229436146.32375357 931624717868.6367
109 41 972 7106.788070274764 24277700133.026382 172536469679099.97
110 19 469 2668.9360872348193 17810602.915787794 47535360857.355736
111 50 1409 8230.818941038662 475899520935.59375 3917042790947910.5
112 34 644 5933.442745663244 1541884809.6892996 9148685238699.326
113 20 404 2902.6872563902634 15517028.61701695 45041081223.658134
114 0 100 0.0 0.0 0.0
115 0 100 0.0 0.0 0.0
116 0 100 0.0 0.0 0.0
117 20 372 2902.6872563902634 12357569.546037748 35870159641.24019
118 63 1415 9188.2629227812 4008904950624.9873 3.683487271878157e+16
119 32 805 5549.980220652734 2091414151.0432243 11607307171483.125
120 41 780 7106.788070274764 11297904476.956802 80291812755940.45
121 37 751 6468.923834840442 4654046809.442164 30106674334063.53
122 23 593 3602.4235623004615 99741037.15030912 359309462358.55927
123 13 421 1331.5823725933528 1099091.157773447 1463530411.5643415
124 44 801 7528.2761260995885 21277032412.152073 160179375142651.6
125 27 708 4506.6139001521815 451210876.4482255 2033433207701.4216
126 21 466 3136.7198300107975 29986259.009118255 94058493261.74117
127 37 800 6468.923834840442 5755951686.917257 37234813059689.09
128 41 1124 7106.788070274764 40229532446.61949 285902761264366.94
129 38 955 6636.579650383532 12759143853.58941 84677074455047.6
130 35 976 6117.310290426031 7429264356.070022 45447115295682.47
131 35 657 6117.310290426031 2010924981.2767582 12301452081239.088
132 29 669 4937.473672561782 601528039.556716 2970028858618.9873
133 29 658 4937.473672561782 571324838.787465 2820901349993.713
134 29 686 4937.473672561782 650307091.1942475 3210874141851.831
135 39 787 6798.773358825962 8018520964.993392 54516106713984.516
136 59 1389 8967.266196081293 2010311364001.6973 1.8026997138010496e+16
137 26 680 4285.277943143774 314432000.0 1347428514218.583
138 59 1435 8967.266196081293 2283796249758.3545 2.047940890919532e+16
139 34 781 5933.442745663244 2897699487.983064 17193334006085.209
140 45 1028 7658.1450374688 61960586070.40856 474503154733757.8
141 0 100 0.0 0.0 0.0
142 0 100 0.0 0.0 0.0
143 29 752 4937.473672561782 865122422.8068492 4271519186151.6807
144 39 1102 6798.773358825962 25357982867.720425 172403178354622.78
145 36 939 6295.82243666837 5528705984.8458 34807751185134.887
146 15 456 1756.7778603087352 2686897.6308825267 4720282270.850415
147 34 701 5933.442745663244 2034849701.8402288 12073664201898.92
148 21 432 3136.7198300107975 24250969.972542107 76068498409.86923
149 26 676 4285.277943143774 308915776.0 1323789961181.9429
150 21 437 3136.7198300107975 25045680.62318351 78561283066.8569
151 43 1087 7393.130324549447 52353764684.347664 387058205292176.6
152 44 1026 7528.2761260995885 51325109710.76417 386389598104988.06
153 52 1333 8425.648590871551 546707428004.32306 4606364670383635.0
154 38 893 6636.579650383532 10161579845.562492 67438134018807.47
155 0 100 0.0 0.0 0.0
156 34 762 5933.442745663244 2673411514.4039164 15862534156312.504
157 26 506 4285.277943143774 129554216.0 555175824266.0842
158 41 838 7106.788070274764 14496865121.60537 103026148102607.36
159 18 492 2436.3877014920204 15249096.702736922 37152711665.41075
160 41 734 7106.788070274764 9146098208.49716 64999381637709.01
161 33 745 5744.298091538941 2016839582.9254665 11585327767138.951
162 56 1341 8760.68123103637 1086208481386.8167 9515926255878002.0
163 27 730 4506.6139001521815 495147533.4314963 2231438756788.448
164 20 446 2902.6872563902634 20385153.828411985 59171726237.28666
165 1 100 1.0 0.0 0.0
166 36 767 6295.82243666837 4099946118.6834784 25812532763138.844
167 42 829 7252.650449022947 16782562818.619143 121718061762213.94
168 21 648 3136.7198300107975 75534219.77152422 236929685001.73367
169 32 704 5549.980220652734 1360464022.546995 7550548416045.477
170 37 801 6468.923834840442 5780176626.151168 37391522346496.91
171 40 978 6955.50474228233 20480379209.518364 142451374715545.4
172 50 871 8230.818941038662 79955961134.91895 658103039358242.0
173 23 520 3602.4235623004615 68282483.842915 245982428688.11755
174 23 555 3602.4235623004615 82396876.99983498 296828451164.1785
175 37 1067 6468.923834840442 15157036828.118263 98049716802968.61
176 36 769 6295.82243666837 4135678895.94563 26037499983950.37
177 21 456 3136.7198300107975 28217859.580777142 88511519707.48383
178 31 783 5350.621552679651 1538583003.2564604 8232375377810.604
179 34 504 5933.442745663244 691559391.335108 4103328053712.585
180 27 796 4506.6139001521815 643992233.5459851 2902224351288.386
181 47 1169 7902.318130854768 140986602962.32806 1114120988796827.6
182 28 606 4724.12231882448 353701954.967183 1670931299672.3206
183 27 596 4506.6139001521815 267474378.18903825 1205403750681.2812
184 35 677 6117.310290426031 2220229432.2851415 13581832353224.64
185 40 1148 6955.50474228233 25993325605.143467 180796699514264.1
186 41 726 7106.788070274764 8804241016.694647 62569875025269.28
187 23 547 3602.4235623004615 79017282.52433632 284653720394.62164
188 30 612 5146.386239304723 567867482.4158163 2922465397253.3735
189 40 1064 6955.50474228233 27387494740.10417 190493849544026.94
190 39 975 6798.773358825962 16682148955.237238 113418149884833.28
191 44 806 7528.2761260995885 21753224944.686596 163764284016758.16
192 37 1047 6468.923834840442 14222844885.63985 92006500279954.11
193 33 678 5744.298091538941 1486226937.0100067 8537330557860.347
194 26 810 4285.277943143774 531441000.0 2277372395382.2705
195 24 524 3832.71054120725 89407287.51301822 342672253311.8923
196 43 1040 7393.130324549447 44789748828.22816 331136450290926.7
197 31 567 5350.621552679651 552180783.623762 2954510401832.8403
198 23 818 3602.4235623004615 252251873.9607365 908718094390.6035
199 36 1085 6295.82243666837 13023427680.104168 81993188190727.72
