0 1 36 1.0 91.37308344663872 91.37308344663872
1 0 100 0.0 0.0 0.0
2 0 100 0.0 0.0 0.0
3 0 6 0.0 6.0 0.0
4 4 124 75.61186198841948 229.15430718595061 17326.78384899598
5 2 7 9.541850352986048 16.551687764173284 157.9337277350917
6 0 100 0.0 0.0 0.0
7 0 100 0.0 0.0 0.0
8 0 100 0.0 0.0 0.0
9 0 10 0.0 10.0 0.0
10 0 6 0.0 6.0 0.0
11 2 117 9.541850352986048 59.51335422080222 567.8675199791454
12 0 6 0.0 6.0 0.0
13 0 6 0.0 6.0 0.0
14 0 100 0.0 0.0 0.0
15 2 37 9.541850352986048 182.69988024795316 1743.2949168344405
16 2 128 9.541850352986048 122.22584512913716 1166.2607234894754
17 1 9 1.0 15.931997307697284 15.931997307697284
18 0 18 0.0 18.0 0.0
19 0 100 0.0 0.0 0.0
20 2 113 9.541850352986048 40.41888428935346 385.6709453236695
21 0 100 0.0 0.0 0.0
22 0 100 0.0 0.0 0.0
23 4 68 75.61186198841948 1360.0227175454593 102833.85002016247
24 0 100 0.0 0.0 0.0
25 1 13 1.0 25.320989780782124 25.320989780782124
26 5 151 139.6884681067044 1267.2460047423704 177019.65311680315
27 0 100 0.0 0.0 0.0
28 0 6 0.0 6.0 0.0
29 0 100 0.0 0.0 0.0
30 1 16 1.0 32.892441635375256 32.892441635375256
31 0 100 0.0 0.0 0.0
32 0 100 0.0 0.0 0.0
33 0 100 0.0 0.0 0.0
34 0 5 0.0 5.0 0.0
35 2 17 9.541850352986048 59.51335422080222 567.8675199791454
36 1 101 1.0 1.0 1.0
37 6 111 225.58275470837765 8176.399536993932 1844454.7311513948
38 0 100 0.0 0.0 0.0
39 7 95 332.66880679862265 9025.0 3002335.9813575693
40 1 104 1.0 5.735193251789799 5.735193251789799
41 1 105 1.0 7.59708563275366 7.59708563275366
42 1 26 1.0 60.63937356224698 60.63937356224698
43 1 5 1.0 7.59708563275366 7.59708563275366
44 0 100 0.0 0.0 0.0
45 0 100 0.0 0.0 0.0
46 2 24 9.541850352986048 97.86086952638261 933.7737724338355
47 4 58 75.61186198841948 1036.142416344768 78344.65738500807
48 1 19 1.0 40.84402933782601 40.84402933782601
49 1 28 1.0 66.57403288693754 66.57403288693754
50 0 12 0.0 12.0 0.0
51 0 100 0.0 0.0 0.0
52 5 91 139.6884681067044 3629.2296992039956 506961.5370891617
53 2 12 9.541850352986048 36.01211998010309 343.62225974392254
54 0 100 0.0 0.0 0.0
55 4 50 75.61186198841948 803.8922494719358 60783.78982063209
56 0 5 0.0 5.0 0.0
57 2 12 9.541850352986048 36.01211998010309 343.62225974392254
58 3 44 32.9215577265747 406.27351121486885 13375.156852238497
59 1 15 1.0 30.323695983612147 30.323695983612147
60 0 7 0.0 7.0 0.0
61 0 5 0.0 5.0 0.0
62 2 39 9.541850352986048 197.11162840858907 1880.8096611081503
63 0 8 0.0 8.0 0.0
64 4 137 75.61186198841948 480.38255499420245 36322.61944986597
65 0 100 0.0 0.0 0.0
66 1 10 1.0 18.1937008646705 18.1937008646705
67 2 19 9.541850352986048 69.8685662777562 666.6754038000371
68 2 26 9.541850352986048 109.8359986590007 1048.0386625749609
69 0 100 0.0 0.0 0.0
70 0 100 0.0 0.0 0.0
71 9 150 604.9491004987461 48780.52804290304 29509736.561408054
72 1 8 1.0 13.734791927877684 13.734791927877684
73 1 11 1.0 20.51504931294799 20.51504931294799
74 0 10 0.0 10.0 0.0
75 3 43 32.9215577265747 391.71440685113555 12895.848457480626
76 1 9 1.0 15.931997307697284 15.931997307697284
77 0 100 0.0 0.0 0.0
78 3 70 32.9215577265747 849.0056290582019 27950.587827226456
79 1 29 1.0 69.58346013935528 69.58346013935528
80 0 100 0.0 0.0 0.0
81 1 9 1.0 15.931997307697284 15.931997307697284
82 1 19 1.0 40.84402933782601 40.84402933782601
83 6 83 225.58275470837765 4688.828251009056 1057718.7932170872
84 0 100 0.0 0.0 0.0
85 0 100 0.0 0.0 0.0
86 3 40 32.9215577265747 349.23013798641597 11497.20014757944
87 2 130 9.541850352986048 135.01359299654277 1288.2794999919763
88 2 37 9.541850352986048 182.69988024795316 1743.2949168344405
89 0 100 0.0 0.0 0.0
90 1 37 1.0 94.5824071263594 94.5824071263594
91 9 136 604.9491004987461 39497.557201796815 23894011.701124758
92 0 100 0.0 0.0 0.0
93 1 100 1.0 0.0 0.0
94 2 27 9.541850352986048 115.98017876588344 1106.66550969663
95 0 100 0.0 0.0 0.0
96 1 104 1.0 5.735193251789799 5.735193251789799
97 0 6 0.0 6.0 0.0
98 0 100 0.0 0.0 0.0
99 4 139 75.61186198841948 525.6324972119714 39744.05183581987
100 3 73 32.9215577265747 907.48753481702 29875.90326362549
101 4 158 75.61186198841948 1036.142416344768 78344.65738500807
102 4 152 75.61186198841948 859.6554919481086 65000.15241476724
103 2 52 9.541850352986048 298.47302352672085 2847.984924895254
104 3 48 32.9215577265747 466.4489382157433 15356.225645969067
105 3 34 32.9215577265747 269.81820202916316 8882.83551378369
106 4 52 75.61186198841948 859.6554919481086 65000.15241476724
107 1 23 1.0 51.960050539976365 51.960050539976365
108 2 20 9.541850352986048 75.23327232919837 717.8646261306569
109 0 9 0.0 9.0 0.0
110 1 103 1.0 3.9914906122521803 3.9914906122521803
111 4 184 75.61186198841948 1951.9617083430758 147591.45929791615
112 4 158 75.61186198841948 1036.142416344768 78344.65738500807
113 6 96 225.58275470837765 6193.675591281851 1397186.4016513997
114 6 75 225.58275470837765 3862.4525781644106 871302.6925128031
115 4 64 75.61186198841948 1226.095534977771 92707.36637535656
116 1 11 1.0 20.51504931294799 20.51504931294799
117 0 100 0.0 0.0 0.0
118 6 85 225.58275470837765 4907.334112484054 1107009.9473685443
119 1 103 1.0 3.9914906122521803 3.9914906122521803
120 1 102 1.0 2.3948263510722025 2.3948263510722025
121 1 105 1.0 7.59708563275366 7.59708563275366
122 11 111 942.9223974109915 48152.70500470695 45404264.04486252
123 7 110 332.66880679862265 12100.0 4025292.562263334
124 8 108 459.67273235884244 16970.39141279495 7800826.189918491
125 4 42 75.61186198841948 596.6466987883373 45113.56784462985
126 0 8 0.0 8.0 0.0
127 6 193 225.58275470837765 5828.709556476301 1314856.3581449701
128 9 154 604.9491004987461 51626.24357981338 31231249.615737274
129 8 114 459.67273235884244 18990.417242658223 8729376.98256718
130 6 112 225.58275470837765 8317.887761606735 1876372.0346183486
131 0 100 0.0 0.0 0.0
132 1 11 1.0 20.51504931294799 20.51504931294799
133 9 253 604.9491004987461 150441.00123991552 91009148.37821765
134 5 87 139.6884681067044 3344.5706484424895 467197.95035557833
135 6 105 225.58275470837765 7351.839824949449 1658448.2798868536
136 2 107 9.541850352986048 16.551687764173284 157.9337277350917
137 4 142 75.61186198841948 596.6466987883373 45113.56784462985
138 0 100 0.0 0.0 0.0
139 4 127 75.61186198841948 280.28354879760207 21192.761009308724
140 6 113 225.58275470837765 8460.534002517481 1908550.5665917895
141 2 39 9.541850352986048 197.11162840858907 1880.8096611081503
142 6 112 225.58275470837765 8317.887761606735 1876372.0346183486
143 6 98 225.58275470837765 6442.856405219488 1453397.2960799276
144 5 59 139.6884681067044 1651.3976308733363 230681.20529173722
145 5 90 139.6884681067044 3557.085524945249 496883.82790413423
146 6 105 225.58275470837765 7351.839824949449 1658448.2798868536
147 5 102 139.6884681067044 4465.486028292682 623776.9026440964
148 5 152 139.6884681067044 1312.7590262571498 183377.29737111018
149 5 172 139.6884681067044 2371.3580183097592 331251.36891024053
150 4 158 75.61186198841948 1036.142416344768 78344.65738500807
151 6 107 225.58275470837765 7622.045029127996 1719401.9141819899
152 1 15 1.0 30.323695983612147 30.323695983612147
153 1 102 1.0 2.3948263510722025 2.3948263510722025
154 0 100 0.0 0.0 0.0
155 5 105 139.6884681067044 4707.005408790302 657514.3749238892
156 6 159 225.58275470837765 16260.024842230365 3667981.1955369795
157 4 160 75.61186198841948 1097.9836363389938 83020.58717640696
158 2 45 9.541850352986048 242.29532664846576 2311.945748107533
159 4 76 75.61186198841948 1644.92462809159 124375.81396061354
160 3 64 32.9215577265747 736.4308795040106 24244.45171122346
161 6 99 225.58275470837765 6569.204673563341 1481899.2865055674
162 3 130 32.9215577265747 221.1993434691573 7282.2269551002855
163 10 97 766.6651705632711 26214.45188399616 20097707.22486658
164 4 68 75.61186198841948 1360.0227175454593 102833.85002016247
165 4 166 75.61186198841948 1292.338741426653 97716.13855903981
166 2 57 9.541850352986048 340.72951581223015 3251.1900507256933
167 0 8 0.0 8.0 0.0
168 3 35 32.9215577265747 282.5239294230334 9301.12785163911
169 5 174 139.6884681067044 2492.4098028308917 348160.9072515804
170 7 177 332.66880679862265 5929.0 1972393.3555090337
171 4 157 75.61186198841948 1005.7817905983286 76049.03394118624
172 6 190 225.58275470837765 5474.33581455389 1234915.7532457968
173 5 101 139.6884681067044 4386.2526434047795 612708.9124861964
174 5 176 139.6884681067044 2616.164871066153 365448.0631538047
175 3 69 32.9215577265747 829.8335342600375 27319.412601589327
176 5 101 139.6884681067044 4386.2526434047795 612708.9124861964
177 6 118 225.58275470837765 9191.104391557652 2073354.6474598425
178 5 69 139.6884681067044 2194.8788310889477 306599.26159464906
179 7 128 332.66880679862265 16384.0 5450445.730588634
180 4 179 75.61186198841948 1757.505455801544 132888.25996796062
181 7 175 332.66880679862265 30625.0 10187982.20820782
182 4 148 75.61186198841948 749.6906189831174 56685.50361656424
183 5 203 139.6884681067044 4545.356706035842 634933.9152646826
184 4 177 75.61186198841948 1682.1075637745857 127187.28496180048
185 7 100 332.66880679862265 10000.0 3326688.0679862266
186 4 67 75.61186198841948 1326.001420918201 100261.43643491513
187 4 190 75.61186198841948 2196.381035229248 166072.4597097358
188 8 141 459.67273235884244 29549.892713290425 13583279.924428858
189 6 63 225.58275470837765 2767.0349550527303 624195.3675351668
190 11 149 942.9223974109915 94483.18968962383 89090315.73717758
191 4 136 75.61186198841948 458.3949685466225 34660.09709793311
192 5 204 139.6884681067044 4625.863540566592 646179.7916524031
193 4 167 75.61186198841948 1326.001420918201 100261.43643491513
194 6 104 225.58275470837765 7218.483555423629 1628365.4052495863
195 5 185 139.6884681067044 3206.1723328082135 447865.30165607814
196 7 138 332.66880679862265 19044.0 6335344.75667297
197 10 135 766.6651705632711 54678.91489606342 41920419.615005046
198 5 126 139.6884681067044 6555.813195992822 915771.5025419551
199 6 77 225.58275470837765 4061.8785529685815 916289.7532695315
