0 3 50 32.9215577265747 497.6760852315066 16384.27196908475
1 0 10 0.0 10.0 0.0
2 4 133 75.61186198841948 395.0229353848392 29868.419672578806
3 2 40 9.541850352986048 204.4421003683832 1950.7559275652661
4 1 7 1.0 11.607984241186918 11.607984241186918
5 6 194 225.58275470837765 5949.1894450157 1342034.543288646
6 6 107 225.58275470837765 7622.045029127996 1719401.9141819899
7 1 21 1.0 46.33316012586883 46.33316012586883
8 0 100 0.0 0.0 0.0
9 2 61 9.541850352986048 375.74324992186104 3585.2858618990344
10 0 100 0.0 0.0 0.0
11 0 100 0.0 0.0 0.0
12 5 70 139.6884681067044 2253.023098877021 314721.345291151
13 0 100 0.0 0.0 0.0
14 0 100 0.0 0.0 0.0
15 12 158 1131.8354418063404 147835.47973745366 167325435.52329314
16 0 100 0.0 0.0 0.0
17 18 290 2436.3877014920204 3721061.75277559 9065949090.954788
18 21 282 3136.7198300107975 7339971.46272728 23023434038.85002
19 0 100 0.0 0.0 0.0
20 2 27 9.541850352986048 115.98017876588344 1106.66550969663
21 0 100 0.0 0.0 0.0
22 2 31 9.541850352986048 141.5519192260369 1350.6672304328126
23 0 100 0.0 0.0 0.0
24 10 245 766.6651705632711 64097.25121371274 49141130.034397915
25 2 19 9.541850352986048 69.8685662777562 666.6754038000371
26 0 100 0.0 0.0 0.0
27 0 9 0.0 9.0 0.0
28 0 100 0.0 0.0 0.0
29 18 281 2436.3877014920204 3420833.8521182523 8334477526.148482
30 19 348 2668.9360872348193 7923325.063849429 21146848193.79987
31 0 100 0.0 0.0 0.0
32 17 306 2206.0678959513543 3269136.366752304 7211936786.179311
33 10 311 766.6651705632711 147624.3184025647 113178423.24738891
34 6 147 225.58275470837765 1579.8219117523295 356380.57880174596
35 1 19 1.0 40.84402933782601 40.84402933782601
36 1 21 1.0 46.33316012586883 46.33316012586883
37 0 100 0.0 0.0 0.0
38 7 164 332.66880679862265 26896.0 8947460.227655755
39 0 5 0.0 5.0 0.0
40 0 100 0.0 0.0 0.0
41 6 56 225.58275470837765 2208.835584533681 498275.2158569973
42 0 100 0.0 0.0 0.0
43 13 208 1331.5823725933528 386244.5945999156 514316493.6787133
44 2 109 9.541850352986048 23.78240930402918 226.9281906125095
45 1 19 1.0 40.84402933782601 40.84402933782601
46 11 253 942.9223974109915 100391.00291225547 94660925.14451775
47 0 7 0.0 7.0 0.0
48 1 104 1.0 5.735193251789799 5.735193251789799
49 0 5 0.0 5.0 0.0
50 0 100 0.0 0.0 0.0
51 0 8 0.0 8.0 0.0
52 1 11 1.0 20.51504931294799 20.51504931294799
53 0 100 0.0 0.0 0.0
54 25 385 4060.496712466729 45647526.1609056 185351629908.5962
55 0 100 0.0 0.0 0.0
56 0 6 0.0 6.0 0.0
57 1 102 1.0 2.3948263510722025 2.3948263510722025
58 0 100 0.0 0.0 0.0
59 1 34 1.0 85.02419427196995 85.02419427196995
60 2 15 9.541850352986048 49.68406405407534 474.0779041321602
61 6 227 225.58275470837765 10578.68633606439 2386369.2048852793
62 13 234 1331.5823725933528 513035.32671345456 683148797.5693078
63 1 19 1.0 40.84402933782601 40.84402933782601
64 0 100 0.0 0.0 0.0
65 3 75 32.9215577265747 947.2709566120693 31185.635480811874
66 1 11 1.0 20.51504931294799 20.51504931294799
67 0 100 0.0 0.0 0.0
68 9 131 604.9491004987461 36435.331696668785 22041521.136273235
69 2 31 9.541850352986048 141.5519192260369 1350.6672304328126
70 3 55 32.9215577265747 578.9666715492328 19060.48469917088
71 0 100 0.0 0.0 0.0
72 0 100 0.0 0.0 0.0
73 0 100 0.0 0.0 0.0
74 11 171 942.9223974109915 129504.5127612809 122112705.64840932
75 8 93 459.67273235884244 12433.962042190109 5715553.30597966
76 1 106 1.0 9.55892689827884 9.55892689827884
77 0 100 0.0 0.0 0.0
78 2 45 9.541850352986048 242.29532664846576 2311.945748107533
79 0 100 0.0 0.0 0.0
80 1 114 1.0 27.799106543625292 27.799106543625292
81 0 100 0.0 0.0 0.0
82 1 105 1.0 7.59708563275366 7.59708563275366
83 0 100 0.0 0.0 0.0
84 10 106 766.6651705632711 31933.014755119944 24481930.203833483
85 0 100 0.0 0.0 0.0
86 0 100 0.0 0.0 0.0
87 2 31 9.541850352986048 141.5519192260369 1350.6672304328126
88 0 100 0.0 0.0 0.0
89 0 100 0.0 0.0 0.0
90 0 100 0.0 0.0 0.0
91 1 7 1.0 11.607984241186918 11.607984241186918
92 0 100 0.0 0.0 0.0
93 6 71 225.58275470837765 3478.001961782023 784577.2634199304
94 22 310 3370.209833397988 12164695.880413907 40997577676.46694
95 20 401 2902.6872563902634 15201202.493350195 44124336759.25551
96 2 19 9.541850352986048 69.8685662777562 666.6754038000371
97 0 6 0.0 6.0 0.0
98 6 57 225.58275470837765 2284.902982010436 515434.70892330084
99 0 100 0.0 0.0 0.0
100 14 374 1540.4353185285338 2214353.7961414177 3411068795.293973
101 11 162 942.9223974109915 114426.4995589995 107895309.29151957
102 10 264 766.6651705632711 242995.88582674824 186296482.2535371
103 11 160 942.9223974109915 111217.99791590677 104869941.23011747
104 3 41 32.9215577265747 363.1907597716439 11956.805563580698
105 0 100 0.0 0.0 0.0
106 15 360 1756.7778603087352 2763622.127110308 4855070167.166722
107 0 100 0.0 0.0 0.0
108 17 394 2206.0678959513543 6340512.850037953 13987601842.335752
109 12 250 1131.8354418063404 434870.0731593232 492201361.38263816
110 0 100 0.0 0.0 0.0
111 1 115 1.0 30.323695983612147 30.323695983612147
112 12 225 1131.8354418063404 339444.1642772938 384194935.6433748
113 13 205 1331.5823725933528 372954.3568141739 496619447.3156456
114 14 162 1540.4353185285338 281275.95460123237 433287414.7205668
115 20 271 2902.6872563902634 5156770.419862124 14968491781.864056
116 9 176 604.9491004987461 68835.16986212213 41641774.09076918
117 4 161 75.61186198841948 1129.4605717070829 85400.6168692773
118 15 329 1756.7778603087352 883919.6670475578 1552850501.360618
119 18 195 2436.3877014920204 1290423.1112560607 3143970997.9853354
120 19 454 2668.9360872348193 16306442.195338482 43520852029.54745
121 16 220 1979.1134619514044 1054455.6464504753 2086887364.9208062
122 12 212 1131.8354418063404 295116.9848141019 334023862.8916241
123 9 182 604.9491004987461 73990.54056378055 44760510.95947503
124 12 224 1131.8354418063404 335907.49192777043 380192004.5321278
125 0 100 0.0 0.0 0.0
126 13 195 1331.5823725933528 330604.83694571455 440227573.1710131
127 11 191 942.9223974109915 166825.62725766937 157303620.40339404
128 15 243 1756.7778603087352 1026481.4884919698 1803299952.9994483
129 3 134 32.9215577265747 269.81820202916316 8882.83551378369
130 12 159 1131.8354418063404 150044.96268779706 169826206.63455865
131 15 251 1756.7778603087352 1113778.5999793487 1956661585.729379
132 6 73 225.58275470837765 3667.8232800781016 827397.6793035355
133 7 71 332.66880679862265 5041.0 1676983.4550718567
134 13 248 1331.5823725933528 590159.2186833756 785845612.6222486
135 17 238 2206.0678959513543 1691973.6991776354 3732608858.5498357
136 14 194 1540.4353185285338 438736.98861418 675845952.8061341
137 8 164 459.67273235884244 40463.25900302208 18599856.82606269
138 15 248 1756.7778603087352 1080538.2653407964 1898265701.7671168
139 13 152 1331.5823725933528 181364.98534241138 241502417.4876068
140 12 187 1131.8354418063404 219715.13514294155 248681377.05605105
141 10 175 766.6651705632711 97380.49160672564 74658231.2072055
142 0 100 0.0 0.0 0.0
143 5 196 139.6884681067044 3999.6858182206656 558709.9848553553
144 8 191 459.67273235884244 11884.209766134405 5462847.1751246415
145 14 234 1540.4353185285338 696608.4756750804 1073080299.1162189
146 13 213 1331.5823725933528 409002.6193028316 544620678.2081603
147 8 146 459.67273235884244 31771.327600928158 14604412.968986552
148 15 240 1756.7778603087352 994847.4549542126 1747725983.2480526
149 8 141 459.67273235884244 29549.892713290425 13583279.924428858
150 13 190 1331.5823725933528 310542.0125925511 413512269.9179041
151 9 153 604.9491004987461 50906.707095139885 30795966.666558012
152 0 100 0.0 0.0 0.0
153 11 222 942.9223974109915 235400.47553003722 221964380.73847014
154 16 321 1979.1134619514044 2785673.717634256 5513164355.174171
155 20 343 2902.6872563902634 9878346.18847437 28673749595.495884
156 11 272 942.9223974109915 374775.67743166024 353384380.2551895
157 8 111 459.67273235884244 17965.662675976404 8258325.250903347
158 17 251 2206.0678959513543 1945020.81997725 4290847987.9087896
159 0 100 0.0 0.0 0.0
160 12 307 1131.8354418063404 279011.0535465811 315794599.05974716
161 22 340 3370.209833397988 15819374.315053025 53314610874.795265
162 20 416 2902.6872563902634 16822088.369151182 48829261535.006004
163 10 179 766.6651705632711 102400.07810093557 78506573.34294605
164 8 125 459.67273235884244 23001.09948770076 10572978.24876898
165 13 209 1331.5823725933528 390735.2774924319 520296207.8592946
166 11 259 942.9223974109915 335025.00549660187 315902581.37548643
167 14 291 1540.4353185285338 1192566.592649721 1837071699.0148613
168 18 322 2436.3877014920204 4920018.579392031 11987072757.942986
169 14 235 1540.4353185285338 703973.305306163 1084425342.794884
170 14 201 1540.4353185285338 478817.402515497 737587237.9609648
171 12 170 1131.8354418063404 175602.9947070889 198753693.09681442
172 13 204 1331.5823725933528 368584.680897397 490800863.89091974
173 14 277 1540.4353185285338 1056022.3206510819 1626734079.8853908
174 12 280 1131.8354418063404 200863.24359139695 227344138.05292335
175 14 215 1540.4353185285338 565311.5939489864 870825945.29268
176 22 336 3370.209833397988 15295823.051879553 51550133259.36009
177 7 107 332.66880679862265 11449.0 3808725.1690374305
178 17 289 2206.0678959513543 2814341.815191647 6208629126.727752
179 21 371 3136.7198300107975 15830212.688138112 49654942052.17135
180 14 200 1540.4353185285338 472963.862071704 728570237.5229108
181 19 382 2668.9360872348193 10204653.891477132 27235569028.704548
182 19 269 2668.9360872348193 3938786.065335804 10512368269.67237
183 17 276 2206.0678959513543 2494545.7359523093 5503137263.066733
184 15 270 1756.7778603087352 1338606.0170510584 2351633414.4313564
185 6 123 225.58275470837765 9950.49433314188 2244659.9223802467
186 20 380 2902.6872563902634 13104707.581370598 38038867695.165306
187 13 237 1331.5823725933528 529031.2851182016 704448733.8138055
188 7 171 332.66880679862265 5041.0 1676983.4550718567
189 10 162 766.6651705632711 82019.5537684662 62881535.179424524
190 12 222 1131.8354418063404 328897.9287204573 372258332.46250904
191 19 236 2668.9360872348193 2761049.1869926117 7369063813.79494
192 16 242 1979.1134619514044 1347288.3860441179 2666436581.950694
193 18 376 2436.3877014920204 7441071.732225238 18129335654.313496
194 11 149 942.9223974109915 94483.18968962383 89090315.73717758
195 19 273 2668.9360872348193 4099801.273584144 10942107569.559996
196 18 213 2436.3877014920204 1633247.3893435535 3979223852.890583
197 9 153 604.9491004987461 50906.707095139885 30795966.666558012
198 15 210 1756.7778603087352 710601.2118835767 1248368476.545624
199 16 257 1979.1134619514044 1572594.2186823196 3112342388.3811293
