0 0 100 0.0 0.0 0.0
1 0 100 0.0 0.0 0.0
2 2 114 9.541850352986048 44.97826169706515 429.17584225083993
3 0 100 0.0 0.0 0.0
4 0 100 0.0 0.0 0.0
5 13 213 1331.5823725933528 409002.6193028316 544620678.2081603
6 0 6 0.0 6.0 0.0
7 0 100 0.0 0.0 0.0
8 1 107 1.0 11.607984241186918 11.607984241186918
9 0 100 0.0 0.0 0.0
10 35 892 6117.310290426031 5519377601.952026 33763745401168.082
11 28 837 4724.12231882448 953978531.6715683 4506711273149.0625
12 1 106 1.0 9.55892689827884 9.55892689827884
13 0 100 0.0 0.0 0.0
14 0 10 0.0 10.0 0.0
15 1 13 1.0 25.320989780782124 25.320989780782124
16 0 100 0.0 0.0 0.0
17 35 962 6117.310290426031 7083160105.843425 43329888204211.12
18 3 36 32.9215577265747 295.444715883087 9726.500268956508
19 0 10 0.0 10.0 0.0
20 1 117 1.0 35.503281577765854 35.503281577765854
21 0 5 0.0 5.0 0.0
22 0 18 0.0 18.0 0.0
23 0 11 0.0 11.0 0.0
24 0 100 0.0 0.0 0.0
25 0 6 0.0 6.0 0.0
26 0 100 0.0 0.0 0.0
27 14 230 1540.4353185285338 667608.2663166124 1028407352.375713
28 0 10 0.0 10.0 0.0
29 3 153 32.9215577265747 545.90532331836 17972.053614869816
30 1 18 1.0 38.15436697768484 38.15436697768484
31 5 171 139.6884681067044 2311.8500842163953 322938.7967565438
32 0 100 0.0 0.0 0.0
33 0 10 0.0 10.0 0.0
34 1 13 1.0 25.320989780782124 25.320989780782124
35 0 7 0.0 7.0 0.0
36 0 100 0.0 0.0 0.0
37 32 752 5549.980220652734 1680999035.453538 9329511397703.459
38 2 76 9.541850352986048 515.944034405027 4923.060766808652
39 1 10 1.0 18.1937008646705 18.1937008646705
40 0 10 0.0 10.0 0.0
41 26 690 4285.277943143774 328509000.0 1407752371824.218
42 1 112 1.0 22.891970023971037 22.891970023971037
43 34 790 5933.442745663244 3008363825.559824 17849954517083.66
44 0 7 0.0 7.0 0.0
45 0 18 0.0 18.0 0.0
46 0 100 0.0 0.0 0.0
47 1 17 1.0 35.503281577765854 35.503281577765854
48 2 122 9.541850352986048 86.31942417916456 823.6470280735138
49 4 164 75.61186198841948 1226.095534977771 92707.36637535656
50 1 37 1.0 94.5824071263594 94.5824071263594
51 24 674 3832.71054120725 186660193.98984027 715414493128.651
52 0 100 0.0 0.0 0.0
53 0 6 0.0 6.0 0.0
54 49 1065 8126.242482129881 142184191379.31052 1155423216273838.2
55 0 6 0.0 6.0 0.0
56 16 411 1979.1134619514044 5259244.452012018 10408641494.670221
57 0 11 0.0 11.0 0.0
58 8 181 459.67273235884244 49677.608577221006 22835442.07174425
59 0 100 0.0 0.0 0.0
60 4 72 75.61186198841948 1499.6637502850892 113392.36851559173
61 0 100 0.0 0.0 0.0
62 0 100 0.0 0.0 0.0
63 0 6 0.0 6.0 0.0
64 12 225 1131.8354418063404 339444.1642772938 384194935.6433748
65 0 6 0.0 6.0 0.0
66 0 6 0.0 6.0 0.0
67 35 833 6117.310290426031 4403087484.444839 26935052378240.48
68 0 100 0.0 0.0 0.0
69 1 53 1.0 148.74811262526265 148.74811262526265
70 3 64 32.9215577265747 736.4308795040106 24244.45171122346
71 0 100 0.0 0.0 0.0
72 2 126 9.541850352986048 109.8359986590007 1048.0386625749609
73 0 100 0.0 0.0 0.0
74 0 100 0.0 0.0 0.0
75 5 109 139.6884681067044 5037.901195841188 703736.7005199897
76 0 6 0.0 6.0 0.0
77 0 9 0.0 9.0 0.0
78 0 100 0.0 0.0 0.0
79 0 100 0.0 0.0 0.0
80 0 5 0.0 5.0 0.0
81 11 182 942.9223974109915 149372.90046118762 140847053.41109642
82 25 600 4060.496712466729 169926908.652393 689987653942.676
83 0 100 0.0 0.0 0.0
84 18 319 2436.3877014920204 4798651.235884049 11691374854.857382
85 1 27 1.0 63.59241768810072 63.59241768810072
86 0 6 0.0 6.0 0.0
87 2 12 9.541850352986048 36.01211998010309 343.62225974392254
88 0 100 0.0 0.0 0.0
89 28 718 4724.12231882448 595551312.7762585 2813457248691.5415
90 12 239 1131.8354418063404 391209.5839510121 442784872.29006845
91 0 100 0.0 0.0 0.0
92 1 21 1.0 46.33316012586883 46.33316012586883
93 0 100 0.0 0.0 0.0
94 0 100 0.0 0.0 0.0
95 0 9 0.0 9.0 0.0
96 0 100 0.0 0.0 0.0
97 0 6 0.0 6.0 0.0
98 33 794 5744.298091538941 2479092441.5795736 14240645980914.158
99 0 100 0.0 0.0 0.0
100 32 569 5549.980220652734 687253843.6896276 3814245239044.999
101 10 284 766.6651705632711 285845.3581530896 219147680.26315776
102 35 466 6117.310290426031 646868746.7985142 3957096841345.542
103 37 802 6468.923834840442 5804473104.902902 37548694416996.69
104 1 106 1.0 9.55892689827884 9.55892689827884
105 3 63 32.9215577265747 718.2490844189361 23645.87869475743
106 44 954 7528.2761260995885 39621933468.14357 298284855798131.5
107 31 581 5350.621552679651 596639772.9722282 3192393628451.098
108 30 664 5146.386239304723 733675813.5829898 3775779111134.196
109 3 95 32.9215577265747 1378.6071657178634 45385.89538845017
110 33 814 5744.298091538941 2687157803.5882616 15435835442816.023
111 30 650 5146.386239304723 686169793.0887927 3531294780978.7314
112 26 353 4285.277943143774 43986977.0 188496422323.6725
113 33 594 5744.298091538941 968258462.5257022 5561965238402.82
114 48 941 8016.77096497358 76080522801.02473 609920126191265.5
115 35 973 6117.310290426031 7354128431.416603 44987485530619.44
116 0 100 0.0 0.0 0.0
117 35 782 6117.310290426031 3574030172.9102664 21863451555037.1
118 44 931 7528.2761260995885 36327644727.07749 273484540516285.1
119 0 100 0.0 0.0 0.0
120 28 638 4724.12231882448 414283621.73705506 1957126503771.4604
121 39 952 6798.773358825962 15374290087.805437 104526313859833.66
122 27 563 4506.6139001521815 224990125.96680933 1013943629079.0132
123 36 822 6295.82243666837 5164158522.000487 32512625089322.836
124 10 135 766.6651705632711 54678.91489606342 41920419.615005046
125 47 1186 7902.318130854768 148581652806.9264 1174139488888542.8
126 25 615 4060.496712466729 182823309.25186035 742353446179.467
127 25 601 4060.496712466729 170767294.5171791 693400037983.8434
128 21 445 3136.7198300107975 26351716.677688375 82657952257.73138
129 19 487 2668.9360872348193 19727677.399557885 52651910129.0068
130 25 436 4060.496712466729 65988513.77335749 267946143237.28357
131 30 607 5146.386239304723 553420326.3183237 2848114751916.151
132 25 636 4060.496712466729 201943873.8811685 819992435997.2805
133 22 496 3370.209833397988 46301102.73551792 156044431736.41296
134 46 1004 7782.801884860074 68035394664.50681 529505997832122.6
135 31 758 5350.621552679651 1387969275.9086432 7426498322133.956
136 30 812 5146.386239304723 1380457425.9522395 7104367100866.624
137 33 872 5744.298091538941 3358396019.054605 19291627842887.344
138 34 749 5933.442745663244 2527089557.3615665 14994341201768.324
139 41 878 7106.788070274764 17047683206.042536 121154271634526.55
140 14 280 1540.4353185285338 1084452.875593297 1670529510.8437448
141 40 705 6955.50474228233 6624831201.64689 46079044839874.89
142 31 898 5350.621552679651 2377212072.6750107 12719562151345.178
143 67 1559 9352.808382083527 10767047666183.395 1.0070213366257293e+17
144 27 529 4506.6139001521815 186215342.04728547 839200648891.8896
145 25 499 4060.496712466729 98426549.06750332 399660678908.0424
146 44 966 7528.2761260995885 41423343957.489624 311846371378380.8
147 18 343 2436.3877014920204 5823485.653749988 14188268826.61169
148 32 641 5549.980220652734 1007148450.9628174 5589653982104.677
149 1 113 1.0 25.320989780782124 25.320989780782124
150 41 884 7106.788070274764 17456074271.58684 124056620387143.61
151 26 640 4285.277943143774 262144000.0 1123359901127.4814
152 20 510 2902.6872563902634 29510788.805614017 85660590592.08025
153 15 451 1756.7778603087352 2592817.975808773 4555005215.711363
154 53 1158 8516.089422990353 380270568670.5706 3238418167729973.5
155 26 513 4285.277943143774 135005697.0 578536935552.8516
156 23 525 3602.4235623004615 70193544.4786438 252866878551.25192
157 43 976 7393.130324549447 35793089579.77265 264622975981532.03
158 39 864 6798.773358825962 11034069965.949966 75018140923922.31
159 32 684 5549.980220652734 1240337212.9775488 6883846998964.934
160 28 613 4724.12231882448 366405274.47758275 1730943334894.5583
161 29 680 4937.473672561782 632796060.7715995 3124413890160.578
162 37 817 6468.923834840442 6177587893.860219 39962345568414.14
163 34 748 5933.442745663244 2516069861.255827 14928956465850.31
164 20 565 2902.6872563902634 39146505.26574351 113630061967.08803
165 24 389 3832.71054120725 37416104.97418944 143405099945.4929
166 30 611 5146.386239304723 564957729.211207 2907490683401.4
167 30 816 5146.386239304723 1401932586.0870795 7214886569471.43
168 26 595 4285.277943143774 210644875.0 902671836673.7773
169 45 907 7658.1450374688 39559290438.40127 302950783756629.6
170 43 1172 7393.130324549447 68294147018.42085 504907529311125.44
171 26 771 4285.277943143774 458314011.0 1964002922372.053
172 44 1120 7528.2761260995885 70104059738.63223 527762719273004.4
173 51 1272 8330.590095344352 386841251080.848 3222615894724730.5
174 26 644 4285.277943143774 267089984.0 1144554817269.8235
175 21 479 3136.7198300107975 32389595.769726083 101597087336.93364
176 33 834 5744.298091538941 2906993168.2819877 16698635308678.96
177 32 598 5549.980220652734 806054434.8624368 4473586170255.941
178 34 824 5933.442745663244 3452957755.889278 20487927147762.87
179 49 1078 8126.242482129881 148683589880.12894 1208238904479480.2
180 42 1142 7252.650449022947 51549148718.33701 373867956598797.6
181 28 539 4724.12231882448 246777820.41098532 1165808609194.3953
182 31 787 5350.621552679651 1563675649.924753 8366636633887.744
183 31 707 5350.621552679651 1112609464.3434527 5953152179631.44
184 22 459 3370.209833397988 37139940.440659516 125169392484.9263
185 33 714 5744.298091538941 1757415304.5294342 10095117379849.756
186 40 728 6955.50474228233 7400324545.569325 51472992471135.77
187 56 1355 8760.68123103637 1130503524633.838 9903981009880126.0
188 23 541 3602.4235623004615 76542944.0452213 275740105156.351
189 36 930 6295.82243666837 7791906766.994671 49056461448073.15
190 21 443 3136.7198300107975 26021200.29673205 81621214971.44226
191 39 876 6798.773358825962 11567046703.020632 78641728964792.34
192 20 553 2902.6872563902634 36895268.39097222 107095425379.57356
193 34 876 5933.442745663244 4218189140.428505 25028383755110.99
194 37 888 6468.923834840442 8175077529.312969 52883953881041.18
195 24 614 3832.71054120725 142119533.85025963 544703035499.3507
196 32 597 5549.980220652734 801738919.2157431 4449635143774.874
197 26 454 4285.277943143774 93576664.0 401002014232.176
198 20 462 2902.6872563902634 22467004.265607283 65214686971.043945
199 29 982 4937.473672561782 1982376205.8258152 9787930325377.879
