0 16 423 1979.1134619514044 2830520.163046145 5601920559.009509
1 2 114 9.541850352986048 44.97826169706515 429.17584225083993
2 0 100 0.0 0.0 0.0
3 1 122 1.0 49.12998068819353 49.12998068819353
4 0 100 0.0 0.0 0.0
5 1 5 1.0 7.59708563275366 7.59708563275366
6 0 100 0.0 0.0 0.0
7 0 18 0.0 18.0 0.0
8 0 9 0.0 9.0 0.0
9 0 18 0.0 18.0 0.0
10 0 100 0.0 0.0 0.0
11 1 11 1.0 20.51504931294799 20.51504931294799
12 2 35 9.541850352986048 168.62869283493262 1609.0297522505775
13 3 57 32.9215577265747 612.7419199112477 20172.41848785035
14 0 10 0.0 10.0 0.0
15 0 100 0.0 0.0 0.0
16 24 402 3832.71054120725 41191079.48267217 157873484536.9433
17 0 100 0.0 0.0 0.0
18 22 465 3370.209833397988 38537307.913644105 129878814083.24947
19 17 460 2206.0678959513543 9514800.182780005 20990295219.623047
20 1 113 1.0 25.320989780782124 25.320989780782124
21 1 6 1.0 9.55892689827884 9.55892689827884
22 4 166 75.61186198841948 1292.338741426653 97716.13855903981
23 41 973 7106.788070274764 24364631688.999924 173154273824023.12
24 0 100 0.0 0.0 0.0
25 2 149 9.541850352986048 273.9583678426836 2614.069748903192
26 43 1004 7393.130324549447 39551741997.46077 292411183150183.1
27 0 100 0.0 0.0 0.0
28 0 100 0.0 0.0 0.0
29 22 358 3370.209833397988 18319077.917930473 61739136537.79322
30 0 6 0.0 6.0 0.0
31 0 100 0.0 0.0 0.0
32 1 123 1.0 51.960050539976365 51.960050539976365
33 20 411 2902.6872563902634 16270143.958927812 47227139529.21479
34 0 100 0.0 0.0 0.0
35 25 516 4060.496712466729 108696128.55543405 441360272657.2009
36 29 720 4937.473672561782 755781771.7707533 3731652600320.192
37 37 849 6468.923834840442 7029357372.12674 45472377448162.05
38 0 100 0.0 0.0 0.0
39 18 432 2436.3877014920204 10777776.54572248 26258842225.427402
40 1 16 1.0 32.892441635375256 32.892441635375256
41 1 106 1.0 9.55892689827884 9.55892689827884
42 22 537 3370.209833397988 58034163.23411647 195587307604.6433
43 0 100 0.0 0.0 0.0
44 0 100 0.0 0.0 0.0
45 1 107 1.0 11.607984241186918 11.607984241186918
46 0 100 0.0 0.0 0.0
47 0 100 0.0 0.0 0.0
48 0 100 0.0 0.0 0.0
49 0 100 0.0 0.0 0.0
50 0 100 0.0 0.0 0.0
51 0 100 0.0 0.0 0.0
52 0 100 0.0 0.0 0.0
53 0 6 0.0 6.0 0.0
54 2 139 9.541850352986048 197.11162840858907 1880.8096611081503
55 0 6 0.0 6.0 0.0
56 1 107 1.0 11.607984241186918 11.607984241186918
57 0 100 0.0 0.0 0.0
58 1 122 1.0 49.12998068819353 49.12998068819353
59 0 100 0.0 0.0 0.0
60 1 5 1.0 7.59708563275366 7.59708563275366
61 0 100 0.0 0.0 0.0
62 1 112 1.0 22.891970023971037 22.891970023971037
63 5 204 139.6884681067044 4625.863540566592 646179.7916524031
64 38 1170 6636.579650383532 25401946888.452923 168582043800029.94
65 0 100 0.0 0.0 0.0
66 0 100 0.0 0.0 0.0
67 0 100 0.0 0.0 0.0
68 10 310 766.6651705632711 146072.84146951008 111988959.91988361
69 0 100 0.0 0.0 0.0
70 1 9 1.0 15.931997307697284 15.931997307697284
71 0 100 0.0 0.0 0.0
72 0 8 0.0 8.0 0.0
73 0 100 0.0 0.0 0.0
74 0 100 0.0 0.0 0.0
75 1 12 1.0 22.891970023971037 22.891970023971037
76 2 109 9.541850352986048 23.78240930402918 226.9281906125095
77 5 180 139.6884681067044 2871.732646582133 401147.9342130701
78 2 135 9.541850352986048 168.62869283493262 1609.0297522505775
79 0 6 0.0 6.0 0.0
80 2 23 9.541850352986048 92.0346545141889 878.1809006631623
81 0 5 0.0 5.0 0.0
82 1 10 1.0 18.1937008646705 18.1937008646705
83 0 6 0.0 6.0 0.0
84 44 1060 7528.2761260995885 57635514742.453354 433896069651072.44
85 1 113 1.0 25.320989780782124 25.320989780782124
86 0 6 0.0 6.0 0.0
87 1 54 1.0 152.29279760785363 152.29279760785363
88 0 100 0.0 0.0 0.0
89 1 102 1.0 2.3948263510722025 2.3948263510722025
90 0 100 0.0 0.0 0.0
91 0 100 0.0 0.0 0.0
92 0 100 0.0 0.0 0.0
93 0 100 0.0 0.0 0.0
94 4 216 75.61186198841948 3389.795544335274 256308.752867238
95 0 100 0.0 0.0 0.0
96 27 723 4506.6139001521815 480870153.9176939 2167096119813.7983
97 0 5 0.0 5.0 0.0
98 2 117 9.541850352986048 59.51335422080222 567.8675199791454
99 0 100 0.0 0.0 0.0
100 16 410 1979.1134619514044 5226404.644862808 10343647790.253332
101 45 1147 7658.1450374688 91740729824.3542 702563814838144.1
102 34 785 5933.442745663244 2946528231.6373024 17483056560900.299
103 2 166 9.541850352986048 420.9557626935435 4016.6968928488986
104 41 938 7106.788070274764 21451430577.492615 152450770918451.8
105 10 245 766.6651705632711 64097.25121371274 49141130.034397915
106 29 566 4937.473672561782 357800297.97620434 1766629551292.2695
107 27 678 4506.6139001521815 395622392.7331107 1782917374302.5022
108 0 100 0.0 0.0 0.0
109 15 320 1756.7778603087352 2053914.5981636269 3608271693.018772
110 23 753 3602.4235623004615 198661008.84051475 715661099157.4507
111 25 564 4060.496712466729 141466473.87240353 574424152083.155
112 0 100 0.0 0.0 0.0
113 23 597 3602.4235623004615 101694056.76904935 366345066250.7441
114 22 724 3370.209833397988 88947379.38384776 299771332654.4252
115 16 535 1979.1134619514044 10360145.446122749 20503903320.19607
116 30 753 5146.386239304723 1089201119.725722 5605449654391.752
117 22 688 3370.209833397988 75117431.97612186 253161507905.53033
118 29 392 4937.473672561782 114272772.57074428 564218806058.6901
119 36 817 6295.82243666837 5060226697.622505 31858288777520.06
120 42 660 7252.650449022947 7550657221.1380415 54762277485305.17
121 26 645 4285.277943143774 268336125.0 1149894877811.1707
122 16 385 1979.1134619514044 4445776.001298862 8798695132.99106
123 21 579 3136.7198300107975 55097766.41425284 172826256500.8898
124 32 904 5549.980220652734 3033973100.701597 16838490698886.309
125 21 464 3136.7198300107975 29627039.561908986 92931722498.35432
126 35 1056 6117.310290426031 9636476862.750113 58949319075953.625
127 25 480 4060.496712466729 87733736.13994372 356242547168.6649
128 3 157 32.9215577265747 612.7419199112477 20172.41848785035
129 23 447 3602.4235623004615 44137707.556888595 159002717688.8626
130 34 456 5933.442745663244 498482959.6710548 2957720100896.9634
131 17 558 2206.0678959513543 15784031.534319052 34820645236.54506
132 22 491 3370.209833397988 44986043.15561187 151612405008.70938
133 25 936 4060.496712466729 634443598.9473993 2576156147771.4746
134 18 426 2436.3877014920204 10382953.509044267 25296900234.59887
135 25 478 4060.496712466729 86655196.07832406 351863138794.19464
136 30 722 5146.386239304723 597529101.0820589 3075115543392.8286
137 51 1159 8330.590095344352 273354111300.81033 2277201052124188.5
138 37 750 6468.923834840442 4633244944.766154 29972108655851.766
139 49 998 8126.242482129881 111915794625.33926 909454884705754.9
140 39 895 6798.773358825962 12447805062.37213 84629805433914.58
141 1 23 1.0 51.960050539976365 51.960050539976365
142 33 730 5744.298091538941 1888228413.6456347 10846546872894.22
143 23 693 3602.4235623004615 156348087.77784774 563232035331.5396
144 34 566 5933.442745663244 1010753109.7653368 5997245706793.702
145 17 418 2206.0678959513543 7403297.182903 16332176239.38941
146 31 730 5350.621552679651 1231639023.0355396 6590034301775.268
147 19 516 2668.9360872348193 23081505.78258507 61603063730.86045
148 31 1034 5350.621552679651 3719684875.117924 19902626061982.484
149 61 1504 9085.210990399466 3760127340452.738 3.416155023878273e+16
150 40 873 6955.50474228233 13843822405.979687 96290772396106.1
151 25 627 4060.496712466729 193594980.14104882 786091780412.7904
152 14 461 1540.4353185285338 2029341.5222041346 3126069354.1597056
153 32 702 5549.980220652734 1348105876.728386 7481960951188.255
154 38 1100 6636.579650383532 20606568476.78575 136757133017271.1
155 35 992 6117.310290426031 7839051938.398041 47953913089946.46
156 44 898 7528.2761260995885 31951321721.131462 240538372510521.2
157 45 1113 7658.1450374688 82364110509.3054 630756304162369.0
158 29 782 4937.473672561782 976935900.896507 4823595290456.93
159 21 384 3136.7198300107975 17434027.797989793 54685660710.91406
160 34 970 5933.442745663244 5887465784.178608 34932941147475.12
161 45 1093 7658.1450374688 77182972824.9163 591078400316222.1
162 38 990 6636.579650383532 14415587648.62703 95670195637198.33
163 40 952 6955.50474228233 18663250199.84014 129812325271389.75
164 34 855 5933.442745663244 3896328637.474457 23118642888742.766
165 17 439 2206.0678959513543 8418140.132019414 18570988688.867725
166 0 100 0.0 0.0 0.0
167 49 1362 8126.242482129881 351890211791.5098 2859545188105848.5
168 38 870 6636.579650383532 9301036023.770977 61727066402842.625
169 23 692 3602.4235623004615 155698198.89643174 560890860312.2494
170 43 802 7393.130324549447 17895636371.14611 132304771932630.34
171 54 1246 8602.009448624298 591708702111.6278 5089883846397442.0
172 25 463 4060.496712466729 78844827.2402444 320149161804.0196
173 36 764 6295.82243666837 4046752929.5052977 25477637889232.906
174 12 330 1131.8354418063404 357447.7632466928 404572047.0370087
175 21 556 3136.7198300107975 49182152.444098026 154270632854.0163
176 39 992 6798.773358825962 17698064218.75175 120325127513240.4
177 28 504 4724.12231882448 200781089.8933091 948514427962.8857
178 0 100 0.0 0.0 0.0
179 34 760 5933.442745663244 2650527335.977996 15726752193840.764
180 32 698 5549.980220652734 1323621758.088812 7346074577018.505
181 34 951 5933.442745663244 5518562361.938126 32744073812931.99
182 33 795 5744.298091538941 2489221698.3097305 14298831451017.906
183 36 1027 6295.82243666837 10844782339.687729 68276823974990.9
184 19 548 2668.9360872348193 27176542.03524306 72532453764.11421
185 40 1015 6955.50474228233 23278127334.526844 161911125066753.4
186 49 1002 8126.242482129881 113577213464.457 922955977056804.4
187 1 102 1.0 2.3948263510722025 2.3948263510722025
188 23 542 3602.4235623004615 76951766.2417059 277212855869.75854
189 41 1242 7106.788070274764 56917931631.57099 404503677503963.4
190 22 596 3370.209833397988 78060476.68694839 263080186130.08786
191 27 596 4506.6139001521815 267474378.18903825 1205403750681.2812
192 38 903 6636.579650383532 10552664256.284065 70033596860584.49
193 42 761 7252.650449022947 12434760294.157232 90184969830912.17
194 32 812 5549.980220652734 2150308882.1586514 11934171764274.404
195 41 822 7106.788070274764 13557265594.159695 96348613390120.62
196 29 588 4937.473672561782 402809077.31865025 1988859214329.739
197 40 1038 6955.50474228233 25148015234.92995 174917139225543.56
198 23 471 3602.4235623004615 51324710.62673102 184893346889.98874
199 19 412 2668.9360872348193 12529192.123363271 33439613001.942486
