0 1 17 1.0 35.503281577765854 35.503281577765854
1 1 115 1.0 30.323695983612147 30.323695983612147
2 0 100 0.0 0.0 0.0
3 30 643 5146.386239304723 663223060.1947645 3413202030575.904
4 0 100 0.0 0.0 0.0
5 0 100 0.0 0.0 0.0
6 0 100 0.0 0.0 0.0
7 0 100 0.0 0.0 0.0
8 0 100 0.0 0.0 0.0
9 0 5 0.0 5.0 0.0
10 26 493 4285.277943143774 119823157.0 513475531769.9535
11 0 5 0.0 5.0 0.0
12 0 100 0.0 0.0 0.0
13 0 9 0.0 9.0 0.0
14 0 100 0.0 0.0 0.0
15 2 9 9.541850352986048 23.78240930402918 226.9281906125095
16 5 192 139.6884681067044 3702.0246060004592 517130.14610553003
17 7 102 332.66880679862265 10404.0 3461086.26593287
18 0 5 0.0 5.0 0.0
19 1 126 1.0 60.63937356224698 60.63937356224698
20 34 838 5933.442745663244 3648589683.372399 21648697988707.71
21 1 13 1.0 25.320989780782124 25.320989780782124
22 9 291 604.9491004987461 203374.51394204888 123031229.27361217
23 15 318 1756.7778603087352 2021720.936588567 3551714581.1214347
24 4 55 75.61186198841948 946.1899645328139 71543.18501308264
25 24 531 3832.71054120725 92944718.82808757 356230203601.9552
26 8 177 459.67273235884244 47421.23126688917 21798246.948271517
27 0 100 0.0 0.0 0.0
28 0 100 0.0 0.0 0.0
29 0 100 0.0 0.0 0.0
30 0 100 0.0 0.0 0.0
31 0 100 0.0 0.0 0.0
32 0 100 0.0 0.0 0.0
33 1 11 1.0 20.51504931294799 20.51504931294799
34 0 100 0.0 0.0 0.0
35 0 100 0.0 0.0 0.0
36 25 605 4060.496712466729 174156368.6759062 707161362463.6608
37 2 86 9.541850352986048 616.6369715623467 5883.857704766426
38 8 262 459.67273235884244 107218.41809550002 49285383.20515125
39 0 100 0.0 0.0 0.0
40 0 100 0.0 0.0 0.0
41 1 10 1.0 18.1937008646705 18.1937008646705
42 3 141 32.9215577265747 363.1907597716439 11956.805563580698
43 1 7 1.0 11.607984241186918 11.607984241186918
44 1 101 1.0 1.0 1.0
45 0 100 0.0 0.0 0.0
46 40 833 6955.50474228233 11776559940.216131 81911918511945.4
47 0 6 0.0 6.0 0.0
48 0 100 0.0 0.0 0.0
49 0 100 0.0 0.0 0.0
50 0 5 0.0 5.0 0.0
51 0 100 0.0 0.0 0.0
52 1 5 1.0 7.59708563275366 7.59708563275366
53 0 100 0.0 0.0 0.0
54 26 668 4285.277943143774 298077632.0 1277345501754.1267
55 0 100 0.0 0.0 0.0
56 0 100 0.0 0.0 0.0
57 0 100 0.0 0.0 0.0
58 0 100 0.0 0.0 0.0
59 0 100 0.0 0.0 0.0
60 0 100 0.0 0.0 0.0
61 1 16 1.0 32.892441635375256 32.892441635375256
62 1 106 1.0 9.55892689827884 9.55892689827884
63 21 592 3136.7198300107975 58634666.51833184 183920521194.12164
64 0 100 0.0 0.0 0.0
65 0 100 0.0 0.0 0.0
66 0 100 0.0 0.0 0.0
67 0 100 0.0 0.0 0.0
68 0 100 0.0 0.0 0.0
69 1 103 1.0 3.9914906122521803 3.9914906122521803
70 1 107 1.0 11.607984241186918 11.607984241186918
71 0 100 0.0 0.0 0.0
72 1 8 1.0 13.734791927877684 13.734791927877684
73 1 18 1.0 38.15436697768484 38.15436697768484
74 19 572 2668.9360872348193 30529827.92424221 81482159484.07933
75 0 100 0.0 0.0 0.0
76 0 5 0.0 5.0 0.0
77 9 144 604.9491004987461 44673.607750369876 27025258.82462007
78 0 100 0.0 0.0 0.0
79 0 100 0.0 0.0 0.0
80 1 126 1.0 60.63937356224698 60.63937356224698
81 12 248 1131.8354418063404 426734.047733562 482992719.4503241
82 0 100 0.0 0.0 0.0
83 3 123 32.9215577265747 145.08021796711313 4776.266770788355
84 0 100 0.0 0.0 0.0
85 0 6 0.0 6.0 0.0
86 7 151 332.66880679862265 22801.0 7585181.463815395
87 1 16 1.0 32.892441635375256 32.892441635375256
88 10 163 766.6651705632711 83149.79614194512 63748052.641465575
89 15 324 1756.7778603087352 2119224.71476335 3723007059.9153476
90 0 100 0.0 0.0 0.0
91 17 291 2206.0678959513543 2865671.121395722 6321865061.266019
92 3 36 32.9215577265747 295.444715883087 9726.500268956508
93 1 11 1.0 20.51504931294799 20.51504931294799
94 13 247 1331.5823725933528 584440.1619338142 778230217.4666716
95 12 142 1131.8354418063404 115013.87668397884 130176781.93047115
96 11 196 942.9223974109915 176993.10367369323 166890761.64121097
97 6 206 225.58275470837765 7486.36063642395 1688793.855104878
98 0 100 0.0 0.0 0.0
99 0 5 0.0 5.0 0.0
100 21 312 3136.7198300107975 9743596.016187215 30562930839.588646
101 29 779 4937.473672561782 965337507.373863 4766328527794.864
102 14 323 1540.4353185285338 1542501.3667381695 2376123584.2020106
103 27 667 4506.6139001521815 376451786.4815225 1696522853694.7505
104 40 865 6955.50474228233 13411259842.95286 93282081437639.19
105 29 507 4937.473672561782 254149149.15618092 1254854732862.6208
106 2 22 9.541850352986048 86.31942417916456 823.6470280735138
107 23 428 3602.4235623004615 38940120.42706861 140278807345.2895
108 11 279 942.9223974109915 397224.4078227811 374551790.9344182
109 15 427 1756.7778603087352 4248766.8500427855 7464139535.768849
110 0 100 0.0 0.0 0.0
111 6 151 225.58275470837765 14731.024405213999 3323065.065004514
112 35 777 6117.310290426031 3499128751.3620105 21405256318232.418
113 13 280 1331.5823725933528 790676.804581966 1052851295.399785
114 43 1096 7393.130324549447 53900169329.76845 398490976370261.2
115 24 564 3832.71054120725 110863581.05370179 424908015740.5072
116 37 744 6468.923834840442 4509803176.139322 29173573256566.793
117 20 388 2902.6872563902634 13880031.0076863 40289389124.31273
118 36 903 6295.82243666837 7063294401.599346 44469247370383.25
119 32 905 5549.980220652734 3044751264.6804733 16898309295784.023
120 29 630 4937.473672561782 499116526.78529054 2464374710542.8496
121 16 394 1979.1134619514044 4717931.747271273 9337322233.592487
122 24 339 3832.71054120725 25023542.927885044 95907996758.05714
123 24 595 3832.71054120725 129639343.40616597 496870078027.99896
124 0 100 0.0 0.0 0.0
125 23 475 3602.4235623004615 52592088.390941784 189458978410.11725
126 20 307 2902.6872563902634 7274886.032563275 21116718978.41294
127 0 5 0.0 5.0 0.0
128 26 367 4285.277943143774 49430863.0 211824986924.46167
129 18 451 2436.3877014920204 12089520.063708078 29454758000.15939
130 41 982 7106.788070274764 25157023532.693783 178785634725769.7
131 34 792 5933.442745663244 3033348324.857575 17998198613195.93
132 30 571 5146.386239304723 456712960.5334389 2350421295401.411
133 25 510 4060.496712466729 104994367.49491724 426329284040.6351
134 21 422 3136.7198300107975 22710607.04341492 71236811464.66248
135 12 212 1131.8354418063404 295116.9848141019 334023862.8916241
136 10 145 766.6651705632711 64097.25121371274 49141130.034397915
137 11 232 942.9223974109915 260384.76711621069 245522628.8585201
138 3 66 32.9215577265747 773.2963448216119 25458.12025579391
139 26 491 4285.277943143774 118370771.0 507251654079.22266
140 25 512 4060.496712466729 106218853.06067866 431301303654.87225
141 26 611 4285.277943143774 228099131.0 977468174924.5623
142 26 559 4285.277943143774 174676879.0 748538976755.8939
143 32 614 5549.980220652734 877295230.4245098 4868971176529.012
144 12 280 1131.8354418063404 567659.0491780122 642496630.7217625
145 18 386 2436.3877014920204 7980936.003343732 19444654324.941547
146 37 678 6468.923834840442 3300081015.7863073 21347972739924.5
147 24 472 3832.71054120725 65864869.390490346 252440979208.17108
148 45 1112 7658.1450374688 82099265709.16486 628728084270473.2
149 1 101 1.0 1.0 1.0
150 18 341 2436.3877014920204 5733317.076033254 13968583212.80161
151 21 508 3136.7198300107975 38188846.90212937 119787713363.1556
152 11 244 942.9223974109915 292252.52594963956 275571452.41785216
153 26 682 4285.277943143774 317214568.0 1359352591494.2808
154 22 479 3370.209833397988 41929304.77953413 141310555275.5272
155 19 396 2668.9360872348193 11251996.158437379 30030858600.681076
156 27 487 4506.6139001521815 144850769.0145696 652786489088.7924
157 34 917 5933.442745663244 4898989766.347144 29067875290210.934
158 13 204 1331.5823725933528 368584.680897397 490800863.89091974
159 34 897 5933.442745663244 4558058359.642145 27044978308328.39
160 18 355 2436.3877014920204 6383127.831626122 15551774146.02531
161 33 836 5744.298091538941 2929637878.4436884 16828713274044.271
162 12 182 1131.8354418063404 206150.43298129964 233328366.39195767
163 25 482 4060.496712466729 88821131.65280375 360657913073.7842
164 34 846 5933.442745663244 3763765629.46225 22332087870509.44
165 0 100 0.0 0.0 0.0
166 1 102 1.0 2.3948263510722025 2.3948263510722025
167 40 972 6955.50474228233 20050366857.57467 139460421762361.06
168 22 621 3370.209833397988 87736634.94610478 295690869844.6119
169 0 100 0.0 0.0 0.0
170 22 388 3370.209833397988 23029953.485817667 77615775700.60097
171 16 401 1979.1134619514044 4936477.969018836 9769850003.111706
172 28 669 4724.12231882448 479296437.89440304 2264254999590.021
173 8 231 459.67273235884244 82510.84662700894 37927986.31827858
174 24 390 3832.71054120725 37698048.75731982 144485708855.12457
175 26 571 4285.277943143774 186169411.0 797787670646.3679
176 24 545 3832.71054120725 100293297.7108255 384395179348.7179
177 39 870 6798.773358825962 11298334634.518305 76814816512263.7
178 26 590 4285.277943143774 205379000.0 880106098684.9252
179 28 506 4724.12231882448 203239038.69983384 960126078778.3174
180 26 573 4285.277943143774 188132517.0 806200125488.2211
181 20 530 2902.6872563902634 32814860.30472553 95251276826.75351
182 19 408 2668.9360872348193 5688082.73418224 15181129276.436281
183 24 527 3832.71054120725 90912273.57610178 348440429260.2426
184 19 594 2668.9360872348193 33823207.576942205 90271979288.13522
185 30 711 5146.386239304723 909511064.7290956 4680695228017.205
186 27 672 4506.6139001521815 385086553.3549447 1735436414111.0884
187 29 643 4937.473672561782 531819697.48161787 2625845754865.26
188 27 485 4506.6139001521815 143051937.6536218 644679850673.5153
189 32 776 5549.980220652734 1859219560.5491188 10318631786898.277
190 31 657 5350.621552679651 881480000.5409304 4716465889150.373
191 36 848 6295.82243666837 5728813038.5868 36067589663813.07
192 30 692 5146.386239304723 835322800.5778612 4298893766271.388
193 40 854 6955.50474228233 12832272371.6936 89254931335573.36
194 31 678 5350.621552679651 974078569.9220083 5211925790228.07
195 14 314 1540.4353185285338 1438659.5959622187 2216162052.960192
196 36 985 6295.82243666837 9436123553.779423 59408158385059.36
197 32 680 5549.980220652734 1217221395.5967655 6755554669717.365
198 25 794 4060.496712466729 261526836.29711273 1061928859006.2507
199 27 587 4506.6139001521815 255397078.6904451 1150976024884.6204
