0 0 100 0.0 0.0 0.0
1 1 100 1.0 0.0 0.0
2 1 5 1.0 7.59708563275366 7.59708563275366
3 2 31 9.541850352986048 141.5519192260369 1350.6672304328126
4 0 5 0.0 5.0 0.0
5 0 100 0.0 0.0 0.0
6 1 104 1.0 5.735193251789799 5.735193251789799
7 0 10 0.0 10.0 0.0
8 0 100 0.0 0.0 0.0
9 1 17 1.0 35.503281577765854 35.503281577765854
10 0 5 0.0 5.0 0.0
11 0 10 0.0 10.0 0.0
12 0 100 0.0 0.0 0.0
13 1 105 1.0 7.59708563275366 7.59708563275366
14 0 100 0.0 0.0 0.0
15 0 100 0.0 0.0 0.0
16 3 73 32.9215577265747 907.48753481702 29875.90326362549
17 0 100 0.0 0.0 0.0
18 2 20 9.541850352986048 75.23327232919837 717.8646261306569
19 0 100 0.0 0.0 0.0
20 0 100 0.0 0.0 0.0
21 0 100 0.0 0.0 0.0
22 1 10 1.0 18.1937008646705 18.1937008646705
23 2 37 9.541850352986048 182.69988024795316 1743.2949168344405
24 0 100 0.0 0.0 0.0
25 1 5 1.0 7.59708563275366 7.59708563275366
26 2 11 9.541850352986048 31.76494829034237 303.0963830567869
27 0 10 0.0 10.0 0.0
28 0 5 0.0 5.0 0.0
29 0 100 0.0 0.0 0.0
30 1 102 1.0 2.3948263510722025 2.3948263510722025
31 0 5 0.0 5.0 0.0
32 0 10 0.0 10.0 0.0
33 0 5 0.0 5.0 0.0
34 0 100 0.0 0.0 0.0
35 0 10 0.0 10.0 0.0
36 0 10 0.0 10.0 0.0
37 0 100 0.0 0.0 0.0
38 3 56 32.9215577265747 595.765723501293 19613.535657762357
39 0 5 0.0 5.0 0.0
40 1 6 1.0 9.55892689827884 9.55892689827884
41 0 6 0.0 6.0 0.0
42 1 9 1.0 15.931997307697284 15.931997307697284
43 0 100 0.0 0.0 0.0
44 0 100 0.0 0.0 0.0
45 0 9 0.0 9.0 0.0
46 0 10 0.0 10.0 0.0
47 0 10 0.0 10.0 0.0
48 2 16 9.541850352986048 54.53075711894446 520.3243240639966
49 2 14 9.541850352986048 44.97826169706515 429.17584225083993
50 0 5 0.0 5.0 0.0
51 0 100 0.0 0.0 0.0
52 1 19 1.0 40.84402933782601 40.84402933782601
53 0 6 0.0 6.0 0.0
54 2 30 9.541850352986048 135.01359299654277 1288.2794999919763
55 1 12 1.0 22.891970023971037 22.891970023971037
56 0 100 0.0 0.0 0.0
57 2 10 9.541850352986048 27.685321443873434 264.16919419175593
58 0 8 0.0 8.0 0.0
59 0 100 0.0 0.0 0.0
60 1 110 1.0 18.1937008646705 18.1937008646705
61 2 27 9.541850352986048 115.98017876588344 1106.66550969663
62 2 17 9.541850352986048 59.51335422080222 567.8675199791454
63 0 100 0.0 0.0 0.0
64 0 100 0.0 0.0 0.0
65 0 100 0.0 0.0 0.0
66 1 14 1.0 27.799106543625292 27.799106543625292
67 0 6 0.0 6.0 0.0
68 2 19 9.541850352986048 69.8685662777562 666.6754038000371
69 0 10 0.0 10.0 0.0
70 1 10 1.0 18.1937008646705 18.1937008646705
71 1 7 1.0 11.607984241186918 11.607984241186918
72 0 100 0.0 0.0 0.0
73 1 27 1.0 63.59241768810072 63.59241768810072
74 0 100 0.0 0.0 0.0
75 1 10 1.0 18.1937008646705 18.1937008646705
76 0 100 0.0 0.0 0.0
77 2 50 9.541850352986048 282.0582186126376 2691.3573128316116
78 0 100 0.0 0.0 0.0
79 0 10 0.0 10.0 0.0
80 0 100 0.0 0.0 0.0
81 0 5 0.0 5.0 0.0
82 0 6 0.0 6.0 0.0
83 0 7 0.0 7.0 0.0
84 1 6 1.0 9.55892689827884 9.55892689827884
85 1 7 1.0 11.607984241186918 11.607984241186918
86 0 100 0.0 0.0 0.0
87 1 14 1.0 27.799106543625292 27.799106543625292
88 0 10 0.0 10.0 0.0
89 0 100 0.0 0.0 0.0
90 2 13 9.541850352986048 40.41888428935346 385.6709453236695
91 0 6 0.0 6.0 0.0
92 0 5 0.0 5.0 0.0
93 0 5 0.0 5.0 0.0
94 0 100 0.0 0.0 0.0
95 0 5 0.0 5.0 0.0
96 1 14 1.0 27.799106543625292 27.799106543625292
97 0 5 0.0 5.0 0.0
98 0 100 0.0 0.0 0.0
99 1 102 1.0 2.3948263510722025 2.3948263510722025
100 1 103 1.0 3.9914906122521803 3.9914906122521803
101 0 100 0.0 0.0 0.0
102 2 30 9.541850352986048 135.01359299654277 1288.2794999919763
103 1 102 1.0 2.3948263510722025 2.3948263510722025
104 0 8 0.0 8.0 0.0
105 2 19 9.541850352986048 69.8685662777562 666.6754038000371
106 1 8 1.0 13.734791927877684 13.734791927877684
107 0 10 0.0 10.0 0.0
108 2 33 9.541850352986048 154.90879557685506 1478.1165457556579
109 2 55 9.541850352986048 323.62148105306557 3087.947743220061
110 0 5 0.0 5.0 0.0
111 1 10 1.0 18.1937008646705 18.1937008646705
112 0 100 0.0 0.0 0.0
113 2 43 9.541850352986048 226.91812071099523 2165.21875020514
114 0 100 0.0 0.0 0.0
115 0 100 0.0 0.0 0.0
116 3 18 32.9215577265747 98.31525163284788 3236.6912320335186
117 2 72 9.541850352986048 477.2401734727425 4553.754317710011
118 0 10 0.0 10.0 0.0
119 0 10 0.0 10.0 0.0
120 2 58 9.541850352986048 349.384203814786 3333.771788497865
121 1 18 1.0 38.15436697768484 38.15436697768484
122 0 100 0.0 0.0 0.0
123 2 21 9.541850352986048 80.71796600694597 770.1987524356932
124 1 116 1.0 32.892441635375256 32.892441635375256
125 0 100 0.0 0.0 0.0
126 0 6 0.0 6.0 0.0
127 2 44 9.541850352986048 234.56808185291177 2238.2135346274663
128 1 103 1.0 3.9914906122521803 3.9914906122521803
129 2 12 9.541850352986048 36.01211998010309 343.62225974392254
130 0 100 0.0 0.0 0.0
131 2 19 9.541850352986048 69.8685662777562 666.6754038000371
132 0 100 0.0 0.0 0.0
133 1 5 1.0 7.59708563275366 7.59708563275366
134 0 100 0.0 0.0 0.0
135 2 14 9.541850352986048 44.97826169706515 429.17584225083993
136 0 100 0.0 0.0 0.0
137 2 32 9.541850352986048 148.1842032776824 1413.95149235211
138 0 100 0.0 0.0 0.0
139 1 25 1.0 57.71571011139208 57.71571011139208
140 0 100 0.0 0.0 0.0
141 1 104 1.0 5.735193251789799 5.735193251789799
142 1 26 1.0 60.63937356224698 60.63937356224698
143 1 22 1.0 49.12998068819353 49.12998068819353
144 0 6 0.0 6.0 0.0
145 0 11 0.0 11.0 0.0
146 2 39 9.541850352986048 197.11162840858907 1880.8096611081503
147 2 39 9.541850352986048 197.11162840858907 1880.8096611081503
148 0 100 0.0 0.0 0.0
149 2 19 9.541850352986048 69.8685662777562 666.6754038000371
150 0 100 0.0 0.0 0.0
151 1 104 1.0 5.735193251789799 5.735193251789799
152 3 35 32.9215577265747 282.5239294230334 9301.12785163911
153 0 5 0.0 5.0 0.0
154 1 105 1.0 7.59708563275366 7.59708563275366
155 2 31 9.541850352986048 141.5519192260369 1350.6672304328126
156 2 38 9.541850352986048 189.8638195218893 1811.6521533242187
157 2 18 9.541850352986048 64.62733255388774 616.6643359418604
158 1 35 1.0 88.18685030395203 88.18685030395203
159 2 50 9.541850352986048 282.0582186126376 2691.3573128316116
160 2 26 9.541850352986048 109.8359986590007 1048.0386625749609
161 2 23 9.541850352986048 92.0346545141889 878.1809006631623
162 2 21 9.541850352986048 80.71796600694597 770.1987524356932
163 2 12 9.541850352986048 36.01211998010309 343.62225974392254
164 2 21 9.541850352986048 80.71796600694597 770.1987524356932
165 0 100 0.0 0.0 0.0
166 1 16 1.0 32.892441635375256 32.892441635375256
167 1 10 1.0 18.1937008646705 18.1937008646705
168 1 6 1.0 9.55892689827884 9.55892689827884
169 0 100 0.0 0.0 0.0
170 2 34 9.541850352986048 161.72412498062124 1543.1473990327004
171 1 13 1.0 25.320989780782124 25.320989780782124
172 1 29 1.0 69.58346013935528 69.58346013935528
173 1 12 1.0 22.891970023971037 22.891970023971037
174 1 9 1.0 15.931997307697284 15.931997307697284
175 2 65 9.541850352986048 411.78783219395143 3929.2178719752146
176 2 25 9.541850352986048 103.79546451213633 990.4007896934788
177 2 35 9.541850352986048 168.62869283493262 1609.0297522505775
178 1 31 1.0 75.68293941204132 75.68293941204132
179 1 101 1.0 1.0 1.0
180 2 9 9.541850352986048 23.78240930402918 226.9281906125095
181 0 100 0.0 0.0 0.0
182 1 26 1.0 60.63937356224698 60.63937356224698
183 3 33 32.9215577265747 257.33012181535685 8471.708460130769
184 2 14 9.541850352986048 44.97826169706515 429.17584225083993
185 2 57 9.541850352986048 340.72951581223015 3251.1900507256933
186 2 34 9.541850352986048 161.72412498062124 1543.1473990327004
187 2 21 9.541850352986048 80.71796600694597 770.1987524356932
188 2 30 9.541850352986048 135.01359299654277 1288.2794999919763
189 2 31 9.541850352986048 141.5519192260369 1350.6672304328126
190 1 16 1.0 32.892441635375256 32.892441635375256
191 2 34 9.541850352986048 161.72412498062124 1543.1473990327004
192 1 19 1.0 40.84402933782601 40.84402933782601
193 1 20 1.0 43.57075425423803 43.57075425423803
194 2 15 9.541850352986048 49.68406405407534 474.0779041321602
195 2 8 9.541850352986048 20.066939702021244 191.47573567908114
196 2 38 9.541850352986048 189.8638195218893 1811.6521533242187
197 3 46 32.9215577265747 435.9769523615719 14353.040404627594
198 2 13 9.541850352986048 40.41888428935346 385.6709453236695
199 1 11 1.0 20.51504931294799 20.51504931294799
