0 1 24 1.0 54.8222930413608 54.8222930413608
1 2 34 9.541850352986048 161.72412498062124 1543.1473990327004
2 0 100 0.0 0.0 0.0
3 3 157 32.9215577265747 612.7419199112477 20172.41848785035
4 0 100 0.0 0.0 0.0
5 0 5 0.0 5.0 0.0
6 18 450 2436.3877014920204 12018123.045997255 29280807184.28553
7 2 162 9.541850352986048 384.6592176812078 3670.3606920107695
8 1 105 1.0 7.59708563275366 7.59708563275366
9 3 60 32.9215577265747 664.7206420100937 21883.638987981092
10 1 124 1.0 54.8222930413608 54.8222930413608
11 0 100 0.0 0.0 0.0
12 0 100 0.0 0.0 0.0
13 1 115 1.0 30.323695983612147 30.323695983612147
14 1 10 1.0 18.1937008646705 18.1937008646705
15 1 102 1.0 2.3948263510722025 2.3948263510722025
16 1 115 1.0 30.323695983612147 30.323695983612147
17 16 413 1979.1134619514044 5325301.608636817 10539376102.604593
18 5 212 139.6884681067044 5292.687692718977 739327.4359631217
19 19 478 2668.9360872348193 18753670.66101164 50052348395.29083
20 1 10 1.0 18.1937008646705 18.1937008646705
21 0 100 0.0 0.0 0.0
22 1 7 1.0 11.607984241186918 11.607984241186918
23 1 11 1.0 20.51504931294799 20.51504931294799
24 2 15 9.541850352986048 49.68406405407534 474.0779041321602
25 0 100 0.0 0.0 0.0
26 14 442 1540.4353185285338 1776011.5238666672 2735830877.477896
27 0 100 0.0 0.0 0.0
28 0 100 0.0 0.0 0.0
29 0 100 0.0 0.0 0.0
30 0 100 0.0 0.0 0.0
31 3 74 32.9215577265747 927.3002957027797 30528.17021484885
32 1 104 1.0 5.735193251789799 5.735193251789799
33 23 478 3602.4235623004615 53555917.652365565 192931099651.50494
34 0 5 0.0 5.0 0.0
35 2 138 9.541850352986048 189.8638195218893 1811.6521533242187
36 0 7 0.0 7.0 0.0
37 2 28 9.541850352986048 122.22584512913716 1166.2607234894754
38 0 100 0.0 0.0 0.0
39 1 9 1.0 15.931997307697284 15.931997307697284
40 0 100 0.0 0.0 0.0
41 0 100 0.0 0.0 0.0
42 0 100 0.0 0.0 0.0
43 0 100 0.0 0.0 0.0
44 1 113 1.0 25.320989780782124 25.320989780782124
45 3 96 32.9215577265747 1401.7140955887514 46146.611514078526
46 0 100 0.0 0.0 0.0
47 0 5 0.0 5.0 0.0
48 0 11 0.0 11.0 0.0
49 6 72 225.58275470837765 3572.3109038912485 805851.7343745624
50 0 100 0.0 0.0 0.0
51 0 100 0.0 0.0 0.0
52 0 100 0.0 0.0 0.0
53 29 838 4937.473672561782 1211152521.084271 5980033686310.417
54 0 6 0.0 6.0 0.0
55 0 100 0.0 0.0 0.0
56 3 113 32.9215577265747 58.65092275827274 1930.8797393033497
57 0 100 0.0 0.0 0.0
58 16 281 1979.1134619514044 1978397.1662811837 3915472464.873602
59 1 19 1.0 40.84402933782601 40.84402933782601
60 0 7 0.0 7.0 0.0
61 0 100 0.0 0.0 0.0
62 0 100 0.0 0.0 0.0
63 1 25 1.0 57.71571011139208 57.71571011139208
64 1 19 1.0 40.84402933782601 40.84402933782601
65 0 100 0.0 0.0 0.0
66 0 5 0.0 5.0 0.0
67 36 919 6295.82243666837 7489014998.479166 47149508655971.07
68 2 41 9.541850352986048 211.85407612585806 2021.4798910630518
69 0 100 0.0 0.0 0.0
70 0 5 0.0 5.0 0.0
71 10 292 766.6651705632711 304062.1606499764 233113868.2565509
72 6 190 225.58275470837765 5474.33581455389 1234915.7532457968
73 0 10 0.0 10.0 0.0
74 1 7 1.0 11.607984241186918 11.607984241186918
75 1 9 1.0 15.931997307697284 15.931997307697284
76 29 591 4937.473672561782 409229293.3274367 2020558861845.2817
77 3 90 32.9215577265747 1265.2216514357588 41653.0676346545
78 0 100 0.0 0.0 0.0
79 0 100 0.0 0.0 0.0
80 0 100 0.0 0.0 0.0
81 1 5 1.0 7.59708563275366 7.59708563275366
82 1 35 1.0 88.18685030395203 88.18685030395203
83 0 100 0.0 0.0 0.0
84 0 100 0.0 0.0 0.0
85 3 155 32.9215577265747 578.9666715492328 19060.48469917088
86 1 18 1.0 38.15436697768484 38.15436697768484
87 0 10 0.0 10.0 0.0
88 33 868 5744.298091538941 3308744100.5503764 19006412422182.258
89 1 41 1.0 107.64164596635766 107.64164596635766
90 0 5 0.0 5.0 0.0
91 0 100 0.0 0.0 0.0
92 0 100 0.0 0.0 0.0
93 0 100 0.0 0.0 0.0
94 0 100 0.0 0.0 0.0
95 0 5 0.0 5.0 0.0
96 0 100 0.0 0.0 0.0
97 1 120 1.0 43.57075425423803 43.57075425423803
98 0 10 0.0 10.0 0.0
99 0 5 0.0 5.0 0.0
100 42 882 7252.650449022947 20852058184.08756 151232689151875.25
101 19 488 2668.9360872348193 19837828.23616923 52945895671.87792
102 31 862 5350.621552679651 2087635357.1721973 11170146736221.64
103 44 1080 7528.2761260995885 61597721168.95546 463724653698386.6
104 63 1270 9188.2629227812 2601446409999.9917 2.3902773594605184e+16
105 36 821 6295.82243666837 5143253749.296451 32381012352299.31
106 25 518 4060.496712466729 109948989.33017983 446447509714.2347
107 0 8 0.0 8.0 0.0
108 40 1159 6955.50474228233 36781152209.48486 255831478619680.16
109 53 1528 8516.089422990353 1084506397863.7728 9235753464013044.0
110 19 679 2668.9360872348193 48626969.34670834 129782273302.29126
111 50 1159 8230.818941038662 230641911886.82413 1898371816955442.2
112 31 944 5350.621552679651 2785783403.061778 14905672717519.613
113 54 1251 8602.009448624298 600789463497.5974 5167996641640256.0
114 26 659 4285.277943143774 286191179.0 1226408746891.0117
115 20 519 2902.6872563902634 17158908.707052145 49806945637.52419
116 24 538 3832.71054120725 96573020.11401272 370136432187.19635
117 28 490 4724.12231882448 184134294.0291714 869872928084.1979
118 30 1032 5146.386239304723 2931670072.261497 15087506518068.05
119 37 1023 6468.923834840442 13156120967.4118 85105944500134.3
120 28 621 4724.12231882448 381296061.0970867 1801289232308.61
121 36 967 6295.82243666837 8873671217.274557 55867058345335.484
122 40 1054 6955.50474228233 26510084336.359215 184391017319851.03
123 33 834 5744.298091538941 1921953050.8052118 11040271241767.822
124 22 641 3370.209833397988 96013182.94468111 323584573296.0043
125 25 620 4060.496712466729 187261889.6835672 760376287430.4319
126 25 567 4060.496712466729 143707351.66942814 583523229011.0131
127 31 783 5350.621552679651 1538583003.2564604 8232375377810.604
128 35 894 6117.310290426031 5560345449.678658 34014358437642.81
129 35 1013 6117.310290426031 8400472746.2479515 51388298375066.016
130 40 736 6955.50474228233 7684533451.646562 53449808865154.86
131 20 408 2902.6872563902634 15944593.084384663 46282167154.37169
132 56 1245 8760.68123103637 816136404675.8191 7149910882408951.0
133 48 1069 8016.77096497358 121326428162.71904 972646186578838.9
134 55 1024 8683.506947919002 328846567542.08435 2855541454051005.0
135 36 1050 6295.82243666837 11675433117.100723 73506453776463.66
136 33 796 5744.298091538941 2499379530.6201043 14357181067772.559
137 39 992 6798.773358825962 17698064218.75175 120325127513240.4
138 29 779 4937.473672561782 965337507.373863 4766328527794.864
139 40 1305 6955.50474228233 55373487987.48429 385150558293660.6
140 32 731 5549.980220652734 1535017407.533485 8519316250168.479
141 41 868 7106.788070274764 16382224050.438208 116424994446222.58
142 39 814 6798.773358825962 8999024710.31215 61182329455886.76
143 31 626 5350.621552679651 756084050.7103188 4045519617367.9663
144 13 289 1331.5823725933528 306617.40730741044 408286334.700824
145 50 1306 8230.818941038662 359133928902.6971 2955966344381951.5
146 30 583 5146.386239304723 487548347.58021086 2509112106982.553
147 25 813 4060.496712466729 417957189.3789828 1697113793425.1936
148 0 100 0.0 0.0 0.0
149 27 480 4506.6139001521815 138620535.54189947 624709232319.6637
150 25 571 4060.496712466729 146731593.06706405 595803151263.8195
151 37 1118 6468.923834840442 17733169800.662678 114714524790779.53
152 42 1036 7252.650449022947 25678050305.51311 186233923078313.5
153 18 419 2436.3877014920204 4798651.235884049 11691374854.857382
154 51 1090 8330.590095344352 217384358289.03806 1810939982045448.5
155 33 827 5744.298091538941 2828689504.3318386 16248835721289.613
156 44 1099 7528.2761260995885 65539682197.07359 493400824796383.4
157 56 1359 8760.68123103637 1143401147615.029 1.001697297345643e+16
158 48 1236 8016.77096497358 206367282605.5302 1654399239312512.0
159 23 704 3602.4235623004615 163614160.42294303 589407506633.6176
160 41 915 7106.788070274764 19677894584.550682 139846626481609.17
161 43 894 7393.130324549447 17273346440.943832 127704101378990.11
162 33 731 5744.298091538941 1896620901.2058268 10894755823169.496
163 45 1157 7658.1450374688 94638984161.76427 724759066909503.4
164 23 671 3602.4235623004615 142455322.47970277 513184410275.9919
165 38 856 6636.579650383532 8803159832.876348 58422871405940.87
166 11 324 942.9223974109915 559388.1466636829 527459612.3354112
167 32 717 5549.980220652734 1442698970.1050897 8006950748439.317
168 36 765 6295.82243666837 4064429987.7280393 25588929509005.938
169 32 957 5549.980220652734 3642313932.7158456 20214770283980.816
170 36 1007 6295.82243666837 10156882373.117676 63945927931275.74
171 19 651 2668.9360872348193 27582281.702570226 73615347004.26633
172 46 680 7782.801884860074 16673702041.38973 129768119675323.27
173 28 704 4724.12231882448 560590060.2140752 2648296015168.472
174 25 630 4060.496712466729 196352019.27318376 797286728744.9666
175 15 440 1756.7778603087352 4582298.1458426695 8050079931.95017
176 31 710 5350.621552679651 1127667345.1741264 6033721201341.725
177 14 147 1540.4353185285338 221342.1784007485 340963309.0885566
178 37 807 6468.923834840442 5927032851.773973 38341524084722.98
179 42 1239 7252.650449022947 68589875632.72452 497458392306107.56
180 28 862 4724.12231882448 1044259331.2761642 4933208813522.454
181 33 927 5744.298091538941 4094364679.471422 23519251214352.137
182 40 1035 6955.50474228233 24898276920.22029 173180083193250.9
183 43 1051 7393.130324549447 46484709211.977905 343667513302936.9
184 15 463 1756.7778603087352 5210065.7202685485 9152928108.12127
185 35 1069 6117.310290426031 10033767215.365704 61379667438295.96
186 35 998 6117.310290426031 7996700988.963513 48918301249246.52
187 39 812 6798.773358825962 8923631975.947361 60669751342038.39
188 18 507 2436.3877014920204 16521432.428836957 40252614780.6498
189 37 742 6468.923834840442 4469174757.299492 28910751109561.934
190 54 1264 8602.009448624298 624880061476.0972 5375224193074320.0
191 34 682 5933.442745663244 1859929994.7892256 11035788135023.605
192 27 673 4506.6139001521815 386829295.0663847 1743290278132.2388
193 33 928 5744.298091538941 4108690658.1426215 23601543906292.535
194 28 860 4724.12231882448 1036833370.9244429 4898127668486.182
195 44 1175 7528.2761260995885 83137532816.26158 625882303483483.1
196 20 626 2902.6872563902634 51944137.43602415 150777585779.73172
197 36 794 6295.82243666837 4600925955.376604 28966612859309.88
198 56 1195 8760.68123103637 697033842973.5996 6106491305535966.0
199 41 890 7106.788070274764 17871386580.71547 127008156951097.2
