0 2 15 9.541850352986048 49.68406405407534 474.0779041321602
1 1 12 1.0 22.891970023971037 22.891970023971037
2 1 9 1.0 15.931997307697284 15.931997307697284
3 0 100 0.0 0.0 0.0
4 0 100 0.0 0.0 0.0
5 0 6 0.0 6.0 0.0
6 1 102 1.0 2.3948263510722025 2.3948263510722025
7 2 20 9.541850352986048 75.23327232919837 717.8646261306569
8 2 20 9.541850352986048 75.23327232919837 717.8646261306569
9 1 11 1.0 20.51504931294799 20.51504931294799
10 1 104 1.0 5.735193251789799 5.735193251789799
11 1 106 1.0 9.55892689827884 9.55892689827884
12 1 23 1.0 51.960050539976365 51.960050539976365
13 2 23 9.541850352986048 92.0346545141889 878.1809006631623
14 0 100 0.0 0.0 0.0
15 12 150 1131.8354418063404 130833.47031458805 148081958.67656848
16 0 100 0.0 0.0 0.0
17 1 111 1.0 20.51504931294799 20.51504931294799
18 14 175 1540.4353185285338 340257.35278297117 524144443.6159119
19 2 14 9.541850352986048 44.97826169706515 429.17584225083993
20 1 103 1.0 3.9914906122521803 3.9914906122521803
21 1 11 1.0 20.51504931294799 20.51504931294799
22 0 100 0.0 0.0 0.0
23 0 5 0.0 5.0 0.0
24 3 26 32.9215577265747 176.25042831919396 5802.438650243859
25 0 100 0.0 0.0 0.0
26 1 8 1.0 13.734791927877684 13.734791927877684
27 3 31 32.9215577265747 233.0178128969552 7671.309378607293
28 0 100 0.0 0.0 0.0
29 8 114 459.67273235884244 18990.417242658223 8729376.98256718
30 2 21 9.541850352986048 80.71796600694597 770.1987524356932
31 6 78 225.58275470837765 4163.386850757332 939188.274710476
32 6 70 225.58275470837765 3384.897920195671 763574.5972443977
33 1 9 1.0 15.931997307697284 15.931997307697284
34 0 100 0.0 0.0 0.0
35 0 100 0.0 0.0 0.0
36 1 100 1.0 0.0 0.0
37 2 63 9.541850352986048 393.6390130800606 3756.0445559070554
38 8 62 459.67273235884244 5349.644932301835 2459085.903180819
39 4 45 75.61186198841948 671.3571728121805 50762.565895610074
40 0 100 0.0 0.0 0.0
41 10 156 766.6651705632711 75416.33841413441 57819079.95352973
42 0 100 0.0 0.0 0.0
43 0 100 0.0 0.0 0.0
44 12 168 1131.8354418063404 170783.8914273342 193299261.20706287
45 0 100 0.0 0.0 0.0
46 1 101 1.0 1.0 1.0
47 2 15 9.541850352986048 49.68406405407534 474.0779041321602
48 0 8 0.0 8.0 0.0
49 1 102 1.0 2.3948263510722025 2.3948263510722025
50 1 106 1.0 9.55892689827884 9.55892689827884
51 1 106 1.0 9.55892689827884 9.55892689827884
52 0 100 0.0 0.0 0.0
53 0 100 0.0 0.0 0.0
54 0 100 0.0 0.0 0.0
55 0 100 0.0 0.0 0.0
56 6 65 225.58275470837765 2937.504168606418 662650.2823215784
57 0 10 0.0 10.0 0.0
58 0 9 0.0 9.0 0.0
59 2 133 9.541850352986048 154.90879557685506 1478.1165457556579
60 0 100 0.0 0.0 0.0
61 6 84 225.58275470837765 4797.4874870676995 1082230.443011704
62 2 14 9.541850352986048 44.97826169706515 429.17584225083993
63 2 28 9.541850352986048 122.22584512913716 1166.2607234894754
64 3 57 32.9215577265747 612.7419199112477 20172.41848785035
65 2 10 9.541850352986048 27.685321443873434 264.16919419175593
66 0 100 0.0 0.0 0.0
67 3 36 32.9215577265747 295.444715883087 9726.500268956508
68 12 211 1131.8354418063404 291854.20919927256 330330937.81209874
69 7 93 332.66880679862265 8649.0 2877252.5100012873
70 3 46 32.9215577265747 435.9769523615719 14353.040404627594
71 8 120 459.67273235884244 21128.626944217714 9712253.678439217
72 0 100 0.0 0.0 0.0
73 5 78 139.6884681067044 2742.610069160227 383110.9991750147
74 0 100 0.0 0.0 0.0
75 0 100 0.0 0.0 0.0
76 4 52 75.61186198841948 859.6554919481086 65000.15241476724
77 0 100 0.0 0.0 0.0
78 0 100 0.0 0.0 0.0
79 1 37 1.0 94.5824071263594 94.5824071263594
80 1 104 1.0 5.735193251789799 5.735193251789799
81 1 16 1.0 32.892441635375256 32.892441635375256
82 5 70 139.6884681067044 2253.023098877021 314721.345291151
83 2 14 9.541850352986048 44.97826169706515 429.17584225083993
84 0 100 0.0 0.0 0.0
85 0 100 0.0 0.0 0.0
86 2 16 9.541850352986048 54.53075711894446 520.3243240639966
87 0 100 0.0 0.0 0.0
88 0 10 0.0 10.0 0.0
89 1 10 1.0 18.1937008646705 18.1937008646705
90 0 100 0.0 0.0 0.0
91 0 100 0.0 0.0 0.0
92 9 111 604.9491004987461 25498.508505617654 15425299.784533028
93 0 11 0.0 11.0 0.0
94 2 104 9.541850352986048 7.384494371244687 70.4617402228846
95 2 25 9.541850352986048 103.79546451213633 990.4007896934788
96 0 100 0.0 0.0 0.0
97 7 74 332.66880679862265 5476.0 1821694.3860292577
98 1 11 1.0 20.51504931294799 20.51504931294799
99 1 107 1.0 11.607984241186918 11.607984241186918
100 3 25 32.9215577265747 165.61186212092687 5452.200479019623
101 8 134 459.67273235884244 26580.07983342708 12218137.923347592
102 1 103 1.0 3.9914906122521803 3.9914906122521803
103 9 148 604.9491004987461 47390.045546024034 28668565.42566185
104 3 44 32.9215577265747 406.27351121486885 13375.156852238497
105 0 100 0.0 0.0 0.0
106 8 132 459.67273235884244 25761.522721704056 11841869.539210107
107 5 59 139.6884681067044 1651.3976308733363 230681.20529173722
108 1 107 1.0 11.607984241186918 11.607984241186918
109 15 191 1756.7778603087352 559556.4546438516 983016391.1111674
110 6 74 225.58275470837765 3764.5376458742294 849214.7723596997
111 2 119 9.541850352986048 69.8685662777562 666.6754038000371
112 0 100 0.0 0.0 0.0
113 7 160 332.66880679862265 25600.0 8516321.45404474
114 7 87 332.66880679862265 7569.0 2517970.198658775
115 0 100 0.0 0.0 0.0
116 2 10 9.541850352986048 27.685321443873434 264.16919419175593
117 9 217 604.9491004987461 28560.865627887746 17277869.97105625
118 0 100 0.0 0.0 0.0
119 0 11 0.0 11.0 0.0
120 4 24 75.61186198841948 229.15430718595061 17326.78384899598
121 3 120 32.9215577265747 116.21344721391306 3825.92771105708
122 0 100 0.0 0.0 0.0
123 13 210 1331.5823725933528 395256.36191619065 526316404.1829781
124 0 100 0.0 0.0 0.0
125 6 56 225.58275470837765 2208.835584533681 498275.2158569973
126 13 144 1331.5823725933528 159206.45186608878 211996504.90801594
127 12 142 1131.8354418063404 115013.87668397884 130176781.93047115
128 4 69 75.61186198841948 1394.4010936602072 105433.26305033677
129 6 90 225.58275470837765 5474.33581455389 1234915.7532457968
130 15 206 1756.7778603087352 676986.5418395968 1189314968.4307768
131 2 29 9.541850352986048 128.5709592386038 1226.8048527946264
132 11 213 942.9223974109915 214120.66733750328 201899172.98112
133 7 98 332.66880679862265 9604.0 3194951.220493972
134 7 168 332.66880679862265 28224.0 9389244.403084327
135 11 138 942.9223974109915 79268.40782369916 74743957.1440746
136 6 107 225.58275470837765 7622.045029127996 1719401.9141819899
137 4 90 75.61186198841948 2196.381035229248 166072.4597097358
138 4 47 75.61186198841948 723.181183304868 54681.07582466957
139 6 217 225.58275470837765 9042.681338614557 2039872.9663147116
140 6 64 225.58275470837765 2851.6616420490063 643285.6887096304
141 10 148 766.6651705632711 67083.98395005375 51430953.9971317
142 11 118 942.9223974109915 55389.275596865285 52227788.53665434
143 4 60 75.61186198841948 1097.9836363389938 83020.58717640696
144 12 322 1131.8354418063404 328897.9287204573 372258332.46250904
145 6 71 225.58275470837765 3478.001961782023 784577.2634199304
146 10 175 766.6651705632711 97380.49160672564 74658231.2072055
147 9 226 604.9491004987461 33505.118966499955 20268891.580887627
148 10 154 766.6651705632711 73282.88036813155 56183431.976801366
149 13 210 1331.5823725933528 395256.36191619065 526316404.1829781
150 11 196 942.9223974109915 176993.10367369323 166890761.64121097
151 6 81 225.58275470837765 4475.076918624486 1009500.1788351899
152 0 100 0.0 0.0 0.0
153 6 166 225.58275470837765 3024.560894461153 682288.7783557816
154 6 168 225.58275470837765 3202.3105181925803 722386.0281254946
155 10 117 766.6651705632711 39774.44974103781 30493685.294773005
156 15 155 1756.7778603087352 330590.23831330566 580773611.503004
157 10 134 766.6651705632711 53782.219657512425 41232954.60699808
158 0 5 0.0 5.0 0.0
159 12 121 1131.8354418063404 78945.15618880167 89352925.73342289
160 9 181 604.9491004987461 73117.4506468244 44232335.99955789
161 12 143 1131.8354418063404 116927.42578684344 132342604.62473002
162 5 61 139.6884681067044 1754.5251914699081 245086.93625105367
163 8 115 459.67273235884244 19338.564883686733 8889410.959983042
164 11 236 942.9223974109915 76662.81301119635 72287083.43678781
165 8 215 459.67273235884244 19338.564883686733 8889410.959983042
166 8 94 459.67273235884244 12713.68154955962 5844132.736226273
167 4 138 75.61186198841948 502.796158813779 38017.3537685349
168 11 180 942.9223974109915 145641.49049735971 137328623.38228056
169 6 97 225.58275470837765 6317.679695554275 1425159.589088318
170 14 217 1540.4353185285338 578369.2658744982 890940444.3044969
171 12 149 1131.8354418063404 128791.81270302724 145771138.23177028
172 6 187 225.58275470837765 5130.584655325767 1157371.4198129189
173 7 91 332.66880679862265 8281.0 2754830.389099394
174 9 209 604.9491004987461 24518.97583158066 14832732.374465218
175 13 141 1331.5823725933528 151329.57708991828 201507797.30494207
176 3 129 32.9215577265747 209.61005902119368 6900.689658136957
177 8 148 459.67273235884244 32683.32902098925 15023635.15366118
178 14 222 1540.4353185285338 611792.3416496987 942426530.6824712
179 12 193 1131.8354418063404 236652.0012546562 267851122.39441845
180 15 191 1756.7778603087352 559556.4546438516 983016391.1111674
181 11 163 942.9223974109915 116050.04572860713 109426187.33807343
182 10 139 766.6651705632711 58347.49958109673 44732995.71828191
183 7 95 332.66880679862265 9025.0 3002335.9813575693
184 14 179 1540.4353185285338 359760.39110623644 554187612.6676853
185 13 165 1331.5823725933528 221030.2801178011 294320024.814235
186 11 134 942.9223974109915 74106.16109407078 69876359.08174635
187 13 221 1331.5823725933528 447011.7125487216 595232916.7726445
188 8 78 459.67273235884244 8624.131594582768 3964278.134304082
189 13 174 1331.5823725933528 251213.18992329275 334511055.46480274
190 10 128 766.6651705632711 48572.78656303952 37239063.695086055
191 11 101 942.9223974109915 38792.739175854505 36578542.62583602
192 12 232 1131.8354418063404 364799.26300320885 412892735.01186424
193 6 47 225.58275470837765 1579.8219117523295 356380.57880174596
194 14 177 1540.4353185285338 349928.0948298758 539041596.2213427
195 11 130 942.9223974109915 69138.84603782199 65192566.46021254
196 16 217 1979.1134619514044 1017878.4058359175 2014496855.6194992
197 5 103 139.6884681067044 4545.356706035842 634933.9152646826
198 10 176 766.6651705632711 98622.37714481588 75610341.59508552
199 6 78 225.58275470837765 4163.386850757332 939188.274710476
