0 0 100 0.0 0.0 0.0
1 1 15 1.0 30.323695983612147 30.323695983612147
2 0 100 0.0 0.0 0.0
3 0 100 0.0 0.0 0.0
4 2 54 9.541850352986048 315.16948038953416 3007.300017705306
5 0 100 0.0 0.0 0.0
6 0 100 0.0 0.0 0.0
7 0 100 0.0 0.0 0.0
8 0 100 0.0 0.0 0.0
9 20 334 2902.6872563902634 9179629.27581257 26645592917.288128
10 0 100 0.0 0.0 0.0
11 0 100 0.0 0.0 0.0
12 0 100 0.0 0.0 0.0
13 0 100 0.0 0.0 0.0
14 5 214 139.6884681067044 5465.679515018471 763492.3986151252
15 0 100 0.0 0.0 0.0
16 0 100 0.0 0.0 0.0
17 0 9 0.0 9.0 0.0
18 2 52 9.541850352986048 298.47302352672085 2847.984924895254
19 0 100 0.0 0.0 0.0
20 0 100 0.0 0.0 0.0
21 0 100 0.0 0.0 0.0
22 0 100 0.0 0.0 0.0
23 0 100 0.0 0.0 0.0
24 0 100 0.0 0.0 0.0
25 1 14 1.0 27.799106543625292 27.799106543625292
26 0 7 0.0 7.0 0.0
27 0 100 0.0 0.0 0.0
28 3 52 32.9215577265747 529.6457757489877 17436.763980956737
29 0 100 0.0 0.0 0.0
30 0 100 0.0 0.0 0.0
31 3 39 32.9215577265747 335.47304520277595 11044.29522335299
32 0 100 0.0 0.0 0.0
33 6 127 225.58275470837765 10578.68633606439 2386369.2048852793
34 0 100 0.0 0.0 0.0
35 0 100 0.0 0.0 0.0
36 3 46 32.9215577265747 435.9769523615719 14353.040404627594
37 1 102 1.0 2.3948263510722025 2.3948263510722025
38 0 100 0.0 0.0 0.0
39 2 24 9.541850352986048 97.86086952638261 933.7737724338355
40 0 100 0.0 0.0 0.0
41 0 100 0.0 0.0 0.0
42 7 82 332.66880679862265 6724.0 2236865.056913939
43 2 148 9.541850352986048 265.93129728965954 2537.4766429133756
44 0 100 0.0 0.0 0.0
45 0 5 0.0 5.0 0.0
46 0 100 0.0 0.0 0.0
47 1 8 1.0 13.734791927877684 13.734791927877684
48 0 5 0.0 5.0 0.0
49 0 100 0.0 0.0 0.0
50 1 104 1.0 5.735193251789799 5.735193251789799
51 8 177 459.67273235884244 8395.737272637343 3859291.4922801834
52 0 100 0.0 0.0 0.0
53 1 17 1.0 35.503281577765854 35.503281577765854
54 1 23 1.0 51.960050539976365 51.960050539976365
55 5 82 139.6884681067044 3003.520233876968 419557.14039776416
56 3 76 32.9215577265747 967.3986454236635 31848.270349925308
57 13 254 1331.5823725933528 625160.2824792424 832452412.1948403
58 4 154 75.61186198841948 916.9626779842689 69333.25545627807
59 7 177 332.66880679862265 5929.0 1972393.3555090337
60 33 528 5744.298091538941 661114962.0098516 3797641414561.03
61 0 100 0.0 0.0 0.0
62 13 203 1331.5823725933528 364245.1060790388 485022362.558244
63 0 100 0.0 0.0 0.0
64 0 100 0.0 0.0 0.0
65 0 100 0.0 0.0 0.0
66 0 100 0.0 0.0 0.0
67 0 100 0.0 0.0 0.0
68 19 283 2668.9360872348193 4520352.396124986 12064531637.03636
69 5 66 139.6884681067044 2024.56047903646 282807.7519059787
70 0 100 0.0 0.0 0.0
71 3 119 32.9215577265747 107.12598084817145 3526.754162509012
72 1 16 1.0 32.892441635375256 32.892441635375256
73 2 126 9.541850352986048 109.8359986590007 1048.0386625749609
74 0 10 0.0 10.0 0.0
75 0 100 0.0 0.0 0.0
76 4 59 75.61186198841948 1066.8769814059906 80668.55507669134
77 4 159 75.61186198841948 1066.8769814059906 80668.55507669134
78 8 113 459.67273235884244 18645.55254126269 8570852.082982577
79 0 6 0.0 6.0 0.0
80 0 100 0.0 0.0 0.0
81 0 100 0.0 0.0 0.0
82 1 103 1.0 3.9914906122521803 3.9914906122521803
83 3 135 32.9215577265747 282.5239294230334 9301.12785163911
84 5 34 139.6884681067044 606.571327772905 84731.01957404678
85 0 6 0.0 6.0 0.0
86 6 184 225.58275470837765 4797.4874870676995 1082230.443011704
87 1 104 1.0 5.735193251789799 5.735193251789799
88 4 87 75.61186198841948 2072.675291085697 156718.8380563789
89 0 100 0.0 0.0 0.0
90 1 24 1.0 54.8222930413608 54.8222930413608
91 0 100 0.0 0.0 0.0
92 0 100 0.0 0.0 0.0
93 13 303 1331.5823725933528 956378.3915302812 1273496607.6909063
94 24 448 3832.71054120725 56543663.315505825 216715494427.81287
95 4 84 75.61186198841948 1951.9617083430758 147591.45929791615
96 3 26 32.9215577265747 176.25042831919396 5802.438650243859
97 3 23 32.9215577265747 145.08021796711313 4776.266770788355
98 11 180 942.9223974109915 145641.49049735971 137328623.38228056
99 0 100 0.0 0.0 0.0
100 20 330 2902.6872563902634 8879509.930736454 25774440318.939495
101 4 153 75.61186198841948 888.1171619831025 67152.19228141312
102 28 411 4724.12231882448 107287767.66621397 506840537768.81683
103 19 277 2668.9360872348193 4264912.380420789 11382778560.9996
104 11 311 942.9223974109915 509326.9319275649 480255771.7191244
105 8 138 459.67273235884244 28257.118371009565 12989026.81018921
106 19 338 2668.9360872348193 7320420.72910723 19537735057.656113
107 15 316 1756.7778603087352 1989833.5407413477 3495695510.074139
108 12 224 1131.8354418063404 335907.49192777043 380192004.5321278
109 24 445 3832.71054120725 55443629.063049816 212499381552.7357
110 6 57 225.58275470837765 2284.902982010436 515434.70892330084
111 14 213 1540.4353185285338 552430.8096260881 850983930.1913389
112 3 68 32.9215577265747 810.8239638778247 26693.587932893923
113 19 347 2668.9360872348193 7861674.857273578 20982307732.684097
114 10 197 766.6651705632711 126720.59559637398 97152267.03677335
115 22 342 3370.209833397988 16085448.297777934 54211336027.78612
116 3 53 32.9215577265747 545.90532331836 17972.053614869816
117 13 274 1331.5823725933528 750456.7374587537 999294962.9939942
118 7 204 332.66880679862265 10816.0 3598145.8143339027
119 1 13 1.0 25.320989780782124 25.320989780782124
120 0 100 0.0 0.0 0.0
121 21 327 3136.7198300107975 11113777.59952985 34860806582.77508
122 6 134 225.58275470837765 11722.091250421281 2644301.6352130035
123 4 85 75.61186198841948 1991.8652456125124 150608.64005078256
124 13 274 1331.5823725933528 750456.7374587537 999294962.9939942
125 9 278 604.9491004987461 70531.46751771569 42667947.831698634
126 34 533 5933.442745663244 830434743.0105209 4927337001662.496
127 0 100 0.0 0.0 0.0
128 9 129 604.9491004987461 35247.44879474361 21322912.44325576
129 4 154 75.61186198841948 916.9626779842689 69333.25545627807
130 21 354 3136.7198300107975 13880572.990054613 43539468549.816574
131 5 193 139.6884681067044 3775.468945982596 527389.4734487426
132 19 280 2668.9360872348193 4391459.388953295 11720524438.803617
133 28 484 4724.12231882448 177294628.89834896 837561513386.394
134 0 100 0.0 0.0 0.0
135 18 268 2436.3877014920204 3014663.811978287 7344889835.636951
136 31 531 5350.621552679651 448369248.6959658 2399054165631.4175
137 17 340 2206.0678959513543 4308752.877601366 9505401394.864388
138 0 100 0.0 0.0 0.0
139 0 100 0.0 0.0 0.0
140 23 269 3602.4235623004615 10200427.268537084 36746259537.71013
141 8 159 459.67273235884244 37939.40769100099 17439711.197398506
142 25 452 4060.496712466729 73423853.56540817 298137316018.9784
143 17 239 2206.0678959513543 1710668.3916587061 3773850619.4570093
144 2 24 9.541850352986048 97.86086952638261 933.7737724338355
145 1 27 1.0 63.59241768810072 63.59241768810072
146 15 245 1756.7778603087352 1047903.4803767416 1840933634.0663288
147 14 252 1540.4353185285338 836301.7565706861 1288268762.768937
148 5 198 139.6884681067044 4152.387807071904 580040.6917548318
149 22 261 3370.209833397988 7457686.810657619 25133969423.680786
150 14 284 1540.4353185285338 1123060.91318807 1730002695.5338109
151 6 219 225.58275470837765 9340.680210924138 2107096.372830297
152 21 442 3136.7198300107975 25856946.98011788 81105998336.07356
153 25 531 4060.496712466729 118326441.72371763 480464127617.04144
154 11 141 942.9223974109915 83269.02073017742 78516224.65696444
155 17 298 2206.0678959513543 3049867.566321232 6728214924.964558
156 13 243 1331.5823725933528 561888.9684414291 748201445.7312697
157 7 119 332.66880679862265 14161.0 4710922.973075296
158 26 492 4285.277943143774 119095488.0 510357267854.344
159 11 137 942.9223974109915 77959.47955253888 73509739.36059313
160 7 225 332.66880679862265 15625.0 5197950.106228479
161 9 223 604.9491004987461 114622.38999967437 69340711.72731948
162 9 229 604.9491004987461 35247.44879474361 21322912.44325576
163 11 273 942.9223974109915 132998.42546222862 125407194.18873167
164 0 100 0.0 0.0 0.0
165 19 268 2668.9360872348193 3899167.216437636 10406628094.113346
166 18 234 2436.3877014920204 2099034.129440997 5114060937.982054
167 24 378 3832.71054120725 34405806.52422215 131867497344.12341
168 13 201 1331.5823725933528 355656.01713656815 473585283.12581354
169 13 264 1331.5823725933528 686135.6285227063 913646108.1490967
170 24 402 3832.71054120725 41191079.48267217 157873484536.9433
171 17 277 2206.0678959513543 2518302.144471244 5555545513.223461
172 15 221 1756.7778603087352 808161.8580406137 1419760859.7517211
173 20 303 2902.6872563902634 7016363.167855428 20366307953.539967
174 28 363 4724.12231882448 73256167.85258383 346071097543.94366
175 20 434 2902.6872563902634 18907503.07542807 54882568227.204765
176 0 100 0.0 0.0 0.0
177 21 376 3136.7198300107975 16435299.601690613 51552930172.791504
178 21 421 3136.7198300107975 22560132.56505909 70764815184.4932
179 15 234 1756.7778603087352 933361.45310503 1639708736.4805064
180 18 271 2436.3877014920204 3105555.3001002325 7566336739.4675665
181 6 95 225.58275470837765 6070.84515091352 1369477.9725510685
182 15 334 1756.7778603087352 933361.45310503 1639708736.4805064
183 8 244 459.67273235884244 30872.72070965809 14191347.883959955
184 2 10 9.541850352986048 27.685321443873434 264.16919419175593
185 15 314 1756.7778603087352 1958251.40778253 3440212718.110761
186 18 238 2436.3877014920204 2196149.346838674 5350671259.277479
187 11 257 942.9223974109915 329131.5687372534 310345527.8573715
188 15 304 1756.7778603087352 1804884.371646597 3170780904.525985
189 7 125 332.66880679862265 15625.0 5197950.106228479
190 8 186 459.67273235884244 10566.202609933729 4856995.224365369
191 14 260 1540.4353185285338 903309.19273234 1391489384.0363948
192 10 287 766.6651705632711 112857.51981217459 86523929.67614858
193 7 147 332.66880679862265 21609.0 7188640.246111437
194 15 207 1756.7778603087352 685298.1798703804 1203916670.1061578
195 9 209 604.9491004987461 99678.993651474 60300717.54807942
196 10 213 766.6651705632711 150754.36000534054 115578117.12665118
197 8 278 459.67273235884244 47980.22076250186 22055199.177079692
198 14 277 1540.4353185285338 1056022.3206510819 1626734079.8853908
199 16 337 1979.1134619514044 3156808.4623465315 6247682124.6321335
