0 1 35 1.0 88.18685030395203 88.18685030395203
1 0 100 0.0 0.0 0.0
2 0 100 0.0 0.0 0.0
3 0 100 0.0 0.0 0.0
4 0 100 0.0 0.0 0.0
5 0 5 0.0 5.0 0.0
6 0 100 0.0 0.0 0.0
7 0 100 0.0 0.0 0.0
8 0 100 0.0 0.0 0.0
9 2 88 9.541850352986048 637.4253019801232 6082.216842701277
10 33 664 5744.298091538941 1389085618.8708417 7979321869463.965
11 0 100 0.0 0.0 0.0
12 0 100 0.0 0.0 0.0
13 1 108 1.0 13.734791927877684 13.734791927877684
14 0 10 0.0 10.0 0.0
15 1 27 1.0 63.59241768810072 63.59241768810072
16 0 100 0.0 0.0 0.0
17 2 18 9.541850352986048 64.62733255388774 616.6643359418604
18 0 22 0.0 22.0 0.0
19 1 40 1.0 104.3443904241405 104.3443904241405
20 0 100 0.0 0.0 0.0
21 0 18 0.0 18.0 0.0
22 0 9 0.0 9.0 0.0
23 0 100 0.0 0.0 0.0
24 0 9 0.0 9.0 0.0
25 41 950 7106.788070274764 22420567087.697006 159338218707640.1
26 0 100 0.0 0.0 0.0
27 0 7 0.0 7.0 0.0
28 0 100 0.0 0.0 0.0
29 6 124 225.58275470837765 10105.821436004986 2279699.0381249776
30 0 100 0.0 0.0 0.0
31 0 10 0.0 10.0 0.0
32 38 802 6636.579650383532 7057800045.993788 46839652161718.33
33 0 100 0.0 0.0 0.0
34 1 22 1.0 49.12998068819353 49.12998068819353
35 23 516 3602.4235623004615 66778357.54874736 240563928685.3324
36 0 100 0.0 0.0 0.0
37 0 100 0.0 0.0 0.0
38 0 100 0.0 0.0 0.0
39 0 100 0.0 0.0 0.0
40 0 100 0.0 0.0 0.0
41 1 14 1.0 27.799106543625292 27.799106543625292
42 0 100 0.0 0.0 0.0
43 0 18 0.0 18.0 0.0
44 4 41 75.61186198841948 572.5607883495287 43292.38730866522
45 1 9 1.0 15.931997307697284 15.931997307697284
46 0 100 0.0 0.0 0.0
47 0 100 0.0 0.0 0.0
48 0 100 0.0 0.0 0.0
49 0 6 0.0 6.0 0.0
50 0 100 0.0 0.0 0.0
51 1 34 1.0 85.02419427196995 85.02419427196995
52 34 598 5933.442745663244 1209967475.426735 7179272739559.2295
53 0 11 0.0 11.0 0.0
54 0 100 0.0 0.0 0.0
55 0 100 0.0 0.0 0.0
56 0 9 0.0 9.0 0.0
57 0 10 0.0 10.0 0.0
58 1 14 1.0 27.799106543625292 27.799106543625292
59 0 100 0.0 0.0 0.0
60 35 928 6117.310290426031 6289665150.634165 38475833349308.37
61 0 100 0.0 0.0 0.0
62 16 356 1979.1134619514044 1556908.4964091864 3081298564.2699404
63 0 10 0.0 10.0 0.0
64 4 40 75.61186198841948 548.8883970182196 41502.47372238642
65 0 100 0.0 0.0 0.0
66 2 34 9.541850352986048 161.72412498062124 1543.1473990327004
67 0 100 0.0 0.0 0.0
68 3 37 32.9215577265747 308.57807572808247 10158.870933237406
69 0 100 0.0 0.0 0.0
70 0 18 0.0 18.0 0.0
71 2 120 9.541850352986048 75.23327232919837 717.8646261306569
72 0 100 0.0 0.0 0.0
73 0 100 0.0 0.0 0.0
74 0 7 0.0 7.0 0.0
75 0 6 0.0 6.0 0.0
76 1 5 1.0 7.59708563275366 7.59708563275366
77 0 10 0.0 10.0 0.0
78 0 100 0.0 0.0 0.0
79 1 114 1.0 27.799106543625292 27.799106543625292
80 0 5 0.0 5.0 0.0
81 28 636 4724.12231882448 410306565.6241207 1938338404225.13
82 1 17 1.0 35.503281577765854 35.503281577765854
83 12 389 1131.8354418063404 611497.1828724915 692114184.139819
84 0 5 0.0 5.0 0.0
85 0 100 0.0 0.0 0.0
86 1 20 1.0 43.57075425423803 43.57075425423803
87 7 142 332.66880679862265 1764.0 586827.7751927704
88 0 100 0.0 0.0 0.0
89 0 100 0.0 0.0 0.0
90 0 100 0.0 0.0 0.0
91 1 36 1.0 91.37308344663872 91.37308344663872
92 0 100 0.0 0.0 0.0
93 0 100 0.0 0.0 0.0
94 1 105 1.0 7.59708563275366 7.59708563275366
95 7 219 332.66880679862265 14161.0 4710922.973075296
96 0 100 0.0 0.0 0.0
97 2 13 9.541850352986048 40.41888428935346 385.6709453236695
98 25 716 4060.496712466729 286859081.9800708 1164790359321.3015
99 2 87 9.541850352986048 627.0047178974448 5982.785188793651
100 33 738 5744.298091538941 1956091817.9494293 11236374496721.844
101 20 392 2902.6872563902634 14278402.706037188 41445737576.4224
102 19 487 2668.9360872348193 19727677.399557885 52651910129.0068
103 33 947 5744.298091538941 4387514014.713075 25203188381316.67
104 18 318 2436.3877014920204 4758615.915315257 11593833292.198286
105 36 760 6295.82243666837 3976582552.7634907 25035857656952.367
106 0 100 0.0 0.0 0.0
107 17 366 2206.0678959513543 5226620.815745117 11530280385.926382
108 28 711 4724.12231882448 577892368.0509474 2730034233787.812
109 25 540 4060.496712466729 124367175.39346075 504992506823.9205
110 1 102 1.0 2.3948263510722025 2.3948263510722025
111 32 592 5549.980220652734 780399617.9422795 4331202443784.601
112 42 779 7252.650449022947 13496051311.172686 97882142602013.31
113 1 115 1.0 30.323695983612147 30.323695983612147
114 1 114 1.0 27.799106543625292 27.799106543625292
115 37 624 6468.923834840442 2496559080.4044323 16150050540315.568
116 4 173 75.61186198841948 1535.4556318691968 116098.65932623514
117 18 428 2436.3877014920204 10513538.072703416 25615054859.50272
118 5 144 139.6884681067044 8356.125061128 1167254.3090970118
119 19 548 2668.9360872348193 27176542.03524306 72532453764.11421
120 44 834 7528.2761260995885 24562692244.34981 184914729615870.22
121 48 914 8016.77096497358 68392317641.97901 548285546299467.7
122 20 335 2902.6872563902634 9255655.137418203 26866272216.92689
123 29 661 4937.473672561782 579457579.8959689 2861056545102.712
124 40 1149 6955.50474228233 35698361573.3217 248300123214948.38
125 28 742 4724.12231882448 658855559.176816 3112514251988.78
126 35 941 6117.310290426031 6585315772.066647 40284419938168.14
127 27 692 4506.6139001521815 420954198.45569056 1897078042087.835
128 32 706 5549.980220652734 1372899914.81906 7619567372181.606
129 34 896 5933.442745663244 4541457640.016008 26946478888889.902
130 22 477 3370.209833397988 41433342.79316611 139639059312.07806
131 0 100 0.0 0.0 0.0
132 0 100 0.0 0.0 0.0
133 46 1090 7782.801884860074 91525890338.91434 712327871843199.0
134 37 686 6468.923834840442 3432827042.285077 22206696674722.754
135 34 983 5933.442745663244 6149516818.566647 36487805956458.38
136 31 786 5350.621552679651 1557376406.1140428 8332931764188.575
137 37 725 6468.923834840442 4134148125.410938 26743489345231.75
138 37 1037 6468.923834840442 13771270575.865742 89085300464254.77
139 18 558 2436.3877014920204 21336502.201662723 51983991556.98847
140 44 976 7528.2761260995885 42968880671.31367 323481598523072.75
141 51 1136 8330.590095344352 253649324547.09018 2113048550762774.5
142 31 660 5350.621552679651 894322214.8366138 4785179717744.987
143 31 730 5350.621552679651 1231639023.0355396 6590034301775.268
144 45 1131 7658.1450374688 87237394436.12273 668076619282701.6
145 31 814 5350.621552679651 1740429694.3880017 9312380633716.102
146 29 604 4937.473672561782 437853046.64881825 2161887890279.506
147 31 798 5350.621552679651 1634123535.9371703 8743576611126.504
148 2 148 9.541850352986048 265.93129728965954 2537.4766429133756
149 34 776 5933.442745663244 2837457187.765155 16835889766875.188
150 27 622 4506.6139001521815 304504049.034785 1372282180032.7834
151 26 700 4285.277943143774 343000000.0 1469850334498.3145
152 24 451 3832.71054120725 57657962.16093209 220986279358.73315
153 33 706 5744.298091538941 1694421014.7760074 9733259401441.295
154 24 686 3832.71054120725 196545011.5723967 753300137675.2258
155 25 581 4060.496712466729 154475967.7356593 627249159145.7611
156 30 756 5146.386239304723 1102891211.139213 5675904152456.966
157 36 782 6295.82243666837 4373274762.293325 27533361370161.85
158 30 532 5146.386239304723 365700927.5102269 1882038221039.6057
159 17 509 2206.0678959513543 6992804.448641536 15426601396.813904
160 41 802 7106.788070274764 12444787508.760223 88442467404361.56
161 41 987 7106.788070274764 25605084059.05277 181969905929258.75
162 18 468 2436.3877014920204 7026071.252348587 17118233589.028734
163 33 589 5744.298091538941 942102594.6563344 5411718136518.266
164 41 959 7106.788070274764 23167593730.282894 164647178739346.9
165 30 762 5146.386239304723 1130622406.6019177 5818619595185.699
166 24 610 3832.71054120725 139429234.93384108 534391898483.3949
167 21 498 3136.7198300107975 36119580.876115635 113297005585.7907
168 17 542 2206.0678959513543 8569740.010204181 18905428313.161274
169 38 777 6636.579650383532 3973055974.9024744 26367502432872.465
170 19 519 2668.9360872348193 23447584.41955463 62580104215.83424
171 35 855 6117.310290426031 4798868031.773101 29356164793162.105
172 33 984 5744.298091538941 4967549941.954906 28535087651195.945
173 43 1030 7393.130324549447 43287736852.841545 320031880007859.5
174 25 654 4060.496712466729 219350187.36410615 890670714670.9141
175 25 572 4060.496712466729 147494183.5982725 598899647608.7496
176 34 687 5933.442745663244 1904906247.0711734 11302652152853.049
177 18 426 2436.3877014920204 10382953.509044267 25296900234.59887
178 39 991 6798.773358825962 17637123959.475945 119910808501996.11
179 27 732 4506.6139001521815 499278377.85052496 2250054877666.609
180 40 1038 6955.50474228233 25148015234.92995 174917139225543.56
181 35 614 6117.310290426031 1608159494.6738234 9837610625414.506
182 39 829 6798.773358825962 9578909995.750156 65124838085697.87
183 37 897 6468.923834840442 8456985284.388807 54707593677077.63
184 33 770 5744.298091538941 2244447325.8238516 12892774490289.629
185 33 998 5744.298091538941 5200183813.44915 29871405955247.645
186 33 546 5744.298091538941 736956048.5652021 4233295223321.1694
187 41 1047 7106.788070274764 31435120658.15887 223402740481051.25
188 37 795 6468.923834840442 5635895828.941891 36458180858520.03
189 26 507 4285.277943143774 130323843.0 558473889873.6321
190 12 266 1131.8354418063404 503162.54581812746 569497202.3464633
191 31 729 5350.621552679651 1226290545.3997216 6561416622063.035
192 37 876 6468.923834840442 7809557724.333476 50519434102503.11
193 30 748 5146.386239304723 1066642481.3432313 5489354188242.65
194 31 855 5350.621552679651 2034286840.4536 10884699012863.623
195 20 426 2902.6872563902634 17961463.189270783 52136510305.61912
196 36 801 6295.82243666837 4737483596.588792 29826355520752.08
197 30 617 5146.386239304723 582569614.3313574 2998128246631.957
198 34 652 5933.442745663244 1605426764.452221 9525707789232.643
199 12 310 1131.8354418063404 721149.2735637064 816222306.6522992
