0 0 100 0.0 0.0 0.0
1 0 6 0.0 6.0 0.0
2 0 100 0.0 0.0 0.0
3 0 100 0.0 0.0 0.0
4 0 100 0.0 0.0 0.0
5 3 29 32.9215577265747 209.61005902119368 6900.689658136957
6 1 104 1.0 5.735193251789799 5.735193251789799
7 0 100 0.0 0.0 0.0
8 1 8 1.0 13.734791927877684 13.734791927877684
9 5 158 139.6884681067044 1600.889370701534 223625.7838016033
10 1 27 1.0 63.59241768810072 63.59241768810072
11 0 100 0.0 0.0 0.0
12 0 100 0.0 0.0 0.0
13 0 10 0.0 10.0 0.0
14 0 100 0.0 0.0 0.0
15 1 109 1.0 15.931997307697284 15.931997307697284
16 3 43 32.9215577265747 391.71440685113555 12895.848457480626
17 0 100 0.0 0.0 0.0
18 0 9 0.0 9.0 0.0
19 3 49 32.9215577265747 481.96892224029307 15867.1676959488
20 0 10 0.0 10.0 0.0
21 0 10 0.0 10.0 0.0
22 0 6 0.0 6.0 0.0
23 0 100 0.0 0.0 0.0
24 0 100 0.0 0.0 0.0
25 0 5 0.0 5.0 0.0
26 0 18 0.0 18.0 0.0
27 1 19 1.0 40.84402933782601 40.84402933782601
28 0 6 0.0 6.0 0.0
29 2 27 9.541850352986048 115.98017876588344 1106.66550969663
30 5 168 139.6884681067044 2137.419079796989 298572.7969588832
31 0 100 0.0 0.0 0.0
32 0 10 0.0 10.0 0.0
33 2 17 9.541850352986048 59.51335422080222 567.8675199791454
34 0 9 0.0 9.0 0.0
35 0 6 0.0 6.0 0.0
36 0 100 0.0 0.0 0.0
37 1 17 1.0 35.503281577765854 35.503281577765854
38 0 100 0.0 0.0 0.0
39 1 106 1.0 9.55892689827884 9.55892689827884
40 8 196 459.67273235884244 13282.821141836259 6105750.687701672
41 0 18 0.0 18.0 0.0
42 0 100 0.0 0.0 0.0
43 5 91 139.6884681067044 3629.2296992039956 506961.5370891617
44 0 100 0.0 0.0 0.0
45 0 100 0.0 0.0 0.0
46 0 100 0.0 0.0 0.0
47 0 6 0.0 6.0 0.0
48 0 100 0.0 0.0 0.0
49 1 9 1.0 15.931997307697284 15.931997307697284
50 0 6 0.0 6.0 0.0
51 0 5 0.0 5.0 0.0
52 0 100 0.0 0.0 0.0
53 0 9 0.0 9.0 0.0
54 1 117 1.0 35.503281577765854 35.503281577765854
55 0 100 0.0 0.0 0.0
56 0 18 0.0 18.0 0.0
57 0 6 0.0 6.0 0.0
58 1 21 1.0 46.33316012586883 46.33316012586883
59 0 100 0.0 0.0 0.0
60 0 6 0.0 6.0 0.0
61 0 6 0.0 6.0 0.0
62 2 20 9.541850352986048 75.23327232919837 717.8646261306569
63 2 109 9.541850352986048 23.78240930402918 226.9281906125095
64 0 100 0.0 0.0 0.0
65 1 102 1.0 2.3948263510722025 2.3948263510722025
66 1 104 1.0 5.735193251789799 5.735193251789799
67 0 100 0.0 0.0 0.0
68 2 105 9.541850352986048 10.188005914414083 97.21242783067595
69 0 18 0.0 18.0 0.0
70 0 6 0.0 6.0 0.0
71 1 100 1.0 0.0 0.0
72 0 100 0.0 0.0 0.0
73 1 105 1.0 7.59708563275366 7.59708563275366
74 2 18 9.541850352986048 64.62733255388774 616.6643359418604
75 8 206 459.67273235884244 16323.225002619285 7503341.43786218
76 0 100 0.0 0.0 0.0
77 2 35 9.541850352986048 168.62869283493262 1609.0297522505775
78 0 100 0.0 0.0 0.0
79 0 100 0.0 0.0 0.0
80 1 102 1.0 2.3948263510722025 2.3948263510722025
81 0 5 0.0 5.0 0.0
82 0 5 0.0 5.0 0.0
83 0 100 0.0 0.0 0.0
84 0 7 0.0 7.0 0.0
85 1 14 1.0 27.799106543625292 27.799106543625292
86 1 103 1.0 3.9914906122521803 3.9914906122521803
87 1 107 1.0 11.607984241186918 11.607984241186918
88 1 7 1.0 11.607984241186918 11.607984241186918
89 5 58 139.6884681067044 1600.889370701534 223625.7838016033
90 2 28 9.541850352986048 122.22584512913716 1166.2607234894754
91 0 100 0.0 0.0 0.0
92 3 13 32.9215577265747 58.65092275827274 1930.8797393033497
93 1 17 1.0 35.503281577765854 35.503281577765854
94 0 5 0.0 5.0 0.0
95 1 101 1.0 1.0 1.0
96 0 100 0.0 0.0 0.0
97 4 68 75.61186198841948 1360.0227175454593 102833.85002016247
98 5 64 139.6884681067044 1914.4623288244568 267428.3099614821
99 3 59 32.9215577265747 647.2206215128941 21307.511052966296
100 5 170 139.6884681067044 2253.023098877021 314721.345291151
101 4 76 75.61186198841948 1644.92462809159 124375.81396061354
102 1 122 1.0 49.12998068819353 49.12998068819353
103 0 100 0.0 0.0 0.0
104 5 95 139.6884681067044 3924.3008107112732 548179.5686381559
105 0 100 0.0 0.0 0.0
106 3 145 32.9215577265747 421.0282951259743 13860.907322511091
107 4 58 75.61186198841948 1036.142416344768 78344.65738500807
108 2 26 9.541850352986048 109.8359986590007 1048.0386625749609
109 5 77 139.6884681067044 2679.0520099722326 374232.6712512085
110 6 125 225.58275470837765 10262.29633791766 2314997.077541162
111 4 147 75.61186198841948 723.181183304868 54681.07582466957
112 0 100 0.0 0.0 0.0
113 0 100 0.0 0.0 0.0
114 7 160 332.66880679862265 25600.0 8516321.45404474
115 5 180 139.6884681067044 2871.732646582133 401147.9342130701
116 5 162 139.6884681067044 1807.1402103142602 252436.6476328266
117 2 19 9.541850352986048 69.8685662777562 666.6754038000371
118 6 152 225.58275470837765 1916.8860894212144 432416.4445138071
119 1 103 1.0 3.9914906122521803 3.9914906122521803
120 5 71 139.6884681067044 2311.8500842163953 322938.7967565438
121 0 100 0.0 0.0 0.0
122 1 106 1.0 9.55892689827884 9.55892689827884
123 3 32 32.9215577265747 245.06238675558936 8067.83551218631
124 6 53 225.58275470837765 1988.0215081420156 448463.36822617933
125 5 38 139.6884681067044 742.4330654268088 103709.33758123555
126 2 112 9.541850352986048 36.01211998010309 343.62225974392254
127 5 132 139.6884681067044 543.2991441606081 75892.6251714789
128 3 133 32.9215577265747 257.33012181535685 8471.708460130769
129 7 80 332.66880679862265 6400.0 2129080.363511185
130 6 185 225.58275470837765 4907.334112484054 1107009.9473685443
131 4 49 75.61186198841948 776.5950928818146 58719.80098386357
132 8 112 459.67273235884244 18303.96846388381 8413835.196803555
133 3 59 32.9215577265747 647.2206215128941 21307.511052966296
134 5 163 139.6884681067044 1860.4532693243248 259883.86717602485
135 0 100 0.0 0.0 0.0
136 3 137 32.9215577265747 308.57807572808247 10158.870933237406
137 0 100 0.0 0.0 0.0
138 1 33 1.0 81.88562674252243 81.88562674252243
139 4 67 75.61186198841948 1326.001420918201 100261.43643491513
140 6 166 225.58275470837765 3024.560894461153 682288.7783557816
141 3 29 32.9215577265747 209.61005902119368 6900.689658136957
142 4 182 75.61186198841948 1873.1633591984112 141633.36939747448
143 2 19 9.541850352986048 69.8685662777562 666.6754038000371
144 10 157 766.6651705632711 76495.71491932069 58646600.32598036
145 7 115 332.66880679862265 13225.0 4399544.969911785
146 3 120 32.9215577265747 116.21344721391306 3825.92771105708
147 7 102 332.66880679862265 10404.0 3461086.26593287
148 10 126 766.6651705632711 46901.01863245811 35957377.44944465
149 8 143 459.67273235884244 30428.435598390966 13987122.132917445
150 4 193 75.61186198841948 2323.049658002374 175650.1101331206
151 5 165 139.6884681067044 1969.1653870843556 275069.6963705592
152 6 241 225.58275470837765 12921.36097430879 2914836.2031659037
153 3 46 32.9215577265747 435.9769523615719 14353.040404627594
154 5 50 139.6884681067044 1222.4564081968258 170763.0629882387
155 2 24 9.541850352986048 97.86086952638261 933.7737724338355
156 7 183 332.66880679862265 6889.0 2291755.4100357112
157 5 173 139.6884681067044 2431.5451615879456 339658.8187544891
158 4 146 75.61186198841948 697.0692055589992 52706.70056710426
159 5 75 139.6884681067044 2553.9502583266267 356757.3992063684
160 3 150 32.9215577265747 497.6760852315066 16384.27196908475
161 4 147 75.61186198841948 723.181183304868 54681.07582466957
162 5 46 139.6884681067044 1050.58572833688 146754.71100614508
163 6 105 225.58275470837765 7351.839824949449 1658448.2798868536
164 7 131 332.66880679862265 17161.0 5708929.393471164
165 3 147 32.9215577265747 451.11773253603667 14851.498473166615
166 6 208 225.58275470837765 7758.892052145152 1750272.2426078406
167 5 113 139.6884681067044 5378.870870117234 751366.2319904525
168 2 36 9.541850352986048 175.6210676402407 1675.7499462548174
169 6 202 225.58275470837765 6955.268535289175 1568988.635927035
170 6 67 225.58275470837765 3112.8302065571443 702200.8129346088
171 2 17 9.541850352986048 59.51335422080222 567.8675199791454
172 6 186 225.58275470837765 5018.366904356723 1132057.0304221432
173 4 157 75.61186198841948 1005.7817905983286 76049.03394118624
174 7 111 332.66880679862265 12321.0 4098812.36856583
175 3 60 32.9215577265747 664.7206420100937 21883.638987981092
176 13 155 1331.5823725933528 190112.64245312745 253150643.49772722
177 10 144 766.6651705632711 63118.28799319142 48390593.029961765
178 7 188 332.66880679862265 35344.0 11757846.307490518
179 9 153 604.9491004987461 50906.707095139885 30795966.666558012
180 4 78 75.61186198841948 1719.6349352173313 130024.79939211752
181 6 199 225.58275470837765 6569.204673563341 1481899.2865055674
182 4 65 75.61186198841948 1259.0362466163215 95198.07491757096
183 4 39 75.61186198841948 525.6324972119714 39744.05183581987
184 10 183 766.6651705632711 107558.85724916201 82461629.63851932
185 6 216 225.58275470837765 8895.411906640642 2006651.5221656978
186 5 182 139.6884681067044 3003.520233876968 419557.14039776416
187 5 188 139.6884681067044 3414.7546568712237 477001.8469785762
188 4 144 75.61186198841948 646.0476428878335 48848.86521197858
189 6 140 225.58275470837765 1160.4609052104954 261779.96772876108
190 9 135 604.9491004987461 38874.51396153533 23517102.253356747
191 4 155 75.61186198841948 946.1899645328139 71543.18501308264
192 5 156 139.6884681067044 1501.9949206988383 209811.36957647165
193 6 155 225.58275470837765 2133.9982456992793 481393.20280768874
194 5 199 139.6884681067044 4229.702363015084 590840.6436368847
195 4 89 75.61186198841948 2154.8151586700715 162929.58638791565
196 3 30 32.9215577265747 221.1993434691573 7282.2269551002855
197 6 115 225.58275470837765 8749.296958158795 1973690.5095830902
198 8 129 459.67273235884244 24558.59479359431 11288916.371665139
199 10 143 766.6651705632711 62147.61058651166 47646408.47040772
