0 2 52 9.541850352986048 298.47302352672085 2847.984924895254
1 0 100 0.0 0.0 0.0
2 1 105 1.0 7.59708563275366 7.59708563275366
3 1 21 1.0 46.33316012586883 46.33316012586883
4 2 36 9.541850352986048 175.6210676402407 1675.7499462548174
5 5 195 139.6884681067044 3924.3008107112732 548179.5686381559
6 3 142 32.9215577265747 377.3528472077043 12423.04354263576
7 33 735 5744.298091538941 1930448808.6149755 11089073407140.625
8 2 132 9.541850352986048 148.1842032776824 1413.95149235211
9 36 762 6295.82243666837 4011560357.706735 25256071706099.453
10 26 656 4285.277943143774 282300416.0 1209735746025.1118
11 0 5 0.0 5.0 0.0
12 36 748 6295.82243666837 3771183837.4536386 23742703816641.742
13 37 1040 6468.923834840442 13905669021.098497 89954713769986.44
14 3 86 32.9215577265747 1177.1312153238637 38752.99325703761
15 0 7 0.0 7.0 0.0
16 0 100 0.0 0.0 0.0
17 1 8 1.0 13.734791927877684 13.734791927877684
18 50 1023 8230.818941038662 145181875301.50613 1194965729127149.8
19 1 46 1.0 124.43529823617882 124.43529823617882
20 0 11 0.0 11.0 0.0
21 0 100 0.0 0.0 0.0
22 0 100 0.0 0.0 0.0
23 31 1007 5350.621552679651 3419985630.339237 18299048823547.824
24 0 100 0.0 0.0 0.0
25 0 100 0.0 0.0 0.0
26 0 18 0.0 18.0 0.0
27 0 100 0.0 0.0 0.0
28 0 6 0.0 6.0 0.0
29 0 6 0.0 6.0 0.0
30 0 10 0.0 10.0 0.0
31 13 440 1331.5823725933528 2350157.774249015 3129428665.0032167
32 1 28 1.0 66.57403288693754 66.57403288693754
33 0 5 0.0 5.0 0.0
34 0 100 0.0 0.0 0.0
35 0 100 0.0 0.0 0.0
36 0 100 0.0 0.0 0.0
37 0 5 0.0 5.0 0.0
38 0 6 0.0 6.0 0.0
39 0 10 0.0 10.0 0.0
40 0 100 0.0 0.0 0.0
41 3 41 32.9215577265747 363.1907597716439 11956.805563580698
42 0 100 0.0 0.0 0.0
43 0 10 0.0 10.0 0.0
44 0 5 0.0 5.0 0.0
45 0 100 0.0 0.0 0.0
46 1 105 1.0 7.59708563275366 7.59708563275366
47 25 450 4060.496712466729 72465557.99916378 294246160022.67163
48 0 5 0.0 5.0 0.0
49 7 237 332.66880679862265 18769.0 6243860.834803348
50 1 21 1.0 46.33316012586883 46.33316012586883
51 1 112 1.0 22.891970023971037 22.891970023971037
52 0 5 0.0 5.0 0.0
53 0 100 0.0 0.0 0.0
54 0 100 0.0 0.0 0.0
55 0 100 0.0 0.0 0.0
56 0 6 0.0 6.0 0.0
57 36 917 6295.82243666837 7434843529.245853 46808454704544.69
58 1 45 1.0 121.03674784737703 121.03674784737703
59 2 144 9.541850352986048 234.56808185291177 2238.2135346274663
60 0 100 0.0 0.0 0.0
61 0 100 0.0 0.0 0.0
62 0 100 0.0 0.0 0.0
63 0 100 0.0 0.0 0.0
64 3 42 32.9215577265747 377.3528472077043 12423.04354263576
65 0 100 0.0 0.0 0.0
66 6 206 225.58275470837765 7486.36063642395 1688793.855104878
67 6 202 225.58275470837765 6955.268535289175 1568988.635927035
68 0 100 0.0 0.0 0.0
69 0 100 0.0 0.0 0.0
70 0 7 0.0 7.0 0.0
71 22 553 3370.209833397988 63087807.66839912 212619149771.5597
72 5 206 139.6884681067044 4788.781200314608 668937.5099701327
73 2 52 9.541850352986048 298.47302352672085 2847.984924895254
74 12 245 1131.8354418063404 120809.0743078219 136735991.99340862
75 12 270 1131.8354418063404 521134.6583635325 589838676.2894851
76 1 9 1.0 15.931997307697284 15.931997307697284
77 0 100 0.0 0.0 0.0
78 0 100 0.0 0.0 0.0
79 5 48 139.6884681067044 1135.058052192084 158554.52052289192
80 0 100 0.0 0.0 0.0
81 1 101 1.0 1.0 1.0
82 0 100 0.0 0.0 0.0
83 1 11 1.0 20.51504931294799 20.51504931294799
84 0 100 0.0 0.0 0.0
85 9 190 604.9491004987461 81175.65618270171 49107140.19012088
86 33 626 5744.298091538941 1147665200.1122637 6592531018730.533
87 26 392 4285.277943143774 60236288.0 258129236343.25598
88 2 115 9.541850352986048 49.68406405407534 474.0779041321602
89 0 100 0.0 0.0 0.0
90 0 100 0.0 0.0 0.0
91 22 367 3370.209833397988 19659349.089296576 66256131618.951096
92 0 100 0.0 0.0 0.0
93 0 100 0.0 0.0 0.0
94 3 19 32.9215577265747 107.12598084817145 3526.754162509012
95 0 100 0.0 0.0 0.0
96 18 501 2436.3877014920204 16004843.76321206 38994004508.99113
97 2 27 9.541850352986048 115.98017876588344 1106.66550969663
98 2 47 9.541850352986048 257.9778488812911 2461.586028410529
99 0 100 0.0 0.0 0.0
100 21 572 3136.7198300107975 31080689.740163688 97491415838.38458
101 12 369 1131.8354418063404 1086270.8840458973 1229479885.9654522
102 27 736 4506.6139001521815 507609281.8255071 2287599045321.096
103 50 1064 8230.818941038662 167957902705.7092 1382431086887280.0
104 38 760 6636.579650383532 5880957208.076515 39029440931896.95
105 43 1011 7393.130324549447 40533885858.596596 299672300713016.5
106 15 353 1756.7778603087352 2630207.206869053 4620689789.05203
107 31 815 5350.621552679651 1747226874.734989 9348749773378.14
108 16 616 1979.1134619514044 9440309.648849268 18683443911.02732
109 24 561 3832.71054120725 109148096.95631748 418333061757.18896
110 24 477 3832.71054120725 67925876.70012881 260340223649.32764
111 33 750 5744.298091538941 2061020911.716697 11839118489796.07
112 47 999 7902.318130854768 79642417883.66779 629359722827220.0
113 25 576 4060.496712466729 150570798.7588517 611392233353.8068
114 36 825 6295.82243666837 5227229603.356367 32909709418428.12
115 39 851 6798.773358825962 10476546535.284977 71227665476595.94
116 29 665 4937.473672561782 355839696.3962355 1756949132608.7905
117 54 1244 8602.009448624298 588104877239.9801 5058883710800342.0
118 19 575 2668.9360872348193 30966420.977713604 82647398439.92517
119 21 428 3136.7198300107975 23627019.36141141 74111340154.98822
120 31 737 5350.621552679651 1269526624.7901103 6792756520302.617
121 37 939 6468.923834840442 9863444695.7753 63805872486131.37
122 48 1288 8016.77096497358 239956697002.12476 1923677881377596.5
123 38 924 6636.579650383532 11408294533.058022 75712055343674.56
124 4 76 75.61186198841948 1644.92462809159 124375.81396061354
125 0 100 0.0 0.0 0.0
126 46 908 7782.801884860074 47338812285.64686 368428597483769.6
127 46 1095 7782.801884860074 93050120874.02191 724190656124795.5
128 16 380 1979.1134619514044 4298828.009043774 8507868383.312285
129 45 1073 7658.1450374688 72241022056.72731 553232224565400.4
130 0 100 0.0 0.0 0.0
131 20 565 2902.6872563902634 39146505.26574351 113630061967.08803
132 33 802 5744.298091538941 2560929108.159805 14710740188568.889
133 40 988 6955.50474228233 21211555960.31417 147537078073152.25
134 39 1197 6798.773358825962 33646036955.485897 228751779683031.28
135 36 731 6295.82243666837 3493076241.1294074 21991787771895.734
136 34 1204 5933.442745663244 11938053357.277056 70833756090076.28
137 45 1001 7658.1450374688 56324705991.69799 431342767677211.2
138 15 270 1756.7778603087352 1338606.0170510584 2351633414.4313564
139 21 566 3136.7198300107975 51701115.114125304 162171913012.1478
140 31 382 5350.621552679651 157594188.07178912 843226859273.9652
141 45 835 7658.1450374688 29413215559.889473 225250670775967.66
142 50 1116 8230.818941038662 200469647158.8595 1650029368938478.2
143 29 612 4937.473672561782 456125765.1525698 2252108956817.9116
144 40 813 6955.50474228233 10829898600.834656 75327411076542.22
145 20 479 2902.6872563902634 24822324.49792222 72051444994.10268
146 18 494 2436.3877014920204 15415067.533544805 37557080956.39749
147 31 575 5350.621552679651 577296971.8862563 3088897620071.302
148 41 869 7106.788070274764 16447922567.808899 116891899885707.34
149 43 1079 7393.130324549447 51006110596.74751 377094822990136.94
150 21 378 3136.7198300107975 16681434.616910586 52324986755.892006
151 27 523 4506.6139001521815 179875597.03580433 810629865899.7284
152 50 1106 8230.818941038662 193888532335.99622 1595861404401304.8
153 24 569 3832.71054120725 113761978.81185842 436016735380.8056
154 26 622 4285.277943143774 240641848.0 1031217203431.7567
155 37 756 6468.923834840442 4759041417.1678705 30785876454510.074
156 29 842 4937.473672561782 1229206422.571412 6069174349590.2
157 30 533 5146.386239304723 367864686.0264161 1893173758092.5002
158 24 572 3832.71054120725 115524713.31962352 442772786510.06665
159 32 767 5549.980220652734 1790936406.130291 9939661630470.006
160 22 575 3370.209833397988 70490121.4566001 237566500490.45215
161 39 1338 6798.773358825962 49241299384.41005 334780434408700.25
162 30 703 5146.386239304723 877749066.4622718 4517235717204.002
163 41 893 7106.788070274764 18081659896.203293 128502524841103.19
164 29 620 4937.473672561782 474908810.81050503 2344849750244.4927
165 33 601 5744.298091538941 1005714088.0447161 5777121516589.089
166 18 221 2436.3877014920204 1802105.484326511 4390627638.804432
167 46 1217 7782.801884860074 136231363548.18683 1060261712999886.5
168 42 860 7252.650449022947 19086055496.68408 138424488968102.67
169 0 100 0.0 0.0 0.0
170 42 880 7252.650449022947 20686874628.976574 150034670566728.38
171 30 672 5146.386239304723 761803794.520273 3920536565169.2554
172 27 621 4506.6139001521815 303019899.99869215 1365593693356.83
173 24 815 3832.71054120725 221840837.69432086 850251717101.2703
174 36 787 6295.82243666837 4467147421.575455 28124366964660.004
175 42 800 7252.650449022947 14814255463.894554 107442616542155.48
176 35 914 6117.310290426031 5981759199.898011 36592277108386.69
177 31 672 5350.621552679651 946973697.9251579 5066897877939.1
178 53 1121 8516.089422990353 336346502134.36835 2864356889286296.5
179 22 450 3370.209833397988 35106170.55811086 118315161227.89217
180 34 849 5933.442745663244 3807599588.4727006 22592174156613.7
181 28 610 4724.12231882448 360923962.8729364 1705048948406.6172
182 20 344 2902.6872563902634 9958006.651168495 28904979005.396275
183 45 1002 7658.1450374688 56526578761.478386 432888738627305.0
184 7 208 332.66880679862265 11664.0 3880248.9624991347
185 39 742 6798.773358825962 6556065299.2397585 44573202095194.625
186 31 648 5350.621552679651 843712034.8737396 4514383798050.637
187 42 998 7252.650449022947 32147567819.401264 233155072180376.22
188 1 23 1.0 51.960050539976365 51.960050539976365
189 44 967 7528.2761260995885 41576070162.09254 312996136418322.7
190 39 989 6798.773358825962 17515689118.7568 119085200542081.53
191 0 100 0.0 0.0 0.0
192 39 799 6798.773358825962 8444430262.357928 57411767498182.805
193 36 866 6295.82243666837 6144142920.553294 38682432853316.555
194 42 1000 7252.650449022947 32373837403.741238 234796126382839.78
195 34 900 5933.442745663244 4608113259.45827 27341976190527.277
196 40 1224 6955.50474228233 44395721610.1064 308794652196141.2
197 22 449 3370.209833397988 34884764.18840005 117568975303.51584
198 43 1282 7393.130324549447 93740510883.26558 693035813649828.2
199 41 925 7106.788070274764 20435614218.082092 145231579333803.16
