0 1 10 1.0 18.1937008646705 18.1937008646705
1 1 103 1.0 3.9914906122521803 3.9914906122521803
2 1 100 1.0 0.0 0.0
3 1 10 1.0 18.1937008646705 18.1937008646705
4 7 153 332.66880679862265 23409.0 7787444.0983489575
5 1 102 1.0 2.3948263510722025 2.3948263510722025
6 7 171 332.66880679862265 5041.0 1676983.4550718567
7 0 100 0.0 0.0 0.0
8 1 110 1.0 18.1937008646705 18.1937008646705
9 0 6 0.0 6.0 0.0
10 0 100 0.0 0.0 0.0
11 1 29 1.0 69.58346013935528 69.58346013935528
12 0 100 0.0 0.0 0.0
13 0 100 0.0 0.0 0.0
14 7 102 332.66880679862265 10404.0 3461086.26593287
15 0 100 0.0 0.0 0.0
16 0 100 0.0 0.0 0.0
17 0 100 0.0 0.0 0.0
18 1 10 1.0 18.1937008646705 18.1937008646705
19 3 63 32.9215577265747 718.2490844189361 23645.87869475743
20 0 6 0.0 6.0 0.0
21 0 5 0.0 5.0 0.0
22 0 100 0.0 0.0 0.0
23 1 103 1.0 3.9914906122521803 3.9914906122521803
24 3 35 32.9215577265747 282.5239294230334 9301.12785163911
25 1 104 1.0 5.735193251789799 5.735193251789799
26 2 24 9.541850352986048 97.86086952638261 933.7737724338355
27 1 12 1.0 22.891970023971037 22.891970023971037
28 8 106 459.67273235884244 16323.225002619285 7503341.43786218
29 0 100 0.0 0.0 0.0
30 0 5 0.0 5.0 0.0
31 1 26 1.0 60.63937356224698 60.63937356224698
32 0 100 0.0 0.0 0.0
33 2 17 9.541850352986048 59.51335422080222 567.8675199791454
34 0 100 0.0 0.0 0.0
35 0 6 0.0 6.0 0.0
36 2 25 9.541850352986048 103.79546451213633 990.4007896934788
37 0 7 0.0 7.0 0.0
38 4 138 75.61186198841948 502.796158813779 38017.3537685349
39 0 100 0.0 0.0 0.0
40 1 9 1.0 15.931997307697284 15.931997307697284
41 0 6 0.0 6.0 0.0
42 2 38 9.541850352986048 189.8638195218893 1811.6521533242187
43 12 169 1131.8354418063404 173183.80963665945 196015573.69381362
44 0 5 0.0 5.0 0.0
45 0 100 0.0 0.0 0.0
46 0 6 0.0 6.0 0.0
47 7 99 332.66880679862265 9801.0 3260486.9754333007
48 2 32 9.541850352986048 148.1842032776824 1413.95149235211
49 4 165 75.61186198841948 1259.0362466163215 95198.07491757096
50 0 100 0.0 0.0 0.0
51 1 107 1.0 11.607984241186918 11.607984241186918
52 0 100 0.0 0.0 0.0
53 0 100 0.0 0.0 0.0
54 0 100 0.0 0.0 0.0
55 0 5 0.0 5.0 0.0
56 1 103 1.0 3.9914906122521803 3.9914906122521803
57 0 100 0.0 0.0 0.0
58 0 5 0.0 5.0 0.0
59 2 22 9.541850352986048 86.31942417916456 823.6470280735138
60 6 102 225.58275470837765 6955.268535289175 1568988.635927035
61 0 100 0.0 0.0 0.0
62 0 5 0.0 5.0 0.0
63 0 10 0.0 10.0 0.0
64 2 46 9.541850352986048 250.0988923255542 2386.406204018009
65 1 14 1.0 27.799106543625292 27.799106543625292
66 0 100 0.0 0.0 0.0
67 8 88 459.67273235884244 11083.755846199128 5094900.334620647
68 1 14 1.0 27.799106543625292 27.799106543625292
69 1 17 1.0 35.503281577765854 35.503281577765854
70 0 10 0.0 10.0 0.0
71 0 20 0.0 20.0 0.0
72 1 105 1.0 7.59708563275366 7.59708563275366
73 0 100 0.0 0.0 0.0
74 5 75 139.6884681067044 2553.9502583266267 356757.3992063684
75 0 100 0.0 0.0 0.0
76 0 100 0.0 0.0 0.0
77 10 89 766.6651705632711 21647.34125443477 16596262.575072568
78 0 100 0.0 0.0 0.0
79 3 37 32.9215577265747 308.57807572808247 10158.870933237406
80 0 8 0.0 8.0 0.0
81 2 17 9.541850352986048 59.51335422080222 567.8675199791454
82 0 100 0.0 0.0 0.0
83 6 80 225.58275470837765 4369.987349380403 985793.784313993
84 0 8 0.0 8.0 0.0
85 2 24 9.541850352986048 97.86086952638261 933.7737724338355
86 0 100 0.0 0.0 0.0
87 1 100 1.0 0.0 0.0
88 0 100 0.0 0.0 0.0
89 0 100 0.0 0.0 0.0
90 2 31 9.541850352986048 141.5519192260369 1350.6672304328126
91 0 100 0.0 0.0 0.0
92 5 76 139.6884681067044 2616.164871066153 365448.0631538047
93 1 107 1.0 11.607984241186918 11.607984241186918
94 0 100 0.0 0.0 0.0
95 1 12 1.0 22.891970023971037 22.891970023971037
96 6 187 225.58275470837765 5130.584655325767 1157371.4198129189
97 1 104 1.0 5.735193251789799 5.735193251789799
98 1 22 1.0 49.12998068819353 49.12998068819353
99 2 27 9.541850352986048 115.98017876588344 1106.66550969663
100 0 100 0.0 0.0 0.0
101 5 72 139.6884681067044 2371.3580183097592 331251.36891024053
102 0 100 0.0 0.0 0.0
103 0 100 0.0 0.0 0.0
104 1 105 1.0 7.59708563275366 7.59708563275366
105 6 189 225.58275470837765 5358.570280584671 1208801.0451927343
106 1 8 1.0 13.734791927877684 13.734791927877684
107 2 28 9.541850352986048 122.22584512913716 1166.2607234894754
108 6 201 225.58275470837765 6825.411756924657 1539695.1861460118
109 5 57 139.6884681067044 1551.0877169304622 216669.0670771418
110 10 184 766.6651705632711 108870.3820957398 83467130.05871885
111 6 158 225.58275470837765 2362.1985438616953 532871.2546924397
112 3 34 32.9215577265747 269.81820202916316 8882.83551378369
113 4 38 75.61186198841948 502.796158813779 38017.3537685349
114 11 147 942.9223974109915 91604.76025632706 86376180.15515503
115 1 105 1.0 7.59708563275366 7.59708563275366
116 0 100 0.0 0.0 0.0
117 6 105 225.58275470837765 7351.839824949449 1658448.2798868536
118 2 119 9.541850352986048 69.8685662777562 666.6754038000371
119 8 113 459.67273235884244 18645.55254126269 8570852.082982577
120 2 46 9.541850352986048 250.0988923255542 2386.406204018009
121 2 129 9.541850352986048 128.5709592386038 1226.8048527946264
122 2 19 9.541850352986048 69.8685662777562 666.6754038000371
123 8 107 459.67273235884244 16645.17504715694 7651333.094517854
124 1 7 1.0 11.607984241186918 11.607984241186918
125 6 83 225.58275470837765 4688.828251009056 1057718.7932170872
126 1 104 1.0 5.735193251789799 5.735193251789799
127 5 174 139.6884681067044 2492.4098028308917 348160.9072515804
128 2 46 9.541850352986048 250.0988923255542 2386.406204018009
129 1 103 1.0 3.9914906122521803 3.9914906122521803
130 6 62 225.58275470837765 2683.6257759841665 605379.6951529159
131 6 103 225.58275470837765 7086.292798564201 1598545.450170251
132 4 176 75.61186198841948 1644.92462809159 124375.81396061354
133 3 53 32.9215577265747 545.90532331836 17972.053614869816
134 5 89 139.6884681067044 3485.593399577667 486897.20242984424
135 4 93 75.61186198841948 2323.049658002374 175650.1101331206
136 6 176 225.58275470837765 3961.5666745886283 893661.1234146099
137 3 45 32.9215577265747 421.0282951259743 13860.907322511091
138 5 157 139.6884681067044 1551.0877169304622 216669.0670771418
139 3 145 32.9215577265747 421.0282951259743 13860.907322511091
140 1 107 1.0 11.607984241186918 11.607984241186918
141 1 11 1.0 20.51504931294799 20.51504931294799
142 4 55 75.61186198841948 946.1899645328139 71543.18501308264
143 3 47 32.9215577265747 451.11773253603667 14851.498473166615
144 2 13 9.541850352986048 40.41888428935346 385.6709453236695
145 4 65 75.61186198841948 1259.0362466163215 95198.07491757096
146 6 115 225.58275470837765 8749.296958158795 1973690.5095830902
147 2 44 9.541850352986048 234.56808185291177 2238.2135346274663
148 6 169 225.58275470837765 3293.0002682054314 742844.0717572076
149 4 65 75.61186198841948 1259.0362466163215 95198.07491757096
150 0 100 0.0 0.0 0.0
151 2 105 9.541850352986048 10.188005914414083 97.21242783067595
152 5 73 139.6884681067044 2431.5451615879456 339658.8187544891
153 0 100 0.0 0.0 0.0
154 5 93 139.6884681067044 3775.468945982596 527389.4734487426
155 4 51 75.61186198841948 831.5797944458234 62877.296649995835
156 4 142 75.61186198841948 596.6466987883373 45113.56784462985
157 6 157 225.58275470837765 15871.022938457161 3580229.074497017
158 5 116 139.6884681067044 5641.169189689651 788006.2824384862
159 4 146 75.61186198841948 697.0692055589992 52706.70056710426
160 4 46 75.61186198841948 697.0692055589992 52706.70056710426
161 6 194 225.58275470837765 5949.1894450157 1342034.543288646
162 10 190 766.6651705632711 116923.72419487912 89641346.95275986
163 6 262 225.58275470837765 16851.950319124262 3801509.375196775
164 7 149 332.66880679862265 22201.0 7385580.179736221
165 7 133 332.66880679862265 17689.0 5884578.523460836
166 4 165 75.61186198841948 1259.0362466163215 95198.07491757096
167 7 100 332.66880679862265 10000.0 3326688.0679862266
168 4 165 75.61186198841948 1259.0362466163215 95198.07491757096
169 7 88 332.66880679862265 7744.0 2576187.2398485336
170 6 192 225.58275470837765 5709.4065807799225 1287943.6642424744
171 5 156 139.6884681067044 1501.9949206988383 209811.36957647165
172 7 107 332.66880679862265 11449.0 3808725.1690374305
173 6 193 225.58275470837765 5828.709556476301 1314856.3581449701
174 4 97 75.61186198841948 2496.5017632734202 188765.14677847573
175 7 59 332.66880679862265 3481.0 1158020.1164660056
176 13 154 1331.5823725933528 187169.9580648578 249232216.83820173
177 6 115 225.58275470837765 8749.296958158795 1973690.5095830902
178 5 188 139.6884681067044 3414.7546568712237 477001.8469785762
179 4 142 75.61186198841948 596.6466987883373 45113.56784462985
180 11 168 942.9223974109915 124361.6449123442 117263380.36672203
181 8 116 459.67273235884244 19689.9977613532 9050955.071100716
182 5 157 139.6884681067044 1551.0877169304622 216669.0670771418
183 4 159 75.61186198841948 1066.8769814059906 80668.55507669134
184 4 136 75.61186198841948 458.3949685466225 34660.09709793311
185 3 65 32.9215577265747 754.7803226662346 24848.54396353912
186 4 153 75.61186198841948 888.1171619831025 67152.19228141312
187 6 203 225.58275470837765 7086.292798564201 1598545.450170251
188 6 88 225.58275470837765 5243.986173197856 1182952.846602616
189 7 81 332.66880679862265 6561.0 2182640.041405763
190 4 165 75.61186198841948 1259.0362466163215 95198.07491757096
191 5 189 139.6884681067044 3485.593399577667 486897.20242984424
192 3 48 32.9215577265747 466.4489382157433 15356.225645969067
193 7 116 332.66880679862265 13456.0 4476391.464282267
194 5 156 139.6884681067044 1501.9949206988383 209811.36957647165
195 4 145 75.61186198841948 671.3571728121805 50762.565895610074
196 6 107 225.58275470837765 7622.045029127996 1719401.9141819899
197 1 8 1.0 13.734791927877684 13.734791927877684
198 6 179 225.58275470837765 4266.090224510861 962356.3846796412
199 4 167 75.61186198841948 1326.001420918201 100261.43643491513
