0 1 111 1.0 20.51504931294799 20.51504931294799
1 0 100 0.0 0.0 0.0
2 12 275 1131.8354418063404 187989.31688919218 212772971.53615096
3 34 712 5933.442745663244 2141170285.1251721 12704511295505.652
4 21 630 3136.7198300107975 69801108.47263822 218946521102.859
5 0 100 0.0 0.0 0.0
6 0 100 0.0 0.0 0.0
7 14 338 1540.4353185285338 1725221.6566834578 2657592372.2455072
8 1 12 1.0 22.891970023971037 22.891970023971037
9 1 114 1.0 27.799106543625292 27.799106543625292
10 30 751 5146.386239304723 1080139035.1933494 5558812667254.933
11 21 441 3136.7198300107975 25693361.963054553 80592877969.15837
12 1 19 1.0 40.84402933782601 40.84402933782601
13 0 100 0.0 0.0 0.0
14 1 11 1.0 20.51504931294799 20.51504931294799
15 2 127 9.541850352986048 115.98017876588344 1106.66550969663
16 1 19 1.0 40.84402933782601 40.84402933782601
17 1 111 1.0 20.51504931294799 20.51504931294799
18 0 100 0.0 0.0 0.0
19 0 100 0.0 0.0 0.0
20 3 35 32.9215577265747 282.5239294230334 9301.12785163911
21 1 16 1.0 32.892441635375256 32.892441635375256
22 13 399 1331.5823725933528 926231.9616259682 1233354153.0337021
23 0 100 0.0 0.0 0.0
24 1 125 1.0 57.71571011139208 57.71571011139208
25 1 13 1.0 25.320989780782124 25.320989780782124
26 3 211 32.9215577265747 1765.0127547688267 58106.969294262555
27 0 100 0.0 0.0 0.0
28 0 100 0.0 0.0 0.0
29 2 33 9.541850352986048 154.90879557685506 1478.1165457556579
30 0 100 0.0 0.0 0.0
31 0 5 0.0 5.0 0.0
32 1 7 1.0 11.607984241186918 11.607984241186918
33 1 33 1.0 81.88562674252243 81.88562674252243
34 1 29 1.0 69.58346013935528 69.58346013935528
35 34 682 5933.442745663244 1859929994.7892256 11035788135023.605
36 34 567 5933.442745663244 1016606252.045746 6031974991396.73
37 1 10 1.0 18.1937008646705 18.1937008646705
38 8 196 459.67273235884244 58625.25872031313 26948432.86121039
39 16 470 1979.1134619514044 7425334.6335844 14695579732.820885
40 2 21 9.541850352986048 80.71796600694597 770.1987524356932
41 2 118 9.541850352986048 64.62733255388774 616.6643359418604
42 0 100 0.0 0.0 0.0
43 2 43 9.541850352986048 226.91812071099523 2165.21875020514
44 0 100 0.0 0.0 0.0
45 0 100 0.0 0.0 0.0
46 1 105 1.0 7.59708563275366 7.59708563275366
47 0 100 0.0 0.0 0.0
48 3 90 32.9215577265747 1265.2216514357588 41653.0676346545
49 0 100 0.0 0.0 0.0
50 0 100 0.0 0.0 0.0
51 2 58 9.541850352986048 349.384203814786 3333.771788497865
52 0 100 0.0 0.0 0.0
53 1 118 1.0 38.15436697768484 38.15436697768484
54 31 820 5350.621552679651 1781485734.5025625 9532055966820.75
55 0 100 0.0 0.0 0.0
56 0 100 0.0 0.0 0.0
57 0 100 0.0 0.0 0.0
58 0 5 0.0 5.0 0.0
59 0 100 0.0 0.0 0.0
60 2 45 9.541850352986048 242.29532664846576 2311.945748107533
61 0 100 0.0 0.0 0.0
62 1 107 1.0 11.607984241186918 11.607984241186918
63 2 34 9.541850352986048 161.72412498062124 1543.1473990327004
64 0 100 0.0 0.0 0.0
65 0 100 0.0 0.0 0.0
66 0 100 0.0 0.0 0.0
67 0 5 0.0 5.0 0.0
68 0 15 0.0 15.0 0.0
69 2 27 9.541850352986048 115.98017876588344 1106.66550969663
70 1 123 1.0 51.960050539976365 51.960050539976365
71 0 100 0.0 0.0 0.0
72 1 105 1.0 7.59708563275366 7.59708563275366
73 0 18 0.0 18.0 0.0
74 1 6 1.0 9.55892689827884 9.55892689827884
75 1 24 1.0 54.8222930413608 54.8222930413608
76 0 9 0.0 9.0 0.0
77 0 100 0.0 0.0 0.0
78 23 609 3602.4235623004615 107702600.00210874 387990383968.6182
79 1 29 1.0 69.58346013935528 69.58346013935528
80 0 100 0.0 0.0 0.0
81 0 100 0.0 0.0 0.0
82 23 636 3602.4235623004615 122058953.14127047 439708048785.8407
83 1 102 1.0 2.3948263510722025 2.3948263510722025
84 0 10 0.0 10.0 0.0
85 1 16 1.0 32.892441635375256 32.892441635375256
86 0 6 0.0 6.0 0.0
87 1 8 1.0 13.734791927877684 13.734791927877684
88 1 117 1.0 35.503281577765854 35.503281577765854
89 0 100 0.0 0.0 0.0
90 1 7 1.0 11.607984241186918 11.607984241186918
91 0 10 0.0 10.0 0.0
92 0 100 0.0 0.0 0.0
93 0 100 0.0 0.0 0.0
94 3 146 32.9215577265747 435.9769523615719 14353.040404627594
95 3 62 32.9215577265747 700.2360303580608 23052.86089566041
96 1 6 1.0 9.55892689827884 9.55892689827884
97 1 111 1.0 20.51504931294799 20.51504931294799
98 1 38 1.0 97.81435774219185 97.81435774219185
99 0 5 0.0 5.0 0.0
100 0 100 0.0 0.0 0.0
101 32 590 5549.980220652734 771974492.5354925 4284443164420.415
102 56 1460 8760.68123103637 1506660995022.3545 1.3199376700626922e+16
103 13 347 1331.5823725933528 1326036.3585027982 1765726640.4002059
104 33 609 5744.298091538941 1049733466.7681516 6029981949780.85
105 23 493 3602.4235623004615 58548345.15988791 210915938137.6804
106 17 394 2206.0678959513543 6340512.850037953 13987601842.335752
107 17 284 2206.0678959513543 2688517.866585235 5931052953.165314
108 25 691 4060.496712466729 258191863.2734577 1048387212007.5343
109 43 1413 7393.130324549447 132159728296.2547 977074094951256.2
110 43 1040 7393.130324549447 44789748828.22816 331136450290926.7
111 52 1640 8425.648590871551 1190891371057.2468 1.0034032202429582e+16
112 41 970 7106.788070274764 24104500175.809227 171305574289376.97
113 0 100 0.0 0.0 0.0
114 48 1156 8016.77096497358 161547072326.65714 1295085878904831.8
115 45 843 7658.1450374688 30435487483.764996 233079377436738.7
116 52 1070 8425.648590871551 239458979965.53635 2017597217118160.2
117 26 910 4285.277943143774 753571000.0 3229261184892.797
118 1 108 1.0 13.734791927877684 13.734791927877684
119 45 1016 7658.1450374688 59407886018.45387 454954207498734.6
120 53 1199 8516.089422990353 433717846575.36786 3693579965782643.0
121 27 509 4506.6139001521815 165649209.54252878 746517030273.5815
122 19 614 2668.9360872348193 22839471.390716262 60957089408.04986
123 49 1102 8126.242482129881 161247436425.7316 1310335768017317.2
124 21 478 3136.7198300107975 32200480.32325485 101003885165.82599
125 34 720 5933.442745663244 2220874748.0491714 13177433162839.041
126 27 622 4506.6139001521815 304504049.034785 1372282180032.7834
127 59 1355 8967.266196081293 1824432503653.4028 1.636017191704312e+16
128 42 1149 7252.650449022947 52664656109.72198 381958341781814.2
129 34 960 5933.442745663244 5691240760.278353 33768651202896.555
130 43 877 7393.130324549447 24536562275.58264 181402002619806.03
131 37 793 6468.923834840442 5588370010.117274 36150739956355.16
132 17 483 2206.0678959513543 5887026.034362466 12987179137.03685
133 17 416 2206.0678959513543 7310823.629638362 16128173302.307743
134 30 805 5146.386239304723 1343417367.168318 6913744652038.013
135 36 878 6295.82243666837 6432454843.522982 40497593526708.12
136 45 1175 7658.1450374688 100021333858.20172 765977881527197.6
137 45 1049 7658.1450374688 66616710216.19226 510160428754629.9
138 49 1234 8126.242482129881 244625891028.69464 1987889307906253.2
139 25 689 4060.496712466729 255984274.15412623 1039423303646.0115
140 20 663 2902.6872563902634 60861392.888261706 176661589542.91827
141 20 601 2902.6872563902634 46419874.71019339 134742378764.51102
142 20 570 2902.6872563902634 40109732.574160375 116426009600.23676
143 47 880 7902.318130854768 50229655273.436966 396930715573865.75
144 37 1144 6468.923834840442 14086296871.90813 91123181579324.88
145 33 638 5744.298091538941 1220478606.7370374 7010792931443.67
146 24 806 3832.71054120725 314901852.44376826 1206927649306.9207
147 17 629 2206.0678959513543 13723756.85426142 30275539408.02847
148 41 1059 7106.788070274764 32705361612.21715 232430073739727.1
149 51 1370 8330.590095344352 510322260325.97107 4251285567305277.0
150 41 968 7106.788070274764 23932182187.290573 170080946864278.88
151 27 631 4506.6139001521815 318081399.25909436 1433470055280.8904
152 39 1022 6798.773358825962 19596444823.950893 133231786996780.25
153 54 1422 8602.009448624298 977973931692.1505 8412541000924132.0
154 32 526 5549.980220652734 534140102.96763146 2964467006527.769
155 14 463 1540.4353185285338 2057181.5839227438 3168955168.5010657
156 17 550 2206.0678959513543 8982223.609596059 19815395139.386158
157 18 445 2436.3877014920204 11665093.380140767 28420690048.130943
158 34 870 5933.442745663244 2766320950.093379 16413806973507.812
159 25 614 4060.496712466729 181944041.56416187 738783182624.1892
160 29 660 4937.473672561782 576738001.882653 2847628700261.487
161 38 953 6636.579650383532 12668754912.66431 84077201049084.36
162 47 1195 7902.318130854768 152720446400.05557 1206845552539393.0
163 38 916 6636.579650383532 11076787478.113924 73511982368873.98
164 42 1040 7252.650449022947 37142296196.86032 269380091189902.3
165 15 537 1756.7778603087352 4503978.291265011 7912489345.405539
166 30 696 5146.386239304723 850584898.0094782 4377438414476.39
167 39 1016 6798.773358825962 13475349348.3091 91615846150156.69
168 54 1471 8602.009448624298 1112449764666.1316 9569303386777940.0
169 46 1204 7782.801884860074 131052469542.02736 1019955406967258.0
170 21 460 3136.7198300107975 28916929.247523844 90704305393.72725
171 45 1193 7658.1450374688 105620931072.67337 808860409147027.8
172 34 857 5933.442745663244 3926221121.1955376 23296008229427.47
173 22 625 3370.209833397988 89353354.40497647 301139553662.74713
174 19 484 2668.9360872348193 19399545.153776977 51776146136.85673
175 29 747 4937.473672561782 847374077.2421068 4183887197194.2363
176 60 1407 9028.149747574074 2473152211811.887 2.232798851678175e+16
177 50 1506 8230.818941038662 609173113696.3992 5013993602583821.0
178 48 763 8016.77096497358 35321448152.96711 283163959993526.4
179 31 782 5350.621552679651 1532353225.140428 8199042192754.549
180 17 562 2206.0678959513543 9623599.17140406 21230313175.53855
181 45 1193 7658.1450374688 77182972824.9163 591078400316222.1
182 26 776 4285.277943143774 467288576.0 2002461427815.863
183 47 1127 7902.318130854768 123431950312.77643 975398538883418.0
184 35 865 6117.310290426031 4986703144.353819 30505210460255.465
185 42 934 7252.650449022947 25486340724.997105 184843520503102.06
186 35 611 6117.310290426031 1582360337.5730715 9679789176197.76
187 51 1131 8330.590095344352 249507290361.12878 2078542961798626.8
188 49 1025 8126.242482129881 123481402574.79443 1003439819356276.6
189 60 1297 9028.149747574074 1795061973815.9807 1.6206088305786566e+16
190 26 761 4285.277943143774 440711081.0 1888569474708.349
191 34 748 5933.442745663244 2516069861.255827 14928956465850.31
192 35 681 6117.310290426031 2263839581.4726796 13848609167616.582
193 39 1292 6798.773358825962 33167810551.64863 225500426749135.3
194 47 990 7902.318130854768 77065642133.92372 608997221100870.6
195 47 1049 7902.318130854768 95110111725.32115 751590360314628.0
196 32 747 5549.980220652734 1645411284.3640008 9132000083059.016
197 46 1050 7782.801884860074 79973616455.13477 622418812886099.5
198 55 1262 8683.506947919002 731520126134.2515 6352160097829358.0
199 35 571 6117.310290426031 1265353530.3363888 7740560172153.699
