0 0 100 0.0 0.0 0.0
1 0 100 0.0 0.0 0.0
2 1 28 1.0 66.57403288693754 66.57403288693754
3 0 100 0.0 0.0 0.0
4 0 100 0.0 0.0 0.0
5 0 10 0.0 10.0 0.0
6 1 7 1.0 11.607984241186918 11.607984241186918
7 2 27 9.541850352986048 115.98017876588344 1106.66550969663
8 4 128 75.61186198841948 4011.2373703018793 303297.12644605635
9 0 100 0.0 0.0 0.0
10 0 100 0.0 0.0 0.0
11 0 100 0.0 0.0 0.0
12 0 100 0.0 0.0 0.0
13 30 688 5146.386239304723 820248451.7706962 4221315345003.7144
14 0 100 0.0 0.0 0.0
15 0 100 0.0 0.0 0.0
16 1 108 1.0 13.734791927877684 13.734791927877684
17 1 25 1.0 57.71571011139208 57.71571011139208
18 0 100 0.0 0.0 0.0
19 0 100 0.0 0.0 0.0
20 2 70 9.541850352986048 458.2387961897642 4372.446019175203
21 0 100 0.0 0.0 0.0
22 15 502 1756.7778603087352 6387735.5105894515 11221832322.511463
23 4 73 75.61186198841948 1535.4556318691968 116098.65932623514
24 0 100 0.0 0.0 0.0
25 0 10 0.0 10.0 0.0
26 2 37 9.541850352986048 182.69988024795316 1743.2949168344405
27 1 16 1.0 32.892441635375256 32.892441635375256
28 2 38 9.541850352986048 189.8638195218893 1811.6521533242187
29 1 9 1.0 15.931997307697284 15.931997307697284
30 1 34 1.0 85.02419427196995 85.02419427196995
31 0 9 0.0 9.0 0.0
32 1 31 1.0 75.68293941204132 75.68293941204132
33 0 100 0.0 0.0 0.0
34 0 6 0.0 6.0 0.0
35 14 484 1540.4353185285338 2363245.6632722234 3640427086.063924
36 0 18 0.0 18.0 0.0
37 1 121 1.0 46.33316012586883 46.33316012586883
38 3 24 32.9215577265747 155.22039240905832 5110.09710903639
39 1 7 1.0 11.607984241186918 11.607984241186918
40 1 105 1.0 7.59708563275366 7.59708563275366
41 0 100 0.0 0.0 0.0
42 0 100 0.0 0.0 0.0
43 0 18 0.0 18.0 0.0
44 0 10 0.0 10.0 0.0
45 1 102 1.0 2.3948263510722025 2.3948263510722025
46 1 111 1.0 20.51504931294799 20.51504931294799
47 33 532 5744.298091538941 677478462.45782 3891638238955.192
48 2 80 9.541850352986048 555.5596760452839 5301.067290977507
49 1 7 1.0 11.607984241186918 11.607984241186918
50 1 10 1.0 18.1937008646705 18.1937008646705
51 37 774 6468.923834840442 5150816359.999317 33320238720085.67
52 1 7 1.0 11.607984241186918 11.607984241186918
53 1 102 1.0 2.3948263510722025 2.3948263510722025
54 20 637 2902.6872563902634 54501452.14179263 158200670586.7453
55 1 116 1.0 32.892441635375256 32.892441635375256
56 0 100 0.0 0.0 0.0
57 0 18 0.0 18.0 0.0
58 0 100 0.0 0.0 0.0
59 17 429 2206.0678959513543 7924827.069835331 17482706579.729965
60 0 100 0.0 0.0 0.0
61 2 55 9.541850352986048 323.62148105306557 3087.947743220061
62 0 100 0.0 0.0 0.0
63 1 30 1.0 72.61998620345668 72.61998620345668
64 0 18 0.0 18.0 0.0
65 12 183 1131.8354418063404 208823.67119914887 236354032.15131062
66 1 123 1.0 51.960050539976365 51.960050539976365
67 0 100 0.0 0.0 0.0
68 1 115 1.0 30.323695983612147 30.323695983612147
69 1 113 1.0 25.320989780782124 25.320989780782124
70 0 100 0.0 0.0 0.0
71 1 43 1.0 114.29870016819844 114.29870016819844
72 1 16 1.0 32.892441635375256 32.892441635375256
73 0 6 0.0 6.0 0.0
74 19 567 2668.9360872348193 17605191.96311206 46987132153.04619
75 10 308 766.6651705632711 142996.92734471612 109630763.69276047
76 1 116 1.0 32.892441635375256 32.892441635375256
77 1 111 1.0 20.51504931294799 20.51504931294799
78 1 28 1.0 66.57403288693754 66.57403288693754
79 0 19 0.0 19.0 0.0
80 0 6 0.0 6.0 0.0
81 0 100 0.0 0.0 0.0
82 2 113 9.541850352986048 40.41888428935346 385.6709453236695
83 4 141 75.61186198841948 4732.743707978966 357851.56407426624
84 1 107 1.0 11.607984241186918 11.607984241186918
85 1 18 1.0 38.15436697768484 38.15436697768484
86 0 100 0.0 0.0 0.0
87 1 118 1.0 38.15436697768484 38.15436697768484
88 46 1259 7782.801884860074 153976237759.87506 1198366553461218.5
89 1 12 1.0 22.891970023971037 22.891970023971037
90 0 5 0.0 5.0 0.0
91 0 100 0.0 0.0 0.0
92 4 82 75.61186198841948 1873.1633591984112 141633.36939747448
93 1 12 1.0 22.891970023971037 22.891970023971037
94 1 115 1.0 30.323695983612147 30.323695983612147
95 0 10 0.0 10.0 0.0
96 0 100 0.0 0.0 0.0
97 3 78 32.9215577265747 1008.1216991286578 33188.93671327668
98 0 100 0.0 0.0 0.0
99 0 6 0.0 6.0 0.0
100 31 744 5350.621552679651 1308204977.985869 6999709750533.999
101 0 100 0.0 0.0 0.0
102 39 970 6798.773358825962 16391384868.736423 111441310759828.17
103 50 1360 8230.818941038662 417358219488.3135 3435199938162582.0
104 29 373 4937.473672561782 97925833.79144338 483506226208.9126
105 5 150 139.6884681067044 1222.4564081968258 170763.0629882387
106 30 592 5146.386239304723 511584964.0758131 2632813819354.966
107 5 215 139.6884681067044 5553.1126204137945 775705.79516961
108 50 1294 8230.818941038662 347048131372.0106 2856490333148819.0
109 32 726 5549.980220652734 1501593663.078887 8333815129545.308
110 5 212 139.6884681067044 5292.687692718977 739327.4359631217
111 4 178 75.61186198841948 1719.6349352173313 130024.79939211752
112 38 860 6636.579650383532 8943442669.59219 59353869625387.3
113 11 367 942.9223974109915 359189.804793407 338688111.86138535
114 19 483 2668.9360872348193 19290939.265360996 51486283961.97712
115 38 1266 6636.579650383532 33190109398.713417 220268804629504.66
116 36 863 6295.82243666837 6073504116.084764 38237703483244.15
117 45 1081 7658.1450374688 74189542636.69939 568154277775319.4
118 33 940 5744.298091538941 4283315662.1093597 24604641983313.65
119 44 952 7528.2761260995885 39327271665.124176 296066560381187.1
120 23 543 3602.4235623004615 43008002.67108335 154933042189.79187
121 27 551 4506.6139001521815 210741814.63554427 949731991179.8383
122 18 565 2436.3877014920204 22058227.70164274 53742394688.992966
123 42 857 7252.650449022947 18853818531.82554 136740155440641.66
124 33 855 5744.298091538941 3150881180.1343427 18099600749711.67
125 30 581 5146.386239304723 482313504.5065238 2482171582623.2104
126 24 455 3832.71054120725 59166035.831442095 226766289212.61398
127 31 804 5350.621552679651 1673451060.3211899 8954003310709.174
128 43 901 7393.130324549447 26990302198.017246 199542821648914.9
129 18 527 2436.3877014920204 18318247.947783977 44630354012.86232
130 47 1195 7902.318130854768 152720446400.05557 1206845552539393.0
131 34 1051 5933.442745663244 5518562361.938126 32744073812931.99
132 34 854 5933.442745663244 3881441817.8488755 23030312796829.363
133 22 726 3370.209833397988 89760528.8969046 302511817139.3522
134 30 509 5146.386239304723 318295774.26916623 1638072992727.6794
135 9 249 604.9491004987461 48082.59347517662 29087521.672454976
136 25 601 4060.496712466729 170767294.5171791 693400037983.8434
137 23 713 3602.4235623004615 169720497.81862137 611405120347.1656
138 18 421 2436.3877014920204 10060942.599595565 24512356815.071793
139 37 633 6468.923834840442 2619692867.054624 16946593627651.152
140 34 850 5933.442745663244 3822289314.53848 22679334805174.477
141 37 856 6468.923834840442 7226111823.02635 46745167005197.48
142 55 1457 8683.506947919002 1267537579606.5845 1.1006671379262212e+16
143 27 686 4506.6139001521815 409968539.1844198 1847569917313.5906
144 31 659 5350.621552679651 890027334.7384226 4762199439725.431
145 31 988 5350.621552679651 2294181044.0325427 12275294539949.627
146 28 590 4724.12231882448 325788129.993756 1539062976111.5938
147 50 1253 8230.818941038662 307988127507.2566 2534994513501758.0
148 27 790 4506.6139001521815 629364829.8485807 2836304290462.5264
149 33 812 5744.298091538941 2665827531.2345624 15313308000042.662
150 33 769 5744.298091538941 2235018014.9793763 12838609718001.184
151 47 1048 7902.318130854768 94781018007.69571 748989757063086.1
152 20 394 2902.6872563902634 14480290.548133401 42031754842.8952
153 42 1042 7252.650449022947 37393138070.368324 271199359616433.88
154 3 29 32.9215577265747 209.61005902119368 6900.689658136957
155 41 774 7106.788070274764 10998679564.7929 78165284719845.02
156 15 553 1756.7778603087352 4931148.377790025 8662932295.998852
157 49 1219 8126.242482129881 233848644256.83685 1900310787348385.5
158 34 731 5933.442745663244 2333800061.3915415 13847469044092.074
159 47 940 7902.318130854768 63835710396.60946 504450091663121.1
160 44 943 7528.2761260995885 38020753894.68231 286230733841644.8
161 23 540 3602.4235623004615 76135543.44730404 274272475643.1186
162 34 670 5933.442745663244 1755003864.7940853 10413214950173.422
163 38 920 6636.579650383532 11241679379.678808 74606300607312.55
164 24 479 3832.71054120725 68762013.54847 263544894161.85675
165 48 1178 8016.77096497358 173085026005.06436 1387583010949097.0
166 30 674 5146.386239304723 768948884.3641344 3957307957220.3003
167 37 734 6468.923834840442 4309230021.260757 27876080794343.7
168 19 305 2668.9360872348193 5538947.500627635 14783096869.724201
169 30 885 5146.386239304723 1809133327.8049705 9310498863283.06
170 32 766 5549.980220652734 1783457621.7539055 9898154525106.541
171 22 474 3370.209833397988 40696557.24208043 137155937402.70355
172 44 1192 7528.2761260995885 87495640684.88269 658691342905790.2
173 40 1103 6955.50474228233 31007113370.518917 215670124093130.16
174 25 653 4060.496712466729 218358062.6493943 886642195528.4696
175 40 815 6955.50474228233 10922042343.904495 75968317318436.12
176 15 382 1756.7778603087352 3209164.402668843 5637788972.699531
177 51 1216 8330.590095344352 327000929008.6968 2724110700368251.0
178 22 551 3370.209833397988 62441096.18866596 210439596383.19165
179 41 1057 7106.788070274764 32491161137.452274 230907796361020.88
180 31 651 5350.621552679651 856175590.7545452 4581071568769.503
181 36 967 6295.82243666837 8873671217.274557 55867058345335.484
182 43 1065 7393.130324549447 48707815045.85329 360103224458043.75
183 39 917 6798.773358825962 13525727026.586025 91958352567105.36
184 46 1350 7782.801884860074 198075218320.94772 1541580182492342.5
185 56 1314 8760.68123103637 1004425641454.9264 8799452865065839.0
186 24 504 3832.71054120725 79791168.44841911 305816452407.49927
187 4 107 75.61186198841948 2952.551261146638 223247.89847155346
188 40 982 6955.50474228233 20770665768.603947 144470464253886.0
189 32 879 5549.980220652734 2772971358.9467573 15389936194591.035
190 32 659 5549.980220652734 1100707028.470766 6108902236746.197
191 42 1082 7252.650449022947 42668355039.24985 309458664334485.94
192 38 925 6636.579650383532 11450218801.65159 75990289091479.86
193 27 505 4506.6139001521815 161727840.11630365 728844932309.7236
194 53 1087 8516.089422990353 299383971132.61053 2549580669975274.0
195 43 955 7393.130324549447 33147436104.972607 245063315048738.2
196 35 945 6117.310290426031 6678199146.537994 40852616360631.21
197 36 932 6295.82243666837 7847884265.312653 49408885837932.06
198 24 540 3832.71054120725 97626522.8776335 374174203334.51666
199 52 1098 8425.648590871551 263858600379.49774 2223179844476855.0
