0 0 100 0.0 0.0 0.0
1 3 75 32.9215577265747 947.2709566120693 31185.635480811874
2 1 30 1.0 72.61998620345668 72.61998620345668
3 0 100 0.0 0.0 0.0
4 2 13 9.541850352986048 40.41888428935346 385.6709453236695
5 2 18 9.541850352986048 64.62733255388774 616.6643359418604
6 0 18 0.0 18.0 0.0
7 3 53 32.9215577265747 545.90532331836 17972.053614869816
8 0 5 0.0 5.0 0.0
9 0 100 0.0 0.0 0.0
10 1 18 1.0 38.15436697768484 38.15436697768484
11 0 100 0.0 0.0 0.0
12 3 113 32.9215577265747 58.65092275827274 1930.8797393033497
13 1 20 1.0 43.57075425423803 43.57075425423803
14 0 100 0.0 0.0 0.0
15 0 100 0.0 0.0 0.0
16 1 106 1.0 9.55892689827884 9.55892689827884
17 0 100 0.0 0.0 0.0
18 5 158 139.6884681067044 1600.889370701534 223625.7838016033
19 0 100 0.0 0.0 0.0
20 0 100 0.0 0.0 0.0
21 0 100 0.0 0.0 0.0
22 0 100 0.0 0.0 0.0
23 1 8 1.0 13.734791927877684 13.734791927877684
24 1 20 1.0 43.57075425423803 43.57075425423803
25 0 8 0.0 8.0 0.0
26 0 100 0.0 0.0 0.0
27 0 6 0.0 6.0 0.0
28 1 10 1.0 18.1937008646705 18.1937008646705
29 0 5 0.0 5.0 0.0
30 0 100 0.0 0.0 0.0
31 0 100 0.0 0.0 0.0
32 0 100 0.0 0.0 0.0
33 2 40 9.541850352986048 204.4421003683832 1950.7559275652661
34 0 7 0.0 7.0 0.0
35 0 100 0.0 0.0 0.0
36 0 5 0.0 5.0 0.0
37 0 100 0.0 0.0 0.0
38 0 5 0.0 5.0 0.0
39 5 43 139.6884681067044 929.4139107485241 129828.40542952261
40 0 5 0.0 5.0 0.0
41 0 5 0.0 5.0 0.0
42 0 6 0.0 6.0 0.0
43 2 22 9.541850352986048 86.31942417916456 823.6470280735138
44 0 7 0.0 7.0 0.0
45 0 6 0.0 6.0 0.0
46 0 100 0.0 0.0 0.0
47 1 15 1.0 30.323695983612147 30.323695983612147
48 0 100 0.0 0.0 0.0
49 0 100 0.0 0.0 0.0
50 0 100 0.0 0.0 0.0
51 0 100 0.0 0.0 0.0
52 0 100 0.0 0.0 0.0
53 0 100 0.0 0.0 0.0
54 4 139 75.61186198841948 525.6324972119714 39744.05183581987
55 0 100 0.0 0.0 0.0
56 0 100 0.0 0.0 0.0
57 0 5 0.0 5.0 0.0
58 0 5 0.0 5.0 0.0
59 0 100 0.0 0.0 0.0
60 0 5 0.0 5.0 0.0
61 1 120 1.0 43.57075425423803 43.57075425423803
62 0 100 0.0 0.0 0.0
63 0 100 0.0 0.0 0.0
64 1 5 1.0 7.59708563275366 7.59708563275366
65 1 105 1.0 7.59708563275366 7.59708563275366
66 0 16 0.0 16.0 0.0
67 1 28 1.0 66.57403288693754 66.57403288693754
68 0 100 0.0 0.0 0.0
69 0 5 0.0 5.0 0.0
70 0 8 0.0 8.0 0.0
71 1 18 1.0 38.15436697768484 38.15436697768484
72 4 45 75.61186198841948 671.3571728121805 50762.565895610074
73 0 100 0.0 0.0 0.0
74 1 28 1.0 66.57403288693754 66.57403288693754
75 0 100 0.0 0.0 0.0
76 0 100 0.0 0.0 0.0
77 0 5 0.0 5.0 0.0
78 0 100 0.0 0.0 0.0
79 0 10 0.0 10.0 0.0
80 0 6 0.0 6.0 0.0
81 5 61 139.6884681067044 1754.5251914699081 245086.93625105367
82 0 5 0.0 5.0 0.0
83 1 104 1.0 5.735193251789799 5.735193251789799
84 4 158 75.61186198841948 1036.142416344768 78344.65738500807
85 0 12 0.0 12.0 0.0
86 6 72 225.58275470837765 3572.3109038912485 805851.7343745624
87 1 19 1.0 40.84402933782601 40.84402933782601
88 0 100 0.0 0.0 0.0
89 8 109 459.67273235884244 17298.876533787272 7951821.843024257
90 2 14 9.541850352986048 44.97826169706515 429.17584225083993
91 2 67 9.541850352986048 430.18533333719057 4104.764074752892
92 3 28 32.9215577265747 198.25318874016915 6526.8037975869875
93 1 10 1.0 18.1937008646705 18.1937008646705
94 0 5 0.0 5.0 0.0
95 0 100 0.0 0.0 0.0
96 2 44 9.541850352986048 234.56808185291177 2238.2135346274663
97 0 7 0.0 7.0 0.0
98 3 49 32.9215577265747 481.96892224029307 15867.1676959488
99 0 100 0.0 0.0 0.0
100 0 9 0.0 9.0 0.0
101 2 27 9.541850352986048 115.98017876588344 1106.66550969663
102 4 180 75.61186198841948 1795.7178600152838 135777.5710016156
103 2 31 9.541850352986048 141.5519192260369 1350.6672304328126
104 2 7 9.541850352986048 16.551687764173284 157.9337277350917
105 0 100 0.0 0.0 0.0
106 1 107 1.0 11.607984241186918 11.607984241186918
107 5 71 139.6884681067044 2311.8500842163953 322938.7967565438
108 1 41 1.0 107.64164596635766 107.64164596635766
109 0 5 0.0 5.0 0.0
110 0 5 0.0 5.0 0.0
111 9 111 604.9491004987461 25498.508505617654 15425299.784533028
112 2 8 9.541850352986048 20.066939702021244 191.47573567908114
113 2 119 9.541850352986048 69.8685662777562 666.6754038000371
114 1 32 1.0 78.7716859795011 78.7716859795011
115 1 104 1.0 5.735193251789799 5.735193251789799
116 4 74 75.61186198841948 1571.597319835911 118831.39964880285
117 5 97 139.6884681067044 4075.7152237055247 569330.4160385987
118 1 102 1.0 2.3948263510722025 2.3948263510722025
119 0 100 0.0 0.0 0.0
120 0 8 0.0 8.0 0.0
121 4 58 75.61186198841948 1036.142416344768 78344.65738500807
122 0 100 0.0 0.0 0.0
123 1 7 1.0 11.607984241186918 11.607984241186918
124 4 151 75.61186198841948 831.5797944458234 62877.296649995835
125 1 30 1.0 72.61998620345668 72.61998620345668
126 4 92 75.61186198841948 2280.4993308091553 172432.80066582482
127 4 174 75.61186198841948 1571.597319835911 118831.39964880285
128 2 31 9.541850352986048 141.5519192260369 1350.6672304328126
129 4 144 75.61186198841948 646.0476428878335 48848.86521197858
130 3 25 32.9215577265747 165.61186212092687 5452.200479019623
131 5 108 139.6884681067044 4954.230173639048 692048.8236036508
132 8 100 459.67273235884244 14459.978462742583 6646857.809818897
133 3 162 32.9215577265747 700.2360303580608 23052.86089566041
134 1 9 1.0 15.931997307697284 15.931997307697284
135 3 50 32.9215577265747 497.6760852315066 16384.27196908475
136 2 30 9.541850352986048 135.01359299654277 1288.2794999919763
137 2 10 9.541850352986048 27.685321443873434 264.16919419175593
138 6 71 225.58275470837765 3478.001961782023 784577.2634199304
139 0 100 0.0 0.0 0.0
140 5 77 139.6884681067044 2679.0520099722326 374232.6712512085
141 3 53 32.9215577265747 545.90532331836 17972.053614869816
142 4 30 75.61186198841948 335.61535000671915 25376.501525903146
143 2 37 9.541850352986048 182.69988024795316 1743.2949168344405
144 6 89 225.58275470837765 5358.570280584671 1208801.0451927343
145 2 27 9.541850352986048 115.98017876588344 1106.66550969663
146 3 44 32.9215577265747 406.27351121486885 13375.156852238497
147 0 100 0.0 0.0 0.0
148 0 100 0.0 0.0 0.0
149 4 62 75.61186198841948 1161.3060165688764 87808.51025112707
150 6 88 225.58275470837765 5243.986173197856 1182952.846602616
151 4 137 75.61186198841948 480.38255499420245 36322.61944986597
152 1 100 1.0 0.0 0.0
153 3 147 32.9215577265747 451.11773253603667 14851.498473166615
154 3 129 32.9215577265747 209.61005902119368 6900.689658136957
155 2 115 9.541850352986048 49.68406405407534 474.0779041321602
156 2 35 9.541850352986048 168.62869283493262 1609.0297522505775
157 4 145 75.61186198841948 4964.634669249848 375385.2714342421
158 2 35 9.541850352986048 168.62869283493262 1609.0297522505775
159 5 64 139.6884681067044 1914.4623288244568 267428.3099614821
160 6 147 225.58275470837765 13993.582501768662 3156710.888987926
161 5 66 139.6884681067044 2024.56047903646 282807.7519059787
162 4 78 75.61186198841948 1719.6349352173313 130024.79939211752
163 2 25 9.541850352986048 103.79546451213633 990.4007896934788
164 5 87 139.6884681067044 3344.5706484424895 467197.95035557833
165 8 154 459.67273235884244 35499.84558585349 16318311.018766263
166 4 34 75.61186198841948 415.7115691523703 31432.725793738326
167 2 141 9.541850352986048 211.85407612585806 2021.4798910630518
168 4 46 75.61186198841948 697.0692055589992 52706.70056710426
169 4 148 75.61186198841948 749.6906189831174 56685.50361656424
170 9 182 604.9491004987461 73990.54056378055 44760510.95947503
171 4 135 75.61186198841948 4393.589751482692 332207.5019228435
172 1 28 1.0 66.57403288693754 66.57403288693754
173 5 54 139.6884681067044 1405.9451433371921 196394.3233148333
174 4 99 75.61186198841948 2585.1644858987506 195469.10032513973
175 6 66 225.58275470837765 3024.560894461153 682288.7783557816
176 3 137 32.9215577265747 308.57807572808247 10158.870933237406
177 5 110 139.6884681067044 5122.201821660722 715512.5258011569
178 3 27 32.9215577265747 187.1321231368427 6160.680994346051
179 5 94 139.6884681067044 3849.5614363989175 537739.3399332094
180 4 84 75.61186198841948 1951.9617083430758 147591.45929791615
181 5 60 139.6884681067044 1702.6102917613564 237835.0234388529
182 3 71 32.9215577265747 868.3392862126454 28587.081937302275
183 5 86 139.6884681067044 3275.042744200361 457485.7039213258
184 8 120 459.67273235884244 21128.626944217714 9712253.678439217
185 3 147 32.9215577265747 451.11773253603667 14851.498473166615
186 6 89 225.58275470837765 5358.570280584671 1208801.0451927343
187 4 185 75.61186198841948 1991.8652456125124 150608.64005078256
188 4 73 75.61186198841948 1535.4556318691968 116098.65932623514
189 3 163 32.9215577265747 718.2490844189361 23645.87869475743
190 5 65 139.6884681067044 1969.1653870843556 275069.6963705592
191 4 145 75.61186198841948 671.3571728121805 50762.565895610074
192 6 77 225.58275470837765 4061.8785529685815 916289.7532695315
193 1 105 1.0 7.59708563275366 7.59708563275366
194 5 78 139.6884681067044 2742.610069160227 383110.9991750147
195 2 65 9.541850352986048 411.78783219395143 3929.2178719752146
196 4 65 75.61186198841948 1259.0362466163215 95198.07491757096
197 9 132 604.9491004987461 37037.19091196814 22405615.327195458
198 4 114 75.61186198841948 3290.469127179636 248798.49752146174
199 4 76 75.61186198841948 1644.92462809159 124375.81396061354
