0 0 100 0.0 0.0 0.0
1 0 100 0.0 0.0 0.0
2 0 100 0.0 0.0 0.0
3 0 100 0.0 0.0 0.0
4 0 100 0.0 0.0 0.0
5 1 16 1.0 32.892441635375256 32.892441635375256
6 1 19 1.0 40.84402933782601 40.84402933782601
7 0 10 0.0 10.0 0.0
8 0 100 0.0 0.0 0.0
9 0 100 0.0 0.0 0.0
10 0 100 0.0 0.0 0.0
11 0 100 0.0 0.0 0.0
12 0 8 0.0 8.0 0.0
13 0 6 0.0 6.0 0.0
14 0 100 0.0 0.0 0.0
15 1 6 1.0 9.55892689827884 9.55892689827884
16 0 100 0.0 0.0 0.0
17 0 100 0.0 0.0 0.0
18 0 8 0.0 8.0 0.0
19 0 100 0.0 0.0 0.0
20 0 5 0.0 5.0 0.0
21 0 5 0.0 5.0 0.0
22 1 19 1.0 40.84402933782601 40.84402933782601
23 0 5 0.0 5.0 0.0
24 1 27 1.0 63.59241768810072 63.59241768810072
25 0 100 0.0 0.0 0.0
26 0 100 0.0 0.0 0.0
27 1 36 1.0 91.37308344663872 91.37308344663872
28 0 5 0.0 5.0 0.0
29 0 100 0.0 0.0 0.0
30 0 10 0.0 10.0 0.0
31 0 100 0.0 0.0 0.0
32 0 10 0.0 10.0 0.0
33 0 100 0.0 0.0 0.0
34 0 100 0.0 0.0 0.0
35 0 7 0.0 7.0 0.0
36 0 6 0.0 6.0 0.0
37 0 5 0.0 5.0 0.0
38 0 5 0.0 5.0 0.0
39 0 100 0.0 0.0 0.0
40 0 10 0.0 10.0 0.0
41 0 10 0.0 10.0 0.0
42 0 7 0.0 7.0 0.0
43 0 100 0.0 0.0 0.0
44 0 100 0.0 0.0 0.0
45 2 16 9.541850352986048 54.53075711894446 520.3243240639966
46 1 22 1.0 49.12998068819353 49.12998068819353
47 0 100 0.0 0.0 0.0
48 0 100 0.0 0.0 0.0
49 0 100 0.0 0.0 0.0
50 0 100 0.0 0.0 0.0
51 1 8 1.0 13.734791927877684 13.734791927877684
52 0 5 0.0 5.0 0.0
53 0 11 0.0 11.0 0.0
54 0 5 0.0 5.0 0.0
55 0 10 0.0 10.0 0.0
56 0 100 0.0 0.0 0.0
57 0 100 0.0 0.0 0.0
58 0 100 0.0 0.0 0.0
59 0 100 0.0 0.0 0.0
60 0 100 0.0 0.0 0.0
61 0 100 0.0 0.0 0.0
62 0 10 0.0 10.0 0.0
63 0 100 0.0 0.0 0.0
64 1 15 1.0 30.323695983612147 30.323695983612147
65 0 100 0.0 0.0 0.0
66 0 100 0.0 0.0 0.0
67 0 10 0.0 10.0 0.0
68 0 100 0.0 0.0 0.0
69 0 100 0.0 0.0 0.0
70 0 100 0.0 0.0 0.0
71 0 6 0.0 6.0 0.0
72 0 100 0.0 0.0 0.0
73 1 16 1.0 32.892441635375256 32.892441635375256
74 1 9 1.0 15.931997307697284 15.931997307697284
75 0 100 0.0 0.0 0.0
76 0 100 0.0 0.0 0.0
77 2 32 9.541850352986048 148.1842032776824 1413.95149235211
78 2 9 9.541850352986048 23.78240930402918 226.9281906125095
79 1 13 1.0 25.320989780782124 25.320989780782124
80 0 100 0.0 0.0 0.0
81 0 8 0.0 8.0 0.0
82 0 100 0.0 0.0 0.0
83 0 6 0.0 6.0 0.0
84 0 100 0.0 0.0 0.0
85 1 8 1.0 13.734791927877684 13.734791927877684
86 0 100 0.0 0.0 0.0
87 0 8 0.0 8.0 0.0
88 0 100 0.0 0.0 0.0
89 1 10 1.0 18.1937008646705 18.1937008646705
90 0 100 0.0 0.0 0.0
91 0 100 0.0 0.0 0.0
92 0 100 0.0 0.0 0.0
93 0 100 0.0 0.0 0.0
94 1 13 1.0 25.320989780782124 25.320989780782124
95 2 29 9.541850352986048 128.5709592386038 1226.8048527946264
96 1 5 1.0 7.59708563275366 7.59708563275366
97 0 100 0.0 0.0 0.0
98 0 100 0.0 0.0 0.0
99 0 100 0.0 0.0 0.0
100 1 7 1.0 11.607984241186918 11.607984241186918
101 0 100 0.0 0.0 0.0
102 0 100 0.0 0.0 0.0
103 0 100 0.0 0.0 0.0
104 1 5 1.0 7.59708563275366 7.59708563275366
105 0 100 0.0 0.0 0.0
106 1 12 1.0 22.891970023971037 22.891970023971037
107 0 6 0.0 6.0 0.0
108 0 5 0.0 5.0 0.0
109 0 100 0.0 0.0 0.0
110 2 43 9.541850352986048 226.91812071099523 2165.21875020514
111 0 100 0.0 0.0 0.0
112 1 10 1.0 18.1937008646705 18.1937008646705
113 0 100 0.0 0.0 0.0
114 0 10 0.0 10.0 0.0
115 0 100 0.0 0.0 0.0
116 0 8 0.0 8.0 0.0
117 0 5 0.0 5.0 0.0
118 1 20 1.0 43.57075425423803 43.57075425423803
119 0 100 0.0 0.0 0.0
120 1 12 1.0 22.891970023971037 22.891970023971037
121 0 100 0.0 0.0 0.0
122 0 100 0.0 0.0 0.0
123 0 5 0.0 5.0 0.0
124 1 20 1.0 43.57075425423803 43.57075425423803
125 0 100 0.0 0.0 0.0
126 2 15 9.541850352986048 49.68406405407534 474.0779041321602
127 0 100 0.0 0.0 0.0
128 0 100 0.0 0.0 0.0
129 0 100 0.0 0.0 0.0
130 5 40 139.6884681067044 814.9598274436516 113840.48986410785
131 0 5 0.0 5.0 0.0
132 0 5 0.0 5.0 0.0
133 1 10 1.0 18.1937008646705 18.1937008646705
134 0 100 0.0 0.0 0.0
135 0 100 0.0 0.0 0.0
136 0 100 0.0 0.0 0.0
137 0 7 0.0 7.0 0.0
138 0 100 0.0 0.0 0.0
139 0 11 0.0 11.0 0.0
140 1 18 1.0 38.15436697768484 38.15436697768484
141 0 8 0.0 8.0 0.0
142 3 24 32.9215577265747 155.22039240905832 5110.09710903639
143 0 100 0.0 0.0 0.0
144 0 100 0.0 0.0 0.0
145 0 100 0.0 0.0 0.0
146 0 100 0.0 0.0 0.0
147 1 7 1.0 11.607984241186918 11.607984241186918
148 0 100 0.0 0.0 0.0
149 0 7 0.0 7.0 0.0
150 0 100 0.0 0.0 0.0
151 1 16 1.0 32.892441635375256 32.892441635375256
152 0 100 0.0 0.0 0.0
153 0 6 0.0 6.0 0.0
154 0 100 0.0 0.0 0.0
155 0 100 0.0 0.0 0.0
156 0 6 0.0 6.0 0.0
157 0 10 0.0 10.0 0.0
158 1 104 1.0 5.735193251789799 5.735193251789799
159 0 100 0.0 0.0 0.0
160 0 100 0.0 0.0 0.0
161 1 8 1.0 13.734791927877684 13.734791927877684
162 0 100 0.0 0.0 0.0
163 0 100 0.0 0.0 0.0
164 1 33 1.0 81.88562674252243 81.88562674252243
165 3 21 32.9215577265747 125.57185196799401 4134.020973397207
166 0 100 0.0 0.0 0.0
167 1 23 1.0 51.960050539976365 51.960050539976365
168 0 11 0.0 11.0 0.0
169 1 9 1.0 15.931997307697284 15.931997307697284
170 0 5 0.0 5.0 0.0
171 1 102 1.0 2.3948263510722025 2.3948263510722025
172 1 19 1.0 40.84402933782601 40.84402933782601
173 0 8 0.0 8.0 0.0
174 0 100 0.0 0.0 0.0
175 0 100 0.0 0.0 0.0
176 1 15 1.0 30.323695983612147 30.323695983612147
177 0 6 0.0 6.0 0.0
178 0 100 0.0 0.0 0.0
179 1 11 1.0 20.51504931294799 20.51504931294799
180 0 100 0.0 0.0 0.0
181 1 9 1.0 15.931997307697284 15.931997307697284
182 0 100 0.0 0.0 0.0
183 1 11 1.0 20.51504931294799 20.51504931294799
184 0 11 0.0 11.0 0.0
185 2 17 9.541850352986048 59.51335422080222 567.8675199791454
186 0 5 0.0 5.0 0.0
187 0 100 0.0 0.0 0.0
188 0 7 0.0 7.0 0.0
189 1 101 1.0 1.0 1.0
190 0 9 0.0 9.0 0.0
191 0 8 0.0 8.0 0.0
192 0 11 0.0 11.0 0.0
193 1 18 1.0 38.15436697768484 38.15436697768484
194 1 24 1.0 54.8222930413608 54.8222930413608
195 1 14 1.0 27.799106543625292 27.799106543625292
196 1 11 1.0 20.51504931294799 20.51504931294799
197 1 12 1.0 22.891970023971037 22.891970023971037
198 0 100 0.0 0.0 0.0
199 0 100 0.0 0.0 0.0
