0 36 942 6295.82243666837 8132000678.351868 51197632325770.09
1 0 100 0.0 0.0 0.0
2 0 9 0.0 9.0 0.0
3 0 6 0.0 6.0 0.0
4 0 100 0.0 0.0 0.0
5 0 100 0.0 0.0 0.0
6 0 100 0.0 0.0 0.0
7 1 101 1.0 1.0 1.0
8 0 5 0.0 5.0 0.0
9 0 100 0.0 0.0 0.0
10 0 10 0.0 10.0 0.0
11 1 114 1.0 27.799106543625292 27.799106543625292
12 0 100 0.0 0.0 0.0
13 2 37 9.541850352986048 182.69988024795316 1743.2949168344405
14 51 1016 8330.590095344352 167210795213.35428 1392964594439022.0
15 0 100 0.0 0.0 0.0
16 0 100 0.0 0.0 0.0
17 19 452 2668.9360872348193 16112188.78957461 43002402104.835976
18 26 715 4285.277943143774 365525875.0 1566379969785.8281
19 0 100 0.0 0.0 0.0
20 0 100 0.0 0.0 0.0
21 3 68 32.9215577265747 810.8239638778247 26693.587932893923
22 8 355 459.67273235884244 101345.69349396745 46585851.84117378
23 1 105 1.0 7.59708563275366 7.59708563275366
24 0 100 0.0 0.0 0.0
25 0 18 0.0 18.0 0.0
26 1 62 1.0 181.24749763055752 181.24749763055752
27 0 6 0.0 6.0 0.0
28 0 100 0.0 0.0 0.0
29 38 1105 6636.579650383532 20925940323.34667 138876669715062.69
30 0 100 0.0 0.0 0.0
31 31 759 5350.621552679651 1393790981.05168 7457648063145.635
32 32 946 5549.980220652734 3509724136.3136005 19478899536487.98
33 0 100 0.0 0.0 0.0
34 2 115 9.541850352986048 49.68406405407534 474.0779041321602
35 0 5 0.0 5.0 0.0
36 17 295 2206.0678959513543 2970057.0644257143 6552147538.973092
37 15 500 1756.7778603087352 3603962.905984977 6331362242.608338
38 40 971 6955.50474228233 19979326740.81172 138966301893324.1
39 32 696 5549.980220652734 1311495252.480848 7278772710748.67
40 0 100 0.0 0.0 0.0
41 0 100 0.0 0.0 0.0
42 1 17 1.0 35.503281577765854 35.503281577765854
43 1 7 1.0 11.607984241186918 11.607984241186918
44 0 10 0.0 10.0 0.0
45 1 108 1.0 13.734791927877684 13.734791927877684
46 0 100 0.0 0.0 0.0
47 0 100 0.0 0.0 0.0
48 0 18 0.0 18.0 0.0
49 0 10 0.0 10.0 0.0
50 1 106 1.0 9.55892689827884 9.55892689827884
51 0 5 0.0 5.0 0.0
52 0 100 0.0 0.0 0.0
53 3 167 32.9215577265747 791.9778998728451 26073.146148835265
54 12 495 1131.8354418063404 1274878.5701382288 1442952749.6818378
55 1 107 1.0 11.607984241186918 11.607984241186918
56 22 456 3370.209833397988 36453758.87908024 122856816638.59544
57 0 5 0.0 5.0 0.0
58 10 282 766.6651705632711 281387.7804551742 215730210.69708642
59 40 1016 6955.50474228233 23357304566.815903 162461842681420.72
60 1 8 1.0 13.734791927877684 13.734791927877684
61 0 6 0.0 6.0 0.0
62 0 10 0.0 10.0 0.0
63 1 18 1.0 38.15436697768484 38.15436697768484
64 0 100 0.0 0.0 0.0
65 0 100 0.0 0.0 0.0
66 0 6 0.0 6.0 0.0
67 1 14 1.0 27.799106543625292 27.799106543625292
68 0 100 0.0 0.0 0.0
69 29 559 4937.473672561782 344228858.5138966 1699620926248.3591
70 41 722 7106.788070274764 8636772183.640694 61379709520378.61
71 16 269 1979.1134619514044 1768386.974866151 3499838467.8971195
72 0 6 0.0 6.0 0.0
73 18 421 2436.3877014920204 10060942.599595565 24512356815.071793
74 0 11 0.0 11.0 0.0
75 0 10 0.0 10.0 0.0
76 0 100 0.0 0.0 0.0
77 1 10 1.0 18.1937008646705 18.1937008646705
78 0 100 0.0 0.0 0.0
79 0 6 0.0 6.0 0.0
80 26 489 4285.277943143774 116930169.0 501078274103.77386
81 1 20 1.0 43.57075425423803 43.57075425423803
82 2 108 9.541850352986048 20.066939702021244 191.47573567908114
83 0 100 0.0 0.0 0.0
84 34 946 5933.442745663244 5424219292.854151 32184294614072.07
85 0 6 0.0 6.0 0.0
86 36 745 6295.82243666837 3721019049.723007 23426875220516.523
87 27 697 4506.6139001521815 430258341.1207397 1939008220751.1445
88 1 116 1.0 32.892441635375256 32.892441635375256
89 1 107 1.0 11.607984241186918 11.607984241186918
90 0 100 0.0 0.0 0.0
91 48 1264 8016.77096497358 223996265999.5191 1795726761527443.5
92 26 479 4285.277943143774 54439939.0 233290269822.7925
93 0 100 0.0 0.0 0.0
94 0 100 0.0 0.0 0.0
95 0 100 0.0 0.0 0.0
96 0 100 0.0 0.0 0.0
97 0 100 0.0 0.0 0.0
98 2 116 9.541850352986048 54.53075711894446 520.3243240639966
99 0 100 0.0 0.0 0.0
100 17 371 2206.0678959513543 5415824.245013857 11947675997.040052
101 24 652 3832.71054120725 169398628.42476335 649255908829.6406
102 11 123 942.9223974109915 60909.957055037776 57433362.732536756
103 28 613 4724.12231882448 366405274.47758275 1730943334894.5583
104 42 881 7252.650449022947 20769349062.635677 150632828805038.97
105 26 588 4285.277943143774 203297472.0 871186172658.489
106 28 823 4724.12231882448 905799272.0504193 4279106557468.353
107 11 218 942.9223974109915 225802.58406272324 212914313.90601993
108 3 179 32.9215577265747 1028.715399126087 33866.9133965458
109 30 667 5146.386239304723 744139322.5832034 3829628369867.7363
110 31 809 5350.621552679651 1706715310.9142697 9131987726866.244
111 36 776 6295.82243666837 4262460582.216773 26835694968934.883
112 26 667 4285.277943143774 296740963.0 1271617503571.1428
113 46 673 7782.801884860074 16062550970.270601 125011651967083.05
114 7 180 332.66880679862265 32400.0 10778469.340275373
115 34 812 5933.442745663244 3291172949.530673 19527986262115.875
116 32 621 5549.980220652734 909781694.7994944 5049270411249.116
117 25 733 4060.496712466729 199134944.30899683 808586786703.9268
118 9 196 604.9491004987461 86799.25518659604 52509131.3490924
119 37 795 6468.923834840442 5635895828.941891 36458180858520.03
120 35 717 6117.310290426031 2683592131.620174 16416365762066.418
121 47 1033 7902.318130854768 89943032527.36624 710758456685066.4
122 37 957 6468.923834840442 10513628439.960133 68011861605914.44
123 28 513 4724.12231882448 212001620.4075945 1001521586594.4727
124 23 519 3602.4235623004615 67904399.08945757 244620407263.71597
125 29 647 4937.473672561782 542167090.0196435 2676935733101.424
126 21 636 3136.7198300107975 71679851.98369251 224839613129.4871
127 37 921 6468.923834840442 9242042814.449879 59786071045010.664
128 44 1006 7528.2761260995885 47854265382.09865 360260123608087.25
129 19 353 2668.9360872348193 8236155.61081683 21981772929.790573
130 18 350 2436.3877014920204 6146039.7392674 14974135633.632317
131 19 600 2668.9360872348193 34758633.606933355 92768571576.51741
132 21 568 3136.7198300107975 52214649.48986101 163782726471.91022
133 30 722 5146.386239304723 954450580.8407545 4911971335335.259
134 28 741 4724.12231882448 656131317.0070585 3099644598752.7456
135 36 929 6295.82243666837 7764023088.204968 48880910757532.086
136 20 562 2902.6872563902634 38575716.35443064 111973240268.13129
137 19 562 2668.9360872348193 29102660.69717712 77673141369.24646
138 43 915 7393.130324549447 28500208003.42768 210705752046108.06
139 39 952 6798.773358825962 15374290087.805437 104526313859833.66
140 50 1237 8230.818941038662 293653953163.24976 2417012519806956.5
141 31 511 5350.621552679651 396917614.0787325 2123755940527.8503
142 22 522 3370.209833397988 29244176.143544376 98559010008.5961
143 15 338 1756.7778603087352 2357603.5034913844 4141785638.319972
144 36 928 6295.82243666837 7736209322.61466 48705800228080.39
145 25 566 4060.496712466729 142957799.44676906 580479674675.0837
146 25 722 4060.496712466729 294039184.2337016 1193945140917.3442
147 0 100 0.0 0.0 0.0
148 18 501 2436.3877014920204 16004843.76321206 38994004508.99113
149 44 930 7528.2761260995885 36189045135.790306 272441124522110.6
150 54 1205 8602.009448624298 521011454742.8186 4481745456539216.5
151 8 288 459.67273235884244 53757.48635060659 24710850.635526508
152 43 1156 7393.130324549447 65059105931.11628 480990448947410.56
153 32 693 5549.980220652734 1293449187.588796 7178617407537.165
154 40 1023 6955.50474228233 23916909025.490467 166354174147534.0
155 42 1075 7252.650449022947 41709072645.22047 302501324448688.94
156 56 964 8760.68123103637 304946631762.29926 2671540233347734.5
157 36 936 6295.82243666837 7960682634.890619 50119044343940.64
158 21 560 3136.7198300107975 50180032.66757221 157400703538.96335
159 34 657 5933.442745663244 1646050507.9765286 9766746445548.63
160 36 958 6295.82243666837 5957038982.367173 37504459681295.36
161 42 1125 7252.650449022947 48910469204.66132 354730536439110.0
162 26 732 4285.277943143774 392223168.0 1680785290620.3748
163 41 1143 7106.788070274764 31019634618.31534 220449969249725.53
164 47 1249 7902.318130854768 132416190538.48988 1046394863311028.2
165 39 962 6798.773358825962 15933648629.240894 108329265809376.8
166 29 667 4937.473672561782 595957914.9653559 2942526515096.258
167 29 669 4937.473672561782 601528039.556716 2970028858618.9873
168 26 562 4285.277943143774 177504328.0 760655381590.9578
169 31 751 5350.621552679651 1347682913.2908332 7210941242032.034
170 38 793 6636.579650383532 6792793452.41214 45080914795536.91
171 0 100 0.0 0.0 0.0
172 33 962 5744.298091538941 4616673576.023835 26519549212011.973
173 38 962 6636.579650383532 13079087366.361042 86800405061180.03
174 29 683 4937.473672561782 641511056.7193135 3167443953208.8984
175 41 1040 7106.788070274764 30710598195.16906 218253712884429.2
176 28 576 4724.12231882448 168444522.62100336 795752528797.6171
177 8 110 459.67273235884244 17630.632823740572 8104321.163304322
178 34 759 5933.442745663244 1662497925.1432312 9864336253621.299
179 48 1187 8016.77096497358 177973389255.99915 1426771899525434.8
180 27 519 4506.6139001521815 175730544.88283807 791949716250.3148
181 47 1177 7902.318130854768 144524772107.3262 1142080726981377.2
182 31 474 5350.621552679651 312655957.8302157 1672903706540.0522
183 31 1047 5350.621552679651 2813987574.286935 15056582563952.404
184 25 588 4060.496712466729 160055071.75705904 649903092683.1647
185 8 177 459.67273235884244 8395.737272637343 3859291.4922801834
186 30 524 5146.386239304723 348702203.9966412 1794556224263.5427
187 41 1294 7106.788070274764 65639680984.02111 466487301753882.56
188 32 762 5549.980220652734 1753757365.768155 9733318691837.303
189 47 1353 7902.318130854768 239823323381.33435 1895160196558164.8
190 26 682 4285.277943143774 317214568.0 1359352591494.2808
191 32 882 5549.980220652734 2803442188.8901744 15559048698083.873
192 26 631 4285.277943143774 149721291.0 641597345941.3104
193 41 1117 7106.788070274764 39365343441.468 279761153152093.72
194 22 396 3370.209833397988 24406166.120677743 82253901055.45296
195 30 737 5146.386239304723 1018138564.4848889 5239734297970.497
196 39 1004 6798.773358825962 18441018115.276814 125376302671770.95
197 29 618 4937.473672561782 470164802.18288046 2321426332543.1904
198 40 880 6955.50474228233 14230360887.994797 98979342640836.8
199 1 102 1.0 2.3948263510722025 2.3948263510722025
