0 2 95 9.541850352986048 711.8213664694125 6792.092956909175
1 29 548 4937.473672561782 323614504.0607756 1597838093859.2173
2 42 1321 7252.650449022947 85854858718.02458 622675279632082.6
3 1 5 1.0 7.59708563275366 7.59708563275366
4 0 100 0.0 0.0 0.0
5 19 711 2668.9360872348193 55101710.977595456 147062944896.48752
6 1 102 1.0 2.3948263510722025 2.3948263510722025
7 0 100 0.0 0.0 0.0
8 0 100 0.0 0.0 0.0
9 35 934 6117.310290426031 6424943150.777793 39303370851655.24
10 0 100 0.0 0.0 0.0
11 3 62 32.9215577265747 700.2360303580608 23052.86089566041
12 40 815 6955.50474228233 10922042343.904495 75968317318436.12
13 0 100 0.0 0.0 0.0
14 1 111 1.0 20.51504931294799 20.51504931294799
15 7 176 332.66880679862265 5776.0 1921495.0280688445
16 1 100 1.0 0.0 0.0
17 36 858 6295.82243666837 5957038982.367173 37504459681295.36
18 2 108 9.541850352986048 20.066939702021244 191.47573567908114
19 0 100 0.0 0.0 0.0
20 0 100 0.0 0.0 0.0
21 1 112 1.0 22.891970023971037 22.891970023971037
22 5 208 139.6884681067044 4954.230173639048 692048.8236036508
23 48 899 8016.77096497358 64373882948.55877 516070675724613.75
24 0 6 0.0 6.0 0.0
25 0 100 0.0 0.0 0.0
26 26 588 4285.277943143774 203297472.0 871186172658.489
27 0 100 0.0 0.0 0.0
28 0 100 0.0 0.0 0.0
29 46 1145 7782.801884860074 109319343360.44907 850810791557368.6
30 1 104 1.0 5.735193251789799 5.735193251789799
31 0 6 0.0 6.0 0.0
32 37 927 6468.923834840442 9446025120.768839 61105617048243.11
33 3 134 32.9215577265747 269.81820202916316 8882.83551378369
34 0 100 0.0 0.0 0.0
35 24 582 3832.71054120725 121530099.06251563 465789691750.865
36 32 853 5549.980220652734 2518370578.40805 13976906898438.463
37 2 135 9.541850352986048 168.62869283493262 1609.0297522505775
38 0 10 0.0 10.0 0.0
39 0 100 0.0 0.0 0.0
40 2 36 9.541850352986048 175.6210676402407 1675.7499462548174
41 2 122 9.541850352986048 86.31942417916456 823.6470280735138
42 0 100 0.0 0.0 0.0
43 1 104 1.0 5.735193251789799 5.735193251789799
44 0 100 0.0 0.0 0.0
45 4 100 75.61186198841948 2629.9766541734707 198857.43180812968
46 1 11 1.0 20.51504931294799 20.51504931294799
47 30 662 5146.386239304723 726756142.6343161 3740167811783.425
48 23 419 3602.4235623004615 36624701.66704359 131937688247.58282
49 0 100 0.0 0.0 0.0
50 9 206 604.9491004987461 96621.95214237898 58451363.036965065
51 0 100 0.0 0.0 0.0
52 0 100 0.0 0.0 0.0
53 36 1000 6295.82243666837 9923515558.575401 62476691904306.664
54 0 100 0.0 0.0 0.0
55 0 10 0.0 10.0 0.0
56 9 273 604.9491004987461 66332.16348879764 40127582.6366839
57 28 399 4724.12231882448 97951883.31639531 462736678145.8743
58 0 8 0.0 8.0 0.0
59 48 737 8016.77096497358 31112875535.64371 249424797230985.3
60 0 100 0.0 0.0 0.0
61 0 100 0.0 0.0 0.0
62 0 100 0.0 0.0 0.0
63 0 10 0.0 10.0 0.0
64 1 102 1.0 2.3948263510722025 2.3948263510722025
65 24 527 3832.71054120725 90912273.57610178 348440429260.2426
66 12 216 1131.8354418063404 308377.0730000903 349032100.66200334
67 0 100 0.0 0.0 0.0
68 20 429 2902.6872563902634 18312602.421761278 53155757680.98794
69 1 28 1.0 66.57403288693754 66.57403288693754
70 0 100 0.0 0.0 0.0
71 2 50 9.541850352986048 282.0582186126376 2691.3573128316116
72 1 114 1.0 27.799106543625292 27.799106543625292
73 0 18 0.0 18.0 0.0
74 0 10 0.0 10.0 0.0
75 3 136 32.9215577265747 295.444715883087 9726.500268956508
76 10 278 766.6651705632711 101132.1594107808 77534504.24409819
77 14 291 1540.4353185285338 422193.97589803796 650362511.7433223
78 57 1399 8833.632285946418 1503392248530.4695 1.3280414305060336e+16
79 7 287 332.66880679862265 34969.0 11633095.504941035
80 6 155 225.58275470837765 15486.518869997184 3493491.5875372365
81 0 100 0.0 0.0 0.0
82 0 100 0.0 0.0 0.0
83 0 100 0.0 0.0 0.0
84 1 105 1.0 7.59708563275366 7.59708563275366
85 22 321 3370.209833397988 13432810.759670239 45271390912.41493
86 0 10 0.0 10.0 0.0
87 2 14 9.541850352986048 44.97826169706515 429.17584225083993
88 1 17 1.0 35.503281577765854 35.503281577765854
89 5 203 139.6884681067044 4545.356706035842 634933.9152646826
90 0 9 0.0 9.0 0.0
91 1 34 1.0 85.02419427196995 85.02419427196995
92 1 10 1.0 18.1937008646705 18.1937008646705
93 2 52 9.541850352986048 298.47302352672085 2847.984924895254
94 6 144 225.58275470837765 13452.37343883357 3034623.457697888
95 0 5 0.0 5.0 0.0
96 0 100 0.0 0.0 0.0
97 40 903 6955.50474228233 15554406971.610191 108188751454424.02
98 0 18 0.0 18.0 0.0
99 4 147 75.61186198841948 723.181183304868 54681.07582466957
100 45 951 7658.1450374688 46877383233.77875 358993799781285.9
101 0 100 0.0 0.0 0.0
102 39 842 6798.773358825962 10102448053.109787 68684254682406.02
103 54 1303 8602.009448624298 701431928840.4183 6033724079452045.0
104 0 100 0.0 0.0 0.0
105 36 793 6295.82243666837 4581645348.045392 28845225579081.44
106 41 1174 7106.788070274764 46800241681.40156 332599399267360.4
107 19 316 2668.9360872348193 6098101.560651035 16275443318.844519
108 4 205 75.61186198841948 2858.808634191098 216159.8438997593
109 39 1092 6798.773358825962 24579625664.888325 167111304140357.6
110 44 1185 7528.2761260995885 85681728713.90799 645035712719855.1
111 36 824 6295.82243666837 5206146352.727446 32776973016080.652
112 30 1160 5146.386239304723 3188873655.8895874 16411175501551.518
113 0 100 0.0 0.0 0.0
114 29 621 4937.473672561782 477292941.911127 2356621334785.7495
115 54 1236 8602.009448624298 573851144401.8351 4936272966248452.0
116 23 283 3602.4235623004615 11807986.997227794 42537370582.15088
117 0 100 0.0 0.0 0.0
118 38 1033 6636.579650383532 11789533332.567966 78242177002438.9
119 22 598 3370.209833397988 78807728.53266393 265598581648.54315
120 29 690 4937.473672561782 662161878.4775798 3269406841957.1045
121 26 603 4285.277943143774 219256227.0 939573873460.0244
122 30 691 5146.386239304723 831536660.3261889 4279408826180.104
123 35 903 6117.310290426031 5747327192.18579 35158183775203.484
124 18 508 2436.3877014920204 16608529.838564085 40464817838.54079
125 0 100 0.0 0.0 0.0
126 31 802 5350.621552679651 1660270665.4607801 8883480005896.238
127 33 871 5744.298091538941 3345935085.2977853 19220048524889.25
128 45 1070 7658.1450374688 71519932371.74684 547710015172797.25
129 51 1159 8330.590095344352 273354111300.81033 2277201052124188.5
130 41 872 7106.788070274764 16646144157.525608 118300618714776.95
131 24 607 3832.71054120725 137433656.56273142 526743424224.63763
132 2 22 9.541850352986048 86.31942417916456 823.6470280735138
133 36 751 6295.82243666837 3821820059.3390775 24061500478496.203
134 15 520 1756.7778603087352 6980709.549902947 12263555986.515253
135 21 663 3136.7198300107975 80536338.05279672 252619928606.66064
136 49 893 8126.242482129881 74306999056.6357 603836692453618.0
137 19 430 2668.9360872348193 14071265.859125411 37555309244.49507
138 27 621 4506.6139001521815 303019899.99869215 1365593693356.83
139 48 1137 8016.77096497358 152041349921.01785 1218880679522204.0
140 47 1220 7902.318130854768 164655412176.32443 1301159448984333.5
141 40 934 6955.50474228233 17474361203.018112 121543002215946.84
142 27 648 4506.6139001521815 344824135.7820168 1553989243423.2002
143 21 592 3136.7198300107975 58634666.51833184 183920521194.12164
144 18 382 2436.3877014920204 7762151.852908406 18911611311.53954
145 1 103 1.0 3.9914906122521803 3.9914906122521803
146 21 471 3136.7198300107975 30896530.5008071 96913759900.41507
147 18 414 2436.3877014920204 9620729.963385202 23439828162.16748
148 35 710 6117.310290426031 2598050779.9086885 15893082770984.797
149 48 1309 8016.77096497358 254586310008.31772 2040960138154444.2
150 23 566 3602.4235623004615 87196013.51675908 314116973631.44244
151 24 685 3832.71054120725 123370929.5058421 472845061995.5776
152 31 735 5350.621552679651 1258621292.6105235 6734406214903.389
153 45 928 7658.1450374688 42940436845.74017 328844093336947.5
154 27 553 4506.6139001521815 213073228.60767063 960238773793.632
155 49 976 8126.242482129881 103092552334.20187 837755078369389.2
156 30 719 5146.386239304723 942047638.8201917 4848141005193.74
157 39 720 6798.773358825962 5914794782.545087 40213349190490.336
158 39 981 6798.773358825962 17035860928.633612 115822957426258.31
159 26 547 4285.277943143774 163667323.0 701359969265.2877
160 23 391 3602.4235623004615 30000716.640534934 108075288511.76259
161 31 1088 5350.621552679651 3219294061.434516 17225224189525.13
162 43 976 7393.130324549447 35793089579.77265 264622975981532.03
163 48 1073 8016.77096497358 122995965893.76201 986030488185992.0
164 28 656 4724.12231882448 451253997.35506845 2131779080363.8418
165 44 913 7528.2761260995885 33890555448.09723 255137459480164.72
166 27 923 4506.6139001521815 712641301.0160544 3211599192981.486
167 28 731 4724.12231882448 629305524.9140781 2972916275606.1514
168 35 822 6117.310290426031 4214001456.419232 25778354473223.65
169 40 996 6955.50474228233 21809692474.368984 151697419433192.72
170 34 917 5933.442745663244 4898989766.347144 29067875290210.934
171 41 1001 7106.788070274764 26889876001.329784 191100649977418.2
172 44 836 7528.2761260995885 24772848263.763233 186496842159576.38
173 1 105 1.0 7.59708563275366 7.59708563275366
174 39 874 6798.773358825962 11476979168.264498 78029380208997.2
175 18 462 2436.3877014920204 12892437.681618454 31410976609.747498
176 27 425 4506.6139001521815 95793675.89730494 431705111345.4674
177 30 652 5146.386239304723 692824039.370165 3565540102474.131
178 50 1013 8230.818941038662 139988236309.98245 1152217826942799.8
179 42 1037 7252.650449022947 36768291124.83893 266667563136369.5
180 38 985 6636.579650383532 14170174511.564095 94041491805829.67
181 60 1581 9028.149747574074 3913688849487.6763 3.533336899858563e+16
182 30 687 5146.386239304723 816509055.1701926 4202070965795.58
183 58 1256 8902.46046345971 1159726441303.326 1.0324418792131688e+16
184 46 828 7782.801884860074 33936260275.584785 264119190437923.3
185 50 1125 8230.818941038662 206530808335.1626 1699917689153082.0
186 31 808 5350.621552679651 1700026554.746263 9096198723953.088
187 24 584 3832.71054120725 122755295.52594987 470485515151.3192
188 33 805 5744.298091538941 2592093279.9177494 14889756480922.441
189 37 864 6468.923834840442 7455675265.995597 48230195433029.27
190 28 642 4724.12231882448 422315581.7446187 1995070465307.0974
191 14 340 1540.4353185285338 1750507.077966952 2696542928.2344747
192 41 960 7106.788070274764 23251676303.29286 165244735766132.12
193 23 656 3602.4235623004615 133461715.79401086 480785629641.3924
194 35 834 6117.310290426031 4420565003.326704 27041967784347.63
195 0 100 0.0 0.0 0.0
196 45 807 7658.1450374688 26029572165.64824 199338238907795.06
197 42 950 7252.650449022947 27048993101.563072 196176891963670.03
198 32 803 5549.980220652734 2074793268.8039467 11515061603805.336
199 34 779 5933.442745663244 2873497095.1781096 17049730494068.959
