0 0 100 0.0 0.0 0.0
1 11 215 942.9223974109915 218751.50513045487 206265693.6548713
2 9 146 604.9491004987461 46021.08717513291 27840415.290571038
3 0 100 0.0 0.0 0.0
4 0 100 0.0 0.0 0.0
5 2 10 9.541850352986048 27.685321443873434 264.16919419175593
6 0 100 0.0 0.0 0.0
7 0 100 0.0 0.0 0.0
8 0 100 0.0 0.0 0.0
9 4 132 75.61186198841948 374.7746947170294 28337.41249369607
10 16 359 1979.1134619514044 3714217.381331374 7350857620.006815
11 0 8 0.0 8.0 0.0
12 11 174 942.9223974109915 134765.04830411234 127072982.43412168
13 0 100 0.0 0.0 0.0
14 0 100 0.0 0.0 0.0
15 0 100 0.0 0.0 0.0
16 0 100 0.0 0.0 0.0
17 1 105 1.0 7.59708563275366 7.59708563275366
18 0 100 0.0 0.0 0.0
19 1 19 1.0 40.84402933782601 40.84402933782601
20 3 60 32.9215577265747 664.7206420100937 21883.638987981092
21 0 100 0.0 0.0 0.0
22 0 10 0.0 10.0 0.0
23 0 100 0.0 0.0 0.0
24 0 5 0.0 5.0 0.0
25 2 23 9.541850352986048 92.0346545141889 878.1809006631623
26 0 100 0.0 0.0 0.0
27 0 100 0.0 0.0 0.0
28 1 21 1.0 46.33316012586883 46.33316012586883
29 1 18 1.0 38.15436697768484 38.15436697768484
30 5 58 139.6884681067044 1600.889370701534 223625.7838016033
31 0 100 0.0 0.0 0.0
32 4 130 75.61186198841948 335.61535000671915 25376.501525903146
33 2 5 9.541850352986048 10.188005914414083 97.21242783067595
34 0 100 0.0 0.0 0.0
35 14 115 1540.4353185285338 120814.17578940667 186106423.36491695
36 1 38 1.0 97.81435774219185 97.81435774219185
37 1 102 1.0 2.3948263510722025 2.3948263510722025
38 0 100 0.0 0.0 0.0
39 1 29 1.0 69.58346013935528 69.58346013935528
40 19 368 2668.9360872348193 9221095.512979796 24610514578.430847
41 0 100 0.0 0.0 0.0
42 0 100 0.0 0.0 0.0
43 0 5 0.0 5.0 0.0
44 9 98 604.9491004987461 19496.94350076754 11794658.433264196
45 1 103 1.0 3.9914906122521803 3.9914906122521803
46 14 314 1540.4353185285338 1438659.5959622187 2216162052.960192
47 0 100 0.0 0.0 0.0
48 0 10 0.0 10.0 0.0
49 2 21 9.541850352986048 80.71796600694597 770.1987524356932
50 0 100 0.0 0.0 0.0
51 0 100 0.0 0.0 0.0
52 0 100 0.0 0.0 0.0
53 0 100 0.0 0.0 0.0
54 3 153 32.9215577265747 545.90532331836 17972.053614869816
55 1 114 1.0 27.799106543625292 27.799106543625292
56 0 100 0.0 0.0 0.0
57 2 11 9.541850352986048 31.76494829034237 303.0963830567869
58 0 5 0.0 5.0 0.0
59 0 9 0.0 9.0 0.0
60 0 100 0.0 0.0 0.0
61 7 171 332.66880679862265 5041.0 1676983.4550718567
62 0 100 0.0 0.0 0.0
63 2 40 9.541850352986048 204.4421003683832 1950.7559275652661
64 0 100 0.0 0.0 0.0
65 9 122 604.9491004987461 31255.467204814257 18907966.771220442
66 0 100 0.0 0.0 0.0
67 2 31 9.541850352986048 141.5519192260369 1350.6672304328126
68 11 145 942.9223974109915 88776.38799713296 83709244.60374498
69 1 33 1.0 81.88562674252243 81.88562674252243
70 0 100 0.0 0.0 0.0
71 0 100 0.0 0.0 0.0
72 2 18 9.541850352986048 64.62733255388774 616.6643359418604
73 0 100 0.0 0.0 0.0
74 1 9 1.0 15.931997307697284 15.931997307697284
75 2 116 9.541850352986048 54.53075711894446 520.3243240639966
76 6 96 225.58275470837765 6193.675591281851 1397186.4016513997
77 6 136 225.58275470837765 948.6359601957963 213995.91311639463
78 1 102 1.0 2.3948263510722025 2.3948263510722025
79 0 100 0.0 0.0 0.0
80 0 6 0.0 6.0 0.0
81 2 36 9.541850352986048 175.6210676402407 1675.7499462548174
82 0 100 0.0 0.0 0.0
83 0 100 0.0 0.0 0.0
84 2 19 9.541850352986048 69.8685662777562 666.6754038000371
85 13 243 1331.5823725933528 561888.9684414291 748201445.7312697
86 4 49 75.61186198841948 776.5950928818146 58719.80098386357
87 1 109 1.0 15.931997307697284 15.931997307697284
88 2 31 9.541850352986048 141.5519192260369 1350.6672304328126
89 8 57 459.67273235884244 4491.246405045097 2064503.5067039083
90 1 11 1.0 20.51504931294799 20.51504931294799
91 1 27 1.0 63.59241768810072 63.59241768810072
92 0 100 0.0 0.0 0.0
93 1 10 1.0 18.1937008646705 18.1937008646705
94 0 100 0.0 0.0 0.0
95 1 115 1.0 30.323695983612147 30.323695983612147
96 0 100 0.0 0.0 0.0
97 7 70 332.66880679862265 4900.0 1630077.153313251
98 12 247 1131.8354418063404 422699.119720831 478425844.9203779
99 0 100 0.0 0.0 0.0
100 12 214 1131.8354418063404 301705.1628707397 341480596.3130576
101 0 100 0.0 0.0 0.0
102 1 105 1.0 7.59708563275366 7.59708563275366
103 1 9 1.0 15.931997307697284 15.931997307697284
104 5 170 139.6884681067044 2253.023098877021 314721.345291151
105 7 195 332.66880679862265 9025.0 3002335.9813575693
106 11 161 942.9223974109915 112815.8246369091 106376567.83253233
107 6 92 225.58275470837765 5709.4065807799225 1287943.6642424744
108 6 109 225.58275470837765 7896.900764171442 1781404.6280404862
109 2 55 9.541850352986048 323.62148105306557 3087.947743220061
110 10 254 766.6651705632711 222998.68747808962 170965326.77077517
111 13 226 1331.5823725933528 471776.43428776454 628209183.7025335
112 0 100 0.0 0.0 0.0
113 2 24 9.541850352986048 97.86086952638261 933.7737724338355
114 15 358 1756.7778603087352 2725097.0178727843 4787390108.192265
115 2 35 9.541850352986048 168.62869283493262 1609.0297522505775
116 0 100 0.0 0.0 0.0
117 0 100 0.0 0.0 0.0
118 10 128 766.6651705632711 48572.78656303952 37239063.695086055
119 5 177 139.6884681067044 2679.0520099722326 374232.6712512085
120 5 93 139.6884681067044 3775.468945982596 527389.4734487426
121 11 117 942.9223974109915 54320.48318538729 51220000.23368883
122 12 156 1131.8354418063404 143472.92176020972 162387737.7877135
123 3 26 32.9215577265747 176.25042831919396 5802.438650243859
124 11 213 942.9223974109915 50162.164801807114 47299028.69424522
125 17 227 2206.0678959513543 1494632.7348626808 3297261292.6185327
126 13 351 1331.5823725933528 607512.2735168994 808952634.5492148
127 1 9 1.0 15.931997307697284 15.931997307697284
128 10 155 766.6651705632711 74345.3976110817 56998026.94009416
129 14 259 1540.4353185285338 894765.0606603131 1378327701.2264724
130 10 210 766.6651705632711 146072.84146951008 111988959.91988361
131 6 193 225.58275470837765 5828.709556476301 1314856.3581449701
132 7 180 332.66880679862265 6400.0 2129080.363511185
133 0 100 0.0 0.0 0.0
134 9 147 604.9491004987461 46702.87865638875 28252864.433884464
135 18 303 2436.3877014920204 4182978.1989030223 10191356639.416565
136 0 100 0.0 0.0 0.0
137 8 102 459.67273235884244 15068.038606609061 6926366.477588512
138 8 143 459.67273235884244 30428.435598390966 13987122.132917445
139 7 151 332.66880679862265 22801.0 7585181.463815395
140 4 53 75.61186198841948 888.1171619831025 67152.19228141312
141 0 100 0.0 0.0 0.0
142 17 256 2206.0678959513543 2048208.5007801168 4518487017.78567
143 7 288 332.66880679862265 35344.0 11757846.307490518
144 3 37 32.9215577265747 308.57807572808247 10158.870933237406
145 10 233 766.6651705632711 184057.04093994544 141110122.68559423
146 6 70 225.58275470837765 3384.897920195671 763574.5972443977
147 4 85 75.61186198841948 1991.8652456125124 150608.64005078256
148 7 74 332.66880679862265 5476.0 1821694.3860292577
149 11 133 942.9223974109915 72846.12336446987 68688241.28492276
150 10 343 766.6651705632711 202088.15382555095 154933948.9214826
151 5 52 139.6884681067044 1312.7590262571498 183377.29737111018
152 15 242 1756.7778603087352 1015870.4259704453 1784658673.2872822
153 17 300 2206.0678959513543 3103803.444211487 6847201133.618202
154 12 136 1131.8354418063404 103911.60259398287 117610834.63076547
155 10 131 766.6651705632711 51140.99905783681 39208022.76545254
156 14 246 1540.4353185285338 788048.6512575328 1213937975.1158788
157 13 243 1331.5823725933528 561888.9684414291 748201445.7312697
158 17 189 2206.0678959513543 924735.8242857925 2040030014.1929996
159 16 259 1979.1134619514044 1604254.4628505823 3175001603.8232064
160 19 244 2668.9360872348193 3022546.579050161 8066983640.175125
161 15 226 1756.7778603087352 855030.3929098479 1502098464.1550996
162 9 209 604.9491004987461 24518.97583158066 14832732.374465218
163 14 223 1540.4353185285338 618611.2410048468 952930604.0826327
164 16 273 1979.1134619514044 1836792.7908832894 3635221339.252409
165 10 128 766.6651705632711 48572.78656303952 37239063.695086055
166 14 271 1540.4353185285338 1000502.6462075082 1541209612.4993038
167 10 146 766.6651705632711 65084.513101468925 49898029.33796512
168 19 509 2668.9360872348193 22241415.916641533 59360917571.12349
169 7 128 332.66880679862265 16384.0 5450445.730588634
170 14 215 1540.4353185285338 565311.5939489864 870825945.29268
171 9 90 604.9491004987461 16228.85406923779 9817630.671310818
172 16 230 1979.1134619514044 1182135.6288361128 2339580536.8819394
173 6 209 225.58275470837765 7896.900764171442 1781404.6280404862
174 17 331 2206.0678959513543 4016220.324193155 8860054720.26986
175 16 170 1979.1134619514044 543390.7614875018 1075431971.1599395
176 10 148 766.6651705632711 67083.98395005375 51430953.9971317
177 12 195 1131.8354418063404 242458.72541212823 274423378.5966383
178 14 185 1540.4353185285338 390235.0653136485 601131877.1374333
179 1 37 1.0 94.5824071263594 94.5824071263594
180 9 135 604.9491004987461 38874.51396153533 23517102.253356747
181 14 259 1540.4353185285338 894765.0606603131 1378327701.2264724
182 19 277 2668.9360872348193 4264912.380420789 11382778560.9996
183 17 270 2206.0678959513543 2354917.3050674964 5195107464.329685
184 18 281 2436.3877014920204 3420833.8521182523 8334477526.148482
185 12 260 1131.8354418063404 476881.640701137 539751542.492304
186 11 287 942.9223974109915 423784.2649788227 399595675.1188864
187 6 95 225.58275470837765 6070.84515091352 1369477.9725510685
188 11 160 942.9223974109915 111217.99791590677 104869941.23011747
189 14 209 1540.4353185285338 527196.8237004351 812112607.044211
190 7 104 332.66880679862265 10816.0 3598145.8143339027
191 18 269 2436.3877014920204 3044773.491870264 7418248689.421625
192 13 220 1331.5823725933528 442152.3154039866 588762229.193285
193 15 238 1756.7778603087352 974089.068909004 1711258110.2280881
194 14 194 1540.4353185285338 438736.98861418 675845952.8061341
195 15 162 1756.7778603087352 369512.3462669713 649151109.0325503
196 11 162 942.9223974109915 114426.4995589995 107895309.29151957
197 10 121 766.6651705632711 42862.07545660654 32860860.390635047
198 7 238 332.66880679862265 19044.0 6335344.75667297
199 18 244 2436.3877014920204 2347010.047155583 5718226414.168069
