0 0 100 0.0 0.0 0.0
1 0 5 0.0 5.0 0.0
2 0 6 0.0 6.0 0.0
3 0 100 0.0 0.0 0.0
4 0 10 0.0 10.0 0.0
5 0 5 0.0 5.0 0.0
6 5 77 139.6884681067044 2679.0520099722326 374232.6712512085
7 3 31 32.9215577265747 233.0178128969552 7671.309378607293
8 1 114 1.0 27.799106543625292 27.799106543625292
9 1 19 1.0 40.84402933782601 40.84402933782601
10 5 75 139.6884681067044 2553.9502583266267 356757.3992063684
11 2 41 9.541850352986048 211.85407612585806 2021.4798910630518
12 3 16 32.9215577265747 81.54950460903234 2684.7367235598276
13 1 10 1.0 18.1937008646705 18.1937008646705
14 0 100 0.0 0.0 0.0
15 6 73 225.58275470837765 3667.8232800781016 827397.6793035355
16 0 100 0.0 0.0 0.0
17 0 100 0.0 0.0 0.0
18 0 100 0.0 0.0 0.0
19 1 9 1.0 15.931997307697284 15.931997307697284
20 0 6 0.0 6.0 0.0
21 1 9 1.0 15.931997307697284 15.931997307697284
22 0 100 0.0 0.0 0.0
23 0 100 0.0 0.0 0.0
24 6 91 225.58275470837765 5591.281626292221 1261296.7116093368
25 0 100 0.0 0.0 0.0
26 4 146 75.61186198841948 697.0692055589992 52706.70056710426
27 4 33 75.61186198841948 395.0229353848392 29868.419672578806
28 2 20 9.541850352986048 75.23327232919837 717.8646261306569
29 2 57 9.541850352986048 340.72951581223015 3251.1900507256933
30 0 100 0.0 0.0 0.0
31 2 14 9.541850352986048 44.97826169706515 429.17584225083993
32 0 10 0.0 10.0 0.0
33 5 76 139.6884681067044 2616.164871066153 365448.0631538047
34 0 100 0.0 0.0 0.0
35 2 11 9.541850352986048 31.76494829034237 303.0963830567869
36 0 100 0.0 0.0 0.0
37 2 30 9.541850352986048 135.01359299654277 1288.2794999919763
38 1 25 1.0 57.71571011139208 57.71571011139208
39 7 46 332.66880679862265 2116.0 703927.1951858855
40 3 43 32.9215577265747 391.71440685113555 12895.848457480626
41 0 5 0.0 5.0 0.0
42 0 100 0.0 0.0 0.0
43 0 5 0.0 5.0 0.0
44 0 100 0.0 0.0 0.0
45 3 33 32.9215577265747 257.33012181535685 8471.708460130769
46 4 57 75.61186198841948 1005.7817905983286 76049.03394118624
47 0 100 0.0 0.0 0.0
48 2 20 9.541850352986048 75.23327232919837 717.8646261306569
49 0 100 0.0 0.0 0.0
50 0 5 0.0 5.0 0.0
51 4 82 75.61186198841948 1873.1633591984112 141633.36939747448
52 3 28 32.9215577265747 198.25318874016915 6526.8037975869875
53 0 100 0.0 0.0 0.0
54 0 100 0.0 0.0 0.0
55 1 108 1.0 13.734791927877684 13.734791927877684
56 1 6 1.0 9.55892689827884 9.55892689827884
57 2 20 9.541850352986048 75.23327232919837 717.8646261306569
58 3 50 32.9215577265747 497.6760852315066 16384.27196908475
59 0 100 0.0 0.0 0.0
60 0 10 0.0 10.0 0.0
61 0 100 0.0 0.0 0.0
62 0 100 0.0 0.0 0.0
63 0 6 0.0 6.0 0.0
64 1 6 1.0 9.55892689827884 9.55892689827884
65 1 10 1.0 18.1937008646705 18.1937008646705
66 0 100 0.0 0.0 0.0
67 1 21 1.0 46.33316012586883 46.33316012586883
68 0 100 0.0 0.0 0.0
69 6 77 225.58275470837765 4061.8785529685815 916289.7532695315
70 0 100 0.0 0.0 0.0
71 0 100 0.0 0.0 0.0
72 4 71 75.61186198841948 1464.2230773075796 110712.63324163957
73 0 100 0.0 0.0 0.0
74 0 5 0.0 5.0 0.0
75 1 11 1.0 20.51504931294799 20.51504931294799
76 0 100 0.0 0.0 0.0
77 0 9 0.0 9.0 0.0
78 0 8 0.0 8.0 0.0
79 2 14 9.541850352986048 44.97826169706515 429.17584225083993
80 0 100 0.0 0.0 0.0
81 3 41 32.9215577265747 363.1907597716439 11956.805563580698
82 0 100 0.0 0.0 0.0
83 0 100 0.0 0.0 0.0
84 3 25 32.9215577265747 165.61186212092687 5452.200479019623
85 0 9 0.0 9.0 0.0
86 0 9 0.0 9.0 0.0
87 5 81 139.6884681067044 2937.2940727723303 410306.1094044695
88 3 16 32.9215577265747 81.54950460903234 2684.7367235598276
89 0 6 0.0 6.0 0.0
90 1 101 1.0 1.0 1.0
91 0 100 0.0 0.0 0.0
92 4 74 75.61186198841948 1571.597319835911 118831.39964880285
93 7 130 332.66880679862265 16900.0 5622102.834896723
94 0 5 0.0 5.0 0.0
95 1 100 1.0 0.0 0.0
96 1 104 1.0 5.735193251789799 5.735193251789799
97 0 100 0.0 0.0 0.0
98 0 100 0.0 0.0 0.0
99 2 20 9.541850352986048 75.23327232919837 717.8646261306569
100 1 101 1.0 1.0 1.0
101 6 195 225.58275470837765 6070.84515091352 1369477.9725510685
102 4 47 75.61186198841948 723.181183304868 54681.07582466957
103 1 105 1.0 7.59708563275366 7.59708563275366
104 3 51 32.9215577265747 513.5688732735056 16907.48730804564
105 1 10 1.0 18.1937008646705 18.1937008646705
106 5 167 139.6884681067044 2080.6456750556 290642.2070213566
107 2 126 9.541850352986048 109.8359986590007 1048.0386625749609
108 0 100 0.0 0.0 0.0
109 0 100 0.0 0.0 0.0
110 2 117 9.541850352986048 59.51335422080222 567.8675199791454
111 5 197 139.6884681067044 4075.7152237055247 569330.4160385987
112 11 196 942.9223974109915 176993.10367369323 166890761.64121097
113 4 50 75.61186198841948 803.8922494719358 60783.78982063209
114 4 83 75.61186198841948 1912.3940233356846 144599.67295993603
115 1 11 1.0 20.51504931294799 20.51504931294799
116 2 45 9.541850352986048 242.29532664846576 2311.945748107533
117 6 197 225.58275470837765 6317.679695554275 1425159.589088318
118 5 83 139.6884681067044 3070.409639894098 428900.8190568644
119 4 44 75.61186198841948 646.0476428878335 48848.86521197858
120 0 100 0.0 0.0 0.0
121 4 53 75.61186198841948 888.1171619831025 67152.19228141312
122 1 20 1.0 43.57075425423803 43.57075425423803
123 2 127 9.541850352986048 115.98017876588344 1106.66550969663
124 2 10 9.541850352986048 27.685321443873434 264.16919419175593
125 4 151 75.61186198841948 831.5797944458234 62877.296649995835
126 3 62 32.9215577265747 700.2360303580608 23052.86089566041
127 7 58 332.66880679862265 3364.0 1119097.8660705667
128 5 60 139.6884681067044 1702.6102917613564 237835.0234388529
129 4 52 75.61186198841948 859.6554919481086 65000.15241476724
130 5 39 139.6884681067044 778.3165439750189 108721.84572997481
131 9 116 604.9491004987461 28037.540124113097 16961284.67827972
132 3 46 32.9215577265747 435.9769523615719 14353.040404627594
133 3 75 32.9215577265747 947.2709566120693 31185.635480811874
134 7 94 332.66880679862265 8836.0 2939461.5768726296
135 11 156 942.9223974109915 104954.70852315568 98964145.38022578
136 7 70 332.66880679862265 4900.0 1630077.153313251
137 9 110 604.9491004987461 25006.172162451465 15127461.356591798
138 4 48 75.61186198841948 749.6906189831174 56685.50361656424
139 5 161 139.6884681067044 1754.5251914699081 245086.93625105367
140 8 130 459.67273235884244 24956.252438948613 11471708.748048535
141 4 67 75.61186198841948 1326.001420918201 100261.43643491513
142 0 100 0.0 0.0 0.0
143 10 145 766.6651705632711 64097.25121371274 49141130.034397915
144 13 195 1331.5823725933528 330604.83694571455 440227573.1710131
145 4 64 75.61186198841948 1226.095534977771 92707.36637535656
146 6 72 225.58275470837765 3572.3109038912485 805851.7343745624
147 5 87 139.6884681067044 3344.5706484424895 467197.95035557833
148 4 55 75.61186198841948 946.1899645328139 71543.18501308264
149 8 84 459.67273235884244 10061.48800945777 4624991.684903184
150 7 57 332.66880679862265 3249.0 1080840.953288725
151 5 171 139.6884681067044 2311.8500842163953 322938.7967565438
152 4 58 75.61186198841948 1036.142416344768 78344.65738500807
153 7 85 332.66880679862265 7225.0 2403532.1291200486
154 2 22 9.541850352986048 86.31942417916456 823.6470280735138
155 5 71 139.6884681067044 2311.8500842163953 322938.7967565438
156 6 77 225.58275470837765 4061.8785529685815 916289.7532695315
157 2 16 9.541850352986048 54.53075711894446 520.3243240639966
158 9 123 604.9491004987461 31810.029433802327 19243448.692817356
159 2 41 9.541850352986048 211.85407612585806 2021.4798910630518
160 2 24 9.541850352986048 97.86086952638261 933.7737724338355
161 10 152 766.6651705632711 71183.06768899111 54573578.73099724
162 11 125 942.9223974109915 63201.22767677458 59593853.12030219
163 9 114 604.9491004987461 27006.4292253054 16337515.067531552
164 5 131 139.6884681067044 512.8425432350123 71638.18924444518
165 9 193 604.9491004987461 17416.783409430795 10536267.457116645
166 10 119 766.6651705632711 41302.383909052856 31665099.20430371
167 6 89 225.58275470837765 5358.570280584671 1208801.0451927343
168 7 115 332.66880679862265 13225.0 4399544.969911785
169 10 160 766.6651705632711 79784.57916828307 61168057.99637055
170 11 115 942.9223974109915 52218.012143560736 49237533.198442556
171 5 87 139.6884681067044 3344.5706484424895 467197.95035557833
172 3 46 32.9215577265747 435.9769523615719 14353.040404627594
173 5 73 139.6884681067044 2431.5451615879456 339658.8187544891
174 5 107 139.6884681067044 4871.189817186799 680449.0434198013
175 5 66 139.6884681067044 2024.56047903646 282807.7519059787
176 8 191 459.67273235884244 55557.2329062685 25538145.052321035
177 5 67 139.6884681067044 2080.6456750556 290642.2070213566
178 6 211 225.58275470837765 8176.399536993932 1844454.7311513948
179 10 97 766.6651705632711 26214.45188399616 20097707.22486658
180 5 93 139.6884681067044 3775.468945982596 527389.4734487426
181 7 202 332.66880679862265 10404.0 3461086.26593287
182 5 160 139.6884681067044 1702.6102917613564 237835.0234388529
183 6 175 225.58275470837765 3862.4525781644106 871302.6925128031
184 12 193 1131.8354418063404 236652.0012546562 267851122.39441845
185 6 168 225.58275470837765 3202.3105181925803 722386.0281254946
186 5 63 139.6884681067044 1860.4532693243248 259883.86717602485
187 10 164 766.6651705632711 84288.55756198421 64621101.35979072
188 13 148 1331.5823725933528 170074.61033155065 226468353.14317617
189 4 63 75.61186198841948 1193.5182370479756 90244.13622033325
190 6 145 225.58275470837765 1453.723360477042 327934.92024033103
191 7 86 332.66880679862265 7396.0 2460418.495082613
192 4 159 75.61186198841948 1066.8769814059906 80668.55507669134
193 4 105 75.61186198841948 2858.808634191098 216159.8438997593
194 6 57 225.58275470837765 2284.902982010436 515434.70892330084
195 5 69 139.6884681067044 2194.8788310889477 306599.26159464906
196 5 195 139.6884681067044 3924.3008107112732 548179.5686381559
197 8 199 459.67273235884244 14160.822691605603 6509344.059099445
198 5 142 139.6884681067044 890.5118703159138 124394.2389952662
199 5 174 139.6884681067044 2492.4098028308917 348160.9072515804
