0 1 11 1.0 20.51504931294799 20.51504931294799
1 1 105 1.0 7.59708563275366 7.59708563275366
2 0 100 0.0 0.0 0.0
3 1 11 1.0 20.51504931294799 20.51504931294799
4 0 100 0.0 0.0 0.0
5 0 6 0.0 6.0 0.0
6 0 100 0.0 0.0 0.0
7 1 13 1.0 25.320989780782124 25.320989780782124
8 0 5 0.0 5.0 0.0
9 0 100 0.0 0.0 0.0
10 2 118 9.541850352986048 64.62733255388774 616.6643359418604
11 0 11 0.0 11.0 0.0
12 0 100 0.0 0.0 0.0
13 1 107 1.0 11.607984241186918 11.607984241186918
14 0 5 0.0 5.0 0.0
15 2 19 9.541850352986048 69.8685662777562 666.6754038000371
16 0 100 0.0 0.0 0.0
17 0 100 0.0 0.0 0.0
18 0 5 0.0 5.0 0.0
19 0 100 0.0 0.0 0.0
20 0 100 0.0 0.0 0.0
21 2 9 9.541850352986048 23.78240930402918 226.9281906125095
22 0 100 0.0 0.0 0.0
23 1 105 1.0 7.59708563275366 7.59708563275366
24 1 100 1.0 0.0 0.0
25 0 9 0.0 9.0 0.0
26 0 6 0.0 6.0 0.0
27 1 103 1.0 3.9914906122521803 3.9914906122521803
28 0 100 0.0 0.0 0.0
29 0 5 0.0 5.0 0.0
30 2 107 9.541850352986048 16.551687764173284 157.9337277350917
31 1 11 1.0 20.51504931294799 20.51504931294799
32 4 61 75.61186198841948 1129.4605717070829 85400.6168692773
33 1 101 1.0 1.0 1.0
34 0 14 0.0 14.0 0.0
35 2 31 9.541850352986048 141.5519192260369 1350.6672304328126
36 6 85 225.58275470837765 4907.334112484054 1107009.9473685443
37 0 6 0.0 6.0 0.0
38 4 137 75.61186198841948 480.38255499420245 36322.61944986597
39 2 53 9.541850352986048 306.7864203576611 2927.3101133810746
40 0 10 0.0 10.0 0.0
41 0 5 0.0 5.0 0.0
42 0 6 0.0 6.0 0.0
43 0 6 0.0 6.0 0.0
44 2 9 9.541850352986048 23.78240930402918 226.9281906125095
45 2 31 9.541850352986048 141.5519192260369 1350.6672304328126
46 1 104 1.0 5.735193251789799 5.735193251789799
47 1 15 1.0 30.323695983612147 30.323695983612147
48 0 100 0.0 0.0 0.0
49 1 7 1.0 11.607984241186918 11.607984241186918
50 0 7 0.0 7.0 0.0
51 0 9 0.0 9.0 0.0
52 2 11 9.541850352986048 31.76494829034237 303.0963830567869
53 0 100 0.0 0.0 0.0
54 2 33 9.541850352986048 154.90879557685506 1478.1165457556579
55 0 11 0.0 11.0 0.0
56 0 100 0.0 0.0 0.0
57 0 5 0.0 5.0 0.0
58 0 100 0.0 0.0 0.0
59 1 15 1.0 30.323695983612147 30.323695983612147
60 1 11 1.0 20.51504931294799 20.51504931294799
61 0 6 0.0 6.0 0.0
62 5 75 139.6884681067044 2553.9502583266267 356757.3992063684
63 0 100 0.0 0.0 0.0
64 5 67 139.6884681067044 2080.6456750556 290642.2070213566
65 0 15 0.0 15.0 0.0
66 0 5 0.0 5.0 0.0
67 0 100 0.0 0.0 0.0
68 0 100 0.0 0.0 0.0
69 0 5 0.0 5.0 0.0
70 0 100 0.0 0.0 0.0
71 0 100 0.0 0.0 0.0
72 0 100 0.0 0.0 0.0
73 1 107 1.0 11.607984241186918 11.607984241186918
74 2 13 9.541850352986048 40.41888428935346 385.6709453236695
75 0 10 0.0 10.0 0.0
76 1 6 1.0 9.55892689827884 9.55892689827884
77 0 100 0.0 0.0 0.0
78 2 27 9.541850352986048 115.98017876588344 1106.66550969663
79 1 10 1.0 18.1937008646705 18.1937008646705
80 0 5 0.0 5.0 0.0
81 0 100 0.0 0.0 0.0
82 1 10 1.0 18.1937008646705 18.1937008646705
83 3 43 32.9215577265747 391.71440685113555 12895.848457480626
84 2 115 9.541850352986048 49.68406405407534 474.0779041321602
85 2 28 9.541850352986048 122.22584512913716 1166.2607234894754
86 1 103 1.0 3.9914906122521803 3.9914906122521803
87 3 23 32.9215577265747 145.08021796711313 4776.266770788355
88 0 6 0.0 6.0 0.0
89 0 5 0.0 5.0 0.0
90 2 106 9.541850352986048 13.252209915340185 126.45060385853394
91 0 6 0.0 6.0 0.0
92 3 16 32.9215577265747 81.54950460903234 2684.7367235598276
93 0 19 0.0 19.0 0.0
94 0 5 0.0 5.0 0.0
95 1 103 1.0 3.9914906122521803 3.9914906122521803
96 0 5 0.0 5.0 0.0
97 1 101 1.0 1.0 1.0
98 1 13 1.0 25.320989780782124 25.320989780782124
99 3 31 32.9215577265747 233.0178128969552 7671.309378607293
100 0 10 0.0 10.0 0.0
101 2 29 9.541850352986048 128.5709592386038 1226.8048527946264
102 3 35 32.9215577265747 282.5239294230334 9301.12785163911
103 3 28 32.9215577265747 198.25318874016915 6526.8037975869875
104 1 26 1.0 60.63937356224698 60.63937356224698
105 2 12 9.541850352986048 36.01211998010309 343.62225974392254
106 4 58 75.61186198841948 1036.142416344768 78344.65738500807
107 1 14 1.0 27.799106543625292 27.799106543625292
108 3 28 32.9215577265747 198.25318874016915 6526.8037975869875
109 2 21 9.541850352986048 80.71796600694597 770.1987524356932
110 0 100 0.0 0.0 0.0
111 1 10 1.0 18.1937008646705 18.1937008646705
112 0 10 0.0 10.0 0.0
113 2 32 9.541850352986048 148.1842032776824 1413.95149235211
114 2 42 9.541850352986048 219.34644070399202 2092.9709126576195
115 1 11 1.0 20.51504931294799 20.51504931294799
116 2 29 9.541850352986048 128.5709592386038 1226.8048527946264
117 1 26 1.0 60.63937356224698 60.63937356224698
118 1 14 1.0 27.799106543625292 27.799106543625292
119 3 41 32.9215577265747 363.1907597716439 11956.805563580698
120 1 24 1.0 54.8222930413608 54.8222930413608
121 1 20 1.0 43.57075425423803 43.57075425423803
122 0 9 0.0 9.0 0.0
123 1 110 1.0 18.1937008646705 18.1937008646705
124 0 100 0.0 0.0 0.0
125 5 66 139.6884681067044 2024.56047903646 282807.7519059787
126 4 68 75.61186198841948 1360.0227175454593 102833.85002016247
127 3 26 32.9215577265747 176.25042831919396 5802.438650243859
128 1 11 1.0 20.51504931294799 20.51504931294799
129 4 29 75.61186198841948 316.71264325745693 23947.232671970367
130 1 35 1.0 88.18685030395203 88.18685030395203
131 2 38 9.541850352986048 189.8638195218893 1811.6521533242187
132 1 113 1.0 25.320989780782124 25.320989780782124
133 2 20 9.541850352986048 75.23327232919837 717.8646261306569
134 0 100 0.0 0.0 0.0
135 1 19 1.0 40.84402933782601 40.84402933782601
136 2 37 9.541850352986048 182.69988024795316 1743.2949168344405
137 1 18 1.0 38.15436697768484 38.15436697768484
138 2 46 9.541850352986048 250.0988923255542 2386.406204018009
139 2 27 9.541850352986048 115.98017876588344 1106.66550969663
140 1 23 1.0 51.960050539976365 51.960050539976365
141 2 46 9.541850352986048 250.0988923255542 2386.406204018009
142 1 19 1.0 40.84402933782601 40.84402933782601
143 2 41 9.541850352986048 211.85407612585806 2021.4798910630518
144 2 139 9.541850352986048 197.11162840858907 1880.8096611081503
145 2 29 9.541850352986048 128.5709592386038 1226.8048527946264
146 0 10 0.0 10.0 0.0
147 2 34 9.541850352986048 161.72412498062124 1543.1473990327004
148 3 43 32.9215577265747 391.71440685113555 12895.848457480626
149 2 72 9.541850352986048 477.2401734727425 4553.754317710011
150 1 116 1.0 32.892441635375256 32.892441635375256
151 2 25 9.541850352986048 103.79546451213633 990.4007896934788
152 4 64 75.61186198841948 1226.095534977771 92707.36637535656
153 2 43 9.541850352986048 226.91812071099523 2165.21875020514
154 4 44 75.61186198841948 646.0476428878335 48848.86521197858
155 0 5 0.0 5.0 0.0
156 1 118 1.0 38.15436697768484 38.15436697768484
157 3 44 32.9215577265747 406.27351121486885 13375.156852238497
158 1 19 1.0 40.84402933782601 40.84402933782601
159 1 19 1.0 40.84402933782601 40.84402933782601
160 1 28 1.0 66.57403288693754 66.57403288693754
161 2 44 9.541850352986048 234.56808185291177 2238.2135346274663
162 2 14 9.541850352986048 44.97826169706515 429.17584225083993
163 1 21 1.0 46.33316012586883 46.33316012586883
164 0 5 0.0 5.0 0.0
165 0 100 0.0 0.0 0.0
166 1 19 1.0 40.84402933782601 40.84402933782601
167 3 42 32.9215577265747 377.3528472077043 12423.04354263576
168 4 57 75.61186198841948 1005.7817905983286 76049.03394118624
169 1 34 1.0 85.02419427196995 85.02419427196995
170 2 19 9.541850352986048 69.8685662777562 666.6754038000371
171 1 31 1.0 75.68293941204132 75.68293941204132
172 2 26 9.541850352986048 109.8359986590007 1048.0386625749609
173 1 19 1.0 40.84402933782601 40.84402933782601
174 4 45 75.61186198841948 671.3571728121805 50762.565895610074
175 2 31 9.541850352986048 141.5519192260369 1350.6672304328126
176 2 23 9.541850352986048 92.0346545141889 878.1809006631623
177 1 23 1.0 51.960050539976365 51.960050539976365
178 3 33 32.9215577265747 257.33012181535685 8471.708460130769
179 5 151 139.6884681067044 1267.2460047423704 177019.65311680315
180 1 19 1.0 40.84402933782601 40.84402933782601
181 1 34 1.0 85.02419427196995 85.02419427196995
182 6 34 225.58275470837765 850.3814463521836 191831.38922102004
183 2 23 9.541850352986048 92.0346545141889 878.1809006631623
184 5 71 139.6884681067044 2311.8500842163953 322938.7967565438
185 3 19 32.9215577265747 107.12598084817145 3526.754162509012
186 4 172 75.61186198841948 1499.6637502850892 113392.36851559173
187 0 5 0.0 5.0 0.0
188 2 23 9.541850352986048 92.0346545141889 878.1809006631623
189 5 66 139.6884681067044 2024.56047903646 282807.7519059787
190 1 104 1.0 5.735193251789799 5.735193251789799
191 4 39 75.61186198841948 525.6324972119714 39744.05183581987
192 2 32 9.541850352986048 148.1842032776824 1413.95149235211
193 5 54 139.6884681067044 1405.9451433371921 196394.3233148333
194 2 31 9.541850352986048 141.5519192260369 1350.6672304328126
195 1 7 1.0 11.607984241186918 11.607984241186918
196 7 59 332.66880679862265 3481.0 1158020.1164660056
197 2 66 9.541850352986048 420.9557626935435 4016.6968928488986
198 4 55 75.61186198841948 946.1899645328139 71543.18501308264
199 1 19 1.0 40.84402933782601 40.84402933782601
