0 1 103 1.0 3.9914906122521803 3.9914906122521803
1 1 14 1.0 27.799106543625292 27.799106543625292
2 31 703 5350.621552679651 1092747334.203317 5846877438021.502
3 0 5 0.0 5.0 0.0
4 0 10 0.0 10.0 0.0
5 2 34 9.541850352986048 161.72412498062124 1543.1473990327004
6 1 14 1.0 27.799106543625292 27.799106543625292
7 0 100 0.0 0.0 0.0
8 0 100 0.0 0.0 0.0
9 1 11 1.0 20.51504931294799 20.51504931294799
10 0 5 0.0 5.0 0.0
11 1 9 1.0 15.931997307697284 15.931997307697284
12 0 18 0.0 18.0 0.0
13 1 24 1.0 54.8222930413608 54.8222930413608
14 0 10 0.0 10.0 0.0
15 1 10 1.0 18.1937008646705 18.1937008646705
16 0 18 0.0 18.0 0.0
17 0 100 0.0 0.0 0.0
18 1 14 1.0 27.799106543625292 27.799106543625292
19 1 115 1.0 30.323695983612147 30.323695983612147
20 0 100 0.0 0.0 0.0
21 1 104 1.0 5.735193251789799 5.735193251789799
22 0 100 0.0 0.0 0.0
23 0 6 0.0 6.0 0.0
24 0 100 0.0 0.0 0.0
25 0 100 0.0 0.0 0.0
26 1 37 1.0 94.5824071263594 94.5824071263594
27 0 100 0.0 0.0 0.0
28 0 9 0.0 9.0 0.0
29 1 7 1.0 11.607984241186918 11.607984241186918
30 0 100 0.0 0.0 0.0
31 0 100 0.0 0.0 0.0
32 0 100 0.0 0.0 0.0
33 0 100 0.0 0.0 0.0
34 0 100 0.0 0.0 0.0
35 21 544 3136.7198300107975 46265334.859287724 145121393295.21762
36 0 100 0.0 0.0 0.0
37 2 19 9.541850352986048 69.8685662777562 666.6754038000371
38 0 6 0.0 6.0 0.0
39 33 829 5744.298091538941 2850911263.669991 16376484131046.398
40 3 155 32.9215577265747 578.9666715492328 19060.48469917088
41 5 80 139.6884681067044 2871.732646582133 401147.9342130701
42 2 46 9.541850352986048 250.0988923255542 2386.406204018009
43 0 6 0.0 6.0 0.0
44 27 504 4506.6139001521815 160757322.52196935 724471184228.7544
45 0 100 0.0 0.0 0.0
46 1 36 1.0 91.37308344663872 91.37308344663872
47 0 7 0.0 7.0 0.0
48 0 100 0.0 0.0 0.0
49 1 104 1.0 5.735193251789799 5.735193251789799
50 0 100 0.0 0.0 0.0
51 5 136 139.6884681067044 672.9601112794846 94004.76704154853
52 0 100 0.0 0.0 0.0
53 0 100 0.0 0.0 0.0
54 0 100 0.0 0.0 0.0
55 1 18 1.0 38.15436697768484 38.15436697768484
56 0 100 0.0 0.0 0.0
57 0 100 0.0 0.0 0.0
58 0 9 0.0 9.0 0.0
59 3 55 32.9215577265747 578.9666715492328 19060.48469917088
60 0 100 0.0 0.0 0.0
61 24 469 3832.71054120725 64648250.10695937 247778029655.54593
62 0 100 0.0 0.0 0.0
63 0 10 0.0 10.0 0.0
64 2 57 9.541850352986048 340.72951581223015 3251.1900507256933
65 0 7 0.0 7.0 0.0
66 2 21 9.541850352986048 80.71796600694597 770.1987524356932
67 0 100 0.0 0.0 0.0
68 0 100 0.0 0.0 0.0
69 1 16 1.0 32.892441635375256 32.892441635375256
70 0 5 0.0 5.0 0.0
71 0 100 0.0 0.0 0.0
72 0 100 0.0 0.0 0.0
73 2 36 9.541850352986048 175.6210676402407 1675.7499462548174
74 25 534 4060.496712466729 120317901.97388028 488550445415.835
75 1 104 1.0 5.735193251789799 5.735193251789799
76 0 100 0.0 0.0 0.0
77 0 6 0.0 6.0 0.0
78 1 14 1.0 27.799106543625292 27.799106543625292
79 2 36 9.541850352986048 175.6210676402407 1675.7499462548174
80 0 100 0.0 0.0 0.0
81 1 112 1.0 22.891970023971037 22.891970023971037
82 0 10 0.0 10.0 0.0
83 10 336 766.6651705632711 415459.07988095324 318518006.3389907
84 2 63 9.541850352986048 393.6390130800606 3756.0445559070554
85 0 100 0.0 0.0 0.0
86 0 100 0.0 0.0 0.0
87 0 100 0.0 0.0 0.0
88 0 100 0.0 0.0 0.0
89 0 9 0.0 9.0 0.0
90 0 100 0.0 0.0 0.0
91 1 115 1.0 30.323695983612147 30.323695983612147
92 0 10 0.0 10.0 0.0
93 1 110 1.0 18.1937008646705 18.1937008646705
94 0 100 0.0 0.0 0.0
95 1 51 1.0 141.71101512179817 141.71101512179817
96 0 18 0.0 18.0 0.0
97 0 5 0.0 5.0 0.0
98 0 100 0.0 0.0 0.0
99 0 100 0.0 0.0 0.0
100 1 114 1.0 27.799106543625292 27.799106543625292
101 30 803 5146.386239304723 1332960299.2925441 6859928541818.654
102 18 496 2436.3877014920204 15582163.23660601 37964190872.307976
103 25 607 4060.496712466729 175867485.79393265 714109347896.0527
104 28 820 4724.12231882448 895693299.989523 4231364709302.0566
105 54 1519 8602.009448624298 1256935421428.8398 1.0812170371441444e+16
106 1 120 1.0 43.57075425423803 43.57075425423803
107 21 559 3136.7198300107975 49929353.55591368 156614393398.45456
108 28 772 4724.12231882448 744175243.0282125 3515574874706.2104
109 1 124 1.0 54.8222930413608 54.8222930413608
110 38 850 6636.579650383532 8595655122.330889 57045749866576.14
111 37 875 6468.923834840442 7779626031.761189 50325808263005.125
112 24 521 3832.71054120725 87918788.45783062 336967267292.49774
113 29 724 4937.473672561782 768904905.0929842 3796447725600.225
114 20 420 2902.6872563902634 17272129.596904162 50135590471.65481
115 4 79 75.61186198841948 1757.505455801544 132888.25996796062
116 9 342 604.9491004987461 136701.89001969967 82697685.40389584
117 44 1073 7528.2761260995885 60189378599.09453 453122261952332.8
118 35 547 6117.310290426031 1098082473.8163064 6717311216812.964
119 22 549 3370.209833397988 61798698.56961431 208274581610.51233
120 35 941 6117.310290426031 4544264440.675561 27798675625361.703
121 29 811 4937.473672561782 1093966841.7930086 5401432480008.54
122 20 478 2902.6872563902634 24679616.27167091 71637207644.38094
123 0 100 0.0 0.0 0.0
124 37 924 6468.923834840442 9343642897.255022 60443314242290.62
125 20 593 2902.6872563902634 26875742.344171092 78011874808.45361
126 12 263 1131.8354418063404 489920.81803539564 554509745.5312158
127 43 722 7393.130324549447 12349007002.903666 91297818151240.58
128 24 603 3832.71054120725 134802249.20499521 516658001506.4318
129 41 1231 7106.788070274764 55184782037.542564 392186550645120.6
130 19 429 2668.9360872348193 13982616.576663135 37318709975.42403
131 19 411 2668.9360872348193 12446816.53959254 33219757833.709747
132 31 594 5350.621552679651 640063469.6317158 3424737395694.376
133 27 896 4506.6139001521815 922456602.5881958 4157155747511.12
134 37 959 6468.923834840442 10587680440.001907 68490898354002.28
135 40 1025 6955.50474228233 24078528284.723667 167478317671574.7
136 24 486 3832.71054120725 71741773.32725309 274965450876.26404
137 44 1040 7528.2761260995885 53859917516.156204 405472331190571.8
138 22 738 3370.209833397988 94740770.54777016 319296276523.7975
139 39 1198 6798.773358825962 33742264348.130016 229406007916529.4
140 43 907 7393.130324549447 27630195792.83052 204273638389213.88
141 15 489 1756.7778603087352 3359417.975932852 5901751123.642017
142 29 586 4937.473672561782 398567099.0284344 1967914558202.2195
143 44 811 7528.2761260995885 22237030869.849247 167406508612825.66
144 38 913 6636.579650383532 10954243170.227026 72698707308881.47
145 42 848 7252.650449022947 18169222731.245094 131775021400162.67
146 27 664 4506.6139001521815 371333786.8999057 1673458005639.263
147 41 949 7106.788070274764 22338637635.96427 158755963457461.75
148 24 462 3832.71054120725 61867191.65896158 237119037626.1913
149 1 33 1.0 81.88562674252243 81.88562674252243
150 1 115 1.0 30.323695983612147 30.323695983612147
151 37 731 6468.923834840442 4250301990.48405 27494879851512.043
152 7 244 332.66880679862265 20736.0 6898220.377776239
153 37 696 6468.923834840442 3603979854.6036572 23313871181730.39
154 53 1251 8516.089422990353 509212486192.23804 4336499067716339.5
155 33 731 5744.298091538941 1896620901.2058268 10894755823169.496
156 42 1084 7252.650449022947 42945305891.1862 311467292055139.44
157 34 788 5933.442745663244 1913991225.6179326 11356557352905.822
158 33 789 5744.298091538941 2428873232.8512774 13952171876057.61
159 18 605 2436.3877014920204 26475284.035873212 64504056418.509514
160 50 1066 8230.818941038662 169131675797.59854 1392092200684484.2
161 24 701 3832.71054120725 209377477.11462602 802483263628.6069
162 18 368 2436.3877014920204 7026071.252348587 17118233589.028734
163 31 669 5350.621552679651 933617069.0848876 4995431611795.207
164 17 479 2206.0678959513543 10579526.491102016 23339153746.38704
165 21 422 3136.7198300107975 22710607.04341492 71236811464.66248
166 24 558 3832.71054120725 107450172.75563522 411825409775.0632
167 46 1235 7782.801884860074 143644283593.51385 1117955001100974.6
168 22 524 3370.209833397988 54127311.26093543 182420396666.99823
169 35 816 6117.310290426031 4113287592.419066 25162256516586.867
170 38 955 6636.579650383532 12759143853.58941 84677074455047.6
171 25 691 4060.496712466729 258191863.2734577 1048387212007.5343
172 35 690 6117.310290426031 2364139875.439002 14462177188029.523
173 41 1230 7106.788070274764 55029111092.61103 391080230230792.75
174 23 470 3602.4235623004615 51011016.15011088 183763286516.0488
175 28 670 4724.12231882448 481500970.68982345 2274669482171.447
176 28 578 4724.12231882448 305856256.9173781 1444902369655.5002
177 50 1259 8230.818941038662 313492895426.5363 2580303261557787.5
178 23 503 3602.4235623004615 62039820.301217936 223493710453.99402
179 18 451 2436.3877014920204 12089520.063708078 29454758000.15939
180 26 463 4285.277943143774 99252847.0 425326036043.32367
181 47 1033 7902.318130854768 89943032527.36624 710758456685066.4
182 24 521 3832.71054120725 87918788.45783062 336967267292.49774
183 39 973 6798.773358825962 16565409097.145851 112624462047728.44
184 36 1044 6295.82243666837 11454595706.29944 72116100650685.19
185 42 796 7252.650449022947 14556374314.559835 105572294708638.48
186 54 1367 8602.009448624298 841741207966.254 7240665824222147.0
187 54 1320 8602.009448624298 736875828385.3538 6338612838233670.0
188 27 593 4506.6139001521815 263406992.8374147 1187073615318.3792
189 22 584 3370.209833397988 73673304.27159815 248294494515.06207
190 40 764 6955.50474228233 8740418441.358614 60794021918401.77
191 23 564 3602.4235623004615 86310217.50134897 310925961194.1372
192 21 606 3136.7198300107975 62603372.45830321 196369239815.5115
193 26 746 4285.277943143774 415160936.0 1779080001895.7239
194 52 968 8425.648590871551 164361868034.16812 1384855341795104.5
195 35 737 6117.310290426031 2938793248.794526 17977510182285.3
196 25 426 4060.496712466729 61604948.60253827 250146691272.28848
197 40 1079 6955.50474228233 28741990136.222755 199915048695129.3
198 26 552 4285.277943143774 168196608.0 720769214373.9996
199 38 668 6636.579650383532 3796769774.226115 25197565020820.312
