0 0 9 0.0 9.0 0.0
1 0 5 0.0 5.0 0.0
2 0 100 0.0 0.0 0.0
3 26 527 4285.277943143774 146363183.0 627206919798.2158
4 2 30 9.541850352986048 135.01359299654277 1288.2794999919763
5 24 501 3832.71054120725 78410351.50084978 300524180737.0727
6 1 103 1.0 3.9914906122521803 3.9914906122521803
7 2 70 9.541850352986048 458.2387961897642 4372.446019175203
8 0 6 0.0 6.0 0.0
9 1 18 1.0 38.15436697768484 38.15436697768484
10 11 219 942.9223974109915 228180.97122161838 215156948.42785686
11 3 83 32.9215577265747 1112.6192833663745 36629.15996504627
12 0 6 0.0 6.0 0.0
13 0 100 0.0 0.0 0.0
14 0 5 0.0 5.0 0.0
15 1 105 1.0 7.59708563275366 7.59708563275366
16 27 503 4506.6139001521815 159790718.7318347 720115074152.1938
17 0 100 0.0 0.0 0.0
18 1 27 1.0 63.59241768810072 63.59241768810072
19 29 493 4937.473672561782 232970794.70281234 1150287165320.932
20 0 100 0.0 0.0 0.0
21 0 100 0.0 0.0 0.0
22 18 431 2436.3877014920204 10711332.262639869 26096958191.290474
23 1 18 1.0 38.15436697768484 38.15436697768484
24 1 101 1.0 1.0 1.0
25 0 100 0.0 0.0 0.0
26 1 14 1.0 27.799106543625292 27.799106543625292
27 1 55 1.0 155.85458639063 155.85458639063
28 0 100 0.0 0.0 0.0
29 0 100 0.0 0.0 0.0
30 0 8 0.0 8.0 0.0
31 0 6 0.0 6.0 0.0
32 11 233 942.9223974109915 262961.44645937043 247952237.52213165
33 0 100 0.0 0.0 0.0
34 1 13 1.0 25.320989780782124 25.320989780782124
35 1 104 1.0 5.735193251789799 5.735193251789799
36 0 100 0.0 0.0 0.0
37 0 100 0.0 0.0 0.0
38 0 100 0.0 0.0 0.0
39 27 507 4506.6139001521815 163680648.91778436 737645487598.8162
40 0 100 0.0 0.0 0.0
41 1 31 1.0 75.68293941204132 75.68293941204132
42 0 100 0.0 0.0 0.0
43 0 100 0.0 0.0 0.0
44 0 100 0.0 0.0 0.0
45 0 100 0.0 0.0 0.0
46 0 6 0.0 6.0 0.0
47 3 123 32.9215577265747 145.08021796711313 4776.266770788355
48 32 612 5549.980220652734 868162166.1625402 4818282850521.13
49 0 100 0.0 0.0 0.0
50 0 100 0.0 0.0 0.0
51 7 174 332.66880679862265 30276.0 10071880.7946351
52 1 25 1.0 57.71571011139208 57.71571011139208
53 0 100 0.0 0.0 0.0
54 0 100 0.0 0.0 0.0
55 1 18 1.0 38.15436697768484 38.15436697768484
56 1 103 1.0 3.9914906122521803 3.9914906122521803
57 0 10 0.0 10.0 0.0
58 14 327 1540.4353185285338 1590039.9240702433 2449353656.908231
59 13 352 1331.5823725933528 1372556.0890154762 1827671493.528681
60 25 443 4060.496712466729 69176826.43001583 280892276297.9608
61 0 5 0.0 5.0 0.0
62 12 216 1131.8354418063404 308377.0730000903 349032100.66200334
63 16 221 1979.1134619514044 1066823.7968401734 2111365337.8564973
64 19 370 2668.9360872348193 9357762.159001023 24975269121.918243
65 1 126 1.0 60.63937356224698 60.63937356224698
66 0 100 0.0 0.0 0.0
67 21 446 3136.7198300107975 26517982.165215574 83179480509.50435
68 2 10 9.541850352986048 27.685321443873434 264.16919419175593
69 36 771 6295.82243666837 4171629072.4369903 26263835911706.863
70 16 170 1979.1134619514044 543390.7614875018 1075431971.1599395
71 1 107 1.0 11.607984241186918 11.607984241186918
72 0 100 0.0 0.0 0.0
73 16 470 1979.1134619514044 7425334.6335844 14695579732.820885
74 1 10 1.0 18.1937008646705 18.1937008646705
75 2 20 9.541850352986048 75.23327232919837 717.8646261306569
76 28 528 4724.12231882448 231629575.03398344 1094246445117.8708
77 23 441 3602.4235623004615 42450307.32509759 152923987334.82745
78 1 8 1.0 13.734791927877684 13.734791927877684
79 3 34 32.9215577265747 269.81820202916316 8882.83551378369
80 17 381 2206.0678959513543 5806800.681160317 12810196560.89623
81 0 5 0.0 5.0 0.0
82 7 142 332.66880679862265 20164.0 6707933.820287427
83 0 5 0.0 5.0 0.0
84 8 284 459.67273235884244 51405.657200705115 23629778.904150125
85 11 191 942.9223974109915 166825.62725766937 157303620.40339404
86 3 153 32.9215577265747 545.90532331836 17972.053614869816
87 0 100 0.0 0.0 0.0
88 4 181 75.61186198841948 1834.2709028460106 138692.63835536616
89 1 104 1.0 5.735193251789799 5.735193251789799
90 17 260 2206.0678959513543 2133146.1858255807 4705865317.920896
91 0 100 0.0 0.0 0.0
92 0 100 0.0 0.0 0.0
93 27 551 4506.6139001521815 210741814.63554427 949731991179.8383
94 1 102 1.0 2.3948263510722025 2.3948263510722025
95 1 108 1.0 13.734791927877684 13.734791927877684
96 1 28 1.0 66.57403288693754 66.57403288693754
97 24 522 3832.71054120725 88413128.30408753 338861928832.18536
98 9 218 604.9491004987461 109157.05018253595 66034459.32102162
99 1 21 1.0 46.33316012586883 46.33316012586883
100 19 401 2668.9360872348193 11641821.700147776 31071278056.67782
101 14 390 1540.4353185285338 2455357.9799338575 3782320151.920989
102 30 857 5146.386239304723 1635344323.619531 8416113523600.644
103 5 221 139.6884681067044 6090.769816183153 850810.3052131782
104 0 100 0.0 0.0 0.0
105 32 744 5549.980220652734 1624309453.2563927 9014885337792.236
106 16 333 1979.1134619514044 3061360.12481094 6058779034.894563
107 28 482 4724.12231882448 175053403.771733 826973691744.2373
108 17 334 2206.0678959513543 4112319.3575623785 9072055712.617662
109 9 166 604.9491004987461 60684.51432254732 36711042.35362828
110 23 659 3602.4235623004615 135229846.75627494 487155186281.08545
111 3 81 32.9215577265747 1070.3630949288454 35238.02041809513
112 19 418 2668.9360872348193 13030679.870698791 34778051748.11235
113 35 627 6117.310290426031 1723351694.4979258 10542277054775.299
114 0 100 0.0 0.0 0.0
115 30 638 5146.386239304723 647156643.0581242 3330518042508.9688
116 21 409 3136.7198300107975 20804219.62306283 65257008239.560936
117 9 385 604.9491004987461 194447.75127979444 117630992.23071556
118 29 519 4937.473672561782 273310472.77622056 1349463263768.0027
119 30 637 5146.386239304723 643975521.3127143 3314146761332.8384
120 21 348 3136.7198300107975 13231375.76920928 41503118753.60312
121 24 694 3832.71054120725 203322523.9771254 779276380911.9924
122 15 207 1756.7778603087352 685298.1798703804 1203916670.1061578
123 19 558 2668.9360872348193 28543830.64312287 76181659671.34969
124 38 859 6636.579650383532 8908225270.587835 59120146551815.56
125 21 458 3136.7198300107975 28566019.146759722 89603598722.10934
126 20 387 2902.6872563902634 13781558.815566681 40003555147.1383
127 1 117 1.0 35.503281577765854 35.503281577765854
128 20 528 2902.6872563902634 32474356.373224042 94262900404.03336
129 12 146 1131.8354418063404 122777.26260083505 138963657.25958923
130 20 449 2902.6872563902634 20765698.87149794 60276329484.33475
131 22 414 3370.209833397988 27694967.27902954 93337851059.42088
132 27 545 4506.6139001521815 203850340.6327583 918674778646.3456
133 29 742 4937.473672561782 829874308.3555924 4097482549041.156
134 36 707 6295.82243666837 3125342625.2969294 19676602222620.434
135 31 587 5350.621552679651 616421912.9328707 3298240372882.6377
136 13 370 1331.5823725933528 1547859.4326329508 2061102335.7463856
137 1 120 1.0 43.57075425423803 43.57075425423803
138 2 120 9.541850352986048 75.23327232919837 717.8646261306569
139 19 342 2668.9360872348193 7557968.94642057 20171736067.301987
140 21 595 3136.7198300107975 35513195.160300754 111394943486.35886
141 28 552 4724.12231882448 265525089.2645413 1254373000402.482
142 12 217 1131.8354418063404 311744.51331515337 352843488.9587592
143 15 416 1756.7778603087352 3978337.631132564 6989055471.206788
144 15 303 1756.7778603087352 1789961.1439168123 3144564108.4459534
145 34 843 5933.442745663244 3720283266.2490196 22074087757937.605
146 9 256 604.9491004987461 154310.58695066036 93350050.77323554
147 42 738 7252.650449022947 11167169165.676426 80991574463758.34
148 26 567 4285.277943143774 182284263.0 781138731616.1188
149 27 550 4506.6139001521815 209582550.8321959 944507636809.7252
150 20 318 2902.6872563902634 8016903.960742618 23270564962.552227
151 21 454 3136.7198300107975 27872440.912049267 87428038119.62918
152 32 809 5549.980220652734 2124930415.6581056 11793321777165.879
153 4 161 75.61186198841948 1129.4605717070829 85400.6168692773
154 30 477 5146.386239304723 259564809.7080384 1335820764889.1978
155 11 173 942.9223974109915 132998.42546222862 125407194.18873167
156 27 577 4506.6139001521815 242413065.52885997 1092462090690.8619
157 27 682 4506.6139001521815 402752625.9980571 1815050582645.6372
158 18 379 2436.3877014920204 7600551.732386276 18517890765.339794
159 16 355 1979.1134619514044 3608736.865240595 7142099710.637972
160 30 599 5146.386239304723 530829296.12711394 2731852585008.391
161 6 174 225.58275470837765 3764.5376458742294 849214.7723596997
162 15 436 1756.7778603087352 2322608.812514486 4080307739.983411
163 4 180 75.61186198841948 1795.7178600152838 135777.5710016156
164 34 676 5933.442745663244 1806938189.3186088 10721364291274.377
165 37 794 6468.923834840442 5612097574.842209 36304231765347.01
166 27 537 4506.6139001521815 194899089.14462945 878334944266.1862
167 33 844 5744.298091538941 3021436871.053447 17356034052097.703
168 19 553 2668.9360872348193 27854887.828106705 74342915330.3119
169 27 494 4506.6139001521815 151266077.86504248 681697809128.1027
170 38 727 6636.579650383532 5059041461.378857 33574731613033.484
171 28 593 4724.12231882448 330904438.8626413 1563233045029.0945
172 30 719 5146.386239304723 588522393.13462 3028763545550.6924
173 15 385 1756.7778603087352 1533986.1083700403 2694872833.205643
174 29 784 4937.473672561782 984720439.4201555 4862031244470.487
175 27 564 4506.6139001521815 226205825.78516078 1019422318778.8083
176 34 587 5933.442745663244 1138672463.1223247 6756247865999.655
177 23 639 3602.4235623004615 123727094.47209091 445717400421.2355
178 45 1136 7658.1450374688 88627158477.5927 678719633880137.4
179 12 285 1131.8354418063404 591782.1649457864 669800028.1145267
180 31 598 5350.621552679651 653847941.7056615 3498492889065.541
181 25 489 4060.496712466729 92697265.26857786 376396940877.71674
182 14 319 1540.4353185285338 1495818.2036540436 2304211191.006596
183 12 342 1131.8354418063404 908538.8078809978 1028316423.0161949
184 18 386 2436.3877014920204 7980936.003343732 19444654324.941547
185 40 840 6955.50474228233 12121329300.825327 84309963434656.33
186 30 591 5146.386239304723 508875203.25163203 2618868343537.5933
187 12 244 1131.8354418063404 410726.2989583608 464874582.04301935
188 25 398 4060.496712466729 50366686.34944537 204513764339.7658
189 17 413 2206.0678959513543 7173458.423951596 15825136332.021416
190 14 438 1540.4353185285338 3269153.743982925 5035919888.931086
191 19 323 2668.9360872348193 6471776.791012687 17272758626.062515
192 16 311 1979.1134619514044 2567963.8055407987 5082291737.349753
193 26 492 4285.277943143774 119095488.0 510357267854.344
194 13 226 1331.5823725933528 471776.43428776454 628209183.7025335
195 20 356 2902.6872563902634 10946041.345594658 31772934721.778545
196 26 521 4285.277943143774 141420761.0 606027267815.9072
197 32 710 5549.980220652734 1398006006.029776 7758905681818.983
198 27 525 4506.6139001521815 181972491.98002195 820079761802.4983
199 21 367 3136.7198300107975 15356603.885005329 48169363927.71707
