0 0 6 0.0 6.0 0.0
1 0 100 0.0 0.0 0.0
2 1 8 1.0 13.734791927877684 13.734791927877684
3 1 105 1.0 7.59708563275366 7.59708563275366
4 0 100 0.0 0.0 0.0
5 1 20 1.0 43.57075425423803 43.57075425423803
6 0 10 0.0 10.0 0.0
7 0 100 0.0 0.0 0.0
8 1 15 1.0 30.323695983612147 30.323695983612147
9 1 102 1.0 2.3948263510722025 2.3948263510722025
10 0 5 0.0 5.0 0.0
11 0 100 0.0 0.0 0.0
12 0 11 0.0 11.0 0.0
13 1 20 1.0 43.57075425423803 43.57075425423803
14 1 6 1.0 9.55892689827884 9.55892689827884
15 0 100 0.0 0.0 0.0
16 0 100 0.0 0.0 0.0
17 0 100 0.0 0.0 0.0
18 0 100 0.0 0.0 0.0
19 0 7 0.0 7.0 0.0
20 1 100 1.0 0.0 0.0
21 1 8 1.0 13.734791927877684 13.734791927877684
22 0 6 0.0 6.0 0.0
23 0 100 0.0 0.0 0.0
24 0 6 0.0 6.0 0.0
25 0 100 0.0 0.0 0.0
26 1 105 1.0 7.59708563275366 7.59708563275366
27 0 100 0.0 0.0 0.0
28 2 45 9.541850352986048 242.29532664846576 2311.945748107533
29 3 22 32.9215577265747 135.19579244279535 4450.856085295499
30 0 6 0.0 6.0 0.0
31 0 10 0.0 10.0 0.0
32 2 30 9.541850352986048 135.01359299654277 1288.2794999919763
33 0 100 0.0 0.0 0.0
34 1 104 1.0 5.735193251789799 5.735193251789799
35 1 105 1.0 7.59708563275366 7.59708563275366
36 0 100 0.0 0.0 0.0
37 0 100 0.0 0.0 0.0
38 2 21 9.541850352986048 80.71796600694597 770.1987524356932
39 0 6 0.0 6.0 0.0
40 2 23 9.541850352986048 92.0346545141889 878.1809006631623
41 0 100 0.0 0.0 0.0
42 0 11 0.0 11.0 0.0
43 0 100 0.0 0.0 0.0
44 0 100 0.0 0.0 0.0
45 0 6 0.0 6.0 0.0
46 0 7 0.0 7.0 0.0
47 1 105 1.0 7.59708563275366 7.59708563275366
48 0 5 0.0 5.0 0.0
49 2 14 9.541850352986048 44.97826169706515 429.17584225083993
50 0 5 0.0 5.0 0.0
51 0 100 0.0 0.0 0.0
52 1 104 1.0 5.735193251789799 5.735193251789799
53 0 5 0.0 5.0 0.0
54 0 10 0.0 10.0 0.0
55 2 17 9.541850352986048 59.51335422080222 567.8675199791454
56 2 30 9.541850352986048 135.01359299654277 1288.2794999919763
57 0 6 0.0 6.0 0.0
58 0 100 0.0 0.0 0.0
59 0 100 0.0 0.0 0.0
60 2 13 9.541850352986048 40.41888428935346 385.6709453236695
61 1 13 1.0 25.320989780782124 25.320989780782124
62 0 10 0.0 10.0 0.0
63 0 100 0.0 0.0 0.0
64 0 100 0.0 0.0 0.0
65 3 30 32.9215577265747 221.1993434691573 7282.2269551002855
66 0 5 0.0 5.0 0.0
67 0 5 0.0 5.0 0.0
68 1 105 1.0 7.59708563275366 7.59708563275366
69 1 5 1.0 7.59708563275366 7.59708563275366
70 2 36 9.541850352986048 175.6210676402407 1675.7499462548174
71 0 100 0.0 0.0 0.0
72 0 100 0.0 0.0 0.0
73 0 5 0.0 5.0 0.0
74 0 5 0.0 5.0 0.0
75 0 6 0.0 6.0 0.0
76 0 100 0.0 0.0 0.0
77 0 12 0.0 12.0 0.0
78 1 8 1.0 13.734791927877684 13.734791927877684
79 2 25 9.541850352986048 103.79546451213633 990.4007896934788
80 0 100 0.0 0.0 0.0
81 2 11 9.541850352986048 31.76494829034237 303.0963830567869
82 0 11 0.0 11.0 0.0
83 2 33 9.541850352986048 154.90879557685506 1478.1165457556579
84 0 100 0.0 0.0 0.0
85 0 100 0.0 0.0 0.0
86 0 100 0.0 0.0 0.0
87 1 9 1.0 15.931997307697284 15.931997307697284
88 2 42 9.541850352986048 219.34644070399202 2092.9709126576195
89 0 100 0.0 0.0 0.0
90 0 100 0.0 0.0 0.0
91 1 22 1.0 49.12998068819353 49.12998068819353
92 0 7 0.0 7.0 0.0
93 2 15 9.541850352986048 49.68406405407534 474.0779041321602
94 1 104 1.0 5.735193251789799 5.735193251789799
95 0 10 0.0 10.0 0.0
96 1 5 1.0 7.59708563275366 7.59708563275366
97 2 23 9.541850352986048 92.0346545141889 878.1809006631623
98 0 100 0.0 0.0 0.0
99 1 101 1.0 1.0 1.0
100 1 104 1.0 5.735193251789799 5.735193251789799
101 1 7 1.0 11.607984241186918 11.607984241186918
102 1 5 1.0 7.59708563275366 7.59708563275366
103 1 34 1.0 85.02419427196995 85.02419427196995
104 1 8 1.0 13.734791927877684 13.734791927877684
105 2 22 9.541850352986048 86.31942417916456 823.6470280735138
106 0 100 0.0 0.0 0.0
107 1 32 1.0 78.7716859795011 78.7716859795011
108 0 14 0.0 14.0 0.0
109 2 26 9.541850352986048 109.8359986590007 1048.0386625749609
110 1 32 1.0 78.7716859795011 78.7716859795011
111 1 21 1.0 46.33316012586883 46.33316012586883
112 0 100 0.0 0.0 0.0
113 1 10 1.0 18.1937008646705 18.1937008646705
114 2 43 9.541850352986048 226.91812071099523 2165.21875020514
115 2 36 9.541850352986048 175.6210676402407 1675.7499462548174
116 1 10 1.0 18.1937008646705 18.1937008646705
117 1 6 1.0 9.55892689827884 9.55892689827884
118 1 18 1.0 38.15436697768484 38.15436697768484
119 0 100 0.0 0.0 0.0
120 2 26 9.541850352986048 109.8359986590007 1048.0386625749609
121 0 100 0.0 0.0 0.0
122 0 100 0.0 0.0 0.0
123 2 24 9.541850352986048 97.86086952638261 933.7737724338355
124 0 8 0.0 8.0 0.0
125 1 111 1.0 20.51504931294799 20.51504931294799
126 1 23 1.0 51.960050539976365 51.960050539976365
127 1 112 1.0 22.891970023971037 22.891970023971037
128 3 33 32.9215577265747 257.33012181535685 8471.708460130769
129 1 100 1.0 0.0 0.0
130 0 10 0.0 10.0 0.0
131 0 100 0.0 0.0 0.0
132 2 31 9.541850352986048 141.5519192260369 1350.6672304328126
133 0 100 0.0 0.0 0.0
134 2 14 9.541850352986048 44.97826169706515 429.17584225083993
135 1 30 1.0 72.61998620345668 72.61998620345668
136 1 116 1.0 32.892441635375256 32.892441635375256
137 2 31 9.541850352986048 141.5519192260369 1350.6672304328126
138 0 100 0.0 0.0 0.0
139 2 25 9.541850352986048 103.79546451213633 990.4007896934788
140 0 100 0.0 0.0 0.0
141 2 19 9.541850352986048 69.8685662777562 666.6754038000371
142 1 17 1.0 35.503281577765854 35.503281577765854
143 2 38 9.541850352986048 189.8638195218893 1811.6521533242187
144 3 15 32.9215577265747 73.60859052492496 2423.3094621381165
145 2 12 9.541850352986048 36.01211998010309 343.62225974392254
146 1 18 1.0 38.15436697768484 38.15436697768484
147 1 101 1.0 1.0 1.0
148 0 5 0.0 5.0 0.0
149 2 19 9.541850352986048 69.8685662777562 666.6754038000371
150 0 100 0.0 0.0 0.0
151 2 10 9.541850352986048 27.685321443873434 264.16919419175593
152 1 10 1.0 18.1937008646705 18.1937008646705
153 1 16 1.0 32.892441635375256 32.892441635375256
154 3 21 32.9215577265747 125.57185196799401 4134.020973397207
155 2 7 9.541850352986048 16.551687764173284 157.9337277350917
156 1 9 1.0 15.931997307697284 15.931997307697284
157 1 10 1.0 18.1937008646705 18.1937008646705
158 2 24 9.541850352986048 97.86086952638261 933.7737724338355
159 3 33 32.9215577265747 257.33012181535685 8471.708460130769
160 1 28 1.0 66.57403288693754 66.57403288693754
161 2 47 9.541850352986048 257.9778488812911 2461.586028410529
162 0 5 0.0 5.0 0.0
163 3 34 32.9215577265747 269.81820202916316 8882.83551378369
164 2 24 9.541850352986048 97.86086952638261 933.7737724338355
165 1 20 1.0 43.57075425423803 43.57075425423803
166 3 42 32.9215577265747 377.3528472077043 12423.04354263576
167 1 110 1.0 18.1937008646705 18.1937008646705
168 2 23 9.541850352986048 92.0346545141889 878.1809006631623
169 1 15 1.0 30.323695983612147 30.323695983612147
170 1 19 1.0 40.84402933782601 40.84402933782601
171 0 5 0.0 5.0 0.0
172 2 15 9.541850352986048 49.68406405407534 474.0779041321602
173 1 25 1.0 57.71571011139208 57.71571011139208
174 1 20 1.0 43.57075425423803 43.57075425423803
175 1 16 1.0 32.892441635375256 32.892441635375256
176 1 11 1.0 20.51504931294799 20.51504931294799
177 2 24 9.541850352986048 97.86086952638261 933.7737724338355
178 2 23 9.541850352986048 92.0346545141889 878.1809006631623
179 1 106 1.0 9.55892689827884 9.55892689827884
180 2 19 9.541850352986048 69.8685662777562 666.6754038000371
181 2 38 9.541850352986048 189.8638195218893 1811.6521533242187
182 2 21 9.541850352986048 80.71796600694597 770.1987524356932
183 0 5 0.0 5.0 0.0
184 1 15 1.0 30.323695983612147 30.323695983612147
185 2 20 9.541850352986048 75.23327232919837 717.8646261306569
186 1 8 1.0 13.734791927877684 13.734791927877684
187 2 31 9.541850352986048 141.5519192260369 1350.6672304328126
188 2 36 9.541850352986048 175.6210676402407 1675.7499462548174
189 1 6 1.0 9.55892689827884 9.55892689827884
190 0 9 0.0 9.0 0.0
191 2 35 9.541850352986048 168.62869283493262 1609.0297522505775
192 3 33 32.9215577265747 257.33012181535685 8471.708460130769
193 2 32 9.541850352986048 148.1842032776824 1413.95149235211
194 1 33 1.0 81.88562674252243 81.88562674252243
195 1 109 1.0 15.931997307697284 15.931997307697284
196 2 31 9.541850352986048 141.5519192260369 1350.6672304328126
197 1 19 1.0 40.84402933782601 40.84402933782601
198 1 114 1.0 27.799106543625292 27.799106543625292
199 1 15 1.0 30.323695983612147 30.323695983612147
