0 0 7 0.0 7.0 0.0
1 2 7 9.541850352986048 16.551687764173284 157.9337277350917
2 2 20 9.541850352986048 75.23327232919837 717.8646261306569
3 0 100 0.0 0.0 0.0
4 0 10 0.0 10.0 0.0
5 0 100 0.0 0.0 0.0
6 0 7 0.0 7.0 0.0
7 1 13 1.0 25.320989780782124 25.320989780782124
8 0 7 0.0 7.0 0.0
9 0 100 0.0 0.0 0.0
10 0 10 0.0 10.0 0.0
11 0 100 0.0 0.0 0.0
12 0 10 0.0 10.0 0.0
13 0 100 0.0 0.0 0.0
14 0 11 0.0 11.0 0.0
15 0 100 0.0 0.0 0.0
16 0 100 0.0 0.0 0.0
17 0 12 0.0 12.0 0.0
18 0 5 0.0 5.0 0.0
19 0 8 0.0 8.0 0.0
20 0 100 0.0 0.0 0.0
21 1 101 1.0 1.0 1.0
22 0 6 0.0 6.0 0.0
23 0 10 0.0 10.0 0.0
24 2 35 9.541850352986048 168.62869283493262 1609.0297522505775
25 0 100 0.0 0.0 0.0
26 0 100 0.0 0.0 0.0
27 0 100 0.0 0.0 0.0
28 0 5 0.0 5.0 0.0
29 1 103 1.0 3.9914906122521803 3.9914906122521803
30 1 8 1.0 13.734791927877684 13.734791927877684
31 0 100 0.0 0.0 0.0
32 0 5 0.0 5.0 0.0
33 0 10 0.0 10.0 0.0
34 0 100 0.0 0.0 0.0
35 0 100 0.0 0.0 0.0
36 0 11 0.0 11.0 0.0
37 0 10 0.0 10.0 0.0
38 0 100 0.0 0.0 0.0
39 0 100 0.0 0.0 0.0
40 0 10 0.0 10.0 0.0
41 1 101 1.0 1.0 1.0
42 0 13 0.0 13.0 0.0
43 0 5 0.0 5.0 0.0
44 0 100 0.0 0.0 0.0
45 0 100 0.0 0.0 0.0
46 0 8 0.0 8.0 0.0
47 0 6 0.0 6.0 0.0
48 0 100 0.0 0.0 0.0
49 0 100 0.0 0.0 0.0
50 0 100 0.0 0.0 0.0
51 0 5 0.0 5.0 0.0
52 1 11 1.0 20.51504931294799 20.51504931294799
53 1 17 1.0 35.503281577765854 35.503281577765854
54 0 100 0.0 0.0 0.0
55 0 100 0.0 0.0 0.0
56 0 10 0.0 10.0 0.0
57 0 8 0.0 8.0 0.0
58 0 100 0.0 0.0 0.0
59 0 100 0.0 0.0 0.0
60 0 5 0.0 5.0 0.0
61 0 7 0.0 7.0 0.0
62 0 5 0.0 5.0 0.0
63 1 7 1.0 11.607984241186918 11.607984241186918
64 0 100 0.0 0.0 0.0
65 0 100 0.0 0.0 0.0
66 0 100 0.0 0.0 0.0
67 0 5 0.0 5.0 0.0
68 0 6 0.0 6.0 0.0
69 0 7 0.0 7.0 0.0
70 0 10 0.0 10.0 0.0
71 1 101 1.0 1.0 1.0
72 0 100 0.0 0.0 0.0
73 0 8 0.0 8.0 0.0
74 0 6 0.0 6.0 0.0
75 0 100 0.0 0.0 0.0
76 0 100 0.0 0.0 0.0
77 0 100 0.0 0.0 0.0
78 2 23 9.541850352986048 92.0346545141889 878.1809006631623
79 0 5 0.0 5.0 0.0
80 1 28 1.0 66.57403288693754 66.57403288693754
81 0 100 0.0 0.0 0.0
82 0 100 0.0 0.0 0.0
83 0 7 0.0 7.0 0.0
84 0 100 0.0 0.0 0.0
85 0 100 0.0 0.0 0.0
86 0 100 0.0 0.0 0.0
87 1 11 1.0 20.51504931294799 20.51504931294799
88 1 104 1.0 5.735193251789799 5.735193251789799
89 0 100 0.0 0.0 0.0
90 0 10 0.0 10.0 0.0
91 0 100 0.0 0.0 0.0
92 0 10 0.0 10.0 0.0
93 3 24 32.9215577265747 155.22039240905832 5110.09710903639
94 0 100 0.0 0.0 0.0
95 3 29 32.9215577265747 209.61005902119368 6900.689658136957
96 0 100 0.0 0.0 0.0
97 0 100 0.0 0.0 0.0
98 0 5 0.0 5.0 0.0
99 1 104 1.0 5.735193251789799 5.735193251789799
100 0 6 0.0 6.0 0.0
101 0 5 0.0 5.0 0.0
102 0 100 0.0 0.0 0.0
103 0 100 0.0 0.0 0.0
104 1 101 1.0 1.0 1.0
105 0 100 0.0 0.0 0.0
106 0 100 0.0 0.0 0.0
107 0 6 0.0 6.0 0.0
108 0 6 0.0 6.0 0.0
109 1 17 1.0 35.503281577765854 35.503281577765854
110 0 100 0.0 0.0 0.0
111 0 100 0.0 0.0 0.0
112 0 100 0.0 0.0 0.0
113 0 100 0.0 0.0 0.0
114 0 6 0.0 6.0 0.0
115 0 5 0.0 5.0 0.0
116 1 105 1.0 7.59708563275366 7.59708563275366
117 1 10 1.0 18.1937008646705 18.1937008646705
118 0 100 0.0 0.0 0.0
119 0 100 0.0 0.0 0.0
120 0 100 0.0 0.0 0.0
121 1 12 1.0 22.891970023971037 22.891970023971037
122 0 6 0.0 6.0 0.0
123 0 100 0.0 0.0 0.0
124 0 5 0.0 5.0 0.0
125 0 100 0.0 0.0 0.0
126 0 5 0.0 5.0 0.0
127 0 100 0.0 0.0 0.0
128 0 6 0.0 6.0 0.0
129 0 100 0.0 0.0 0.0
130 1 10 1.0 18.1937008646705 18.1937008646705
131 1 9 1.0 15.931997307697284 15.931997307697284
132 0 100 0.0 0.0 0.0
133 0 5 0.0 5.0 0.0
134 2 37 9.541850352986048 182.69988024795316 1743.2949168344405
135 0 11 0.0 11.0 0.0
136 1 16 1.0 32.892441635375256 32.892441635375256
137 2 13 9.541850352986048 40.41888428935346 385.6709453236695
138 0 6 0.0 6.0 0.0
139 0 10 0.0 10.0 0.0
140 2 22 9.541850352986048 86.31942417916456 823.6470280735138
141 0 5 0.0 5.0 0.0
142 0 100 0.0 0.0 0.0
143 3 26 32.9215577265747 176.25042831919396 5802.438650243859
144 1 14 1.0 27.799106543625292 27.799106543625292
145 0 5 0.0 5.0 0.0
146 2 31 9.541850352986048 141.5519192260369 1350.6672304328126
147 2 16 9.541850352986048 54.53075711894446 520.3243240639966
148 0 100 0.0 0.0 0.0
149 0 100 0.0 0.0 0.0
150 0 100 0.0 0.0 0.0
151 0 10 0.0 10.0 0.0
152 2 16 9.541850352986048 54.53075711894446 520.3243240639966
153 0 6 0.0 6.0 0.0
154 0 100 0.0 0.0 0.0
155 2 36 9.541850352986048 175.6210676402407 1675.7499462548174
156 1 104 1.0 5.735193251789799 5.735193251789799
157 1 18 1.0 38.15436697768484 38.15436697768484
158 2 16 9.541850352986048 54.53075711894446 520.3243240639966
159 2 12 9.541850352986048 36.01211998010309 343.62225974392254
160 1 103 1.0 3.9914906122521803 3.9914906122521803
161 0 100 0.0 0.0 0.0
162 0 16 0.0 16.0 0.0
163 0 100 0.0 0.0 0.0
164 0 12 0.0 12.0 0.0
165 0 100 0.0 0.0 0.0
166 2 20 9.541850352986048 75.23327232919837 717.8646261306569
167 0 10 0.0 10.0 0.0
168 0 100 0.0 0.0 0.0
169 0 100 0.0 0.0 0.0
170 1 21 1.0 46.33316012586883 46.33316012586883
171 0 100 0.0 0.0 0.0
172 2 10 9.541850352986048 27.685321443873434 264.16919419175593
173 0 5 0.0 5.0 0.0
174 0 5 0.0 5.0 0.0
175 0 100 0.0 0.0 0.0
176 0 100 0.0 0.0 0.0
177 0 5 0.0 5.0 0.0
178 0 5 0.0 5.0 0.0
179 2 14 9.541850352986048 44.97826169706515 429.17584225083993
180 0 100 0.0 0.0 0.0
181 0 5 0.0 5.0 0.0
182 0 100 0.0 0.0 0.0
183 0 100 0.0 0.0 0.0
184 0 100 0.0 0.0 0.0
185 0 100 0.0 0.0 0.0
186 2 12 9.541850352986048 36.01211998010309 343.62225974392254
187 2 17 9.541850352986048 59.51335422080222 567.8675199791454
188 0 5 0.0 5.0 0.0
189 0 100 0.0 0.0 0.0
190 0 100 0.0 0.0 0.0
191 0 100 0.0 0.0 0.0
192 0 100 0.0 0.0 0.0
193 0 10 0.0 10.0 0.0
194 1 109 1.0 15.931997307697284 15.931997307697284
195 0 100 0.0 0.0 0.0
196 0 8 0.0 8.0 0.0
197 1 12 1.0 22.891970023971037 22.891970023971037
198 0 100 0.0 0.0 0.0
199 1 5 1.0 7.59708563275366 7.59708563275366
