0 6 207 225.58275470837765 7622.045029127996 1719401.9141819899
1 1 106 1.0 9.55892689827884 9.55892689827884
2 3 42 32.9215577265747 377.3528472077043 12423.04354263576
3 0 100 0.0 0.0 0.0
4 0 100 0.0 0.0 0.0
5 0 100 0.0 0.0 0.0
6 0 5 0.0 5.0 0.0
7 2 10 9.541850352986048 27.685321443873434 264.16919419175593
8 0 100 0.0 0.0 0.0
9 2 126 9.541850352986048 109.8359986590007 1048.0386625749609
10 1 16 1.0 32.892441635375256 32.892441635375256
11 0 100 0.0 0.0 0.0
12 6 77 225.58275470837765 4061.8785529685815 916289.7532695315
13 0 5 0.0 5.0 0.0
14 3 94 32.9215577265747 1355.6426709526093 44629.86844837423
15 3 60 32.9215577265747 664.7206420100937 21883.638987981092
16 0 100 0.0 0.0 0.0
17 0 100 0.0 0.0 0.0
18 0 5 0.0 5.0 0.0
19 5 156 139.6884681067044 1501.9949206988383 209811.36957647165
20 1 7 1.0 11.607984241186918 11.607984241186918
21 0 100 0.0 0.0 0.0
22 1 10 1.0 18.1937008646705 18.1937008646705
23 0 100 0.0 0.0 0.0
24 8 110 459.67273235884244 17630.632823740572 8104321.163304322
25 0 100 0.0 0.0 0.0
26 1 14 1.0 27.799106543625292 27.799106543625292
27 2 17 9.541850352986048 59.51335422080222 567.8675199791454
28 0 10 0.0 10.0 0.0
29 5 53 139.6884681067044 1358.9929081032851 189835.63750082318
30 0 6 0.0 6.0 0.0
31 2 11 9.541850352986048 31.76494829034237 303.0963830567869
32 0 10 0.0 10.0 0.0
33 1 9 1.0 15.931997307697284 15.931997307697284
34 0 5 0.0 5.0 0.0
35 2 122 9.541850352986048 86.31942417916456 823.6470280735138
36 0 100 0.0 0.0 0.0
37 3 28 32.9215577265747 198.25318874016915 6526.8037975869875
38 0 100 0.0 0.0 0.0
39 5 93 139.6884681067044 3775.468945982596 527389.4734487426
40 6 63 225.58275470837765 2767.0349550527303 624195.3675351668
41 0 6 0.0 6.0 0.0
42 0 100 0.0 0.0 0.0
43 1 104 1.0 5.735193251789799 5.735193251789799
44 2 117 9.541850352986048 59.51335422080222 567.8675199791454
45 0 10 0.0 10.0 0.0
46 0 100 0.0 0.0 0.0
47 1 104 1.0 5.735193251789799 5.735193251789799
48 0 5 0.0 5.0 0.0
49 1 13 1.0 25.320989780782124 25.320989780782124
50 1 10 1.0 18.1937008646705 18.1937008646705
51 4 78 75.61186198841948 1719.6349352173313 130024.79939211752
52 0 9 0.0 9.0 0.0
53 0 100 0.0 0.0 0.0
54 1 18 1.0 38.15436697768484 38.15436697768484
55 0 100 0.0 0.0 0.0
56 0 10 0.0 10.0 0.0
57 0 100 0.0 0.0 0.0
58 6 55 225.58275470837765 2133.9982456992793 481393.20280768874
59 0 100 0.0 0.0 0.0
60 0 100 0.0 0.0 0.0
61 0 100 0.0 0.0 0.0
62 7 121 332.66880679862265 14641.0 4870604.0003386345
63 0 100 0.0 0.0 0.0
64 1 6 1.0 9.55892689827884 9.55892689827884
65 0 100 0.0 0.0 0.0
66 2 27 9.541850352986048 115.98017876588344 1106.66550969663
67 0 100 0.0 0.0 0.0
68 1 15 1.0 30.323695983612147 30.323695983612147
69 0 100 0.0 0.0 0.0
70 0 100 0.0 0.0 0.0
71 1 19 1.0 40.84402933782601 40.84402933782601
72 2 10 9.541850352986048 27.685321443873434 264.16919419175593
73 3 41 32.9215577265747 363.1907597716439 11956.805563580698
74 3 28 32.9215577265747 198.25318874016915 6526.8037975869875
75 1 21 1.0 46.33316012586883 46.33316012586883
76 5 29 139.6884681067044 454.311276802203 63462.04630010069
77 6 111 225.58275470837765 8176.399536993932 1844454.7311513948
78 3 78 32.9215577265747 1008.1216991286578 33188.93671327668
79 0 100 0.0 0.0 0.0
80 1 104 1.0 5.735193251789799 5.735193251789799
81 0 100 0.0 0.0 0.0
82 1 13 1.0 25.320989780782124 25.320989780782124
83 5 182 139.6884681067044 3003.520233876968 419557.14039776416
84 4 57 75.61186198841948 1005.7817905983286 76049.03394118624
85 1 9 1.0 15.931997307697284 15.931997307697284
86 0 100 0.0 0.0 0.0
87 5 73 139.6884681067044 2431.5451615879456 339658.8187544891
88 7 92 332.66880679862265 8464.0 2815708.780743542
89 0 5 0.0 5.0 0.0
90 8 118 459.67273235884244 20402.728323412415 9378577.87599813
91 0 9 0.0 9.0 0.0
92 9 149 604.9491004987461 48082.59347517662 29087521.672454976
93 0 5 0.0 5.0 0.0
94 0 5 0.0 5.0 0.0
95 5 73 139.6884681067044 2431.5451615879456 339658.8187544891
96 0 5 0.0 5.0 0.0
97 9 116 604.9491004987461 28037.540124113097 16961284.67827972
98 0 100 0.0 0.0 0.0
99 4 53 75.61186198841948 888.1171619831025 67152.19228141312
100 1 111 1.0 20.51504931294799 20.51504931294799
101 5 51 139.6884681067044 1267.2460047423704 177019.65311680315
102 3 25 32.9215577265747 165.61186212092687 5452.200479019623
103 0 5 0.0 5.0 0.0
104 0 100 0.0 0.0 0.0
105 5 110 139.6884681067044 5122.201821660722 715512.5258011569
106 0 100 0.0 0.0 0.0
107 4 112 75.61186198841948 3192.372259230475 241381.21068059356
108 4 33 75.61186198841948 395.0229353848392 29868.419672578806
109 3 35 32.9215577265747 282.5239294230334 9301.12785163911
110 5 76 139.6884681067044 2616.164871066153 365448.0631538047
111 1 28 1.0 66.57403288693754 66.57403288693754
112 5 64 139.6884681067044 1914.4623288244568 267428.3099614821
113 3 32 32.9215577265747 245.06238675558936 8067.83551218631
114 3 137 32.9215577265747 308.57807572808247 10158.870933237406
115 0 100 0.0 0.0 0.0
116 0 100 0.0 0.0 0.0
117 6 148 225.58275470837765 1644.745810135621 371026.29064545565
118 0 100 0.0 0.0 0.0
119 5 155 139.6884681067044 1453.6132803589628 203053.01235290492
120 4 43 75.61186198841948 621.143248020611 46965.797544373054
121 2 32 9.541850352986048 148.1842032776824 1413.95149235211
122 2 21 9.541850352986048 80.71796600694597 770.1987524356932
123 7 85 332.66880679862265 7225.0 2403532.1291200486
124 5 158 139.6884681067044 1600.889370701534 223625.7838016033
125 8 121 459.67273235884244 21496.519829988905 9881364.00645704
126 3 37 32.9215577265747 308.57807572808247 10158.870933237406
127 4 43 75.61186198841948 621.143248020611 46965.797544373054
128 2 32 9.541850352986048 148.1842032776824 1413.95149235211
129 10 90 766.6651705632711 22191.999458763104 17013833.050192636
130 7 141 332.66880679862265 19881.0 6613788.547963417
131 1 106 1.0 9.55892689827884 9.55892689827884
132 2 39 9.541850352986048 197.11162840858907 1880.8096611081503
133 2 37 9.541850352986048 182.69988024795316 1743.2949168344405
134 3 36 32.9215577265747 295.444715883087 9726.500268956508
135 10 133 766.6651705632711 52893.67773024879 40551740.45877988
136 6 186 225.58275470837765 5018.366904356723 1132057.0304221432
137 0 100 0.0 0.0 0.0
138 7 104 332.66880679862265 10816.0 3598145.8143339027
139 5 44 139.6884681067044 969.0623078155637 135366.82927870372
140 2 139 9.541850352986048 197.11162840858907 1880.8096611081503
141 5 128 139.6884681067044 426.24633698085364 59541.697848949545
142 9 169 604.9491004987461 63071.970849882 38155332.03231925
143 10 146 766.6651705632711 65084.513101468925 49898029.33796512
144 0 100 0.0 0.0 0.0
145 5 165 139.6884681067044 10701.28028935428 1494845.4504003697
146 8 183 459.67273235884244 50826.23173042914 23363432.81503006
147 5 122 139.6884681067044 6182.546797919655 863630.491199407
148 4 30 75.61186198841948 335.61535000671915 25376.501525903146
149 1 104 1.0 5.735193251789799 5.735193251789799
150 8 101 459.67273235884244 14762.38290447426 6785864.885827147
151 5 87 139.6884681067044 3344.5706484424895 467197.95035557833
152 6 88 225.58275470837765 5243.986173197856 1182952.846602616
153 4 202 75.61186198841948 2720.557944067154 205706.4517983039
154 5 194 139.6884681067044 3849.5614363989175 537739.3399332094
155 8 109 459.67273235884244 17298.876533787272 7951821.843024257
156 11 170 942.9223974109915 127777.17882671817 120483963.79370208
157 8 129 459.67273235884244 24558.59479359431 11288916.371665139
158 5 222 139.6884681067044 6182.546797919655 863630.491199407
159 11 210 942.9223974109915 207278.85551015017 195447875.3702373
160 4 77 75.61186198841948 1682.1075637745857 127187.28496180048
161 6 99 225.58275470837765 6569.204673563341 1481899.2865055674
162 10 167 766.6651705632711 87756.07261047284 67279524.37587096
163 5 80 139.6884681067044 2871.732646582133 401147.9342130701
164 7 55 332.66880679862265 3025.0 1006323.1405658335
165 8 86 459.67273235884244 10566.202609933729 4856995.224365369
166 7 155 332.66880679862265 3025.0 1006323.1405658335
167 5 123 139.6884681067044 6274.940542472304 876536.8318386087
168 2 28 9.541850352986048 122.22584512913716 1166.2607234894754
169 5 63 139.6884681067044 1860.4532693243248 259883.86717602485
170 3 132 32.9215577265747 245.06238675558936 8067.83551218631
171 5 121 139.6884681067044 6090.769816183153 850810.3052131782
172 6 169 225.58275470837765 3293.0002682054314 742844.0717572076
173 4 73 75.61186198841948 1535.4556318691968 116098.65932623514
174 7 105 332.66880679862265 11025.0 3667673.5949548148
175 8 151 459.67273235884244 34076.47778705137 15664027.653539306
176 1 106 1.0 9.55892689827884 9.55892689827884
177 5 157 139.6884681067044 1551.0877169304622 216669.0670771418
178 10 116 766.6651705632711 39022.35413079504 29917079.785466347
179 4 73 75.61186198841948 1535.4556318691968 116098.65932623514
180 4 74 75.61186198841948 1571.597319835911 118831.39964880285
181 5 102 139.6884681067044 4465.486028292682 623776.9026440964
182 6 196 225.58275470837765 6193.675591281851 1397186.4016513997
183 8 198 459.67273235884244 59876.459040592905 27523575.531161655
184 10 103 766.6651705632711 29957.799739783 22967601.647201054
185 6 96 225.58275470837765 6193.675591281851 1397186.4016513997
186 5 54 139.6884681067044 1405.9451433371921 196394.3233148333
187 7 105 332.66880679862265 11025.0 3667673.5949548148
188 6 95 225.58275470837765 6070.84515091352 1369477.9725510685
189 8 226 459.67273235884244 23385.5071842533 10749679.984983055
190 4 52 75.61186198841948 859.6554919481086 65000.15241476724
191 5 190 139.6884681067044 3557.085524945249 496883.82790413423
192 5 83 139.6884681067044 3070.409639894098 428900.8190568644
193 1 104 1.0 5.735193251789799 5.735193251789799
194 3 48 32.9215577265747 466.4489382157433 15356.225645969067
195 7 109 332.66880679862265 11881.0 3952438.093574436
196 4 69 75.61186198841948 1394.4010936602072 105433.26305033677
197 5 77 139.6884681067044 2679.0520099722326 374232.6712512085
198 8 238 459.67273235884244 28257.118371009565 12989026.81018921
199 5 189 139.6884681067044 3485.593399577667 486897.20242984424
