0 0 100 0.0 0.0 0.0
1 0 6 0.0 6.0 0.0
2 0 6 0.0 6.0 0.0
3 0 100 0.0 0.0 0.0
4 3 25 32.9215577265747 165.61186212092687 5452.200479019623
5 1 104 1.0 5.735193251789799 5.735193251789799
6 2 32 9.541850352986048 148.1842032776824 1413.95149235211
7 2 33 9.541850352986048 154.90879557685506 1478.1165457556579
8 0 5 0.0 5.0 0.0
9 0 6 0.0 6.0 0.0
10 3 44 32.9215577265747 406.27351121486885 13375.156852238497
11 3 39 32.9215577265747 335.47304520277595 11044.29522335299
12 1 104 1.0 5.735193251789799 5.735193251789799
13 3 70 32.9215577265747 849.0056290582019 27950.587827226456
14 0 5 0.0 5.0 0.0
15 1 108 1.0 13.734791927877684 13.734791927877684
16 0 10 0.0 10.0 0.0
17 1 7 1.0 11.607984241186918 11.607984241186918
18 0 5 0.0 5.0 0.0
19 0 5 0.0 5.0 0.0
20 0 100 0.0 0.0 0.0
21 0 100 0.0 0.0 0.0
22 1 35 1.0 88.18685030395203 88.18685030395203
23 0 11 0.0 11.0 0.0
24 1 103 1.0 3.9914906122521803 3.9914906122521803
25 0 100 0.0 0.0 0.0
26 0 10 0.0 10.0 0.0
27 0 100 0.0 0.0 0.0
28 0 6 0.0 6.0 0.0
29 0 6 0.0 6.0 0.0
30 0 100 0.0 0.0 0.0
31 0 100 0.0 0.0 0.0
32 0 5 0.0 5.0 0.0
33 2 32 9.541850352986048 148.1842032776824 1413.95149235211
34 0 100 0.0 0.0 0.0
35 1 14 1.0 27.799106543625292 27.799106543625292
36 2 39 9.541850352986048 197.11162840858907 1880.8096611081503
37 0 5 0.0 5.0 0.0
38 0 100 0.0 0.0 0.0
39 0 6 0.0 6.0 0.0
40 4 59 75.61186198841948 1066.8769814059906 80668.55507669134
41 0 5 0.0 5.0 0.0
42 1 11 1.0 20.51504931294799 20.51504931294799
43 0 6 0.0 6.0 0.0
44 0 7 0.0 7.0 0.0
45 2 7 9.541850352986048 16.551687764173284 157.9337277350917
46 2 10 9.541850352986048 27.685321443873434 264.16919419175593
47 2 28 9.541850352986048 122.22584512913716 1166.2607234894754
48 0 11 0.0 11.0 0.0
49 2 21 9.541850352986048 80.71796600694597 770.1987524356932
50 0 100 0.0 0.0 0.0
51 2 13 9.541850352986048 40.41888428935346 385.6709453236695
52 0 100 0.0 0.0 0.0
53 0 100 0.0 0.0 0.0
54 0 100 0.0 0.0 0.0
55 0 5 0.0 5.0 0.0
56 0 8 0.0 8.0 0.0
57 0 100 0.0 0.0 0.0
58 2 26 9.541850352986048 109.8359986590007 1048.0386625749609
59 3 51 32.9215577265747 513.5688732735056 16907.48730804564
60 0 5 0.0 5.0 0.0
61 0 7 0.0 7.0 0.0
62 0 100 0.0 0.0 0.0
63 0 100 0.0 0.0 0.0
64 1 106 1.0 9.55892689827884 9.55892689827884
65 1 8 1.0 13.734791927877684 13.734791927877684
66 0 100 0.0 0.0 0.0
67 0 5 0.0 5.0 0.0
68 0 100 0.0 0.0 0.0
69 0 100 0.0 0.0 0.0
70 1 7 1.0 11.607984241186918 11.607984241186918
71 2 50 9.541850352986048 282.0582186126376 2691.3573128316116
72 0 5 0.0 5.0 0.0
73 0 100 0.0 0.0 0.0
74 0 8 0.0 8.0 0.0
75 2 42 9.541850352986048 219.34644070399202 2092.9709126576195
76 3 31 32.9215577265747 233.0178128969552 7671.309378607293
77 1 8 1.0 13.734791927877684 13.734791927877684
78 2 40 9.541850352986048 204.4421003683832 1950.7559275652661
79 0 100 0.0 0.0 0.0
80 0 5 0.0 5.0 0.0
81 1 9 1.0 15.931997307697284 15.931997307697284
82 0 5 0.0 5.0 0.0
83 0 100 0.0 0.0 0.0
84 0 100 0.0 0.0 0.0
85 2 33 9.541850352986048 154.90879557685506 1478.1165457556579
86 0 100 0.0 0.0 0.0
87 1 19 1.0 40.84402933782601 40.84402933782601
88 1 10 1.0 18.1937008646705 18.1937008646705
89 1 18 1.0 38.15436697768484 38.15436697768484
90 0 10 0.0 10.0 0.0
91 3 14 32.9215577265747 65.97278979840442 2171.9270077313495
92 3 45 32.9215577265747 421.0282951259743 13860.907322511091
93 1 27 1.0 63.59241768810072 63.59241768810072
94 1 8 1.0 13.734791927877684 13.734791927877684
95 0 100 0.0 0.0 0.0
96 0 7 0.0 7.0 0.0
97 0 5 0.0 5.0 0.0
98 1 19 1.0 40.84402933782601 40.84402933782601
99 0 5 0.0 5.0 0.0
100 0 11 0.0 11.0 0.0
101 1 102 1.0 2.3948263510722025 2.3948263510722025
102 2 58 9.541850352986048 349.384203814786 3333.771788497865
103 1 18 1.0 38.15436697768484 38.15436697768484
104 2 52 9.541850352986048 298.47302352672085 2847.984924895254
105 1 20 1.0 43.57075425423803 43.57075425423803
106 1 41 1.0 107.64164596635766 107.64164596635766
107 2 19 9.541850352986048 69.8685662777562 666.6754038000371
108 1 55 1.0 155.85458639063 155.85458639063
109 3 38 32.9215577265747 321.92161897300775 10598.16116245226
110 1 10 1.0 18.1937008646705 18.1937008646705
111 3 96 32.9215577265747 1401.7140955887514 46146.611514078526
112 0 100 0.0 0.0 0.0
113 1 32 1.0 78.7716859795011 78.7716859795011
114 2 41 9.541850352986048 211.85407612585806 2021.4798910630518
115 0 6 0.0 6.0 0.0
116 0 100 0.0 0.0 0.0
117 2 29 9.541850352986048 128.5709592386038 1226.8048527946264
118 1 33 1.0 81.88562674252243 81.88562674252243
119 0 10 0.0 10.0 0.0
120 1 18 1.0 38.15436697768484 38.15436697768484
121 0 6 0.0 6.0 0.0
122 2 23 9.541850352986048 92.0346545141889 878.1809006631623
123 1 11 1.0 20.51504931294799 20.51504931294799
124 1 7 1.0 11.607984241186918 11.607984241186918
125 2 24 9.541850352986048 97.86086952638261 933.7737724338355
126 0 100 0.0 0.0 0.0
127 3 37 32.9215577265747 308.57807572808247 10158.870933237406
128 2 131 9.541850352986048 141.5519192260369 1350.6672304328126
129 0 6 0.0 6.0 0.0
130 2 23 9.541850352986048 92.0346545141889 878.1809006631623
131 0 100 0.0 0.0 0.0
132 1 20 1.0 43.57075425423803 43.57075425423803
133 1 21 1.0 46.33316012586883 46.33316012586883
134 1 42 1.0 110.9598727978785 110.9598727978785
135 3 33 32.9215577265747 257.33012181535685 8471.708460130769
136 2 27 9.541850352986048 115.98017876588344 1106.66550969663
137 2 28 9.541850352986048 122.22584512913716 1166.2607234894754
138 0 6 0.0 6.0 0.0
139 0 100 0.0 0.0 0.0
140 2 13 9.541850352986048 40.41888428935346 385.6709453236695
141 1 12 1.0 22.891970023971037 22.891970023971037
142 2 32 9.541850352986048 148.1842032776824 1413.95149235211
143 1 102 1.0 2.3948263510722025 2.3948263510722025
144 2 60 9.541850352986048 366.8916913478798 3500.825614595415
145 1 24 1.0 54.8222930413608 54.8222930413608
146 2 28 9.541850352986048 122.22584512913716 1166.2607234894754
147 1 8 1.0 13.734791927877684 13.734791927877684
148 2 37 9.541850352986048 182.69988024795316 1743.2949168344405
149 2 39 9.541850352986048 197.11162840858907 1880.8096611081503
150 2 34 9.541850352986048 161.72412498062124 1543.1473990327004
151 1 26 1.0 60.63937356224698 60.63937356224698
152 1 13 1.0 25.320989780782124 25.320989780782124
153 1 8 1.0 13.734791927877684 13.734791927877684
154 3 61 32.9215577265747 682.3928350558612 22465.435111492498
155 0 100 0.0 0.0 0.0
156 3 53 32.9215577265747 545.90532331836 17972.053614869816
157 1 19 1.0 40.84402933782601 40.84402933782601
158 2 29 9.541850352986048 128.5709592386038 1226.8048527946264
159 2 19 9.541850352986048 69.8685662777562 666.6754038000371
160 1 19 1.0 40.84402933782601 40.84402933782601
161 1 14 1.0 27.799106543625292 27.799106543625292
162 4 56 75.61186198841948 975.7969952136767 73781.82773081094
163 4 70 75.61186198841948 1429.1350405139644 108059.56144615616
164 0 5 0.0 5.0 0.0
165 3 86 32.9215577265747 1177.1312153238637 38752.99325703761
166 2 45 9.541850352986048 242.29532664846576 2311.945748107533
167 3 46 32.9215577265747 435.9769523615719 14353.040404627594
168 1 20 1.0 43.57075425423803 43.57075425423803
169 2 59 9.541850352986048 358.10513855020525 3416.9856426813935
170 1 27 1.0 63.59241768810072 63.59241768810072
171 2 52 9.541850352986048 298.47302352672085 2847.984924895254
172 0 100 0.0 0.0 0.0
173 2 24 9.541850352986048 97.86086952638261 933.7737724338355
174 4 103 75.61186198841948 2766.3252371383346 209167.00204558554
175 1 31 1.0 75.68293941204132 75.68293941204132
176 0 100 0.0 0.0 0.0
177 2 23 9.541850352986048 92.0346545141889 878.1809006631623
178 2 28 9.541850352986048 122.22584512913716 1166.2607234894754
179 2 35 9.541850352986048 168.62869283493262 1609.0297522505775
180 2 31 9.541850352986048 141.5519192260369 1350.6672304328126
181 1 19 1.0 40.84402933782601 40.84402933782601
182 5 61 139.6884681067044 1754.5251914699081 245086.93625105367
183 1 25 1.0 57.71571011139208 57.71571011139208
184 2 17 9.541850352986048 59.51335422080222 567.8675199791454
185 2 126 9.541850352986048 109.8359986590007 1048.0386625749609
186 4 61 75.61186198841948 1129.4605717070829 85400.6168692773
187 1 9 1.0 15.931997307697284 15.931997307697284
188 1 6 1.0 9.55892689827884 9.55892689827884
189 3 51 32.9215577265747 513.5688732735056 16907.48730804564
190 3 23 32.9215577265747 145.08021796711313 4776.266770788355
191 1 19 1.0 40.84402933782601 40.84402933782601
192 1 19 1.0 40.84402933782601 40.84402933782601
193 3 65 32.9215577265747 754.7803226662346 24848.54396353912
194 2 46 9.541850352986048 250.0988923255542 2386.406204018009
195 5 88 139.6884681067044 3414.7546568712237 477001.8469785762
196 1 14 1.0 27.799106543625292 27.799106543625292
197 4 55 75.61186198841948 946.1899645328139 71543.18501308264
198 2 31 9.541850352986048 141.5519192260369 1350.6672304328126
199 1 38 1.0 97.81435774219185 97.81435774219185
