0 0 10 0.0 10.0 0.0
1 0 10 0.0 10.0 0.0
2 2 18 9.541850352986048 64.62733255388774 616.6643359418604
3 5 62 139.6884681067044 1807.1402103142602 252436.6476328266
4 0 6 0.0 6.0 0.0
5 5 99 139.6884681067044 4229.702363015084 590840.6436368847
6 2 27 9.541850352986048 115.98017876588344 1106.66550969663
7 0 100 0.0 0.0 0.0
8 1 20 1.0 43.57075425423803 43.57075425423803
9 0 100 0.0 0.0 0.0
10 1 5 1.0 7.59708563275366 7.59708563275366
11 5 146 139.6884681067044 1050.58572833688 146754.71100614508
12 3 47 32.9215577265747 451.11773253603667 14851.498473166615
13 3 37 32.9215577265747 308.57807572808247 10158.870933237406
14 0 9 0.0 9.0 0.0
15 0 6 0.0 6.0 0.0
16 0 5 0.0 5.0 0.0
17 0 100 0.0 0.0 0.0
18 2 54 9.541850352986048 315.16948038953416 3007.300017705306
19 0 100 0.0 0.0 0.0
20 0 100 0.0 0.0 0.0
21 1 41 1.0 107.64164596635766 107.64164596635766
22 0 10 0.0 10.0 0.0
23 0 100 0.0 0.0 0.0
24 0 5 0.0 5.0 0.0
25 0 10 0.0 10.0 0.0
26 0 10 0.0 10.0 0.0
27 1 100 1.0 0.0 0.0
28 4 43 75.61186198841948 621.143248020611 46965.797544373054
29 1 105 1.0 7.59708563275366 7.59708563275366
30 4 75 75.61186198841948 1608.0874365260645 121590.48531592006
31 0 100 0.0 0.0 0.0
32 1 31 1.0 75.68293941204132 75.68293941204132
33 0 9 0.0 9.0 0.0
34 2 24 9.541850352986048 97.86086952638261 933.7737724338355
35 3 47 32.9215577265747 451.11773253603667 14851.498473166615
36 0 100 0.0 0.0 0.0
37 0 100 0.0 0.0 0.0
38 0 100 0.0 0.0 0.0
39 1 11 1.0 20.51504931294799 20.51504931294799
40 0 100 0.0 0.0 0.0
41 0 10 0.0 10.0 0.0
42 0 5 0.0 5.0 0.0
43 0 5 0.0 5.0 0.0
44 2 6 9.541850352986048 13.252209915340185 126.45060385853394
45 1 26 1.0 60.63937356224698 60.63937356224698
46 4 39 75.61186198841948 525.6324972119714 39744.05183581987
47 3 23 32.9215577265747 145.08021796711313 4776.266770788355
48 0 18 0.0 18.0 0.0
49 8 279 459.67273235884244 48542.612462899684 22313715.306657497
50 1 103 1.0 3.9914906122521803 3.9914906122521803
51 0 18 0.0 18.0 0.0
52 0 100 0.0 0.0 0.0
53 7 112 332.66880679862265 12544.0 4172997.5124819227
54 2 12 9.541850352986048 36.01211998010309 343.62225974392254
55 0 5 0.0 5.0 0.0
56 1 19 1.0 40.84402933782601 40.84402933782601
57 1 8 1.0 13.734791927877684 13.734791927877684
58 1 12 1.0 22.891970023971037 22.891970023971037
59 1 19 1.0 40.84402933782601 40.84402933782601
60 0 18 0.0 18.0 0.0
61 1 19 1.0 40.84402933782601 40.84402933782601
62 4 22 75.61186198841948 197.47425973648444 14931.396473460363
63 3 57 32.9215577265747 612.7419199112477 20172.41848785035
64 1 108 1.0 13.734791927877684 13.734791927877684
65 1 19 1.0 40.84402933782601 40.84402933782601
66 3 81 32.9215577265747 1070.3630949288454 35238.02041809513
67 0 100 0.0 0.0 0.0
68 6 75 225.58275470837765 3862.4525781644106 871302.6925128031
69 0 100 0.0 0.0 0.0
70 5 83 139.6884681067044 3070.409639894098 428900.8190568644
71 3 39 32.9215577265747 335.47304520277595 11044.29522335299
72 0 100 0.0 0.0 0.0
73 0 5 0.0 5.0 0.0
74 2 24 9.541850352986048 97.86086952638261 933.7737724338355
75 5 83 139.6884681067044 3070.409639894098 428900.8190568644
76 2 12 9.541850352986048 36.01211998010309 343.62225974392254
77 0 100 0.0 0.0 0.0
78 1 108 1.0 13.734791927877684 13.734791927877684
79 1 108 1.0 13.734791927877684 13.734791927877684
80 5 112 139.6884681067044 5292.687692718977 739327.4359631217
81 0 20 0.0 20.0 0.0
82 0 6 0.0 6.0 0.0
83 0 6 0.0 6.0 0.0
84 1 11 1.0 20.51504931294799 20.51504931294799
85 0 6 0.0 6.0 0.0
86 0 5 0.0 5.0 0.0
87 0 100 0.0 0.0 0.0
88 0 100 0.0 0.0 0.0
89 0 10 0.0 10.0 0.0
90 1 13 1.0 25.320989780782124 25.320989780782124
91 5 190 139.6884681067044 3557.085524945249 496883.82790413423
92 1 102 1.0 2.3948263510722025 2.3948263510722025
93 1 11 1.0 20.51504931294799 20.51504931294799
94 2 16 9.541850352986048 54.53075711894446 520.3243240639966
95 0 9 0.0 9.0 0.0
96 0 5 0.0 5.0 0.0
97 1 13 1.0 25.320989780782124 25.320989780782124
98 3 45 32.9215577265747 421.0282951259743 13860.907322511091
99 0 100 0.0 0.0 0.0
100 2 126 9.541850352986048 109.8359986590007 1048.0386625749609
101 0 100 0.0 0.0 0.0
102 3 46 32.9215577265747 435.9769523615719 14353.040404627594
103 3 56 32.9215577265747 595.765723501293 19613.535657762357
104 0 100 0.0 0.0 0.0
105 9 136 604.9491004987461 39497.557201796815 23894011.701124758
106 2 131 9.541850352986048 141.5519192260369 1350.6672304328126
107 3 47 32.9215577265747 451.11773253603667 14851.498473166615
108 6 177 225.58275470837765 4061.8785529685815 916289.7532695315
109 1 10 1.0 18.1937008646705 18.1937008646705
110 6 156 225.58275470837765 2208.835584533681 498275.2158569973
111 10 95 766.6651705632711 25027.52609192426 19187732.56004183
112 0 8 0.0 8.0 0.0
113 0 100 0.0 0.0 0.0
114 5 175 139.6884681067044 2553.9502583266267 356757.3992063684
115 4 159 75.61186198841948 1066.8769814059906 80668.55507669134
116 0 100 0.0 0.0 0.0
117 6 161 225.58275470837765 2601.435802251927 586839.054468988
118 2 61 9.541850352986048 375.74324992186104 3585.2858618990344
119 7 212 332.66880679862265 12544.0 4172997.5124819227
120 2 57 9.541850352986048 340.72951581223015 3251.1900507256933
121 0 100 0.0 0.0 0.0
122 6 71 225.58275470837765 3478.001961782023 784577.2634199304
123 0 5 0.0 5.0 0.0
124 4 166 75.61186198841948 1292.338741426653 97716.13855903981
125 6 182 225.58275470837765 4581.357643139669 1033475.277443727
126 4 48 75.61186198841948 749.6906189831174 56685.50361656424
127 10 101 766.6651705632711 28679.450792418193 21987536.033430234
128 8 127 459.67273235884244 23773.224239432624 10927902.943119459
129 0 100 0.0 0.0 0.0
130 5 79 139.6884681067044 2806.8374672292675 392082.8260217585
131 5 145 139.6884681067044 1009.4539298642129 141009.0730870245
132 1 10 1.0 18.1937008646705 18.1937008646705
133 6 78 225.58275470837765 4163.386850757332 939188.274710476
134 1 29 1.0 69.58346013935528 69.58346013935528
135 1 12 1.0 22.891970023971037 22.891970023971037
136 3 51 32.9215577265747 513.5688732735056 16907.48730804564
137 0 100 0.0 0.0 0.0
138 2 16 9.541850352986048 54.53075711894446 520.3243240639966
139 8 187 459.67273235884244 10823.372908066605 4975209.3979896465
140 3 60 32.9215577265747 664.7206420100937 21883.638987981092
141 8 109 459.67273235884244 17298.876533787272 7951821.843024257
142 1 117 1.0 35.503281577765854 35.503281577765854
143 4 157 75.61186198841948 1005.7817905983286 76049.03394118624
144 5 172 139.6884681067044 2371.3580183097592 331251.36891024053
145 1 105 1.0 7.59708563275366 7.59708563275366
146 2 34 9.541850352986048 161.72412498062124 1543.1473990327004
147 3 144 32.9215577265747 406.27351121486885 13375.156852238497
148 6 66 225.58275470837765 3024.560894461153 682288.7783557816
149 4 13 75.61186198841948 80.31863856823402 6073.041814519057
150 6 191 225.58275470837765 5591.281626292221 1261296.7116093368
151 4 161 75.61186198841948 1129.4605717070829 85400.6168692773
152 6 205 225.58275470837765 7351.839824949449 1658448.2798868536
153 4 66 75.61186198841948 1292.338741426653 97716.13855903981
154 5 88 139.6884681067044 3414.7546568712237 477001.8469785762
155 5 61 139.6884681067044 1754.5251914699081 245086.93625105367
156 1 115 1.0 30.323695983612147 30.323695983612147
157 7 83 332.66880679862265 6889.0 2291755.4100357112
158 9 126 604.9491004987461 33505.118966499955 20268891.580887627
159 6 210 225.58275470837765 8036.070233330496 1812798.8602646885
160 9 109 604.9491004987461 24518.97583158066 14832732.374465218
161 7 149 332.66880679862265 22201.0 7385580.179736221
162 2 55 9.541850352986048 323.62148105306557 3087.947743220061
163 4 150 75.61186198841948 803.8922494719358 60783.78982063209
164 7 84 332.66880679862265 7056.0 2347311.1007710816
165 6 171 225.58275470837765 3478.001961782023 784577.2634199304
166 7 230 332.66880679862265 16900.0 5622102.834896723
167 6 77 225.58275470837765 4061.8785529685815 916289.7532695315
168 5 169 139.6884681067044 2194.8788310889477 306599.26159464906
169 2 46 9.541850352986048 250.0988923255542 2386.406204018009
170 4 151 75.61186198841948 831.5797944458234 62877.296649995835
171 9 153 604.9491004987461 50906.707095139885 30795966.666558012
172 7 116 332.66880679862265 13456.0 4476391.464282267
173 4 178 75.61186198841948 1719.6349352173313 130024.79939211752
174 4 166 75.61186198841948 1292.338741426653 97716.13855903981
175 7 216 332.66880679862265 13456.0 4476391.464282267
176 4 158 75.61186198841948 1036.142416344768 78344.65738500807
177 2 56 9.541850352986048 332.1417203303481 3169.2465913755254
178 5 128 139.6884681067044 6746.128809296412 942356.3990211216
179 5 129 139.6884681067044 6842.204111735111 955777.0108416717
180 7 196 332.66880679862265 38416.0 12779804.881975887
181 3 137 32.9215577265747 308.57807572808247 10158.870933237406
182 5 199 139.6884681067044 4229.702363015084 590840.6436368847
183 10 140 766.6651705632711 59285.163668541216 45451870.11581359
184 4 212 75.61186198841948 3192.372259230475 241381.21068059356
185 5 78 139.6884681067044 2742.610069160227 383110.9991750147
186 10 148 766.6651705632711 67083.98395005375 51430953.9971317
187 1 17 1.0 35.503281577765854 35.503281577765854
188 7 74 332.66880679862265 5476.0 1821694.3860292577
189 3 58 32.9215577265747 629.8939717412368 20737.090752300537
190 5 203 139.6884681067044 4545.356706035842 634933.9152646826
191 4 187 75.61186198841948 2072.675291085697 156718.8380563789
192 7 109 332.66880679862265 11881.0 3952438.093574436
193 4 187 75.61186198841948 2072.675291085697 156718.8380563789
194 11 122 942.9223974109915 59782.163299571446 56369940.7408473
195 7 154 332.66880679862265 23716.0 7889573.422036135
196 8 111 459.67273235884244 17965.662675976404 8258325.250903347
197 5 139 139.6884681067044 7836.395098108471 1094654.0267336597
198 7 173 332.66880679862265 29929.0 9956444.718675977
199 8 94 459.67273235884244 12713.68154955962 5844132.736226273
