0 8 170 459.67273235884244 43603.43660138131 20043310.842792507
1 0 6 0.0 6.0 0.0
2 0 7 0.0 7.0 0.0
3 0 100 0.0 0.0 0.0
4 0 5 0.0 5.0 0.0
5 0 100 0.0 0.0 0.0
6 3 63 32.9215577265747 718.2490844189361 23645.87869475743
7 0 100 0.0 0.0 0.0
8 2 19 9.541850352986048 69.8685662777562 666.6754038000371
9 23 538 3602.4235623004615 75324997.7488029 271352546720.51678
10 1 102 1.0 2.3948263510722025 2.3948263510722025
11 0 100 0.0 0.0 0.0
12 7 196 332.66880679862265 38416.0 12779804.881975887
13 1 18 1.0 38.15436697768484 38.15436697768484
14 31 996 5350.621552679651 3302783115.856011 17671942523525.625
15 0 100 0.0 0.0 0.0
16 1 40 1.0 104.3443904241405 104.3443904241405
17 0 100 0.0 0.0 0.0
18 3 46 32.9215577265747 435.9769523615719 14353.040404627594
19 1 105 1.0 7.59708563275366 7.59708563275366
20 2 112 9.541850352986048 36.01211998010309 343.62225974392254
21 0 100 0.0 0.0 0.0
22 1 37 1.0 94.5824071263594 94.5824071263594
23 0 6 0.0 6.0 0.0
24 0 100 0.0 0.0 0.0
25 3 141 32.9215577265747 363.1907597716439 11956.805563580698
26 1 103 1.0 3.9914906122521803 3.9914906122521803
27 32 726 5549.980220652734 1501593663.078887 8333815129545.308
28 0 9 0.0 9.0 0.0
29 0 100 0.0 0.0 0.0
30 0 8 0.0 8.0 0.0
31 0 100 0.0 0.0 0.0
32 20 300 2902.6872563902634 6826368.325191218 19814812344.958694
33 0 100 0.0 0.0 0.0
34 0 6 0.0 6.0 0.0
35 3 40 32.9215577265747 349.23013798641597 11497.20014757944
36 0 100 0.0 0.0 0.0
37 1 19 1.0 40.84402933782601 40.84402933782601
38 0 100 0.0 0.0 0.0
39 0 18 0.0 18.0 0.0
40 0 100 0.0 0.0 0.0
41 0 6 0.0 6.0 0.0
42 5 56 139.6884681067044 1501.9949206988383 209811.36957647165
43 11 273 942.9223974109915 132998.42546222862 125407194.18873167
44 22 407 3370.209833397988 26383923.022032 88919356812.4678
45 0 100 0.0 0.0 0.0
46 0 100 0.0 0.0 0.0
47 23 627 3602.4235623004615 117142858.55259834 421998193805.1104
48 0 10 0.0 10.0 0.0
49 33 703 5744.298091538941 1016596887.5228107 5839635560861.709
50 7 195 332.66880679862265 38025.0 12649731.378517626
51 21 544 3136.7198300107975 46265334.859287724 145121393295.21762
52 0 9 0.0 9.0 0.0
53 0 100 0.0 0.0 0.0
54 1 13 1.0 25.320989780782124 25.320989780782124
55 26 415 4285.277943143774 71473375.0 306283277409.54364
56 0 100 0.0 0.0 0.0
57 41 928 7106.788070274764 20666923662.316612 146875446532630.94
58 2 138 9.541850352986048 189.8638195218893 1811.6521533242187
59 33 942 5744.298091538941 4312910066.761601 24774641065477.754
60 1 18 1.0 38.15436697768484 38.15436697768484
61 28 480 4724.12231882448 172831367.9249147 816476522607.0549
62 1 9 1.0 15.931997307697284 15.931997307697284
63 0 10 0.0 10.0 0.0
64 0 10 0.0 10.0 0.0
65 38 1147 6636.579650383532 17429211668.214016 115670351479496.34
66 1 132 1.0 78.7716859795011 78.7716859795011
67 0 100 0.0 0.0 0.0
68 0 100 0.0 0.0 0.0
69 17 351 2206.0678959513543 4683728.592295987 10332623280.813606
70 3 29 32.9215577265747 209.61005902119368 6900.689658136957
71 0 100 0.0 0.0 0.0
72 32 663 5549.980220652734 1122280727.236379 6228635838181.669
73 1 104 1.0 5.735193251789799 5.735193251789799
74 0 100 0.0 0.0 0.0
75 12 229 1131.8354418063404 353804.2348984099 400448172.51919603
76 0 11 0.0 11.0 0.0
77 0 100 0.0 0.0 0.0
78 19 567 2668.9360872348193 29810850.31035425 79563254184.45978
79 19 361 2668.9360872348193 8752711.290221969 23360427023.621048
80 0 9 0.0 9.0 0.0
81 0 6 0.0 6.0 0.0
82 0 100 0.0 0.0 0.0
83 0 100 0.0 0.0 0.0
84 0 100 0.0 0.0 0.0
85 12 252 1131.8354418063404 443094.5319892783 501510095.3760584
86 0 9 0.0 9.0 0.0
87 0 8 0.0 8.0 0.0
88 0 100 0.0 0.0 0.0
89 0 100 0.0 0.0 0.0
90 3 141 32.9215577265747 363.1907597716439 11956.805563580698
91 0 100 0.0 0.0 0.0
92 0 100 0.0 0.0 0.0
93 0 100 0.0 0.0 0.0
94 1 10 1.0 18.1937008646705 18.1937008646705
95 0 10 0.0 10.0 0.0
96 4 76 75.61186198841948 1644.92462809159 124375.81396061354
97 18 413 2436.3877014920204 9558845.250616442 23289053009.06731
98 26 649 4285.277943143774 273359449.0 1171421217349.6353
99 2 48 9.541850352986048 265.93129728965954 2537.4766429133756
100 8 263 459.67273235884244 39951.73547253033 18364723.407135706
101 37 777 6468.923834840442 5218243976.907374 33756422838228.69
102 37 1024 6468.923834840442 13199407027.171991 85385958723833.33
103 35 1252 6117.310290426031 16906906068.33792 103424790471109.88
104 1 125 1.0 57.71571011139208 57.71571011139208
105 0 100 0.0 0.0 0.0
106 39 1030 6798.773358825962 20126041830.133904 136832397013331.28
107 45 830 7658.1450374688 28787009042.48718 220455090442292.66
108 22 578 3370.209833397988 71541061.60775764 241108389322.19608
109 39 1079 6798.773358825962 23593231676.281536 160405034969311.7
110 6 200 225.58275470837765 6696.723465418967 1510665.3268494436
111 36 821 6295.82243666837 5143253749.296451 32381012352299.31
112 19 456 2668.9360872348193 16502168.2548383 44043232372.95878
113 28 702 4724.12231882448 555711521.649187 2625249202250.8374
114 47 955 7902.318130854768 67616235259.10166 534325001828140.5
115 36 691 6295.82243666837 2895814888.9783063 18231536350467.945
116 19 484 2668.9360872348193 19399545.153776977 51776146136.85673
117 53 1269 8516.089422990353 537464613421.1818 4577096709587726.0
118 22 597 3370.209833397988 78433525.6282488 264337439340.3972
119 40 1067 6955.50474228233 27654687659.170933 192352311159700.06
120 53 1149 8516.089422990353 369219704753.0967 3144308022407467.5
121 27 745 4506.6139001521815 526693626.8918171 2373604820072.2295
122 29 780 4937.473672561782 969193203.0583855 4785365923726.604
123 50 1106 8230.818941038662 193888532335.99622 1595861404401304.8
124 1 104 1.0 5.735193251789799 5.735193251789799
125 48 847 8016.77096497358 51763124331.3614 414973112195975.5
126 14 457 1540.4353185285338 1974336.50837622 3041337688.163036
127 42 955 7252.650449022947 27551042198.425938 199818078571464.03
128 51 1382 8330.590095344352 527207170846.91864 4391946835651858.5
129 39 1071 6798.773358825962 23000339007.422146 156374092087627.25
130 21 618 3136.7198300107975 66139282.40350441 207460398657.75647
131 41 911 7106.788070274764 19380489161.022243 137733029165642.25
132 41 949 7106.788070274764 22338637635.96427 158755963457461.75
133 40 1196 6955.50474228233 40990735875.11302 285111257768991.06
134 38 810 6636.579650383532 7299408649.81125 48443106905170.875
135 32 715 5549.980220652734 1429830699.3169591 7935532100091.189
136 46 1159 7782.801884860074 114220541678.08163 888955847061912.4
137 28 522 4724.12231882448 223637594.91637868 1056491353472.6926
138 38 872 6636.579650383532 9373745369.55194 62209607767445.27
139 53 1134 8516.089422990353 351328887237.72925 2991948220596196.5
140 19 498 2668.9360872348193 20960751.24678135 55942905418.086975
141 48 1101 8016.77096497358 135154249411.7003 1083500662476516.5
142 32 641 5549.980220652734 1007148450.9628174 5589653982104.677
143 28 665 4724.12231882448 470546380.12581813 2222918656394.4453
144 23 516 3602.4235623004615 66778357.54874736 240563928685.3324
145 31 680 5350.621552679651 983230304.1490282 5260893256627.559
146 43 1078 7393.130324549447 50839420792.89433 375862463546476.8
147 61 1396 9085.210990399466 2799726515724.851 2.543610611077622e+16
148 17 473 2206.0678959513543 10235741.63884246 22580741020.702854
149 16 652 1979.1134619514044 11227872.525474347 22221233664.240593
150 33 620 5744.298091538941 1112410478.451552 6390017388377.17
151 43 1108 7393.130324549447 56012618399.680786 414108587648096.4
152 44 940 7528.2761260995885 37592270397.33528 283004991758139.5
153 21 707 3136.7198300107975 96424027.40640292 302455158855.16864
154 37 731 6468.923834840442 4250301990.48405 27494879851512.043
155 54 1246 8602.009448624298 591708702111.6278 5089883846397442.0
156 37 817 6468.923834840442 6177587893.860219 39962345568414.14
157 37 768 6468.923834840442 5017801320.7157955 32459774562072.26
158 36 681 6295.82243666837 2758510969.0550284 17367095250772.455
159 36 788 6295.82243666837 4486089727.5857 28243624359841.547
160 35 703 6117.310290426031 2514428925.4497967 15381541940198.91
161 29 751 4937.473672561782 861552779.1190097 4253894164422.547
162 30 627 5146.386239304723 612748324.4123132 3153439544912.555
163 21 610 3136.7198300107975 63768139.552410945 200022787856.94327
164 53 1241 8516.089422990353 493997297725.25024 4206925162143820.0
165 49 1350 8126.242482129881 340602792580.04596 2767820882596041.5
166 34 804 5933.442745663244 3186289141.4702263 18905664192042.08
167 27 703 4506.6139001521815 441604147.28565985 1990139388522.406
168 39 733 6798.773358825962 6288075719.433517 42751201679564.99
169 43 1013 7393.130324549447 40817678634.0271 301770417686939.8
170 21 538 3136.7198300107975 44849679.08605037 140680877758.83475
171 39 1046 6798.773358825962 21215491696.343895 144239319739496.28
172 41 942 7106.788070274764 21771090411.66443 154722525614490.06
173 42 969 7252.650449022947 28992183728.597553 210270174337368.84
174 36 821 6295.82243666837 5143253749.296451 32381012352299.31
175 1 109 1.0 15.931997307697284 15.931997307697284
176 44 938 7528.2761260995885 37308550424.408165 280869069459454.66
177 47 848 7902.318130854768 43903264507.177216 346937563118779.1
178 30 585 5146.386239304723 492821787.7897453 2536251267110.6973
179 42 1075 7252.650449022947 29625996904.690353 214866999753554.94
180 27 678 4506.6139001521815 395622392.7331107 1782917374302.5022
181 38 854 6636.579650383532 8733603589.542978 57961255856877.5
182 40 910 6955.50474228233 15974142121.062136 111108221276939.61
183 20 593 2902.6872563902634 26875742.344171092 78011874808.45361
184 49 1214 8126.242482129881 230334392992.9381 1871753129434812.8
185 24 366 3832.71054120725 31308637.284747846 119996944152.0874
186 44 968 7528.2761260995885 41729200732.075294 314148945632499.94
187 40 964 6955.50474228233 19487039924.838295 135542198610257.86
188 41 1084 7106.788070274764 35468486185.98244 252067014497245.25
189 39 860 6798.773358825962 10860342816.686739 73837009409806.7
190 56 1012 8760.68123103637 367655106189.1583 3220909188286042.5
191 43 868 7393.130324549447 23659100010.86436 174914809741869.47
192 40 922 6955.50474228233 16712302003.936264 116242495842833.17
193 47 1171 7902.318130854768 141865191496.64438 1121063874901116.6
194 27 769 4506.6139001521815 579925355.0955994 2613499666324.518
195 48 1305 8016.77096497358 251751076084.45184 2018230717154688.0
196 50 1322 8230.818941038662 375722882080.7689 3092507014412028.5
197 29 731 4937.473672561782 792240733.3427123 3911667763210.681
198 35 669 6117.310290426031 2134771951.3409183 13059062425650.658
199 35 687 6117.310290426031 2330369319.945929 14255592221398.344
