0 1 19 1.0 40.84402933782601 40.84402933782601
1 1 19 1.0 40.84402933782601 40.84402933782601
2 0 100 0.0 0.0 0.0
3 0 100 0.0 0.0 0.0
4 0 100 0.0 0.0 0.0
5 0 100 0.0 0.0 0.0
6 0 5 0.0 5.0 0.0
7 1 20 1.0 43.57075425423803 43.57075425423803
8 0 6 0.0 6.0 0.0
9 1 14 1.0 27.799106543625292 27.799106543625292
10 2 13 9.541850352986048 40.41888428935346 385.6709453236695
11 1 103 1.0 3.9914906122521803 3.9914906122521803
12 1 102 1.0 2.3948263510722025 2.3948263510722025
13 0 6 0.0 6.0 0.0
14 1 21 1.0 46.33316012586883 46.33316012586883
15 0 100 0.0 0.0 0.0
16 0 100 0.0 0.0 0.0
17 0 10 0.0 10.0 0.0
18 1 101 1.0 1.0 1.0
19 0 6 0.0 6.0 0.0
20 0 100 0.0 0.0 0.0
21 0 100 0.0 0.0 0.0
22 1 15 1.0 30.323695983612147 30.323695983612147
23 0 5 0.0 5.0 0.0
24 1 15 1.0 30.323695983612147 30.323695983612147
25 2 17 9.541850352986048 59.51335422080222 567.8675199791454
26 0 5 0.0 5.0 0.0
27 0 100 0.0 0.0 0.0
28 2 96 9.541850352986048 722.6530401826831 6895.447166553575
29 0 100 0.0 0.0 0.0
30 0 100 0.0 0.0 0.0
31 1 106 1.0 9.55892689827884 9.55892689827884
32 2 27 9.541850352986048 115.98017876588344 1106.66550969663
33 0 100 0.0 0.0 0.0
34 0 6 0.0 6.0 0.0
35 0 100 0.0 0.0 0.0
36 1 34 1.0 85.02419427196995 85.02419427196995
37 0 10 0.0 10.0 0.0
38 0 100 0.0 0.0 0.0
39 0 5 0.0 5.0 0.0
40 0 100 0.0 0.0 0.0
41 0 8 0.0 8.0 0.0
42 0 100 0.0 0.0 0.0
43 0 100 0.0 0.0 0.0
44 0 10 0.0 10.0 0.0
45 1 9 1.0 15.931997307697284 15.931997307697284
46 0 100 0.0 0.0 0.0
47 0 100 0.0 0.0 0.0
48 1 10 1.0 18.1937008646705 18.1937008646705
49 0 9 0.0 9.0 0.0
50 0 100 0.0 0.0 0.0
51 0 5 0.0 5.0 0.0
52 1 9 1.0 15.931997307697284 15.931997307697284
53 0 100 0.0 0.0 0.0
54 0 10 0.0 10.0 0.0
55 1 21 1.0 46.33316012586883 46.33316012586883
56 0 100 0.0 0.0 0.0
57 0 6 0.0 6.0 0.0
58 1 103 1.0 3.9914906122521803 3.9914906122521803
59 0 10 0.0 10.0 0.0
60 1 11 1.0 20.51504931294799 20.51504931294799
61 1 44 1.0 117.65777237975428 117.65777237975428
62 1 20 1.0 43.57075425423803 43.57075425423803
63 0 100 0.0 0.0 0.0
64 0 100 0.0 0.0 0.0
65 0 8 0.0 8.0 0.0
66 3 24 32.9215577265747 155.22039240905832 5110.09710903639
67 1 9 1.0 15.931997307697284 15.931997307697284
68 0 100 0.0 0.0 0.0
69 0 10 0.0 10.0 0.0
70 0 100 0.0 0.0 0.0
71 1 28 1.0 66.57403288693754 66.57403288693754
72 0 6 0.0 6.0 0.0
73 0 8 0.0 8.0 0.0
74 1 10 1.0 18.1937008646705 18.1937008646705
75 2 7 9.541850352986048 16.551687764173284 157.9337277350917
76 0 100 0.0 0.0 0.0
77 0 7 0.0 7.0 0.0
78 0 6 0.0 6.0 0.0
79 1 19 1.0 40.84402933782601 40.84402933782601
80 1 15 1.0 30.323695983612147 30.323695983612147
81 0 8 0.0 8.0 0.0
82 0 100 0.0 0.0 0.0
83 3 31 32.9215577265747 233.0178128969552 7671.309378607293
84 1 16 1.0 32.892441635375256 32.892441635375256
85 0 100 0.0 0.0 0.0
86 0 11 0.0 11.0 0.0
87 2 28 9.541850352986048 122.22584512913716 1166.2607234894754
88 0 100 0.0 0.0 0.0
89 1 9 1.0 15.931997307697284 15.931997307697284
90 0 10 0.0 10.0 0.0
91 0 10 0.0 10.0 0.0
92 0 10 0.0 10.0 0.0
93 1 20 1.0 43.57075425423803 43.57075425423803
94 1 20 1.0 43.57075425423803 43.57075425423803
95 1 105 1.0 7.59708563275366 7.59708563275366
96 2 47 9.541850352986048 257.9778488812911 2461.586028410529
97 3 31 32.9215577265747 233.0178128969552 7671.309378607293
98 1 7 1.0 11.607984241186918 11.607984241186918
99 0 6 0.0 6.0 0.0
100 1 11 1.0 20.51504931294799 20.51504931294799
101 0 6 0.0 6.0 0.0
102 0 100 0.0 0.0 0.0
103 1 10 1.0 18.1937008646705 18.1937008646705
104 0 100 0.0 0.0 0.0
105 0 100 0.0 0.0 0.0
106 2 20 9.541850352986048 75.23327232919837 717.8646261306569
107 1 10 1.0 18.1937008646705 18.1937008646705
108 0 100 0.0 0.0 0.0
109 0 100 0.0 0.0 0.0
110 0 6 0.0 6.0 0.0
111 3 9 32.9215577265747 32.71640406476307 1077.0749850240404
112 1 6 1.0 9.55892689827884 9.55892689827884
113 1 106 1.0 9.55892689827884 9.55892689827884
114 1 10 1.0 18.1937008646705 18.1937008646705
115 0 10 0.0 10.0 0.0
116 2 41 9.541850352986048 211.85407612585806 2021.4798910630518
117 0 100 0.0 0.0 0.0
118 1 9 1.0 15.931997307697284 15.931997307697284
119 2 78 9.541850352986048 535.6395391463575 5110.992325676955
120 0 100 0.0 0.0 0.0
121 0 100 0.0 0.0 0.0
122 1 112 1.0 22.891970023971037 22.891970023971037
123 1 5 1.0 7.59708563275366 7.59708563275366
124 0 100 0.0 0.0 0.0
125 0 5 0.0 5.0 0.0
126 2 32 9.541850352986048 148.1842032776824 1413.95149235211
127 1 25 1.0 57.71571011139208 57.71571011139208
128 1 18 1.0 38.15436697768484 38.15436697768484
129 1 79 1.0 245.957639940483 245.957639940483
130 0 5 0.0 5.0 0.0
131 1 26 1.0 60.63937356224698 60.63937356224698
132 1 9 1.0 15.931997307697284 15.931997307697284
133 2 28 9.541850352986048 122.22584512913716 1166.2607234894754
134 0 100 0.0 0.0 0.0
135 3 23 32.9215577265747 145.08021796711313 4776.266770788355
136 2 17 9.541850352986048 59.51335422080222 567.8675199791454
137 0 100 0.0 0.0 0.0
138 2 41 9.541850352986048 211.85407612585806 2021.4798910630518
139 0 5 0.0 5.0 0.0
140 0 100 0.0 0.0 0.0
141 0 100 0.0 0.0 0.0
142 1 104 1.0 5.735193251789799 5.735193251789799
143 0 100 0.0 0.0 0.0
144 2 14 9.541850352986048 44.97826169706515 429.17584225083993
145 1 19 1.0 40.84402933782601 40.84402933782601
146 0 100 0.0 0.0 0.0
147 1 9 1.0 15.931997307697284 15.931997307697284
148 0 100 0.0 0.0 0.0
149 1 11 1.0 20.51504931294799 20.51504931294799
150 0 100 0.0 0.0 0.0
151 1 11 1.0 20.51504931294799 20.51504931294799
152 2 17 9.541850352986048 59.51335422080222 567.8675199791454
153 2 17 9.541850352986048 59.51335422080222 567.8675199791454
154 1 10 1.0 18.1937008646705 18.1937008646705
155 1 14 1.0 27.799106543625292 27.799106543625292
156 3 8 32.9215577265747 27.137259985193985 893.4008711436294
157 0 100 0.0 0.0 0.0
158 2 12 9.541850352986048 36.01211998010309 343.62225974392254
159 1 11 1.0 20.51504931294799 20.51504931294799
160 1 17 1.0 35.503281577765854 35.503281577765854
161 0 100 0.0 0.0 0.0
162 2 33 9.541850352986048 154.90879557685506 1478.1165457556579
163 3 34 32.9215577265747 269.81820202916316 8882.83551378369
164 1 19 1.0 40.84402933782601 40.84402933782601
165 1 16 1.0 32.892441635375256 32.892441635375256
166 4 45 75.61186198841948 671.3571728121805 50762.565895610074
167 2 29 9.541850352986048 128.5709592386038 1226.8048527946264
168 0 100 0.0 0.0 0.0
169 2 28 9.541850352986048 122.22584512913716 1166.2607234894754
170 0 100 0.0 0.0 0.0
171 1 10 1.0 18.1937008646705 18.1937008646705
172 1 10 1.0 18.1937008646705 18.1937008646705
173 2 19 9.541850352986048 69.8685662777562 666.6754038000371
174 2 9 9.541850352986048 23.78240930402918 226.9281906125095
175 1 21 1.0 46.33316012586883 46.33316012586883
176 1 28 1.0 66.57403288693754 66.57403288693754
177 3 26 32.9215577265747 176.25042831919396 5802.438650243859
178 1 104 1.0 5.735193251789799 5.735193251789799
179 2 21 9.541850352986048 80.71796600694597 770.1987524356932
180 1 106 1.0 9.55892689827884 9.55892689827884
181 1 27 1.0 63.59241768810072 63.59241768810072
182 2 13 9.541850352986048 40.41888428935346 385.6709453236695
183 1 10 1.0 18.1937008646705 18.1937008646705
184 3 43 32.9215577265747 391.71440685113555 12895.848457480626
185 2 22 9.541850352986048 86.31942417916456 823.6470280735138
186 3 47 32.9215577265747 451.11773253603667 14851.498473166615
187 2 47 9.541850352986048 257.9778488812911 2461.586028410529
188 1 18 1.0 38.15436697768484 38.15436697768484
189 1 7 1.0 11.607984241186918 11.607984241186918
190 2 30 9.541850352986048 135.01359299654277 1288.2794999919763
191 3 84 32.9215577265747 1133.9736498594843 37332.17897426362
192 3 34 32.9215577265747 269.81820202916316 8882.83551378369
193 2 22 9.541850352986048 86.31942417916456 823.6470280735138
194 2 12 9.541850352986048 36.01211998010309 343.62225974392254
195 3 42 32.9215577265747 377.3528472077043 12423.04354263576
196 1 20 1.0 43.57075425423803 43.57075425423803
197 2 32 9.541850352986048 148.1842032776824 1413.95149235211
198 3 40 32.9215577265747 349.23013798641597 11497.20014757944
199 2 31 9.541850352986048 141.5519192260369 1350.6672304328126
