0 0 100 0.0 0.0 0.0
1 0 100 0.0 0.0 0.0
2 10 181 766.6651705632711 104962.02514306911 80470728.90897743
3 0 10 0.0 10.0 0.0
4 0 100 0.0 0.0 0.0
5 0 100 0.0 0.0 0.0
6 0 5 0.0 5.0 0.0
7 0 6 0.0 6.0 0.0
8 0 100 0.0 0.0 0.0
9 1 16 1.0 32.892441635375256 32.892441635375256
10 1 100 1.0 0.0 0.0
11 0 100 0.0 0.0 0.0
12 0 10 0.0 10.0 0.0
13 0 100 0.0 0.0 0.0
14 3 32 32.9215577265747 245.06238675558936 8067.83551218631
15 0 100 0.0 0.0 0.0
16 1 101 1.0 1.0 1.0
17 1 6 1.0 9.55892689827884 9.55892689827884
18 1 7 1.0 11.607984241186918 11.607984241186918
19 0 100 0.0 0.0 0.0
20 23 394 3602.4235623004615 30669494.74020356 110484510495.95938
21 0 100 0.0 0.0 0.0
22 6 89 225.58275470837765 5358.570280584671 1208801.0451927343
23 0 18 0.0 18.0 0.0
24 0 10 0.0 10.0 0.0
25 1 104 1.0 5.735193251789799 5.735193251789799
26 0 10 0.0 10.0 0.0
27 0 100 0.0 0.0 0.0
28 31 545 5350.621552679651 486987005.2127304 2605683165966.153
29 1 9 1.0 15.931997307697284 15.931997307697284
30 0 100 0.0 0.0 0.0
31 0 100 0.0 0.0 0.0
32 0 100 0.0 0.0 0.0
33 0 100 0.0 0.0 0.0
34 0 100 0.0 0.0 0.0
35 7 256 332.66880679862265 24336.0 8095828.082251281
36 0 6 0.0 6.0 0.0
37 0 8 0.0 8.0 0.0
38 0 100 0.0 0.0 0.0
39 1 17 1.0 35.503281577765854 35.503281577765854
40 22 339 3370.209833397988 15687414.583907524 52869878891.276146
41 0 100 0.0 0.0 0.0
42 0 5 0.0 5.0 0.0
43 0 100 0.0 0.0 0.0
44 12 158 1131.8354418063404 147835.47973745366 167325435.52329314
45 0 100 0.0 0.0 0.0
46 0 100 0.0 0.0 0.0
47 0 9 0.0 9.0 0.0
48 4 26 75.61186198841948 262.7667382888815 19868.282350646048
49 3 60 32.9215577265747 664.7206420100937 21883.638987981092
50 10 98 766.6651705632711 26819.282082072197 20561409.471836362
51 5 100 139.6884681067044 4307.65770069211 601730.1053377293
52 31 683 5350.621552679651 997068081.0429969 5334933963917.601
53 0 11 0.0 11.0 0.0
54 1 27 1.0 63.59241768810072 63.59241768810072
55 1 18 1.0 38.15436697768484 38.15436697768484
56 0 10 0.0 10.0 0.0
57 0 100 0.0 0.0 0.0
58 0 9 0.0 9.0 0.0
59 2 29 9.541850352986048 128.5709592386038 1226.8048527946264
60 1 111 1.0 20.51504931294799 20.51504931294799
61 0 100 0.0 0.0 0.0
62 1 105 1.0 7.59708563275366 7.59708563275366
63 1 5 1.0 7.59708563275366 7.59708563275366
64 1 14 1.0 27.799106543625292 27.799106543625292
65 0 10 0.0 10.0 0.0
66 0 100 0.0 0.0 0.0
67 0 100 0.0 0.0 0.0
68 2 112 9.541850352986048 36.01211998010309 343.62225974392254
69 0 100 0.0 0.0 0.0
70 0 100 0.0 0.0 0.0
71 4 99 75.61186198841948 2585.1644858987506 195469.10032513973
72 5 42 139.6884681067044 890.5118703159138 124394.2389952662
73 22 344 3370.209833397988 16354406.840994501 55117782754.910995
74 8 229 459.67273235884244 24558.59479359431 11288916.371665139
75 1 106 1.0 9.55892689827884 9.55892689827884
76 0 6 0.0 6.0 0.0
77 0 100 0.0 0.0 0.0
78 4 103 75.61186198841948 2766.3252371383346 209167.00204558554
79 5 65 139.6884681067044 1969.1653870843556 275069.6963705592
80 0 100 0.0 0.0 0.0
81 0 6 0.0 6.0 0.0
82 0 100 0.0 0.0 0.0
83 22 378 3370.209833397988 21381778.211644404 72061079184.41881
84 1 8 1.0 13.734791927877684 13.734791927877684
85 1 110 1.0 18.1937008646705 18.1937008646705
86 0 5 0.0 5.0 0.0
87 0 100 0.0 0.0 0.0
88 0 100 0.0 0.0 0.0
89 0 100 0.0 0.0 0.0
90 0 100 0.0 0.0 0.0
91 28 423 4724.12231882448 117205961.15000612 553695296968.0188
92 0 100 0.0 0.0 0.0
93 4 149 75.61186198841948 776.5950928818146 58719.80098386357
94 0 100 0.0 0.0 0.0
95 23 325 3602.4235623004615 17600515.826389108 63404512921.626305
96 1 7 1.0 11.607984241186918 11.607984241186918
97 0 6 0.0 6.0 0.0
98 0 10 0.0 10.0 0.0
99 0 100 0.0 0.0 0.0
100 27 524 4506.6139001521815 180922007.05195162 815345631823.7561
101 0 100 0.0 0.0 0.0
102 23 288 3602.4235623004615 12419826.168638514 44741474429.57925
103 10 194 766.6651705632711 122468.81017110687 93892571.23851252
104 0 100 0.0 0.0 0.0
105 22 427 3370.209833397988 30240361.37131213 101916363259.1048
106 26 444 4285.277943143774 87528384.0 375083453354.2184
107 1 103 1.0 3.9914906122521803 3.9914906122521803
108 7 151 332.66880679862265 22801.0 7585181.463815395
109 9 211 604.9491004987461 101745.39241512935 61550783.621424444
110 11 233 942.9223974109915 262961.44645937043 247952237.52213165
111 20 382 2902.6872563902634 13295878.471949195 38593777003.04058
112 0 100 0.0 0.0 0.0
113 20 336 2902.6872563902634 9332081.224172609 27088113245.00468
114 14 209 1540.4353185285338 527196.8237004351 812112607.044211
115 0 100 0.0 0.0 0.0
116 13 308 1331.5823725933528 994858.3705822692 1324735869.4942951
117 15 295 1756.7778603087352 1673252.5473727717 2939533029.9296784
118 14 390 1540.4353185285338 2455357.9799338575 3782320151.920989
119 5 180 139.6884681067044 2871.732646582133 401147.9342130701
120 37 516 6468.923834840442 1317836658.2079477 8524984968707.87
121 23 530 3602.4235623004615 72139213.75945625 259876003412.89484
122 27 521 4506.6139001521815 177794969.49662834 801253280910.6384
123 23 389 3602.4235623004615 29560202.12048415 106488368625.19617
124 2 120 9.541850352986048 75.23327232919837 717.8646261306569
125 17 307 2206.0678959513543 3297209.130000786 7273867207.932429
126 15 310 1756.7778603087352 1895998.9038820523 3330848897.509619
127 18 339 2436.3877014920204 5644026.527050734 13751036817.401127
128 31 462 5350.621552679651 288211264.0891157 1542109401360.2693
129 24 407 3832.71054120725 42707125.586618185 163684050420.49338
130 22 252 3370.209833397988 6749377.250480574 22746817578.882305
131 24 443 3832.71054120725 54718154.07224275 209718845908.08722
132 26 456 4285.277943143774 94818816.0 406324980799.808
133 22 368 3370.209833397988 19812071.50941872 66770838221.027084
134 29 502 4937.473672561782 246441803.78082073 1216799917986.439
135 17 277 2206.0678959513543 2518302.144471244 5555545513.223461
136 8 231 459.67273235884244 25357.227736120636 11656026.158507997
137 26 444 4285.277943143774 87528384.0 375083453354.2184
138 31 804 5350.621552679651 1673451060.3211899 8954003310709.174
139 21 473 3136.7198300107975 31265553.42131918 98071281412.9138
140 28 474 4724.12231882448 166279542.5034753 785524897904.5916
141 15 269 1756.7778603087352 1326148.282625493 2329747942.4029174
142 8 83 459.67273235884244 9813.93766434623 4511199.541369388
143 25 323 4060.496712466729 27133299.41308374 110174673065.20195
144 29 574 4937.473672561782 373749579.8503038 1845378710641.9028
145 21 408 3136.7198300107975 20662004.69784938 64810919863.52042
146 25 498 4060.496712466729 97843352.18231755 397292609873.0248
147 16 264 1979.1134619514044 1685099.6835025016 3335003468.3498516
148 24 453 3832.71054120725 58408796.40964918 223864009698.4906
149 10 191 766.6651705632711 118296.7449298396 90693994.12871525
150 11 174 942.9223974109915 134765.04830411234 127072982.43412168
151 25 440 4060.496712466729 67798199.58462879 275294366524.54834
152 20 358 2902.6872563902634 11116539.765413538 32267838312.221485
153 21 382 3136.7198300107975 17180788.718992885 53891320670.09079
154 23 375 3602.4235623004615 26594447.95312067 95804465932.69519
155 28 618 4724.12231882448 375665101.8631867 1774687892115.3523
156 33 720 5744.298091538941 1805710301.206602 10372538237093.291
157 22 428 3370.209833397988 30442200.64223999 102596603954.75177
158 13 286 1331.5823725933528 832130.7917623617 1108050694.0029109
159 24 496 3832.71054120725 76144096.01502645 291838279447.48883
160 18 298 2436.3877014920204 4001315.149074396 9748755018.99857
161 0 100 0.0 0.0 0.0
162 14 218 1540.4353185285338 584964.6739750648 901100243.8827188
163 7 181 332.66880679862265 32761.0 10898562.779529678
164 22 419 3370.209833397988 28656811.964646764 96579469477.08965
165 9 142 604.9491004987461 43347.5615654562 26223068.37783675
166 32 527 5549.980220652734 537404115.5697494 2982582211909.485
167 11 237 942.9223974109915 273411.3305101534 257805667.2439628
168 14 225 1540.4353185285338 632384.0785092266 974146769.4107337
169 36 518 6295.82243666837 1108533795.889655 6979131943967.246
170 12 169 1131.8354418063404 173183.80963665945 196015573.69381362
171 27 537 4506.6139001521815 194899089.14462945 878334944266.1862
172 20 366 2902.6872563902634 11815441.171250308 34296530516.417118
173 24 504 3832.71054120725 79791168.44841911 305816452407.49927
174 16 306 1979.1134619514044 2463143.6663327124 4874840788.759409
175 14 328 1540.4353185285338 1602058.7963168463 2467867952.2057805
176 13 177 1331.5823725933528 261779.3457680394 348580762.3337416
177 24 532 3832.71054120725 93457458.29983327 358195385580.20795
178 16 318 1979.1134619514044 2719222.753287943 5381650357.076731
179 26 475 4285.277943143774 107171875.0 459261272062.86163
180 13 238 1331.5823725933528 534427.2179083251 711633862.8008324
181 18 275 2436.3877014920204 3229381.715439529 7868025894.920073
182 29 488 4937.473672561782 225707224.6340674 1114423479337.6958
183 29 528 4937.473672561782 288307955.19414055 1423512938361.191
184 26 407 4285.277943143774 67419143.0 288909766443.55597
185 21 290 3136.7198300107975 7938455.92417619 24900712117.030148
186 11 190 942.9223974109915 164832.7121547771 155424456.11673832
187 11 261 942.9223974109915 340977.41639160516 321515242.92697823
188 27 501 4506.6139001521815 157869220.3674579 711455622914.1736
189 31 630 5350.621552679651 771529019.9029197 4128159802410.3696
190 22 369 3370.209833397988 19965561.066806056 67288130236.65779
191 15 220 1756.7778603087352 798978.8564513772 1403628365.8685703
192 33 552 5744.298091538941 763516091.7174969 4385864028512.088
193 34 646 5933.442745663244 1557603496.4826741 9241951166824.826
194 13 163 1331.5823725933528 214628.2288246865 285795166.16388506
195 34 582 5933.442745663244 1107251877.4746127 6569815620023.748
196 22 514 3370.209833397988 51241106.308975786 172693280356.70187
197 16 376 1979.1134619514044 4183435.699461505 8279493910.012354
198 10 194 766.6651705632711 122468.81017110687 93892571.23851252
199 22 488 3370.209833397988 23029953.485817667 77615775700.60097
