0 0 100 0.0 0.0 0.0
1 0 100 0.0 0.0 0.0
2 0 100 0.0 0.0 0.0
3 0 100 0.0 0.0 0.0
4 0 100 0.0 0.0 0.0
5 0 9 0.0 9.0 0.0
6 0 100 0.0 0.0 0.0
7 0 6 0.0 6.0 0.0
8 0 100 0.0 0.0 0.0
9 1 102 1.0 2.3948263510722025 2.3948263510722025
10 0 100 0.0 0.0 0.0
11 0 100 0.0 0.0 0.0
12 1 114 1.0 27.799106543625292 27.799106543625292
13 32 928 5549.980220652734 3299985332.9969983 18314853326577.465
14 0 100 0.0 0.0 0.0
15 40 1016 6955.50474228233 23357304566.815903 162461842681420.72
16 0 100 0.0 0.0 0.0
17 3 178 32.9215577265747 1008.1216991286578 33188.93671327668
18 0 100 0.0 0.0 0.0
19 0 100 0.0 0.0 0.0
20 0 10 0.0 10.0 0.0
21 1 104 1.0 5.735193251789799 5.735193251789799
22 3 77 32.9215577265747 987.6825062906825 32516.04664637668
23 29 430 4937.473672561782 152334681.39271396 752148478794.6124
24 2 117 9.541850352986048 59.51335422080222 567.8675199791454
25 27 574 4506.6139001521815 238606036.57262486 1075305281078.411
26 0 100 0.0 0.0 0.0
27 1 49 1.0 134.74529814364382 134.74529814364382
28 24 483 3832.71054120725 70454545.68083067 270031879906.88745
29 0 5 0.0 5.0 0.0
30 1 10 1.0 18.1937008646705 18.1937008646705
31 1 29 1.0 69.58346013935528 69.58346013935528
32 0 100 0.0 0.0 0.0
33 0 6 0.0 6.0 0.0
34 0 100 0.0 0.0 0.0
35 0 6 0.0 6.0 0.0
36 1 32 1.0 78.7716859795011 78.7716859795011
37 0 5 0.0 5.0 0.0
38 34 978 5933.442745663244 4249773119.4726524 25215785486449.664
39 5 106 139.6884681067044 4788.781200314608 668937.5099701327
40 0 5 0.0 5.0 0.0
41 0 9 0.0 9.0 0.0
42 1 37 1.0 94.5824071263594 94.5824071263594
43 0 5 0.0 5.0 0.0
44 3 76 32.9215577265747 967.3986454236635 31848.270349925308
45 10 272 766.6651705632711 93706.72457701275 71841681.98076095
46 6 201 225.58275470837765 6825.411756924657 1539695.1861460118
47 1 105 1.0 7.59708563275366 7.59708563275366
48 1 104 1.0 5.735193251789799 5.735193251789799
49 0 100 0.0 0.0 0.0
50 0 100 0.0 0.0 0.0
51 0 100 0.0 0.0 0.0
52 0 100 0.0 0.0 0.0
53 1 111 1.0 20.51504931294799 20.51504931294799
54 0 18 0.0 18.0 0.0
55 1 117 1.0 35.503281577765854 35.503281577765854
56 40 1064 6955.50474228233 27387494740.10417 190493849544026.94
57 0 100 0.0 0.0 0.0
58 0 100 0.0 0.0 0.0
59 20 638 2902.6872563902634 54737830.56491479 158886803223.22763
60 0 100 0.0 0.0 0.0
61 0 100 0.0 0.0 0.0
62 0 100 0.0 0.0 0.0
63 1 30 1.0 72.61998620345668 72.61998620345668
64 1 10 1.0 18.1937008646705 18.1937008646705
65 0 8 0.0 8.0 0.0
66 1 117 1.0 35.503281577765854 35.503281577765854
67 0 100 0.0 0.0 0.0
68 0 100 0.0 0.0 0.0
69 0 10 0.0 10.0 0.0
70 0 100 0.0 0.0 0.0
71 2 38 9.541850352986048 189.8638195218893 1811.6521533242187
72 0 100 0.0 0.0 0.0
73 2 76 9.541850352986048 515.944034405027 4923.060766808652
74 0 100 0.0 0.0 0.0
75 1 10 1.0 18.1937008646705 18.1937008646705
76 0 100 0.0 0.0 0.0
77 1 10 1.0 18.1937008646705 18.1937008646705
78 0 5 0.0 5.0 0.0
79 0 100 0.0 0.0 0.0
80 1 104 1.0 5.735193251789799 5.735193251789799
81 0 100 0.0 0.0 0.0
82 0 9 0.0 9.0 0.0
83 49 927 8126.242482129881 85273718116.77797 692954910769729.6
84 0 100 0.0 0.0 0.0
85 43 1195 7393.130324549447 73144329236.4487 540765558546817.6
86 0 100 0.0 0.0 0.0
87 0 100 0.0 0.0 0.0
88 0 100 0.0 0.0 0.0
89 19 403 2668.9360872348193 11800106.143217457 31493729118.834354
90 0 6 0.0 6.0 0.0
91 0 18 0.0 18.0 0.0
92 0 100 0.0 0.0 0.0
93 6 213 225.58275470837765 8460.534002517481 1908550.5665917895
94 0 100 0.0 0.0 0.0
95 31 821 5350.621552679651 1788392281.4240656 9569010285633.537
96 0 100 0.0 0.0 0.0
97 0 100 0.0 0.0 0.0
98 0 18 0.0 18.0 0.0
99 0 100 0.0 0.0 0.0
100 23 357 3602.4235623004615 23076464.68483091 83131200115.22937
101 15 380 1756.7778603087352 3166994.5434060995 5563705897.574408
102 52 1438 8425.648590871551 726849873052.6964 6124181608661617.0
103 12 403 1131.8354418063404 683442.7297582504 773544703.9852607
104 33 616 5744.298091538941 1089327821.6549177 6257423726992.615
105 0 100 0.0 0.0 0.0
106 34 1020 5933.442745663244 6939539668.70642 41175361305528.414
107 54 1270 8602.009448624298 636235647341.2751 5472905049981245.0
108 29 807 4937.473672561782 714181548.5308938 3526252593300.693
109 36 1100 6295.82243666837 13633117096.041758 85831684494986.83
110 37 907 6468.923834840442 8778149278.816093 56785179095520.87
111 22 546 3370.209833397988 60843161.71497373 205054221906.82846
112 28 1013 4724.12231882448 1714685480.665577 8100383948976.534
113 57 1299 8833.632285946418 1128228148673.1357 9966352600032568.0
114 37 600 6468.923834840442 2188145415.709468 14154946033779.824
115 29 880 4937.473672561782 1409912861.012612 6961407631856.031
116 43 877 7393.130324549447 24536562275.58264 181402002619806.03
117 16 612 1979.1134619514044 9253285.771130282 18313302436.927322
118 36 987 6295.82243666837 6654807585.7273655 41897486909933.21
119 12 281 1131.8354418063404 572437.5443818787 647905100.9520003
120 36 864 6295.82243666837 6096986878.239807 38385546784094.82
121 16 484 1979.1134619514044 8007435.556389039 15847623505.357882
122 47 991 7902.318130854768 77348922896.16637 611235795804463.0
123 25 602 4060.496712466729 171610429.05023032 696823582983.4651
124 37 1119 6468.923834840442 17786552165.32615 115059851241911.2
125 29 789 4937.473672561782 1004365616.4679908 4959028788936.988
126 30 543 5146.386239304723 389984434.06359476 2007010525007.924
127 27 686 4506.6139001521815 409968539.1844198 1847569917313.5906
128 19 694 2668.9360872348193 33823207.576942205 90271979288.13522
129 24 704 3832.71054120725 212008350.06004348 812566638099.0854
130 34 816 5933.442745663244 3344502955.0179543 19844416796300.562
131 34 543 5933.442745663244 882493647.116065 5236225528574.715
132 14 460 1540.4353185285338 2015505.989245061 3104756610.538883
133 0 100 0.0 0.0 0.0
134 26 642 4285.277943143774 264609288.0 1133924345417.3784
135 38 689 6636.579650383532 4216979629.447503 27986321194873.184
136 29 606 4937.473672561782 442373786.93415505 2184208926418.846
137 35 911 6117.310290426031 5917174439.181013 36197192087047.89
138 46 1061 7782.801884860074 83038708981.79202 646273820779838.1
139 50 964 8230.818941038662 116476981213.53143 958700943167338.9
140 18 547 2436.3877014920204 11805515.733790213 28762813343.57702
141 35 730 6117.310290426031 2847631407.113045 17419844910072.99
142 40 974 6955.50474228233 20192984829.84668 140452401744833.73
143 21 470 3136.7198300107975 30713074.505985223 96338309843.52293
144 26 559 4285.277943143774 174676879.0 748538976755.8939
145 31 603 5350.621552679651 671362767.1259975 3592208091451.012
146 49 1039 8126.242482129881 129809565572.74777 1054864006344087.4
147 45 1025 7658.1450374688 61315141678.739044 469560247968731.8
148 33 967 5744.298091538941 4694862065.685821 26968687203957.63
149 45 1440 7658.1450374688 207283151608.08185 1587404438838325.0
150 5 54 139.6884681067044 1405.9451433371921 196394.3233148333
151 19 368 2668.9360872348193 9221095.512979796 24610514578.430847
152 13 525 1331.5823725933528 2161679.2162963394 2878453939.621619
153 30 733 5146.386239304723 1000880419.3090985 5150917217121.886
154 34 617 5933.442745663244 1340317832.8402064 7952699122148.803
155 38 1253 6636.579650383532 32048456776.359447 212692136068183.3
156 39 1161 6798.773358825962 30309498646.633457 206067411918103.1
157 41 701 7106.788070274764 7794560894.331345 55394292376864.195
158 31 822 5350.621552679651 1795317147.8148332 9606062624993.406
159 40 865 6955.50474228233 13411259842.95286 93282081437639.19
160 14 390 1540.4353185285338 1182485.092224617 1821541799.6962707
161 55 1458 8683.506947919002 1270869171257.0776 1.1035601278506898e+16
162 26 766 4285.277943143774 449455096.0 1926040009322.3674
163 27 729 4506.6139001521815 493090734.5534472 2222169558374.8145
164 56 934 8760.68123103637 270012154031.93903 2365490409979309.5
165 25 585 4060.496712466729 157647966.78322366 640129050850.3438
166 38 983 6636.579650383532 14072839464.856998 93395520015584.23
167 47 1222 7902.318130854768 165638511689.10434 1308928214088608.8
168 36 804 6295.82243666837 4796867144.351383 30200223793124.77
169 35 991 6117.310290426031 5498972804.60518 33638922924384.16
170 44 1235 7528.2761260995885 99249768212.14812 747179660552432.5
171 51 937 8330.590095344352 123609308858.32709 1029738484067540.5
172 46 984 7782.801884860074 63270136140.49542 492418934809601.25
173 50 1143 8230.818941038662 219053237685.55743 1802987537838130.2
174 41 1064 7106.788070274764 33245261341.902866 236267026697802.1
175 26 736 4285.277943143774 398688256.0 1708489989627.2583
176 32 985 5549.980220652734 3995300723.9710684 22173839993598.977
177 49 1198 8126.242482129881 219347093921.41373 1782467672955925.2
178 39 986 6798.773358825962 17334647859.82399 117854342054000.81
179 19 432 2668.9360872348193 14249627.467777727 38031344978.404495
180 24 616 3832.71054120725 143477395.526697 549907326260.1335
181 33 824 5744.298091538941 2795581814.449026 16058655281480.51
182 40 1088 6955.50474228233 29577135410.5162 205723905610972.06
183 58 1518 8902.46046345971 2424820553586.1714 2.158686910928538e+16
184 18 577 2436.3877014920204 23330609.907053478 56842411045.85298
185 17 511 2206.0678959513543 12533453.841165772 27649650144.383995
186 3 56 32.9215577265747 595.765723501293 19613.535657762357
187 29 872 4937.473672561782 1370466444.0355318 6766641986554.803
188 51 1518 8330.590095344352 748397589834.8738 6234593549257985.0
189 35 772 6117.310290426031 3425328660.0865884 20953798260438.9
190 1 102 1.0 2.3948263510722025 2.3948263510722025
191 24 695 3832.71054120725 204180367.1216058 782564245374.5448
192 37 797 6468.923834840442 5683704890.454841 36767454036062.51
193 32 765 5549.980220652734 1776000359.4480247 9856766866808.684
194 38 904 6636.579650383532 10592347226.975807 70296956056344.08
195 38 994 6636.579650383532 14614064032.476826 96987399967337.6
196 31 992 5350.621552679651 3260855553.3986764 17447604004190.09
197 36 767 6295.82243666837 4099946118.6834784 25812532763138.844
198 38 1029 6636.579650383532 16433780804.329575 109064095264877.16
199 38 897 6636.579650383532 10316764610.443419 68468030071465.77
