0 0 5 0.0 5.0 0.0
1 2 30 9.541850352986048 135.01359299654277 1288.2794999919763
2 9 152 604.9491004987461 50192.57933226694 30363955.718766842
3 0 6 0.0 6.0 0.0
4 1 27 1.0 63.59241768810072 63.59241768810072
5 2 104 9.541850352986048 7.384494371244687 70.4617402228846
6 0 100 0.0 0.0 0.0
7 0 6 0.0 6.0 0.0
8 3 55 32.9215577265747 578.9666715492328 19060.48469917088
9 2 29 9.541850352986048 128.5709592386038 1226.8048527946264
10 0 100 0.0 0.0 0.0
11 0 100 0.0 0.0 0.0
12 0 100 0.0 0.0 0.0
13 1 7 1.0 11.607984241186918 11.607984241186918
14 0 5 0.0 5.0 0.0
15 0 5 0.0 5.0 0.0
16 0 5 0.0 5.0 0.0
17 0 10 0.0 10.0 0.0
18 1 12 1.0 22.891970023971037 22.891970023971037
19 1 100 1.0 0.0 0.0
20 0 7 0.0 7.0 0.0
21 3 52 32.9215577265747 529.6457757489877 17436.763980956737
22 0 5 0.0 5.0 0.0
23 1 15 1.0 30.323695983612147 30.323695983612147
24 5 78 139.6884681067044 2742.610069160227 383110.9991750147
25 1 39 1.0 101.06849300292524 101.06849300292524
26 1 6 1.0 9.55892689827884 9.55892689827884
27 0 100 0.0 0.0 0.0
28 0 5 0.0 5.0 0.0
29 0 5 0.0 5.0 0.0
30 0 8 0.0 8.0 0.0
31 2 27 9.541850352986048 115.98017876588344 1106.66550969663
32 4 45 75.61186198841948 671.3571728121805 50762.565895610074
33 0 5 0.0 5.0 0.0
34 4 36 75.61186198841948 458.3949685466225 34660.09709793311
35 1 103 1.0 3.9914906122521803 3.9914906122521803
36 1 104 1.0 5.735193251789799 5.735193251789799
37 8 114 459.67273235884244 18990.417242658223 8729376.98256718
38 0 5 0.0 5.0 0.0
39 0 100 0.0 0.0 0.0
40 0 10 0.0 10.0 0.0
41 0 100 0.0 0.0 0.0
42 0 100 0.0 0.0 0.0
43 0 100 0.0 0.0 0.0
44 4 82 75.61186198841948 1873.1633591984112 141633.36939747448
45 3 49 32.9215577265747 481.96892224029307 15867.1676959488
46 0 100 0.0 0.0 0.0
47 2 54 9.541850352986048 315.16948038953416 3007.300017705306
48 0 5 0.0 5.0 0.0
49 1 10 1.0 18.1937008646705 18.1937008646705
50 0 10 0.0 10.0 0.0
51 0 100 0.0 0.0 0.0
52 0 100 0.0 0.0 0.0
53 2 27 9.541850352986048 115.98017876588344 1106.66550969663
54 1 106 1.0 9.55892689827884 9.55892689827884
55 0 100 0.0 0.0 0.0
56 2 28 9.541850352986048 122.22584512913716 1166.2607234894754
57 0 100 0.0 0.0 0.0
58 0 5 0.0 5.0 0.0
59 0 100 0.0 0.0 0.0
60 0 7 0.0 7.0 0.0
61 0 100 0.0 0.0 0.0
62 1 16 1.0 32.892441635375256 32.892441635375256
63 7 104 332.66880679862265 10816.0 3598145.8143339027
64 1 103 1.0 3.9914906122521803 3.9914906122521803
65 4 70 75.61186198841948 1429.1350405139644 108059.56144615616
66 2 12 9.541850352986048 36.01211998010309 343.62225974392254
67 1 5 1.0 7.59708563275366 7.59708563275366
68 0 100 0.0 0.0 0.0
69 0 5 0.0 5.0 0.0
70 2 11 9.541850352986048 31.76494829034237 303.0963830567869
71 0 9 0.0 9.0 0.0
72 0 10 0.0 10.0 0.0
73 0 100 0.0 0.0 0.0
74 0 5 0.0 5.0 0.0
75 2 20 9.541850352986048 75.23327232919837 717.8646261306569
76 0 100 0.0 0.0 0.0
77 1 5 1.0 7.59708563275366 7.59708563275366
78 0 100 0.0 0.0 0.0
79 2 9 9.541850352986048 23.78240930402918 226.9281906125095
80 0 10 0.0 10.0 0.0
81 0 5 0.0 5.0 0.0
82 1 106 1.0 9.55892689827884 9.55892689827884
83 0 5 0.0 5.0 0.0
84 0 100 0.0 0.0 0.0
85 0 100 0.0 0.0 0.0
86 0 100 0.0 0.0 0.0
87 0 5 0.0 5.0 0.0
88 4 165 75.61186198841948 1259.0362466163215 95198.07491757096
89 1 107 1.0 11.607984241186918 11.607984241186918
90 0 100 0.0 0.0 0.0
91 1 7 1.0 11.607984241186918 11.607984241186918
92 1 19 1.0 40.84402933782601 40.84402933782601
93 0 100 0.0 0.0 0.0
94 0 10 0.0 10.0 0.0
95 0 100 0.0 0.0 0.0
96 0 100 0.0 0.0 0.0
97 0 10 0.0 10.0 0.0
98 1 103 1.0 3.9914906122521803 3.9914906122521803
99 1 14 1.0 27.799106543625292 27.799106543625292
100 0 100 0.0 0.0 0.0
101 6 91 225.58275470837765 5591.281626292221 1261296.7116093368
102 0 5 0.0 5.0 0.0
103 0 100 0.0 0.0 0.0
104 1 104 1.0 5.735193251789799 5.735193251789799
105 3 138 32.9215577265747 321.92161897300775 10598.16116245226
106 2 108 9.541850352986048 20.066939702021244 191.47573567908114
107 1 105 1.0 7.59708563275366 7.59708563275366
108 1 7 1.0 11.607984241186918 11.607984241186918
109 1 103 1.0 3.9914906122521803 3.9914906122521803
110 0 10 0.0 10.0 0.0
111 5 101 139.6884681067044 4386.2526434047795 612708.9124861964
112 1 102 1.0 2.3948263510722025 2.3948263510722025
113 1 108 1.0 13.734791927877684 13.734791927877684
114 0 5 0.0 5.0 0.0
115 0 100 0.0 0.0 0.0
116 2 42 9.541850352986048 219.34644070399202 2092.9709126576195
117 1 102 1.0 2.3948263510722025 2.3948263510722025
118 3 34 32.9215577265747 269.81820202916316 8882.83551378369
119 0 100 0.0 0.0 0.0
120 0 100 0.0 0.0 0.0
121 4 64 75.61186198841948 1226.095534977771 92707.36637535656
122 1 101 1.0 1.0 1.0
123 1 102 1.0 2.3948263510722025 2.3948263510722025
124 0 10 0.0 10.0 0.0
125 2 56 9.541850352986048 332.1417203303481 3169.2465913755254
126 1 18 1.0 38.15436697768484 38.15436697768484
127 0 100 0.0 0.0 0.0
128 0 100 0.0 0.0 0.0
129 2 48 9.541850352986048 265.93129728965954 2537.4766429133756
130 2 115 9.541850352986048 49.68406405407534 474.0779041321602
131 0 5 0.0 5.0 0.0
132 10 224 766.6651705632711 168618.33658151308 129273805.77536078
133 2 55 9.541850352986048 323.62148105306557 3087.947743220061
134 1 27 1.0 63.59241768810072 63.59241768810072
135 7 117 332.66880679862265 13689.0 4553903.296266345
136 1 18 1.0 38.15436697768484 38.15436697768484
137 0 100 0.0 0.0 0.0
138 8 172 459.67273235884244 44677.262865761426 20536919.4958188
139 2 24 9.541850352986048 97.86086952638261 933.7737724338355
140 4 125 75.61186198841948 245.72185754407212 18579.487180160453
141 1 8 1.0 13.734791927877684 13.734791927877684
142 4 75 75.61186198841948 1608.0874365260645 121590.48531592006
143 3 69 32.9215577265747 829.8335342600375 27319.412601589327
144 2 40 9.541850352986048 204.4421003683832 1950.7559275652661
145 2 56 9.541850352986048 332.1417203303481 3169.2465913755254
146 1 37 1.0 94.5824071263594 94.5824071263594
147 7 94 332.66880679862265 8836.0 2939461.5768726296
148 1 19 1.0 40.84402933782601 40.84402933782601
149 4 62 75.61186198841948 1161.3060165688764 87808.51025112707
150 9 155 604.9491004987461 52351.194230734116 31669807.859917752
151 1 15 1.0 30.323695983612147 30.323695983612147
152 2 18 9.541850352986048 64.62733255388774 616.6643359418604
153 2 30 9.541850352986048 135.01359299654277 1288.2794999919763
154 8 149 459.67273235884244 33144.35724984052 15235557.2593118
155 4 50 75.61186198841948 803.8922494719358 60783.78982063209
156 4 63 75.61186198841948 1193.5182370479756 90244.13622033325
157 4 35 75.61186198841948 436.83679879622173 33030.043742042886
158 2 31 9.541850352986048 141.5519192260369 1350.6672304328126
159 4 45 75.61186198841948 671.3571728121805 50762.565895610074
160 8 134 459.67273235884244 26580.07983342708 12218137.923347592
161 4 68 75.61186198841948 1360.0227175454593 102833.85002016247
162 2 27 9.541850352986048 115.98017876588344 1106.66550969663
163 4 91 75.61186198841948 2238.2761103848434 169240.22435039515
164 3 39 32.9215577265747 335.47304520277595 11044.29522335299
165 5 106 139.6884681067044 4788.781200314608 668937.5099701327
166 7 75 332.66880679862265 5625.0 1871262.0382422525
167 4 180 75.61186198841948 1795.7178600152838 135777.5710016156
168 6 99 225.58275470837765 6569.204673563341 1481899.2865055674
169 2 54 9.541850352986048 315.16948038953416 3007.300017705306
170 12 161 1131.8354418063404 154520.54529329904 174891829.65019777
171 2 26 9.541850352986048 109.8359986590007 1048.0386625749609
172 1 8 1.0 13.734791927877684 13.734791927877684
173 1 105 1.0 7.59708563275366 7.59708563275366
174 4 70 75.61186198841948 1429.1350405139644 108059.56144615616
175 7 140 332.66880679862265 19600.0 6520308.613253004
176 5 85 139.6884681067044 3206.1723328082135 447865.30165607814
177 6 91 225.58275470837765 5591.281626292221 1261296.7116093368
178 3 53 32.9215577265747 545.90532331836 17972.053614869816
179 1 29 1.0 69.58346013935528 69.58346013935528
180 5 101 139.6884681067044 4386.2526434047795 612708.9124861964
181 1 128 1.0 66.57403288693754 66.57403288693754
182 2 50 9.541850352986048 282.0582186126376 2691.3573128316116
183 2 24 9.541850352986048 97.86086952638261 933.7737724338355
184 2 31 9.541850352986048 141.5519192260369 1350.6672304328126
185 2 61 9.541850352986048 375.74324992186104 3585.2858618990344
186 8 144 459.67273235884244 30872.72070965809 14191347.883959955
187 4 69 75.61186198841948 1394.4010936602072 105433.26305033677
188 5 76 139.6884681067044 2616.164871066153 365448.0631538047
189 3 28 32.9215577265747 198.25318874016915 6526.8037975869875
190 6 92 225.58275470837765 5709.4065807799225 1287943.6642424744
191 5 84 139.6884681067044 3137.9608221632784 438336.940226843
192 4 56 75.61186198841948 975.7969952136767 73781.82773081094
193 3 101 32.9215577265747 1519.3640883793698 50019.83254326596
194 0 10 0.0 10.0 0.0
195 5 227 139.6884681067044 6650.664878194386 929021.1887260355
196 3 49 32.9215577265747 481.96892224029307 15867.1676959488
197 8 128 459.67273235884244 24164.252749000952 11107648.086542938
198 4 96 75.61186198841948 2452.6531100077354 185449.6684593727
199 1 9 1.0 15.931997307697284 15.931997307697284
