0 0 100 0.0 0.0 0.0
1 0 100 0.0 0.0 0.0
2 0 100 0.0 0.0 0.0
3 1 8 1.0 13.734791927877684 13.734791927877684
4 0 6 0.0 6.0 0.0
5 4 167 75.61186198841948 1326.001420918201 100261.43643491513
6 4 54 75.61186198841948 916.9626779842689 69333.25545627807
7 0 10 0.0 10.0 0.0
8 5 77 139.6884681067044 2679.0520099722326 374232.6712512085
9 2 17 9.541850352986048 59.51335422080222 567.8675199791454
10 1 23 1.0 51.960050539976365 51.960050539976365
11 0 100 0.0 0.0 0.0
12 5 72 139.6884681067044 2371.3580183097592 331251.36891024053
13 2 20 9.541850352986048 75.23327232919837 717.8646261306569
14 0 6 0.0 6.0 0.0
15 0 100 0.0 0.0 0.0
16 1 9 1.0 15.931997307697284 15.931997307697284
17 0 6 0.0 6.0 0.0
18 0 10 0.0 10.0 0.0
19 0 6 0.0 6.0 0.0
20 2 58 9.541850352986048 349.384203814786 3333.771788497865
21 1 125 1.0 57.71571011139208 57.71571011139208
22 0 100 0.0 0.0 0.0
23 0 6 0.0 6.0 0.0
24 1 109 1.0 15.931997307697284 15.931997307697284
25 0 100 0.0 0.0 0.0
26 3 36 32.9215577265747 295.444715883087 9726.500268956508
27 4 140 75.61186198841948 4675.4920136149385 353522.6568614102
28 0 100 0.0 0.0 0.0
29 0 5 0.0 5.0 0.0
30 3 22 32.9215577265747 135.19579244279535 4450.856085295499
31 1 15 1.0 30.323695983612147 30.323695983612147
32 0 100 0.0 0.0 0.0
33 0 100 0.0 0.0 0.0
34 0 10 0.0 10.0 0.0
35 4 148 75.61186198841948 749.6906189831174 56685.50361656424
36 3 72 32.9215577265747 887.8335628861327 29228.863892146303
37 0 100 0.0 0.0 0.0
38 0 7 0.0 7.0 0.0
39 0 9 0.0 9.0 0.0
40 3 136 32.9215577265747 295.444715883087 9726.500268956508
41 1 105 1.0 7.59708563275366 7.59708563275366
42 0 10 0.0 10.0 0.0
43 0 100 0.0 0.0 0.0
44 0 100 0.0 0.0 0.0
45 0 100 0.0 0.0 0.0
46 5 120 139.6884681067044 5999.610526318716 838076.40365832
47 0 100 0.0 0.0 0.0
48 0 6 0.0 6.0 0.0
49 0 100 0.0 0.0 0.0
50 0 100 0.0 0.0 0.0
51 0 9 0.0 9.0 0.0
52 5 76 139.6884681067044 2616.164871066153 365448.0631538047
53 0 100 0.0 0.0 0.0
54 0 100 0.0 0.0 0.0
55 0 100 0.0 0.0 0.0
56 0 100 0.0 0.0 0.0
57 1 105 1.0 7.59708563275366 7.59708563275366
58 0 6 0.0 6.0 0.0
59 3 127 32.9215577265747 187.1321231368427 6160.680994346051
60 1 104 1.0 5.735193251789799 5.735193251789799
61 1 11 1.0 20.51504931294799 20.51504931294799
62 0 100 0.0 0.0 0.0
63 0 100 0.0 0.0 0.0
64 0 8 0.0 8.0 0.0
65 0 100 0.0 0.0 0.0
66 0 9 0.0 9.0 0.0
67 1 24 1.0 54.8222930413608 54.8222930413608
68 0 100 0.0 0.0 0.0
69 1 19 1.0 40.84402933782601 40.84402933782601
70 0 100 0.0 0.0 0.0
71 0 100 0.0 0.0 0.0
72 1 6 1.0 9.55892689827884 9.55892689827884
73 0 10 0.0 10.0 0.0
74 4 89 75.61186198841948 2154.8151586700715 162929.58638791565
75 1 117 1.0 35.503281577765854 35.503281577765854
76 7 98 332.66880679862265 9604.0 3194951.220493972
77 1 15 1.0 30.323695983612147 30.323695983612147
78 0 100 0.0 0.0 0.0
79 0 100 0.0 0.0 0.0
80 0 100 0.0 0.0 0.0
81 1 104 1.0 5.735193251789799 5.735193251789799
82 1 26 1.0 60.63937356224698 60.63937356224698
83 10 91 766.6651705632711 22744.11555159413 17437121.22867366
84 7 131 332.66880679862265 17161.0 5708929.393471164
85 0 100 0.0 0.0 0.0
86 2 41 9.541850352986048 211.85407612585806 2021.4798910630518
87 0 100 0.0 0.0 0.0
88 0 10 0.0 10.0 0.0
89 2 32 9.541850352986048 148.1842032776824 1413.95149235211
90 0 6 0.0 6.0 0.0
91 1 28 1.0 66.57403288693754 66.57403288693754
92 0 100 0.0 0.0 0.0
93 1 9 1.0 15.931997307697284 15.931997307697284
94 7 119 332.66880679862265 14161.0 4710922.973075296
95 0 100 0.0 0.0 0.0
96 4 93 75.61186198841948 2323.049658002374 175650.1101331206
97 0 100 0.0 0.0 0.0
98 0 100 0.0 0.0 0.0
99 1 8 1.0 13.734791927877684 13.734791927877684
100 3 31 32.9215577265747 233.0178128969552 7671.309378607293
101 3 42 32.9215577265747 377.3528472077043 12423.04354263576
102 1 101 1.0 1.0 1.0
103 0 100 0.0 0.0 0.0
104 0 100 0.0 0.0 0.0
105 3 67 32.9215577265747 791.9778998728451 26073.146148835265
106 4 183 75.61186198841948 1912.3940233356846 144599.67295993603
107 1 103 1.0 3.9914906122521803 3.9914906122521803
108 2 113 9.541850352986048 40.41888428935346 385.6709453236695
109 8 101 459.67273235884244 14762.38290447426 6785864.885827147
110 1 114 1.0 27.799106543625292 27.799106543625292
111 5 118 139.6884681067044 5819.148784232864 812867.97935448
112 5 79 139.6884681067044 2806.8374672292675 392082.8260217585
113 9 214 604.9491004987461 104887.63073855339 63451677.868732505
114 5 99 139.6884681067044 4229.702363015084 590840.6436368847
115 5 76 139.6884681067044 2616.164871066153 365448.0631538047
116 3 68 32.9215577265747 810.8239638778247 26693.587932893923
117 0 100 0.0 0.0 0.0
118 3 53 32.9215577265747 545.90532331836 17972.053614869816
119 0 100 0.0 0.0 0.0
120 3 143 32.9215577265747 391.71440685113555 12895.848457480626
121 3 194 32.9215577265747 1355.6426709526093 44629.86844837423
122 6 87 225.58275470837765 5130.584655325767 1157371.4198129189
123 3 141 32.9215577265747 363.1907597716439 11956.805563580698
124 6 66 225.58275470837765 3024.560894461153 682288.7783557816
125 0 100 0.0 0.0 0.0
126 5 113 139.6884681067044 5378.870870117234 751366.2319904525
127 6 195 225.58275470837765 24025.842054563713 5419815.63485687
128 7 112 332.66880679862265 12544.0 4172997.5124819227
129 4 104 75.61186198841948 2812.409095796941 212651.48840637392
130 5 151 139.6884681067044 1267.2460047423704 177019.65311680315
131 0 100 0.0 0.0 0.0
132 0 100 0.0 0.0 0.0
133 8 131 459.67273235884244 25357.227736120636 11656026.158507997
134 6 88 225.58275470837765 5243.986173197856 1182952.846602616
135 8 104 459.67273235884244 15689.114034349886 7211857.916459074
136 5 63 139.6884681067044 1860.4532693243248 259883.86717602485
137 9 105 604.9491004987461 22621.44489281392 13684822.739889735
138 7 112 332.66880679862265 12544.0 4172997.5124819227
139 3 132 32.9215577265747 245.06238675558936 8067.83551218631
140 3 67 32.9215577265747 791.9778998728451 26073.146148835265
141 9 109 604.9491004987461 24518.97583158066 14832732.374465218
142 4 148 75.61186198841948 749.6906189831174 56685.50361656424
143 4 157 75.61186198841948 1005.7817905983286 76049.03394118624
144 1 105 1.0 7.59708563275366 7.59708563275366
145 4 68 75.61186198841948 1360.0227175454593 102833.85002016247
146 3 149 32.9215577265747 481.96892224029307 15867.1676959488
147 2 48 9.541850352986048 265.93129728965954 2537.4766429133756
148 2 32 9.541850352986048 148.1842032776824 1413.95149235211
149 3 122 32.9215577265747 135.19579244279535 4450.856085295499
150 4 38 75.61186198841948 502.796158813779 38017.3537685349
151 3 28 32.9215577265747 198.25318874016915 6526.8037975869875
152 9 86 604.9491004987461 14714.671503515654 8901627.290186327
153 7 104 332.66880679862265 10816.0 3598145.8143339027
154 0 100 0.0 0.0 0.0
155 3 129 32.9215577265747 209.61005902119368 6900.689658136957
156 4 176 75.61186198841948 1644.92462809159 124375.81396061354
157 7 166 332.66880679862265 27556.0 9167021.640142845
158 4 107 75.61186198841948 2952.551261146638 223247.89847155346
159 4 53 75.61186198841948 888.1171619831025 67152.19228141312
160 8 140 459.67273235884244 29115.631170703473 13383661.734589547
161 4 80 75.61186198841948 1795.7178600152838 135777.5710016156
162 5 214 139.6884681067044 5465.679515018471 763492.3986151252
163 5 77 139.6884681067044 2679.0520099722326 374232.6712512085
164 8 161 459.67273235884244 38938.82165695482 17899114.54588609
165 4 85 75.61186198841948 1991.8652456125124 150608.64005078256
166 4 169 75.61186198841948 1394.4010936602072 105433.26305033677
167 4 83 75.61186198841948 1912.3940233356846 144599.67295993603
168 6 108 225.58275470837765 7758.892052145152 1750272.2426078406
169 4 40 75.61186198841948 548.8883970182196 41502.47372238642
170 4 153 75.61186198841948 888.1171619831025 67152.19228141312
171 4 171 75.61186198841948 1464.2230773075796 110712.63324163957
172 4 184 75.61186198841948 1951.9617083430758 147591.45929791615
173 6 73 225.58275470837765 3667.8232800781016 827397.6793035355
174 4 45 75.61186198841948 671.3571728121805 50762.565895610074
175 2 24 9.541850352986048 97.86086952638261 933.7737724338355
176 3 151 32.9215577265747 513.5688732735056 16907.48730804564
177 3 142 32.9215577265747 377.3528472077043 12423.04354263576
178 6 102 225.58275470837765 6955.268535289175 1568988.635927035
179 4 80 75.61186198841948 1795.7178600152838 135777.5710016156
180 3 141 32.9215577265747 363.1907597716439 11956.805563580698
181 1 130 1.0 72.61998620345668 72.61998620345668
182 1 102 1.0 2.3948263510722025 2.3948263510722025
183 3 56 32.9215577265747 595.765723501293 19613.535657762357
184 4 101 75.61186198841948 2675.1081136005973 202269.90548966953
185 5 83 139.6884681067044 3070.409639894098 428900.8190568644
186 3 157 32.9215577265747 612.7419199112477 20172.41848785035
187 2 48 9.541850352986048 265.93129728965954 2537.4766429133756
188 5 196 139.6884681067044 3999.6858182206656 558709.9848553553
189 3 141 32.9215577265747 363.1907597716439 11956.805563580698
190 6 63 225.58275470837765 2767.0349550527303 624195.3675351668
191 5 62 139.6884681067044 1807.1402103142602 252436.6476328266
192 6 137 225.58275470837765 12229.238131186143 2758705.225617702
193 9 182 604.9491004987461 73990.54056378055 44760510.95947503
194 3 128 32.9215577265747 198.25318874016915 6526.8037975869875
195 3 39 32.9215577265747 335.47304520277595 11044.29522335299
196 3 143 32.9215577265747 391.71440685113555 12895.848457480626
197 4 152 75.61186198841948 859.6554919481086 65000.15241476724
198 4 188 75.61186198841948 2113.579549242958 159811.6851789044
199 4 113 75.61186198841948 3241.266607422014 245078.20338806594
