0 0 100 0.0 0.0 0.0
1 0 6 0.0 6.0 0.0
2 0 5 0.0 5.0 0.0
3 4 104 75.61186198841948 2812.409095796941 212651.48840637392
4 2 48 9.541850352986048 265.93129728965954 2537.4766429133756
5 0 100 0.0 0.0 0.0
6 0 5 0.0 5.0 0.0
7 0 100 0.0 0.0 0.0
8 0 100 0.0 0.0 0.0
9 0 100 0.0 0.0 0.0
10 1 120 1.0 43.57075425423803 43.57075425423803
11 0 8 0.0 8.0 0.0
12 0 100 0.0 0.0 0.0
13 2 38 9.541850352986048 189.8638195218893 1811.6521533242187
14 0 100 0.0 0.0 0.0
15 0 6 0.0 6.0 0.0
16 1 10 1.0 18.1937008646705 18.1937008646705
17 0 100 0.0 0.0 0.0
18 2 156 9.541850352986048 332.1417203303481 3169.2465913755254
19 22 520 3370.209833397988 52960518.23153726 178488059325.7803
20 10 287 766.6651705632711 292604.0973686217 224329370.21662632
21 0 6 0.0 6.0 0.0
22 0 6 0.0 6.0 0.0
23 0 100 0.0 0.0 0.0
24 37 648 6468.923834840442 2834301353.0476923 18334879577850.73
25 0 100 0.0 0.0 0.0
26 0 100 0.0 0.0 0.0
27 29 721 4937.473672561782 759048199.521077 3747780501340.7407
28 45 1028 7658.1450374688 61960586070.40856 474503154733757.8
29 16 320 1979.1134619514044 2763414.430200763 5469110699.7611
30 0 100 0.0 0.0 0.0
31 20 463 2902.6872563902634 22601425.95366459 65604871091.95036
32 0 100 0.0 0.0 0.0
33 0 100 0.0 0.0 0.0
34 0 100 0.0 0.0 0.0
35 1 28 1.0 66.57403288693754 66.57403288693754
36 0 100 0.0 0.0 0.0
37 12 170 1131.8354418063404 175602.9947070889 198753693.09681442
38 1 116 1.0 32.892441635375256 32.892441635375256
39 1 11 1.0 20.51504931294799 20.51504931294799
40 11 264 942.9223974109915 350016.89658172324 330038771.25919354
41 0 100 0.0 0.0 0.0
42 47 1344 7902.318130854768 176735457526.7446 1396619810378506.8
43 21 508 3136.7198300107975 38188846.90212937 119787713363.1556
44 0 100 0.0 0.0 0.0
45 0 10 0.0 10.0 0.0
46 33 734 5744.298091538941 1921953050.8052118 11040271241767.822
47 1 13 1.0 25.320989780782124 25.320989780782124
48 0 6 0.0 6.0 0.0
49 0 100 0.0 0.0 0.0
50 1 30 1.0 72.61998620345668 72.61998620345668
51 32 751 5549.980220652734 1673839524.4061844 9289776253001.102
52 0 100 0.0 0.0 0.0
53 33 598 5744.298091538941 989541298.6636708 5684220193412.689
54 1 112 1.0 22.891970023971037 22.891970023971037
55 0 100 0.0 0.0 0.0
56 35 860 6117.310290426031 4892157134.658568 29926843182227.99
57 0 100 0.0 0.0 0.0
58 36 776 6295.82243666837 4262460582.216773 26835694968934.883
59 10 212 766.6651705632711 149184.821393251 114374806.53890792
60 11 264 942.9223974109915 350016.89658172324 330038771.25919354
61 0 6 0.0 6.0 0.0
62 1 25 1.0 57.71571011139208 57.71571011139208
63 45 788 7658.1450374688 23899680595.993282 183027220353295.34
64 2 29 9.541850352986048 128.5709592386038 1226.8048527946264
65 0 5 0.0 5.0 0.0
66 34 808 5933.442745663244 3238436249.1612654 19215076069878.797
67 1 119 1.0 40.84402933782601 40.84402933782601
68 0 100 0.0 0.0 0.0
69 45 979 7658.1450374688 52013677014.44826 398328282508701.94
70 0 10 0.0 10.0 0.0
71 0 100 0.0 0.0 0.0
72 0 9 0.0 9.0 0.0
73 0 6 0.0 6.0 0.0
74 1 105 1.0 7.59708563275366 7.59708563275366
75 0 100 0.0 0.0 0.0
76 0 100 0.0 0.0 0.0
77 2 16 9.541850352986048 54.53075711894446 520.3243240639966
78 2 26 9.541850352986048 109.8359986590007 1048.0386625749609
79 2 127 9.541850352986048 115.98017876588344 1106.66550969663
80 0 100 0.0 0.0 0.0
81 0 10 0.0 10.0 0.0
82 0 100 0.0 0.0 0.0
83 5 97 139.6884681067044 4075.7152237055247 569330.4160385987
84 0 10 0.0 10.0 0.0
85 0 100 0.0 0.0 0.0
86 0 6 0.0 6.0 0.0
87 0 100 0.0 0.0 0.0
88 0 100 0.0 0.0 0.0
89 0 100 0.0 0.0 0.0
90 3 165 32.9215577265747 754.7803226662346 24848.54396353912
91 1 10 1.0 18.1937008646705 18.1937008646705
92 22 371 3370.209833397988 20274848.627683878 68330494215.6759
93 0 100 0.0 0.0 0.0
94 0 100 0.0 0.0 0.0
95 0 6 0.0 6.0 0.0
96 0 6 0.0 6.0 0.0
97 0 100 0.0 0.0 0.0
98 26 697 4285.277943143774 338608873.0 1451033134819.6714
99 0 100 0.0 0.0 0.0
100 26 647 4285.277943143774 270840023.0 1160624776682.4524
101 32 736 5549.980220652734 1568949659.9571877 8707639579962.224
102 30 727 5146.386239304723 975368744.113039 5019624282951.273
103 15 405 1756.7778603087352 3718561.2626164546 6532686098.366283
104 27 634 4506.6139001521815 322695819.13355976 1454265464028.2947
105 28 743 4724.12231882448 661587420.4621525 3125419898858.77
106 38 871 6636.579650383532 9337340793.302397 61968005897526.71
107 46 936 7782.801884860074 52822356774.14616 411105937864576.0
108 35 542 6117.310290426031 1065287283.17653 6516692859635.776
109 46 999 7782.801884860074 66820568001.443 520051242589051.3
110 56 1514 8760.68123103637 1732678666369.952 1.5179445471884364e+16
111 23 465 3602.4235623004615 49461325.446010746 178180644209.3205
112 40 788 6955.50474228233 9724149796.916908 67636370027119.31
113 19 479 2668.9360872348193 18860358.169736385 50337090537.383484
114 20 524 2902.6872563902634 31800125.30281273 92305818468.08807
115 30 561 5146.386239304723 432054712.5655562 2223520427374.1357
116 19 356 2668.9360872348193 8427539.997087335 22492565624.841213
117 35 743 6117.310290426031 3018534857.877734 18465314348105.14
118 34 1115 5933.442745663244 9286202643.023273 55099151707005.28
119 39 969 6798.773358825962 16333665430.058123 111048889377855.75
120 17 400 2206.0678959513543 6596693.855743963 14552754534.576311
121 29 642 4937.473672561782 529253941.2628495 2613177401084.8794
122 29 792 4937.473672561782 1016279370.8666039 5017852637621.508
123 46 1042 7782.801884860074 77796441194.84103 605474289166614.8
124 28 519 4724.12231882448 219712293.75991756 1037947750671.3472
125 20 597 2902.6872563902634 27481651.567901928 79770639790.70644
126 53 1087 8516.089422990353 299383971132.61053 2549580669975274.0
127 9 236 604.9491004987461 129504.22450458715 78343464.12483768
128 36 867 6295.82243666837 6167816396.52911 38831476854519.02
129 28 739 4724.12231882448 650705645.9738063 3074013065129.959
130 49 956 8126.242482129881 95521416823.7284 776230195346217.6
131 29 598 4937.473672561782 424478969.4010541 2095853735973.8628
132 30 822 5146.386239304723 1434570618.612105 7382854490936.2
133 47 1067 7902.318130854768 101176546187.66164 799529255356023.4
134 1 45 1.0 121.03674784737703 121.03674784737703
135 1 13 1.0 25.320989780782124 25.320989780782124
136 35 912 6117.310290426031 5938648397.271435 36328554951850.61
137 37 718 6468.923834840442 4001475298.5387588 25885238933242.652
138 39 947 6798.773358825962 15099888693.652407 102660720971641.33
139 43 1253 7393.130324549447 86466206630.18996 639255934286415.9
140 30 581 5146.386239304723 482313504.5065238 2482171582623.2104
141 27 482 4506.6139001521815 140381877.78087452 632646921736.7538
142 22 394 3370.209833397988 24057251.12032913 81077984290.258
143 23 674 3602.4235623004615 144300235.75883085 519830569343.12384
144 20 496 2902.6872563902634 27329366.46739378 79328603770.1233
145 27 914 4506.6139001521815 689239199.1807235 3106134955557.607
146 45 998 7658.1450374688 55722205919.96432 426728734742789.3
147 0 100 0.0 0.0 0.0
148 43 919 7393.130324549447 28942496048.41329 213975645203676.84
149 35 743 6117.310290426031 3018534857.877734 18465314348105.14
150 44 1364 7528.2761260995885 141318898797.1572 1063887691981322.4
151 31 632 5350.621552679651 779331934.6357464 4169910246153.5537
152 18 279 2436.3877014920204 3356249.884797597 8177125942.454875
153 37 879 6468.923834840442 7899838190.526519 51103451562079.79
154 40 1015 6955.50474228233 23278127334.526844 161911125066753.4
155 29 663 4937.473672561782 584922801.5779238 2888040933272.078
156 33 668 5744.298091538941 1416377971.8891273 8136097280820.509
157 22 541 3370.209833397988 59271982.24176356 199759017396.18246
158 22 556 3370.209833397988 64065992.271141164 215915837138.59946
159 20 529 2902.6872563902634 32644325.29545471 94756267028.5747
160 48 1031 8016.77096497358 106275862843.4029 851989251520506.9
161 48 1075 8016.77096497358 123836965821.41637 992772591987556.2
162 29 581 4937.473672561782 388094895.60480446 1916208329504.3354
163 26 641 4285.277943143774 263374721.0 1128633882682.9453
164 39 1201 6798.773358825962 34032114899.587868 231376636123822.06
165 29 623 4937.473672561782 482085529.92432135 2380284611924.332
166 45 1063 7658.1450374688 49031571843.6225 375490888593532.56
167 31 876 5350.621552679651 2197193103.025182 11756348772445.62
168 28 850 4724.12231882448 1000237320.9583393 4725243452060.496
169 57 980 8833.632285946418 379024377580.218 3348161978953359.5
170 53 1520 8516.089422990353 1063200425577.4698 9054309898779134.0
171 25 594 4060.496712466729 164942068.96008235 669746728759.8749
172 25 813 4060.496712466729 283313007.91950035 1150391537256.1917
173 28 622 4724.12231882448 383185623.1769268 1810215754702.7869
174 37 871 6468.923834840442 7660704892.709512 49556516472127.35
175 45 1152 7658.1450374688 93181733897.97247 713599233033496.1
176 41 990 7106.788070274764 25876632307.243137 183899741780002.1
177 24 589 3832.71054120725 125853778.49318384 482361103481.588
178 22 560 3370.209833397988 65385460.14939584 220362720756.74612
179 54 1084 8602.009448624298 348395131275.6907 2996898211088194.0
180 18 400 2436.3877014920204 8776900.418370932 21383932236.53911
181 43 857 7393.130324549447 22617466837.91588 167213879943887.38
182 35 791 6117.310290426031 3711657575.980352 22705361084082.348
183 38 696 6636.579650383532 4364042600.431406 28962316315429.9
184 22 491 3370.209833397988 44986043.15561187 151612405008.70938
185 49 1075 8126.242482129881 147164909449.63614 1195897739048430.2
186 41 652 7106.788070274764 6058981522.497676 43059897602101.71
187 38 856 6636.579650383532 8803159832.876348 58422871405940.87
188 32 1023 5549.980220652734 3243293497.9032564 18000214763134.69
189 24 556 3832.71054120725 106327935.93090026 407524200867.17053
190 22 576 3370.209833397988 70839314.67984991 238743354925.2046
191 37 963 6468.923834840442 10736882499.877556 69456075115339.16
192 41 981 7106.788070274764 25068086368.717716 178153577149820.5
193 44 677 7528.2761260995885 11697737821.766294 88063800372975.39
194 40 891 6955.50474228233 14853170148.455603 103311295405509.28
195 44 1361 7528.2761260995885 140216454942.96014 1055588190233405.5
196 22 609 3370.209833397988 49836246.46497223 167958607895.8951
197 32 805 5549.980220652734 2091414151.0432243 11607307171483.125
198 43 906 7393.130324549447 27522799731.28255 203479645309846.4
199 31 742 5350.621552679651 1297072816.3730087 6940145766680.316
