0 1 11 1.0 20.51504931294799 20.51504931294799
1 1 11 1.0 20.51504931294799 20.51504931294799
2 2 11 9.541850352986048 31.76494829034237 303.0963830567869
3 2 124 9.541850352986048 97.86086952638261 933.7737724338355
4 1 18 1.0 38.15436697768484 38.15436697768484
5 0 100 0.0 0.0 0.0
6 0 100 0.0 0.0 0.0
7 0 100 0.0 0.0 0.0
8 0 100 0.0 0.0 0.0
9 5 129 139.6884681067044 6842.204111735111 955777.0108416717
10 1 13 1.0 25.320989780782124 25.320989780782124
11 0 100 0.0 0.0 0.0
12 0 100 0.0 0.0 0.0
13 0 6 0.0 6.0 0.0
14 0 11 0.0 11.0 0.0
15 1 32 1.0 78.7716859795011 78.7716859795011
16 1 102 1.0 2.3948263510722025 2.3948263510722025
17 3 36 32.9215577265747 295.444715883087 9726.500268956508
18 0 6 0.0 6.0 0.0
19 1 19 1.0 40.84402933782601 40.84402933782601
20 1 19 1.0 40.84402933782601 40.84402933782601
21 4 54 75.61186198841948 916.9626779842689 69333.25545627807
22 0 100 0.0 0.0 0.0
23 0 100 0.0 0.0 0.0
24 0 100 0.0 0.0 0.0
25 12 198 1131.8354418063404 251320.85466166472 284453850.57113236
26 0 100 0.0 0.0 0.0
27 18 344 2436.3877014920204 5868900.278254742 14298916459.22295
28 0 6 0.0 6.0 0.0
29 0 100 0.0 0.0 0.0
30 0 100 0.0 0.0 0.0
31 1 7 1.0 11.607984241186918 11.607984241186918
32 0 100 0.0 0.0 0.0
33 0 5 0.0 5.0 0.0
34 0 100 0.0 0.0 0.0
35 2 127 9.541850352986048 115.98017876588344 1106.66550969663
36 0 100 0.0 0.0 0.0
37 15 244 1756.7778603087352 1037159.1258669969 1822058189.940301
38 6 70 225.58275470837765 3384.897920195671 763574.5972443977
39 0 100 0.0 0.0 0.0
40 0 100 0.0 0.0 0.0
41 0 100 0.0 0.0 0.0
42 2 11 9.541850352986048 31.76494829034237 303.0963830567869
43 0 100 0.0 0.0 0.0
44 4 32 75.61186198841948 374.7746947170294 28337.41249369607
45 0 100 0.0 0.0 0.0
46 1 30 1.0 72.61998620345668 72.61998620345668
47 0 100 0.0 0.0 0.0
48 0 100 0.0 0.0 0.0
49 0 6 0.0 6.0 0.0
50 0 100 0.0 0.0 0.0
51 1 101 1.0 1.0 1.0
52 7 222 332.66880679862265 14884.0 4951442.5203907
53 1 104 1.0 5.735193251789799 5.735193251789799
54 1 9 1.0 15.931997307697284 15.931997307697284
55 1 108 1.0 13.734791927877684 13.734791927877684
56 0 100 0.0 0.0 0.0
57 0 6 0.0 6.0 0.0
58 0 5 0.0 5.0 0.0
59 0 100 0.0 0.0 0.0
60 0 100 0.0 0.0 0.0
61 0 100 0.0 0.0 0.0
62 1 6 1.0 9.55892689827884 9.55892689827884
63 6 93 225.58275470837765 5828.709556476301 1314856.3581449701
64 8 112 459.67273235884244 18303.96846388381 8413835.196803555
65 1 7 1.0 11.607984241186918 11.607984241186918
66 2 38 9.541850352986048 189.8638195218893 1811.6521533242187
67 1 10 1.0 18.1937008646705 18.1937008646705
68 0 100 0.0 0.0 0.0
69 0 100 0.0 0.0 0.0
70 0 5 0.0 5.0 0.0
71 0 100 0.0 0.0 0.0
72 4 160 75.61186198841948 1097.9836363389938 83020.58717640696
73 0 100 0.0 0.0 0.0
74 1 11 1.0 20.51504931294799 20.51504931294799
75 0 5 0.0 5.0 0.0
76 15 352 1756.7778603087352 2611472.2322071567 4587776600.352565
77 0 10 0.0 10.0 0.0
78 1 6 1.0 9.55892689827884 9.55892689827884
79 0 100 0.0 0.0 0.0
80 1 105 1.0 7.59708563275366 7.59708563275366
81 0 100 0.0 0.0 0.0
82 5 105 139.6884681067044 4707.005408790302 657514.3749238892
83 30 563 5146.386239304723 436911882.1380623 2248517298024.051
84 0 100 0.0 0.0 0.0
85 0 100 0.0 0.0 0.0
86 21 352 3136.7198300107975 13661950.273266116 42853710338.77526
87 0 100 0.0 0.0 0.0
88 0 100 0.0 0.0 0.0
89 0 6 0.0 6.0 0.0
90 2 27 9.541850352986048 115.98017876588344 1106.66550969663
91 0 8 0.0 8.0 0.0
92 0 100 0.0 0.0 0.0
93 0 8 0.0 8.0 0.0
94 17 411 2206.0678959513543 7082775.241555386 15625083074.634436
95 2 31 9.541850352986048 141.5519192260369 1350.6672304328126
96 32 643 5549.980220652734 1017262655.5511718 5645787617517.679
97 1 10 1.0 18.1937008646705 18.1937008646705
98 0 100 0.0 0.0 0.0
99 0 7 0.0 7.0 0.0
100 23 434 3602.4235623004615 40535623.55973487 146026485424.1306
101 6 227 225.58275470837765 10578.68633606439 2386369.2048852793
102 14 227 1540.4353185285338 646337.5928102317 995641255.657595
103 7 110 332.66880679862265 12100.0 4025292.562263334
104 26 432 4285.277943143774 80621568.0 345485827092.0659
105 31 515 5350.621552679651 406865903.4468276 2176985472033.0737
106 13 192 1331.5823725933528 318478.99429131305 424081014.8395715
107 9 96 604.9491004987461 18649.78843579835 11282172.738728128
108 0 100 0.0 0.0 0.0
109 6 181 225.58275470837765 4475.076918624486 1009500.1788351899
110 19 321 2668.9360872348193 6363578.64921082 16983984700.835762
111 27 496 4506.6139001521815 153133402.64926273 690113120956.7683
112 5 99 139.6884681067044 4229.702363015084 590840.6436368847
113 20 370 2902.6872563902634 12175136.14678458 35340612538.08805
114 18 331 2436.3877014920204 5295575.60794222 12902075283.511553
115 11 326 942.9223974109915 245223.9691790364 231227172.92093608
116 15 342 1756.7778603087352 2428542.2533234004 4266409263.4628377
117 13 212 1331.5823725933528 404389.97349520394 538478560.3597068
118 1 105 1.0 7.59708563275366 7.59708563275366
119 2 31 9.541850352986048 141.5519192260369 1350.6672304328126
120 21 440 3136.7198300107975 25530444.03259466 80081850066.0205
121 3 49 32.9215577265747 481.96892224029307 15867.1676959488
122 4 87 75.61186198841948 2072.675291085697 156718.8380563789
123 5 88 139.6884681067044 3414.7546568712237 477001.8469785762
124 0 100 0.0 0.0 0.0
125 8 286 459.67273235884244 52574.74337086476 24167175.938350342
126 30 448 5146.386239304723 213144169.5709881 1096922221268.1655
127 28 360 4724.12231882448 71411998.08234647 337359013972.66394
128 15 454 1756.7778603087352 4958624.244816546 8711201290.88383
129 30 626 5146.386239304723 609683586.4050131 3137667219404.7114
130 0 100 0.0 0.0 0.0
131 13 231 1331.5823725933528 497325.9591017296 662230480.5729458
132 18 237 2436.3877014920204 2171612.8448398258 5290890827.569851
133 17 290 2206.0678959513543 2839934.7516160733 6265088882.136803
134 19 421 2668.9360872348193 13286101.06904484 35459754601.82288
135 20 342 2902.6872563902634 9799093.183761248 28443702908.68447
136 12 170 1131.8354418063404 175602.9947070889 198753693.09681442
137 13 307 1331.5823725933528 987091.2805406506 1314393349.3085303
138 23 382 3602.4235623004615 28051723.61848025 101054190126.35362
139 16 286 1979.1134619514044 2070183.1096032152 4097127260.920143
140 17 259 2206.0678959513543 2111711.516257531 4658578981.526496
141 16 242 1979.1134619514044 1347288.3860441179 2666436581.950694
142 15 290 1756.7778603087352 1602707.028719395 2815600224.6154294
143 12 107 1131.8354418063404 59123.54568820388 66918124.45516559
144 27 446 4506.6139001521815 110902417.90227379 499794378078.87317
145 20 329 2902.6872563902634 8805471.576512534 25559530131.649616
146 11 178 942.9223974109915 141963.15962971188 133860242.82208721
147 16 171 1979.1134619514044 551647.6731480679 1091773336.1815095
148 13 162 1331.5823725933528 211468.4197266604 281587620.06819344
149 19 414 2668.9360872348193 12694974.374791807 33882075235.40314
150 30 440 5146.386239304723 201414667.35583523 1036557672474.2086
151 29 530 4937.473672561782 291714849.5860641 1440334389726.5117
152 13 232 1331.5823725933528 502530.6646917638 669160974.7911735
153 11 230 942.9223974109915 255274.23409808215 240703792.8130183
154 21 548 3136.7198300107975 47224877.81097594 148131210699.52515
155 12 207 1131.8354418063404 279011.0535465811 315794599.05974716
156 22 365 3370.209833397988 19356198.622062154 65234450933.27846
157 12 187 1131.8354418063404 219715.13514294155 248681377.05605105
158 4 170 75.61186198841948 1429.1350405139644 108059.56144615616
159 15 279 1756.7778603087352 1453906.341556328 2554190471.808627
160 21 372 3136.7198300107975 15950063.584047021 50030880734.01338
161 0 100 0.0 0.0 0.0
162 34 681 5933.442745663244 1851024084.4877615 10982945426151.855
163 30 522 5146.386239304723 344538324.7433511 1773127293372.284
164 11 204 942.9223974109915 193969.34325940354 182898038.17039233
165 24 436 3832.71054120725 52228230.77276623 200175690631.38602
166 10 106 766.6651705632711 31933.014755119944 24481930.203833483
167 23 400 3602.4235623004615 32036112.40591651 115407646175.57976
168 37 659 6468.923834840442 2999324385.2297587 19402401004030.94
169 19 286 2668.9360872348193 4651609.332072108 12414848010.085503
170 21 391 3136.7198300107975 18339235.448233128 57525043497.70981
171 12 209 1131.8354418063404 285391.11164615024 323015774.9376231
172 6 239 225.58275470837765 12573.026663212622 2836257.9897093847
173 12 383 1131.8354418063404 582063.6692774663 658800290.2760806
174 35 596 6117.310290426031 1457676819.1587696 8917061405955.426
175 35 544 6117.310290426031 1078322206.4645586 6596431530000.548
176 14 265 1540.4353185285338 946756.3646287718 1458416942.1158388
177 9 176 604.9491004987461 68835.16986212213 41641774.09076918
178 21 353 3136.7198300107975 13770982.618961489 43195714259.63053
179 4 111 75.61186198841948 3143.78687811244 237707.57954884192
180 11 192 942.9223974109915 168832.0419378618 159195513.7438417
181 16 344 1979.1134619514044 3328174.026710203 6586834019.979176
182 13 265 1331.5823725933528 692416.3228329758 922009369.9802989
183 33 545 5744.298091538941 732592387.8886111 4208229055624.504
184 24 451 3832.71054120725 57657962.16093209 220986279358.73315
185 21 311 3136.7198300107975 9656342.291797638 30289240352.053562
186 11 180 942.9223974109915 145641.49049735971 137328623.38228056
187 17 234 2206.0678959513543 1618460.368876729 3570433460.648538
188 33 634 5744.298091538941 1195862997.3645508 6869393533503.227
189 23 368 3602.4235623004615 25187544.334022824 90736203185.3713
190 24 394 3832.71054120725 38839800.641951844 148861713338.79697
191 6 189 225.58275470837765 5358.570280584671 1208801.0451927343
192 10 145 766.6651705632711 64097.25121371274 49141130.034397915
193 33 485 5744.298091538941 502065791.5525337 2884015568242.207
194 16 258 1979.1134619514044 1588376.1362783175 3143576593.9507766
195 15 205 1756.7778603087352 668736.0004280698 1174820599.943446
196 19 384 2668.9360872348193 10350330.140537502 27624369626.87478
197 17 194 2206.0678959513543 990231.4040660396 2184517710.072923
198 9 205 604.9491004987461 22621.44489281392 13684822.739889735
199 19 232 2668.9360872348193 2635859.5049767387 7034940553.713325
