0 1 21 1.0 46.33316012586883 46.33316012586883
1 0 5 0.0 5.0 0.0
2 0 100 0.0 0.0 0.0
3 57 1145 8833.632285946418 692243213219.6803 6115021998024658.0
4 0 5 0.0 5.0 0.0
5 11 264 942.9223974109915 350016.89658172324 330038771.25919354
6 0 100 0.0 0.0 0.0
7 0 100 0.0 0.0 0.0
8 1 106 1.0 9.55892689827884 9.55892689827884
9 0 18 0.0 18.0 0.0
10 0 100 0.0 0.0 0.0
11 36 651 6295.82243666837 2373974509.8638296 14946121983279.494
12 4 207 75.61186198841948 2952.551261146638 223247.89847155346
13 0 5 0.0 5.0 0.0
14 1 10 1.0 18.1937008646705 18.1937008646705
15 0 100 0.0 0.0 0.0
16 27 757 4506.6139001521815 552879893.9567995 2491616215220.377
17 15 422 1756.7778603087352 4124514.540858635 7245855829.901898
18 18 496 2436.3877014920204 15582163.23660601 37964190872.307976
19 1 10 1.0 18.1937008646705 18.1937008646705
20 0 100 0.0 0.0 0.0
21 1 13 1.0 25.320989780782124 25.320989780782124
22 0 100 0.0 0.0 0.0
23 4 175 75.61186198841948 6847.643004718539 517763.0378187442
24 0 6 0.0 6.0 0.0
25 0 5 0.0 5.0 0.0
26 0 6 0.0 6.0 0.0
27 21 491 3136.7198300107975 34714921.13175281 108890981511.22992
28 0 10 0.0 10.0 0.0
29 0 100 0.0 0.0 0.0
30 0 100 0.0 0.0 0.0
31 0 100 0.0 0.0 0.0
32 0 100 0.0 0.0 0.0
33 8 147 459.67273235884244 32225.65307789171 14813254.002362624
34 7 212 332.66880679862265 44944.0 14951466.852757297
35 1 104 1.0 5.735193251789799 5.735193251789799
36 1 6 1.0 9.55892689827884 9.55892689827884
37 17 544 2206.0678959513543 8671737.762163877 19130442279.218773
38 1 9 1.0 15.931997307697284 15.931997307697284
39 0 100 0.0 0.0 0.0
40 1 111 1.0 20.51504931294799 20.51504931294799
41 0 100 0.0 0.0 0.0
42 0 100 0.0 0.0 0.0
43 20 371 2902.6872563902634 12266136.615978345 35604758440.34233
44 0 18 0.0 18.0 0.0
45 21 529 3136.7198300107975 23782027.062263392 74597555884.05501
46 0 100 0.0 0.0 0.0
47 0 100 0.0 0.0 0.0
48 44 1104 7528.2761260995885 66606455480.97184 501431788641515.4
49 17 410 2206.0678959513543 7037700.930936342 15525646085.045624
50 22 548 3370.209833397988 61479113.3277395 207197512285.73697
51 0 100 0.0 0.0 0.0
52 0 18 0.0 18.0 0.0
53 25 588 4060.496712466729 160055071.75705904 649903092683.1647
54 0 9 0.0 9.0 0.0
55 0 100 0.0 0.0 0.0
56 0 100 0.0 0.0 0.0
57 2 33 9.541850352986048 154.90879557685506 1478.1165457556579
58 0 9 0.0 9.0 0.0
59 5 154 139.6884681067044 1405.9451433371921 196394.3233148333
60 0 100 0.0 0.0 0.0
61 0 100 0.0 0.0 0.0
62 0 100 0.0 0.0 0.0
63 2 120 9.541850352986048 75.23327232919837 717.8646261306569
64 0 18 0.0 18.0 0.0
65 2 25 9.541850352986048 103.79546451213633 990.4007896934788
66 0 18 0.0 18.0 0.0
67 0 100 0.0 0.0 0.0
68 1 13 1.0 25.320989780782124 25.320989780782124
69 1 10 1.0 18.1937008646705 18.1937008646705
70 0 100 0.0 0.0 0.0
71 1 105 1.0 7.59708563275366 7.59708563275366
72 19 398 2668.9360872348193 11406920.425432777 30444341567.653496
73 1 115 1.0 30.323695983612147 30.323695983612147
74 3 136 32.9215577265747 295.444715883087 9726.500268956508
75 0 100 0.0 0.0 0.0
76 1 112 1.0 22.891970023971037 22.891970023971037
77 2 28 9.541850352986048 122.22584512913716 1166.2607234894754
78 0 100 0.0 0.0 0.0
79 1 36 1.0 91.37308344663872 91.37308344663872
80 31 890 5350.621552679651 2310625694.356666 12363283640400.162
81 0 100 0.0 0.0 0.0
82 0 8 0.0 8.0 0.0
83 0 10 0.0 10.0 0.0
84 4 46 75.61186198841948 697.0692055589992 52706.70056710426
85 19 575 2668.9360872348193 30966420.977713604 82647398439.92517
86 0 18 0.0 18.0 0.0
87 0 100 0.0 0.0 0.0
88 1 26 1.0 60.63937356224698 60.63937356224698
89 0 100 0.0 0.0 0.0
90 0 10 0.0 10.0 0.0
91 0 100 0.0 0.0 0.0
92 40 1050 6955.50474228233 26164776389.909294 181989226260770.84
93 0 100 0.0 0.0 0.0
94 1 104 1.0 5.735193251789799 5.735193251789799
95 4 100 75.61186198841948 2629.9766541734707 198857.43180812968
96 0 100 0.0 0.0 0.0
97 0 100 0.0 0.0 0.0
98 0 10 0.0 10.0 0.0
99 0 100 0.0 0.0 0.0
100 32 743 5549.980220652734 1617317110.331755 8976077972864.475
101 19 545 2668.9360872348193 26774592.62486807 71459676477.52164
102 29 520 4937.473672561782 274950095.9795629 1357558860167.4268
103 22 614 3370.209833397988 84953243.52852269 286310256718.88116
104 38 774 6636.579650383532 6256499321.040136 41521756076653.35
105 16 446 1979.1134619514044 6489122.155727464 12842709014.64734
106 35 658 6117.310290426031 2021049133.2021084 12363384659993.87
107 15 424 1756.7778603087352 4173948.603269445 7332700496.290329
108 15 317 1756.7778603087352 771808.5793093643 1355896224.5270298
109 38 1089 6636.579650383532 19916072501.044342 132174601475993.94
110 49 1008 8126.242482129881 116102936785.8793 943480617209452.5
111 23 529 3602.4235623004615 71747297.22099671 258464154040.29297
112 42 956 7252.650449022947 27652245176.3971 200552068395089.03
113 26 681 4285.277943143774 315821241.0 1353381798033.594
114 0 100 0.0 0.0 0.0
115 29 724 4937.473672561782 768904905.0929842 3796447725600.225
116 40 872 6955.50474228233 13789218043.292183 95910971492483.84
117 33 641 5744.298091538941 1239168591.1110086 7118153773013.965
118 32 686 5549.980220652734 1252007620.0810049 6948617527556.079
119 8 288 459.67273235884244 53757.48635060659 24710850.635526508
120 19 457 2668.9360872348193 8491952.86908583 22664479463.400433
121 47 1119 7902.318130854768 120277354867.18654 950469922098221.2
122 19 428 2668.9360872348193 13894320.857445085 37083054344.05463
123 0 100 0.0 0.0 0.0
124 52 1333 8425.648590871551 546707428004.32306 4606364670383635.0
125 35 685 6117.310290426031 2308043381.3718343 14119017527615.615
126 46 1022 7782.801884860074 72541224071.26321 564573975431884.4
127 25 850 4060.496712466729 329122587.8959501 1336401186150.0474
128 48 1634 8016.77096497358 573154336111.8739 4594847040190379.0
129 53 1091 8516.089422990353 303569438598.69257 2585224485193445.5
130 48 1191 8016.77096497358 180177879868.13812 1444444795857387.5
131 57 1228 8833.632285946418 907623634400.6062 8017613440329223.0
132 27 653 4506.6139001521815 352967178.2533065 1590686791813.844
133 38 1440 6636.579650383532 51365914481.154564 340893982768971.1
134 43 1032 7393.130324549447 43585205957.15462 322231107863573.0
135 22 620 3370.209833397988 87335441.60699074 294338764108.03595
136 36 791 6295.82243666837 4543253901.80957 28603519850493.81
137 58 1001 8902.46046345971 479379115429.73987 4267653622121548.0
138 46 977 7782.801884860074 61660845910.35884 479894147773207.4
139 22 422 3370.209833397988 29244176.143544376 98559010008.5961
140 24 599 3832.71054120725 132204213.01927812 506700480830.99603
141 50 1207 8230.818941038662 268098868208.56317 2206673242522069.8
142 36 1108 6295.82243666837 13966317726.257206 87929456498609.3
143 47 1181 7902.318130854768 146317782478.04575 1156249665342725.0
144 27 741 4506.6139001521815 518153363.49204177 2335117150323.8413
145 44 1005 7528.2761260995885 47685282958.70089 358987977264291.44
146 35 844 6117.310290426031 4598009498.679097 28127450821746.277
147 53 1137 8516.089422990353 354854893581.95557 3021976005929659.0
148 33 656 5744.298091538941 1335595419.985385 7672058222090.196
149 20 438 2902.6872563902634 19392186.746418327 56289453342.368645
150 55 1277 8683.506947919002 765347827992.4119 6645903181946826.0
151 45 999 7658.1450374688 55922520393.22659 428262772032136.0
152 50 1173 8230.818941038662 241143810292.115 1984811041266574.0
153 26 658 4285.277943143774 284890312.0 1220834170228.948
154 26 808 4285.277943143774 527514112.0 2260544588850.6743
155 17 533 2206.0678959513543 8119942.71379641 17913144937.870377
156 38 1023 6636.579650383532 16111081370.255854 106922474767513.22
157 19 460 2668.9360872348193 16898056.856651843 45099833748.86388
158 30 958 5146.386239304723 2320619450.0789876 11942804004549.395
159 41 926 7106.788070274764 20512511366.714424 145778071072341.56
160 40 1069 6955.50474228233 19837782911.67622 137981793118531.31
161 47 1042 7902.318130854768 92823760169.77985 733522882963766.0
162 46 1190 7782.801884860074 125635995397.25702 977800061784043.5
163 1 104 1.0 5.735193251789799 5.735193251789799
164 40 875 6955.50474228233 13953491423.46776 97053575767325.83
165 40 1281 6955.50474228233 51940303683.16749 361271028583855.8
166 18 432 2436.3877014920204 10777776.54572248 26258842225.427402
167 56 1343 8760.68123103637 1092456299898.4983 9570661402248214.0
168 35 916 6117.310290426031 6025087701.150743 36857330994968.76
169 35 915 6117.310290426031 6003396199.430911 36724637348283.24
170 52 1034 8425.648590871551 210571967751.61844 1774205403363473.8
171 33 786 5744.298091538941 2399081765.4470563 13781040806703.398
172 28 712 4724.12231882448 580393151.710584 2741848241688.8525
173 59 1297 8967.266196081293 1537262316455.5125 1.378504040486114e+16
174 60 1139 9028.149747574074 1076457851863.8389 9718422683578648.0
175 31 726 5350.621552679651 1210340602.7884467 6476074515363.144
176 24 803 3832.71054120725 311486894.4889078 1193839103955.5474
177 20 635 2902.6872563902634 54030649.9265851 156834078996.38208
178 41 1143 7106.788070274764 42643238381.9911 303056457811017.25
179 38 937 6636.579650383532 11961821194.316105 79385579119724.7
180 15 482 1756.7778603087352 3209164.402668843 5637788972.699531
181 52 1315 8425.648590871551 519489021360.76697 4377031940801587.5
182 44 907 7528.2761260995885 33104997289.192513 249223560746819.6
183 42 1148 7252.650449022947 52504251979.90473 380794986697670.0
184 34 759 5933.442745663244 2639136409.957441 15659164786477.715
185 39 1307 6798.773358825962 34617094459.50086 235353779571216.25
186 19 535 2668.9360872348193 25461944.6792607 67956303005.65548
187 28 744 4724.12231882448 664326911.8745285 3138361591382.204
188 41 1073 7106.788070274764 34233033378.219566 243286913221648.62
189 22 693 3370.209833397988 76948237.32604875 259331706098.89157
190 29 497 4937.473672561782 238894537.119992 1179535487548.794
191 16 510 1979.1134619514044 5226404.644862808 10343647790.253332
192 27 744 4506.6139001521815 338401163.8971298 1525043389046.4817
193 39 1096 6798.773358825962 17943315819.905308 121992537565372.62
194 49 1064 8126.242482129881 141692969474.46542 1151431427962533.2
195 38 765 6636.579650383532 6013200109.126501 39907081477912.97
196 47 1366 7902.318130854768 248304200907.9918 1962178788802628.5
197 53 1368 8516.089422990353 713941562079.8716 6079990185461605.0
198 20 642 2902.6872563902634 55689877.80708512 161650298620.55692
199 21 674 3136.7198300107975 84336637.77722798 264540404112.26877
