0 2 24 9.541850352986048 97.86086952638261 933.7737724338355
1 0 100 0.0 0.0 0.0
2 3 29 32.9215577265747 209.61005902119368 6900.689658136957
3 4 41 75.61186198841948 572.5607883495287 43292.38730866522
4 0 10 0.0 10.0 0.0
5 1 108 1.0 13.734791927877684 13.734791927877684
6 1 17 1.0 35.503281577765854 35.503281577765854
7 3 45 32.9215577265747 421.0282951259743 13860.907322511091
8 0 10 0.0 10.0 0.0
9 3 42 32.9215577265747 377.3528472077043 12423.04354263576
10 7 145 332.66880679862265 21025.0 6994361.662941041
11 5 151 139.6884681067044 1267.2460047423704 177019.65311680315
12 1 10 1.0 18.1937008646705 18.1937008646705
13 1 9 1.0 15.931997307697284 15.931997307697284
14 3 16 32.9215577265747 81.54950460903234 2684.7367235598276
15 1 23 1.0 51.960050539976365 51.960050539976365
16 2 12 9.541850352986048 36.01211998010309 343.62225974392254
17 8 137 459.67273235884244 27832.86327038359 12794008.308867292
18 2 22 9.541850352986048 86.31942417916456 823.6470280735138
19 0 6 0.0 6.0 0.0
20 11 93 942.9223974109915 32114.483001257806 30281465.303160544
21 0 100 0.0 0.0 0.0
22 0 100 0.0 0.0 0.0
23 0 100 0.0 0.0 0.0
24 10 163 766.6651705632711 83149.79614194512 63748052.641465575
25 4 45 75.61186198841948 671.3571728121805 50762.565895610074
26 0 9 0.0 9.0 0.0
27 0 100 0.0 0.0 0.0
28 0 100 0.0 0.0 0.0
29 0 9 0.0 9.0 0.0
30 5 81 139.6884681067044 2937.2940727723303 410306.1094044695
31 1 30 1.0 72.61998620345668 72.61998620345668
32 7 92 332.66880679862265 8464.0 2815708.780743542
33 9 146 604.9491004987461 46021.08717513291 27840415.290571038
34 7 191 332.66880679862265 8281.0 2754830.389099394
35 1 27 1.0 63.59241768810072 63.59241768810072
36 1 11 1.0 20.51504931294799 20.51504931294799
37 0 100 0.0 0.0 0.0
38 13 192 1331.5823725933528 318478.99429131305 424081014.8395715
39 1 102 1.0 2.3948263510722025 2.3948263510722025
40 1 20 1.0 43.57075425423803 43.57075425423803
41 1 17 1.0 35.503281577765854 35.503281577765854
42 4 149 75.61186198841948 776.5950928818146 58719.80098386357
43 11 241 942.9223974109915 284091.1267628438 267875886.33041057
44 1 10 1.0 18.1937008646705 18.1937008646705
45 7 139 332.66880679862265 19321.0 6427494.016156188
46 1 7 1.0 11.607984241186918 11.607984241186918
47 2 29 9.541850352986048 128.5709592386038 1226.8048527946264
48 0 100 0.0 0.0 0.0
49 5 165 139.6884681067044 1969.1653870843556 275069.6963705592
50 3 28 32.9215577265747 198.25318874016915 6526.8037975869875
51 1 10 1.0 18.1937008646705 18.1937008646705
52 2 18 9.541850352986048 64.62733255388774 616.6643359418604
53 10 124 766.6651705632711 45261.41727827692 34700352.19758556
54 2 19 9.541850352986048 69.8685662777562 666.6754038000371
55 0 100 0.0 0.0 0.0
56 0 100 0.0 0.0 0.0
57 0 5 0.0 5.0 0.0
58 9 132 604.9491004987461 37037.19091196814 22405615.327195458
59 4 40 75.61186198841948 548.8883970182196 41502.47372238642
60 0 100 0.0 0.0 0.0
61 0 100 0.0 0.0 0.0
62 2 118 9.541850352986048 64.62733255388774 616.6643359418604
63 4 119 75.61186198841948 153.68727113727346 11620.580734608324
64 1 107 1.0 11.607984241186918 11.607984241186918
65 1 19 1.0 40.84402933782601 40.84402933782601
66 8 204 459.67273235884244 63712.45626749692 29286878.857773565
67 1 101 1.0 1.0 1.0
68 5 57 139.6884681067044 1551.0877169304622 216669.0670771418
69 3 32 32.9215577265747 245.06238675558936 8067.83551218631
70 7 92 332.66880679862265 8464.0 2815708.780743542
71 2 117 9.541850352986048 59.51335422080222 567.8675199791454
72 0 100 0.0 0.0 0.0
73 1 106 1.0 9.55892689827884 9.55892689827884
74 0 100 0.0 0.0 0.0
75 0 100 0.0 0.0 0.0
76 10 176 766.6651705632711 98622.37714481588 75610341.59508552
77 0 100 0.0 0.0 0.0
78 4 175 75.61186198841948 1608.0874365260645 121590.48531592006
79 2 15 9.541850352986048 49.68406405407534 474.0779041321602
80 4 52 75.61186198841948 859.6554919481086 65000.15241476724
81 6 63 225.58275470837765 2767.0349550527303 624195.3675351668
82 1 102 1.0 2.3948263510722025 2.3948263510722025
83 2 106 9.541850352986048 13.252209915340185 126.45060385853394
84 0 6 0.0 6.0 0.0
85 0 100 0.0 0.0 0.0
86 10 132 766.6651705632711 52013.27544633191 39876766.69161645
87 0 100 0.0 0.0 0.0
88 0 100 0.0 0.0 0.0
89 6 72 225.58275470837765 3572.3109038912485 805851.7343745624
90 0 9 0.0 9.0 0.0
91 2 115 9.541850352986048 49.68406405407534 474.0779041321602
92 0 100 0.0 0.0 0.0
93 0 5 0.0 5.0 0.0
94 0 5 0.0 5.0 0.0
95 4 78 75.61186198841948 1719.6349352173313 130024.79939211752
96 5 46 139.6884681067044 1050.58572833688 146754.71100614508
97 2 23 9.541850352986048 92.0346545141889 878.1809006631623
98 0 100 0.0 0.0 0.0
99 5 45 139.6884681067044 1009.4539298642129 141009.0730870245
100 3 51 32.9215577265747 513.5688732735056 16907.48730804564
101 11 107 942.9223974109915 44271.988383832344 41745049.42503476
102 4 45 75.61186198841948 671.3571728121805 50762.565895610074
103 1 106 1.0 9.55892689827884 9.55892689827884
104 2 15 9.541850352986048 49.68406405407534 474.0779041321602
105 3 34 32.9215577265747 269.81820202916316 8882.83551378369
106 8 93 459.67273235884244 12433.962042190109 5715553.30597966
107 4 82 75.61186198841948 1873.1633591984112 141633.36939747448
108 2 18 9.541850352986048 64.62733255388774 616.6643359418604
109 6 104 225.58275470837765 7218.483555423629 1628365.4052495863
110 6 104 225.58275470837765 7218.483555423629 1628365.4052495863
111 1 28 1.0 66.57403288693754 66.57403288693754
112 3 145 32.9215577265747 421.0282951259743 13860.907322511091
113 10 113 766.6651705632711 36813.370582561554 28223529.036688462
114 0 100 0.0 0.0 0.0
115 4 73 75.61186198841948 1535.4556318691968 116098.65932623514
116 9 91 604.9491004987461 16619.836032718053 10054154.858429436
117 5 43 139.6884681067044 929.4139107485241 129828.40542952261
118 6 65 225.58275470837765 2937.504168606418 662650.2823215784
119 3 38 32.9215577265747 321.92161897300775 10598.16116245226
120 10 161 766.6651705632711 80897.81870740736 62021539.97751105
121 4 61 75.61186198841948 1129.4605717070829 85400.6168692773
122 7 82 332.66880679862265 6724.0 2236865.056913939
123 2 122 9.541850352986048 86.31942417916456 823.6470280735138
124 1 113 1.0 25.320989780782124 25.320989780782124
125 10 224 766.6651705632711 168618.33658151308 129273805.77536078
126 3 126 32.9215577265747 176.25042831919396 5802.438650243859
127 3 29 32.9215577265747 209.61005902119368 6900.689658136957
128 6 53 225.58275470837765 1988.0215081420156 448463.36822617933
129 7 106 332.66880679862265 11236.0 3737866.7131893244
130 6 111 225.58275470837765 8176.399536993932 1844454.7311513948
131 9 113 604.9491004987461 26498.629929601415 16030322.340361528
132 10 127 766.6651705632711 47732.874639030575 36595132.47660761
133 6 71 225.58275470837765 3478.001961782023 784577.2634199304
134 1 19 1.0 40.84402933782601 40.84402933782601
135 10 133 766.6651705632711 52893.67773024879 40551740.45877988
136 3 42 32.9215577265747 377.3528472077043 12423.04354263576
137 7 65 332.66880679862265 4225.0 1405525.7087241807
138 11 104 942.9223974109915 41481.41690305604 39113757.074234426
139 9 97 604.9491004987461 19070.84539875929 11536890.769730086
140 7 45 332.66880679862265 2025.0 673654.3337672108
141 12 175 1131.8354418063404 187989.31688919218 212772971.53615096
142 10 105 766.6651705632711 31266.895374512824 23971239.675284825
143 11 108 942.9223974109915 45224.9679862338 42643635.23641492
144 10 127 766.6651705632711 47732.874639030575 36595132.47660761
145 7 113 332.66880679862265 12769.0 4247847.994011613
146 6 67 225.58275470837765 3112.8302065571443 702200.8129346088
147 10 140 766.6651705632711 59285.163668541216 45451870.11581359
148 5 48 139.6884681067044 1135.058052192084 158554.52052289192
149 12 169 1131.8354418063404 173183.80963665945 196015573.69381362
150 10 138 766.6651705632711 57418.05598112961 44020423.68218418
151 2 113 9.541850352986048 40.41888428935346 385.6709453236695
152 8 68 459.67273235884244 6482.942130437469 2980031.7228224464
153 9 137 604.9491004987461 40125.91166909431 24274134.170910746
154 4 174 75.61186198841948 1571.597319835911 118831.39964880285
155 7 90 332.66880679862265 8100.0 2694617.3350688433
156 8 80 459.67273235884244 9090.477490208035 4178644.62637048
157 11 123 942.9223974109915 60909.957055037776 57433362.732536756
158 7 120 332.66880679862265 14400.0 4790430.817900166
159 9 111 604.9491004987461 25498.508505617654 15425299.784533028
160 4 38 75.61186198841948 502.796158813779 38017.3537685349
161 0 100 0.0 0.0 0.0
162 8 111 459.67273235884244 17965.662675976404 8258325.250903347
163 8 113 459.67273235884244 18645.55254126269 8570852.082982577
164 12 101 1131.8354418063404 51621.47046764421 58427009.833439045
165 4 159 75.61186198841948 1066.8769814059906 80668.55507669134
166 6 120 225.58275470837765 9491.407950004868 2141097.9514230937
167 7 61 332.66880679862265 3721.0 1237860.630097675
168 11 131 942.9223974109915 70362.49243463796 66346370.05428157
169 5 25 139.6884681067044 346.9169961441875 48460.30375156103
170 12 151 1131.8354418063404 132893.60415581556 150413691.1729344
171 11 160 942.9223974109915 111217.99791590677 104869941.23011747
172 8 138 459.67273235884244 28257.118371009565 12989026.81018921
173 9 82 604.9491004987461 13279.65993684537 8033518.333723842
174 11 128 942.9223974109915 66727.75730374745 62919096.89070834
175 10 235 766.6651705632711 187589.15153005926 143818068.85361218
176 8 100 459.67273235884244 14459.978462742583 6646857.809818897
177 9 262 604.9491004987461 57577.89660287633 34831696.75851985
178 6 94 225.58275470837765 5949.1894450157 1342034.543288646
179 9 127 604.9491004987461 34080.638090162705 20617051.357067235
180 2 20 9.541850352986048 75.23327232919837 717.8646261306569
181 12 180 1131.8354418063404 200863.24359139695 227344138.05292335
182 11 157 942.9223974109915 106501.37495943412 100422531.80431657
183 4 133 75.61186198841948 395.0229353848392 29868.419672578806
184 8 143 459.67273235884244 30428.435598390966 13987122.132917445
185 12 168 1131.8354418063404 170783.8914273342 193299261.20706287
186 10 149 766.6651705632711 68096.21827794517 52206998.800774574
187 7 94 332.66880679862265 8836.0 2939461.5768726296
188 5 153 139.6884681067044 1358.9929081032851 189835.63750082318
189 3 22 32.9215577265747 135.19579244279535 4450.856085295499
190 6 67 225.58275470837765 3112.8302065571443 702200.8129346088
191 12 161 1131.8354418063404 154520.54529329904 174891829.65019777
192 7 85 332.66880679862265 7225.0 2403532.1291200486
193 14 148 1540.4353185285338 225074.16465207413 346712192.5183615
194 11 163 942.9223974109915 116050.04572860713 109426187.33807343
195 9 115 604.9491004987461 27519.39696484649 16647834.440151809
196 10 117 766.6651705632711 39774.44974103781 30493685.294773005
197 7 143 332.66880679862265 20449.0 6802744.430225034
198 13 136 1331.5823725933528 138717.8328505532 184714220.9881478
199 10 122 766.6651705632711 43653.86742578588 33467899.715736557
