0 1 105 1.0 7.59708563275366 7.59708563275366
1 1 106 1.0 9.55892689827884 9.55892689827884
2 4 137 75.61186198841948 480.38255499420245 36322.61944986597
3 1 17 1.0 35.503281577765854 35.503281577765854
4 0 100 0.0 0.0 0.0
5 4 67 75.61186198841948 1326.001420918201 100261.43643491513
6 0 5 0.0 5.0 0.0
7 3 52 32.9215577265747 529.6457757489877 17436.763980956737
8 0 100 0.0 0.0 0.0
9 1 20 1.0 43.57075425423803 43.57075425423803
10 0 100 0.0 0.0 0.0
11 3 45 32.9215577265747 421.0282951259743 13860.907322511091
12 2 64 9.541850352986048 402.6820690045564 3842.3320422722786
13 0 100 0.0 0.0 0.0
14 0 100 0.0 0.0 0.0
15 1 7 1.0 11.607984241186918 11.607984241186918
16 4 154 75.61186198841948 916.9626779842689 69333.25545627807
17 0 100 0.0 0.0 0.0
18 8 129 459.67273235884244 24558.59479359431 11288916.371665139
19 0 100 0.0 0.0 0.0
20 0 100 0.0 0.0 0.0
21 1 12 1.0 22.891970023971037 22.891970023971037
22 0 100 0.0 0.0 0.0
23 4 74 75.61186198841948 1571.597319835911 118831.39964880285
24 0 100 0.0 0.0 0.0
25 0 100 0.0 0.0 0.0
26 3 111 32.9215577265747 44.98915580191157 1481.1130898024949
27 0 100 0.0 0.0 0.0
28 0 100 0.0 0.0 0.0
29 4 175 75.61186198841948 1608.0874365260645 121590.48531592006
30 0 100 0.0 0.0 0.0
31 7 74 332.66880679862265 5476.0 1821694.3860292577
32 4 170 75.61186198841948 1429.1350405139644 108059.56144615616
33 1 7 1.0 11.607984241186918 11.607984241186918
34 2 29 9.541850352986048 128.5709592386038 1226.8048527946264
35 4 145 75.61186198841948 671.3571728121805 50762.565895610074
36 10 83 766.6651705632711 18534.952171495344 14210102.26794155
37 4 172 75.61186198841948 1499.6637502850892 113392.36851559173
38 0 100 0.0 0.0 0.0
39 9 140 604.9491004987461 42042.90237411894 25433815.97357985
40 0 100 0.0 0.0 0.0
41 5 82 139.6884681067044 3003.520233876968 419557.14039776416
42 5 131 139.6884681067044 7036.185360595053 982873.9543363424
43 0 100 0.0 0.0 0.0
44 1 106 1.0 9.55892689827884 9.55892689827884
45 0 100 0.0 0.0 0.0
46 0 5 0.0 5.0 0.0
47 2 43 9.541850352986048 226.91812071099523 2165.21875020514
48 0 5 0.0 5.0 0.0
49 0 6 0.0 6.0 0.0
50 7 111 332.66880679862265 12321.0 4098812.36856583
51 0 9 0.0 9.0 0.0
52 0 100 0.0 0.0 0.0
53 0 100 0.0 0.0 0.0
54 2 17 9.541850352986048 59.51335422080222 567.8675199791454
55 6 111 225.58275470837765 8176.399536993932 1844454.7311513948
56 0 5 0.0 5.0 0.0
57 0 100 0.0 0.0 0.0
58 0 5 0.0 5.0 0.0
59 1 16 1.0 32.892441635375256 32.892441635375256
60 0 5 0.0 5.0 0.0
61 0 100 0.0 0.0 0.0
62 3 71 32.9215577265747 868.3392862126454 28587.081937302275
63 2 23 9.541850352986048 92.0346545141889 878.1809006631623
64 4 35 75.61186198841948 436.83679879622173 33030.043742042886
65 0 5 0.0 5.0 0.0
66 3 135 32.9215577265747 282.5239294230334 9301.12785163911
67 3 60 32.9215577265747 664.7206420100937 21883.638987981092
68 0 100 0.0 0.0 0.0
69 0 100 0.0 0.0 0.0
70 0 6 0.0 6.0 0.0
71 2 15 9.541850352986048 49.68406405407534 474.0779041321602
72 1 13 1.0 25.320989780782124 25.320989780782124
73 9 164 604.9491004987461 59120.271421214304 35764755.01750532
74 3 44 32.9215577265747 406.27351121486885 13375.156852238497
75 3 49 32.9215577265747 481.96892224029307 15867.1676959488
76 0 100 0.0 0.0 0.0
77 1 11 1.0 20.51504931294799 20.51504931294799
78 1 20 1.0 43.57075425423803 43.57075425423803
79 1 7 1.0 11.607984241186918 11.607984241186918
80 0 100 0.0 0.0 0.0
81 5 59 139.6884681067044 1651.3976308733363 230681.20529173722
82 0 100 0.0 0.0 0.0
83 1 14 1.0 27.799106543625292 27.799106543625292
84 0 100 0.0 0.0 0.0
85 2 129 9.541850352986048 128.5709592386038 1226.8048527946264
86 0 100 0.0 0.0 0.0
87 3 114 32.9215577265747 65.97278979840442 2171.9270077313495
88 0 8 0.0 8.0 0.0
89 3 117 32.9215577265747 89.78750677036001 2955.9445872656233
90 0 100 0.0 0.0 0.0
91 3 26 32.9215577265747 176.25042831919396 5802.438650243859
92 1 8 1.0 13.734791927877684 13.734791927877684
93 5 73 139.6884681067044 2431.5451615879456 339658.8187544891
94 2 54 9.541850352986048 315.16948038953416 3007.300017705306
95 0 100 0.0 0.0 0.0
96 0 100 0.0 0.0 0.0
97 0 6 0.0 6.0 0.0
98 1 105 1.0 7.59708563275366 7.59708563275366
99 0 100 0.0 0.0 0.0
100 8 112 459.67273235884244 18303.96846388381 8413835.196803555
101 2 19 9.541850352986048 69.8685662777562 666.6754038000371
102 4 165 75.61186198841948 1259.0362466163215 95198.07491757096
103 3 136 32.9215577265747 295.444715883087 9726.500268956508
104 0 100 0.0 0.0 0.0
105 2 24 9.541850352986048 97.86086952638261 933.7737724338355
106 7 111 332.66880679862265 12321.0 4098812.36856583
107 1 101 1.0 1.0 1.0
108 2 19 9.541850352986048 69.8685662777562 666.6754038000371
109 1 35 1.0 88.18685030395203 88.18685030395203
110 7 146 332.66880679862265 21316.0 7091168.28571944
111 0 8 0.0 8.0 0.0
112 1 13 1.0 25.320989780782124 25.320989780782124
113 3 41 32.9215577265747 363.1907597716439 11956.805563580698
114 4 178 75.61186198841948 1719.6349352173313 130024.79939211752
115 5 158 139.6884681067044 1600.889370701534 223625.7838016033
116 0 100 0.0 0.0 0.0
117 0 100 0.0 0.0 0.0
118 2 27 9.541850352986048 115.98017876588344 1106.66550969663
119 5 194 139.6884681067044 3849.5614363989175 537739.3399332094
120 6 185 225.58275470837765 4907.334112484054 1107009.9473685443
121 4 51 75.61186198841948 831.5797944458234 62877.296649995835
122 3 55 32.9215577265747 578.9666715492328 19060.48469917088
123 1 105 1.0 7.59708563275366 7.59708563275366
124 1 118 1.0 38.15436697768484 38.15436697768484
125 3 36 32.9215577265747 295.444715883087 9726.500268956508
126 8 148 459.67273235884244 32683.32902098925 15023635.15366118
127 3 160 32.9215577265747 664.7206420100937 21883.638987981092
128 3 111 32.9215577265747 44.98915580191157 1481.1130898024949
129 1 37 1.0 94.5824071263594 94.5824071263594
130 4 40 75.61186198841948 548.8883970182196 41502.47372238642
131 10 174 766.6651705632711 96147.26174298109 73712756.82337406
132 6 108 225.58275470837765 7758.892052145152 1750272.2426078406
133 4 163 75.61186198841948 1193.5182370479756 90244.13622033325
134 4 89 75.61186198841948 2154.8151586700715 162929.58638791565
135 5 114 139.6884681067044 5465.679515018471 763492.3986151252
136 0 100 0.0 0.0 0.0
137 9 142 604.9491004987461 43347.5615654562 26223068.37783675
138 4 52 75.61186198841948 859.6554919481086 65000.15241476724
139 6 64 225.58275470837765 2851.6616420490063 643285.6887096304
140 1 108 1.0 13.734791927877684 13.734791927877684
141 5 140 139.6884681067044 7939.139781704323 1109006.2741912722
142 2 46 9.541850352986048 250.0988923255542 2386.406204018009
143 7 135 332.66880679862265 18225.0 6062889.003904898
144 2 14 9.541850352986048 44.97826169706515 429.17584225083993
145 7 104 332.66880679862265 10816.0 3598145.8143339027
146 0 100 0.0 0.0 0.0
147 4 201 75.61186198841948 2675.1081136005973 202269.90548966953
148 4 68 75.61186198841948 1360.0227175454593 102833.85002016247
149 6 106 225.58275470837765 7486.36063642395 1688793.855104878
150 6 100 225.58275470837765 6696.723465418967 1510665.3268494436
151 3 174 32.9215577265747 927.3002957027797 30528.17021484885
152 7 128 332.66880679862265 16384.0 5450445.730588634
153 3 137 32.9215577265747 308.57807572808247 10158.870933237406
154 4 79 75.61186198841948 1757.505455801544 132888.25996796062
155 4 128 75.61186198841948 4011.2373703018793 303297.12644605635
156 2 42 9.541850352986048 219.34644070399202 2092.9709126576195
157 5 192 139.6884681067044 3702.0246060004592 517130.14610553003
158 1 124 1.0 54.8222930413608 54.8222930413608
159 4 61 75.61186198841948 1129.4605717070829 85400.6168692773
160 7 127 332.66880679862265 16129.0 5365615.184854985
161 11 140 942.9223974109915 81923.15277315897 77247175.61633398
162 5 103 139.6884681067044 4545.356706035842 634933.9152646826
163 3 134 32.9215577265747 269.81820202916316 8882.83551378369
164 4 155 75.61186198841948 946.1899645328139 71543.18501308264
165 4 186 75.61186198841948 2032.1034843472744 153651.12820465246
166 2 68 9.541850352986048 439.47602925740523 4193.414504898678
167 5 190 139.6884681067044 3557.085524945249 496883.82790413423
168 4 116 75.61186198841948 3389.795544335274 256308.752867238
169 7 105 332.66880679862265 11025.0 3667673.5949548148
170 4 70 75.61186198841948 1429.1350405139644 108059.56144615616
171 3 117 32.9215577265747 89.78750677036001 2955.9445872656233
172 5 96 139.6884681067044 3999.6858182206656 558709.9848553553
173 5 72 139.6884681067044 2371.3580183097592 331251.36891024053
174 6 122 225.58275470837765 9796.315838838276 2209879.91291845
175 10 172 766.6651705632711 93706.72457701275 71841681.98076095
176 3 135 32.9215577265747 282.5239294230334 9301.12785163911
177 5 208 139.6884681067044 4954.230173639048 692048.8236036508
178 7 111 332.66880679862265 12321.0 4098812.36856583
179 3 141 32.9215577265747 363.1907597716439 11956.805563580698
180 9 182 604.9491004987461 73990.54056378055 44760510.95947503
181 3 32 32.9215577265747 245.06238675558936 8067.83551218631
182 7 113 332.66880679862265 12769.0 4247847.994011613
183 8 121 459.67273235884244 21496.519829988905 9881364.00645704
184 6 92 225.58275470837765 5709.4065807799225 1287943.6642424744
185 2 27 9.541850352986048 115.98017876588344 1106.66550969663
186 4 189 75.61186198841948 2154.8151586700715 162929.58638791565
187 5 74 139.6884681067044 2492.4098028308917 348160.9072515804
188 4 68 75.61186198841948 1360.0227175454593 102833.85002016247
189 4 77 75.61186198841948 1682.1075637745857 127187.28496180048
190 3 140 32.9215577265747 349.23013798641597 11497.20014757944
191 4 155 75.61186198841948 946.1899645328139 71543.18501308264
192 6 62 225.58275470837765 2683.6257759841665 605379.6951529159
193 4 153 75.61186198841948 888.1171619831025 67152.19228141312
194 4 140 75.61186198841948 548.8883970182196 41502.47372238642
195 10 108 766.6651705632711 33288.478681365275 25521117.18604072
196 8 160 459.67273235884244 38437.428033367876 17668637.56894458
197 7 156 332.66880679862265 24336.0 8095828.082251281
198 4 131 75.61186198841948 4173.332506974218 315553.4415491192
199 3 163 32.9215577265747 718.2490844189361 23645.87869475743
