0 4 60 75.61186198841948 1097.9836363389938 83020.58717640696
1 0 100 0.0 0.0 0.0
2 1 113 1.0 25.320989780782124 25.320989780782124
3 0 100 0.0 0.0 0.0
4 15 368 1756.7778603087352 2920998.6425464633 5131545745.217496
5 0 8 0.0 8.0 0.0
6 2 37 9.541850352986048 182.69988024795316 1743.2949168344405
7 0 100 0.0 0.0 0.0
8 0 100 0.0 0.0 0.0
9 0 9 0.0 9.0 0.0
10 1 110 1.0 18.1937008646705 18.1937008646705
11 0 100 0.0 0.0 0.0
12 27 874 4506.6139001521815 855384107.3168898 3854885908003.5605
13 0 10 0.0 10.0 0.0
14 1 108 1.0 13.734791927877684 13.734791927877684
15 1 51 1.0 141.71101512179817 141.71101512179817
16 2 135 9.541850352986048 168.62869283493262 1609.0297522505775
17 0 100 0.0 0.0 0.0
18 3 143 32.9215577265747 391.71440685113555 12895.848457480626
19 0 100 0.0 0.0 0.0
20 0 6 0.0 6.0 0.0
21 35 706 6117.310290426031 2550033402.2265577 15599345572370.625
22 36 756 6295.82243666837 3907268241.5564356 24599467061272.773
23 0 6 0.0 6.0 0.0
24 0 100 0.0 0.0 0.0
25 1 104 1.0 5.735193251789799 5.735193251789799
26 31 769 5350.621552679651 1452931084.8283138 7774084377040.603
27 43 868 7393.130324549447 23659100010.86436 174914809741869.47
28 37 579 6468.923834840442 1941142365.2967 12557102113686.375
29 0 100 0.0 0.0 0.0
30 2 151 9.541850352986048 290.23003402420613 2769.3315526010238
31 0 6 0.0 6.0 0.0
32 13 292 1331.5823725933528 874829.4763397519 1164907509.7190871
33 1 15 1.0 30.323695983612147 30.323695983612147
34 14 230 1540.4353185285338 667608.2663166124 1028407352.375713
35 0 100 0.0 0.0 0.0
36 0 100 0.0 0.0 0.0
37 1 100 1.0 0.0 0.0
38 0 100 0.0 0.0 0.0
39 0 11 0.0 11.0 0.0
40 18 363 2436.3877014920204 6774216.289305188 16504617254.510069
41 0 100 0.0 0.0 0.0
42 1 102 1.0 2.3948263510722025 2.3948263510722025
43 0 100 0.0 0.0 0.0
44 1 11 1.0 20.51504931294799 20.51504931294799
45 0 100 0.0 0.0 0.0
46 0 100 0.0 0.0 0.0
47 1 106 1.0 9.55892689827884 9.55892689827884
48 48 1232 8016.77096497358 203933893388.08856 1634891315287646.0
49 0 6 0.0 6.0 0.0
50 3 64 32.9215577265747 736.4308795040106 24244.45171122346
51 1 112 1.0 22.891970023971037 22.891970023971037
52 0 5 0.0 5.0 0.0
53 2 18 9.541850352986048 64.62733255388774 616.6643359418604
54 0 100 0.0 0.0 0.0
55 1 11 1.0 20.51504931294799 20.51504931294799
56 0 8 0.0 8.0 0.0
57 1 28 1.0 66.57403288693754 66.57403288693754
58 32 646 5549.980220652734 1032564706.84405 5730713699528.566
59 0 18 0.0 18.0 0.0
60 3 107 32.9215577265747 1665.121557891356 54818.395489884264
61 48 1058 8016.77096497358 116820126906.05432 936520201504985.1
62 2 113 9.541850352986048 40.41888428935346 385.6709453236695
63 34 938 5933.442745663244 5275608650.055667 31302521873631.055
64 0 100 0.0 0.0 0.0
65 0 100 0.0 0.0 0.0
66 53 1174 8516.089422990353 400514602193.61957 3410818167494272.5
67 0 100 0.0 0.0 0.0
68 0 100 0.0 0.0 0.0
69 1 14 1.0 27.799106543625292 27.799106543625292
70 1 109 1.0 15.931997307697284 15.931997307697284
71 5 86 139.6884681067044 3275.042744200361 457485.7039213258
72 5 166 139.6884681067044 2024.56047903646 282807.7519059787
73 18 373 2436.3877014920204 7283700.620526351 17745918613.2002
74 1 15 1.0 30.323695983612147 30.323695983612147
75 0 9 0.0 9.0 0.0
76 0 100 0.0 0.0 0.0
77 0 9 0.0 9.0 0.0
78 1 106 1.0 9.55892689827884 9.55892689827884
79 1 114 1.0 27.799106543625292 27.799106543625292
80 2 42 9.541850352986048 219.34644070399202 2092.9709126576195
81 3 68 32.9215577265747 810.8239638778247 26693.587932893923
82 2 155 9.541850352986048 323.62148105306557 3087.947743220061
83 33 866 5744.298091538941 3284109502.61831 18864903948295.258
84 0 100 0.0 0.0 0.0
85 0 100 0.0 0.0 0.0
86 1 107 1.0 11.607984241186918 11.607984241186918
87 3 74 32.9215577265747 927.3002957027797 30528.17021484885
88 9 234 604.9491004987461 38256.77589826959 23143402.1676403
89 3 150 32.9215577265747 497.6760852315066 16384.27196908475
90 7 90 332.66880679862265 8100.0 2694617.3350688433
91 0 100 0.0 0.0 0.0
92 1 106 1.0 9.55892689827884 9.55892689827884
93 0 9 0.0 9.0 0.0
94 2 10 9.541850352986048 27.685321443873434 264.16919419175593
95 5 167 139.6884681067044 10938.149924072459 1527933.4068151468
96 28 634 4724.12231882448 406355342.60414547 1919672343369.8118
97 4 148 75.61186198841948 749.6906189831174 56685.50361656424
98 0 100 0.0 0.0 0.0
99 8 269 459.67273235884244 43071.60881333714 19798844.110317882
100 1 101 1.0 1.0 1.0
101 0 100 0.0 0.0 0.0
102 6 55 225.58275470837765 2133.9982456992793 481393.20280768874
103 1 106 1.0 9.55892689827884 9.55892689827884
104 47 1028 7902.318130854768 88370930564.91507 698335206843636.1
105 1 105 1.0 7.59708563275366 7.59708563275366
106 29 591 4937.473672561782 409229293.3274367 2020558861845.2817
107 19 436 2668.9360872348193 14610619.316140207 38994809149.69672
108 39 808 6798.773358825962 8774189059.982443 59653722826310.84
109 35 727 6117.310290426031 2809172736.5150228 17184581288667.604
110 16 284 1979.1134619514044 2033163.4029970493 4023861061.2183886
111 24 594 3832.71054120725 129003284.29348715 494432247562.00385
112 22 437 3370.209833397988 32298173.972503014 108851623522.92862
113 39 719 6798.773358825962 5886747085.558577 40022659255442.02
114 20 438 2902.6872563902634 19392186.746418327 56289453342.368645
115 31 717 5350.621552679651 1163344184.7064881 6224614467875.072
116 43 1036 7393.130324549447 44184535417.0176 326662028667681.9
117 2 149 9.541850352986048 273.9583678426836 2614.069748903192
118 30 772 5146.386239304723 1177891041.5958424 6061882247869.15
119 40 896 6955.50474228233 15142562603.69563 105324166000312.02
120 49 1292 8126.242482129881 289727087630.1163 2354392567723617.5
121 40 882 6955.50474228233 14342192796.536814 99757190011039.28
122 27 747 4506.6139001521815 530998937.5649057 2393007192996.0444
123 35 766 6117.310290426031 3338209329.050255 20420862280195.3
124 47 1187 7902.318130854768 149037455098.5311 1177741383601575.8
125 46 989 7782.801884860074 64438065247.01487 501508695661203.75
126 41 916 7106.788070274764 19752750850.59465 140378614100115.77
127 26 692 4285.277943143774 331373888.0 1420029213180.1953
128 26 649 4285.277943143774 273359449.0 1171421217349.6353
129 32 615 5549.980220652734 881886462.4068089 4894452423219.2
130 26 509 4285.277943143774 131872229.0 565109154246.9048
131 31 711 5350.621552679651 1132717495.6262262 6060742645195.005
132 44 985 7528.2761260995885 44394920812.8733 334217222475635.8
133 42 891 7252.650449022947 21607067402.490425 156708507098741.28
134 32 535 5549.980220652734 564012098.7181301 3130255992094.4595
135 36 774 6295.82243666837 4225963609.348143 26605916508278.086
136 42 926 7252.650449022947 24729718720.7332 179356005584136.8
137 43 1103 7393.130324549447 55125354512.980255 407548930101453.06
138 46 1201 7782.801884860074 129877858770.87856 1010813644043584.1
139 19 517 2668.9360872348193 23203127.829958998 61927665202.10011
140 48 1011 8016.77096497358 98924317088.69034 793053592966452.4
141 34 814 5933.442745663244 3317763556.91313 19685760108592.09
142 42 1164 7252.650449022947 55112958449.58835 399715022846389.94
143 55 1083 8683.506947919002 407446700849.81274 3538066257736024.5
144 37 780 6468.923834840442 5286289318.593309 34196602970910.7
145 25 680 4060.496712466729 246204801.1074511 999713785490.3302
146 28 813 4724.12231882448 872409020.6352303 4121366925526.698
147 23 561 3602.4235623004615 84992579.64177889 306179271522.2428
148 23 615 3602.4235623004615 66405740.15449006 239221603004.5369
149 24 505 3832.71054120725 80254970.82041991 307594072647.7037
150 22 465 3370.209833397988 38537307.913644105 129878814083.24947
151 26 478 4285.277943143774 109215352.0 468018138978.28326
152 32 825 5549.980220652734 2262695753.6640353 12557916678190.326
153 32 953 5549.980220652734 3593707707.2448587 19945006694016.25
154 31 575 5350.621552679651 577296971.8862563 3088897620071.302
155 39 961 6798.773358825962 15877075025.651886 107944634700483.06
156 37 720 6468.923834840442 4039071880.3094764 26128448357167.773
157 34 964 5933.442745663244 5769176856.07579 34231080565131.18
158 40 941 6955.50474228233 17930112121.573322 124712979891257.12
159 32 634 5549.980220652734 972293741.7053974 5396211035129.394
160 34 655 5933.442745663244 1629716406.9277937 9669828992174.084
161 32 808 5549.980220652734 2116516951.261759 11746627216178.988
162 18 461 2436.3877014920204 12818108.429893272 31229881734.98316
163 21 459 3136.7198300107975 28741129.778274473 90152871712.42737
164 31 607 5350.621552679651 685603951.6348481 3668407280219.756
165 35 773 6117.310290426031 2177208398.1121836 13318659338173.637
166 28 650 4724.12231882448 438693333.5091885 2072440967950.2686
167 8 266 459.67273235884244 41496.44758524493 19074785.444695026
168 36 798 6295.82243666837 4678616499.905498 29455738732671.87
169 35 562 6117.310290426031 1200685504.7445288 7344965793739.079
170 30 908 5146.386239304723 1359207609.5700092 6995007338249.362
171 49 975 8126.242482129881 102703951632.90967 834597214841963.1
172 26 484 4285.277943143774 113379904.0 485864401806.95856
173 29 709 4937.473672561782 720477868.757007 3557340508651.145
174 18 497 2436.3877014920204 15666133.86600218 38168775881.05535
175 32 551 5549.980220652734 619923153.3970269 3440561239678.17
176 55 1227 8683.506947919002 656892291524.6705 5704128777488911.0
177 25 415 4060.496712466729 57010807.63448093 231492196974.88293
178 6 226 225.58275470837765 10419.918236435944 2350553.8596112807
179 15 574 1756.7778603087352 5527629.361741831 9710816882.700552
180 31 840 5350.621552679651 1923127286.2392738 10289926306298.188
181 18 443 2436.3877014920204 11525720.036997247 28081122548.980247
182 31 871 5350.621552679651 2157624297.340103 11544631067933.244
183 33 789 5744.298091538941 2428873232.8512774 13952171876057.61
184 38 819 6636.579650383532 7578123949.21353 50292823189434.59
185 32 837 5549.980220652734 2369966698.9700456 13153268302889.404
186 41 742 7106.788070274764 9497306552.937725 67495344910160.17
187 17 417 2206.0678959513543 7356970.552820913 16229976548.037703
188 0 100 0.0 0.0 0.0
189 9 222 604.9491004987461 113517.87251009714 68672534.8655146
190 39 1031 6798.773358825962 20192945703.017956 137287261281897.66
191 35 980 6117.310290426031 7530275872.743688 46065034086081.82
192 34 786 5933.442745663244 2958824077.3926544 17556013257699.186
193 49 1130 8126.242482129881 176863067702.39072 1437232174282980.8
194 40 875 6955.50474228233 13953491423.46776 97053575767325.83
195 46 1158 7782.801884860074 113865288558.46062 886190982412923.5
196 32 957 5549.980220652734 2556446306.1735086 14188226434423.715
197 36 625 6295.82243666837 2072490213.155208 13048030383758.172
198 44 886 7528.2761260995885 30458412973.70003 229299343228787.9
199 26 627 4285.277943143774 246491883.0 1056286229383.8757
