0 1 9 1.0 15.931997307697284 15.931997307697284
1 0 100 0.0 0.0 0.0
2 0 100 0.0 0.0 0.0
3 0 5 0.0 5.0 0.0
4 0 100 0.0 0.0 0.0
5 0 100 0.0 0.0 0.0
6 0 100 0.0 0.0 0.0
7 10 153 766.6651705632711 72228.7744823091 55375285.708055556
8 2 22 9.541850352986048 86.31942417916456 823.6470280735138
9 0 100 0.0 0.0 0.0
10 0 25 0.0 25.0 0.0
11 5 148 139.6884681067044 1135.058052192084 158554.52052289192
12 5 150 139.6884681067044 1222.4564081968258 170763.0629882387
13 0 100 0.0 0.0 0.0
14 3 53 32.9215577265747 545.90532331836 17972.053614869816
15 2 65 9.541850352986048 411.78783219395143 3929.2178719752146
16 0 100 0.0 0.0 0.0
17 7 63 332.66880679862265 3969.0 1320362.4941837334
18 1 22 1.0 49.12998068819353 49.12998068819353
19 1 101 1.0 1.0 1.0
20 0 5 0.0 5.0 0.0
21 5 163 139.6884681067044 1860.4532693243248 259883.86717602485
22 0 100 0.0 0.0 0.0
23 2 13 9.541850352986048 40.41888428935346 385.6709453236695
24 5 182 139.6884681067044 3003.520233876968 419557.14039776416
25 1 6 1.0 9.55892689827884 9.55892689827884
26 1 107 1.0 11.607984241186918 11.607984241186918
27 1 107 1.0 11.607984241186918 11.607984241186918
28 0 10 0.0 10.0 0.0
29 0 10 0.0 10.0 0.0
30 0 5 0.0 5.0 0.0
31 9 99 604.9491004987461 19928.090733228633 12055480.56372406
32 3 74 32.9215577265747 927.3002957027797 30528.17021484885
33 1 101 1.0 1.0 1.0
34 0 100 0.0 0.0 0.0
35 1 104 1.0 5.735193251789799 5.735193251789799
36 5 88 139.6884681067044 3414.7546568712237 477001.8469785762
37 0 100 0.0 0.0 0.0
38 2 56 9.541850352986048 332.1417203303481 3169.2465913755254
39 1 110 1.0 18.1937008646705 18.1937008646705
40 6 163 225.58275470837765 2767.0349550527303 624195.3675351668
41 0 100 0.0 0.0 0.0
42 0 100 0.0 0.0 0.0
43 1 104 1.0 5.735193251789799 5.735193251789799
44 0 6 0.0 6.0 0.0
45 6 59 225.58275470837765 2440.720411610211 550584.4339239968
46 0 100 0.0 0.0 0.0
47 0 100 0.0 0.0 0.0
48 0 100 0.0 0.0 0.0
49 1 100 1.0 0.0 0.0
50 0 100 0.0 0.0 0.0
51 0 100 0.0 0.0 0.0
52 8 195 459.67273235884244 12996.633669206958 5974198.11019129
53 0 100 0.0 0.0 0.0
54 0 5 0.0 5.0 0.0
55 0 100 0.0 0.0 0.0
56 5 74 139.6884681067044 2492.4098028308917 348160.9072515804
57 0 100 0.0 0.0 0.0
58 0 100 0.0 0.0 0.0
59 0 5 0.0 5.0 0.0
60 5 171 139.6884681067044 2311.8500842163953 322938.7967565438
61 1 118 1.0 38.15436697768484 38.15436697768484
62 2 49 9.541850352986048 273.9583678426836 2614.069748903192
63 1 106 1.0 9.55892689827884 9.55892689827884
64 0 100 0.0 0.0 0.0
65 0 5 0.0 5.0 0.0
66 0 19 0.0 19.0 0.0
67 3 23 32.9215577265747 145.08021796711313 4776.266770788355
68 4 31 75.61186198841948 354.97079584466536 26840.002825326264
69 7 128 332.66880679862265 16384.0 5450445.730588634
70 9 159 604.9491004987461 55305.24634977481 33456859.032157835
71 7 109 332.66880679862265 11881.0 3952438.093574436
72 8 117 459.67273235884244 20044.718154360755 9214010.3633779
73 6 160 225.58275470837765 2520.4667612931225 568573.8351634055
74 0 100 0.0 0.0 0.0
75 0 100 0.0 0.0 0.0
76 2 20 9.541850352986048 75.23327232919837 717.8646261306569
77 1 105 1.0 7.59708563275366 7.59708563275366
78 1 104 1.0 5.735193251789799 5.735193251789799
79 2 15 9.541850352986048 49.68406405407534 474.0779041321602
80 1 100 1.0 0.0 0.0
81 1 19 1.0 40.84402933782601 40.84402933782601
82 0 100 0.0 0.0 0.0
83 8 115 459.67273235884244 19338.564883686733 8889410.959983042
84 1 102 1.0 2.3948263510722025 2.3948263510722025
85 0 100 0.0 0.0 0.0
86 0 100 0.0 0.0 0.0
87 6 102 225.58275470837765 6955.268535289175 1568988.635927035
88 2 12 9.541850352986048 36.01211998010309 343.62225974392254
89 0 100 0.0 0.0 0.0
90 9 131 604.9491004987461 36435.331696668785 22041521.136273235
91 1 19 1.0 40.84402933782601 40.84402933782601
92 0 6 0.0 6.0 0.0
93 7 87 332.66880679862265 7569.0 2517970.198658775
94 2 20 9.541850352986048 75.23327232919837 717.8646261306569
95 0 100 0.0 0.0 0.0
96 0 100 0.0 0.0 0.0
97 0 100 0.0 0.0 0.0
98 9 101 604.9491004987461 20805.564213111866 12586307.356090926
99 2 35 9.541850352986048 168.62869283493262 1609.0297522505775
100 0 100 0.0 0.0 0.0
101 8 127 459.67273235884244 23773.224239432624 10927902.943119459
102 11 120 942.9223974109915 57562.11865778811 54276610.92485753
103 5 59 139.6884681067044 1651.3976308733363 230681.20529173722
104 1 13 1.0 25.320989780782124 25.320989780782124
105 0 100 0.0 0.0 0.0
106 1 39 1.0 101.06849300292524 101.06849300292524
107 4 38 75.61186198841948 502.796158813779 38017.3537685349
108 1 14 1.0 27.799106543625292 27.799106543625292
109 4 30 75.61186198841948 335.61535000671915 25376.501525903146
110 10 91 766.6651705632711 22744.11555159413 17437121.22867366
111 5 104 139.6884681067044 4625.863540566592 646179.7916524031
112 5 93 139.6884681067044 3775.468945982596 527389.4734487426
113 0 100 0.0 0.0 0.0
114 6 88 225.58275470837765 5243.986173197856 1182952.846602616
115 1 112 1.0 22.891970023971037 22.891970023971037
116 5 157 139.6884681067044 1551.0877169304622 216669.0670771418
117 1 103 1.0 3.9914906122521803 3.9914906122521803
118 9 177 604.9491004987461 69680.55278268627 42153187.72814146
119 3 32 32.9215577265747 245.06238675558936 8067.83551218631
120 1 106 1.0 9.55892689827884 9.55892689827884
121 0 100 0.0 0.0 0.0
122 7 86 332.66880679862265 7396.0 2460418.495082613
123 2 117 9.541850352986048 59.51335422080222 567.8675199791454
124 5 37 139.6884681067044 707.3130102314473 98803.4708711726
125 2 112 9.541850352986048 36.01211998010309 343.62225974392254
126 2 15 9.541850352986048 49.68406405407534 474.0779041321602
127 8 104 459.67273235884244 15689.114034349886 7211857.916459074
128 3 62 32.9215577265747 700.2360303580608 23052.86089566041
129 2 21 9.541850352986048 80.71796600694597 770.1987524356932
130 5 46 139.6884681067044 1050.58572833688 146754.71100614508
131 6 68 225.58275470837765 3202.3105181925803 722386.0281254946
132 4 34 75.61186198841948 415.7115691523703 31432.725793738326
133 1 15 1.0 30.323695983612147 30.323695983612147
134 3 40 32.9215577265747 349.23013798641597 11497.20014757944
135 7 110 332.66880679862265 12100.0 4025292.562263334
136 3 32 32.9215577265747 245.06238675558936 8067.83551218631
137 2 7 9.541850352986048 16.551687764173284 157.9337277350917
138 3 57 32.9215577265747 612.7419199112477 20172.41848785035
139 0 100 0.0 0.0 0.0
140 12 127 1131.8354418063404 88459.94504660563 100122100.98398948
141 6 55 225.58275470837765 2133.9982456992793 481393.20280768874
142 2 40 9.541850352986048 204.4421003683832 1950.7559275652661
143 7 91 332.66880679862265 8281.0 2754830.389099394
144 4 167 75.61186198841948 1326.001420918201 100261.43643491513
145 6 109 225.58275470837765 7896.900764171442 1781404.6280404862
146 9 182 604.9491004987461 73990.54056378055 44760510.95947503
147 4 55 75.61186198841948 946.1899645328139 71543.18501308264
148 5 48 139.6884681067044 1135.058052192084 158554.52052289192
149 9 86 604.9491004987461 14714.671503515654 8901627.290186327
150 5 35 139.6884681067044 639.3782227857067 89313.76448172252
151 4 55 75.61186198841948 946.1899645328139 71543.18501308264
152 0 100 0.0 0.0 0.0
153 7 145 332.66880679862265 21025.0 6994361.662941041
154 3 90 32.9215577265747 1265.2216514357588 41653.0676346545
155 6 169 225.58275470837765 3293.0002682054314 742844.0717572076
156 4 132 75.61186198841948 374.7746947170294 28337.41249369607
157 5 52 139.6884681067044 1312.7590262571498 183377.29737111018
158 5 142 139.6884681067044 890.5118703159138 124394.2389952662
159 3 127 32.9215577265747 187.1321231368427 6160.680994346051
160 4 142 75.61186198841948 596.6466987883373 45113.56784462985
161 4 138 75.61186198841948 502.796158813779 38017.3537685349
162 6 113 225.58275470837765 8460.534002517481 1908550.5665917895
163 5 97 139.6884681067044 4075.7152237055247 569330.4160385987
164 4 52 75.61186198841948 859.6554919481086 65000.15241476724
165 5 157 139.6884681067044 1551.0877169304622 216669.0670771418
166 5 117 139.6884681067044 5729.848236431501 800393.7226310181
167 4 173 75.61186198841948 1535.4556318691968 116098.65932623514
168 5 170 139.6884681067044 2253.023098877021 314721.345291151
169 7 99 332.66880679862265 9801.0 3260486.9754333007
170 6 120 225.58275470837765 9491.407950004868 2141097.9514230937
171 10 162 766.6651705632711 82019.5537684662 62881535.179424524
172 6 77 225.58275470837765 4061.8785529685815 916289.7532695315
173 5 73 139.6884681067044 2431.5451615879456 339658.8187544891
174 4 147 75.61186198841948 5082.302505006297 384282.3555919347
175 5 67 139.6884681067044 2080.6456750556 290642.2070213566
176 5 91 139.6884681067044 3629.2296992039956 506961.5370891617
177 4 43 75.61186198841948 621.143248020611 46965.797544373054
178 6 204 225.58275470837765 7218.483555423629 1628365.4052495863
179 9 130 604.9491004987461 35838.75307275326 21680621.434358757
180 6 111 225.58275470837765 8176.399536993932 1844454.7311513948
181 9 121 604.9491004987461 30706.127839836652 18575644.41650869
182 5 69 139.6884681067044 2194.8788310889477 306599.26159464906
183 8 182 459.67273235884244 9569.587872219572 4398878.604771212
184 5 159 139.6884681067044 1651.3976308733363 230681.20529173722
185 5 69 139.6884681067044 2194.8788310889477 306599.26159464906
186 5 183 139.6884681067044 3070.409639894098 428900.8190568644
187 5 59 139.6884681067044 1651.3976308733363 230681.20529173722
188 1 19 1.0 40.84402933782601 40.84402933782601
189 9 126 604.9491004987461 33505.118966499955 20268891.580887627
190 8 89 459.67273235884244 11347.35436611675 5216069.386516927
191 7 123 332.66880679862265 15129.0 5032946.378056362
192 6 75 225.58275470837765 3862.4525781644106 871302.6925128031
193 5 167 139.6884681067044 2080.6456750556 290642.2070213566
194 6 151 225.58275470837765 1846.9886924473915 416648.7971575071
195 6 239 225.58275470837765 12573.026663212622 2836257.9897093847
196 6 201 225.58275470837765 6825.411756924657 1539695.1861460118
197 7 101 332.66880679862265 10201.0 3393554.4981527496
198 5 55 139.6884681067044 1453.6132803589628 203053.01235290492
199 5 87 139.6884681067044 3344.5706484424895 467197.95035557833
