0 1 121 1.0 46.33316012586883 46.33316012586883
1 4 35 75.61186198841948 436.83679879622173 33030.043742042886
2 3 28 32.9215577265747 198.25318874016915 6526.8037975869875
3 0 100 0.0 0.0 0.0
4 7 124 332.66880679862265 15376.0 5115115.5733356215
5 3 68 32.9215577265747 810.8239638778247 26693.587932893923
6 1 8 1.0 13.734791927877684 13.734791927877684
7 1 14 1.0 27.799106543625292 27.799106543625292
8 1 107 1.0 11.607984241186918 11.607984241186918
9 0 100 0.0 0.0 0.0
10 1 16 1.0 32.892441635375256 32.892441635375256
11 0 18 0.0 18.0 0.0
12 0 100 0.0 0.0 0.0
13 0 100 0.0 0.0 0.0
14 0 10 0.0 10.0 0.0
15 0 5 0.0 5.0 0.0
16 0 100 0.0 0.0 0.0
17 0 5 0.0 5.0 0.0
18 1 101 1.0 1.0 1.0
19 3 33 32.9215577265747 257.33012181535685 8471.708460130769
20 3 39 32.9215577265747 335.47304520277595 11044.29522335299
21 0 100 0.0 0.0 0.0
22 0 5 0.0 5.0 0.0
23 0 5 0.0 5.0 0.0
24 0 100 0.0 0.0 0.0
25 0 14 0.0 14.0 0.0
26 1 25 1.0 57.71571011139208 57.71571011139208
27 0 10 0.0 10.0 0.0
28 0 100 0.0 0.0 0.0
29 0 100 0.0 0.0 0.0
30 0 6 0.0 6.0 0.0
31 0 10 0.0 10.0 0.0
32 0 100 0.0 0.0 0.0
33 0 8 0.0 8.0 0.0
34 0 100 0.0 0.0 0.0
35 11 161 942.9223974109915 112815.8246369091 106376567.83253233
36 4 150 75.61186198841948 803.8922494719358 60783.78982063209
37 2 120 9.541850352986048 75.23327232919837 717.8646261306569
38 1 26 1.0 60.63937356224698 60.63937356224698
39 1 55 1.0 155.85458639063 155.85458639063
40 1 11 1.0 20.51504931294799 20.51504931294799
41 4 78 75.61186198841948 1719.6349352173313 130024.79939211752
42 1 10 1.0 18.1937008646705 18.1937008646705
43 6 122 225.58275470837765 9796.315838838276 2209879.91291845
44 1 36 1.0 91.37308344663872 91.37308344663872
45 0 100 0.0 0.0 0.0
46 0 100 0.0 0.0 0.0
47 0 100 0.0 0.0 0.0
48 0 100 0.0 0.0 0.0
49 0 100 0.0 0.0 0.0
50 6 137 225.58275470837765 12229.238131186143 2758705.225617702
51 0 10 0.0 10.0 0.0
52 1 9 1.0 15.931997307697284 15.931997307697284
53 10 134 766.6651705632711 53782.219657512425 41232954.60699808
54 0 100 0.0 0.0 0.0
55 5 153 139.6884681067044 1358.9929081032851 189835.63750082318
56 0 100 0.0 0.0 0.0
57 3 135 32.9215577265747 282.5239294230334 9301.12785163911
58 0 24 0.0 24.0 0.0
59 5 184 139.6884681067044 3137.9608221632784 438336.940226843
60 0 100 0.0 0.0 0.0
61 0 100 0.0 0.0 0.0
62 0 100 0.0 0.0 0.0
63 7 179 332.66880679862265 32041.0 10659041.238634668
64 1 100 1.0 0.0 0.0
65 0 6 0.0 6.0 0.0
66 2 125 9.541850352986048 103.79546451213633 990.4007896934788
67 0 100 0.0 0.0 0.0
68 0 6 0.0 6.0 0.0
69 6 84 225.58275470837765 4797.4874870676995 1082230.443011704
70 0 100 0.0 0.0 0.0
71 0 6 0.0 6.0 0.0
72 0 5 0.0 5.0 0.0
73 4 49 75.61186198841948 776.5950928818146 58719.80098386357
74 1 123 1.0 51.960050539976365 51.960050539976365
75 0 100 0.0 0.0 0.0
76 8 111 459.67273235884244 17965.662675976404 8258325.250903347
77 3 48 32.9215577265747 466.4489382157433 15356.225645969067
78 0 100 0.0 0.0 0.0
79 3 67 32.9215577265747 791.9778998728451 26073.146148835265
80 1 9 1.0 15.931997307697284 15.931997307697284
81 5 43 139.6884681067044 929.4139107485241 129828.40542952261
82 0 100 0.0 0.0 0.0
83 0 7 0.0 7.0 0.0
84 3 28 32.9215577265747 198.25318874016915 6526.8037975869875
85 0 100 0.0 0.0 0.0
86 0 100 0.0 0.0 0.0
87 2 115 9.541850352986048 49.68406405407534 474.0779041321602
88 0 100 0.0 0.0 0.0
89 0 100 0.0 0.0 0.0
90 2 8 9.541850352986048 20.066939702021244 191.47573567908114
91 0 100 0.0 0.0 0.0
92 2 30 9.541850352986048 135.01359299654277 1288.2794999919763
93 1 8 1.0 13.734791927877684 13.734791927877684
94 1 10 1.0 18.1937008646705 18.1937008646705
95 0 100 0.0 0.0 0.0
96 2 28 9.541850352986048 122.22584512913716 1166.2607234894754
97 2 38 9.541850352986048 189.8638195218893 1811.6521533242187
98 2 28 9.541850352986048 122.22584512913716 1166.2607234894754
99 0 100 0.0 0.0 0.0
100 0 100 0.0 0.0 0.0
101 5 113 139.6884681067044 5378.870870117234 751366.2319904525
102 2 47 9.541850352986048 257.9778488812911 2461.586028410529
103 6 44 225.58275470837765 1392.5534457950612 314136.0423810934
104 5 72 139.6884681067044 2371.3580183097592 331251.36891024053
105 2 11 9.541850352986048 31.76494829034237 303.0963830567869
106 1 16 1.0 32.892441635375256 32.892441635375256
107 4 137 75.61186198841948 480.38255499420245 36322.61944986597
108 1 107 1.0 11.607984241186918 11.607984241186918
109 5 193 139.6884681067044 3775.468945982596 527389.4734487426
110 1 103 1.0 3.9914906122521803 3.9914906122521803
111 6 199 225.58275470837765 6569.204673563341 1481899.2865055674
112 1 106 1.0 9.55892689827884 9.55892689827884
113 0 100 0.0 0.0 0.0
114 5 82 139.6884681067044 3003.520233876968 419557.14039776416
115 1 105 1.0 7.59708563275366 7.59708563275366
116 4 52 75.61186198841948 859.6554919481086 65000.15241476724
117 2 30 9.541850352986048 135.01359299654277 1288.2794999919763
118 0 100 0.0 0.0 0.0
119 5 122 139.6884681067044 6182.546797919655 863630.491199407
120 9 173 604.9491004987461 66332.16348879764 40127582.6366839
121 0 9 0.0 9.0 0.0
122 10 105 766.6651705632711 31266.895374512824 23971239.675284825
123 2 34 9.541850352986048 161.72412498062124 1543.1473990327004
124 10 160 766.6651705632711 79784.57916828307 61168057.99637055
125 5 108 139.6884681067044 4954.230173639048 692048.8236036508
126 5 166 139.6884681067044 2024.56047903646 282807.7519059787
127 0 100 0.0 0.0 0.0
128 0 100 0.0 0.0 0.0
129 4 140 75.61186198841948 548.8883970182196 41502.47372238642
130 5 125 139.6884681067044 6461.574648467654 902607.4642015635
131 5 89 139.6884681067044 3485.593399577667 486897.20242984424
132 4 158 75.61186198841948 1036.142416344768 78344.65738500807
133 7 119 332.66880679862265 14161.0 4710922.973075296
134 8 104 459.67273235884244 15689.114034349886 7211857.916459074
135 7 150 332.66880679862265 22500.0 7485048.15296901
136 1 121 1.0 46.33316012586883 46.33316012586883
137 3 35 32.9215577265747 282.5239294230334 9301.12785163911
138 4 157 75.61186198841948 1005.7817905983286 76049.03394118624
139 4 163 75.61186198841948 1193.5182370479756 90244.13622033325
140 4 44 75.61186198841948 646.0476428878335 48848.86521197858
141 4 130 75.61186198841948 335.61535000671915 25376.501525903146
142 2 45 9.541850352986048 242.29532664846576 2311.945748107533
143 12 162 1131.8354418063404 156786.72795202545 177456775.50095123
144 4 59 75.61186198841948 1066.8769814059906 80668.55507669134
145 8 123 459.67273235884244 22242.203710402715 10224134.553242799
146 7 138 332.66880679862265 19044.0 6335344.75667297
147 6 161 225.58275470837765 2601.435802251927 586839.054468988
148 4 38 75.61186198841948 502.796158813779 38017.3537685349
149 9 130 604.9491004987461 35838.75307275326 21680621.434358757
150 6 102 225.58275470837765 6955.268535289175 1568988.635927035
151 4 179 75.61186198841948 1757.505455801544 132888.25996796062
152 9 214 604.9491004987461 104887.63073855339 63451677.868732505
153 4 82 75.61186198841948 1873.1633591984112 141633.36939747448
154 8 194 459.67273235884244 57387.77260516802 26379594.23740551
155 6 89 225.58275470837765 5358.570280584671 1208801.0451927343
156 4 53 75.61186198841948 888.1171619831025 67152.19228141312
157 5 72 139.6884681067044 2371.3580183097592 331251.36891024053
158 4 200 75.61186198841948 2629.9766541734707 198857.43180812968
159 1 130 1.0 72.61998620345668 72.61998620345668
160 8 170 459.67273235884244 43603.43660138131 20043310.842792507
161 4 60 75.61186198841948 1097.9836363389938 83020.58717640696
162 4 121 75.61186198841948 3643.450598699926 275488.08383052313
163 7 134 332.66880679862265 17956.0 5973401.094876069
164 3 172 32.9215577265747 887.8335628861327 29228.863892146303
165 4 176 75.61186198841948 1644.92462809159 124375.81396061354
166 7 234 332.66880679862265 17956.0 5973401.094876069
167 0 5 0.0 5.0 0.0
168 5 88 139.6884681067044 3414.7546568712237 477001.8469785762
169 4 51 75.61186198841948 831.5797944458234 62877.296649995835
170 3 126 32.9215577265747 176.25042831919396 5802.438650243859
171 9 132 604.9491004987461 37037.19091196814 22405615.327195458
172 12 99 1131.8354418063404 49250.002524330186 55742898.366088636
173 7 154 332.66880679862265 23716.0 7889573.422036135
174 8 153 459.67273235884244 35022.02902356311 16098671.774011938
175 7 95 332.66880679862265 9025.0 3002335.9813575693
176 4 196 75.61186198841948 2452.6531100077354 185449.6684593727
177 9 85 604.9491004987461 14348.518604119798 8680123.423051797
178 8 171 459.67273235884244 44138.65408801346 20289335.72727894
179 4 86 75.61186198841948 2032.1034843472744 153651.12820465246
180 6 133 225.58275470837765 11555.32145660623 2606681.2457220564
181 7 164 332.66880679862265 26896.0 8947460.227655755
182 4 81 75.61186198841948 1834.2709028460106 138692.63835536616
183 5 185 139.6884681067044 3206.1723328082135 447865.30165607814
184 3 25 32.9215577265747 165.61186212092687 5452.200479019623
185 6 107 225.58275470837765 7622.045029127996 1719401.9141819899
186 5 107 139.6884681067044 4871.189817186799 680449.0434198013
187 5 73 139.6884681067044 2431.5451615879456 339658.8187544891
188 5 184 139.6884681067044 3137.9608221632784 438336.940226843
189 5 132 139.6884681067044 7134.089591711757 996550.0464021995
190 10 157 766.6651705632711 76495.71491932069 58646600.32598036
191 6 243 225.58275470837765 13274.235413461822 2994438.591216218
192 10 115 766.6651705632711 38278.152614098304 29346526.402734596
193 8 166 459.67273235884244 41496.44758524493 19074785.444695026
194 10 87 766.6651705632711 20580.323783810163 15778217.443962164
195 8 149 459.67273235884244 33144.35724984052 15235557.2593118
196 7 98 332.66880679862265 9604.0 3194951.220493972
197 5 178 139.6884681067044 2742.610069160227 383110.9991750147
198 4 68 75.61186198841948 1360.0227175454593 102833.85002016247
199 5 116 139.6884681067044 5641.169189689651 788006.2824384862
