0 0 100 0.0 0.0 0.0
1 0 100 0.0 0.0 0.0
2 1 103 1.0 3.9914906122521803 3.9914906122521803
3 2 24 9.541850352986048 97.86086952638261 933.7737724338355
4 0 5 0.0 5.0 0.0
5 1 18 1.0 38.15436697768484 38.15436697768484
6 1 104 1.0 5.735193251789799 5.735193251789799
7 8 122 459.67273235884244 21867.711360392437 10051990.63146609
8 5 66 139.6884681067044 2024.56047903646 282807.7519059787
9 1 103 1.0 3.9914906122521803 3.9914906122521803
10 0 6 0.0 6.0 0.0
11 1 100 1.0 0.0 0.0
12 1 105 1.0 7.59708563275366 7.59708563275366
13 0 100 0.0 0.0 0.0
14 5 57 139.6884681067044 1551.0877169304622 216669.0670771418
15 0 100 0.0 0.0 0.0
16 5 71 139.6884681067044 2311.8500842163953 322938.7967565438
17 0 100 0.0 0.0 0.0
18 1 113 1.0 25.320989780782124 25.320989780782124
19 2 59 9.541850352986048 358.10513855020525 3416.9856426813935
20 0 100 0.0 0.0 0.0
21 0 100 0.0 0.0 0.0
22 0 100 0.0 0.0 0.0
23 1 104 1.0 5.735193251789799 5.735193251789799
24 3 30 32.9215577265747 221.1993434691573 7282.2269551002855
25 0 100 0.0 0.0 0.0
26 0 10 0.0 10.0 0.0
27 0 6 0.0 6.0 0.0
28 1 21 1.0 46.33316012586883 46.33316012586883
29 2 50 9.541850352986048 282.0582186126376 2691.3573128316116
30 1 105 1.0 7.59708563275366 7.59708563275366
31 3 34 32.9215577265747 269.81820202916316 8882.83551378369
32 0 6 0.0 6.0 0.0
33 1 27 1.0 63.59241768810072 63.59241768810072
34 4 61 75.61186198841948 1129.4605717070829 85400.6168692773
35 0 100 0.0 0.0 0.0
36 0 100 0.0 0.0 0.0
37 1 118 1.0 38.15436697768484 38.15436697768484
38 3 50 32.9215577265747 497.6760852315066 16384.27196908475
39 3 137 32.9215577265747 308.57807572808247 10158.870933237406
40 4 151 75.61186198841948 831.5797944458234 62877.296649995835
41 0 100 0.0 0.0 0.0
42 8 150 459.67273235884244 33608.73957278992 15449021.150561098
43 0 10 0.0 10.0 0.0
44 2 120 9.541850352986048 75.23327232919837 717.8646261306569
45 1 102 1.0 2.3948263510722025 2.3948263510722025
46 2 35 9.541850352986048 168.62869283493262 1609.0297522505775
47 0 100 0.0 0.0 0.0
48 0 100 0.0 0.0 0.0
49 0 100 0.0 0.0 0.0
50 2 104 9.541850352986048 7.384494371244687 70.4617402228846
51 0 100 0.0 0.0 0.0
52 5 48 139.6884681067044 1135.058052192084 158554.52052289192
53 0 100 0.0 0.0 0.0
54 6 103 225.58275470837765 7086.292798564201 1598545.450170251
55 0 6 0.0 6.0 0.0
56 0 100 0.0 0.0 0.0
57 1 19 1.0 40.84402933782601 40.84402933782601
58 11 135 942.9223974109915 75378.38222771238 71075964.88311663
59 1 20 1.0 43.57075425423803 43.57075425423803
60 0 5 0.0 5.0 0.0
61 4 48 75.61186198841948 749.6906189831174 56685.50361656424
62 0 12 0.0 12.0 0.0
63 2 28 9.541850352986048 122.22584512913716 1166.2607234894754
64 10 116 766.6651705632711 39022.35413079504 29917079.785466347
65 1 12 1.0 22.891970023971037 22.891970023971037
66 0 10 0.0 10.0 0.0
67 0 100 0.0 0.0 0.0
68 0 10 0.0 10.0 0.0
69 0 100 0.0 0.0 0.0
70 2 17 9.541850352986048 59.51335422080222 567.8675199791454
71 5 78 139.6884681067044 2742.610069160227 383110.9991750147
72 0 24 0.0 24.0 0.0
73 0 100 0.0 0.0 0.0
74 1 104 1.0 5.735193251789799 5.735193251789799
75 0 100 0.0 0.0 0.0
76 0 100 0.0 0.0 0.0
77 2 22 9.541850352986048 86.31942417916456 823.6470280735138
78 1 43 1.0 114.29870016819844 114.29870016819844
79 5 59 139.6884681067044 1651.3976308733363 230681.20529173722
80 1 106 1.0 9.55892689827884 9.55892689827884
81 1 18 1.0 38.15436697768484 38.15436697768484
82 0 100 0.0 0.0 0.0
83 0 6 0.0 6.0 0.0
84 0 6 0.0 6.0 0.0
85 0 100 0.0 0.0 0.0
86 0 100 0.0 0.0 0.0
87 0 6 0.0 6.0 0.0
88 0 100 0.0 0.0 0.0
89 0 100 0.0 0.0 0.0
90 0 100 0.0 0.0 0.0
91 0 6 0.0 6.0 0.0
92 0 6 0.0 6.0 0.0
93 0 9 0.0 9.0 0.0
94 0 100 0.0 0.0 0.0
95 7 132 332.66880679862265 17424.0 5796421.289659201
96 2 36 9.541850352986048 175.6210676402407 1675.7499462548174
97 0 8 0.0 8.0 0.0
98 0 100 0.0 0.0 0.0
99 0 6 0.0 6.0 0.0
100 4 173 75.61186198841948 1535.4556318691968 116098.65932623514
101 3 148 32.9215577265747 466.4489382157433 15356.225645969067
102 2 139 9.541850352986048 197.11162840858907 1880.8096611081503
103 4 48 75.61186198841948 749.6906189831174 56685.50361656424
104 0 100 0.0 0.0 0.0
105 0 100 0.0 0.0 0.0
106 1 6 1.0 9.55892689827884 9.55892689827884
107 3 37 32.9215577265747 308.57807572808247 10158.870933237406
108 0 100 0.0 0.0 0.0
109 6 92 225.58275470837765 5709.4065807799225 1287943.6642424744
110 4 160 75.61186198841948 1097.9836363389938 83020.58717640696
111 5 87 139.6884681067044 3344.5706484424895 467197.95035557833
112 2 25 9.541850352986048 103.79546451213633 990.4007896934788
113 4 100 75.61186198841948 2629.9766541734707 198857.43180812968
114 3 24 32.9215577265747 155.22039240905832 5110.09710903639
115 1 112 1.0 22.891970023971037 22.891970023971037
116 1 35 1.0 88.18685030395203 88.18685030395203
117 3 36 32.9215577265747 295.444715883087 9726.500268956508
118 4 135 75.61186198841948 436.83679879622173 33030.043742042886
119 0 100 0.0 0.0 0.0
120 8 172 459.67273235884244 44677.262865761426 20536919.4958188
121 4 77 75.61186198841948 1682.1075637745857 127187.28496180048
122 1 102 1.0 2.3948263510722025 2.3948263510722025
123 4 51 75.61186198841948 831.5797944458234 62877.296649995835
124 4 142 75.61186198841948 596.6466987883373 45113.56784462985
125 7 101 332.66880679862265 10201.0 3393554.4981527496
126 4 152 75.61186198841948 5381.4592348634 406902.15296279686
127 6 129 225.58275470837765 10899.657990727621 2458774.8749275175
128 4 70 75.61186198841948 1429.1350405139644 108059.56144615616
129 4 93 75.61186198841948 2323.049658002374 175650.1101331206
130 1 107 1.0 11.607984241186918 11.607984241186918
131 5 68 139.6884681067044 2137.419079796989 298572.7969588832
132 9 138 604.9491004987461 40759.58337596822 24657473.29999562
133 2 31 9.541850352986048 141.5519192260369 1350.6672304328126
134 1 9 1.0 15.931997307697284 15.931997307697284
135 4 164 75.61186198841948 1226.095534977771 92707.36637535656
136 4 123 75.61186198841948 3747.0325985436466 283320.111707191
137 1 106 1.0 9.55892689827884 9.55892689827884
138 5 154 139.6884681067044 1405.9451433371921 196394.3233148333
139 1 104 1.0 5.735193251789799 5.735193251789799
140 4 185 75.61186198841948 1991.8652456125124 150608.64005078256
141 0 100 0.0 0.0 0.0
142 1 33 1.0 81.88562674252243 81.88562674252243
143 10 120 766.6651705632711 42078.2525506963 32259930.668783974
144 1 110 1.0 18.1937008646705 18.1937008646705
145 6 75 225.58275470837765 3862.4525781644106 871302.6925128031
146 3 40 32.9215577265747 349.23013798641597 11497.20014757944
147 1 125 1.0 57.71571011139208 57.71571011139208
148 5 71 139.6884681067044 2311.8500842163953 322938.7967565438
149 3 138 32.9215577265747 321.92161897300775 10598.16116245226
150 3 148 32.9215577265747 466.4489382157433 15356.225645969067
151 3 134 32.9215577265747 269.81820202916316 8882.83551378369
152 4 39 75.61186198841948 525.6324972119714 39744.05183581987
153 9 120 604.9491004987461 30162.00470437385 18246477.615149908
154 4 229 75.61186198841948 4064.972743606197 307360.15807623864
155 6 54 225.58275470837765 2060.392896912961 464789.10546720016
156 3 112 32.9215577265747 51.65274962739505 1700.488978594596
157 3 68 32.9215577265747 810.8239638778247 26693.587932893923
158 5 112 139.6884681067044 5292.687692718977 739327.4359631217
159 10 144 766.6651705632711 63118.28799319142 48390593.029961765
160 4 150 75.61186198841948 803.8922494719358 60783.78982063209
161 7 70 332.66880679862265 4900.0 1630077.153313251
162 4 137 75.61186198841948 480.38255499420245 36322.61944986597
163 9 135 604.9491004987461 38874.51396153533 23517102.253356747
164 5 183 139.6884681067044 3070.409639894098 428900.8190568644
165 1 105 1.0 7.59708563275366 7.59708563275366
166 8 124 459.67273235884244 22619.999038655253 10397796.764053049
167 5 89 139.6884681067044 3485.593399577667 486897.20242984424
168 5 168 139.6884681067044 2137.419079796989 298572.7969588832
169 4 43 75.61186198841948 621.143248020611 46965.797544373054
170 9 118 604.9491004987461 29089.380350657248 17597594.477196
171 4 165 75.61186198841948 1259.0362466163215 95198.07491757096
172 8 83 459.67273235884244 9813.93766434623 4511199.541369388
173 6 154 225.58275470837765 15295.955091199346 3450503.6853683824
174 4 73 75.61186198841948 1535.4556318691968 116098.65932623514
175 8 120 459.67273235884244 21128.626944217714 9712253.678439217
176 8 110 459.67273235884244 17630.632823740572 8104321.163304322
177 5 69 139.6884681067044 2194.8788310889477 306599.26159464906
178 3 170 32.9215577265747 849.0056290582019 27950.587827226456
179 7 81 332.66880679862265 6561.0 2182640.041405763
180 4 148 75.61186198841948 749.6906189831174 56685.50361656424
181 4 160 75.61186198841948 1097.9836363389938 83020.58717640696
182 4 185 75.61186198841948 1991.8652456125124 150608.64005078256
183 3 55 32.9215577265747 578.9666715492328 19060.48469917088
184 2 18 9.541850352986048 64.62733255388774 616.6643359418604
185 9 107 604.9491004987461 23559.974173081857 14252585.18377956
186 4 142 75.61186198841948 596.6466987883373 45113.56784462985
187 8 105 459.67273235884244 16004.538823908642 7356850.091329261
188 4 63 75.61186198841948 1193.5182370479756 90244.13622033325
189 3 41 32.9215577265747 363.1907597716439 11956.805563580698
190 8 121 459.67273235884244 21496.519829988905 9881364.00645704
191 4 177 75.61186198841948 1682.1075637745857 127187.28496180048
192 5 69 139.6884681067044 2194.8788310889477 306599.26159464906
193 4 61 75.61186198841948 1129.4605717070829 85400.6168692773
194 4 135 75.61186198841948 436.83679879622173 33030.043742042886
195 9 113 604.9491004987461 26498.629929601415 16030322.340361528
196 3 136 32.9215577265747 295.444715883087 9726.500268956508
197 8 66 459.67273235884244 6092.617388755455 2800610.082306216
198 6 74 225.58275470837765 3764.5376458742294 849214.7723596997
199 4 189 75.61186198841948 2154.8151586700715 162929.58638791565
