0 0 100 0.0 0.0 0.0
1 35 742 6117.310290426031 3005141113.7315316 18383380659212.242
2 0 100 0.0 0.0 0.0
3 0 11 0.0 11.0 0.0
4 1 15 1.0 30.323695983612147 30.323695983612147
5 1 24 1.0 54.8222930413608 54.8222930413608
6 1 22 1.0 49.12998068819353 49.12998068819353
7 0 100 0.0 0.0 0.0
8 0 100 0.0 0.0 0.0
9 0 100 0.0 0.0 0.0
10 0 100 0.0 0.0 0.0
11 1 7 1.0 11.607984241186918 11.607984241186918
12 0 100 0.0 0.0 0.0
13 4 39 75.61186198841948 525.6324972119714 39744.05183581987
14 0 100 0.0 0.0 0.0
15 33 691 5744.298091538941 1580544004.6724398 9079115909633.21
16 1 125 1.0 57.71571011139208 57.71571011139208
17 2 137 9.541850352986048 182.69988024795316 1743.2949168344405
18 28 572 4724.12231882448 296206247.52702326 1399314544917.6592
19 35 559 6117.310290426031 1179652010.9914246 7216297385959.604
20 4 166 75.61186198841948 1292.338741426653 97716.13855903981
21 0 10 0.0 10.0 0.0
22 0 10 0.0 10.0 0.0
23 1 12 1.0 22.891970023971037 22.891970023971037
24 0 100 0.0 0.0 0.0
25 13 261 1331.5823725933528 667494.088844719 888823362.5158892
26 0 100 0.0 0.0 0.0
27 0 100 0.0 0.0 0.0
28 0 100 0.0 0.0 0.0
29 0 6 0.0 6.0 0.0
30 0 9 0.0 9.0 0.0
31 1 19 1.0 40.84402933782601 40.84402933782601
32 0 100 0.0 0.0 0.0
33 10 177 766.6651705632711 99872.9294110967 76569096.46161199
34 0 100 0.0 0.0 0.0
35 0 100 0.0 0.0 0.0
36 0 100 0.0 0.0 0.0
37 0 6 0.0 6.0 0.0
38 0 100 0.0 0.0 0.0
39 26 470 4285.277943143774 103823000.0 444910411891.01605
40 0 100 0.0 0.0 0.0
41 0 100 0.0 0.0 0.0
42 49 1304 8126.242482129881 299764896222.67554 2435962234335961.0
43 0 10 0.0 10.0 0.0
44 0 16 0.0 16.0 0.0
45 1 112 1.0 22.891970023971037 22.891970023971037
46 0 100 0.0 0.0 0.0
47 1 108 1.0 13.734791927877684 13.734791927877684
48 47 1007 7902.318130854768 81984807946.6471 647870034291435.4
49 1 7 1.0 11.607984241186918 11.607984241186918
50 0 100 0.0 0.0 0.0
51 0 100 0.0 0.0 0.0
52 3 148 32.9215577265747 466.4489382157433 15356.225645969067
53 1 9 1.0 15.931997307697284 15.931997307697284
54 0 100 0.0 0.0 0.0
55 1 15 1.0 30.323695983612147 30.323695983612147
56 1 119 1.0 40.84402933782601 40.84402933782601
57 0 100 0.0 0.0 0.0
58 1 104 1.0 5.735193251789799 5.735193251789799
59 3 95 32.9215577265747 1378.6071657178634 45385.89538845017
60 21 612 3136.7198300107975 39037409.28410895 122449415813.71216
61 0 100 0.0 0.0 0.0
62 1 109 1.0 15.931997307697284 15.931997307697284
63 34 703 5933.442745663244 2053901680.6835954 12186708027557.623
64 0 100 0.0 0.0 0.0
65 0 100 0.0 0.0 0.0
66 29 582 4937.473672561782 390174223.1595579 1926474954562.5627
67 1 28 1.0 66.57403288693754 66.57403288693754
68 0 6 0.0 6.0 0.0
69 33 787 5744.298091538941 2408984020.206261 13837922309818.63
70 0 100 0.0 0.0 0.0
71 0 100 0.0 0.0 0.0
72 1 104 1.0 5.735193251789799 5.735193251789799
73 1 43 1.0 114.29870016819844 114.29870016819844
74 5 203 139.6884681067044 4545.356706035842 634933.9152646826
75 2 37 9.541850352986048 182.69988024795316 1743.2949168344405
76 0 100 0.0 0.0 0.0
77 0 100 0.0 0.0 0.0
78 0 100 0.0 0.0 0.0
79 4 137 75.61186198841948 480.38255499420245 36322.61944986597
80 17 499 2206.0678959513543 11776704.709875505 25980210180.55546
81 5 72 139.6884681067044 2371.3580183097592 331251.36891024053
82 21 512 3136.7198300107975 39037409.28410895 122449415813.71216
83 3 138 32.9215577265747 321.92161897300775 10598.16116245226
84 0 10 0.0 10.0 0.0
85 0 100 0.0 0.0 0.0
86 1 104 1.0 5.735193251789799 5.735193251789799
87 0 100 0.0 0.0 0.0
88 4 189 75.61186198841948 2154.8151586700715 162929.58638791565
89 1 105 1.0 7.59708563275366 7.59708563275366
90 20 386 2902.6872563902634 13683533.166412199 39719017344.5382
91 0 100 0.0 0.0 0.0
92 0 9 0.0 9.0 0.0
93 1 111 1.0 20.51504931294799 20.51504931294799
94 0 100 0.0 0.0 0.0
95 1 8 1.0 13.734791927877684 13.734791927877684
96 37 867 6468.923834840442 7543066741.926161 48795524234638.38
97 1 22 1.0 49.12998068819353 49.12998068819353
98 0 100 0.0 0.0 0.0
99 31 1020 5350.621552679651 2567082522.3302455 13735487071487.453
100 38 932 6636.579650383532 11746736342.36473 77958151368158.45
101 23 468 3602.4235623004615 50387390.62217563 181516723220.16278
102 23 551 3602.4235623004615 45286624.8051258 163141604255.04575
103 34 653 5933.442745663244 1613495183.7237525 9573581293028.281
104 24 720 3832.71054120725 226407549.15826836 867754600267.7938
105 31 910 5350.621552679651 2479538397.060258 13267071588007.371
106 1 105 1.0 7.59708563275366 7.59708563275366
107 18 441 2436.3877014920204 11387392.550720725 27744103162.63782
108 21 494 3136.7198300107975 35312531.854593456 110765518916.19125
109 36 934 6295.82243666837 7904142620.207522 49763078450929.234
110 42 1036 7252.650449022947 36644223090.58903 265767741052057.56
111 40 819 6955.50474228233 11107997572.770992 77261729794669.25
112 43 1105 7393.130324549447 55479041852.12851 410163786693919.2
113 24 416 3832.71054120725 45527662.880872905 174494353440.05164
114 39 855 6798.773358825962 10645916740.23967 72379175113820.8
115 28 635 4724.12231882448 408327730.4217879 1928990144680.514
116 4 64 75.61186198841948 1226.095534977771 92707.36637535656
117 33 742 5744.298091538941 1990647514.5034418 11434872718488.857
118 26 468 4285.277943143774 102503232.0 439254839190.5491
119 45 844 7658.1450374688 30565047373.21102 234071565861154.78
120 29 725 4937.473672561782 772209663.3418832 3812764882448.345
121 26 659 4285.277943143774 286191179.0 1226408746891.0117
122 47 1240 7902.318130854768 174678917880.3018 1380368379843600.0
123 30 885 5146.386239304723 1809133327.8049705 9310498863283.06
124 32 835 5549.980220652734 2351850283.9231343 13052722557709.912
125 35 847 6117.310290426031 4652196113.662455 28458927159187.324
126 21 364 3136.7198300107975 15007446.602457665 47074155355.757126
127 32 609 5549.980220652734 854585583.1902378 4742933083560.801
128 44 1215 7528.2761260995885 93650200211.11418 705024566453777.5
129 40 852 6955.50474228233 12728942731.751492 88536221534937.7
130 41 1057 7106.788070274764 32491161137.452274 230907796361020.88
131 44 968 7528.2761260995885 41729200732.075294 314148945632499.94
132 25 668 4060.496712466729 233554997.31778684 948349298789.0492
133 30 610 5146.386239304723 562058156.01154 2892568359786.777
134 24 600 3832.71054120725 132850604.70559219 509177913060.8807
135 25 587 4060.496712466729 159250017.88753313 646634174092.5961
136 11 241 942.9223974109915 83269.02073017742 78516224.65696444
137 34 830 5933.442745663244 3535883966.544076 20979965070797.92
138 43 926 7393.130324549447 29728305710.262383 219785238444017.3
139 13 268 1331.5823725933528 230840.47046310757 307383101.34983057
140 61 1303 9085.210990399466 2131141899112.8362 1.936187380392073e+16
141 25 712 4060.496712466729 282137469.19880277 1145618266145.4216
142 53 1218 8516.089422990353 460273438410.6867 3919729760532651.0
143 36 959 6295.82243666837 8631397557.880068 54341746404705.91
144 22 644 3370.209833397988 60211490.90559604 202925358733.5933
145 19 453 2668.9360872348193 16209131.700457625 43261136538.09325
146 20 524 2902.6872563902634 31800125.30281273 92305818468.08807
147 29 773 4937.473672561782 612774007.0304798 3025555526943.1826
148 25 687 4060.496712466729 253789225.1463722 1030510314366.3229
149 27 598 4506.6139001521815 270209238.4694876 1217728710036.1284
150 41 983 7106.788070274764 25246185226.84622 179419287990097.7
151 43 997 7393.130324549447 38586773010.68635 285277041671811.44
152 54 1316 8602.009448624298 728419997148.2006 6265875698035705.0
153 5 152 139.6884681067044 9218.768601942495 1287755.663835532
154 37 737 6468.923834840442 4368729688.954143 28260979612850.523
155 33 910 5744.298091538941 3856074491.818728 22150441344186.31
156 39 768 6798.773358825962 7375586614.219624 50144941778469.75
157 37 689 6468.923834840442 3483559422.785084 22534880580137.44
158 22 546 3370.209833397988 60843161.71497373 205054221906.82846
159 32 696 5549.980220652734 1311495252.480848 7278772710748.67
160 25 593 4060.496712466729 164120800.49877253 666411970872.6738
161 44 827 7528.2761260995885 23837231417.934097 179453260195944.3
162 41 985 7106.788070274764 25425183556.1199 180691391181179.0
163 39 944 6798.773358825962 14936921705.594936 101552745354868.1
164 31 685 5350.621552679651 1006367012.0433065 5384689024544.738
165 1 106 1.0 9.55892689827884 9.55892689827884
166 25 720 4060.496712466729 291632745.76157427 1184173805412.5178
167 41 1099 7106.788070274764 37203946047.93914 264400559940639.84
168 24 543 3832.71054120725 99220911.45053728 380285033224.6654
169 38 855 6636.579650383532 8768333078.587101 58191740877135.94
170 27 615 4506.6139001521815 171650046.55810508 773560485780.5255
171 34 776 5933.442745663244 2837457187.765155 16835889766875.188
172 45 858 7658.1450374688 32420923495.94454 248284134380623.28
173 46 1119 7782.801884860074 100623062284.87088 783129358811085.8
174 20 470 2902.6872563902634 23556750.486872304 68377879440.20937
175 19 357 2668.9360872348193 8491952.86908583 22664479463.400433
176 27 641 4506.6139001521815 199341018.6362469 898353005456.6053
177 32 1173 5549.980220652734 6996466239.568358 38830249244069.0
178 36 774 6295.82243666837 4225963609.348143 26605916508278.086
179 17 355 2206.0678959513543 4824907.6976362355 10644073972.683863
180 41 828 7106.788070274764 13904366326.78788 98815384735946.25
181 35 866 6117.310290426031 3338209329.050255 20420862280195.3
182 51 1102 8330.590095344352 226452303425.52084 1886481315984558.0
183 46 1117 7782.801884860074 99975546034.34592 778089868116022.5
184 40 929 6955.50474228233 17153903188.475212 119314054976091.31
185 40 995 6955.50474228233 21734278644.921017 151172878184833.72
186 43 1279 7393.130324549447 92968378170.06857 687327335873314.9
187 37 875 6468.923834840442 7779626031.761189 50325808263005.125
188 26 632 4285.277943143774 252435968.0 1081758285726.5475
189 50 1777 8230.818941038662 907725218775.6198 7471321923956834.0
190 36 786 6295.82243666837 4448261166.726419 28005462457636.812
191 33 671 5744.298091538941 1437088901.1465948 8255067032228.178
192 19 450 2668.9360872348193 15919403.399864733 42487870221.14766
193 31 860 5350.621552679651 2072296325.8804562 11088073384794.824
194 40 1157 6955.50474228233 36562754076.92401 254312409372947.56
195 36 733 6295.82243666837 3525023945.7878604 22192924847684.48
196 27 740 4506.6139001521815 516032907.9193479 2325561075765.2837
197 34 745 5933.442745663244 2483210988.4850345 14733990225577.781
198 22 568 3370.209833397988 68076980.22070126 229433708167.84772
199 35 799 6117.310290426031 3837057451.1120343 23472471030643.527
