0 4 147 75.61186198841948 723.181183304868 54681.07582466957
1 0 6 0.0 6.0 0.0
2 6 41 225.58275470837765 1216.5908073863593 274441.9056831042
3 0 8 0.0 8.0 0.0
4 0 100 0.0 0.0 0.0
5 5 91 139.6884681067044 3629.2296992039956 506961.5370891617
6 1 107 1.0 11.607984241186918 11.607984241186918
7 0 100 0.0 0.0 0.0
8 0 100 0.0 0.0 0.0
9 1 10 1.0 18.1937008646705 18.1937008646705
10 0 100 0.0 0.0 0.0
11 0 100 0.0 0.0 0.0
12 0 28 0.0 28.0 0.0
13 0 100 0.0 0.0 0.0
14 4 55 75.61186198841948 946.1899645328139 71543.18501308264
15 0 6 0.0 6.0 0.0
16 4 91 75.61186198841948 2238.2761103848434 169240.22435039515
17 1 112 1.0 22.891970023971037 22.891970023971037
18 0 5 0.0 5.0 0.0
19 0 100 0.0 0.0 0.0
20 2 8 9.541850352986048 20.066939702021244 191.47573567908114
21 4 47 75.61186198841948 723.181183304868 54681.07582466957
22 0 100 0.0 0.0 0.0
23 5 59 139.6884681067044 1651.3976308733363 230681.20529173722
24 4 42 75.61186198841948 596.6466987883373 45113.56784462985
25 0 100 0.0 0.0 0.0
26 8 171 459.67273235884244 7092.062323978532 3260027.666522414
27 7 117 332.66880679862265 13689.0 4553903.296266345
28 0 100 0.0 0.0 0.0
29 0 100 0.0 0.0 0.0
30 4 44 75.61186198841948 646.0476428878335 48848.86521197858
31 1 11 1.0 20.51504931294799 20.51504931294799
32 3 49 32.9215577265747 481.96892224029307 15867.1676959488
33 1 24 1.0 54.8222930413608 54.8222930413608
34 1 101 1.0 1.0 1.0
35 1 12 1.0 22.891970023971037 22.891970023971037
36 0 6 0.0 6.0 0.0
37 0 5 0.0 5.0 0.0
38 1 28 1.0 66.57403288693754 66.57403288693754
39 0 100 0.0 0.0 0.0
40 0 100 0.0 0.0 0.0
41 1 24 1.0 54.8222930413608 54.8222930413608
42 4 99 75.61186198841948 2585.1644858987506 195469.10032513973
43 0 100 0.0 0.0 0.0
44 0 5 0.0 5.0 0.0
45 1 104 1.0 5.735193251789799 5.735193251789799
46 3 51 32.9215577265747 513.5688732735056 16907.48730804564
47 1 101 1.0 1.0 1.0
48 0 100 0.0 0.0 0.0
49 1 9 1.0 15.931997307697284 15.931997307697284
50 1 11 1.0 20.51504931294799 20.51504931294799
51 1 10 1.0 18.1937008646705 18.1937008646705
52 8 82 459.67273235884244 9569.587872219572 4398878.604771212
53 0 100 0.0 0.0 0.0
54 0 100 0.0 0.0 0.0
55 1 112 1.0 22.891970023971037 22.891970023971037
56 1 24 1.0 54.8222930413608 54.8222930413608
57 0 100 0.0 0.0 0.0
58 0 100 0.0 0.0 0.0
59 3 81 32.9215577265747 1070.3630949288454 35238.02041809513
60 0 100 0.0 0.0 0.0
61 0 100 0.0 0.0 0.0
62 11 134 942.9223974109915 74106.16109407078 69876359.08174635
63 3 59 32.9215577265747 647.2206215128941 21307.511052966296
64 6 77 225.58275470837765 4061.8785529685815 916289.7532695315
65 0 9 0.0 9.0 0.0
66 2 19 9.541850352986048 69.8685662777562 666.6754038000371
67 0 5 0.0 5.0 0.0
68 4 152 75.61186198841948 859.6554919481086 65000.15241476724
69 0 100 0.0 0.0 0.0
70 0 100 0.0 0.0 0.0
71 0 6 0.0 6.0 0.0
72 1 20 1.0 43.57075425423803 43.57075425423803
73 0 100 0.0 0.0 0.0
74 2 26 9.541850352986048 109.8359986590007 1048.0386625749609
75 0 6 0.0 6.0 0.0
76 0 8 0.0 8.0 0.0
77 7 55 332.66880679862265 3025.0 1006323.1405658335
78 0 100 0.0 0.0 0.0
79 1 17 1.0 35.503281577765854 35.503281577765854
80 0 100 0.0 0.0 0.0
81 1 49 1.0 134.74529814364382 134.74529814364382
82 0 100 0.0 0.0 0.0
83 0 100 0.0 0.0 0.0
84 7 120 332.66880679862265 14400.0 4790430.817900166
85 0 100 0.0 0.0 0.0
86 1 26 1.0 60.63937356224698 60.63937356224698
87 0 100 0.0 0.0 0.0
88 0 6 0.0 6.0 0.0
89 1 106 1.0 9.55892689827884 9.55892689827884
90 4 63 75.61186198841948 1193.5182370479756 90244.13622033325
91 1 10 1.0 18.1937008646705 18.1937008646705
92 0 100 0.0 0.0 0.0
93 0 5 0.0 5.0 0.0
94 3 62 32.9215577265747 700.2360303580608 23052.86089566041
95 1 19 1.0 40.84402933782601 40.84402933782601
96 0 6 0.0 6.0 0.0
97 5 73 139.6884681067044 2431.5451615879456 339658.8187544891
98 5 71 139.6884681067044 2311.8500842163953 322938.7967565438
99 6 81 225.58275470837765 4475.076918624486 1009500.1788351899
100 4 75 75.61186198841948 1608.0874365260645 121590.48531592006
101 1 121 1.0 46.33316012586883 46.33316012586883
102 5 69 139.6884681067044 2194.8788310889477 306599.26159464906
103 3 46 32.9215577265747 435.9769523615719 14353.040404627594
104 1 105 1.0 7.59708563275366 7.59708563275366
105 5 40 139.6884681067044 814.9598274436516 113840.48986410785
106 2 34 9.541850352986048 161.72412498062124 1543.1473990327004
107 1 11 1.0 20.51504931294799 20.51504931294799
108 1 20 1.0 43.57075425423803 43.57075425423803
109 2 33 9.541850352986048 154.90879557685506 1478.1165457556579
110 0 100 0.0 0.0 0.0
111 5 73 139.6884681067044 2431.5451615879456 339658.8187544891
112 2 13 9.541850352986048 40.41888428935346 385.6709453236695
113 1 11 1.0 20.51504931294799 20.51504931294799
114 0 100 0.0 0.0 0.0
115 0 19 0.0 19.0 0.0
116 2 35 9.541850352986048 168.62869283493262 1609.0297522505775
117 1 102 1.0 2.3948263510722025 2.3948263510722025
118 5 53 139.6884681067044 1358.9929081032851 189835.63750082318
119 6 87 225.58275470837765 5130.584655325767 1157371.4198129189
120 5 136 139.6884681067044 672.9601112794846 94004.76704154853
121 0 100 0.0 0.0 0.0
122 4 41 75.61186198841948 572.5607883495287 43292.38730866522
123 6 142 225.58275470837765 1273.9846198337311 287388.9599981983
124 2 8 9.541850352986048 20.066939702021244 191.47573567908114
125 6 192 225.58275470837765 5709.4065807799225 1287943.6642424744
126 7 103 332.66880679862265 10609.0 3529283.3713265876
127 5 53 139.6884681067044 1358.9929081032851 189835.63750082318
128 4 60 75.61186198841948 1097.9836363389938 83020.58717640696
129 8 83 459.67273235884244 9813.93766434623 4511199.541369388
130 4 146 75.61186198841948 697.0692055589992 52706.70056710426
131 1 102 1.0 2.3948263510722025 2.3948263510722025
132 8 110 459.67273235884244 17630.632823740572 8104321.163304322
133 6 81 225.58275470837765 4475.076918624486 1009500.1788351899
134 3 36 32.9215577265747 295.444715883087 9726.500268956508
135 2 129 9.541850352986048 128.5709592386038 1226.8048527946264
136 8 106 459.67273235884244 16323.225002619285 7503341.43786218
137 5 122 139.6884681067044 6182.546797919655 863630.491199407
138 6 72 225.58275470837765 3572.3109038912485 805851.7343745624
139 4 93 75.61186198841948 2323.049658002374 175650.1101331206
140 5 86 139.6884681067044 3275.042744200361 457485.7039213258
141 7 95 332.66880679862265 9025.0 3002335.9813575693
142 4 87 75.61186198841948 2072.675291085697 156718.8380563789
143 5 175 139.6884681067044 2553.9502583266267 356757.3992063684
144 3 74 32.9215577265747 927.3002957027797 30528.17021484885
145 6 93 225.58275470837765 5828.709556476301 1314856.3581449701
146 10 126 766.6651705632711 46901.01863245811 35957377.44944465
147 8 123 459.67273235884244 22242.203710402715 10224134.553242799
148 1 116 1.0 32.892441635375256 32.892441635375256
149 9 147 604.9491004987461 46702.87865638875 28252864.433884464
150 5 84 139.6884681067044 3137.9608221632784 438336.940226843
151 4 55 75.61186198841948 946.1899645328139 71543.18501308264
152 5 71 139.6884681067044 2311.8500842163953 322938.7967565438
153 9 132 604.9491004987461 37037.19091196814 22405615.327195458
154 3 30 32.9215577265747 221.1993434691573 7282.2269551002855
155 5 71 139.6884681067044 2311.8500842163953 322938.7967565438
156 5 145 139.6884681067044 1009.4539298642129 141009.0730870245
157 4 44 75.61186198841948 646.0476428878335 48848.86521197858
158 8 82 459.67273235884244 9569.587872219572 4398878.604771212
159 11 76 942.9223974109915 20229.64275128464 19074983.241809197
160 5 150 139.6884681067044 1222.4564081968258 170763.0629882387
161 5 69 139.6884681067044 2194.8788310889477 306599.26159464906
162 7 136 332.66880679862265 18496.0 6153042.250547324
163 1 108 1.0 13.734791927877684 13.734791927877684
164 6 131 225.58275470837765 11225.205072627472 2532212.6824497594
165 6 82 225.58275470837765 4581.357643139669 1033475.277443727
166 7 101 332.66880679862265 10201.0 3393554.4981527496
167 6 81 225.58275470837765 4475.076918624486 1009500.1788351899
168 1 17 1.0 35.503281577765854 35.503281577765854
169 6 100 225.58275470837765 6696.723465418967 1510665.3268494436
170 4 174 75.61186198841948 1571.597319835911 118831.39964880285
171 9 226 604.9491004987461 33505.118966499955 20268891.580887627
172 5 95 139.6884681067044 3924.3008107112732 548179.5686381559
173 7 95 332.66880679862265 9025.0 3002335.9813575693
174 2 33 9.541850352986048 154.90879557685506 1478.1165457556579
175 4 30 75.61186198841948 335.61535000671915 25376.501525903146
176 5 81 139.6884681067044 2937.2940727723303 410306.1094044695
177 6 95 225.58275470837765 6070.84515091352 1369477.9725510685
178 5 164 139.6884681067044 1914.4623288244568 267428.3099614821
179 1 104 1.0 5.735193251789799 5.735193251789799
180 10 124 766.6651705632711 45261.41727827692 34700352.19758556
181 5 154 139.6884681067044 1405.9451433371921 196394.3233148333
182 6 190 225.58275470837765 5474.33581455389 1234915.7532457968
183 8 99 459.67273235884244 14160.822691605603 6509344.059099445
184 5 159 139.6884681067044 1651.3976308733363 230681.20529173722
185 7 108 332.66880679862265 11664.0 3880248.9624991347
186 6 65 225.58275470837765 2937.504168606418 662650.2823215784
187 7 206 332.66880679862265 11236.0 3737866.7131893244
188 6 58 225.58275470837765 2362.1985438616953 532871.2546924397
189 5 65 139.6884681067044 1969.1653870843556 275069.6963705592
190 6 59 225.58275470837765 2440.720411610211 550584.4339239968
191 7 177 332.66880679862265 31329.0 10422181.048194049
192 5 102 139.6884681067044 4465.486028292682 623776.9026440964
193 5 101 139.6884681067044 4386.2526434047795 612708.9124861964
194 6 113 225.58275470837765 8460.534002517481 1908550.5665917895
195 5 152 139.6884681067044 1312.7590262571498 183377.29737111018
196 4 37 75.61186198841948 480.38255499420245 36322.61944986597
197 6 182 225.58275470837765 4581.357643139669 1033475.277443727
198 8 109 459.67273235884244 17298.876533787272 7951821.843024257
199 5 154 139.6884681067044 1405.9451433371921 196394.3233148333
