0 0 100 0.0 0.0 0.0
1 10 181 766.6651705632711 104962.02514306911 80470728.90897743
2 0 100 0.0 0.0 0.0
3 0 10 0.0 10.0 0.0
4 16 317 1979.1134619514044 2697289.9739892757 5338242898.308729
5 2 48 9.541850352986048 265.93129728965954 2537.4766429133756
6 30 547 5146.386239304723 399080413.4115431 2053821947957.2053
7 2 62 9.541850352986048 384.6592176812078 3670.3606920107695
8 1 19 1.0 40.84402933782601 40.84402933782601
9 1 16 1.0 32.892441635375256 32.892441635375256
10 0 100 0.0 0.0 0.0
11 0 100 0.0 0.0 0.0
12 3 187 32.9215577265747 1198.932966405119 39470.74086379957
13 0 100 0.0 0.0 0.0
14 0 100 0.0 0.0 0.0
15 5 46 139.6884681067044 1050.58572833688 146754.71100614508
16 35 603 6117.310290426031 1514975095.3209705 9267572740346.13
17 0 100 0.0 0.0 0.0
18 0 100 0.0 0.0 0.0
19 0 100 0.0 0.0 0.0
20 1 106 1.0 9.55892689827884 9.55892689827884
21 1 101 1.0 1.0 1.0
22 0 100 0.0 0.0 0.0
23 0 6 0.0 6.0 0.0
24 0 100 0.0 0.0 0.0
25 17 532 2206.0678959513543 8070888.528002393 17804928073.42816
26 0 6 0.0 6.0 0.0
27 0 100 0.0 0.0 0.0
28 4 64 75.61186198841948 1226.095534977771 92707.36637535656
29 0 100 0.0 0.0 0.0
30 8 199 459.67273235884244 14160.822691605603 6509344.059099445
31 1 41 1.0 107.64164596635766 107.64164596635766
32 0 100 0.0 0.0 0.0
33 0 100 0.0 0.0 0.0
34 0 100 0.0 0.0 0.0
35 0 100 0.0 0.0 0.0
36 3 117 32.9215577265747 1918.847287730859 63171.441751512764
37 1 28 1.0 66.57403288693754 66.57403288693754
38 1 19 1.0 40.84402933782601 40.84402933782601
39 16 369 1979.1134619514044 3986094.9364539124 7888934149.352265
40 0 100 0.0 0.0 0.0
41 37 733 6468.923834840442 4289523986.2437773 27748603954732.156
42 0 100 0.0 0.0 0.0
43 27 574 4506.6139001521815 238606036.57262486 1075305281078.411
44 1 15 1.0 30.323695983612147 30.323695983612147
45 7 227 332.66880679862265 16129.0 5365615.184854985
46 0 100 0.0 0.0 0.0
47 1 13 1.0 25.320989780782124 25.320989780782124
48 18 401 2436.3877014920204 8835573.332925195 21526882203.969807
49 0 100 0.0 0.0 0.0
50 26 597 4285.277943143774 212776173.0 911805040983.4438
51 0 100 0.0 0.0 0.0
52 43 1063 7393.130324549447 48385660316.370735 357721492558309.3
53 1 16 1.0 32.892441635375256 32.892441635375256
54 0 100 0.0 0.0 0.0
55 2 71 9.541850352986048 467.7098949010499 4462.817825756651
56 1 60 1.0 173.91225657453782 173.91225657453782
57 13 227 1331.5823725933528 476823.32726528787 634929537.4277687
58 0 100 0.0 0.0 0.0
59 0 15 0.0 15.0 0.0
60 2 28 9.541850352986048 122.22584512913716 1166.2607234894754
61 2 124 9.541850352986048 97.86086952638261 933.7737724338355
62 4 66 75.61186198841948 1292.338741426653 97716.13855903981
63 1 100 1.0 0.0 0.0
64 18 418 2436.3877014920204 9870771.804659542 24049027029.1067
65 0 100 0.0 0.0 0.0
66 15 297 1756.7778603087352 1701985.2950652083 2990010084.941588
67 0 7 0.0 7.0 0.0
68 1 6 1.0 9.55892689827884 9.55892689827884
69 0 100 0.0 0.0 0.0
70 0 100 0.0 0.0 0.0
71 1 27 1.0 63.59241768810072 63.59241768810072
72 1 106 1.0 9.55892689827884 9.55892689827884
73 1 19 1.0 40.84402933782601 40.84402933782601
74 0 100 0.0 0.0 0.0
75 0 100 0.0 0.0 0.0
76 1 119 1.0 40.84402933782601 40.84402933782601
77 2 126 9.541850352986048 109.8359986590007 1048.0386625749609
78 0 100 0.0 0.0 0.0
79 4 87 75.61186198841948 2072.675291085697 156718.8380563789
80 0 100 0.0 0.0 0.0
81 1 10 1.0 18.1937008646705 18.1937008646705
82 27 654 4506.6139001521815 354611111.67735267 1598095365033.5752
83 4 108 75.61186198841948 2999.8926316694174 226827.4676458645
84 0 100 0.0 0.0 0.0
85 1 104 1.0 5.735193251789799 5.735193251789799
86 0 5 0.0 5.0 0.0
87 0 100 0.0 0.0 0.0
88 25 488 4060.496712466729 92136805.982593 374121197789.5037
89 15 160 1756.7778603087352 358124.74104907544 629145616.3038146
90 0 100 0.0 0.0 0.0
91 0 100 0.0 0.0 0.0
92 1 22 1.0 49.12998068819353 49.12998068819353
93 3 179 32.9215577265747 1028.715399126087 33866.9133965458
94 0 11 0.0 11.0 0.0
95 33 752 5744.298091538941 2078879226.0710738 11941701970860.02
96 0 100 0.0 0.0 0.0
97 10 255 766.6651705632711 74345.3976110817 56998026.94009416
98 2 27 9.541850352986048 115.98017876588344 1106.66550969663
99 0 100 0.0 0.0 0.0
100 23 561 3602.4235623004615 84992579.64177889 306179271522.2428
101 34 603 5933.442745663244 1243375459.2958746 7377497099094.812
102 24 475 3832.71054120725 67096457.96805253 257161301731.82413
103 21 464 3136.7198300107975 29627039.561908986 92931722498.35432
104 1 27 1.0 63.59241768810072 63.59241768810072
105 19 251 2668.9360872348193 3263748.0373443356 8710734916.510113
106 23 429 3602.4235623004615 39203134.90077299 141226296882.5882
107 15 414 1756.7778603087352 3930317.496656438 6904694762.110082
108 33 774 5744.298091538941 2282439670.4266787 13111013842884.738
109 0 8 0.0 8.0 0.0
110 19 455 2668.9360872348193 16404120.853744434 43781550125.91978
111 39 921 6798.773358825962 13728571018.525295 93337442895499.97
112 0 100 0.0 0.0 0.0
113 38 800 6636.579650383532 6998290787.513058 46444714227875.7
114 21 357 3136.7198300107975 14212704.92733795 44581273383.67312
115 31 660 5350.621552679651 894322214.8366138 4785179717744.987
116 13 292 1331.5823725933528 874829.4763397519 1164907509.7190871
117 23 475 3602.4235623004615 52592088.390941784 189458978410.11725
118 33 657 5744.298091538941 786149051.6950839 4515874497317.219
119 22 523 3370.209833397988 53834066.62295544 181432100704.48685
120 0 9 0.0 9.0 0.0
121 21 373 3136.7198300107975 16070496.46924215 50408644953.19036
122 22 578 3370.209833397988 71541061.60775764 241108389322.19608
123 22 375 3370.209833397988 20902706.73246965 70446507774.40355
124 0 100 0.0 0.0 0.0
125 4 92 75.61186198841948 2280.4993308091553 172432.80066582482
126 8 109 459.67273235884244 17298.876533787272 7951821.843024257
127 14 377 1540.4353185285338 2258417.058328037 3478945400.615824
128 21 433 3136.7198300107975 24408594.941947047 76562923777.10655
129 30 768 5146.386239304723 1158825149.022362 5963761800688.929
130 42 997 7252.650449022947 32034857857.83756 232337626227031.84
131 21 349 3136.7198300107975 13338188.70272855 41838161000.27464
132 18 450 2436.3877014920204 12018123.045997255 29280807184.28553
133 26 757 4285.277943143774 283593393.0 1215276511844.2039
134 23 449 3602.4235623004615 44709755.13282562 161063475355.17502
135 28 845 4724.12231882448 982270527.0662676 4640366120037.24
136 29 728 4937.473672561782 782181712.9197112 3862001614700.352
137 29 546 4937.473672561782 319958722.76423603 1579787769954.9097
138 22 701 3370.209833397988 123835027.59551992 417350027721.5324
139 15 279 1756.7778603087352 1453906.341556328 2554190471.808627
140 20 396 2902.6872563902634 14683989.0278364 42623027824.07517
141 37 755 6468.923834840442 4737910727.873319 30649183634885.94
142 17 380 2206.0678959513543 5766943.011344674 12722267835.108513
143 41 1006 7106.788070274764 27359652993.650322 194439255502131.34
144 0 100 0.0 0.0 0.0
145 31 569 5350.621552679651 558388184.3658177 2987723854029.403
146 37 763 6468.923834840442 4908814334.011903 31754746046096.01
147 16 380 1979.1134619514044 4298828.009043774 8507868383.312285
148 16 367 1979.1134619514044 3930779.0905887596 7779457814.141313
149 39 844 6798.773358825962 10184750419.349411 69243809817364.31
150 15 227 1756.7778603087352 864595.8430902208 1518902835.255865
151 16 360 1979.1134619514044 3740878.133061797 7403622272.662239
152 30 526 5146.386239304723 352900254.9537814 1816161015941.269
153 12 304 1131.8354418063404 688758.1999809854 779560941.5732183
154 23 569 3602.4235623004615 88535809.9553597 318943487890.5435
155 30 505 5146.386239304723 310504024.1270554 1597973637016.2197
156 1 103 1.0 3.9914906122521803 3.9914906122521803
157 11 245 942.9223974109915 295001.9516751417 278163947.5144461
158 16 465 1979.1134619514044 7223915.74005938 14296948889.154161
159 26 457 4285.277943143774 95443993.0 409004038008.46875
160 14 371 1540.4353185285338 2170805.7305068946 3343985816.936955
161 18 554 2436.3877014920204 12305300.350102384 29980482436.1549
162 25 443 4060.496712466729 69176826.43001583 280892276297.9608
163 20 512 2902.6872563902634 29831177.46238613 86590578663.18466
164 17 376 2206.0678959513543 5609205.911533021 12374289083.21355
165 24 546 3832.71054120725 100832338.66863401 386461167309.853
166 23 511 3602.4235623004615 64928857.178055406 233901244971.46823
167 20 382 2902.6872563902634 13295878.471949195 38593777003.04058
168 26 470 4285.277943143774 103823000.0 444910411891.01605
169 20 546 2902.6872563902634 35621069.71583831 103396825123.15302
170 30 543 5146.386239304723 389984434.06359476 2007010525007.924
171 29 546 4937.473672561782 319958722.76423603 1579787769954.9097
172 10 257 766.6651705632711 76495.71491932069 58646600.32598036
173 14 286 1540.4353185285338 1142666.6965205264 1760204136.6265445
174 45 819 7658.1450374688 27443258842.816284 210164456519085.28
175 18 386 2436.3877014920204 7980936.003343732 19444654324.941547
176 22 551 3370.209833397988 62441096.18866596 210439596383.19165
177 27 536 4506.6139001521815 193799076.32693854 873377611211.6348
178 22 433 3370.209833397988 31464502.63863377 106041976195.70047
179 42 923 7252.650449022947 24450170278.45391 177328538448716.28
180 25 668 4060.496712466729 233554997.31778684 948349298789.0492
181 25 509 4060.496712466729 104385647.25738297 423857577517.3152
182 26 417 4285.277943143774 72511713.0 310732844338.4717
183 40 867 6955.50474228233 13518487521.554092 94027904064653.98
184 20 570 2902.6872563902634 40109732.574160375 116426009600.23676
185 37 785 6468.923834840442 5401079774.048153 34939173684214.727
186 3 129 32.9215577265747 209.61005902119368 6900.689658136957
187 29 829 4937.473672561782 1171190410.290377 5782721816365.567
188 26 800 4285.277943143774 512000000.0 2194062306889.6123
189 4 81 75.61186198841948 1834.2709028460106 138692.63835536616
190 20 435 2902.6872563902634 19027941.175359003 55232162365.05815
191 10 218 766.6651705632711 158737.91968892005 121698834.27316472
192 22 381 3370.209833397988 21867911.91168164 73699451760.63046
193 20 440 2902.6872563902634 19637468.358474057 57001429151.90967
194 23 534 3602.4235623004615 73720863.22465046 265573774713.61038
195 26 516 4285.277943143774 137388096.0 588746177439.3193
196 24 618 3832.71054120725 144843766.0576722 555144228997.3971
197 29 666 4937.473672561782 593186016.4815379 2928840339309.393
198 46 1517 7782.801884860074 301733634810.2917 2348333101727219.5
199 30 591 5146.386239304723 508875203.25163203 2618868343537.5933
