0 13 271 1331.5823725933528 730806.0186361094 973128412.2009726
1 2 12 9.541850352986048 36.01211998010309 343.62225974392254
2 0 100 0.0 0.0 0.0
3 2 12 9.541850352986048 36.01211998010309 343.62225974392254
4 8 223 459.67273235884244 22242.203710402715 10224134.553242799
5 1 19 1.0 40.84402933782601 40.84402933782601
6 0 9 0.0 9.0 0.0
7 0 100 0.0 0.0 0.0
8 8 103 459.67273235884244 15376.94813547303 7068363.764773096
9 2 68 9.541850352986048 439.47602925740523 4193.414504898678
10 0 10 0.0 10.0 0.0
11 2 41 9.541850352986048 211.85407612585806 2021.4798910630518
12 0 9 0.0 9.0 0.0
13 11 277 942.9223974109915 140143.84535523065 132144770.64474933
14 1 128 1.0 66.57403288693754 66.57403288693754
15 2 132 9.541850352986048 148.1842032776824 1413.95149235211
16 6 109 225.58275470837765 7896.900764171442 1781404.6280404862
17 0 100 0.0 0.0 0.0
18 1 23 1.0 51.960050539976365 51.960050539976365
19 1 117 1.0 35.503281577765854 35.503281577765854
20 1 18 1.0 38.15436697768484 38.15436697768484
21 16 302 1979.1134619514044 2381201.772356499 4712668483.29329
22 1 105 1.0 7.59708563275366 7.59708563275366
23 13 266 1331.5823725933528 698730.5276528657 930417253.8154083
24 0 100 0.0 0.0 0.0
25 0 100 0.0 0.0 0.0
26 19 403 2668.9360872348193 11800106.143217457 31493729118.834354
27 0 100 0.0 0.0 0.0
28 0 100 0.0 0.0 0.0
29 15 277 1756.7778603087352 1427786.7586369168 2508304166.815307
30 0 100 0.0 0.0 0.0
31 0 100 0.0 0.0 0.0
32 2 45 9.541850352986048 242.29532664846576 2311.945748107533
33 27 454 4506.6139001521815 117054065.04555555 527517476603.6182
34 0 100 0.0 0.0 0.0
35 30 553 5146.386239304723 412993923.981314 2125426247293.8953
36 20 509 2902.6872563902634 29351420.76989971 85197995025.73639
37 32 683 5549.980220652734 1234530183.727445 6851618101486.1045
38 0 100 0.0 0.0 0.0
39 0 100 0.0 0.0 0.0
40 3 130 32.9215577265747 221.1993434691573 7282.2269551002855
41 0 100 0.0 0.0 0.0
42 16 289 1979.1134619514044 2126480.08389433 4208545360.6068206
43 0 100 0.0 0.0 0.0
44 0 100 0.0 0.0 0.0
45 1 8 1.0 13.734791927877684 13.734791927877684
46 0 100 0.0 0.0 0.0
47 1 20 1.0 43.57075425423803 43.57075425423803
48 13 317 1331.5823725933528 1066371.7542199977 1419961830.5508003
49 16 243 1979.1134619514044 1361650.0108727273 2694859866.984491
50 19 539 2668.9360872348193 25982005.2096216 69344311322.68216
51 16 220 1979.1134619514044 1054455.6464504753 2086887364.9208062
52 11 142 942.9223974109915 84627.25297767794 79796932.26401855
53 10 176 766.6651705632711 98622.37714481588 75610341.59508552
54 0 100 0.0 0.0 0.0
55 7 260 332.66880679862265 25600.0 8516321.45404474
56 0 9 0.0 9.0 0.0
57 31 631 5350.621552679651 775423753.9024715 4148999050090.326
58 31 530 5350.621552679651 445693974.26598364 2384739784607.022
59 1 113 1.0 25.320989780782124 25.320989780782124
60 25 466 4060.496712466729 80367930.8586604 326333719039.34393
61 2 4 9.541850352986048 7.384494371244687 70.4617402228846
62 1 15 1.0 30.323695983612147 30.323695983612147
63 0 100 0.0 0.0 0.0
64 21 537 3136.7198300107975 44616481.68528514 139949402847.5475
65 9 146 604.9491004987461 46021.08717513291 27840415.290571038
66 1 16 1.0 32.892441635375256 32.892441635375256
67 15 248 1756.7778603087352 1080538.2653407964 1898265701.7671168
68 9 246 604.9491004987461 141616.39552420322 85670711.0882414
69 1 28 1.0 66.57403288693754 66.57403288693754
70 1 112 1.0 22.891970023971037 22.891970023971037
71 0 100 0.0 0.0 0.0
72 5 145 139.6884681067044 1009.4539298642129 141009.0730870245
73 0 100 0.0 0.0 0.0
74 6 75 225.58275470837765 3862.4525781644106 871302.6925128031
75 1 20 1.0 43.57075425423803 43.57075425423803
76 7 104 332.66880679862265 10816.0 3598145.8143339027
77 7 225 332.66880679862265 15625.0 5197950.106228479
78 0 100 0.0 0.0 0.0
79 3 136 32.9215577265747 295.444715883087 9726.500268956508
80 14 273 1540.4353185285338 1018811.257612624 1569412844.1409585
81 2 52 9.541850352986048 298.47302352672085 2847.984924895254
82 0 100 0.0 0.0 0.0
83 25 593 4060.496712466729 164120800.49877253 666411970872.6738
84 0 10 0.0 10.0 0.0
85 0 100 0.0 0.0 0.0
86 1 103 1.0 3.9914906122521803 3.9914906122521803
87 1 9 1.0 15.931997307697284 15.931997307697284
88 0 100 0.0 0.0 0.0
89 0 100 0.0 0.0 0.0
90 1 36 1.0 91.37308344663872 91.37308344663872
91 2 4 9.541850352986048 7.384494371244687 70.4617402228846
92 1 12 1.0 22.891970023971037 22.891970023971037
93 0 5 0.0 5.0 0.0
94 0 100 0.0 0.0 0.0
95 0 100 0.0 0.0 0.0
96 1 14 1.0 27.799106543625292 27.799106543625292
97 2 113 9.541850352986048 40.41888428935346 385.6709453236695
98 0 100 0.0 0.0 0.0
99 5 129 139.6884681067044 6842.204111735111 955777.0108416717
100 42 828 7252.650449022947 16711745838.910011 121204450962528.06
101 19 400 2668.9360872348193 11563185.157056719 30861402149.0467
102 18 312 2436.3877014920204 4522787.996156387 11019265050.29116
103 4 74 75.61186198841948 1571.597319835911 118831.39964880285
104 19 570 2668.9360872348193 30240937.970523298 80711130661.35933
105 18 481 2436.3877014920204 14356227.89740103 34977337089.04452
106 26 557 4285.277943143774 172808693.0 740533280496.4039
107 17 560 2206.0678959513543 9514800.182780005 20990295219.623047
108 9 173 604.9491004987461 66332.16348879764 40127582.6366839
109 5 199 139.6884681067044 4229.702363015084 590840.6436368847
110 19 455 2668.9360872348193 16404120.853744434 43781550125.91978
111 18 328 2436.3877014920204 5168468.9616496805 12592394213.706514
112 24 380 3832.71054120725 34940812.30527138 133918019640.75761
113 1 116 1.0 32.892441635375256 32.892441635375256
114 10 310 766.6651705632711 347327.2081910512 266283673.30905703
115 26 688 4285.277943143774 325660672.0 1395546494670.9792
116 22 464 3370.209833397988 38302086.79504713 129086069556.33105
117 15 347 1756.7778603087352 2519005.744633263 4425333522.162236
118 1 104 1.0 5.735193251789799 5.735193251789799
119 38 961 6636.579650383532 13033038662.888695 86494799172788.9
120 11 263 942.9223974109915 346988.9328685237 327183636.45546997
121 36 953 6295.82243666837 8452758509.18186 53217066673846.63
122 13 222 1331.5823725933528 451902.215379468 601745024.1351843
123 10 187 766.6651705632711 112857.51981217459 86523929.67614858
124 0 100 0.0 0.0 0.0
125 32 708 5549.980220652734 1385413820.331912 7689019300261.052
126 0 100 0.0 0.0 0.0
127 35 801 6117.310290426031 3868862772.0240765 23667034047549.062
128 13 345 1331.5823725933528 1307690.7744416697 1741297984.0494776
129 0 100 0.0 0.0 0.0
130 15 413 1756.7778603087352 3906439.21612 6862745927.521426
131 12 260 1131.8354418063404 476881.640701137 539751542.492304
132 33 664 5744.298091538941 1389085618.8708417 7979321869463.965
133 12 288 1131.8354418063404 606533.6039234214 686496229.5670575
134 26 691 4285.277943143774 329939371.0 1413881909121.0305
135 16 284 1979.1134619514044 2033163.4029970493 4023861061.2183886
136 11 261 942.9223974109915 340977.41639160516 321515242.92697823
137 19 295 2668.9360872348193 5059742.205266074 13504128563.739712
138 1 112 1.0 22.891970023971037 22.891970023971037
139 22 359 3370.209833397988 18464975.370927818 62230841568.55259
140 23 431 3602.4235623004615 39732639.94715995 143133798338.0496
141 17 365 2206.0678959513543 5189278.437624522 11447900564.396059
142 7 132 332.66880679862265 17424.0 5796421.289659201
143 14 190 1540.4353185285338 416763.469765953 641997168.2999728
144 18 354 2436.3877014920204 6335260.932034046 15435151820.550625
145 14 234 1540.4353185285338 696608.4756750804 1073080299.1162189
146 26 637 4285.277943143774 258474853.0 1107636586418.2292
147 17 354 2206.0678959513543 4789369.705087241 10565674748.234968
148 32 665 5549.980220652734 1133175913.6876884 6289103907486.76
149 26 393 4285.277943143774 60698457.0 260109758964.96082
150 37 716 6468.923834840442 3964125264.6552267 25643624408821.37
151 22 458 3370.209833397988 36910291.13121847 124395426124.01503
152 26 406 4285.277943143774 66923416.0 286785438464.63513
153 12 183 1131.8354418063404 208823.67119914887 236354032.15131062
154 22 374 3370.209833397988 20744577.44343 69913578889.53387
155 32 585 5549.980220652734 751185916.2933595 4169066977461.0454
156 34 602 5933.442745663244 1236643270.3736703 7337552041571.924
157 29 793 4937.473672561782 1020271819.3153425 5037565246726.216
158 27 460 4506.6139001521815 121815083.2812503 548973547563.4782
159 12 202 1131.8354418063404 263422.36369249143 298150767.3915615
160 21 345 3136.7198300107975 12914241.943280175 40508358793.044106
161 15 314 1756.7778603087352 1958251.40778253 3440212718.110761
162 30 579 5146.386239304723 477117107.4766839 2455428916454.8784
163 21 402 3136.7198300107975 19821833.62974322 62175538613.590454
164 26 539 4285.277943143774 156590819.0 671035182759.519
165 21 596 3136.7198300107975 59751549.49860142 187423870186.1348
166 10 152 766.6651705632711 71183.06768899111 54573578.73099724
167 18 364 2436.3877014920204 6824127.848941486 16626221164.570232
168 16 314 1979.1134619514044 2632141.5282824785 5209306732.385197
169 19 384 2668.9360872348193 10350330.140537502 27624369626.87478
170 44 835 7528.2761260995885 24667609372.001644 185704574723190.44
171 13 213 1331.5823725933528 409002.6193028316 544620678.2081603
172 19 455 2668.9360872348193 16404120.853744434 43781550125.91978
173 16 329 1979.1134619514044 2967696.4178144378 5873407931.481513
174 18 287 2436.3877014920204 3619229.353791052 8817845886.455431
175 25 735 4060.496712466729 310002340.65526515 1258763485087.6953
176 17 441 2206.0678959513543 8519020.745955156 18793538172.59523
177 21 431 3136.7198300107975 24094001.148527205 75576131186.88821
178 30 646 5146.386239304723 672992246.4638137 3463478036360.143
179 33 654 5744.298091538941 1322448903.5980148 7596540713095.841
180 27 473 4506.6139001521815 132572620.62323818 597453614880.2869
181 22 482 3370.209833397988 42680438.962600656 143842035085.49936
182 26 764 4285.277943143774 445943744.0 1910992890046.1536
183 33 551 5744.298091538941 759044204.6166736 4360176175973.2515
184 20 486 2902.6872563902634 25836028.587083552 74993910935.46198
185 20 420 2902.6872563902634 17272129.596904162 50135590471.65481
186 17 239 2206.0678959513543 1710668.3916587061 3773850619.4570093
187 15 268 1756.7778603087352 1313760.7356072676 2307985774.0577655
188 24 539 3832.71054120725 97098831.34930347 372151714451.38043
189 21 387 3136.7198300107975 17818367.02526894 55891225186.57159
190 10 169 766.6651705632711 90110.55718762161 69084625.69579932
191 15 334 1756.7778603087352 2287929.280007916 4019383505.0700116
192 27 733 4506.6139001521815 501352439.7112643 2259401873677.992
193 14 260 1540.4353185285338 903309.19273234 1391489384.0363948
194 27 404 4506.6139001521815 82131340.23710091 370134239550.64716
195 11 225 942.9223974109915 242746.88137458544 228891471.34976566
196 27 842 4506.6139001521815 763783788.8783532 3442078639670.086
197 13 294 1331.5823725933528 889340.8141919043 1184230551.40576
198 25 444 4060.496712466729 69640461.5087537 282774865010.9602
199 23 340 3602.4235623004615 20046970.933886405 72217680444.98488
