0 0 100 0.0 0.0 0.0
1 0 100 0.0 0.0 0.0
2 3 190 32.9215577265747 1265.2216514357588 41653.0676346545
3 1 106 1.0 9.55892689827884 9.55892689827884
4 0 100 0.0 0.0 0.0
5 0 100 0.0 0.0 0.0
6 1 108 1.0 13.734791927877684 13.734791927877684
7 2 48 9.541850352986048 265.93129728965954 2537.4766429133756
8 1 37 1.0 94.5824071263594 94.5824071263594
9 1 15 1.0 30.323695983612147 30.323695983612147
10 0 9 0.0 9.0 0.0
11 0 100 0.0 0.0 0.0
12 0 100 0.0 0.0 0.0
13 1 12 1.0 22.891970023971037 22.891970023971037
14 0 100 0.0 0.0 0.0
15 0 10 0.0 10.0 0.0
16 5 89 139.6884681067044 3485.593399577667 486897.20242984424
17 1 12 1.0 22.891970023971037 22.891970023971037
18 0 100 0.0 0.0 0.0
19 0 6 0.0 6.0 0.0
20 0 100 0.0 0.0 0.0
21 0 100 0.0 0.0 0.0
22 0 100 0.0 0.0 0.0
23 0 100 0.0 0.0 0.0
24 0 10 0.0 10.0 0.0
25 8 170 459.67273235884244 43603.43660138131 20043310.842792507
26 61 1244 9085.210990399466 1774040853960.7393 1.6117535463821762e+16
27 1 22 1.0 49.12998068819353 49.12998068819353
28 0 5 0.0 5.0 0.0
29 0 10 0.0 10.0 0.0
30 0 5 0.0 5.0 0.0
31 0 100 0.0 0.0 0.0
32 0 6 0.0 6.0 0.0
33 1 18 1.0 38.15436697768484 38.15436697768484
34 0 10 0.0 10.0 0.0
35 0 100 0.0 0.0 0.0
36 3 97 32.9215577265747 1424.9628464935386 46911.99660906123
37 0 100 0.0 0.0 0.0
38 2 27 9.541850352986048 115.98017876588344 1106.66550969663
39 0 5 0.0 5.0 0.0
40 2 120 9.541850352986048 75.23327232919837 717.8646261306569
41 0 18 0.0 18.0 0.0
42 0 100 0.0 0.0 0.0
43 30 660 5146.386239304723 719881093.4990686 3704786153519.243
44 0 100 0.0 0.0 0.0
45 0 100 0.0 0.0 0.0
46 0 100 0.0 0.0 0.0
47 0 100 0.0 0.0 0.0
48 2 120 9.541850352986048 75.23327232919837 717.8646261306569
49 1 121 1.0 46.33316012586883 46.33316012586883
50 0 100 0.0 0.0 0.0
51 0 9 0.0 9.0 0.0
52 2 64 9.541850352986048 402.6820690045564 3842.3320422722786
53 45 1016 7658.1450374688 59407886018.45387 454954207498734.6
54 22 474 3370.209833397988 40696557.24208043 137155937402.70355
55 9 276 604.9491004987461 68835.16986212213 41641774.09076918
56 1 18 1.0 38.15436697768484 38.15436697768484
57 1 27 1.0 63.59241768810072 63.59241768810072
58 7 220 332.66880679862265 14400.0 4790430.817900166
59 1 25 1.0 57.71571011139208 57.71571011139208
60 1 20 1.0 43.57075425423803 43.57075425423803
61 0 100 0.0 0.0 0.0
62 5 110 139.6884681067044 5122.201821660722 715512.5258011569
63 0 100 0.0 0.0 0.0
64 2 137 9.541850352986048 182.69988024795316 1743.2949168344405
65 0 100 0.0 0.0 0.0
66 0 6 0.0 6.0 0.0
67 1 26 1.0 60.63937356224698 60.63937356224698
68 0 18 0.0 18.0 0.0
69 12 289 1131.8354418063404 611497.1828724915 692114184.139819
70 0 100 0.0 0.0 0.0
71 0 100 0.0 0.0 0.0
72 0 100 0.0 0.0 0.0
73 0 100 0.0 0.0 0.0
74 1 36 1.0 91.37308344663872 91.37308344663872
75 0 100 0.0 0.0 0.0
76 1 103 1.0 3.9914906122521803 3.9914906122521803
77 0 100 0.0 0.0 0.0
78 0 6 0.0 6.0 0.0
79 1 36 1.0 91.37308344663872 91.37308344663872
80 1 49 1.0 134.74529814364382 134.74529814364382
81 0 100 0.0 0.0 0.0
82 0 100 0.0 0.0 0.0
83 13 283 1331.5823725933528 811248.8814220636 1080244710.287695
84 1 17 1.0 35.503281577765854 35.503281577765854
85 0 100 0.0 0.0 0.0
86 42 856 7252.650449022947 18776857021.662605 136181980509400.97
87 1 104 1.0 5.735193251789799 5.735193251789799
88 0 100 0.0 0.0 0.0
89 0 100 0.0 0.0 0.0
90 0 9 0.0 9.0 0.0
91 0 100 0.0 0.0 0.0
92 0 100 0.0 0.0 0.0
93 0 9 0.0 9.0 0.0
94 0 100 0.0 0.0 0.0
95 0 100 0.0 0.0 0.0
96 1 30 1.0 72.61998620345668 72.61998620345668
97 22 554 3370.209833397988 36000903.77736885 121330599921.70328
98 1 18 1.0 38.15436697768484 38.15436697768484
99 0 100 0.0 0.0 0.0
100 20 500 2902.6872563902634 27941749.592694756 81106160463.9629
101 38 1024 6636.579650383532 16164551523.735872 107277333700001.6
102 5 206 139.6884681067044 4788.781200314608 668937.5099701327
103 28 761 4724.12231882448 461904715.3937668 2182094375161.9634
104 19 353 2668.9360872348193 8236155.61081683 21981772929.790573
105 18 424 2436.3877014920204 10253387.802626278 24981227940.946957
106 1 39 1.0 101.06849300292524 101.06849300292524
107 29 576 4937.473672561782 377810888.9668162 1865431317480.8176
108 35 723 6117.310290426031 2758459755.4155827 16874354247529.816
109 41 909 7106.788070274764 19232993670.47393 136684809972994.19
110 16 358 1979.1134619514044 3687673.0641900375 7298323404.614089
111 30 563 5146.386239304723 436911882.1380623 2248517298024.051
112 25 648 4060.496712466729 213442009.45125288 866680577679.1049
113 62 1032 9138.549208457687 980852993360.7689 8963573346090408.0
114 36 870 6295.82243666837 6239219819.426136 39281020126449.04
115 64 1664 9234.449738045854 8940753758734.037 8.256294120527402e+16
116 38 979 6636.579650383532 13879585227.430536 92112972876129.38
117 23 701 3602.4235623004615 103671892.46230702 373470068154.49445
118 40 752 6955.50474228233 8276065992.450489 57564216257930.89
119 26 904 4285.277943143774 738763264.0 3165805920424.1006
120 23 688 3602.4235623004615 153116294.8943041 551589748499.387
121 56 1277 8760.68123103637 899868774597.3828 7883463484010989.0
122 32 843 5549.980220652734 2424891935.9267826 13458102281613.959
123 41 858 7106.788070274764 15735479264.190176 111828716314802.67
124 44 1191 7528.2761260995885 87234836136.81873 656727934253022.1
125 39 1049 6798.773358825962 21424310319.98701 145659030234747.8
126 24 493 3832.71054120725 74805263.70469376 286706922738.7679
127 1 101 1.0 1.0 1.0
128 47 1185 7902.318130854768 148126861780.64426 1170545585515803.2
129 47 965 7902.318130854768 70225054010.79071 554940717549726.8
130 28 668 4724.12231882448 289888332.1621043 1369467939933.8013
131 59 1373 8967.266196081293 1921165835466.7888 1.722760545344761e+16
132 26 612 4285.277943143774 229220928.0 982275386865.347
133 25 571 4060.496712466729 146731593.06706405 595803151263.8195
134 40 1148 6955.50474228233 25993325605.143467 180796699514264.1
135 43 1304 7393.130324549447 99543993294.96344 735941715455741.1
136 34 851 5933.442745663244 3837018341.7204676 22766728644658.117
137 28 700 4724.12231882448 550861701.2927481 2602338057662.6953
138 0 100 0.0 0.0 0.0
139 41 1238 7106.788070274764 56283275774.150635 399993312827718.4
140 41 925 7106.788070274764 20435614218.082092 145231579333803.16
141 51 1167 8330.590095344352 280463396347.9918 2336425591723218.0
142 1 109 1.0 15.931997307697284 15.931997307697284
143 43 942 7393.130324549447 31581710912.766865 233487704650330.9
144 40 1127 6955.50474228233 33396170040.360737 232287219089796.2
145 22 693 3370.209833397988 76948237.32604875 259331706098.89157
146 36 899 6295.82243666837 6959572915.50539 43816235311068.336
147 46 1048 7782.801884860074 79425245934.07 618150953761155.0
148 23 681 3602.4235623004615 94029402.9220758 338733736635.5297
149 20 701 2902.6872563902634 46419874.71019339 134742378764.51102
150 44 1301 7528.2761260995885 119440624229.55542 899181999873794.1
151 33 652 5744.298091538941 1309392119.5966132 7521538653674.953
152 29 736 4937.473672561782 809200114.0471582 3995404258941.8354
153 51 1250 8330.590095344352 362452563082.5297 3019443732047496.0
154 43 1209 7393.130324549447 76214667627.34819 563464970411205.0
155 24 556 3832.71054120725 59547065.64690977 228226666202.87122
156 18 537 2436.3877014920204 11113862.510560598 27077677936.80307
157 33 638 5744.298091538941 1220478606.7370374 7010792931443.67
158 21 578 3136.7198300107975 54831538.48822018 171991174086.0005
159 25 663 4060.496712466729 228414008.20311484 927474329390.0963
160 35 855 6117.310290426031 4798868031.773101 29356164793162.105
161 46 967 7782.801884860074 59413470306.463486 462403268687222.06
162 25 497 4060.496712466729 49992707.61902008 202995224934.34143
163 36 861 6295.82243666837 6026728620.516858 37943213268761.445
164 22 499 3370.209833397988 47101967.66930009 158743514611.46927
165 37 770 6468.923834840442 5061868166.131368 32744839628707.285
166 32 816 5549.980220652734 2184470290.3650975 12123766904129.826
167 45 1188 7658.1450374688 104043391734.02943 796779384089379.9
168 28 802 4724.12231882448 836649924.8956873 3952436583242.542
169 24 598 3832.71054120725 131559894.2442589 504230993470.0821
170 50 1112 8230.818941038662 197817939249.776 1628203641254291.8
171 36 937 6295.82243666837 7989058515.812618 50297693851709.586
172 21 512 3136.7198300107975 39037409.28410895 122449415813.71216
173 34 1002 5933.442745663244 4641694406.766652 27541228005415.246
174 28 514 4724.12231882448 213273847.76072326 1007531744228.0072
175 36 852 6295.82243666837 5819355016.099206 36637625877296.0
176 40 988 6955.50474228233 21211555960.31417 147537078073152.25
177 22 551 3370.209833397988 62441096.18866596 210439596383.19165
178 43 1399 7393.130324549447 98203028968.3743 726027791428695.9
179 32 694 5549.980220652734 1299445427.753059 7211896421847.108
180 29 1039 4937.473672561782 1724896963.3458824 8516633344402.06
181 29 872 4937.473672561782 1370466444.0355318 6766641986554.803
182 26 571 4285.277943143774 186169411.0 797787670646.3679
183 34 915 5933.442745663244 4864125493.046008 28861010120709.484
184 48 1016 8016.77096497358 100726400591.02739 807500483664446.0
185 30 549 5146.386239304723 403682161.58354074 2077504321426.3198
186 9 175 604.9491004987461 67995.31391785582 41133703.99273675
187 39 996 6798.773358825962 12495434646.432398 84953628181115.48
188 22 852 3370.209833397988 151210149.82735524 509609933857.73566
189 41 1098 7106.788070274764 37086406199.860756 263565229150534.47
190 25 696 4060.496712466729 263765928.96005288 1071020687403.0276
191 18 367 2436.3877014920204 6975239.985816511 16994388916.398724
192 41 1010 7106.788070274764 27739660726.19861 197139889922417.7
193 28 553 4724.12231882448 267005722.38991246 1261367692396.0386
194 25 674 4060.496712466729 239824651.66449493 973807209652.1602
195 33 700 5744.298091538941 1648212434.446632 9467823541642.54
196 35 900 6117.310290426031 5684520562.153944 34773976131002.69
197 31 1014 5350.621552679651 3496033810.0909963 18705953853169.645
198 33 654 5744.298091538941 1322448903.5980148 7596540713095.841
199 48 1114 8016.77096497358 141086148097.56473 1131055335628519.2
