0 1 10 1.0 18.1937008646705 18.1937008646705
1 6 123 225.58275470837765 9950.49433314188 2244659.9223802467
2 0 5 0.0 5.0 0.0
3 1 21 1.0 46.33316012586883 46.33316012586883
4 6 189 225.58275470837765 5358.570280584671 1208801.0451927343
5 31 692 5350.621552679651 1039381072.9366494 5561334770302.137
6 0 100 0.0 0.0 0.0
7 0 100 0.0 0.0 0.0
8 0 5 0.0 5.0 0.0
9 0 100 0.0 0.0 0.0
10 1 45 1.0 121.03674784737703 121.03674784737703
11 1 13 1.0 25.320989780782124 25.320989780782124
12 0 100 0.0 0.0 0.0
13 0 100 0.0 0.0 0.0
14 14 379 1540.4353185285338 2288079.7365117436 3524638837.7321515
15 5 151 139.6884681067044 9108.856960064602 1272402.2749545164
16 0 100 0.0 0.0 0.0
17 0 100 0.0 0.0 0.0
18 0 6 0.0 6.0 0.0
19 1 9 1.0 15.931997307697284 15.931997307697284
20 0 100 0.0 0.0 0.0
21 10 286 766.6651705632711 290341.5244838267 222594734.38999316
22 0 100 0.0 0.0 0.0
23 1 102 1.0 2.3948263510722025 2.3948263510722025
24 1 13 1.0 25.320989780782124 25.320989780782124
25 0 9 0.0 9.0 0.0
26 0 100 0.0 0.0 0.0
27 43 931 7393.130324549447 30298879221.629578 224003562773290.78
28 0 6 0.0 6.0 0.0
29 0 5 0.0 5.0 0.0
30 0 100 0.0 0.0 0.0
31 0 100 0.0 0.0 0.0
32 2 119 9.541850352986048 69.8685662777562 666.6754038000371
33 0 5 0.0 5.0 0.0
34 24 592 3832.71054120725 127737333.6217275 489580225077.7023
35 1 33 1.0 81.88562674252243 81.88562674252243
36 1 104 1.0 5.735193251789799 5.735193251789799
37 23 711 3602.4235623004615 168350888.36763406 606471206989.7797
38 0 100 0.0 0.0 0.0
39 0 11 0.0 11.0 0.0
40 0 100 0.0 0.0 0.0
41 18 476 2436.3877014920204 13961459.063656509 34015527157.577015
42 0 100 0.0 0.0 0.0
43 24 613 3832.71054120725 141443785.85454878 542113089032.99005
44 0 100 0.0 0.0 0.0
45 3 73 32.9215577265747 907.48753481702 29875.90326362549
46 0 100 0.0 0.0 0.0
47 46 1120 7782.801884860074 100947954719.70758 785657932265309.6
48 34 455 5933.442745663244 494916042.7120085 2936556003341.927
49 1 35 1.0 88.18685030395203 88.18685030395203
50 2 42 9.541850352986048 219.34644070399202 2092.9709126576195
51 0 5 0.0 5.0 0.0
52 0 5 0.0 5.0 0.0
53 15 358 1756.7778603087352 1193715.5843725286 2097093110.1311622
54 4 179 75.61186198841948 1757.505455801544 132888.25996796062
55 0 100 0.0 0.0 0.0
56 30 703 5146.386239304723 877749066.4622718 4517235717204.002
57 1 107 1.0 11.607984241186918 11.607984241186918
58 1 103 1.0 3.9914906122521803 3.9914906122521803
59 0 5 0.0 5.0 0.0
60 0 100 0.0 0.0 0.0
61 2 59 9.541850352986048 358.10513855020525 3416.9856426813935
62 0 100 0.0 0.0 0.0
63 0 100 0.0 0.0 0.0
64 1 108 1.0 13.734791927877684 13.734791927877684
65 5 146 139.6884681067044 8568.21083325575 1196880.2457127648
66 0 6 0.0 6.0 0.0
67 4 89 75.61186198841948 2154.8151586700715 162929.58638791565
68 0 100 0.0 0.0 0.0
69 0 100 0.0 0.0 0.0
70 0 6 0.0 6.0 0.0
71 0 100 0.0 0.0 0.0
72 1 9 1.0 15.931997307697284 15.931997307697284
73 17 234 2206.0678959513543 1618460.368876729 3570433460.648538
74 23 579 3602.4235623004615 93098769.92464739 335381202397.7393
75 0 5 0.0 5.0 0.0
76 1 19 1.0 40.84402933782601 40.84402933782601
77 0 100 0.0 0.0 0.0
78 0 18 0.0 18.0 0.0
79 0 100 0.0 0.0 0.0
80 3 150 32.9215577265747 497.6760852315066 16384.27196908475
81 2 135 9.541850352986048 168.62869283493262 1609.0297522505775
82 5 244 139.6884681067044 8356.125061128 1167254.3090970118
83 0 100 0.0 0.0 0.0
84 1 23 1.0 51.960050539976365 51.960050539976365
85 1 109 1.0 15.931997307697284 15.931997307697284
86 2 43 9.541850352986048 226.91812071099523 2165.21875020514
87 0 100 0.0 0.0 0.0
88 0 100 0.0 0.0 0.0
89 0 100 0.0 0.0 0.0
90 33 943 5744.298091538941 4327760142.22357 24859944325613.15
91 15 291 1756.7778603087352 559556.4546438516 983016391.1111674
92 0 10 0.0 10.0 0.0
93 1 24 1.0 54.8222930413608 54.8222930413608
94 13 243 1331.5823725933528 561888.9684414291 748201445.7312697
95 2 40 9.541850352986048 204.4421003683832 1950.7559275652661
96 0 100 0.0 0.0 0.0
97 3 38 32.9215577265747 321.92161897300775 10598.16116245226
98 14 313 1540.4353185285338 1427386.4748028824 2198796538.9762993
99 2 117 9.541850352986048 59.51335422080222 567.8675199791454
100 3 74 32.9215577265747 927.3002957027797 30528.17021484885
101 31 660 5350.621552679651 894322214.8366138 4785179717744.987
102 12 279 1131.8354418063404 562903.5603798062 637114199.95684
103 21 683 3136.7198300107975 87530274.68085697 274557948317.73608
104 4 138 75.61186198841948 502.796158813779 38017.3537685349
105 24 542 3832.71054120725 98687559.70573573 378240850370.1932
106 18 563 2436.3877014920204 21850487.741999812 53236259606.21049
107 1 107 1.0 11.607984241186918 11.607984241186918
108 43 927 7393.130324549447 29841798956.786484 220624308806526.22
109 23 642 3602.4235623004615 125410060.02400635 451780155179.99567
110 34 769 5933.442745663244 2754586557.697296 16344181628070.508
111 46 1263 7782.801884860074 155749010614.92996 1212163693378968.5
112 5 170 139.6884681067044 2253.023098877021 314721.345291151
113 30 612 5146.386239304723 567867482.4158163 2922465397253.3735
114 33 802 5744.298091538941 2560929108.159805 14710740188568.889
115 17 388 2206.0678959513543 6090577.389605472 13436227247.015835
116 41 1301 7106.788070274764 66882248081.63366 475317962779711.3
117 37 968 6468.923834840442 10925454659.135342 70675934050949.17
118 60 1534 9028.149747574074 3475302029474.134 3.137554714014057e+16
119 38 1057 6636.579650383532 12849986576.987764 85279959424538.53
120 1 103 1.0 3.9914906122521803 3.9914906122521803
121 31 585 5350.621552679651 609778721.7291467 3262695170849.42
122 56 1290 8760.68123103637 935638359985.1805 8196829419359821.0
123 20 643 2902.6872563902634 35083698.27985168 101837003903.96649
124 49 1446 8126.242482129881 438691815746.4053 3564916069681133.0
125 56 1346 8760.68123103637 1101877849619.8271 9653200596059134.0
126 31 751 5350.621552679651 1347682913.2908332 7210941242032.034
127 29 862 4937.473672561782 1322219621.8347936 6528424572153.889
128 43 1045 7393.130324549447 45554592924.1394 336791042369960.6
129 35 967 6117.310290426031 7205448597.623366 44077964853377.234
130 36 744 6295.82243666837 3704401781.780379 23322255852167.195
131 18 515 2436.3877014920204 17226255.365195956 41969836714.52436
132 36 820 6295.82243666837 5122408276.692863 32249772958178.688
133 32 897 5549.980220652734 2025476332.8307467 11241353584610.877
134 40 1115 6955.50474228233 32185905653.244102 223869219405791.0
135 19 547 2668.9360872348193 27042138.49092904 72173739294.44226
136 36 680 6295.82243666837 2745036312.794877 17282261207563.4
137 2 116 9.541850352986048 54.53075711894446 520.3243240639966
138 36 665 6295.82243666837 2548402190.891033 16044287691066.596
139 9 212 604.9491004987461 25995.992049909724 15726252.007165443
140 41 1081 7106.788070274764 25068086368.717716 178153577149820.5
141 39 1088 6798.773358825962 24273071775.61573 165027113724926.6
142 0 100 0.0 0.0 0.0
143 53 1271 8516.089422990353 540673349604.7278 4604422593861588.0
144 21 553 3136.7198300107975 48442181.34036873 151949550819.31363
145 51 1433 8330.590095344352 603565099638.701 5028053440945690.0
146 55 1040 8683.506947919002 348942853662.46826 3030047694204727.0
147 2 145 9.541850352986048 242.29532664846576 2311.945748107533
148 47 1140 7902.318130854768 128685469501.72893 1016913518821070.9
149 23 600 3602.4235623004615 60978488.91190093 219670345249.70935
150 22 594 3370.209833397988 77317834.16784477 260577325009.5054
151 50 1200 8230.818941038662 262377988229.36786 2159585715229900.2
152 29 653 4937.473672561782 557942878.0027593 2754828270931.9746
153 25 681 4060.496712466729 247278968.39705235 1004075438238.3953
154 47 1063 7902.318130854768 99804894455.58388 788690027004407.0
155 58 1335 8902.46046345971 1470575631937.5608 1.3091741421851414e+16
156 34 871 5933.442745663244 4139942776.226962 24564113433064.816
157 41 1116 7106.788070274764 39242976932.87461 278891520308621.03
158 26 666 4285.277943143774 295408296.0 1265906655070.487
159 31 784 5350.621552679651 1544830108.7893004 8265801275316.481
160 38 925 6636.579650383532 11450218801.65159 75990289091479.86
161 26 516 4285.277943143774 137388096.0 588746177439.3193
162 38 1207 6636.579650383532 28230655242.300014 187354992098041.44
163 27 610 4506.6139001521815 287013192.8860835 1293457644587.4832
164 21 563 3136.7198300107975 50936922.42910402 159774854663.09235
165 42 987 7252.650449022947 30923233859.75484 224275405938192.56
166 39 1009 6798.773358825962 18756995810.053677 127524563405003.12
167 39 668 6798.773358825962 4577197068.738735 31119325489037.195
168 46 1199 7782.801884860074 129099025493.49086 1004752138944339.4
169 36 946 6295.82243666837 8247635757.49319 51925650251493.95
170 1 103 1.0 3.9914906122521803 3.9914906122521803
171 50 1063 8230.818941038662 167373252555.1185 1377618937353917.0
172 8 352 459.67273235884244 98881.356934967 45453063.521646254
173 34 728 5933.442745663244 2302616064.2667227 13662440582571.035
174 43 1079 7393.130324549447 36183010426.57506 267505711618200.9
175 34 876 5933.442745663244 4218189140.428505 25028383755110.99
176 31 760 5350.621552679651 1399629391.3499227 7488887187120.799
177 26 801 4285.277943143774 513922401.0 2202300329492.7896
178 32 746 5549.980220652734 1638356506.5399587 9092846205674.482
179 46 1114 7782.801884860074 99009926903.56233 770574645724903.1
180 48 1094 8016.77096497358 132036328418.48721 1058505003987044.2
181 52 1132 8425.648590871551 295882874190.62555 2493005121987268.5
182 37 992 6468.923834840442 11863109742.616188 76741553369337.72
183 56 1612 8760.68123103637 2205707780393.7173 1.932350275284613e+16
184 13 353 1331.5823725933528 1381972.8054638354 1840210627.159026
185 23 689 3602.4235623004615 153759127.6855723 553905504493.2709
186 0 100 0.0 0.0 0.0
187 44 965 7528.2761260995885 41271021467.41611 310699645612892.3
188 36 733 6295.82243666837 3525023945.7878604 22192924847684.48
189 25 609 4060.496712466729 177589703.21225685 721102406061.311
190 42 979 7252.650449022947 30053999960.42621 217971156307920.78
191 37 1041 6468.923834840442 13950672510.229715 90245837913478.34
192 42 783 7252.650449022947 13740399008.426294 99654311038217.42
193 45 857 7658.1450374688 32285735888.31099 247248848074097.16
194 42 820 7252.650449022947 16152873753.929316 117151147084446.42
195 44 862 7528.2761260995885 27623972887.851585 207960895599635.4
196 34 842 5933.442745663244 3705867003.7566032 21988549689832.4
197 42 1026 7252.650449022947 35419940171.580864 256888444989781.88
198 38 743 6636.579650383532 5446658144.955902 36147180607410.055
199 20 602 2902.6872563902634 46633279.703080274 135361826717.81384
