0 0 100 0.0 0.0 0.0
1 8 173 459.67273235884244 45219.26451860866 20786062.8765261
2 3 144 32.9215577265747 406.27351121486885 13375.156852238497
3 0 100 0.0 0.0 0.0
4 2 19 9.541850352986048 69.8685662777562 666.6754038000371
5 0 6 0.0 6.0 0.0
6 0 100 0.0 0.0 0.0
7 11 170 942.9223974109915 127777.17882671817 120483963.79370208
8 3 78 32.9215577265747 1008.1216991286578 33188.93671327668
9 0 100 0.0 0.0 0.0
10 0 100 0.0 0.0 0.0
11 0 100 0.0 0.0 0.0
12 0 100 0.0 0.0 0.0
13 0 100 0.0 0.0 0.0
14 0 100 0.0 0.0 0.0
15 0 100 0.0 0.0 0.0
16 2 17 9.541850352986048 59.51335422080222 567.8675199791454
17 0 100 0.0 0.0 0.0
18 17 329 2206.0678959513543 3952933.307038071 8720439263.493505
19 0 100 0.0 0.0 0.0
20 7 188 332.66880679862265 35344.0 11757846.307490518
21 0 100 0.0 0.0 0.0
22 0 100 0.0 0.0 0.0
23 0 100 0.0 0.0 0.0
24 0 100 0.0 0.0 0.0
25 0 6 0.0 6.0 0.0
26 0 100 0.0 0.0 0.0
27 0 100 0.0 0.0 0.0
28 0 100 0.0 0.0 0.0
29 0 100 0.0 0.0 0.0
30 0 100 0.0 0.0 0.0
31 0 100 0.0 0.0 0.0
32 2 37 9.541850352986048 182.69988024795316 1743.2949168344405
33 1 101 1.0 1.0 1.0
34 0 100 0.0 0.0 0.0
35 0 100 0.0 0.0 0.0
36 1 37 1.0 94.5824071263594 94.5824071263594
37 5 99 139.6884681067044 4229.702363015084 590840.6436368847
38 0 100 0.0 0.0 0.0
39 0 6 0.0 6.0 0.0
40 0 100 0.0 0.0 0.0
41 0 100 0.0 0.0 0.0
42 0 100 0.0 0.0 0.0
43 1 24 1.0 54.8222930413608 54.8222930413608
44 0 100 0.0 0.0 0.0
45 0 5 0.0 5.0 0.0
46 3 141 32.9215577265747 363.1907597716439 11956.805563580698
47 1 105 1.0 7.59708563275366 7.59708563275366
48 8 213 459.67273235884244 18645.55254126269 8570852.082982577
49 0 100 0.0 0.0 0.0
50 1 34 1.0 85.02419427196995 85.02419427196995
51 3 117 32.9215577265747 89.78750677036001 2955.9445872656233
52 1 9 1.0 15.931997307697284 15.931997307697284
53 6 178 225.58275470837765 4163.386850757332 939188.274710476
54 19 292 2668.9360872348193 4921286.440559363 13134598976.828278
55 3 126 32.9215577265747 176.25042831919396 5802.438650243859
56 0 100 0.0 0.0 0.0
57 1 110 1.0 18.1937008646705 18.1937008646705
58 2 20 9.541850352986048 75.23327232919837 717.8646261306569
59 0 100 0.0 0.0 0.0
60 4 60 75.61186198841948 1097.9836363389938 83020.58717640696
61 2 37 9.541850352986048 182.69988024795316 1743.2949168344405
62 0 8 0.0 8.0 0.0
63 0 100 0.0 0.0 0.0
64 5 196 139.6884681067044 3999.6858182206656 558709.9848553553
65 0 8 0.0 8.0 0.0
66 0 100 0.0 0.0 0.0
67 23 404 3602.4235623004615 32968926.61001814 118768038043.68404
68 0 100 0.0 0.0 0.0
69 0 100 0.0 0.0 0.0
70 2 51 9.541850352986048 290.23003402420613 2769.3315526010238
71 0 100 0.0 0.0 0.0
72 1 108 1.0 13.734791927877684 13.734791927877684
73 0 100 0.0 0.0 0.0
74 1 119 1.0 40.84402933782601 40.84402933782601
75 8 253 459.67273235884244 35022.02902356311 16098671.774011938
76 1 106 1.0 9.55892689827884 9.55892689827884
77 0 100 0.0 0.0 0.0
78 0 100 0.0 0.0 0.0
79 2 18 9.541850352986048 64.62733255388774 616.6643359418604
80 4 149 75.61186198841948 776.5950928818146 58719.80098386357
81 1 105 1.0 7.59708563275366 7.59708563275366
82 4 67 75.61186198841948 1326.001420918201 100261.43643491513
83 2 20 9.541850352986048 75.23327232919837 717.8646261306569
84 0 100 0.0 0.0 0.0
85 0 100 0.0 0.0 0.0
86 0 100 0.0 0.0 0.0
87 0 100 0.0 0.0 0.0
88 6 97 225.58275470837765 6317.679695554275 1425159.589088318
89 0 5 0.0 5.0 0.0
90 0 100 0.0 0.0 0.0
91 11 206 942.9223974109915 43330.424024524946 40857227.302039884
92 24 451 3832.71054120725 57657962.16093209 220986279358.73315
93 2 112 9.541850352986048 36.01211998010309 343.62225974392254
94 0 100 0.0 0.0 0.0
95 3 39 32.9215577265747 335.47304520277595 11044.29522335299
96 0 8 0.0 8.0 0.0
97 0 5 0.0 5.0 0.0
98 3 61 32.9215577265747 682.3928350558612 22465.435111492498
99 0 100 0.0 0.0 0.0
100 4 190 75.61186198841948 2196.381035229248 166072.4597097358
101 21 409 3136.7198300107975 20804219.62306283 65257008239.560936
102 8 169 459.67273235884244 43071.60881333714 19798844.110317882
103 3 35 32.9215577265747 282.5239294230334 9301.12785163911
104 0 100 0.0 0.0 0.0
105 12 281 1131.8354418063404 572437.5443818787 647905100.9520003
106 18 290 2436.3877014920204 3721061.75277559 9065949090.954788
107 0 9 0.0 9.0 0.0
108 10 151 766.6651705632711 70145.74766118835 53778301.594953135
109 0 100 0.0 0.0 0.0
110 0 5 0.0 5.0 0.0
111 0 100 0.0 0.0 0.0
112 15 385 1756.7778603087352 3273051.1591825215 5750023812.109695
113 8 250 459.67273235884244 33608.73957278992 15449021.150561098
114 0 100 0.0 0.0 0.0
115 0 100 0.0 0.0 0.0
116 19 398 2668.9360872348193 11406920.425432777 30444341567.653496
117 0 100 0.0 0.0 0.0
118 10 136 766.6651705632711 55583.77703491517 42614145.901024066
119 7 173 332.66880679862265 29929.0 9956444.718675977
120 0 100 0.0 0.0 0.0
121 0 100 0.0 0.0 0.0
122 1 12 1.0 22.891970023971037 22.891970023971037
123 28 491 4724.12231882448 185291265.53257066 875338602985.6503
124 19 360 2668.9360872348193 8687054.40543142 23185192994.42813
125 9 164 604.9491004987461 7785.684349551062 4709942.74402808
126 7 220 332.66880679862265 14400.0 4790430.817900166
127 19 321 2668.9360872348193 6363578.64921082 16983984700.835762
128 0 100 0.0 0.0 0.0
129 9 173 604.9491004987461 66332.16348879764 40127582.6366839
130 8 186 459.67273235884244 52574.74337086476 24167175.938350342
131 12 189 1131.8354418063404 225280.5021079264 254980456.6336791
132 0 100 0.0 0.0 0.0
133 6 159 225.58275470837765 16260.024842230365 3667981.1955369795
134 14 304 1540.4353185285338 1328289.7181599042 2046144395.0918286
135 20 493 2902.6872563902634 26875742.344171092 78011874808.45361
136 15 331 1756.7778603087352 2236498.7663106425 3929031517.2623363
137 10 175 766.6651705632711 97380.49160672564 74658231.2072055
138 1 9 1.0 15.931997307697284 15.931997307697284
139 20 454 2902.6872563902634 21409948.884970624 62146385788.37116
140 12 211 1131.8354418063404 291854.20919927256 330330937.81209874
141 0 100 0.0 0.0 0.0
142 10 158 766.6651705632711 77583.53920841981 59480597.3201254
143 21 347 3136.7198300107975 13125114.51279478 41169806963.44589
144 2 43 9.541850352986048 226.91812071099523 2165.21875020514
145 14 219 1540.4353185285338 591604.5906490331 911328606.0393862
146 10 305 766.6651705632711 138450.51045314563 106145184.21113284
147 9 131 604.9491004987461 36435.331696668785 22041521.136273235
148 4 71 75.61186198841948 1464.2230773075796 110712.63324163957
149 10 128 766.6651705632711 48572.78656303952 37239063.695086055
150 10 246 766.6651705632711 65084.513101468925 49898029.33796512
151 3 31 32.9215577265747 233.0178128969552 7671.309378607293
152 10 223 766.6651705632711 166948.78471592552 127993818.50956586
153 10 135 766.6651705632711 54678.91489606342 41920419.615005046
154 6 98 225.58275470837765 6442.856405219488 1453397.2960799276
155 1 40 1.0 104.3443904241405 104.3443904241405
156 13 257 1331.5823725933528 643104.6864199162 856346864.1689363
157 17 353 2206.0678959513543 4753994.0466030305 10487633643.754812
158 14 286 1540.4353185285338 1142666.6965205264 1760204136.6265445
159 9 171 604.9491004987461 64691.06231969827 39134799.9606098
160 26 385 4285.277943143774 57066625.0 244546349402.15707
161 2 30 9.541850352986048 135.01359299654277 1288.2794999919763
162 12 333 1131.8354418063404 853317.4445239822 965814926.8238589
163 9 145 604.9491004987461 45344.665438633376 27431214.569517843
164 11 262 942.9223974109915 343975.77824492607 324342465.47401726
165 19 367 2668.9360872348193 9153237.801322881 24429406682.99253
166 13 201 1331.5823725933528 355656.01713656815 473585283.12581354
167 10 249 766.6651705632711 68096.21827794517 52206998.800774574
168 19 336 2668.9360872348193 7203438.290122181 19225516404.67617
169 16 306 1979.1134619514044 2463143.6663327124 4874840788.759409
170 22 316 3370.209833397988 12846285.042513011 43294676172.91084
171 8 281 459.67273235884244 49677.608577221006 22835442.07174425
172 16 220 1979.1134619514044 1054455.6464504753 2086887364.9208062
173 11 117 942.9223974109915 54320.48318538729 51220000.23368883
174 7 71 332.66880679862265 5041.0 1676983.4550718567
175 9 248 604.9491004987461 47390.045546024034 28668565.42566185
176 15 300 1756.7778603087352 1745638.951090852 3066699861.368972
177 13 240 1331.5823725933528 545315.3356418483 726132288.4455129
178 8 118 459.67273235884244 20402.728323412415 9378577.87599813
179 4 79 75.61186198841948 1757.505455801544 132888.25996796062
180 10 247 766.6651705632711 66080.08644124573 50661300.742313355
181 10 301 766.6651705632711 132514.12595962713 101593964.98088032
182 18 276 2436.3877014920204 3260812.438499711 7944603322.032901
183 21 406 3136.7198300107975 20379453.848822743 63924637012.392166
184 13 392 1331.5823725933528 874829.4763397519 1164907509.7190871
185 10 359 766.6651705632711 232879.161055304 178540341.73109612
186 10 168 766.6651705632711 88929.02645246735 68178787.23320653
187 9 273 604.9491004987461 177236.56210702032 107219098.8221321
188 7 234 332.66880679862265 17956.0 5973401.094876069
189 12 384 1131.8354418063404 586911.3564387984 664287074.4160659
190 16 271 1979.1134619514044 1802391.5732730776 3567137426.372519
191 19 318 2668.9360872348193 6203435.32437375 16556572402.048338
192 19 354 2668.9360872348193 8299641.989459035 22151214016.796608
193 13 250 1331.5823725933528 601695.2206696187 801206749.5173318
194 19 424 2668.9360872348193 13544661.827342542 36149836740.38642
195 11 153 942.9223974109915 100391.00291225547 94660925.14451775
196 5 50 139.6884681067044 1222.4564081968258 170763.0629882387
197 7 136 332.66880679862265 18496.0 6153042.250547324
198 10 171 766.6651705632711 92499.39491944655 70916064.38291687
199 23 366 3602.4235623004615 24794707.412177995 89321038201.9759
