0 0 100 0.0 0.0 0.0
1 0 5 0.0 5.0 0.0
2 4 82 75.61186198841948 1873.1633591984112 141633.36939747448
3 0 100 0.0 0.0 0.0
4 0 100 0.0 0.0 0.0
5 0 100 0.0 0.0 0.0
6 3 40 32.9215577265747 349.23013798641597 11497.20014757944
7 1 15 1.0 30.323695983612147 30.323695983612147
8 0 100 0.0 0.0 0.0
9 4 196 75.61186198841948 2452.6531100077354 185449.6684593727
10 1 16 1.0 32.892441635375256 32.892441635375256
11 0 100 0.0 0.0 0.0
12 1 103 1.0 3.9914906122521803 3.9914906122521803
13 0 100 0.0 0.0 0.0
14 2 139 9.541850352986048 197.11162840858907 1880.8096611081503
15 1 106 1.0 9.55892689827884 9.55892689827884
16 2 12 9.541850352986048 36.01211998010309 343.62225974392254
17 0 6 0.0 6.0 0.0
18 0 6 0.0 6.0 0.0
19 4 68 75.61186198841948 1360.0227175454593 102833.85002016247
20 0 100 0.0 0.0 0.0
21 4 16 75.61186198841948 114.55556911622634 8661.759882020955
22 0 100 0.0 0.0 0.0
23 0 6 0.0 6.0 0.0
24 0 100 0.0 0.0 0.0
25 1 16 1.0 32.892441635375256 32.892441635375256
26 0 5 0.0 5.0 0.0
27 4 53 75.61186198841948 888.1171619831025 67152.19228141312
28 0 100 0.0 0.0 0.0
29 0 8 0.0 8.0 0.0
30 0 100 0.0 0.0 0.0
31 0 100 0.0 0.0 0.0
32 0 100 0.0 0.0 0.0
33 0 100 0.0 0.0 0.0
34 1 11 1.0 20.51504931294799 20.51504931294799
35 1 110 1.0 18.1937008646705 18.1937008646705
36 2 27 9.541850352986048 115.98017876588344 1106.66550969663
37 0 8 0.0 8.0 0.0
38 3 39 32.9215577265747 335.47304520277595 11044.29522335299
39 0 9 0.0 9.0 0.0
40 0 100 0.0 0.0 0.0
41 0 100 0.0 0.0 0.0
42 7 129 332.66880679862265 16641.0 5535941.613935879
43 2 25 9.541850352986048 103.79546451213633 990.4007896934788
44 1 106 1.0 9.55892689827884 9.55892689827884
45 7 106 332.66880679862265 11236.0 3737866.7131893244
46 0 9 0.0 9.0 0.0
47 0 5 0.0 5.0 0.0
48 8 161 459.67273235884244 38938.82165695482 17899114.54588609
49 3 20 32.9215577265747 116.21344721391306 3825.92771105708
50 1 112 1.0 22.891970023971037 22.891970023971037
51 0 100 0.0 0.0 0.0
52 3 56 32.9215577265747 595.765723501293 19613.535657762357
53 1 19 1.0 40.84402933782601 40.84402933782601
54 0 100 0.0 0.0 0.0
55 0 100 0.0 0.0 0.0
56 1 11 1.0 20.51504931294799 20.51504931294799
57 0 100 0.0 0.0 0.0
58 0 100 0.0 0.0 0.0
59 0 100 0.0 0.0 0.0
60 0 100 0.0 0.0 0.0
61 5 118 139.6884681067044 5819.148784232864 812867.97935448
62 8 145 459.67273235884244 31320.350759055804 14397111.211852526
63 4 142 75.61186198841948 4790.284409820531 362202.32368062745
64 0 6 0.0 6.0 0.0
65 0 100 0.0 0.0 0.0
66 0 100 0.0 0.0 0.0
67 3 32 32.9215577265747 245.06238675558936 8067.83551218631
68 0 100 0.0 0.0 0.0
69 4 59 75.61186198841948 1066.8769814059906 80668.55507669134
70 0 100 0.0 0.0 0.0
71 0 100 0.0 0.0 0.0
72 0 18 0.0 18.0 0.0
73 0 7 0.0 7.0 0.0
74 5 94 139.6884681067044 3849.5614363989175 537739.3399332094
75 2 55 9.541850352986048 323.62148105306557 3087.947743220061
76 10 144 766.6651705632711 63118.28799319142 48390593.029961765
77 0 5 0.0 5.0 0.0
78 0 5 0.0 5.0 0.0
79 0 100 0.0 0.0 0.0
80 4 192 75.61186198841948 2280.4993308091553 172432.80066582482
81 1 103 1.0 3.9914906122521803 3.9914906122521803
82 0 100 0.0 0.0 0.0
83 0 7 0.0 7.0 0.0
84 0 8 0.0 8.0 0.0
85 1 101 1.0 1.0 1.0
86 1 101 1.0 1.0 1.0
87 0 8 0.0 8.0 0.0
88 5 45 139.6884681067044 1009.4539298642129 141009.0730870245
89 5 91 139.6884681067044 3629.2296992039956 506961.5370891617
90 5 30 139.6884681067044 483.17833180921616 67494.44099278233
91 0 100 0.0 0.0 0.0
92 3 53 32.9215577265747 545.90532331836 17972.053614869816
93 1 102 1.0 2.3948263510722025 2.3948263510722025
94 1 8 1.0 13.734791927877684 13.734791927877684
95 0 100 0.0 0.0 0.0
96 2 22 9.541850352986048 86.31942417916456 823.6470280735138
97 0 100 0.0 0.0 0.0
98 1 22 1.0 49.12998068819353 49.12998068819353
99 0 100 0.0 0.0 0.0
100 10 144 766.6651705632711 63118.28799319142 48390593.029961765
101 0 100 0.0 0.0 0.0
102 4 157 75.61186198841948 1005.7817905983286 76049.03394118624
103 0 100 0.0 0.0 0.0
104 0 100 0.0 0.0 0.0
105 0 100 0.0 0.0 0.0
106 9 95 604.9491004987461 18233.76455050816 11030499.463535836
107 1 102 1.0 2.3948263510722025 2.3948263510722025
108 8 124 459.67273235884244 22619.999038655253 10397796.764053049
109 4 101 75.61186198841948 2675.1081136005973 202269.90548966953
110 0 100 0.0 0.0 0.0
111 7 100 332.66880679862265 10000.0 3326688.0679862266
112 4 83 75.61186198841948 1912.3940233356846 144599.67295993603
113 4 47 75.61186198841948 723.181183304868 54681.07582466957
114 2 43 9.541850352986048 226.91812071099523 2165.21875020514
115 5 153 139.6884681067044 1358.9929081032851 189835.63750082318
116 2 50 9.541850352986048 282.0582186126376 2691.3573128316116
117 1 13 1.0 25.320989780782124 25.320989780782124
118 7 94 332.66880679862265 8836.0 2939461.5768726296
119 3 126 32.9215577265747 176.25042831919396 5802.438650243859
120 5 102 139.6884681067044 4465.486028292682 623776.9026440964
121 4 166 75.61186198841948 1292.338741426653 97716.13855903981
122 1 103 1.0 3.9914906122521803 3.9914906122521803
123 5 92 139.6884681067044 3702.0246060004592 517130.14610553003
124 3 59 32.9215577265747 647.2206215128941 21307.511052966296
125 2 20 9.541850352986048 75.23327232919837 717.8646261306569
126 6 72 225.58275470837765 3572.3109038912485 805851.7343745624
127 10 129 766.6651705632711 49420.76856899131 37889181.96431367
128 9 176 604.9491004987461 68835.16986212213 41641774.09076918
129 1 111 1.0 20.51504931294799 20.51504931294799
130 8 94 459.67273235884244 12713.68154955962 5844132.736226273
131 1 101 1.0 1.0 1.0
132 8 149 459.67273235884244 33144.35724984052 15235557.2593118
133 6 75 225.58275470837765 3862.4525781644106 871302.6925128031
134 7 109 332.66880679862265 11881.0 3952438.093574436
135 4 32 75.61186198841948 374.7746947170294 28337.41249369607
136 9 90 604.9491004987461 16228.85406923779 9817630.671310818
137 4 77 75.61186198841948 1682.1075637745857 127187.28496180048
138 8 134 459.67273235884244 26580.07983342708 12218137.923347592
139 4 162 75.61186198841948 1161.3060165688764 87808.51025112707
140 3 71 32.9215577265747 868.3392862126454 28587.081937302275
141 4 29 75.61186198841948 316.71264325745693 23947.232671970367
142 4 69 75.61186198841948 1394.4010936602072 105433.26305033677
143 5 79 139.6884681067044 2806.8374672292675 392082.8260217585
144 7 164 332.66880679862265 26896.0 8947460.227655755
145 4 24 75.61186198841948 229.15430718595061 17326.78384899598
146 6 96 225.58275470837765 6193.675591281851 1397186.4016513997
147 4 79 75.61186198841948 1757.505455801544 132888.25996796062
148 5 119 139.6884681067044 5909.069866509522 825428.9175882034
149 0 100 0.0 0.0 0.0
150 2 52 9.541850352986048 298.47302352672085 2847.984924895254
151 1 127 1.0 63.59241768810072 63.59241768810072
152 5 122 139.6884681067044 6182.546797919655 863630.491199407
153 4 138 75.61186198841948 502.796158813779 38017.3537685349
154 7 80 332.66880679862265 6400.0 2129080.363511185
155 3 143 32.9215577265747 391.71440685113555 12895.848457480626
156 5 109 139.6884681067044 5037.901195841188 703736.7005199897
157 4 23 75.61186198841948 213.06977413856453 16110.60235606885
158 1 130 1.0 72.61998620345668 72.61998620345668
159 3 73 32.9215577265747 907.48753481702 29875.90326362549
160 8 97 459.67273235884244 13572.24668173896 6238791.71644318
161 4 41 75.61186198841948 572.5607883495287 43292.38730866522
162 4 179 75.61186198841948 1757.505455801544 132888.25996796062
163 6 164 225.58275470837765 17252.17528105875 3891793.2246130123
164 5 103 139.6884681067044 4545.356706035842 634933.9152646826
165 4 186 75.61186198841948 2032.1034843472744 153651.12820465246
166 5 100 139.6884681067044 4307.65770069211 601730.1053377293
167 4 144 75.61186198841948 646.0476428878335 48848.86521197858
168 5 81 139.6884681067044 2937.2940727723303 410306.1094044695
169 4 144 75.61186198841948 646.0476428878335 48848.86521197858
170 2 37 9.541850352986048 182.69988024795316 1743.2949168344405
171 4 73 75.61186198841948 1535.4556318691968 116098.65932623514
172 6 57 225.58275470837765 2284.902982010436 515434.70892330084
173 5 126 139.6884681067044 6555.813195992822 915771.5025419551
174 9 154 604.9491004987461 51626.24357981338 31231249.615737274
175 5 182 139.6884681067044 3003.520233876968 419557.14039776416
176 10 159 766.6651705632711 78679.82330363935 60321080.15297269
177 5 139 139.6884681067044 7836.395098108471 1094654.0267336597
178 5 107 139.6884681067044 4871.189817186799 680449.0434198013
179 5 161 139.6884681067044 1754.5251914699081 245086.93625105367
180 6 132 225.58275470837765 11389.69248070312 2569318.205078305
181 5 146 139.6884681067044 1050.58572833688 146754.71100614508
182 4 155 75.61186198841948 946.1899645328139 71543.18501308264
183 9 106 604.9491004987461 23088.154186617474 13967158.1073706
184 11 144 942.9223974109915 87380.91148351728 82393418.54399575
185 3 141 32.9215577265747 363.1907597716439 11956.805563580698
186 6 77 225.58275470837765 4061.8785529685815 916289.7532695315
187 4 148 75.61186198841948 749.6906189831174 56685.50361656424
188 7 68 332.66880679862265 4624.0 1538260.562636831
189 4 134 75.61186198841948 415.7115691523703 31432.725793738326
190 3 47 32.9215577265747 451.11773253603667 14851.498473166615
191 5 107 139.6884681067044 4871.189817186799 680449.0434198013
192 7 164 332.66880679862265 26896.0 8947460.227655755
193 3 140 32.9215577265747 349.23013798641597 11497.20014757944
194 3 24 32.9215577265747 155.22039240905832 5110.09710903639
195 8 130 459.67273235884244 24956.252438948613 11471708.748048535
196 4 208 75.61186198841948 2999.8926316694174 226827.4676458645
197 4 142 75.61186198841948 596.6466987883373 45113.56784462985
198 4 137 75.61186198841948 480.38255499420245 36322.61944986597
199 9 209 604.9491004987461 99678.993651474 60300717.54807942
