0 0 6 0.0 6.0 0.0
1 0 10 0.0 10.0 0.0
2 0 100 0.0 0.0 0.0
3 0 100 0.0 0.0 0.0
4 13 168 1331.5823725933528 230840.47046310757 307383101.34983057
5 2 33 9.541850352986048 154.90879557685506 1478.1165457556579
6 12 181 1131.8354418063404 203496.96985951904 230325082.78720027
7 3 62 32.9215577265747 700.2360303580608 23052.86089566041
8 1 104 1.0 5.735193251789799 5.735193251789799
9 0 5 0.0 5.0 0.0
10 1 104 1.0 5.735193251789799 5.735193251789799
11 2 25 9.541850352986048 103.79546451213633 990.4007896934788
12 1 10 1.0 18.1937008646705 18.1937008646705
13 0 100 0.0 0.0 0.0
14 23 373 3602.4235623004615 26187371.862236273 94338005431.24406
15 0 100 0.0 0.0 0.0
16 3 139 32.9215577265747 335.47304520277595 11044.29522335299
17 0 100 0.0 0.0 0.0
18 2 17 9.541850352986048 59.51335422080222 567.8675199791454
19 1 108 1.0 13.734791927877684 13.734791927877684
20 0 100 0.0 0.0 0.0
21 0 100 0.0 0.0 0.0
22 0 100 0.0 0.0 0.0
23 6 198 225.58275470837765 6442.856405219488 1453397.2960799276
24 1 102 1.0 2.3948263510722025 2.3948263510722025
25 1 101 1.0 1.0 1.0
26 0 100 0.0 0.0 0.0
27 2 19 9.541850352986048 69.8685662777562 666.6754038000371
28 0 100 0.0 0.0 0.0
29 1 26 1.0 60.63937356224698 60.63937356224698
30 0 100 0.0 0.0 0.0
31 0 100 0.0 0.0 0.0
32 0 6 0.0 6.0 0.0
33 0 100 0.0 0.0 0.0
34 0 6 0.0 6.0 0.0
35 0 100 0.0 0.0 0.0
36 0 10 0.0 10.0 0.0
37 1 103 1.0 3.9914906122521803 3.9914906122521803
38 2 60 9.541850352986048 366.8916913478798 3500.825614595415
39 0 100 0.0 0.0 0.0
40 2 10 9.541850352986048 27.685321443873434 264.16919419175593
41 27 626 4506.6139001521815 310489400.8250475 1399255849608.0813
42 1 10 1.0 18.1937008646705 18.1937008646705
43 2 116 9.541850352986048 54.53075711894446 520.3243240639966
44 1 19 1.0 40.84402933782601 40.84402933782601
45 5 72 139.6884681067044 2371.3580183097592 331251.36891024053
46 0 100 0.0 0.0 0.0
47 0 100 0.0 0.0 0.0
48 0 11 0.0 11.0 0.0
49 1 55 1.0 155.85458639063 155.85458639063
50 0 100 0.0 0.0 0.0
51 1 9 1.0 15.931997307697284 15.931997307697284
52 0 100 0.0 0.0 0.0
53 27 575 4506.6139001521815 239870556.79099762 1081003985471.5531
54 0 100 0.0 0.0 0.0
55 5 83 139.6884681067044 3070.409639894098 428900.8190568644
56 0 100 0.0 0.0 0.0
57 4 66 75.61186198841948 1292.338741426653 97716.13855903981
58 1 10 1.0 18.1937008646705 18.1937008646705
59 25 438 4060.496712466729 66889302.48064264 271603792821.84207
60 0 100 0.0 0.0 0.0
61 33 763 5744.298091538941 2179016458.8422866 12516920085959.688
62 20 444 2902.6872563902634 20133945.114803355 58442545905.6007
63 29 700 4937.473672561782 692438349.5637201 3418896120843.0005
64 33 752 5744.298091538941 2078879226.0710738 11941701970860.02
65 16 231 1979.1134619514044 1195396.4764019994 2365825258.816471
66 0 10 0.0 10.0 0.0
67 39 755 6798.773358825962 6957290317.318003 47301040058999.46
68 35 765 6117.310290426031 3323841219.799798 20332968097623.516
69 4 49 75.61186198841948 776.5950928818146 58719.80098386357
70 17 372 2206.0678959513543 5454165.20107824 12032258749.313768
71 0 100 0.0 0.0 0.0
72 0 100 0.0 0.0 0.0
73 1 106 1.0 9.55892689827884 9.55892689827884
74 0 100 0.0 0.0 0.0
75 0 10 0.0 10.0 0.0
76 0 100 0.0 0.0 0.0
77 21 376 3136.7198300107975 16435299.601690613 51552930172.791504
78 0 100 0.0 0.0 0.0
79 4 163 75.61186198841948 1193.5182370479756 90244.13622033325
80 29 427 4937.473672561782 149056526.9466089 735962677522.3773
81 12 209 1131.8354418063404 285391.11164615024 323015774.9376231
82 3 131 32.9215577265747 233.0178128969552 7671.309378607293
83 1 102 1.0 2.3948263510722025 2.3948263510722025
84 1 12 1.0 22.891970023971037 22.891970023971037
85 1 16 1.0 32.892441635375256 32.892441635375256
86 14 340 1540.4353185285338 1750507.077966952 2696542928.2344747
87 0 100 0.0 0.0 0.0
88 0 100 0.0 0.0 0.0
89 12 241 1131.8354418063404 398950.76202897466 451546612.0000407
90 13 188 1331.5823725933528 302721.97485228034 403099245.50994474
91 1 10 1.0 18.1937008646705 18.1937008646705
92 0 100 0.0 0.0 0.0
93 2 9 9.541850352986048 23.78240930402918 226.9281906125095
94 19 380 2668.9360872348193 10060279.383550808 26850242694.423214
95 3 79 32.9215577265747 1028.715399126087 33866.9133965458
96 0 10 0.0 10.0 0.0
97 3 134 32.9215577265747 269.81820202916316 8882.83551378369
98 0 100 0.0 0.0 0.0
99 0 100 0.0 0.0 0.0
100 35 634 6117.310290426031 1787700964.416218 10935921505827.871
101 3 61 32.9215577265747 682.3928350558612 22465.435111492498
102 19 446 2668.9360872348193 15538218.088525122 41470510987.789536
103 32 595 5549.980220652734 793155639.9155835 4401998113430.65
104 14 281 1540.4353185285338 1094029.65097923 1685281913.8858507
105 14 188 1540.4353185285338 406027.59134880477 625459242.0107694
106 16 192 1979.1134619514044 743036.9572680516 1470554444.8566113
107 10 134 766.6651705632711 53782.219657512425 41232954.60699808
108 2 154 9.541850352986048 315.16948038953416 3007.300017705306
109 1 102 1.0 2.3948263510722025 2.3948263510722025
110 9 189 604.9491004987461 80257.99045879758 48551999.13588654
111 14 358 1540.4353185285338 1988003.5552655773 3062390889.891387
112 18 493 2436.3877014920204 8373005.160083629 20399886796.55698
113 0 100 0.0 0.0 0.0
114 7 193 332.66880679862265 8649.0 2877252.5100012873
115 19 424 2668.9360872348193 13544661.827342542 36149836740.38642
116 25 350 4060.496712466729 34418471.45560444 139756090193.6118
117 2 146 9.541850352986048 250.0988923255542 2386.406204018009
118 11 236 942.9223974109915 270777.34913317615 255322027.2092475
119 10 232 766.6651705632711 182304.83328898528 139766766.1080086
120 23 404 3602.4235623004615 32968926.61001814 118768038043.68404
121 23 430 3602.4235623004615 39467307.27846666 142177957680.5008
122 0 100 0.0 0.0 0.0
123 28 641 4724.12231882448 420297833.5378338 1985538375969.657
124 17 302 2206.0678959513543 3158325.2567857914 6967479953.967452
125 13 229 1331.5823725933528 487011.5179200852 648495952.5123173
126 23 571 3602.4235623004615 89436436.15795937 322187924943.61383
127 14 301 1540.4353185285338 1296195.8255729612 1996705829.4418404
128 23 460 3602.4235623004615 47942720.80923809 172709987083.99194
129 23 409 3602.4235623004615 34159667.71442179 123057591854.7874
130 26 462 4285.277943143774 98611128.0 422576091766.9274
131 31 567 5350.621552679651 552180783.623762 2954510401832.8403
132 2 132 9.541850352986048 148.1842032776824 1413.95149235211
133 18 318 2436.3877014920204 4758615.915315257 11593833292.198286
134 5 177 139.6884681067044 2679.0520099722326 374232.6712512085
135 9 164 604.9491004987461 59120.271421214304 35764755.01750532
136 25 366 4060.496712466729 39291864.43006164 159544486344.9537
137 39 707 6798.773358825962 5557472459.210288 37783995698087.91
138 0 100 0.0 0.0 0.0
139 17 312 2206.0678959513543 3439807.8883009166 7588449750.620874
140 18 448 2436.3877014920204 11876121.27378186 28934835812.869873
141 22 516 3370.209833397988 51810157.71969863 174611103016.829
142 11 389 942.9223974109915 430575.8029496108 405999568.38440967
143 32 633 5549.980220652734 967383269.2489531 5368958010122.067
144 13 333 1331.5823725933528 1200741.3209224145 1598885976.9847453
145 2 148 9.541850352986048 265.93129728965954 2537.4766429133756
146 0 100 0.0 0.0 0.0
147 19 407 2668.9360872348193 12120737.243088678 32349473031.970448
148 19 465 2668.9360872348193 17401283.66842837 46442913946.87837
149 0 100 0.0 0.0 0.0
150 10 244 766.6651705632711 203942.36075052546 156355504.78987777
151 17 251 2206.0678959513543 1945020.81997725 4290847987.9087896
152 16 279 1979.1134619514044 1942392.8283766496 3844215795.038091
153 10 277 766.6651705632711 99872.9294110967 76569096.46161199
154 22 484 3370.209833397988 43186008.90639049 145545911881.5303
155 16 303 1979.1134619514044 2401528.5219665733 4752897427.084304
156 29 562 4937.473672561782 350001626.4709052 1728123816053.8972
157 23 422 3602.4235623004615 37386215.814839445 134680984756.62776
158 12 331 1131.8354418063404 361112.7616981537 408720222.1785375
159 9 154 604.9491004987461 51626.24357981338 31231249.615737274
160 27 522 4506.6139001521815 178833253.87077647 805932427703.4852
161 30 889 5146.386239304723 1834944519.6994524 9443333226068.875
162 21 377 3136.7198300107975 16558072.98185693 51938035868.95665
163 36 542 6295.82243666837 1289116493.5053878 8116048543290.476
164 21 414 3136.7198300107975 21524738.50810676 67517074114.17551
165 35 617 6117.310290426031 1634250457.843548 9997217142899.79
166 26 573 4285.277943143774 188132517.0 806200125488.2211
167 7 132 332.66880679862265 17424.0 5796421.289659201
168 25 566 4060.496712466729 142957799.44676906 580479674675.0837
169 29 593 4937.473672561782 413547770.6812194 2041881230085.1382
170 33 587 5744.298091538941 931778459.2739563 5352413225344.481
171 26 457 4285.277943143774 95443993.0 409004038008.46875
172 27 466 4506.6139001521815 126704268.90551215 571007219458.2009
173 31 554 5350.621552679651 512980165.3733483 2744762728943.809
174 33 668 5744.298091538941 1416377971.8891273 8136097280820.509
175 13 313 1331.5823725933528 1034229.4018087842 1377161640.666345
176 26 397 4285.277943143774 62570773.0 268133153422.356
177 17 470 2206.0678959513543 10066476.074625088 22207329693.592815
178 21 367 3136.7198300107975 15356603.885005329 48169363927.71707
179 11 284 942.9223974109915 413710.83082038333 390097208.432049
180 17 480 2206.0678959513543 10637507.974125154 23467064834.64403
181 14 239 1540.4353185285338 733894.4795303408 1130516976.341653
182 30 836 5146.386239304723 1512732934.4680808 7785107957689.584
183 18 492 2436.3877014920204 15249096.702736922 37152711665.41075
184 25 454 4060.496712466729 74390506.83300525 302062408434.15155
185 27 693 4506.6139001521815 422804121.5960761 1905414931426.5095
186 12 258 1131.8354418063404 468300.9817292381 530039648.5538552
187 17 321 2206.0678959513543 3705966.5342257307 8175613794.62549
188 14 400 1540.4353185285338 2613555.751425206 4026013586.438769
189 27 575 4506.6139001521815 239870556.79099762 1081003985471.5531
190 23 420 3602.4235623004615 36877402.526920564 132848023779.41722
191 28 535 4724.12231882448 241194405.94172993 1139431876284.9382
192 33 830 5744.298091538941 2862067268.1236997 16440567546139.037
193 29 522 4937.473672561782 278249330.08690804 1373848741712.0615
194 27 518 4506.6139001521815 174704388.52554548 787325225746.8105
195 27 580 4506.6139001521815 246260620.72789666 1109801536432.4436
196 13 270 1331.5823725933528 724323.4864494693 964496386.6114737
197 27 445 4506.6139001521815 110149061.9326654 496399293594.4734
198 15 364 1756.7778603087352 2841653.288538542 4992153583.978021
199 23 432 3602.4235623004615 39999135.29322216 144093827451.94748
