0 0 100 0.0 0.0 0.0
1 1 43 1.0 114.29870016819844 114.29870016819844
2 4 71 75.61186198841948 1464.2230773075796 110712.63324163957
3 0 18 0.0 18.0 0.0
4 0 100 0.0 0.0 0.0
5 4 72 75.61186198841948 1499.6637502850892 113392.36851559173
6 3 51 32.9215577265747 513.5688732735056 16907.48730804564
7 0 100 0.0 0.0 0.0
8 1 45 1.0 121.03674784737703 121.03674784737703
9 1 15 1.0 30.323695983612147 30.323695983612147
10 4 191 75.61186198841948 2238.2761103848434 169240.22435039515
11 0 100 0.0 0.0 0.0
12 7 112 332.66880679862265 12544.0 4172997.5124819227
13 5 88 139.6884681067044 3414.7546568712237 477001.8469785762
14 3 39 32.9215577265747 335.47304520277595 11044.29522335299
15 1 32 1.0 78.7716859795011 78.7716859795011
16 0 100 0.0 0.0 0.0
17 0 100 0.0 0.0 0.0
18 0 100 0.0 0.0 0.0
19 0 5 0.0 5.0 0.0
20 0 100 0.0 0.0 0.0
21 1 102 1.0 2.3948263510722025 2.3948263510722025
22 4 41 75.61186198841948 572.5607883495287 43292.38730866522
23 0 100 0.0 0.0 0.0
24 0 100 0.0 0.0 0.0
25 0 5 0.0 5.0 0.0
26 0 18 0.0 18.0 0.0
27 6 168 225.58275470837765 3202.3105181925803 722386.0281254946
28 0 100 0.0 0.0 0.0
29 2 27 9.541850352986048 115.98017876588344 1106.66550969663
30 0 100 0.0 0.0 0.0
31 3 57 32.9215577265747 612.7419199112477 20172.41848785035
32 6 197 225.58275470837765 6317.679695554275 1425159.589088318
33 0 100 0.0 0.0 0.0
34 0 100 0.0 0.0 0.0
35 0 100 0.0 0.0 0.0
36 0 10 0.0 10.0 0.0
37 0 5 0.0 5.0 0.0
38 0 100 0.0 0.0 0.0
39 0 100 0.0 0.0 0.0
40 4 151 75.61186198841948 831.5797944458234 62877.296649995835
41 6 58 225.58275470837765 2362.1985438616953 532871.2546924397
42 2 40 9.541850352986048 204.4421003683832 1950.7559275652661
43 0 5 0.0 5.0 0.0
44 5 156 139.6884681067044 1501.9949206988383 209811.36957647165
45 0 100 0.0 0.0 0.0
46 1 20 1.0 43.57075425423803 43.57075425423803
47 1 18 1.0 38.15436697768484 38.15436697768484
48 0 6 0.0 6.0 0.0
49 0 11 0.0 11.0 0.0
50 5 146 139.6884681067044 1050.58572833688 146754.71100614508
51 0 100 0.0 0.0 0.0
52 0 100 0.0 0.0 0.0
53 1 13 1.0 25.320989780782124 25.320989780782124
54 0 100 0.0 0.0 0.0
55 0 9 0.0 9.0 0.0
56 0 5 0.0 5.0 0.0
57 0 5 0.0 5.0 0.0
58 2 32 9.541850352986048 148.1842032776824 1413.95149235211
59 4 61 75.61186198841948 1129.4605717070829 85400.6168692773
60 1 108 1.0 13.734791927877684 13.734791927877684
61 0 100 0.0 0.0 0.0
62 3 88 32.9215577265747 1220.8824175108728 40193.35098544427
63 1 13 1.0 25.320989780782124 25.320989780782124
64 0 7 0.0 7.0 0.0
65 5 166 139.6884681067044 2024.56047903646 282807.7519059787
66 1 103 1.0 3.9914906122521803 3.9914906122521803
67 1 103 1.0 3.9914906122521803 3.9914906122521803
68 0 100 0.0 0.0 0.0
69 6 67 225.58275470837765 3112.8302065571443 702200.8129346088
70 0 100 0.0 0.0 0.0
71 0 5 0.0 5.0 0.0
72 0 100 0.0 0.0 0.0
73 0 100 0.0 0.0 0.0
74 0 18 0.0 18.0 0.0
75 1 11 1.0 20.51504931294799 20.51504931294799
76 3 52 32.9215577265747 529.6457757489877 17436.763980956737
77 0 8 0.0 8.0 0.0
78 1 18 1.0 38.15436697768484 38.15436697768484
79 6 72 225.58275470837765 3572.3109038912485 805851.7343745624
80 0 100 0.0 0.0 0.0
81 1 15 1.0 30.323695983612147 30.323695983612147
82 1 107 1.0 11.607984241186918 11.607984241186918
83 2 20 9.541850352986048 75.23327232919837 717.8646261306569
84 1 119 1.0 40.84402933782601 40.84402933782601
85 1 19 1.0 40.84402933782601 40.84402933782601
86 1 9 1.0 15.931997307697284 15.931997307697284
87 2 11 9.541850352986048 31.76494829034237 303.0963830567869
88 7 49 332.66880679862265 2401.0 798737.805123493
89 0 100 0.0 0.0 0.0
90 4 108 75.61186198841948 2999.8926316694174 226827.4676458645
91 4 56 75.61186198841948 975.7969952136767 73781.82773081094
92 0 5 0.0 5.0 0.0
93 0 100 0.0 0.0 0.0
94 0 6 0.0 6.0 0.0
95 0 5 0.0 5.0 0.0
96 0 100 0.0 0.0 0.0
97 7 101 332.66880679862265 10201.0 3393554.4981527496
98 0 9 0.0 9.0 0.0
99 0 100 0.0 0.0 0.0
100 1 106 1.0 9.55892689827884 9.55892689827884
101 8 109 459.67273235884244 17298.876533787272 7951821.843024257
102 8 121 459.67273235884244 21496.519829988905 9881364.00645704
103 4 95 75.61186198841948 2409.1275506493207 182158.6198721955
104 5 72 139.6884681067044 2371.3580183097592 331251.36891024053
105 3 15 32.9215577265747 73.60859052492496 2423.3094621381165
106 4 139 75.61186198841948 525.6324972119714 39744.05183581987
107 4 155 75.61186198841948 946.1899645328139 71543.18501308264
108 1 37 1.0 94.5824071263594 94.5824071263594
109 3 110 32.9215577265747 1739.8383357693572 57278.188205938546
110 1 105 1.0 7.59708563275366 7.59708563275366
111 9 99 604.9491004987461 19928.090733228633 12055480.56372406
112 3 55 32.9215577265747 578.9666715492328 19060.48469917088
113 2 48 9.541850352986048 265.93129728965954 2537.4766429133756
114 6 70 225.58275470837765 3384.897920195671 763574.5972443977
115 6 131 225.58275470837765 11225.205072627472 2532212.6824497594
116 0 100 0.0 0.0 0.0
117 8 198 459.67273235884244 13864.912977319558 6373322.432202054
118 7 176 332.66880679862265 5776.0 1921495.0280688445
119 5 99 139.6884681067044 4229.702363015084 590840.6436368847
120 6 81 225.58275470837765 4475.076918624486 1009500.1788351899
121 5 164 139.6884681067044 1914.4623288244568 267428.3099614821
122 5 218 139.6884681067044 5819.148784232864 812867.97935448
123 1 10 1.0 18.1937008646705 18.1937008646705
124 6 73 225.58275470837765 3667.8232800781016 827397.6793035355
125 2 56 9.541850352986048 332.1417203303481 3169.2465913755254
126 4 89 75.61186198841948 2154.8151586700715 162929.58638791565
127 5 96 139.6884681067044 3999.6858182206656 558709.9848553553
128 2 33 9.541850352986048 154.90879557685506 1478.1165457556579
129 3 41 32.9215577265747 363.1907597716439 11956.805563580698
130 3 33 32.9215577265747 257.33012181535685 8471.708460130769
131 7 94 332.66880679862265 8836.0 2939461.5768726296
132 0 100 0.0 0.0 0.0
133 3 63 32.9215577265747 718.2490844189361 23645.87869475743
134 4 143 75.61186198841948 621.143248020611 46965.797544373054
135 1 13 1.0 25.320989780782124 25.320989780782124
136 1 119 1.0 40.84402933782601 40.84402933782601
137 5 70 139.6884681067044 2253.023098877021 314721.345291151
138 3 65 32.9215577265747 754.7803226662346 24848.54396353912
139 1 11 1.0 20.51504931294799 20.51504931294799
140 4 52 75.61186198841948 859.6554919481086 65000.15241476724
141 10 120 766.6651705632711 42078.2525506963 32259930.668783974
142 0 100 0.0 0.0 0.0
143 6 68 225.58275470837765 3202.3105181925803 722386.0281254946
144 6 198 225.58275470837765 6442.856405219488 1453397.2960799276
145 5 157 139.6884681067044 1551.0877169304622 216669.0670771418
146 6 107 225.58275470837765 7622.045029127996 1719401.9141819899
147 5 246 139.6884681067044 8568.21083325575 1196880.2457127648
148 8 96 459.67273235884244 13282.821141836259 6105750.687701672
149 7 167 332.66880679862265 27889.0 9277800.352806788
150 11 120 942.9223974109915 57562.11865778811 54276610.92485753
151 9 98 604.9491004987461 19496.94350076754 11794658.433264196
152 8 110 459.67273235884244 17630.632823740572 8104321.163304322
153 1 22 1.0 49.12998068819353 49.12998068819353
154 6 191 225.58275470837765 5591.281626292221 1261296.7116093368
155 0 100 0.0 0.0 0.0
156 5 155 139.6884681067044 1453.6132803589628 203053.01235290492
157 2 12 9.541850352986048 36.01211998010309 343.62225974392254
158 11 243 942.9223974109915 85997.87483210127 81089322.3089353
159 4 171 75.61186198841948 1464.2230773075796 110712.63324163957
160 9 76 604.9491004987461 11274.311989143906 6820384.896574835
161 9 201 604.9491004987461 91640.08514930584 55437587.080701075
162 4 110 75.61186198841948 3095.5112687915 234057.37083946014
163 10 144 766.6651705632711 63118.28799319142 48390593.029961765
164 5 230 139.6884681067044 6938.889916019427 969282.9027298124
165 6 93 225.58275470837765 5828.709556476301 1314856.3581449701
166 6 189 225.58275470837765 5358.570280584671 1208801.0451927343
167 8 160 459.67273235884244 38437.428033367876 17668637.56894458
168 4 75 75.61186198841948 1608.0874365260645 121590.48531592006
169 4 160 75.61186198841948 1097.9836363389938 83020.58717640696
170 8 111 459.67273235884244 17965.662675976404 8258325.250903347
171 6 173 225.58275470837765 3667.8232800781016 827397.6793035355
172 7 195 332.66880679862265 9025.0 3002335.9813575693
173 6 204 225.58275470837765 7218.483555423629 1628365.4052495863
174 5 113 139.6884681067044 5378.870870117234 751366.2319904525
175 5 191 139.6884681067044 3629.2296992039956 506961.5370891617
176 6 194 225.58275470837765 5949.1894450157 1342034.543288646
177 6 172 225.58275470837765 3572.3109038912485 805851.7343745624
178 5 106 139.6884681067044 4788.781200314608 668937.5099701327
179 4 49 75.61186198841948 776.5950928818146 58719.80098386357
180 5 141 139.6884681067044 852.3594055446428 119064.77963687235
181 5 90 139.6884681067044 3557.085524945249 496883.82790413423
182 9 148 604.9491004987461 47390.045546024034 28668565.42566185
183 11 174 942.9223974109915 134765.04830411234 127072982.43412168
184 4 64 75.61186198841948 1226.095534977771 92707.36637535656
185 10 133 766.6651705632711 52893.67773024879 40551740.45877988
186 4 159 75.61186198841948 1066.8769814059906 80668.55507669134
187 6 174 225.58275470837765 3764.5376458742294 849214.7723596997
188 5 176 139.6884681067044 2616.164871066153 365448.0631538047
189 5 44 139.6884681067044 969.0623078155637 135366.82927870372
190 10 154 766.6651705632711 73282.88036813155 56183431.976801366
191 3 157 32.9215577265747 612.7419199112477 20172.41848785035
192 4 89 75.61186198841948 2154.8151586700715 162929.58638791565
193 5 185 139.6884681067044 3206.1723328082135 447865.30165607814
194 7 144 332.66880679862265 20736.0 6898220.377776239
195 5 173 139.6884681067044 2431.5451615879456 339658.8187544891
196 5 83 139.6884681067044 3070.409639894098 428900.8190568644
197 5 194 139.6884681067044 3849.5614363989175 537739.3399332094
198 4 188 75.61186198841948 2113.579549242958 159811.6851789044
199 7 106 332.66880679862265 11236.0 3737866.7131893244
