0 0 100 0.0 0.0 0.0
1 0 9 0.0 9.0 0.0
2 2 120 9.541850352986048 75.23327232919837 717.8646261306569
3 4 165 75.61186198841948 1259.0362466163215 95198.07491757096
4 46 1116 7782.801884860074 99652920044.34982 775578933952976.0
5 1 109 1.0 15.931997307697284 15.931997307697284
6 1 7 1.0 11.607984241186918 11.607984241186918
7 2 63 9.541850352986048 393.6390130800606 3756.0445559070554
8 3 183 32.9215577265747 1112.6192833663745 36629.15996504627
9 1 23 1.0 51.960050539976365 51.960050539976365
10 0 100 0.0 0.0 0.0
11 0 100 0.0 0.0 0.0
12 3 27 32.9215577265747 187.1321231368427 6160.680994346051
13 0 100 0.0 0.0 0.0
14 0 100 0.0 0.0 0.0
15 0 100 0.0 0.0 0.0
16 10 356 766.6651705632711 226922.59229353603 173973647.92538342
17 0 100 0.0 0.0 0.0
18 2 32 9.541850352986048 148.1842032776824 1413.95149235211
19 0 100 0.0 0.0 0.0
20 0 100 0.0 0.0 0.0
21 1 17 1.0 35.503281577765854 35.503281577765854
22 10 126 766.6651705632711 46901.01863245811 35957377.44944465
23 3 63 32.9215577265747 718.2490844189361 23645.87869475743
24 0 100 0.0 0.0 0.0
25 0 5 0.0 5.0 0.0
26 0 100 0.0 0.0 0.0
27 1 5 1.0 7.59708563275366 7.59708563275366
28 1 17 1.0 35.503281577765854 35.503281577765854
29 0 9 0.0 9.0 0.0
30 0 10 0.0 10.0 0.0
31 2 143 9.541850352986048 226.91812071099523 2165.21875020514
32 2 145 9.541850352986048 242.29532664846576 2311.945748107533
33 0 5 0.0 5.0 0.0
34 0 100 0.0 0.0 0.0
35 0 10 0.0 10.0 0.0
36 4 45 75.61186198841948 671.3571728121805 50762.565895610074
37 0 100 0.0 0.0 0.0
38 0 100 0.0 0.0 0.0
39 0 100 0.0 0.0 0.0
40 0 100 0.0 0.0 0.0
41 14 150 1540.4353185285338 232649.72200523777 358381848.62271327
42 41 855 7106.788070274764 15545057639.39837 110475430183409.94
43 4 89 75.61186198841948 2154.8151586700715 162929.58638791565
44 0 100 0.0 0.0 0.0
45 1 27 1.0 63.59241768810072 63.59241768810072
46 2 148 9.541850352986048 265.93129728965954 2537.4766429133756
47 1 114 1.0 27.799106543625292 27.799106543625292
48 1 116 1.0 32.892441635375256 32.892441635375256
49 2 125 9.541850352986048 103.79546451213633 990.4007896934788
50 1 106 1.0 9.55892689827884 9.55892689827884
51 0 7 0.0 7.0 0.0
52 20 415 2902.6872563902634 16710759.500995127 48506108648.141075
53 0 100 0.0 0.0 0.0
54 32 658 5549.980220652734 1095358552.261528 6079218299574.294
55 1 109 1.0 15.931997307697284 15.931997307697284
56 0 100 0.0 0.0 0.0
57 0 100 0.0 0.0 0.0
58 0 100 0.0 0.0 0.0
59 0 10 0.0 10.0 0.0
60 0 100 0.0 0.0 0.0
61 27 696 4506.6139001521815 428386590.90590274 1930572965215.3474
62 0 9 0.0 9.0 0.0
63 1 17 1.0 35.503281577765854 35.503281577765854
64 0 100 0.0 0.0 0.0
65 19 445 2668.9360872348193 15443832.008033264 41218600571.43216
66 4 169 75.61186198841948 1394.4010936602072 105433.26305033677
67 0 100 0.0 0.0 0.0
68 0 5 0.0 5.0 0.0
69 4 84 75.61186198841948 1951.9617083430758 147591.45929791615
70 0 9 0.0 9.0 0.0
71 0 100 0.0 0.0 0.0
72 1 19 1.0 40.84402933782601 40.84402933782601
73 0 100 0.0 0.0 0.0
74 1 39 1.0 101.06849300292524 101.06849300292524
75 0 100 0.0 0.0 0.0
76 2 12 9.541850352986048 36.01211998010309 343.62225974392254
77 0 100 0.0 0.0 0.0
78 3 188 32.9215577265747 1220.8824175108728 40193.35098544427
79 10 205 766.6651705632711 138450.51045314563 106145184.21113284
80 0 100 0.0 0.0 0.0
81 0 100 0.0 0.0 0.0
82 1 9 1.0 15.931997307697284 15.931997307697284
83 1 19 1.0 40.84402933782601 40.84402933782601
84 4 166 75.61186198841948 1292.338741426653 97716.13855903981
85 1 49 1.0 134.74529814364382 134.74529814364382
86 13 169 1331.5823725933528 234166.03728660895 311811367.51088625
87 1 104 1.0 5.735193251789799 5.735193251789799
88 2 148 9.541850352986048 265.93129728965954 2537.4766429133756
89 0 9 0.0 9.0 0.0
90 0 100 0.0 0.0 0.0
91 0 5 0.0 5.0 0.0
92 2 44 9.541850352986048 234.56808185291177 2238.2135346274663
93 0 100 0.0 0.0 0.0
94 2 34 9.541850352986048 161.72412498062124 1543.1473990327004
95 4 93 75.61186198841948 2323.049658002374 175650.1101331206
96 7 123 332.66880679862265 15129.0 5032946.378056362
97 1 12 1.0 22.891970023971037 22.891970023971037
98 5 75 139.6884681067044 2553.9502583266267 356757.3992063684
99 16 317 1979.1134619514044 2697289.9739892757 5338242898.308729
100 2 145 9.541850352986048 242.29532664846576 2311.945748107533
101 21 613 3136.7198300107975 64650796.86856409 202791436563.62497
102 39 988 6798.773358825962 17455194111.565086 118673908698844.52
103 11 137 942.9223974109915 77959.47955253888 73509739.36059313
104 30 606 5146.386239304723 550561283.0366141 2833401010913.5835
105 22 359 3370.209833397988 18464975.370927818 62230841568.55259
106 13 358 1331.5823725933528 1429622.6501521815 1903660320.4028387
107 37 739 6468.923834840442 4408715282.525031 28519643372151.49
108 30 605 5146.386239304723 547712324.7310201 2818739171093.322
109 13 199 1331.5823725933528 347186.6030127656 462307560.57236487
110 25 629 4060.496712466729 195430135.87663233 793543424243.9918
111 16 394 1979.1134619514044 4717931.747271273 9337322233.592487
112 36 923 6295.82243666837 7598185685.500252 47836827916744.92
113 26 524 4285.277943143774 143877824.0 616556465694.7219
114 35 999 6117.310290426031 8023188954.584975 49080336353915.14
115 22 471 3370.209833397988 39968320.03856616 134701625218.3735
116 20 607 2902.6872563902634 47709686.9850791 138486300417.95752
117 38 1005 6636.579650383532 15169801656.028938 100675596970756.05
118 20 456 2902.6872563902634 21671171.47667749 62904633276.39991
119 42 895 7252.650449022947 21948815937.585484 159187089765251.38
120 18 376 2436.3877014920204 7441071.732225238 18129335654.313496
121 42 934 7252.650449022947 25486340724.997105 184843520503102.06
122 8 162 459.67273235884244 39443.590245345265 18131142.90212044
123 30 710 5146.386239304723 905498659.3215843 4660045840041.477
124 4 68 75.61186198841948 1360.0227175454593 102833.85002016247
125 34 644 5933.442745663244 1541884809.6892996 9148685238699.326
126 27 570 4506.6139001521815 233592661.31594718 1052711934459.9883
127 16 257 1979.1134619514044 1572594.2186823196 3112342388.3811293
128 35 656 6117.310290426031 2000836239.2152867 12239736115608.994
129 53 1102 8516.089422990353 315301390195.0429 2685134834094159.0
130 19 445 2668.9360872348193 15443832.008033264 41218600571.43216
131 3 129 32.9215577265747 209.61005902119368 6900.689658136957
132 1 109 1.0 15.931997307697284 15.931997307697284
133 31 728 5350.621552679651 1220957999.9269106 6532884189325.568
134 26 690 4285.277943143774 328509000.0 1407752371824.218
135 42 865 7252.650449022947 19477648951.555 141264579414406.72
136 33 545 5744.298091538941 732592387.8886111 4208229055624.504
137 42 965 7252.650449022947 28575063274.630302 207244945489606.6
138 20 483 2902.6872563902634 25398415.704377525 73723657597.59898
139 42 939 7252.650449022947 25967543638.34281 188333517028649.97
140 34 576 5933.442745663244 1070347964.299452 6350848364108.004
141 6 111 225.58275470837765 8176.399536993932 1844454.7311513948
142 0 100 0.0 0.0 0.0
143 17 399 2206.0678959513543 6553560.80051913 14457600086.190512
144 33 1008 5744.298091538941 5370889093.688627 30851987970742.895
145 32 857 5549.980220652734 2556446306.1735086 14188226434423.715
146 0 100 0.0 0.0 0.0
147 22 508 3370.209833397988 49558307.18920846 167021894215.62857
148 18 352 2436.3877014920204 6240201.905441166 15203551177.243929
149 28 731 4724.12231882448 629305524.9140781 2972916275606.1514
150 23 389 3602.4235623004615 29560202.12048415 106488368625.19617
151 39 818 6798.773358825962 9151160570.761507 62216666690831.914
152 14 229 1540.4353185285338 660472.5308888281 1017415213.4990788
153 38 751 6636.579650383532 5648108882.989379 37484124475997.77
154 26 650 4285.277943143774 274625000.0 1176844455135.859
155 20 466 2902.6872563902634 23007764.184391428 66784343896.06532
156 11 291 942.9223974109915 437428.2157714519 412460861.9104299
157 23 584 3602.4235623004615 95436714.53603657 343803469153.1611
158 33 760 5744.298091538941 2151382892.40284 12358184642999.16
159 29 618 4937.473672561782 470164802.18288046 2321426332543.1904
160 26 599 4285.277943143774 214921799.0 920999644755.4796
161 32 798 5549.980220652734 2033639177.0327647 11286657208476.348
162 32 791 5549.980220652734 1976972213.0080154 10972156678974.549
163 15 416 1756.7778603087352 3978337.631132564 6989055471.206788
164 39 796 6798.773358825962 8336488174.728962 56677893708514.94
165 25 569 4060.496712466729 145214257.04439023 589642013332.045
166 26 546 4285.277943143774 162771336.0 697520415936.8441
167 39 840 6798.773358825962 10020617412.296679 68127906701710.2
168 21 518 3136.7198300107975 40332834.39455674 126512801445.94766
169 51 1346 8330.590095344352 477744390264.33136 3979892685642365.5
170 19 386 2668.9360872348193 10497312.996147135 28016657474.416153
171 19 457 2668.9360872348193 16600584.977419507 44305900315.44314
172 40 970 6955.50474228233 19908465514.428238 138473426297169.83
173 33 749 5744.298091538941 2052131652.9974902 11788055937900.135
174 23 508 3602.4235623004615 63835395.39011417 229962132462.11356
175 28 529 4724.12231882448 232980023.75083354 1100626130041.5703
176 36 534 6295.82243666837 1226796640.2473152 7723693812898.421
177 27 674 4506.6139001521815 388577318.5374092 1751167945004.5503
178 27 742 4506.6139001521815 520279655.01129526 2344699525240.2847
179 26 458 4285.277943143774 96071912.0 411694845449.24963
180 22 517 3370.209833397988 52096213.13387361 175575169786.57825
181 29 613 4937.473672561782 458445585.86076295 2263563010489.679
182 9 222 604.9491004987461 113517.87251009714 68672534.8655146
183 23 537 3602.4235623004615 74921847.99779056 269900230558.33438
184 33 765 5744.298091538941 2197574546.525126 12623523273618.834
185 47 842 7902.318130854768 42784817501.71436 338099239069109.8
186 27 483 4506.6139001521815 141268150.16643363 636641009188.8356
187 20 402 2902.6872563902634 15306017.96083743 44428583281.003296
188 20 488 2902.6872563902634 26130423.182329357 75848446375.43214
189 31 736 5350.621552679651 1264065902.6807945 6763538262891.317
190 27 662 4506.6139001521815 367947843.5342608 1658198866202.5198
191 1 104 1.0 5.735193251789799 5.735193251789799
192 18 248 2436.3877014920204 2451087.4872302543 5971799409.168771
193 24 780 3832.71054120725 286111898.31892014 1096584088651.7421
194 44 985 7528.2761260995885 44394920812.8733 334217222475635.8
195 34 774 5933.442745663244 2813605701.409712 16694368338186.197
196 25 662 4060.496712466729 227394891.162666 923336207997.735
197 33 601 5744.298091538941 1005714088.0447161 5777121516589.089
198 25 520 4060.496712466729 111211379.34507753 451573440219.57764
199 17 510 2206.0678959513543 7037700.930936342 15525646085.045624
