0 0 5 0.0 5.0 0.0
1 4 55 75.61186198841948 946.1899645328139 71543.18501308264
2 3 131 32.9215577265747 233.0178128969552 7671.309378607293
3 3 122 32.9215577265747 135.19579244279535 4450.856085295499
4 7 99 332.66880679862265 9801.0 3260486.9754333007
5 1 24 1.0 54.8222930413608 54.8222930413608
6 1 43 1.0 114.29870016819844 114.29870016819844
7 2 20 9.541850352986048 75.23327232919837 717.8646261306569
8 10 128 766.6651705632711 48572.78656303952 37239063.695086055
9 0 100 0.0 0.0 0.0
10 0 100 0.0 0.0 0.0
11 0 5 0.0 5.0 0.0
12 1 103 1.0 3.9914906122521803 3.9914906122521803
13 1 104 1.0 5.735193251789799 5.735193251789799
14 1 10 1.0 18.1937008646705 18.1937008646705
15 0 100 0.0 0.0 0.0
16 2 120 9.541850352986048 75.23327232919837 717.8646261306569
17 0 100 0.0 0.0 0.0
18 2 19 9.541850352986048 69.8685662777562 666.6754038000371
19 0 5 0.0 5.0 0.0
20 0 6 0.0 6.0 0.0
21 0 100 0.0 0.0 0.0
22 0 100 0.0 0.0 0.0
23 2 119 9.541850352986048 69.8685662777562 666.6754038000371
24 3 16 32.9215577265747 81.54950460903234 2684.7367235598276
25 8 69 459.67273235884244 6682.827432335343 3071913.5457042144
26 3 165 32.9215577265747 754.7803226662346 24848.54396353912
27 2 41 9.541850352986048 211.85407612585806 2021.4798910630518
28 12 156 1131.8354418063404 143472.92176020972 162387737.7877135
29 1 43 1.0 114.29870016819844 114.29870016819844
30 7 204 332.66880679862265 10816.0 3598145.8143339027
31 1 103 1.0 3.9914906122521803 3.9914906122521803
32 12 269 1131.8354418063404 516607.63282137713 584714828.3349111
33 0 6 0.0 6.0 0.0
34 3 32 32.9215577265747 245.06238675558936 8067.83551218631
35 3 39 32.9215577265747 335.47304520277595 11044.29522335299
36 3 147 32.9215577265747 451.11773253603667 14851.498473166615
37 16 212 1979.1134619514044 958659.9250412829 1897296763.0825272
38 1 106 1.0 9.55892689827884 9.55892689827884
39 0 9 0.0 9.0 0.0
40 0 100 0.0 0.0 0.0
41 8 282 459.67273235884244 50250.2160212472 23098654.10010878
42 0 6 0.0 6.0 0.0
43 1 32 1.0 78.7716859795011 78.7716859795011
44 6 180 225.58275470837765 4369.987349380403 985793.784313993
45 11 103 942.9223974109915 40573.91155044971 38258049.95149156
46 1 103 1.0 3.9914906122521803 3.9914906122521803
47 2 44 9.541850352986048 234.56808185291177 2238.2135346274663
48 10 106 766.6651705632711 31933.014755119944 24481930.203833483
49 1 11 1.0 20.51504931294799 20.51504931294799
50 8 178 459.67273235884244 8624.131594582768 3964278.134304082
51 11 166 942.9223974109915 120998.14068012842 114091856.8923791
52 0 8 0.0 8.0 0.0
53 3 50 32.9215577265747 497.6760852315066 16384.27196908475
54 4 73 75.61186198841948 1535.4556318691968 116098.65932623514
55 0 100 0.0 0.0 0.0
56 0 6 0.0 6.0 0.0
57 0 100 0.0 0.0 0.0
58 4 47 75.61186198841948 723.181183304868 54681.07582466957
59 2 13 9.541850352986048 40.41888428935346 385.6709453236695
60 1 103 1.0 3.9914906122521803 3.9914906122521803
61 0 100 0.0 0.0 0.0
62 1 15 1.0 30.323695983612147 30.323695983612147
63 4 46 75.61186198841948 697.0692055589992 52706.70056710426
64 2 123 9.541850352986048 92.0346545141889 878.1809006631623
65 5 166 139.6884681067044 2024.56047903646 282807.7519059787
66 1 11 1.0 20.51504931294799 20.51504931294799
67 0 6 0.0 6.0 0.0
68 1 5 1.0 7.59708563275366 7.59708563275366
69 0 9 0.0 9.0 0.0
70 1 26 1.0 60.63937356224698 60.63937356224698
71 7 221 332.66880679862265 14641.0 4870604.0003386345
72 3 35 32.9215577265747 282.5239294230334 9301.12785163911
73 0 100 0.0 0.0 0.0
74 5 93 139.6884681067044 3775.468945982596 527389.4734487426
75 2 50 9.541850352986048 282.0582186126376 2691.3573128316116
76 2 10 9.541850352986048 27.685321443873434 264.16919419175593
77 7 180 332.66880679862265 32400.0 10778469.340275373
78 1 11 1.0 20.51504931294799 20.51504931294799
79 14 194 1540.4353185285338 438736.98861418 675845952.8061341
80 13 192 1331.5823725933528 318478.99429131305 424081014.8395715
81 2 103 9.541850352986048 4.87672116324372 46.53294355291162
82 6 65 225.58275470837765 2937.504168606418 662650.2823215784
83 4 139 75.61186198841948 525.6324972119714 39744.05183581987
84 2 28 9.541850352986048 122.22584512913716 1166.2607234894754
85 1 14 1.0 27.799106543625292 27.799106543625292
86 2 7 9.541850352986048 16.551687764173284 157.9337277350917
87 2 13 9.541850352986048 40.41888428935346 385.6709453236695
88 1 104 1.0 5.735193251789799 5.735193251789799
89 1 102 1.0 2.3948263510722025 2.3948263510722025
90 0 100 0.0 0.0 0.0
91 2 33 9.541850352986048 154.90879557685506 1478.1165457556579
92 6 113 225.58275470837765 8460.534002517481 1908550.5665917895
93 2 17 9.541850352986048 59.51335422080222 567.8675199791454
94 11 162 942.9223974109915 114426.4995589995 107895309.29151957
95 2 53 9.541850352986048 306.7864203576611 2927.3101133810746
96 1 46 1.0 124.43529823617882 124.43529823617882
97 3 115 32.9215577265747 73.60859052492496 2423.3094621381165
98 3 17 32.9215577265747 89.78750677036001 2955.9445872656233
99 13 202 1331.5823725933528 359935.57175293716 479283862.6155211
100 0 100 0.0 0.0 0.0
101 0 100 0.0 0.0 0.0
102 12 107 1131.8354418063404 59123.54568820388 66918124.45516559
103 5 149 139.6884681067044 8890.81391188304 1241944.1755727178
104 7 201 332.66880679862265 10201.0 3393554.4981527496
105 12 121 1131.8354418063404 78945.15618880167 89352925.73342289
106 2 128 9.541850352986048 122.22584512913716 1166.2607234894754
107 10 230 766.6651705632711 50276.83473577485 38545498.078084216
108 7 73 332.66880679862265 5329.0 1772792.07142986
109 5 54 139.6884681067044 1405.9451433371921 196394.3233148333
110 0 5 0.0 5.0 0.0
111 2 22 9.541850352986048 86.31942417916456 823.6470280735138
112 7 193 332.66880679862265 8649.0 2877252.5100012873
113 3 62 32.9215577265747 700.2360303580608 23052.86089566041
114 9 171 604.9491004987461 64691.06231969827 39134799.9606098
115 15 239 1756.7778603087352 984435.2604830556 1729434070.5238948
116 4 92 75.61186198841948 2280.4993308091553 172432.80066582482
117 14 209 1540.4353185285338 527196.8237004351 812112607.044211
118 11 161 942.9223974109915 112815.8246369091 106376567.83253233
119 3 49 32.9215577265747 481.96892224029307 15867.1676959488
120 8 106 459.67273235884244 16323.225002619285 7503341.43786218
121 8 138 459.67273235884244 28257.118371009565 12989026.81018921
122 1 104 1.0 5.735193251789799 5.735193251789799
123 6 86 225.58275470837765 5018.366904356723 1132057.0304221432
124 10 154 766.6651705632711 73282.88036813155 56183431.976801366
125 7 164 332.66880679862265 4096.0 1362611.4326471584
126 10 121 766.6651705632711 42862.07545660654 32860860.390635047
127 10 174 766.6651705632711 96147.26174298109 73712756.82337406
128 0 100 0.0 0.0 0.0
129 16 267 1979.1134619514044 1734777.320814899 3433321149.1127567
130 6 103 225.58275470837765 7086.292798564201 1598545.450170251
131 13 219 1331.5823725933528 437323.9661405178 582332884.4253258
132 16 215 1979.1134619514044 993930.6273588623 1967101484.8517292
133 7 81 332.66880679862265 6561.0 2182640.041405763
134 6 81 225.58275470837765 4475.076918624486 1009500.1788351899
135 10 80 766.6651705632711 17077.891168940845 13093024.345897013
136 0 100 0.0 0.0 0.0
137 6 160 225.58275470837765 2520.4667612931225 568573.8351634055
138 2 15 9.541850352986048 49.68406405407534 474.0779041321602
139 12 167 1131.8354418063404 168403.19994789627 190604710.21462867
140 0 100 0.0 0.0 0.0
141 12 213 1131.8354418063404 298400.62452988257 337740402.7000675
142 10 221 766.6651705632711 163637.0875261822 125454855.6187374
143 5 66 139.6884681067044 2024.56047903646 282807.7519059787
144 11 99 942.9223974109915 37056.47122356453 34941376.68571488
145 2 41 9.541850352986048 211.85407612585806 2021.4798910630518
146 11 138 942.9223974109915 79268.40782369916 74743957.1440746
147 15 231 1756.7778603087352 903501.7009304481 1587251784.9458954
148 11 139 942.9223974109915 80589.62366227401 75989761.15008098
149 2 110 9.541850352986048 27.685321443873434 264.16919419175593
150 7 91 332.66880679862265 8281.0 2754830.389099394
151 11 213 942.9223974109915 214120.66733750328 201899172.98112
152 16 231 1979.1134619514044 1195396.4764019994 2365825258.816471
153 6 104 225.58275470837765 7218.483555423629 1628365.4052495863
154 6 169 225.58275470837765 3293.0002682054314 742844.0717572076
155 12 184 1131.8354418063404 211516.7226194178 239402123.1953779
156 1 117 1.0 35.503281577765854 35.503281577765854
157 13 176 1331.5823725933528 258228.9833600467 343853162.33494043
158 5 104 139.6884681067044 4625.863540566592 646179.7916524031
159 11 142 942.9223974109915 84627.25297767794 79796932.26401855
160 2 112 9.541850352986048 36.01211998010309 343.62225974392254
161 7 163 332.66880679862265 3969.0 1320362.4941837334
162 13 201 1331.5823725933528 355656.01713656815 473585283.12581354
163 10 134 766.6651705632711 53782.219657512425 41232954.60699808
164 6 90 225.58275470837765 5474.33581455389 1234915.7532457968
165 13 256 1331.5823725933528 637090.1971367325 848338076.2592971
166 10 184 766.6651705632711 108870.3820957398 83467130.05871885
167 8 136 459.67273235884244 27411.939785516835 12600521.260464584
168 8 225 459.67273235884244 23001.09948770076 10572978.24876898
169 13 240 1331.5823725933528 545315.3356418483 726132288.4455129
170 9 233 604.9491004987461 37644.33692394514 22772907.76101235
171 14 181 1540.4353185285338 369755.0901266186 569583800.0367445
172 8 135 459.67273235884244 26994.34596231654 12408564.76673793
173 5 53 139.6884681067044 1358.9929081032851 189835.63750082318
174 6 55 225.58275470837765 2133.9982456992793 481393.20280768874
175 7 57 332.66880679862265 3249.0 1080840.953288725
176 8 84 459.67273235884244 10061.48800945777 4624991.684903184
177 8 187 459.67273235884244 10823.372908066605 4975209.3979896465
178 10 225 766.6651705632711 170297.0361886764 130560806.29601113
179 14 254 1540.4353185285338 852766.1415540116 1313631082.8951027
180 14 151 1540.4353185285338 236493.5263584106 364302980.60585445
181 11 198 942.9223974109915 181155.15933402994 170815257.14261368
182 6 91 225.58275470837765 5591.281626292221 1261296.7116093368
183 11 201 942.9223974109915 187500.599499175 176798514.79576024
184 12 186 1131.8354418063404 216962.41681964806 245565752.89643776
185 15 205 1756.7778603087352 668736.0004280698 1174820599.943446
186 9 129 604.9491004987461 35247.44879474361 21322912.44325576
187 10 215 766.6651705632711 153920.58217438465 118005549.3859226
188 8 218 459.67273235884244 20402.728323412415 9378577.87599813
189 12 122 1131.8354418063404 80487.8341184218 91098983.28945938
190 15 176 1756.7778603087352 455341.6280074236 799934090.9603777
191 3 59 32.9215577265747 647.2206215128941 21307.511052966296
192 12 161 1131.8354418063404 154520.54529329904 174891829.65019777
193 12 163 1131.8354418063404 159071.89323840395 180043206.56245995
194 13 153 1331.5823725933528 184254.09621895975 245349506.60328636
195 8 188 459.67273235884244 11083.755846199128 5094900.334620647
196 11 148 942.9223974109915 93037.70552118453 87727336.33965315
197 10 207 766.6651705632711 141472.4708480404 108462015.99272029
198 8 97 459.67273235884244 13572.24668173896 6238791.71644318
199 14 171 1540.4353185285338 321397.1115610502 495091461.921697
