0 0 100 0.0 0.0 0.0
1 0 100 0.0 0.0 0.0
2 0 100 0.0 0.0 0.0
3 1 30 1.0 72.61998620345668 72.61998620345668
4 3 90 32.9215577265747 1265.2216514357588 41653.0676346545
5 1 102 1.0 2.3948263510722025 2.3948263510722025
6 0 100 0.0 0.0 0.0
7 1 36 1.0 91.37308344663872 91.37308344663872
8 2 28 9.541850352986048 122.22584512913716 1166.2607234894754
9 1 10 1.0 18.1937008646705 18.1937008646705
10 2 23 9.541850352986048 92.0346545141889 878.1809006631623
11 0 9 0.0 9.0 0.0
12 0 5 0.0 5.0 0.0
13 0 100 0.0 0.0 0.0
14 2 56 9.541850352986048 332.1417203303481 3169.2465913755254
15 1 103 1.0 3.9914906122521803 3.9914906122521803
16 0 18 0.0 18.0 0.0
17 0 100 0.0 0.0 0.0
18 2 152 9.541850352986048 298.47302352672085 2847.984924895254
19 2 118 9.541850352986048 64.62733255388774 616.6643359418604
20 1 58 1.0 166.64030394051025 166.64030394051025
21 36 846 6295.82243666837 5683913912.727177 35784912739839.26
22 0 100 0.0 0.0 0.0
23 0 100 0.0 0.0 0.0
24 0 100 0.0 0.0 0.0
25 1 20 1.0 43.57075425423803 43.57075425423803
26 0 6 0.0 6.0 0.0
27 0 6 0.0 6.0 0.0
28 1 54 1.0 152.29279760785363 152.29279760785363
29 14 461 1540.4353185285338 2029341.5222041346 3126069354.1597056
30 0 100 0.0 0.0 0.0
31 32 758 5549.980220652734 1724399292.8989005 9570381968096.457
32 18 409 2436.3877014920204 9313797.28117337 22692021150.04062
33 0 100 0.0 0.0 0.0
34 0 100 0.0 0.0 0.0
35 10 257 766.6651705632711 228898.67877484622 175488644.60462487
36 1 14 1.0 27.799106543625292 27.799106543625292
37 0 100 0.0 0.0 0.0
38 0 100 0.0 0.0 0.0
39 9 236 604.9491004987461 129504.22450458715 78343464.12483768
40 1 104 1.0 5.735193251789799 5.735193251789799
41 0 100 0.0 0.0 0.0
42 0 10 0.0 10.0 0.0
43 0 100 0.0 0.0 0.0
44 0 100 0.0 0.0 0.0
45 11 291 942.9223974109915 437428.2157714519 412460861.9104299
46 1 33 1.0 81.88562674252243 81.88562674252243
47 0 100 0.0 0.0 0.0
48 7 231 332.66880679862265 17161.0 5708929.393471164
49 0 100 0.0 0.0 0.0
50 0 100 0.0 0.0 0.0
51 2 54 9.541850352986048 315.16948038953416 3007.300017705306
52 0 100 0.0 0.0 0.0
53 6 243 225.58275470837765 13274.235413461822 2994438.591216218
54 0 5 0.0 5.0 0.0
55 1 110 1.0 18.1937008646705 18.1937008646705
56 48 1435 8016.77096497358 356357732845.3692 2856838325818567.5
57 1 10 1.0 18.1937008646705 18.1937008646705
58 0 100 0.0 0.0 0.0
59 1 18 1.0 38.15436697768484 38.15436697768484
60 27 732 4506.6139001521815 499278377.85052496 2250054877666.609
61 23 694 3602.4235623004615 156999746.3299402 565579585454.172
62 1 106 1.0 9.55892689827884 9.55892689827884
63 0 100 0.0 0.0 0.0
64 2 36 9.541850352986048 175.6210676402407 1675.7499462548174
65 0 100 0.0 0.0 0.0
66 42 1001 7252.650449022947 32487397879.811726 235619740820603.66
67 0 100 0.0 0.0 0.0
68 0 100 0.0 0.0 0.0
69 0 100 0.0 0.0 0.0
70 0 100 0.0 0.0 0.0
71 0 10 0.0 10.0 0.0
72 2 104 9.541850352986048 7.384494371244687 70.4617402228846
73 0 6 0.0 6.0 0.0
74 0 10 0.0 10.0 0.0
75 2 127 9.541850352986048 115.98017876588344 1106.66550969663
76 0 100 0.0 0.0 0.0
77 46 1119 7782.801884860074 100623062284.87088 783129358811085.8
78 0 100 0.0 0.0 0.0
79 42 1008 7252.650449022947 33290307187.308662 241442961370146.03
80 0 100 0.0 0.0 0.0
81 0 100 0.0 0.0 0.0
82 2 25 9.541850352986048 103.79546451213633 990.4007896934788
83 0 100 0.0 0.0 0.0
84 2 124 9.541850352986048 97.86086952638261 933.7737724338355
85 22 338 3370.209833397988 15556170.651291622 52427559299.000206
86 1 6 1.0 9.55892689827884 9.55892689827884
87 2 18 9.541850352986048 64.62733255388774 616.6643359418604
88 21 637 3136.7198300107975 71996101.08345787 225831597951.94418
89 1 37 1.0 94.5824071263594 94.5824071263594
90 2 38 9.541850352986048 189.8638195218893 1811.6521533242187
91 0 9 0.0 9.0 0.0
92 1 48 1.0 131.28987200165307 131.28987200165307
93 0 100 0.0 0.0 0.0
94 1 47 1.0 127.85310766976465 127.85310766976465
95 0 100 0.0 0.0 0.0
96 0 100 0.0 0.0 0.0
97 1 23 1.0 51.960050539976365 51.960050539976365
98 31 768 5350.621552679651 1446941163.7344105 7742034576136.713
99 0 5 0.0 5.0 0.0
100 37 1389 6468.923834840442 36786431525.73853 237968623695575.84
101 4 88 75.61186198841948 2113.579549242958 159811.6851789044
102 34 856 5933.442745663244 3911255052.2991347 23207207916503.01
103 1 114 1.0 27.799106543625292 27.799106543625292
104 25 679 4060.496712466729 245133729.42091075 995364702428.3168
105 47 1406 7902.318130854768 275764212296.3671 2179176534670465.2
106 60 1713 9028.149747574074 5366322268002.218 4.844796102926536e+16
107 0 100 0.0 0.0 0.0
108 30 679 5146.386239304723 787011211.1354848 4050263667166.203
109 3 194 32.9215577265747 1355.6426709526093 44629.86844837423
110 26 505 4285.277943143774 128787625.0 551890768762.3717
111 50 1281 8230.818941038662 334293322918.4737 2751507814140127.0
112 24 710 3832.71054120725 217335158.33857802 832982752339.2147
113 24 393 3832.71054120725 38552259.55259656 147759651574.59476
114 36 689 6295.82243666837 2867979950.9329114 18056292522998.473
115 14 432 1540.4353185285338 3159816.3219344644 4867492662.370777
116 48 1022 8016.77096497358 102920253450.6317 825088099570746.1
117 22 515 3370.209833397988 51525122.66771745 173650475081.77893
118 21 539 3136.7198300107975 45083658.89477729 141414806864.6906
119 45 894 7658.1450374688 37565019046.162094 287678364190787.2
120 40 1198 6955.50474228233 30525122137.817585 212317631788337.53
121 32 824 5549.980220652734 2253910336.6872325 12509157787738.885
122 8 236 459.67273235884244 27411.939785516835 12600521.260464584
123 42 978 7252.650449022947 29946587729.3195 217192132941754.16
124 3 124 32.9215577265747 155.22039240905832 5110.09710903639
125 33 552 5744.298091538941 763516091.7174969 4385864028512.088
126 35 755 6117.310290426031 3182522336.719377 19468476639924.145
127 36 612 6295.82243666837 1932297464.3687298 12165401730490.049
128 28 732 4724.12231882448 631954181.3216071 2985428852455.8564
129 26 810 4285.277943143774 531441000.0 2277372395382.2705
130 21 561 3136.7198300107975 50431519.74574084 158189548044.0464
131 43 1286 7393.130324549447 94777157090.90744 700699874163374.5
132 0 100 0.0 0.0 0.0
133 57 1658 8833.632285946418 2901446286648.9155 2.5630309593681204e+16
134 34 947 5933.442745663244 5442997610.352173 32295714685806.473
135 13 321 1331.5823725933528 1099091.157773447 1463530411.5643415
136 17 581 2206.0678959513543 17546512.537265338 38708797994.369
137 39 895 6798.773358825962 12447805062.37213 84629805433914.58
138 45 973 7658.1450374688 50880497683.642494 389650230839929.56
139 54 1159 8602.009448624298 449328165701.61365 3865125126898305.0
140 31 793 5350.621552679651 1601838084.3688822 8570829378127.227
141 25 909 4060.496712466729 411894565.9321522 1672496530850.4146
142 62 1492 9138.549208457687 4252141535615.6904 3.8858404664550824e+16
143 20 383 2902.6872563902634 13392126.71436302 38873155549.74515
144 36 858 6295.82243666837 5957038982.367173 37504459681295.36
145 41 1052 7106.788070274764 31960034015.860104 227133188469490.25
146 42 1035 7252.650449022947 36520454493.3162 264870090679471.84
147 34 1023 5933.442745663244 7006526731.727456 41572825208663.875
148 62 1538 9138.549208457687 4798235702418.437 4.3848913080329416e+16
149 58 1258 8902.46046345971 1166932206401.0095 1.0388567831022794e+16
150 40 1066 6955.50474228233 27565418662.120056 191731400227373.88
151 51 1182 8330.590095344352 294156880902.82074 2450500398526427.0
152 38 760 6636.579650383532 5880957208.076515 39029440931896.95
153 11 309 942.9223974109915 501859.1763737888 473214257.7490786
154 22 478 3370.209833397988 21381778.211644404 72061079184.41881
155 33 628 5744.298091538941 1159586315.041409 6661009456467.039
156 42 931 7252.650449022947 25200697063.046387 182771846869994.66
157 34 776 5933.442745663244 2837457187.765155 16835889766875.188
158 48 1133 8016.77096497358 150093176495.03134 1203262619366022.2
159 50 1212 8230.818941038662 272240609869.3442 2240763168232515.2
160 18 579 2436.3877014920204 23547024.42761661 57369680722.17729
161 26 481 4285.277943143774 111284641.0 476885617487.97327
162 40 1367 6955.50474228233 64984690335.51295 452001321804409.0
163 35 870 6117.310290426031 5082515583.142388 31091324878007.594
164 30 508 5146.386239304723 316335486.495276 1627984594703.0532
165 34 762 5933.442745663244 2673411514.4039164 15862534156312.504
166 36 909 6295.82243666837 7220898179.9664345 45461492774330.48
167 23 518 3602.4235623004615 67527684.6797981 243263322398.10056
168 47 1009 7902.318130854768 82578120423.58232 652558578235183.0
169 55 1347 8683.506947919002 938706256441.9506 8151262299868715.0
170 25 839 4060.496712466729 458810463.6862854 1862998379443.4973
171 47 1190 7902.318130854768 150410943507.396 1188595125957467.8
172 50 1227 8230.818941038662 284946370189.6672 2345341980937327.0
173 24 772 3832.71054120725 277615817.7596326 1064021071133.2147
174 32 676 5549.980220652734 1194403807.8722982 6628917509163.563
175 24 487 3832.71054120725 72174262.45657402 276623056521.1699
176 32 921 5549.980220652734 3220805705.502974 17875407960106.98
177 51 1407 8330.590095344352 563693262028.814 4695897505469586.0
178 47 824 7902.318130854768 39553303995.11643 312562791295818.94
179 3 179 32.9215577265747 1028.715399126087 33866.9133965458
180 27 716 4506.6139001521815 466871538.49845076 2104009764982.5525
181 15 329 1756.7778603087352 883919.6670475578 1552850501.360618
182 29 776 4937.473672561782 621301445.0946826 3067659527879.585
183 52 1360 8425.648590871551 589477946313.4642 4966734027705896.0
184 35 623 6117.310290426031 1687315235.537021 10321830853543.24
185 28 481 4724.12231882448 173939992.5245037 821713800821.1713
186 41 1081 7106.788070274764 25068086368.717716 178153577149820.5
187 41 1152 7106.788070274764 43821817852.84148 311432372334327.5
188 22 691 3370.209833397988 118877006.10810685 400640454950.4544
189 22 493 3370.209833397988 45509119.7692877 153375282955.74017
190 43 1096 7393.130324549447 53900169329.76845 398490976370261.2
191 49 876 8126.242482129881 69227366692.72546 562558368144408.8
192 41 924 7106.788070274764 20358922631.37212 144686548480282.28
193 26 576 4285.277943143774 191102976.0 818929367921.934
194 38 920 6636.579650383532 11241679379.678808 74606300607312.55
195 54 1204 8602.009448624298 519369065950.01764 4467617612625228.0
196 56 1461 8760.68123103637 1510636368542.2703 1.3234203680809206e+16
197 40 1094 6955.50474228233 30143378268.65258 209662410496023.16
198 38 1056 6636.579650383532 17942529924.55608 119077028973706.44
199 19 431 2668.9360872348193 14160269.29342838 37792853722.1941
