0 2 28 9.541850352986048 122.22584512913716 1166.2607234894754
1 0 100 0.0 0.0 0.0
2 3 43 32.9215577265747 391.71440685113555 12895.848457480626
3 4 89 75.61186198841948 2154.8151586700715 162929.58638791565
4 0 100 0.0 0.0 0.0
5 2 148 9.541850352986048 265.93129728965954 2537.4766429133756
6 13 167 1331.5823725933528 227542.7006881112 302991849.24857426
7 15 214 1756.7778603087352 745203.242673694 1309156558.1594234
8 0 100 0.0 0.0 0.0
9 9 167 604.9491004987461 61474.84912546133 37189154.681743965
10 3 136 32.9215577265747 295.444715883087 9726.500268956508
11 6 58 225.58275470837765 2362.1985438616953 532871.2546924397
12 0 100 0.0 0.0 0.0
13 0 100 0.0 0.0 0.0
14 5 83 139.6884681067044 3070.409639894098 428900.8190568644
15 1 117 1.0 35.503281577765854 35.503281577765854
16 3 31 32.9215577265747 233.0178128969552 7671.309378607293
17 0 6 0.0 6.0 0.0
18 1 10 1.0 18.1937008646705 18.1937008646705
19 1 65 1.0 192.36572767068213 192.36572767068213
20 0 100 0.0 0.0 0.0
21 1 107 1.0 11.607984241186918 11.607984241186918
22 3 152 32.9215577265747 529.6457757489877 17436.763980956737
23 3 39 32.9215577265747 335.47304520277595 11044.29522335299
24 20 378 2902.6872563902634 12915298.288888857 37489071755.63666
25 0 100 0.0 0.0 0.0
26 0 100 0.0 0.0 0.0
27 0 100 0.0 0.0 0.0
28 0 100 0.0 0.0 0.0
29 0 100 0.0 0.0 0.0
30 0 100 0.0 0.0 0.0
31 1 10 1.0 18.1937008646705 18.1937008646705
32 0 8 0.0 8.0 0.0
33 0 100 0.0 0.0 0.0
34 1 108 1.0 13.734791927877684 13.734791927877684
35 2 47 9.541850352986048 257.9778488812911 2461.586028410529
36 0 6 0.0 6.0 0.0
37 2 136 9.541850352986048 175.6210676402407 1675.7499462548174
38 2 19 9.541850352986048 69.8685662777562 666.6754038000371
39 0 100 0.0 0.0 0.0
40 0 10 0.0 10.0 0.0
41 20 277 2902.6872563902634 5477930.086954805 15900717854.80052
42 12 201 1131.8354418063404 260366.30656647639 294691813.6241529
43 19 436 2668.9360872348193 14610619.316140207 38994809149.69672
44 6 180 225.58275470837765 4369.987349380403 985793.784313993
45 0 100 0.0 0.0 0.0
46 0 100 0.0 0.0 0.0
47 0 100 0.0 0.0 0.0
48 2 21 9.541850352986048 80.71796600694597 770.1987524356932
49 0 7 0.0 7.0 0.0
50 9 224 604.9491004987461 32369.82111547107 19582094.16710954
51 0 100 0.0 0.0 0.0
52 2 120 9.541850352986048 75.23327232919837 717.8646261306569
53 0 100 0.0 0.0 0.0
54 0 100 0.0 0.0 0.0
55 1 101 1.0 1.0 1.0
56 0 5 0.0 5.0 0.0
57 23 358 3602.4235623004615 23263411.10987447 83804660321.69412
58 0 100 0.0 0.0 0.0
59 3 28 32.9215577265747 198.25318874016915 6526.8037975869875
60 1 104 1.0 5.735193251789799 5.735193251789799
61 16 239 1979.1134619514044 1304760.3121149486 2582268698.326611
62 10 248 766.6651705632711 67083.98395005375 51430953.9971317
63 0 100 0.0 0.0 0.0
64 15 159 1756.7778603087352 352511.3885147013 619284202.8493181
65 5 158 139.6884681067044 1600.889370701534 223625.7838016033
66 17 237 2206.0678959513543 1673405.8820999332 3691646993.3968196
67 16 338 1979.1134619514044 3180950.82810734 6295462605.712704
68 7 101 332.66880679862265 10201.0 3393554.4981527496
69 21 286 3136.7198300107975 7635442.927955661 23950245243.034225
70 10 108 766.6651705632711 33288.478681365275 25521117.18604072
71 2 129 9.541850352986048 128.5709592386038 1226.8048527946264
72 0 100 0.0 0.0 0.0
73 0 100 0.0 0.0 0.0
74 0 9 0.0 9.0 0.0
75 23 309 3602.4235623004615 15215390.189871248 54812280129.58748
76 1 107 1.0 11.607984241186918 11.607984241186918
77 2 42 9.541850352986048 219.34644070399202 2092.9709126576195
78 6 78 225.58275470837765 4163.386850757332 939188.274710476
79 3 24 32.9215577265747 155.22039240905832 5110.09710903639
80 0 100 0.0 0.0 0.0
81 0 100 0.0 0.0 0.0
82 15 242 1756.7778603087352 1015870.4259704453 1784658673.2872822
83 25 509 4060.496712466729 104385647.25738297 423857577517.3152
84 1 8 1.0 13.734791927877684 13.734791927877684
85 1 112 1.0 22.891970023971037 22.891970023971037
86 2 21 9.541850352986048 80.71796600694597 770.1987524356932
87 0 100 0.0 0.0 0.0
88 0 100 0.0 0.0 0.0
89 17 296 2206.0678959513543 2996515.195273954 6610515972.024273
90 2 15 9.541850352986048 49.68406405407534 474.0779041321602
91 0 100 0.0 0.0 0.0
92 1 55 1.0 155.85458639063 155.85458639063
93 10 296 766.6651705632711 125294.45897893675 96058897.76371932
94 17 206 2206.0678959513543 1158904.3823231321 2556621752.320396
95 2 43 9.541850352986048 226.91812071099523 2165.21875020514
96 15 151 1756.7778603087352 309512.2527674306 543744273.1561031
97 2 119 9.541850352986048 69.8685662777562 666.6754038000371
98 8 135 459.67273235884244 26994.34596231654 12408564.76673793
99 1 31 1.0 75.68293941204132 75.68293941204132
100 28 456 4724.12231882448 147632653.2746971 697434712322.2726
101 35 546 6117.310290426031 1091467911.9632645 6676847889522.691
102 12 192 1131.8354418063404 233778.93808446685 264599287.67184964
103 11 111 942.9223974109915 48152.70500470695 45404264.04486252
104 22 362 3370.209833397988 18907182.438585293 63721172176.3699
105 18 306 2436.3877014920204 4294406.511735274 10462839210.39907
106 13 252 1331.5823725933528 613362.0991290607 816742159.217114
107 0 100 0.0 0.0 0.0
108 25 434 4060.496712466729 65095797.82363968 264321273058.2878
109 17 346 2206.0678959513543 4510885.828536462 9951320408.636215
110 18 171 2436.3877014920204 908930.1352957272 2214506203.1499877
111 10 133 766.6651705632711 52893.67773024879 40551740.45877988
112 0 100 0.0 0.0 0.0
113 18 371 2436.3877014920204 7179952.590684328 17493148189.239067
114 7 221 332.66880679862265 14641.0 4870604.0003386345
115 27 426 4506.6139001521815 96479754.82808661 434797004191.52966
116 0 100 0.0 0.0 0.0
117 0 100 0.0 0.0 0.0
118 12 295 1131.8354418063404 641768.1777245014 726375968.972061
119 8 230 459.67273235884244 24956.252438948613 11471708.748048535
120 23 464 3602.4235623004615 49155127.09472572 177077588053.91376
121 28 369 4724.12231882448 77040358.79452851 363948078431.47797
122 11 192 942.9223974109915 168832.0419378618 159195513.7438417
123 6 240 225.58275470837765 12746.625951622225 2875418.9954042374
124 13 163 1331.5823725933528 214628.2288246865 285795166.16388506
125 23 363 3602.4235623004615 24212992.079926144 87225453182.5204
126 26 397 4285.277943143774 62570773.0 268133153422.356
127 7 140 332.66880679862265 19600.0 6520308.613253004
128 19 396 2668.9360872348193 11251996.158437379 30030858600.681076
129 22 374 3370.209833397988 20744577.44343 69913578889.53387
130 28 521 4724.12231882448 222323950.03127697 1050285534351.974
131 13 137 1331.5823725933528 141188.8970662578 188004646.53932625
132 0 100 0.0 0.0 0.0
133 0 100 0.0 0.0 0.0
134 5 81 139.6884681067044 2937.2940727723303 410306.1094044695
135 5 75 139.6884681067044 2553.9502583266267 356757.3992063684
136 14 235 1540.4353185285338 703973.305306163 1084425342.794884
137 18 476 2436.3877014920204 13961459.063656509 34015527157.577015
138 14 187 1540.4353185285338 400722.0136188303 617286342.6903183
139 4 57 75.61186198841948 1005.7817905983286 76049.03394118624
140 29 524 4937.473672561782 281575308.9960931 1390270675011.6584
141 17 232 2206.0678959513543 1582458.317989518 3491010491.997855
142 9 117 604.9491004987461 28560.865627887746 17277869.97105625
143 25 424 4060.496712466729 60752061.63800743 246683546556.70526
144 16 272 1979.1134619514044 1819542.5002071268 3601081056.7526407
145 14 261 1540.4353185285338 911901.6436791396 1404725498.947569
146 22 346 3370.209833397988 16626264.173233299 56033999009.30353
147 24 306 3832.71054120725 18547848.644971393 71088535018.29846
148 16 235 1979.1134619514044 1249347.1903545058 2472599843.081766
149 27 380 4506.6139001521815 68193411.80608444 307321377544.102
150 0 100 0.0 0.0 0.0
151 27 394 4506.6139001521815 76112362.71861254 343009031801.12396
152 22 304 3370.209833397988 11507002.291276984 38781012274.99487
153 1 115 1.0 30.323695983612147 30.323695983612147
154 15 226 1756.7778603087352 855030.3929098479 1502098464.1550996
155 15 416 1756.7778603087352 3978337.631132564 6989055471.206788
156 17 220 2206.0678959513543 1376841.9266649466 3037406772.215348
157 19 329 2668.9360872348193 6803319.858399732 18157625883.084324
158 7 159 332.66880679862265 25281.0 8410200.104675978
159 27 502 4506.6139001521815 158828020.69657674 715776565804.8511
160 16 226 1979.1134619514044 1129992.8408612981 2236384043.257306
161 23 321 3602.4235623004615 16982890.597405653 61179565244.06509
162 10 248 766.6651705632711 211452.52036006158 162113282.58788016
163 13 307 1331.5823725933528 381784.2534940421 508377182.08637863
164 12 229 1131.8354418063404 353804.2348984099 400448172.51919603
165 27 430 4506.6139001521815 99257028.6368173 447313104942.484
166 17 228 2206.0678959513543 1511950.1011135892 3335464578.347093
167 1 24 1.0 54.8222930413608 54.8222930413608
168 7 180 332.66880679862265 6400.0 2129080.363511185
169 18 270 2436.3877014920204 3075070.4995178157 7492063946.24613
170 6 164 225.58275470837765 2851.6616420490063 643285.6887096304
171 17 250 2206.0678959513543 1924777.9799244525 4246190908.345435
172 26 420 4285.277943143774 74088000.0 317487672251.6359
173 0 100 0.0 0.0 0.0
174 12 230 1131.8354418063404 357447.7632466928 404572047.0370087
175 25 447 4060.496712466729 71043707.46975325 288472740622.3811
176 23 489 3602.4235623004615 57188551.01672651 206017383676.4776
177 14 224 1540.4353185285338 625475.121981982 963503968.761988
178 16 300 1979.1134619514044 2340864.524934954 4632836493.903246
179 26 448 4285.277943143774 89915392.0 385312446086.72614
180 11 207 942.9223974109915 200561.92047813235 189114326.8865932
181 15 278 1756.7778603087352 1440810.8508489362 2531184603.6640024
182 11 340 942.9223974109915 624654.5994613561 589000812.4779044
183 15 339 1756.7778603087352 2375219.3378292667 4172732746.0756297
184 12 256 1131.8354418063404 459809.7402582212 520428960.51202244
185 16 358 1979.1134619514044 1588376.1362783175 3143576593.9507766
186 22 414 3370.209833397988 27694967.27902954 93337851059.42088
187 18 346 2436.3877014920204 5960392.34466085 14521826604.598883
188 22 332 3370.209833397988 14783638.961678112 49823965402.05319
189 20 317 2902.6872563902634 7947542.611327346 23069230657.518486
190 14 346 1540.4353185285338 788048.6512575328 1213937975.1158788
191 16 368 1979.1134619514044 3958377.966876526 7834079121.737163
192 10 225 766.6651705632711 170297.0361886764 130560806.29601113
193 11 269 942.9223974109915 126062.89696644363 118867529.03217383
194 10 287 766.6651705632711 112857.51981217459 86523929.67614858
195 9 221 604.9491004987461 112419.08378410734 68007823.61408891
196 17 398 2206.0678959513543 6510602.596801681 14362831372.10171
197 13 331 1331.5823725933528 1183433.7380542962 1575839504.7253602
198 21 416 3136.7198300107975 21817376.339549676 68434997003.07385
199 11 201 942.9223974109915 187500.599499175 176798514.79576024
