0 1 6 1.0 9.55892689827884 9.55892689827884
1 5 95 139.6884681067044 3924.3008107112732 548179.5686381559
2 0 7 0.0 7.0 0.0
3 0 100 0.0 0.0 0.0
4 1 11 1.0 20.51504931294799 20.51504931294799
5 0 100 0.0 0.0 0.0
6 8 135 459.67273235884244 26994.34596231654 12408564.76673793
7 0 10 0.0 10.0 0.0
8 0 9 0.0 9.0 0.0
9 0 8 0.0 8.0 0.0
10 3 78 32.9215577265747 1008.1216991286578 33188.93671327668
11 0 100 0.0 0.0 0.0
12 0 15 0.0 15.0 0.0
13 2 13 9.541850352986048 40.41888428935346 385.6709453236695
14 1 44 1.0 117.65777237975428 117.65777237975428
15 3 48 32.9215577265747 466.4489382157433 15356.225645969067
16 0 5 0.0 5.0 0.0
17 0 100 0.0 0.0 0.0
18 0 100 0.0 0.0 0.0
19 0 10 0.0 10.0 0.0
20 8 146 459.67273235884244 31771.327600928158 14604412.968986552
21 1 9 1.0 15.931997307697284 15.931997307697284
22 0 100 0.0 0.0 0.0
23 1 19 1.0 40.84402933782601 40.84402933782601
24 4 129 75.61186198841948 316.71264325745693 23947.232671970367
25 3 99 32.9215577265747 1471.8833997479187 48456.69431158813
26 0 100 0.0 0.0 0.0
27 3 18 32.9215577265747 98.31525163284788 3236.6912320335186
28 0 9 0.0 9.0 0.0
29 0 100 0.0 0.0 0.0
30 0 100 0.0 0.0 0.0
31 0 14 0.0 14.0 0.0
32 1 21 1.0 46.33316012586883 46.33316012586883
33 3 25 32.9215577265747 165.61186212092687 5452.200479019623
34 0 100 0.0 0.0 0.0
35 2 28 9.541850352986048 122.22584512913716 1166.2607234894754
36 1 104 1.0 5.735193251789799 5.735193251789799
37 0 6 0.0 6.0 0.0
38 2 125 9.541850352986048 103.79546451213633 990.4007896934788
39 3 64 32.9215577265747 736.4308795040106 24244.45171122346
40 0 100 0.0 0.0 0.0
41 3 42 32.9215577265747 377.3528472077043 12423.04354263576
42 1 9 1.0 15.931997307697284 15.931997307697284
43 0 100 0.0 0.0 0.0
44 3 159 32.9215577265747 647.2206215128941 21307.511052966296
45 0 100 0.0 0.0 0.0
46 0 100 0.0 0.0 0.0
47 1 117 1.0 35.503281577765854 35.503281577765854
48 5 86 139.6884681067044 3275.042744200361 457485.7039213258
49 0 100 0.0 0.0 0.0
50 0 100 0.0 0.0 0.0
51 4 99 75.61186198841948 2585.1644858987506 195469.10032513973
52 0 100 0.0 0.0 0.0
53 0 100 0.0 0.0 0.0
54 2 59 9.541850352986048 358.10513855020525 3416.9856426813935
55 0 10 0.0 10.0 0.0
56 0 100 0.0 0.0 0.0
57 0 100 0.0 0.0 0.0
58 0 5 0.0 5.0 0.0
59 4 56 75.61186198841948 975.7969952136767 73781.82773081094
60 0 100 0.0 0.0 0.0
61 1 11 1.0 20.51504931294799 20.51504931294799
62 0 9 0.0 9.0 0.0
63 0 100 0.0 0.0 0.0
64 0 100 0.0 0.0 0.0
65 0 100 0.0 0.0 0.0
66 0 100 0.0 0.0 0.0
67 1 104 1.0 5.735193251789799 5.735193251789799
68 0 5 0.0 5.0 0.0
69 2 19 9.541850352986048 69.8685662777562 666.6754038000371
70 0 100 0.0 0.0 0.0
71 1 18 1.0 38.15436697768484 38.15436697768484
72 6 120 225.58275470837765 9491.407950004868 2141097.9514230937
73 0 100 0.0 0.0 0.0
74 2 120 9.541850352986048 75.23327232919837 717.8646261306569
75 6 96 225.58275470837765 6193.675591281851 1397186.4016513997
76 0 10 0.0 10.0 0.0
77 4 55 75.61186198841948 946.1899645328139 71543.18501308264
78 0 8 0.0 8.0 0.0
79 0 100 0.0 0.0 0.0
80 0 5 0.0 5.0 0.0
81 4 42 75.61186198841948 596.6466987883373 45113.56784462985
82 1 6 1.0 9.55892689827884 9.55892689827884
83 0 5 0.0 5.0 0.0
84 0 100 0.0 0.0 0.0
85 1 18 1.0 38.15436697768484 38.15436697768484
86 2 25 9.541850352986048 103.79546451213633 990.4007896934788
87 0 100 0.0 0.0 0.0
88 3 25 32.9215577265747 165.61186212092687 5452.200479019623
89 0 9 0.0 9.0 0.0
90 0 100 0.0 0.0 0.0
91 0 100 0.0 0.0 0.0
92 1 101 1.0 1.0 1.0
93 0 8 0.0 8.0 0.0
94 3 30 32.9215577265747 221.1993434691573 7282.2269551002855
95 0 6 0.0 6.0 0.0
96 6 83 225.58275470837765 4688.828251009056 1057718.7932170872
97 0 100 0.0 0.0 0.0
98 0 100 0.0 0.0 0.0
99 2 22 9.541850352986048 86.31942417916456 823.6470280735138
100 2 40 9.541850352986048 204.4421003683832 1950.7559275652661
101 0 100 0.0 0.0 0.0
102 7 127 332.66880679862265 16129.0 5365615.184854985
103 0 100 0.0 0.0 0.0
104 3 149 32.9215577265747 481.96892224029307 15867.1676959488
105 1 105 1.0 7.59708563275366 7.59708563275366
106 4 89 75.61186198841948 2154.8151586700715 162929.58638791565
107 6 99 225.58275470837765 6569.204673563341 1481899.2865055674
108 8 126 459.67273235884244 23385.5071842533 10749679.984983055
109 7 138 332.66880679862265 19044.0 6335344.75667297
110 2 45 9.541850352986048 242.29532664846576 2311.945748107533
111 3 138 32.9215577265747 321.92161897300775 10598.16116245226
112 1 29 1.0 69.58346013935528 69.58346013935528
113 2 104 9.541850352986048 7.384494371244687 70.4617402228846
114 0 100 0.0 0.0 0.0
115 1 37 1.0 94.5824071263594 94.5824071263594
116 8 126 459.67273235884244 23385.5071842533 10749679.984983055
117 3 29 32.9215577265747 209.61005902119368 6900.689658136957
118 0 100 0.0 0.0 0.0
119 0 100 0.0 0.0 0.0
120 3 151 32.9215577265747 513.5688732735056 16907.48730804564
121 3 133 32.9215577265747 257.33012181535685 8471.708460130769
122 1 102 1.0 2.3948263510722025 2.3948263510722025
123 1 27 1.0 63.59241768810072 63.59241768810072
124 1 21 1.0 46.33316012586883 46.33316012586883
125 4 63 75.61186198841948 1193.5182370479756 90244.13622033325
126 3 133 32.9215577265747 257.33012181535685 8471.708460130769
127 7 89 332.66880679862265 7921.0 2635069.61865189
128 2 125 9.541850352986048 103.79546451213633 990.4007896934788
129 3 109 32.9215577265747 1714.797991413932 56453.82106374811
130 0 100 0.0 0.0 0.0
131 0 100 0.0 0.0 0.0
132 3 159 32.9215577265747 647.2206215128941 21307.511052966296
133 5 85 139.6884681067044 3206.1723328082135 447865.30165607814
134 0 100 0.0 0.0 0.0
135 0 7 0.0 7.0 0.0
136 2 43 9.541850352986048 226.91812071099523 2165.21875020514
137 4 65 75.61186198841948 1259.0362466163215 95198.07491757096
138 4 139 75.61186198841948 525.6324972119714 39744.05183581987
139 0 100 0.0 0.0 0.0
140 3 144 32.9215577265747 406.27351121486885 13375.156852238497
141 6 166 225.58275470837765 17656.881027465828 3983087.861733831
142 2 45 9.541850352986048 242.29532664846576 2311.945748107533
143 4 109 75.61186198841948 3047.546245398672 230430.64611041034
144 4 157 75.61186198841948 1005.7817905983286 76049.03394118624
145 0 100 0.0 0.0 0.0
146 3 143 32.9215577265747 391.71440685113555 12895.848457480626
147 1 8 1.0 13.734791927877684 13.734791927877684
148 0 100 0.0 0.0 0.0
149 3 119 32.9215577265747 1971.176123219737 64894.18852982429
150 5 76 139.6884681067044 2616.164871066153 365448.0631538047
151 1 105 1.0 7.59708563275366 7.59708563275366
152 4 144 75.61186198841948 646.0476428878335 48848.86521197858
153 0 100 0.0 0.0 0.0
154 1 17 1.0 35.503281577765854 35.503281577765854
155 3 45 32.9215577265747 421.0282951259743 13860.907322511091
156 1 120 1.0 43.57075425423803 43.57075425423803
157 3 37 32.9215577265747 308.57807572808247 10158.870933237406
158 3 155 32.9215577265747 578.9666715492328 19060.48469917088
159 3 50 32.9215577265747 497.6760852315066 16384.27196908475
160 9 165 604.9491004987461 59899.656790704736 36236243.49572044
161 6 120 225.58275470837765 9491.407950004868 2141097.9514230937
162 3 155 32.9215577265747 578.9666715492328 19060.48469917088
163 3 56 32.9215577265747 595.765723501293 19613.535657762357
164 5 230 139.6884681067044 6938.889916019427 969282.9027298124
165 4 67 75.61186198841948 1326.001420918201 100261.43643491513
166 1 5 1.0 7.59708563275366 7.59708563275366
167 1 19 1.0 40.84402933782601 40.84402933782601
168 6 146 225.58275470837765 13812.047662904135 3115759.7599613243
169 1 21 1.0 46.33316012586883 46.33316012586883
170 3 54 32.9215577265747 562.3460860297637 18513.309133542207
171 7 127 332.66880679862265 16129.0 5365615.184854985
172 2 36 9.541850352986048 175.6210676402407 1675.7499462548174
173 2 26 9.541850352986048 109.8359986590007 1048.0386625749609
174 6 102 225.58275470837765 6955.268535289175 1568988.635927035
175 4 44 75.61186198841948 646.0476428878335 48848.86521197858
176 11 148 942.9223974109915 93037.70552118453 87727336.33965315
177 4 135 75.61186198841948 436.83679879622173 33030.043742042886
178 3 74 32.9215577265747 927.3002957027797 30528.17021484885
179 3 30 32.9215577265747 221.1993434691573 7282.2269551002855
180 3 172 32.9215577265747 887.8335628861327 29228.863892146303
181 7 108 332.66880679862265 11664.0 3880248.9624991347
182 5 72 139.6884681067044 2371.3580183097592 331251.36891024053
183 5 94 139.6884681067044 3849.5614363989175 537739.3399332094
184 3 38 32.9215577265747 321.92161897300775 10598.16116245226
185 2 80 9.541850352986048 555.5596760452839 5301.067290977507
186 5 75 139.6884681067044 2553.9502583266267 356757.3992063684
187 4 140 75.61186198841948 548.8883970182196 41502.47372238642
188 3 47 32.9215577265747 451.11773253603667 14851.498473166615
189 3 143 32.9215577265747 391.71440685113555 12895.848457480626
190 9 102 604.9491004987461 21251.9061051131 12856321.48217198
191 3 88 32.9215577265747 1220.8824175108728 40193.35098544427
192 5 70 139.6884681067044 2253.023098877021 314721.345291151
193 3 34 32.9215577265747 269.81820202916316 8882.83551378369
194 8 76 459.67273235884244 8170.524328429558 3755767.2428536112
195 5 70 139.6884681067044 2253.023098877021 314721.345291151
196 4 70 75.61186198841948 1429.1350405139644 108059.56144615616
197 3 79 32.9215577265747 1028.715399126087 33866.9133965458
198 3 60 32.9215577265747 664.7206420100937 21883.638987981092
199 4 169 75.61186198841948 1394.4010936602072 105433.26305033677
