0 31 1079 5350.621552679651 4258364805.8688 22784898509454.1
1 11 246 942.9223974109915 297765.88571438444 280770122.82501465
2 0 18 0.0 18.0 0.0
3 1 32 1.0 78.7716859795011 78.7716859795011
4 0 19 0.0 19.0 0.0
5 30 650 5146.386239304723 405996540.8239226 2089415010901.5532
6 0 100 0.0 0.0 0.0
7 0 9 0.0 9.0 0.0
8 3 148 32.9215577265747 466.4489382157433 15356.225645969067
9 2 18 9.541850352986048 64.62733255388774 616.6643359418604
10 1 8 1.0 13.734791927877684 13.734791927877684
11 0 100 0.0 0.0 0.0
12 0 6 0.0 6.0 0.0
13 42 1264 7252.650449022947 73562195530.7352 533520890447100.5
14 0 100 0.0 0.0 0.0
15 0 100 0.0 0.0 0.0
16 29 708 4937.473672561782 717325023.6861053 3541773419119.9014
17 25 552 4060.496712466729 73423853.56540817 298137316018.9784
18 0 9 0.0 9.0 0.0
19 3 35 32.9215577265747 282.5239294230334 9301.12785163911
20 1 17 1.0 35.503281577765854 35.503281577765854
21 18 324 2436.3877014920204 5001985.684092617 12186776403.762402
22 13 241 1331.5823725933528 550807.6308293868 733445731.9023185
23 0 100 0.0 0.0 0.0
24 0 100 0.0 0.0 0.0
25 50 971 8230.818941038662 119644494604.48674 984772172381607.5
26 0 100 0.0 0.0 0.0
27 25 621 4060.496712466729 111846158.88341276 454150960448.12897
28 29 737 4937.473672561782 516550986.6065851 2550456896905.8276
29 0 6 0.0 6.0 0.0
30 0 100 0.0 0.0 0.0
31 0 100 0.0 0.0 0.0
32 1 110 1.0 18.1937008646705 18.1937008646705
33 0 100 0.0 0.0 0.0
34 8 250 459.67273235884244 33608.73957278992 15449021.150561098
35 1 28 1.0 66.57403288693754 66.57403288693754
36 0 100 0.0 0.0 0.0
37 5 176 139.6884681067044 2616.164871066153 365448.0631538047
38 1 25 1.0 57.71571011139208 57.71571011139208
39 0 6 0.0 6.0 0.0
40 0 18 0.0 18.0 0.0
41 0 100 0.0 0.0 0.0
42 0 100 0.0 0.0 0.0
43 0 100 0.0 0.0 0.0
44 0 100 0.0 0.0 0.0
45 1 119 1.0 40.84402933782601 40.84402933782601
46 1 17 1.0 35.503281577765854 35.503281577765854
47 0 7 0.0 7.0 0.0
48 0 10 0.0 10.0 0.0
49 0 100 0.0 0.0 0.0
50 4 98 75.61186198841948 2540.672540836771 192104.981515517
51 0 5 0.0 5.0 0.0
52 23 663 3602.4235623004615 137611062.4520352 495733333810.41187
53 34 785 5933.442745663244 2946528231.6373024 17483056560900.299
54 7 116 332.66880679862265 13456.0 4476391.464282267
55 0 100 0.0 0.0 0.0
56 14 247 1540.4353185285338 795972.5966918325 1226144300.5249672
57 0 100 0.0 0.0 0.0
58 46 1011 7782.801884860074 69762869314.65393 542950590795335.6
59 0 100 0.0 0.0 0.0
60 0 18 0.0 18.0 0.0
61 0 100 0.0 0.0 0.0
62 0 5 0.0 5.0 0.0
63 33 661 5744.298091538941 1368856523.8908346 7863119917776.749
64 33 626 5744.298091538941 1147665200.1122637 6592531018730.533
65 0 10 0.0 10.0 0.0
66 2 112 9.541850352986048 36.01211998010309 343.62225974392254
67 1 109 1.0 15.931997307697284 15.931997307697284
68 0 100 0.0 0.0 0.0
69 0 100 0.0 0.0 0.0
70 10 271 766.6651705632711 92499.39491944655 70916064.38291687
71 0 18 0.0 18.0 0.0
72 0 10 0.0 10.0 0.0
73 0 100 0.0 0.0 0.0
74 36 617 6295.82243666837 1985405386.9948006 12499759781324.113
75 0 100 0.0 0.0 0.0
76 1 9 1.0 15.931997307697284 15.931997307697284
77 0 10 0.0 10.0 0.0
78 0 10 0.0 10.0 0.0
79 3 63 32.9215577265747 718.2490844189361 23645.87869475743
80 0 6 0.0 6.0 0.0
81 17 421 2206.0678959513543 7543357.9872168265 16641159883.267267
82 14 361 1540.4353185285338 2029341.5222041346 3126069354.1597056
83 2 117 9.541850352986048 59.51335422080222 567.8675199791454
84 0 100 0.0 0.0 0.0
85 23 576 3602.4235623004615 91714136.43414856 330393166086.416
86 25 531 4060.496712466729 118326441.72371763 480464127617.04144
87 1 104 1.0 5.735193251789799 5.735193251789799
88 0 6 0.0 6.0 0.0
89 0 100 0.0 0.0 0.0
90 16 243 1979.1134619514044 1361650.0108727273 2694859866.984491
91 0 100 0.0 0.0 0.0
92 0 100 0.0 0.0 0.0
93 1 105 1.0 7.59708563275366 7.59708563275366
94 0 100 0.0 0.0 0.0
95 0 100 0.0 0.0 0.0
96 0 10 0.0 10.0 0.0
97 6 260 225.58275470837765 16456.210931363352 3712237.3939590617
98 0 100 0.0 0.0 0.0
99 1 19 1.0 40.84402933782601 40.84402933782601
100 9 255 604.9491004987461 52351.194230734116 31669807.859917752
101 1 113 1.0 25.320989780782124 25.320989780782124
102 34 730 5933.442745663244 2323373025.8606043 13785600825762.264
103 2 151 9.541850352986048 290.23003402420613 2769.3315526010238
104 37 837 6468.923834840442 6700868736.280271 43347409482260.59
105 34 560 5933.442745663244 976124625.473205 5791779577877.239
106 45 884 7658.1450374688 36081078885.416435 276314135212872.2
107 24 497 3832.71054120725 76593851.63272509 293562062544.4096
108 0 100 0.0 0.0 0.0
109 31 722 5350.621552679651 1189295865.3126602 6363472089454.716
110 43 1440 7393.130324549447 109589569095.91098 810209966537286.4
111 0 100 0.0 0.0 0.0
112 31 656 5350.621552679651 877227496.0030441 4693712346717.091
113 13 319 1331.5823725933528 1082659.1381245824 1441649823.8538058
114 27 873 4506.6139001521815 852415657.8167421 3841508252224.2954
115 26 594 4285.277943143774 209584584.0 898128195038.1635
116 1 102 1.0 2.3948263510722025 2.3948263510722025
117 29 724 4937.473672561782 768904905.0929842 3796447725600.225
118 13 247 1331.5823725933528 584440.1619338142 778230217.4666716
119 10 258 766.6651705632711 230884.19895901144 177010873.77527472
120 8 238 459.67273235884244 28257.118371009565 12989026.81018921
121 37 1104 6468.923834840442 12352501640.054865 79907392279256.58
122 46 1021 7782.801884860074 72285397547.85286 562582928283289.0
123 40 1162 6955.50474228233 37110483792.357666 258122146006135.28
124 29 711 4937.473672561782 726811727.2665173 3588613768287.5835
125 44 1209 7528.2761260995885 92015601859.13925 692718858704843.0
126 26 536 4285.277943143774 153990656.0 659892761607.0404
127 25 625 4060.496712466729 191771276.51692966 778686637842.5409
128 33 766 5744.298091538941 2206894435.765122 12677059495593.498
129 42 1098 7252.650449022947 44920061353.24186 325789503143727.94
130 15 412 1756.7778603087352 1926973.531820381 3385264438.1029754
131 22 424 3370.209833397988 29640054.888746202 99893204448.50856
132 24 619 3832.71054120725 145530150.1200794 557774940428.7019
133 39 1017 6798.773358825962 19270500163.810898 131015763124968.86
134 38 814 6636.579650383532 7422373218.941528 49259171062379.055
135 39 665 6798.773358825962 4507276807.842688 30643953482014.99
136 20 458 2902.6872563902634 21934417.08500301 63668752948.98711
137 55 1180 8683.506947919002 565715089728.9463 4912390912203927.0
138 41 914 7106.788070274764 19603240608.724808 139316076496811.27
139 33 1065 5744.298091538941 6418558679.378938 36870114372387.13
140 18 394 2436.3877014920204 8429977.152484052 20538692658.170868
141 45 1097 7658.1450374688 78199843583.8165 598865744072240.8
142 30 680 5146.386239304723 479710509.6765038 2468775565849.014
143 34 878 5933.442745663244 4249773119.4726524 25215785486449.664
144 0 100 0.0 0.0 0.0
145 19 707 2668.9360872348193 35870416.00111777 95735847729.50853
146 37 880 6468.923834840442 7930093894.500119 51299173406654.49
147 26 602 4285.277943143774 218167208.0 934907124359.6599
148 35 848 6117.310290426031 4670356795.735612 28570021686514.605
149 23 588 3602.4235623004615 97334436.08580345 350639865978.7266
150 53 1087 8516.089422990353 299383971132.61053 2549580669975274.0
151 40 1030 6955.50474228233 24485967047.430466 170312259917771.47
152 10 223 766.6651705632711 166948.78471592552 127993818.50956586
153 49 1278 8126.242482129881 278328396128.3445 2261764036601227.0
154 19 647 2668.9360872348193 42654818.468003534 113842984303.70486
155 41 953 7106.788070274764 22667639661.1929 161094111125452.8
156 37 766 6468.923834840442 4974004697.50761 32176457542315.305
157 32 568 5549.980220652734 683387205.4396794 3792785473237.3667
158 1 104 1.0 5.735193251789799 5.735193251789799
159 1 13 1.0 25.320989780782124 25.320989780782124
160 22 718 3370.209833397988 132567784.1957951 446781249888.45105
161 21 579 3136.7198300107975 55097766.41425284 172826256500.8898
162 32 768 5549.980220652734 1798436746.5095012 9981288371222.787
163 29 744 4937.473672561782 836844504.6000423 4131897709490.7163
164 31 769 5350.621552679651 1452931084.8283138 7774084377040.603
165 52 1162 8425.648590871551 326430035733.9682 2750384770600059.5
166 18 499 2436.3877014920204 8718471.71916163 21241577272.371387
167 17 341 2206.0678959513543 4342044.223313112 9578844363.852089
168 33 866 5744.298091538941 3284109502.61831 18864903948295.258
169 24 437 3832.71054120725 52579270.84363619 201521125611.39545
170 39 1063 6798.773358825962 22418067284.628548 152415358611100.44
171 50 1248 8230.818941038662 303455029779.41455 2497683406861856.5
172 38 678 6636.579650383532 3992992878.6136074 26499815282333.426
173 44 913 7528.2761260995885 33890555448.09723 255137459480164.72
174 40 1129 6955.50474228233 33600975050.704285 233711741310483.9
175 44 948 7528.2761260995885 38742678605.13583 291665582404193.4
176 50 1323 8230.818941038662 376777927338.7917 3101190900905415.5
177 21 512 3136.7198300107975 39037409.28410895 122449415813.71216
178 35 852 6117.310290426031 4743493930.291313 29017424232344.47
179 21 610 3136.7198300107975 38611628.93938286 121113862163.18098
180 40 863 6955.50474228233 13304637424.458027 92540468700164.77
181 29 676 4937.473672561782 377810888.9668162 1865431317480.8176
182 35 866 6117.310290426031 5005764012.777822 30621811706810.07
183 27 609 4506.6139001521815 285586820.7120648 1287029535921.2603
184 29 698 4937.473672561782 686309501.4310902 3388635094545.0107
185 38 720 6636.579650383532 4895743527.197387 32490991866095.07
186 22 522 3370.209833397988 53541854.01577438 180447282902.32236
187 0 100 0.0 0.0 0.0
188 28 678 4724.12231882448 499384002.5033947 2359151111890.187
189 27 660 4506.6139001521815 364582669.36463076 1643033325513.232
190 39 798 6798.773358825962 8408340353.651269 57166400388345.516
191 43 1032 7393.130324549447 43585205957.15462 322231107863573.0
192 21 453 3136.7198300107975 27700756.40014084 86889511906.62029
193 41 851 7106.788070274764 15293722947.688017 108689247794716.61
194 40 974 6955.50474228233 20192984829.84668 140452401744833.73
195 42 1270 7252.650449022947 74792824749.74854 542446214004958.3
196 32 954 5549.980220652734 3605817147.97512 20012213850552.367
197 34 1001 5933.442745663244 4624882671.911072 27441476539194.39
198 49 1282 8126.242482129881 281551197622.20764 2287953303012129.5
199 15 399 1756.7778603087352 3581302.475904745 6291552900.738314
