0 1 13 1.0 25.320989780782124 25.320989780782124
1 3 132 32.9215577265747 245.06238675558936 8067.83551218631
2 0 100 0.0 0.0 0.0
3 0 100 0.0 0.0 0.0
4 1 17 1.0 35.503281577765854 35.503281577765854
5 7 230 332.66880679862265 16900.0 5622102.834896723
6 1 103 1.0 3.9914906122521803 3.9914906122521803
7 28 605 4724.12231882448 351911810.55273235 1662474438490.0952
8 1 101 1.0 1.0 1.0
9 2 26 9.541850352986048 109.8359986590007 1048.0386625749609
10 2 53 9.541850352986048 306.7864203576611 2927.3101133810746
11 4 115 75.61186198841948 102.58592153130833 7756.712540780116
12 3 132 32.9215577265747 245.06238675558936 8067.83551218631
13 0 6 0.0 6.0 0.0
14 2 46 9.541850352986048 250.0988923255542 2386.406204018009
15 1 18 1.0 38.15436697768484 38.15436697768484
16 5 175 139.6884681067044 2553.9502583266267 356757.3992063684
17 1 36 1.0 91.37308344663872 91.37308344663872
18 0 9 0.0 9.0 0.0
19 1 51 1.0 141.71101512179817 141.71101512179817
20 0 6 0.0 6.0 0.0
21 1 103 1.0 3.9914906122521803 3.9914906122521803
22 1 108 1.0 13.734791927877684 13.734791927877684
23 1 8 1.0 13.734791927877684 13.734791927877684
24 0 100 0.0 0.0 0.0
25 0 9 0.0 9.0 0.0
26 0 100 0.0 0.0 0.0
27 2 20 9.541850352986048 75.23327232919837 717.8646261306569
28 46 1073 7782.801884860074 86478334144.069 673043741976019.5
29 0 100 0.0 0.0 0.0
30 3 40 32.9215577265747 349.23013798641597 11497.20014757944
31 2 135 9.541850352986048 168.62869283493262 1609.0297522505775
32 4 80 75.61186198841948 1795.7178600152838 135777.5710016156
33 0 9 0.0 9.0 0.0
34 34 674 5933.442745663244 1789509838.949982 10617954172210.77
35 1 106 1.0 9.55892689827884 9.55892689827884
36 0 100 0.0 0.0 0.0
37 3 128 32.9215577265747 198.25318874016915 6526.8037975869875
38 0 100 0.0 0.0 0.0
39 0 9 0.0 9.0 0.0
40 47 1024 7902.318130854768 87127666689.03024 688510540175794.8
41 0 100 0.0 0.0 0.0
42 1 34 1.0 85.02419427196995 85.02419427196995
43 8 236 459.67273235884244 27411.939785516835 12600521.260464584
44 28 811 4724.12231882448 865832167.3538021 4090297066152.269
45 1 14 1.0 27.799106543625292 27.799106543625292
46 28 668 4724.12231882448 477098723.36787534 2253872727344.8467
47 1 18 1.0 38.15436697768484 38.15436697768484
48 0 11 0.0 11.0 0.0
49 3 67 32.9215577265747 791.9778998728451 26073.146148835265
50 0 100 0.0 0.0 0.0
51 0 100 0.0 0.0 0.0
52 0 100 0.0 0.0 0.0
53 0 100 0.0 0.0 0.0
54 0 100 0.0 0.0 0.0
55 1 5 1.0 7.59708563275366 7.59708563275366
56 46 897 7782.801884860074 45301687269.88801 352574057071426.0
57 1 37 1.0 94.5824071263594 94.5824071263594
58 0 6 0.0 6.0 0.0
59 3 82 32.9215577265747 1091.4155133611555 35931.098826798436
60 1 34 1.0 85.02419427196995 85.02419427196995
61 0 100 0.0 0.0 0.0
62 0 100 0.0 0.0 0.0
63 0 5 0.0 5.0 0.0
64 1 116 1.0 32.892441635375256 32.892441635375256
65 0 10 0.0 10.0 0.0
66 0 100 0.0 0.0 0.0
67 19 564 2668.9360872348193 29384646.333727386 78425743010.71735
68 0 100 0.0 0.0 0.0
69 0 100 0.0 0.0 0.0
70 2 105 9.541850352986048 10.188005914414083 97.21242783067595
71 5 108 139.6884681067044 4954.230173639048 692048.8236036508
72 1 120 1.0 43.57075425423803 43.57075425423803
73 1 20 1.0 43.57075425423803 43.57075425423803
74 0 7 0.0 7.0 0.0
75 1 20 1.0 43.57075425423803 43.57075425423803
76 6 60 225.58275470837765 2520.4667612931225 568573.8351634055
77 1 15 1.0 30.323695983612147 30.323695983612147
78 31 843 5350.621552679651 1945017618.662877 10407053190759.242
79 0 100 0.0 0.0 0.0
80 7 248 332.66880679862265 21904.0 7286777.544117031
81 0 100 0.0 0.0 0.0
82 0 100 0.0 0.0 0.0
83 1 103 1.0 3.9914906122521803 3.9914906122521803
84 2 31 9.541850352986048 141.5519192260369 1350.6672304328126
85 28 499 4724.12231882448 194724099.31436232 919900463583.9738
86 2 108 9.541850352986048 20.066939702021244 191.47573567908114
87 25 668 4060.496712466729 233554997.31778684 948349298789.0492
88 0 100 0.0 0.0 0.0
89 0 6 0.0 6.0 0.0
90 42 872 7252.650449022947 20035479923.64002 145310332464578.03
91 0 5 0.0 5.0 0.0
92 2 10 9.541850352986048 27.685321443873434 264.16919419175593
93 39 1070 6798.773358825962 16391384868.736423 111441310759828.17
94 3 36 32.9215577265747 295.444715883087 9726.500268956508
95 2 135 9.541850352986048 168.62869283493262 1609.0297522505775
96 1 12 1.0 22.891970023971037 22.891970023971037
97 1 119 1.0 40.84402933782601 40.84402933782601
98 1 104 1.0 5.735193251789799 5.735193251789799
99 0 5 0.0 5.0 0.0
100 30 789 5146.386239304723 1261309440.7042859 6491185549145.673
101 27 768 4506.6139001521815 577638405.6663148 2603193268237.559
102 3 171 32.9215577265747 868.3392862126454 28587.081937302275
103 28 673 4724.12231882448 488155587.9888997 2306106708277.2485
104 33 735 5744.298091538941 1930448808.6149755 11089073407140.625
105 21 548 3136.7198300107975 47224877.81097594 148131210699.52515
106 33 899 5744.298091538941 3707103875.997736 21294709720030.406
107 5 99 139.6884681067044 4229.702363015084 590840.6436368847
108 34 497 5933.442745663244 660633425.3669046 3919830605285.9204
109 30 710 5146.386239304723 905498659.3215843 4660045840041.477
110 47 875 7902.318130854768 49200196223.122894 388795602655596.3
111 0 100 0.0 0.0 0.0
112 24 638 3832.71054120725 158981070.53838375 609328424904.8768
113 35 969 6117.310290426031 7254773425.022792 44379700127601.23
114 47 1287 7902.318130854768 199967043307.256 1580203191900349.8
115 43 975 7393.130324549447 35663787982.895096 263667032424643.9
116 44 949 7528.2761260995885 38888237164.18249 292761387429213.8
117 35 758 6117.310290426031 3224469088.2555146 19725077934746.1
118 2 82 9.541850352986048 575.7012948373938 5493.255603358711
119 35 884 6117.310290426031 5357609073.20356 32774157115588.008
120 46 1406 7782.801884860074 229367312076.90048 1785120348757390.0
121 54 1292 8602.009448624298 679177722632.7561 5842293187382101.0
122 36 698 6295.82243666837 2994726614.132041 18854267008940.402
123 9 317 604.9491004987461 244550.6583685804 147940700.80644888
124 44 780 7528.2761260995885 19358510048.99598 145736209038715.4
125 35 1016 6117.310290426031 8482898465.079725 51892522073071.39
126 37 722 6468.923834840442 4076915945.7924204 26373258734377.652
127 41 917 7106.788070274764 19827809733.26478 140912041672043.97
128 26 570 4285.277943143774 185193000.0 793603478124.6249
129 40 1088 6955.50474228233 29577135410.5162 205723905610972.06
130 28 601 4724.12231882448 344812337.6360474 1628935660032.494
131 39 1230 6798.773358825962 27630032982.823494 187850332147103.0
132 39 829 6798.773358825962 9578909995.750156 65124838085697.87
133 18 459 2436.3877014920204 12670255.091831386 30869653680.50464
134 43 848 7393.130324549447 21790009630.47069 161096380971257.38
135 31 894 5350.621552679651 2343756902.5194135 12540556196862.074
136 24 516 3832.71054120725 85474357.53383715 327598471122.855
137 36 930 6295.82243666837 7791906766.994671 49056461448073.15
138 25 696 4060.496712466729 263765928.96005288 1071020687403.0276
139 35 859 6117.310290426031 4873399065.956262 29812094255526.848
140 43 862 7393.130324549447 23086770685.699406 170683504452363.5
141 30 700 5146.386239304723 866035983.2557075 4456955666969.908
142 44 1278 7528.2761260995885 112098240038.91621 843906504262754.0
143 30 691 5146.386239304723 831536660.3261889 4279408826180.104
144 29 599 4937.473672561782 426688467.98434895 2106763077058.4438
145 33 845 5744.298091538941 3033049757.12204 17422741931378.781
146 24 569 3832.71054120725 113761978.81185842 436016735380.8056
147 26 534 4285.277943143774 152273304.0 652533430960.8265
148 32 750 5549.980220652734 1666701027.55297 9250157736660.57
149 52 1175 8425.648590871551 340360774518.3708 2867760280208660.5
150 11 221 942.9223974109915 232979.898453666 219681964.3985001
151 28 692 4724.12231882448 531747847.7028425 2512041875319.879
152 33 752 5744.298091538941 2078879226.0710738 11941701970860.02
153 48 1265 8016.77096497358 224645422200.0846 1800930898107869.5
154 24 672 3832.71054120725 115524713.31962352 442772786510.06665
155 35 876 6117.310290426031 5199175628.053885 31804970571226.258
156 42 1110 7252.650449022947 46663640449.819725 338435072861430.4
157 44 992 7528.2761260995885 45527342803.04162 342742407908890.1
158 47 1040 7902.318130854768 92177902209.93388 728419107897718.4
159 39 756 6798.773358825962 6988855554.57692 47515644953140.4
160 46 970 7782.801884860074 60081356576.83644 467601295211152.9
161 44 905 7528.2761260995885 32846079152.00575 247274353516022.28
162 44 964 7528.2761260995885 41119102041.396645 309555954224899.2
163 21 432 3136.7198300107975 24250969.972542107 76068498409.86923
164 41 975 7106.788070274764 24539159635.32248 174394606950877.84
165 35 816 6117.310290426031 4113287592.419066 25162256516586.867
166 41 1003 7106.788070274764 27077091497.065765 192431150829085.25
167 44 895 7528.2761260995885 31573271952.21517 237692309460711.22
168 17 430 2206.0678959513543 3984499.109773183 8790075567.51737
169 26 685 4285.277943143774 200201625.0 857919607794.0411
170 30 769 5146.386239304723 1163571748.6009567 5988189635443.698
171 32 895 5549.980220652734 2938148362.7519193 16306665298616.365
172 39 1168 6798.773358825962 30939048830.354877 210347580935232.28
173 53 1253 8516.089422990353 512296392508.2696 4362761889675789.0
174 26 690 4285.277943143774 328509000.0 1407752371824.218
175 33 1057 5744.298091538941 6263672132.827484 35980399878626.56
176 46 1075 7782.801884860074 87061455879.7576 677582062919639.6
177 32 717 5549.980220652734 1442698970.1050897 8006950748439.317
178 47 1184 7902.318130854768 147673080626.59076 1166959662474686.2
179 25 597 4060.496712466729 167422199.04520047 679817288816.9868
180 47 1372 7902.318130854768 252290864871.70398 1993682675724696.8
181 39 798 6798.773358825962 8408340353.651269 57166400388345.516
182 37 636 6468.923834840442 2661667960.258839 17218127308549.549
183 20 476 2902.6872563902634 24395771.486968026 70813295005.03104
184 32 694 5549.980220652734 1299445427.753059 7211896421847.108
185 25 709 4060.496712466729 278630249.6997328 1131377212899.5488
186 23 605 3602.4235623004615 105674691.24075793 380684997664.53253
187 35 883 6117.310290426031 3589143429.2864237 21955904033788.812
188 23 487 3602.4235623004615 56516463.60611937 203596240152.58093
189 36 952 6295.82243666837 8423239078.346534 53031217578875.91
190 38 918 6636.579650383532 11159018673.74979 74057716248457.69
191 38 844 6636.579650383532 8391623513.180048 55691677841250.664
192 21 456 3136.7198300107975 28217859.580777142 88511519707.48383
193 29 798 4937.473672561782 1040393706.401207 5136916534454.932
194 20 410 2902.6872563902634 16161160.745691067 46910795344.99203
195 19 482 2668.9360872348193 19182718.192276467 51197448834.622536
196 33 728 5744.298091538941 1871520519.9882038 10750571751244.205
197 25 694 4060.496712466729 261526836.29711273 1061928859006.2507
198 32 952 5549.980220652734 3581626284.4248095 19877955036327.637
199 39 923 6798.773358825962 13830795870.662956 94032446496823.42
