0 2 50 9.541850352986048 282.0582186126376 2691.3573128316116
1 5 133 139.6884681067044 7232.601763293923 1010311.060740377
2 0 100 0.0 0.0 0.0
3 1 7 1.0 11.607984241186918 11.607984241186918
4 1 8 1.0 13.734791927877684 13.734791927877684
5 1 104 1.0 5.735193251789799 5.735193251789799
6 5 69 139.6884681067044 2194.8788310889477 306599.26159464906
7 17 335 2206.0678959513543 1636649.5489221425 3610560026.800404
8 2 27 9.541850352986048 115.98017876588344 1106.66550969663
9 1 108 1.0 13.734791927877684 13.734791927877684
10 4 82 75.61186198841948 1873.1633591984112 141633.36939747448
11 18 311 2436.3877014920204 4484209.88753331 10925273820.895073
12 6 70 225.58275470837765 3384.897920195671 763574.5972443977
13 0 5 0.0 5.0 0.0
14 1 9 1.0 15.931997307697284 15.931997307697284
15 2 39 9.541850352986048 197.11162840858907 1880.8096611081503
16 1 108 1.0 13.734791927877684 13.734791927877684
17 1 103 1.0 3.9914906122521803 3.9914906122521803
18 14 273 1540.4353185285338 1018811.257612624 1569412844.1409585
19 1 102 1.0 2.3948263510722025 2.3948263510722025
20 8 125 459.67273235884244 23001.09948770076 10572978.24876898
21 0 6 0.0 6.0 0.0
22 1 103 1.0 3.9914906122521803 3.9914906122521803
23 2 18 9.541850352986048 64.62733255388774 616.6643359418604
24 0 100 0.0 0.0 0.0
25 0 8 0.0 8.0 0.0
26 0 100 0.0 0.0 0.0
27 2 21 9.541850352986048 80.71796600694597 770.1987524356932
28 1 34 1.0 85.02419427196995 85.02419427196995
29 0 100 0.0 0.0 0.0
30 16 201 1979.1134619514044 835921.7437574987 1654383976.208358
31 1 18 1.0 38.15436697768484 38.15436697768484
32 2 48 9.541850352986048 265.93129728965954 2537.4766429133756
33 0 100 0.0 0.0 0.0
34 1 18 1.0 38.15436697768484 38.15436697768484
35 0 100 0.0 0.0 0.0
36 0 100 0.0 0.0 0.0
37 7 138 332.66880679862265 19044.0 6335344.75667297
38 9 182 604.9491004987461 73990.54056378055 44760510.95947503
39 0 100 0.0 0.0 0.0
40 2 18 9.541850352986048 64.62733255388774 616.6643359418604
41 0 10 0.0 10.0 0.0
42 1 18 1.0 38.15436697768484 38.15436697768484
43 14 234 1540.4353185285338 696608.4756750804 1073080299.1162189
44 1 9 1.0 15.931997307697284 15.931997307697284
45 1 6 1.0 9.55892689827884 9.55892689827884
46 0 100 0.0 0.0 0.0
47 5 68 139.6884681067044 2137.419079796989 298572.7969588832
48 0 100 0.0 0.0 0.0
49 5 81 139.6884681067044 2937.2940727723303 410306.1094044695
50 1 7 1.0 11.607984241186918 11.607984241186918
51 0 100 0.0 0.0 0.0
52 0 6 0.0 6.0 0.0
53 3 47 32.9215577265747 451.11773253603667 14851.498473166615
54 0 100 0.0 0.0 0.0
55 0 100 0.0 0.0 0.0
56 18 332 2436.3877014920204 5338374.277187849 13006349434.90183
57 0 100 0.0 0.0 0.0
58 0 100 0.0 0.0 0.0
59 0 100 0.0 0.0 0.0
60 3 40 32.9215577265747 349.23013798641597 11497.20014757944
61 0 100 0.0 0.0 0.0
62 0 100 0.0 0.0 0.0
63 1 16 1.0 32.892441635375256 32.892441635375256
64 1 116 1.0 32.892441635375256 32.892441635375256
65 1 29 1.0 69.58346013935528 69.58346013935528
66 3 27 32.9215577265747 187.1321231368427 6160.680994346051
67 0 100 0.0 0.0 0.0
68 14 268 1540.4353185285338 973408.977104957 1499473567.7052088
69 12 169 1131.8354418063404 173183.80963665945 196015573.69381362
70 0 6 0.0 6.0 0.0
71 1 117 1.0 35.503281577765854 35.503281577765854
72 0 100 0.0 0.0 0.0
73 0 7 0.0 7.0 0.0
74 1 18 1.0 38.15436697768484 38.15436697768484
75 0 100 0.0 0.0 0.0
76 0 100 0.0 0.0 0.0
77 1 107 1.0 11.607984241186918 11.607984241186918
78 1 19 1.0 40.84402933782601 40.84402933782601
79 1 21 1.0 46.33316012586883 46.33316012586883
80 0 10 0.0 10.0 0.0
81 8 146 459.67273235884244 31771.327600928158 14604412.968986552
82 0 100 0.0 0.0 0.0
83 1 105 1.0 7.59708563275366 7.59708563275366
84 4 16 75.61186198841948 114.55556911622634 8661.759882020955
85 0 100 0.0 0.0 0.0
86 1 102 1.0 2.3948263510722025 2.3948263510722025
87 12 344 1131.8354418063404 410726.2989583608 464874582.04301935
88 0 100 0.0 0.0 0.0
89 0 100 0.0 0.0 0.0
90 0 100 0.0 0.0 0.0
91 0 100 0.0 0.0 0.0
92 0 100 0.0 0.0 0.0
93 5 60 139.6884681067044 1702.6102917613564 237835.0234388529
94 23 369 3602.4235623004615 25385478.098489728 91449244442.26172
95 0 100 0.0 0.0 0.0
96 0 100 0.0 0.0 0.0
97 7 169 332.66880679862265 28561.0 9501353.79097546
98 4 102 75.61186198841948 2720.557944067154 205706.4517983039
99 0 10 0.0 10.0 0.0
100 17 248 2206.0678959513543 1884684.4024590454 4157741754.265162
101 7 210 332.66880679862265 12100.0 4025292.562263334
102 7 160 332.66880679862265 3600.0 1197607.7044750415
103 2 25 9.541850352986048 103.79546451213633 990.4007896934788
104 11 213 942.9223974109915 214120.66733750328 201899172.98112
105 7 88 332.66880679862265 7744.0 2576187.2398485336
106 9 127 604.9491004987461 34080.638090162705 20617051.357067235
107 6 82 225.58275470837765 4581.357643139669 1033475.277443727
108 16 309 1979.1134619514044 2525715.3266363554 4998677204.002999
109 21 284 3136.7198300107975 7486769.793068014 23483899272.642277
110 15 273 1756.7778603087352 1376401.6987329584 2418032031.225395
111 13 243 1331.5823725933528 561888.9684414291 748201445.7312697
112 0 100 0.0 0.0 0.0
113 6 168 225.58275470837765 3202.3105181925803 722386.0281254946
114 8 143 459.67273235884244 30428.435598390966 13987122.132917445
115 8 292 459.67273235884244 56163.98943503071 25817054.483773723
116 0 100 0.0 0.0 0.0
117 9 278 604.9491004987461 70531.46751771569 42667947.831698634
118 0 100 0.0 0.0 0.0
119 3 13 32.9215577265747 58.65092275827274 1930.8797393033497
120 21 273 3136.7198300107975 6702295.209702887 21023222290.86142
121 19 291 2668.9360872348193 4875672.594734736 13012858537.629364
122 12 294 1131.8354418063404 239545.25146829078 271125805.5282238
123 24 395 3832.71054120725 39128749.31298983 149969169956.15207
124 10 127 766.6651705632711 47732.874639030575 36595132.47660761
125 8 248 459.67273235884244 32683.32902098925 15023635.15366118
126 11 192 942.9223974109915 168832.0419378618 159195513.7438417
127 14 239 1540.4353185285338 733894.4795303408 1130516976.341653
128 5 201 139.6884681067044 4386.2526434047795 612708.9124861964
129 13 266 1331.5823725933528 698730.5276528657 930417253.8154083
130 6 160 225.58275470837765 2520.4667612931225 568573.8351634055
131 18 180 2436.3877014920204 1042252.3210040268 2539330736.745724
132 4 47 75.61186198841948 723.181183304868 54681.07582466957
133 12 207 1131.8354418063404 279011.0535465811 315794599.05974716
134 21 249 3136.7198300107975 5178986.925768588 16245030989.424988
135 20 393 2902.6872563902634 14379120.733408576 41738090510.96209
136 8 139 459.67273235884244 28684.707028409903 13185577.656662071
137 8 145 459.67273235884244 31320.350759055804 14397111.211852526
138 16 305 1979.1134619514044 2442499.2699785414 4833983186.0210085
139 12 205 1131.8354418063404 272713.754843532 308667093.19999504
140 14 297 1540.4353185285338 1254127.849990706 1931902834.0759385
141 11 197 942.9223974109915 179067.32101889476 168846587.63309988
142 19 362 2668.9360872348193 8818680.726398328 23536495232.486668
143 13 237 1331.5823725933528 529031.2851182016 704448733.8138055
144 15 246 1756.7778603087352 1058714.6940227023 1859926534.8426201
145 12 255 1131.8354418063404 455597.5748377864 515661482.4024232
146 6 146 225.58275470837765 13812.047662904135 3115759.7599613243
147 12 346 1131.8354418063404 418686.2065047056 473883887.5174742
148 16 294 1979.1134619514044 2222368.3839476793 4398319186.08604
149 8 186 459.67273235884244 52574.74337086476 24167175.938350342
150 0 100 0.0 0.0 0.0
151 12 265 1131.8354418063404 498726.0809052681 564475854.1217588
152 14 277 1540.4353185285338 1056022.3206510819 1626734079.8853908
153 7 251 332.66880679862265 22801.0 7585181.463815395
154 9 250 604.9491004987461 48780.52804290304 29509736.561408054
155 5 170 139.6884681067044 2253.023098877021 314721.345291151
156 12 256 1131.8354418063404 459809.7402582212 520428960.51202244
157 7 110 332.66880679862265 12100.0 4025292.562263334
158 13 291 1331.5823725933528 867626.1382352317 1155315671.6752782
159 8 273 459.67273235884244 45219.26451860866 20786062.8765261
160 20 330 2902.6872563902634 8879509.930736454 25774440318.939495
161 10 186 766.6651705632711 111519.70276643366 85498271.94259316
162 9 242 604.9491004987461 43347.5615654562 26223068.37783675
163 11 291 942.9223974109915 166825.62725766937 157303620.40339404
164 9 147 604.9491004987461 46702.87865638875 28252864.433884464
165 15 281 1756.7778603087352 1480312.0518103805 2600579438.9686737
166 10 163 766.6651705632711 83149.79614194512 63748052.641465575
167 17 365 2206.0678959513543 5189278.437624522 11447900564.396059
168 7 79 332.66880679862265 6241.0 2076186.023230204
169 6 103 225.58275470837765 7086.292798564201 1598545.450170251
170 11 167 942.9223974109915 122673.4003024803 115671496.71177296
171 5 67 139.6884681067044 2080.6456750556 290642.2070213566
172 10 127 766.6651705632711 47732.874639030575 36595132.47660761
173 18 476 2436.3877014920204 13961459.063656509 34015527157.577015
174 18 299 2436.3877014920204 4037244.7701126314 9836293505.815393
175 14 288 1540.4353185285338 1162474.5370228994 1790716833.7201798
176 12 211 1131.8354418063404 291854.20919927256 330330937.81209874
177 17 336 2206.0678959513543 1654964.609250074 3650964293.402266
178 9 127 604.9491004987461 34080.638090162705 20617051.357067235
179 18 364 2436.3877014920204 6824127.848941486 16626221164.570232
180 12 193 1131.8354418063404 236652.0012546562 267851122.39441845
181 15 422 1756.7778603087352 4124514.540858635 7245855829.901898
182 11 228 942.9223974109915 250220.68273777683 235938686.04891962
183 9 97 604.9491004987461 19070.84539875929 11536890.769730086
184 10 167 766.6651705632711 87756.07261047284 67279524.37587096
185 15 400 1756.7778603087352 3603962.905984977 6331362242.608338
186 0 100 0.0 0.0 0.0
187 16 276 1979.1134619514044 1889141.929026906 3738826223.273994
188 25 342 4060.496712466729 32139741.27967988 130503313805.67137
189 12 210 1131.8354418063404 288612.2630554716 326661588.26611745
190 5 160 139.6884681067044 1702.6102917613564 237835.0234388529
191 18 349 2436.3877014920204 6099293.913695154 14860244679.112005
192 20 368 2902.6872563902634 11994429.050666729 34816076353.04748
193 23 368 3602.4235623004615 25187544.334022824 90736203185.3713
194 20 489 2902.6872563902634 26278418.76807054 76278031276.16508
195 18 329 2436.3877014920204 5210623.385138517 12695098732.658203
196 17 433 2206.0678959513543 8119942.71379641 17913144937.870377
197 10 168 766.6651705632711 88929.02645246735 68178787.23320653
198 22 437 3370.209833397988 32298173.972503014 108851623522.92862
199 23 472 3602.4235623004615 51639662.727986775 186027937760.5485
