0 1 26 1.0 60.63937356224698 60.63937356224698
1 1 105 1.0 7.59708563275366 7.59708563275366
2 0 6 0.0 6.0 0.0
3 1 104 1.0 5.735193251789799 5.735193251789799
4 0 5 0.0 5.0 0.0
5 0 5 0.0 5.0 0.0
6 0 6 0.0 6.0 0.0
7 0 100 0.0 0.0 0.0
8 1 10 1.0 18.1937008646705 18.1937008646705
9 0 100 0.0 0.0 0.0
10 0 9 0.0 9.0 0.0
11 1 102 1.0 2.3948263510722025 2.3948263510722025
12 0 9 0.0 9.0 0.0
13 0 100 0.0 0.0 0.0
14 3 18 32.9215577265747 98.31525163284788 3236.6912320335186
15 0 6 0.0 6.0 0.0
16 2 30 9.541850352986048 135.01359299654277 1288.2794999919763
17 0 6 0.0 6.0 0.0
18 0 100 0.0 0.0 0.0
19 1 35 1.0 88.18685030395203 88.18685030395203
20 9 102 604.9491004987461 21251.9061051131 12856321.48217198
21 1 15 1.0 30.323695983612147 30.323695983612147
22 0 100 0.0 0.0 0.0
23 2 109 9.541850352986048 23.78240930402918 226.9281906125095
24 0 100 0.0 0.0 0.0
25 0 100 0.0 0.0 0.0
26 0 100 0.0 0.0 0.0
27 0 100 0.0 0.0 0.0
28 1 10 1.0 18.1937008646705 18.1937008646705
29 0 6 0.0 6.0 0.0
30 0 100 0.0 0.0 0.0
31 1 105 1.0 7.59708563275366 7.59708563275366
32 5 71 139.6884681067044 2311.8500842163953 322938.7967565438
33 1 9 1.0 15.931997307697284 15.931997307697284
34 0 100 0.0 0.0 0.0
35 0 5 0.0 5.0 0.0
36 0 100 0.0 0.0 0.0
37 1 33 1.0 81.88562674252243 81.88562674252243
38 0 100 0.0 0.0 0.0
39 0 9 0.0 9.0 0.0
40 1 7 1.0 11.607984241186918 11.607984241186918
41 0 6 0.0 6.0 0.0
42 0 100 0.0 0.0 0.0
43 1 102 1.0 2.3948263510722025 2.3948263510722025
44 0 100 0.0 0.0 0.0
45 0 6 0.0 6.0 0.0
46 3 22 32.9215577265747 135.19579244279535 4450.856085295499
47 3 52 32.9215577265747 529.6457757489877 17436.763980956737
48 4 140 75.61186198841948 548.8883970182196 41502.47372238642
49 0 12 0.0 12.0 0.0
50 0 100 0.0 0.0 0.0
51 0 100 0.0 0.0 0.0
52 0 100 0.0 0.0 0.0
53 1 102 1.0 2.3948263510722025 2.3948263510722025
54 0 5 0.0 5.0 0.0
55 0 100 0.0 0.0 0.0
56 0 100 0.0 0.0 0.0
57 4 143 75.61186198841948 621.143248020611 46965.797544373054
58 4 47 75.61186198841948 723.181183304868 54681.07582466957
59 1 101 1.0 1.0 1.0
60 0 100 0.0 0.0 0.0
61 0 100 0.0 0.0 0.0
62 0 5 0.0 5.0 0.0
63 0 100 0.0 0.0 0.0
64 0 100 0.0 0.0 0.0
65 0 100 0.0 0.0 0.0
66 3 134 32.9215577265747 269.81820202916316 8882.83551378369
67 0 5 0.0 5.0 0.0
68 0 100 0.0 0.0 0.0
69 1 106 1.0 9.55892689827884 9.55892689827884
70 0 100 0.0 0.0 0.0
71 0 6 0.0 6.0 0.0
72 2 46 9.541850352986048 250.0988923255542 2386.406204018009
73 0 100 0.0 0.0 0.0
74 0 10 0.0 10.0 0.0
75 0 100 0.0 0.0 0.0
76 0 100 0.0 0.0 0.0
77 0 10 0.0 10.0 0.0
78 0 6 0.0 6.0 0.0
79 1 15 1.0 30.323695983612147 30.323695983612147
80 0 100 0.0 0.0 0.0
81 0 100 0.0 0.0 0.0
82 1 25 1.0 57.71571011139208 57.71571011139208
83 2 116 9.541850352986048 54.53075711894446 520.3243240639966
84 0 100 0.0 0.0 0.0
85 0 100 0.0 0.0 0.0
86 2 22 9.541850352986048 86.31942417916456 823.6470280735138
87 1 106 1.0 9.55892689827884 9.55892689827884
88 1 19 1.0 40.84402933782601 40.84402933782601
89 0 100 0.0 0.0 0.0
90 0 9 0.0 9.0 0.0
91 0 100 0.0 0.0 0.0
92 1 104 1.0 5.735193251789799 5.735193251789799
93 0 100 0.0 0.0 0.0
94 0 100 0.0 0.0 0.0
95 0 6 0.0 6.0 0.0
96 1 12 1.0 22.891970023971037 22.891970023971037
97 1 101 1.0 1.0 1.0
98 5 65 139.6884681067044 1969.1653870843556 275069.6963705592
99 0 10 0.0 10.0 0.0
100 0 100 0.0 0.0 0.0
101 0 6 0.0 6.0 0.0
102 0 6 0.0 6.0 0.0
103 2 34 9.541850352986048 161.72412498062124 1543.1473990327004
104 0 100 0.0 0.0 0.0
105 0 6 0.0 6.0 0.0
106 0 100 0.0 0.0 0.0
107 0 6 0.0 6.0 0.0
108 2 37 9.541850352986048 182.69988024795316 1743.2949168344405
109 2 34 9.541850352986048 161.72412498062124 1543.1473990327004
110 0 100 0.0 0.0 0.0
111 0 10 0.0 10.0 0.0
112 2 33 9.541850352986048 154.90879557685506 1478.1165457556579
113 0 100 0.0 0.0 0.0
114 1 11 1.0 20.51504931294799 20.51504931294799
115 0 18 0.0 18.0 0.0
116 1 117 1.0 35.503281577765854 35.503281577765854
117 0 100 0.0 0.0 0.0
118 0 10 0.0 10.0 0.0
119 1 11 1.0 20.51504931294799 20.51504931294799
120 2 18 9.541850352986048 64.62733255388774 616.6643359418604
121 2 46 9.541850352986048 250.0988923255542 2386.406204018009
122 1 29 1.0 69.58346013935528 69.58346013935528
123 6 85 225.58275470837765 4907.334112484054 1107009.9473685443
124 0 100 0.0 0.0 0.0
125 8 175 459.67273235884244 46313.45274338213 21289031.36752259
126 0 9 0.0 9.0 0.0
127 3 32 32.9215577265747 245.06238675558936 8067.83551218631
128 1 111 1.0 20.51504931294799 20.51504931294799
129 3 24 32.9215577265747 155.22039240905832 5110.09710903639
130 5 69 139.6884681067044 2194.8788310889477 306599.26159464906
131 0 8 0.0 8.0 0.0
132 1 103 1.0 3.9914906122521803 3.9914906122521803
133 4 45 75.61186198841948 671.3571728121805 50762.565895610074
134 2 54 9.541850352986048 315.16948038953416 3007.300017705306
135 1 106 1.0 9.55892689827884 9.55892689827884
136 9 137 604.9491004987461 40125.91166909431 24274134.170910746
137 5 53 139.6884681067044 1358.9929081032851 189835.63750082318
138 0 8 0.0 8.0 0.0
139 1 27 1.0 63.59241768810072 63.59241768810072
140 1 103 1.0 3.9914906122521803 3.9914906122521803
141 3 26 32.9215577265747 176.25042831919396 5802.438650243859
142 0 100 0.0 0.0 0.0
143 2 30 9.541850352986048 135.01359299654277 1288.2794999919763
144 2 58 9.541850352986048 349.384203814786 3333.771788497865
145 7 184 332.66880679862265 7056.0 2347311.1007710816
146 3 64 32.9215577265747 736.4308795040106 24244.45171122346
147 0 100 0.0 0.0 0.0
148 2 119 9.541850352986048 69.8685662777562 666.6754038000371
149 7 98 332.66880679862265 9604.0 3194951.220493972
150 1 108 1.0 13.734791927877684 13.734791927877684
151 8 116 459.67273235884244 19689.9977613532 9050955.071100716
152 8 82 459.67273235884244 9569.587872219572 4398878.604771212
153 3 56 32.9215577265747 595.765723501293 19613.535657762357
154 5 70 139.6884681067044 2253.023098877021 314721.345291151
155 3 32 32.9215577265747 245.06238675558936 8067.83551218631
156 3 42 32.9215577265747 377.3528472077043 12423.04354263576
157 3 49 32.9215577265747 481.96892224029307 15867.1676959488
158 0 100 0.0 0.0 0.0
159 5 56 139.6884681067044 1501.9949206988383 209811.36957647165
160 2 42 9.541850352986048 219.34644070399202 2092.9709126576195
161 0 8 0.0 8.0 0.0
162 5 105 139.6884681067044 4707.005408790302 657514.3749238892
163 7 117 332.66880679862265 13689.0 4553903.296266345
164 1 27 1.0 63.59241768810072 63.59241768810072
165 3 160 32.9215577265747 664.7206420100937 21883.638987981092
166 4 59 75.61186198841948 1066.8769814059906 80668.55507669134
167 1 6 1.0 9.55892689827884 9.55892689827884
168 2 64 9.541850352986048 402.6820690045564 3842.3320422722786
169 4 66 75.61186198841948 1292.338741426653 97716.13855903981
170 1 9 1.0 15.931997307697284 15.931997307697284
171 1 11 1.0 20.51504931294799 20.51504931294799
172 1 9 1.0 15.931997307697284 15.931997307697284
173 5 58 139.6884681067044 1600.889370701534 223625.7838016033
174 2 40 9.541850352986048 204.4421003683832 1950.7559275652661
175 5 65 139.6884681067044 1969.1653870843556 275069.6963705592
176 4 166 75.61186198841948 1292.338741426653 97716.13855903981
177 12 166 1131.8354418063404 166041.6949118759 187931875.11885667
178 5 75 139.6884681067044 2553.9502583266267 356757.3992063684
179 7 138 332.66880679862265 19044.0 6335344.75667297
180 3 60 32.9215577265747 664.7206420100937 21883.638987981092
181 2 25 9.541850352986048 103.79546451213633 990.4007896934788
182 3 159 32.9215577265747 647.2206215128941 21307.511052966296
183 6 88 225.58275470837765 5243.986173197856 1182952.846602616
184 2 30 9.541850352986048 135.01359299654277 1288.2794999919763
185 5 106 139.6884681067044 4788.781200314608 668937.5099701327
186 1 27 1.0 63.59241768810072 63.59241768810072
187 1 13 1.0 25.320989780782124 25.320989780782124
188 7 104 332.66880679862265 10816.0 3598145.8143339027
189 5 143 139.6884681067044 929.4139107485241 129828.40542952261
190 6 100 225.58275470837765 6696.723465418967 1510665.3268494436
191 2 148 9.541850352986048 265.93129728965954 2537.4766429133756
192 1 19 1.0 40.84402933782601 40.84402933782601
193 2 37 9.541850352986048 182.69988024795316 1743.2949168344405
194 8 124 459.67273235884244 22619.999038655253 10397796.764053049
195 4 60 75.61186198841948 1097.9836363389938 83020.58717640696
196 3 63 32.9215577265747 718.2490844189361 23645.87869475743
197 2 31 9.541850352986048 141.5519192260369 1350.6672304328126
198 3 46 32.9215577265747 435.9769523615719 14353.040404627594
199 5 169 139.6884681067044 2194.8788310889477 306599.26159464906
