0 0 100 0.0 0.0 0.0
1 0 100 0.0 0.0 0.0
2 0 100 0.0 0.0 0.0
3 0 100 0.0 0.0 0.0
4 0 100 0.0 0.0 0.0
5 2 157 9.541850352986048 340.72951581223015 3251.1900507256933
6 0 9 0.0 9.0 0.0
7 0 100 0.0 0.0 0.0
8 2 150 9.541850352986048 282.0582186126376 2691.3573128316116
9 0 100 0.0 0.0 0.0
10 1 16 1.0 32.892441635375256 32.892441635375256
11 0 10 0.0 10.0 0.0
12 0 100 0.0 0.0 0.0
13 1 36 1.0 91.37308344663872 91.37308344663872
14 14 396 1540.4353185285338 1243739.584980112 1915900383.7553854
15 1 18 1.0 38.15436697768484 38.15436697768484
16 0 100 0.0 0.0 0.0
17 0 10 0.0 10.0 0.0
18 0 100 0.0 0.0 0.0
19 0 100 0.0 0.0 0.0
20 2 30 9.541850352986048 135.01359299654277 1288.2794999919763
21 59 1251 8967.266196081293 1334603987501.3835 1.1967749222276458e+16
22 0 100 0.0 0.0 0.0
23 0 100 0.0 0.0 0.0
24 4 199 75.61186198841948 2585.1644858987506 195469.10032513973
25 0 10 0.0 10.0 0.0
26 1 10 1.0 18.1937008646705 18.1937008646705
27 1 13 1.0 25.320989780782124 25.320989780782124
28 1 102 1.0 2.3948263510722025 2.3948263510722025
29 0 100 0.0 0.0 0.0
30 0 100 0.0 0.0 0.0
31 0 24 0.0 24.0 0.0
32 0 11 0.0 11.0 0.0
33 14 369 1540.4353185285338 982391.0802346964 1513309916.600925
34 0 100 0.0 0.0 0.0
35 1 11 1.0 20.51504931294799 20.51504931294799
36 3 93 32.9215577265747 1332.8212345645688 43878.55121292201
37 5 173 139.6884681067044 2431.5451615879456 339658.8187544891
38 0 100 0.0 0.0 0.0
39 0 100 0.0 0.0 0.0
40 0 100 0.0 0.0 0.0
41 1 108 1.0 13.734791927877684 13.734791927877684
42 0 18 0.0 18.0 0.0
43 0 100 0.0 0.0 0.0
44 2 106 9.541850352986048 833.6744926895333 7954.797252345087
45 45 1145 7658.1450374688 91168852146.26085 698184292635614.2
46 2 122 9.541850352986048 86.31942417916456 823.6470280735138
47 0 100 0.0 0.0 0.0
48 0 100 0.0 0.0 0.0
49 0 100 0.0 0.0 0.0
50 0 100 0.0 0.0 0.0
51 1 30 1.0 72.61998620345668 72.61998620345668
52 1 10 1.0 18.1937008646705 18.1937008646705
53 0 100 0.0 0.0 0.0
54 0 100 0.0 0.0 0.0
55 0 8 0.0 8.0 0.0
56 0 5 0.0 5.0 0.0
57 1 102 1.0 2.3948263510722025 2.3948263510722025
58 27 671 4506.6139001521815 383349085.2680749 1727606316279.7302
59 0 100 0.0 0.0 0.0
60 2 63 9.541850352986048 393.6390130800606 3756.0445559070554
61 22 386 3370.209833397988 22693956.928053644 76483396797.63678
62 7 230 332.66880679862265 16900.0 5622102.834896723
63 0 100 0.0 0.0 0.0
64 0 100 0.0 0.0 0.0
65 19 474 2668.9360872348193 18330734.565396365 48923558987.10903
66 43 1187 7393.130324549447 71430218352.07155 528092913387888.6
67 1 115 1.0 30.323695983612147 30.323695983612147
68 35 890 6117.310290426031 5478620655.67027 33514422514272.35
69 1 13 1.0 25.320989780782124 25.320989780782124
70 0 100 0.0 0.0 0.0
71 0 100 0.0 0.0 0.0
72 0 100 0.0 0.0 0.0
73 0 100 0.0 0.0 0.0
74 0 100 0.0 0.0 0.0
75 3 41 32.9215577265747 363.1907597716439 11956.805563580698
76 1 20 1.0 43.57075425423803 43.57075425423803
77 0 100 0.0 0.0 0.0
78 0 5 0.0 5.0 0.0
79 1 107 1.0 11.607984241186918 11.607984241186918
80 0 100 0.0 0.0 0.0
81 2 34 9.541850352986048 161.72412498062124 1543.1473990327004
82 0 100 0.0 0.0 0.0
83 19 612 2668.9360872348193 36678127.287030645 97891577528.54823
84 3 139 32.9215577265747 335.47304520277595 11044.29522335299
85 27 833 4506.6139001521815 739262032.5743209 3331568551854.1895
86 29 878 4937.473672561782 1399980030.6024156 6912364543211.665
87 0 100 0.0 0.0 0.0
88 20 491 2902.6872563902634 26576010.65516868 77141847454.44998
89 2 48 9.541850352986048 265.93129728965954 2537.4766429133756
90 0 100 0.0 0.0 0.0
91 1 110 1.0 18.1937008646705 18.1937008646705
92 0 100 0.0 0.0 0.0
93 0 100 0.0 0.0 0.0
94 0 100 0.0 0.0 0.0
95 1 118 1.0 38.15436697768484 38.15436697768484
96 0 100 0.0 0.0 0.0
97 0 100 0.0 0.0 0.0
98 0 100 0.0 0.0 0.0
99 13 407 1331.5823725933528 987091.2805406506 1314393349.3085303
100 26 478 4285.277943143774 109215352.0 468018138978.28326
101 27 700 4506.6139001521815 435906487.1363505 1964462234095.1853
102 29 907 4937.473672561782 1077288286.639261 5319082553040.542
103 5 204 139.6884681067044 4625.863540566592 646179.7916524031
104 28 840 4724.12231882448 964522700.822838 4556523217970.036
105 0 100 0.0 0.0 0.0
106 15 345 1756.7778603087352 2482580.829344879 4361343037.419982
107 38 1009 6636.579650383532 15375530053.83809 102040929869162.28
108 43 1117 7393.130324549447 57635417797.284134 426106155085178.25
109 37 893 6468.923834840442 8330863792.044871 53891723349168.3
110 46 981 7782.801884860074 62576769191.73945 487022597213923.6
111 38 883 6636.579650383532 9780828606.297552 64911248092443.45
112 41 890 7106.788070274764 17871386580.71547 127008156951097.2
113 43 956 7393.130324549447 33270134647.62163 245970441365174.72
114 21 624 3136.7198300107975 41655583.201077394 130661893857.48412
115 19 624 2668.9360872348193 38663244.143537395 103189727544.25723
116 41 1160 7106.788070274764 32812838167.566597 233193886841118.75
117 33 739 5744.298091538941 1964691545.5231667 11285773895411.418
118 0 100 0.0 0.0 0.0
119 53 1531 8516.089422990353 1092576508381.0118 9304479246831266.0
120 19 614 2668.9360872348193 22839471.390716262 60957089408.04986
121 40 1026 6955.50474228233 24159627991.48986 168042407066584.66
122 1 112 1.0 22.891970023971037 22.891970023971037
123 51 1359 8330.590095344352 495195374066.05475 4125269678455017.5
124 7 348 332.66880679862265 61504.0 20460462.293342486
125 37 752 6468.923834840442 4674914201.19708 30241663901957.855
126 27 852 4506.6139001521815 791663379.9757447 3567721192440.1494
127 48 1133 8016.77096497358 150093176495.03134 1203262619366022.2
128 23 618 3602.4235623004615 67527684.6797981 243263322398.10056
129 49 1465 8126.242482129881 460304826766.48865 3740548637999275.5
130 40 733 6955.50474228233 7577063394.499028 52702300373011.836
131 17 417 2206.0678959513543 7356970.552820913 16229976548.037703
132 0 100 0.0 0.0 0.0
133 30 624 5146.386239304723 603585488.5557238 3106284052547.1953
134 40 1012 6955.50474228233 23041739038.834698 160266925155046.62
135 32 704 5549.980220652734 1360464022.546995 7550548416045.477
136 24 461 3832.71054120725 61476446.35014335 235621423962.1564
137 34 713 5933.442745663244 2151022935.1491947 12762971430316.248
138 33 830 5744.298091538941 2862067268.1236997 16440567546139.037
139 27 713 4506.6139001521815 460956774.614986 2077354207849.2122
140 28 912 4724.12231882448 869116397.7764765 4105812172392.1875
141 48 1333 8016.77096497358 272087636785.89304 2181264266513424.5
142 43 845 7393.130324549447 21519080499.1476 159093366594668.78
143 43 726 7393.130324549447 12592235473.765709 93096037934964.55
144 23 719 3602.4235623004615 112883191.0872395 406653067360.33704
145 24 738 3832.71054120725 243359147.95380133 932725171661.7491
146 46 1293 7782.801884860074 169518814873.99115 1319331351920544.2
147 19 541 2668.9360872348193 15069911.200997591 40220629835.766685
148 52 1061 8425.648590871551 231980560209.62094 1954586680239785.8
149 23 561 3602.4235623004615 84992579.64177889 306179271522.2428
150 31 821 5350.621552679651 1788392281.4240656 9569010285633.537
151 32 992 5549.980220652734 4087088658.4263444 22683261214320.33
152 20 397 2902.6872563902634 14786519.435579019 42920641532.02217
153 26 608 4285.277943143774 224755712.0 963140695229.1744
154 30 721 5146.386239304723 950303976.1157671 4890631305838.748
155 34 849 5933.442745663244 3807599588.4727006 22592174156613.7
156 18 593 2436.3877014920204 25097110.09197919 61146290371.08937
157 33 1008 5744.298091538941 5370889093.688627 30851987970742.895
158 33 946 5744.298091538941 4372522418.124575 25117072181644.23
159 22 595 3370.209833397988 77688580.0774078 261826816519.6068
160 39 1169 6798.773358825962 31029733518.490536 210964125576982.44
161 40 965 6955.50474228233 19556833406.337418 136027647501805.4
162 25 475 4060.496712466729 85053912.2626944 345361131125.10425
163 37 779 6468.923834840442 5263538701.382146 34049430960976.074
164 42 831 7252.650449022947 16924839691.387518 122749946187383.08
165 33 930 5744.298091538941 4137446508.855583 23766726084663.58
166 53 1471 8516.089422990353 939346135154.1066 7999555686112754.0
167 51 1041 8330.590095344352 183091639266.77368 1525261396616146.0
168 32 788 5549.980220652734 1953022651.4545908 10839237086059.736
169 31 828 5350.621552679651 1837252523.5480316 9830442950211.176
170 49 966 8126.242482129881 99254397273.49051 806565299662034.8
171 27 630 4506.6139001521815 316553151.0785417 1426582830787.5295
172 26 759 4285.277943143774 437245479.0 1873718406898.0342
173 20 695 2902.6872563902634 45152513.85167085 131063626551.22981
174 50 1414 8230.818941038662 482192417299.3052 3968838481532339.5
175 19 557 2668.9360872348193 28405191.034375478 75811639416.44365
176 31 902 5350.621552679651 2410992908.3566074 12900310618810.66
177 32 955 5549.980220652734 3617954642.120599 20079576702988.062
178 20 474 2902.6872563902634 24114016.707668576 69995448997.73148
179 11 286 942.9223974109915 420411.2858887242 396415217.5888336
180 43 1020 7393.130324549447 41822174335.100296 309196785315423.6
181 36 848 6295.82243666837 5728813038.5868 36067589663813.07
182 52 975 8425.648590871551 168871148579.30035 1422848955066042.5
183 42 976 7252.650449022947 29732586623.342785 215640057724400.72
184 22 807 3370.209833397988 126873167.52924752 427589196801.4203
185 44 1169 7528.2761260995885 81637349129.60179 614588506450438.2
186 48 1029 8016.77096497358 105523401445.42686 845956940832949.1
187 22 551 3370.209833397988 62441096.18866596 210439596383.19165
188 28 752 4724.12231882448 686518849.4752882 3243199019099.9126
189 34 1012 5933.442745663244 4812152633.514336 28552632134349.91
190 54 1572 8602.009448624298 1432046298843.237 1.231847579351698e+16
191 43 980 7393.130324549447 36313657816.679985 268471604799808.88
192 55 1222 8683.506947919002 646709955314.4446 5615710390261367.0
193 30 983 5146.386239304723 2516226443.7419777 12949473145048.373
194 39 1071 6798.773358825962 23000339007.422146 156374092087627.25
195 26 836 4285.277943143774 398688256.0 1708489989627.2583
196 39 930 6798.773358825962 14192826059.476286 96493807699618.22
197 46 1041 7782.801884860074 77527340859.85683 603379934572283.1
198 25 513 4060.496712466729 106834627.24656819 433801652712.2986
199 30 794 5146.386239304723 1286589556.2253096 6621286787791.104
