0 23 457 3602.4235623004615 47046356.28687297 169480902408.21362
1 24 455 3832.71054120725 59166035.831442095 226766289212.61398
2 1 103 1.0 3.9914906122521803 3.9914906122521803
3 1 11 1.0 20.51504931294799 20.51504931294799
4 0 11 0.0 11.0 0.0
5 1 7 1.0 11.607984241186918 11.607984241186918
6 9 283 604.9491004987461 74869.18614488025 45292046.81341849
7 4 94 75.61186198841948 2365.92606792603 178892.07532282695
8 10 299 766.6651705632711 129599.54388675165 99359456.41885859
9 2 101 9.541850352986048 1.0 9.541850352986048
10 42 609 7252.650449022947 5696693083.545378 41316123650321.305
11 15 258 1756.7778603087352 1193715.5843725286 2097093110.1311622
12 27 433 4506.6139001521815 101374814.03807567 456857146069.3343
13 13 257 1331.5823725933528 643104.6864199162 856346864.1689363
14 0 100 0.0 0.0 0.0
15 5 184 139.6884681067044 3137.9608221632784 438336.940226843
16 0 100 0.0 0.0 0.0
17 5 182 139.6884681067044 3003.520233876968 419557.14039776416
18 2 18 9.541850352986048 64.62733255388774 616.6643359418604
19 4 150 75.61186198841948 803.8922494719358 60783.78982063209
20 2 18 9.541850352986048 64.62733255388774 616.6643359418604
21 1 17 1.0 35.503281577765854 35.503281577765854
22 8 273 459.67273235884244 116794.53244595043 53687261.85400351
23 0 100 0.0 0.0 0.0
24 0 100 0.0 0.0 0.0
25 17 308 2206.0678959513543 3325430.4893950433 7336125442.872206
26 0 100 0.0 0.0 0.0
27 28 733 4724.12231882448 634610346.7893572 2997976903024.546
28 4 146 75.61186198841948 697.0692055589992 52706.70056710426
29 2 12 9.541850352986048 36.01211998010309 343.62225974392254
30 0 7 0.0 7.0 0.0
31 0 100 0.0 0.0 0.0
32 4 59 75.61186198841948 1066.8769814059906 80668.55507669134
33 0 100 0.0 0.0 0.0
34 8 116 459.67273235884244 19689.9977613532 9050955.071100716
35 0 100 0.0 0.0 0.0
36 0 100 0.0 0.0 0.0
37 1 7 1.0 11.607984241186918 11.607984241186918
38 29 516 4937.473672561782 268431408.47592613 1325373012238.563
39 20 303 2902.6872563902634 7016363.167855428 20366307953.539967
40 0 6 0.0 6.0 0.0
41 0 6 0.0 6.0 0.0
42 0 100 0.0 0.0 0.0
43 0 6 0.0 6.0 0.0
44 1 107 1.0 11.607984241186918 11.607984241186918
45 2 132 9.541850352986048 148.1842032776824 1413.95149235211
46 0 18 0.0 18.0 0.0
47 25 315 4060.496712466729 25190407.51250493 102285566890.22346
48 41 736 7106.788070274764 9233017745.76562 65617100368242.3
49 0 6 0.0 6.0 0.0
50 27 642 4506.6139001521815 335219986.60391986 1510707051238.0532
51 0 100 0.0 0.0 0.0
52 8 145 459.67273235884244 31320.350759055804 14397111.211852526
53 2 129 9.541850352986048 128.5709592386038 1226.8048527946264
54 14 242 1540.4353185285338 756822.8547786536 1165836655.3706295
55 0 100 0.0 0.0 0.0
56 12 195 1131.8354418063404 242458.72541212823 274423378.5966383
57 10 197 766.6651705632711 126720.59559637398 97152267.03677335
58 2 76 9.541850352986048 515.944034405027 4923.060766808652
59 7 105 332.66880679862265 11025.0 3667673.5949548148
60 0 7 0.0 7.0 0.0
61 7 109 332.66880679862265 11881.0 3952438.093574436
62 0 100 0.0 0.0 0.0
63 0 100 0.0 0.0 0.0
64 8 165 459.67273235884244 5902.17042720103 2713066.807119054
65 0 100 0.0 0.0 0.0
66 5 231 139.6884681067044 7036.185360595053 982873.9543363424
67 0 100 0.0 0.0 0.0
68 0 100 0.0 0.0 0.0
69 0 100 0.0 0.0 0.0
70 1 9 1.0 15.931997307697284 15.931997307697284
71 0 100 0.0 0.0 0.0
72 2 127 9.541850352986048 115.98017876588344 1106.66550969663
73 2 11 9.541850352986048 31.76494829034237 303.0963830567869
74 1 9 1.0 15.931997307697284 15.931997307697284
75 1 19 1.0 40.84402933782601 40.84402933782601
76 0 100 0.0 0.0 0.0
77 5 92 139.6884681067044 3702.0246060004592 517130.14610553003
78 1 106 1.0 9.55892689827884 9.55892689827884
79 0 100 0.0 0.0 0.0
80 9 203 604.9491004987461 93615.87722311099 56632840.71852205
81 2 137 9.541850352986048 182.69988024795316 1743.2949168344405
82 13 344 1331.5823725933528 1298574.014341037 1729158267.0043128
83 5 176 139.6884681067044 2616.164871066153 365448.0631538047
84 16 366 1979.1134619514044 3903298.124156084 7725069863.52697
85 0 5 0.0 5.0 0.0
86 0 100 0.0 0.0 0.0
87 0 100 0.0 0.0 0.0
88 0 100 0.0 0.0 0.0
89 15 343 1756.7778603087352 1026481.4884919698 1803299952.9994483
90 29 625 4937.473672561782 486910648.7003165 2404108508847.7915
91 1 108 1.0 13.734791927877684 13.734791927877684
92 3 149 32.9215577265747 481.96892224029307 15867.1676959488
93 1 106 1.0 9.55892689827884 9.55892689827884
94 1 11 1.0 20.51504931294799 20.51504931294799
95 0 5 0.0 5.0 0.0
96 28 504 4724.12231882448 200781089.8933091 948514427962.8857
97 0 100 0.0 0.0 0.0
98 1 101 1.0 1.0 1.0
99 0 100 0.0 0.0 0.0
100 19 325 2668.9360872348193 6581129.638966661 17564614388.20878
101 0 100 0.0 0.0 0.0
102 14 229 1540.4353185285338 660472.5308888281 1017415213.4990788
103 15 264 1756.7778603087352 1264909.7027781648 2222165361.1303825
104 1 122 1.0 49.12998068819353 49.12998068819353
105 24 558 3832.71054120725 107450172.75563522 411825409775.0632
106 14 410 1540.4353185285338 2777660.0658873017 4278805668.3590937
107 15 422 1756.7778603087352 2086415.525282045 3665368602.2199163
108 0 100 0.0 0.0 0.0
109 21 262 3136.7198300107975 5972763.679722019 18734886274.152317
110 37 735 6468.923834840442 4328999571.451955 28003968508779.613
111 7 288 332.66880679862265 35344.0 11757846.307490518
112 16 275 1979.1134619514044 1871592.2972534716 3704093510.7789
113 18 470 2436.3877014920204 13496784.997234643 32883400976.944496
114 6 98 225.58275470837765 6442.856405219488 1453397.2960799276
115 5 118 139.6884681067044 5819.148784232864 812867.97935448
116 24 424 3832.71054120725 48135376.09773832 184488963374.77716
117 22 387 3370.209833397988 22861554.9925687 77048237442.7239
118 4 36 75.61186198841948 458.3949685466225 34660.09709793311
119 14 307 1540.4353185285338 1360851.3614912655 2096303500.5087864
120 1 104 1.0 5.735193251789799 5.735193251789799
121 32 586 5549.980220652734 755312418.6135465 4191968983718.561
122 11 193 942.9223974109915 170851.97661382865 161100155.39111796
123 23 391 3602.4235623004615 30000716.640534934 108075288511.76259
124 18 282 2436.3877014920204 3453414.915497477 8413857628.2671585
125 22 258 3370.209833397988 7216483.944886404 24321065153.614864
126 1 116 1.0 32.892441635375256 32.892441635375256
127 10 169 766.6651705632711 90110.55718762161 69084625.69579932
128 11 117 942.9223974109915 54320.48318538729 51220000.23368883
129 19 465 2668.9360872348193 17401283.66842837 46442913946.87837
130 11 221 942.9223974109915 232979.898453666 219681964.3985001
131 22 468 3370.209833397988 39248585.503833815 132275968811.98245
132 25 540 4060.496712466729 124367175.39346075 504992506823.9205
133 22 460 3370.209833397988 37370514.13890063 125946474230.06145
134 22 329 3370.209833397988 14406891.849517154 48554248579.94404
135 33 489 5744.298091538941 515604521.65729755 2961786069744.863
136 17 224 2206.0678959513543 1443418.503472169 3184279220.9321003
137 21 358 3136.7198300107975 14324540.068106024 44932068887.412384
138 20 332 2902.6872563902634 9028774.59933211 26207708970.30142
139 28 409 4724.12231882448 105691841.11541227 499301185530.9699
140 22 655 3370.209833397988 102097625.16836436 344090420309.0035
141 0 100 0.0 0.0 0.0
142 25 455 4060.496712466729 74876978.72726068 304037725961.4832
143 18 351 2436.3877014920204 6193008.927729825 15088570786.751228
144 5 86 139.6884681067044 3275.042744200361 457485.7039213258
145 26 502 4285.277943143774 126506008.0 542113405757.5698
146 24 407 3832.71054120725 42707125.586618185 163684050420.49338
147 1 100 1.0 0.0 0.0
148 17 263 2206.0678959513543 2198255.6710417396 4849501262.978183
149 37 686 6468.923834840442 3432827042.285077 22206696674722.754
150 36 683 6295.82243666837 2785599049.382332 17537636994663.367
151 19 404 2668.9360872348193 11879755.242846197 31706307475.149258
152 25 373 4060.496712466729 41560168.84887433 168754928980.41638
153 18 390 2436.3877014920204 8203535.642296735 19986993347.643208
154 36 592 6295.82243666837 1729780396.3754227 10890390230009.492
155 19 327 2668.9360872348193 6691642.296580273 17859565608.209972
156 13 274 1331.5823725933528 750456.7374587537 999294962.9939942
157 19 342 2668.9360872348193 7557968.94642057 20171736067.301987
158 9 198 604.9491004987461 88718.69751620591 53670296.25984911
159 26 492 4285.277943143774 119095488.0 510357267854.344
160 17 332 2206.0678959513543 4048097.2424651496 8930377366.291573
161 25 484 4060.496712466729 89917418.12804137 365109380702.40826
162 30 688 5146.386239304723 820248451.7706962 4221315345003.7144
163 20 261 2902.6872563902634 4648661.477054825 13493610428.71938
164 16 301 1979.1134619514044 2360980.5065731737 4672648303.963814
165 23 707 3602.4235623004615 165633374.6458832 596681571527.6696
166 33 696 5744.298091538941 1617895395.675721 9293673433689.684
167 1 100 1.0 0.0 0.0
168 23 485 3602.4235623004615 55849557.55044344 201193762063.7731
169 9 235 604.9491004987461 128324.87647944866 77630018.59785518
170 16 285 1979.1134619514044 2051622.2315091447 4060393177.2185287
171 30 615 5146.386239304723 576658012.2711753 2967704859137.1904
172 14 273 1540.4353185285338 1018811.257612624 1569412844.1409585
173 26 594 4285.277943143774 209584584.0 898128195038.1635
174 30 469 5146.386239304723 246133477.28624547 1266697940538.1553
175 16 260 1979.1134619514044 1620229.4116977807 3206617840.140682
176 36 683 6295.82243666837 2785599049.382332 17537636994663.367
177 19 517 2668.9360872348193 23203127.829958998 61927665202.10011
178 15 277 1756.7778603087352 1427786.7586369168 2508304166.815307
179 30 454 5146.386239304723 222240829.04714778 1143737144419.9148
180 28 423 4724.12231882448 117205961.15000612 553695296968.0188
181 27 432 4506.6139001521815 100665552.4175704 453660777791.5208
182 23 358 3602.4235623004615 23263411.10987447 83804660321.69412
183 33 530 5744.298091538941 669262138.9695325 3844441227621.9546
184 0 100 0.0 0.0 0.0
185 19 368 2668.9360872348193 9221095.512979796 24610514578.430847
186 36 688 6295.82243666837 2854132953.2643356 17969114284396.16
187 29 716 4937.473672561782 742811373.158392 3667611598649.026
188 18 265 2436.3877014920204 2925454.078418944 7127540337.939588
189 29 503 4937.473672561782 247970410.06357166 1224347371263.2344
190 18 322 2436.3877014920204 4920018.579392031 11987072757.942986
191 18 304 2436.3877014920204 4219917.534448581 10281355182.24105
192 31 829 5350.621552679651 1844306360.6075263 9868185362810.799
193 36 682 6295.82243666837 2772031851.100083 17452220323315.256
194 35 611 6117.310290426031 1582360337.5730715 9679789176197.76
195 31 667 5350.621552679651 924784707.0299436 4948172985022.953
196 5 77 139.6884681067044 2679.0520099722326 374232.6712512085
197 27 520 4506.6139001521815 176760735.8536851 796592389199.3455
198 18 396 2436.3877014920204 8544646.829361916 20818072448.650158
199 31 509 5350.621552679651 392006537.7772444 2097478629822.2537
