0 0 10 0.0 10.0 0.0
1 0 10 0.0 10.0 0.0
2 2 10 9.541850352986048 27.685321443873434 264.16919419175593
3 56 1201 8760.68123103637 710599254952.8368 6225333555653745.0
4 0 100 0.0 0.0 0.0
5 13 268 1331.5823725933528 711459.675934369 947367163.285185
6 2 106 9.541850352986048 13.252209915340185 126.45060385853394
7 1 32 1.0 78.7716859795011 78.7716859795011
8 0 100 0.0 0.0 0.0
9 0 5 0.0 5.0 0.0
10 0 100 0.0 0.0 0.0
11 0 100 0.0 0.0 0.0
12 0 7 0.0 7.0 0.0
13 0 100 0.0 0.0 0.0
14 0 100 0.0 0.0 0.0
15 0 9 0.0 9.0 0.0
16 0 100 0.0 0.0 0.0
17 0 5 0.0 5.0 0.0
18 0 100 0.0 0.0 0.0
19 0 8 0.0 8.0 0.0
20 0 100 0.0 0.0 0.0
21 1 49 1.0 134.74529814364382 134.74529814364382
22 0 100 0.0 0.0 0.0
23 0 18 0.0 18.0 0.0
24 0 100 0.0 0.0 0.0
25 0 100 0.0 0.0 0.0
26 0 100 0.0 0.0 0.0
27 0 100 0.0 0.0 0.0
28 0 100 0.0 0.0 0.0
29 1 116 1.0 32.892441635375256 32.892441635375256
30 3 142 32.9215577265747 377.3528472077043 12423.04354263576
31 6 124 225.58275470837765 10105.821436004986 2279699.0381249776
32 0 100 0.0 0.0 0.0
33 2 11 9.541850352986048 31.76494829034237 303.0963830567869
34 0 100 0.0 0.0 0.0
35 0 100 0.0 0.0 0.0
36 1 17 1.0 35.503281577765854 35.503281577765854
37 0 100 0.0 0.0 0.0
38 16 259 1979.1134619514044 1604254.4628505823 3175001603.8232064
39 0 9 0.0 9.0 0.0
40 1 110 1.0 18.1937008646705 18.1937008646705
41 0 100 0.0 0.0 0.0
42 16 444 1979.1134619514044 6414563.28957135 12695148558.929945
43 8 277 459.67273235884244 47421.23126688917 21798246.948271517
44 0 100 0.0 0.0 0.0
45 0 10 0.0 10.0 0.0
46 0 100 0.0 0.0 0.0
47 46 1137 7782.801884860074 106587937751.59885 829552802836491.8
48 0 100 0.0 0.0 0.0
49 0 100 0.0 0.0 0.0
50 1 37 1.0 94.5824071263594 94.5824071263594
51 31 704 5350.621552679651 1097689902.8723636 5873323252467.701
52 0 100 0.0 0.0 0.0
53 22 443 3370.209833397988 33575320.91405229 113155876704.03215
54 0 6 0.0 6.0 0.0
55 0 5 0.0 5.0 0.0
56 20 480 2902.6872563902634 13104707.581370598 38038867695.165306
57 4 118 75.61186198841948 3490.3453240355857 263911.508932904
58 0 100 0.0 0.0 0.0
59 0 10 0.0 10.0 0.0
60 0 100 0.0 0.0 0.0
61 0 100 0.0 0.0 0.0
62 1 10 1.0 18.1937008646705 18.1937008646705
63 0 100 0.0 0.0 0.0
64 32 719 5549.980220652734 1455646724.2594433 8078810527897.8545
65 0 100 0.0 0.0 0.0
66 3 35 32.9215577265747 282.5239294230334 9301.12785163911
67 1 22 1.0 49.12998068819353 49.12998068819353
68 6 80 225.58275470837765 4369.987349380403 985793.784313993
69 2 66 9.541850352986048 420.9557626935435 4016.6968928488986
70 48 919 8016.77096497358 69771389396.80698 559341248702187.7
71 0 100 0.0 0.0 0.0
72 0 100 0.0 0.0 0.0
73 43 1125 7393.130324549447 59105953590.31604 436978017849977.8
74 14 461 1540.4353185285338 3708953.466589961 5713402914.714017
75 1 8 1.0 13.734791927877684 13.734791927877684
76 10 197 766.6651705632711 126720.59559637398 97152267.03677335
77 1 10 1.0 18.1937008646705 18.1937008646705
78 0 100 0.0 0.0 0.0
79 3 143 32.9215577265747 391.71440685113555 12895.848457480626
80 0 5 0.0 5.0 0.0
81 2 127 9.541850352986048 115.98017876588344 1106.66550969663
82 0 100 0.0 0.0 0.0
83 0 100 0.0 0.0 0.0
84 0 18 0.0 18.0 0.0
85 0 100 0.0 0.0 0.0
86 2 78 9.541850352986048 535.6395391463575 5110.992325676955
87 1 122 1.0 49.12998068819353 49.12998068819353
88 0 100 0.0 0.0 0.0
89 21 681 3136.7198300107975 86813974.03086479 272311113864.656
90 47 1420 7902.318130854768 285874968819.655 2259074949261101.5
91 1 5 1.0 7.59708563275366 7.59708563275366
92 0 18 0.0 18.0 0.0
93 0 100 0.0 0.0 0.0
94 31 584 5350.621552679651 606475592.3845699 3245021375787.0386
95 26 706 4285.277943143774 351895816.0 1507971378589.38
96 2 59 9.541850352986048 358.10513855020525 3416.9856426813935
97 3 55 32.9215577265747 578.9666715492328 19060.48469917088
98 14 462 1540.4353185285338 3728826.822038097 5744016533.343996
99 0 100 0.0 0.0 0.0
100 47 1089 7902.318130854768 108966199170.99232 861085571359264.5
101 36 884 6295.82243666837 4410656431.101951 27768709719367.3
102 39 1128 6798.773358825962 27463145919.517487 186715704827165.4
103 33 965 5744.298091538941 4663477712.520854 26788406123967.926
104 0 100 0.0 0.0 0.0
105 17 454 2206.0678959513543 9192978.836401084 20280335479.14467
106 42 1037 7252.650449022947 36768291124.83893 266667563136369.5
107 13 339 1331.5823725933528 1253548.753707869 1669203423.6237648
108 18 588 2436.3877014920204 24536410.158150353 59780207948.0814
109 24 706 3832.71054120725 136772664.99077332 524210034859.1447
110 39 782 6798.773358825962 7845631626.70381 53340671286796.25
111 48 1065 8016.77096497358 119673420989.0858 959394406664362.9
112 40 913 6955.50474228233 16156466138.918266 112376376847769.89
113 21 550 3136.7198300107975 47709408.93972553 149651049099.3315
114 42 950 7252.650449022947 27048993101.563072 196176891963670.03
115 30 926 5146.386239304723 2085712081.1800704 10733879953736.73
116 24 576 3832.71054120725 117902850.89866078 451887499477.6839
117 51 1204 8330.590095344352 315117652448.30914 2625115994354048.0
118 46 1261 7782.801884860074 154860790385.313 1205250851301734.8
119 48 1219 8016.77096497358 196169272333.28336 1572644126661461.0
120 21 738 3136.7198300107975 72313246.10190299 226826393020.29013
121 17 336 2206.0678959513543 4177167.7857356323 9215115748.113585
122 16 410 1979.1134619514044 2546786.030492052 5040378517.6566
123 18 418 2436.3877014920204 9870771.804659542 24049027029.1067
124 0 100 0.0 0.0 0.0
125 51 1799 8330.590095344352 1139548530206.6614 9493111698903828.0
126 19 536 2668.9360872348193 25591337.46355683 68301644077.09121
127 41 1176 7106.788070274764 47077962759.56621 334573104112524.75
128 30 775 5146.386239304723 1192329988.6825514 6136190646466.238
129 25 684 4060.496712466729 250520087.69806945 1017235992504.8877
130 50 895 8230.818941038662 88435862906.2299 727899575475695.5
131 31 808 5350.621552679651 1700026554.746263 9096198723953.088
132 41 860 7106.788070274764 15863346330.31732 112737440454936.1
133 37 893 6468.923834840442 8330863792.044871 53891723349168.3
134 50 1183 8230.818941038662 248855995009.0753 2048288637311719.8
135 35 681 6117.310290426031 2263839581.4726796 13848609167616.582
136 30 817 5146.386239304723 1407336734.5920625 7242698404972.634
137 36 727 6295.82243666837 3429789710.407828 21593347011839.914
138 27 705 4506.6139001521815 445430203.87037414 2007381948309.8481
139 24 488 3832.71054120725 72608463.62427336 278287223913.61566
140 34 700 5933.442745663244 2025369883.411013 12017416242009.885
141 25 743 4060.496712466729 320105453.58132875 1299787141909.6565
142 33 617 5744.298091538941 1095067137.9219582 6290392070472.114
143 33 724 5744.298091538941 1838411836.8787231 10560385606045.047
144 18 434 2436.3877014920204 10911436.829735333 26584490497.574245
145 19 452 2668.9360872348193 16112188.78957461 43002402104.835976
146 50 855 8230.818941038662 74643229687.16138 614374908729387.2
147 28 767 4724.12231882448 729466471.7174183 3446088839874.4023
148 31 790 5350.621552679651 1582678074.1845872 8468311414685.576
149 46 1032 7782.801884860074 75135622477.70872 584765664239646.4
150 40 1314 6955.50474228233 56701468160.24473 394387330682952.75
151 31 991 5350.621552679651 2318878218.0724645 12407439771657.912
152 41 694 7106.788070274764 7527334696.59004 53495172422691.414
153 28 744 4724.12231882448 664326911.8745285 3138361591382.204
154 39 1023 6798.773358825962 19662098719.23524 133678152950942.61
155 47 1008 7902.318130854768 82281076554.36275 650211243081789.9
156 48 1145 8016.77096497358 155992738834.669 1250558059436481.0
157 40 782 6955.50474228233 9471208687.10286 65877036938289.54
158 33 866 5744.298091538941 3284109502.61831 18864903948295.258
159 32 846 5549.980220652734 2452680261.7806363 13612326940467.9
160 27 726 4506.6139001521815 486954733.3351898 2194516969993.2654
161 46 1054 7782.801884860074 81078561092.87762 631018378095390.6
162 52 1022 8425.648590871551 201538270765.3651 1698090647080887.8
163 34 711 5933.442745663244 2131349012.028197 12646237333895.229
164 35 791 6117.310290426031 3711657575.980352 22705361084082.348
165 27 656 4506.6139001521815 357914368.464405 1612981867985.8772
166 25 567 4060.496712466729 80879929.49732365 328412687828.4235
167 39 845 6798.773358825962 10226078996.889585 69524793449302.625
168 46 1261 7782.801884860074 154860790385.313 1205250851301734.8
169 48 1367 8016.77096497358 298356587136.47955 2391856424964339.0
170 48 1136 8016.77096497358 151552594019.34973 1214962435400751.5
171 34 735 5933.442745663244 2375833218.1046305 14096870372868.68
172 51 1165 8330.590095344352 278673535097.61945 2321514991318825.5
173 45 900 7658.1450374688 38476214208.123886 294656428898530.5
174 35 870 6117.310290426031 5082515583.142388 31091324878007.594
175 28 742 4724.12231882448 658855559.176816 3112514251988.78
176 23 574 3602.4235623004615 52273349.249531984 188310745016.87518
177 31 695 5350.621552679651 1053754244.5062613 5638240171882.865
178 46 882 7782.801884860074 42626909628.99395 331756792606294.1
179 51 1021 8330.590095344352 170302943169.5811 1418724011576504.2
180 26 608 4285.277943143774 224755712.0 963140695229.1744
181 28 727 4724.12231882448 618785769.9108746 2923219666206.952
182 43 1049 7393.130324549447 46173172578.64195 341364282371812.8
183 28 860 4724.12231882448 1036833370.9244429 4898127668486.182
184 29 702 4937.473672561782 433363740.4428772 2139722059079.6038
185 24 568 3832.71054120725 113178358.51276161 433779887708.3947
186 44 986 7528.2761260995885 44555441681.713844 335425667900268.8
187 55 1262 8683.506947919002 731520126134.2515 6352160097829358.0
188 47 1138 7902.318130854768 127866882846.18175 1010444786651264.6
189 36 931 6295.82243666837 7819860459.259909 49232452931024.36
190 31 1029 5350.621552679651 3662879821.1642466 19598683715996.805
191 50 1411 8230.818941038662 478409435955.4614 3937701447033834.5
192 43 1172 7393.130324549447 68294147018.42085 504907529311125.44
193 47 1181 7902.318130854768 146317782478.04575 1156249665342725.0
194 42 1031 7252.650449022947 36028365788.67944 261301143314828.97
195 39 977 6798.773358825962 16799469751.047665 114215787385825.47
196 49 1087 8126.242482129881 153308162200.0938 1245819300527660.8
197 35 798 6117.310290426031 3821223353.8412814 23375608944469.543
198 23 746 3602.4235623004615 127677180.35698527 459947282886.0894
199 1 106 1.0 9.55892689827884 9.55892689827884
