0 0 100 0.0 0.0 0.0
1 0 100 0.0 0.0 0.0
2 1 31 1.0 75.68293941204132 75.68293941204132
3 0 8 0.0 8.0 0.0
4 0 100 0.0 0.0 0.0
5 0 100 0.0 0.0 0.0
6 0 100 0.0 0.0 0.0
7 0 100 0.0 0.0 0.0
8 3 73 32.9215577265747 907.48753481702 29875.90326362549
9 0 11 0.0 11.0 0.0
10 2 55 9.541850352986048 323.62148105306557 3087.947743220061
11 0 100 0.0 0.0 0.0
12 0 100 0.0 0.0 0.0
13 1 7 1.0 11.607984241186918 11.607984241186918
14 0 9 0.0 9.0 0.0
15 0 6 0.0 6.0 0.0
16 9 130 604.9491004987461 35838.75307275326 21680621.434358757
17 0 8 0.0 8.0 0.0
18 0 100 0.0 0.0 0.0
19 0 100 0.0 0.0 0.0
20 0 100 0.0 0.0 0.0
21 2 21 9.541850352986048 80.71796600694597 770.1987524356932
22 1 8 1.0 13.734791927877684 13.734791927877684
23 1 103 1.0 3.9914906122521803 3.9914906122521803
24 0 100 0.0 0.0 0.0
25 0 5 0.0 5.0 0.0
26 1 37 1.0 94.5824071263594 94.5824071263594
27 0 10 0.0 10.0 0.0
28 2 31 9.541850352986048 141.5519192260369 1350.6672304328126
29 7 100 332.66880679862265 10000.0 3326688.0679862266
30 2 45 9.541850352986048 242.29532664846576 2311.945748107533
31 0 100 0.0 0.0 0.0
32 0 5 0.0 5.0 0.0
33 0 18 0.0 18.0 0.0
34 1 113 1.0 25.320989780782124 25.320989780782124
35 0 9 0.0 9.0 0.0
36 0 5 0.0 5.0 0.0
37 3 50 32.9215577265747 497.6760852315066 16384.27196908475
38 0 100 0.0 0.0 0.0
39 0 5 0.0 5.0 0.0
40 0 10 0.0 10.0 0.0
41 6 110 225.58275470837765 8036.070233330496 1812798.8602646885
42 1 106 1.0 9.55892689827884 9.55892689827884
43 0 100 0.0 0.0 0.0
44 0 5 0.0 5.0 0.0
45 0 100 0.0 0.0 0.0
46 1 19 1.0 40.84402933782601 40.84402933782601
47 0 8 0.0 8.0 0.0
48 0 100 0.0 0.0 0.0
49 4 84 75.61186198841948 1951.9617083430758 147591.45929791615
50 0 100 0.0 0.0 0.0
51 5 48 139.6884681067044 1135.058052192084 158554.52052289192
52 6 92 225.58275470837765 5709.4065807799225 1287943.6642424744
53 0 12 0.0 12.0 0.0
54 0 5 0.0 5.0 0.0
55 2 29 9.541850352986048 128.5709592386038 1226.8048527946264
56 2 18 9.541850352986048 64.62733255388774 616.6643359418604
57 2 24 9.541850352986048 97.86086952638261 933.7737724338355
58 4 203 75.61186198841948 2766.3252371383346 209167.00204558554
59 0 18 0.0 18.0 0.0
60 0 5 0.0 5.0 0.0
61 0 100 0.0 0.0 0.0
62 1 19 1.0 40.84402933782601 40.84402933782601
63 0 100 0.0 0.0 0.0
64 2 41 9.541850352986048 211.85407612585806 2021.4798910630518
65 2 34 9.541850352986048 161.72412498062124 1543.1473990327004
66 3 37 32.9215577265747 308.57807572808247 10158.870933237406
67 2 29 9.541850352986048 128.5709592386038 1226.8048527946264
68 0 18 0.0 18.0 0.0
69 0 100 0.0 0.0 0.0
70 0 100 0.0 0.0 0.0
71 1 16 1.0 32.892441635375256 32.892441635375256
72 0 100 0.0 0.0 0.0
73 2 43 9.541850352986048 226.91812071099523 2165.21875020514
74 0 5 0.0 5.0 0.0
75 0 10 0.0 10.0 0.0
76 0 100 0.0 0.0 0.0
77 0 5 0.0 5.0 0.0
78 5 53 139.6884681067044 1358.9929081032851 189835.63750082318
79 0 18 0.0 18.0 0.0
80 1 105 1.0 7.59708563275366 7.59708563275366
81 2 35 9.541850352986048 168.62869283493262 1609.0297522505775
82 0 5 0.0 5.0 0.0
83 5 165 139.6884681067044 1969.1653870843556 275069.6963705592
84 1 111 1.0 20.51504931294799 20.51504931294799
85 0 100 0.0 0.0 0.0
86 0 7 0.0 7.0 0.0
87 1 104 1.0 5.735193251789799 5.735193251789799
88 2 25 9.541850352986048 103.79546451213633 990.4007896934788
89 0 9 0.0 9.0 0.0
90 0 16 0.0 16.0 0.0
91 2 18 9.541850352986048 64.62733255388774 616.6643359418604
92 0 5 0.0 5.0 0.0
93 1 24 1.0 54.8222930413608 54.8222930413608
94 0 100 0.0 0.0 0.0
95 1 119 1.0 40.84402933782601 40.84402933782601
96 1 27 1.0 63.59241768810072 63.59241768810072
97 0 100 0.0 0.0 0.0
98 0 100 0.0 0.0 0.0
99 0 11 0.0 11.0 0.0
100 0 8 0.0 8.0 0.0
101 1 106 1.0 9.55892689827884 9.55892689827884
102 0 8 0.0 8.0 0.0
103 3 51 32.9215577265747 513.5688732735056 16907.48730804564
104 2 44 9.541850352986048 234.56808185291177 2238.2135346274663
105 6 131 225.58275470837765 11225.205072627472 2532212.6824497594
106 1 104 1.0 5.735193251789799 5.735193251789799
107 1 69 1.0 207.3980539424645 207.3980539424645
108 0 100 0.0 0.0 0.0
109 1 22 1.0 49.12998068819353 49.12998068819353
110 3 135 32.9215577265747 282.5239294230334 9301.12785163911
111 4 25 75.61186198841948 245.72185754407212 18579.487180160453
112 0 100 0.0 0.0 0.0
113 8 120 459.67273235884244 21128.626944217714 9712253.678439217
114 0 100 0.0 0.0 0.0
115 4 55 75.61186198841948 946.1899645328139 71543.18501308264
116 0 100 0.0 0.0 0.0
117 7 114 332.66880679862265 12996.0 4323363.8131549
118 0 8 0.0 8.0 0.0
119 1 105 1.0 7.59708563275366 7.59708563275366
120 3 141 32.9215577265747 363.1907597716439 11956.805563580698
121 0 100 0.0 0.0 0.0
122 1 53 1.0 148.74811262526265 148.74811262526265
123 1 104 1.0 5.735193251789799 5.735193251789799
124 2 46 9.541850352986048 250.0988923255542 2386.406204018009
125 2 55 9.541850352986048 323.62148105306557 3087.947743220061
126 3 75 32.9215577265747 947.2709566120693 31185.635480811874
127 1 27 1.0 63.59241768810072 63.59241768810072
128 4 187 75.61186198841948 2072.675291085697 156718.8380563789
129 1 5 1.0 7.59708563275366 7.59708563275366
130 7 234 332.66880679862265 17956.0 5973401.094876069
131 5 52 139.6884681067044 1312.7590262571498 183377.29737111018
132 4 25 75.61186198841948 245.72185754407212 18579.487180160453
133 5 74 139.6884681067044 2492.4098028308917 348160.9072515804
134 1 105 1.0 7.59708563275366 7.59708563275366
135 2 52 9.541850352986048 298.47302352672085 2847.984924895254
136 2 49 9.541850352986048 273.9583678426836 2614.069748903192
137 3 69 32.9215577265747 829.8335342600375 27319.412601589327
138 0 100 0.0 0.0 0.0
139 6 109 225.58275470837765 7896.900764171442 1781404.6280404862
140 0 7 0.0 7.0 0.0
141 2 36 9.541850352986048 175.6210676402407 1675.7499462548174
142 5 84 139.6884681067044 3137.9608221632784 438336.940226843
143 7 98 332.66880679862265 9604.0 3194951.220493972
144 0 6 0.0 6.0 0.0
145 3 146 32.9215577265747 435.9769523615719 14353.040404627594
146 5 61 139.6884681067044 1754.5251914699081 245086.93625105367
147 2 50 9.541850352986048 282.0582186126376 2691.3573128316116
148 0 100 0.0 0.0 0.0
149 3 53 32.9215577265747 545.90532331836 17972.053614869816
150 3 81 32.9215577265747 1070.3630949288454 35238.02041809513
151 4 93 75.61186198841948 2323.049658002374 175650.1101331206
152 1 12 1.0 22.891970023971037 22.891970023971037
153 1 27 1.0 63.59241768810072 63.59241768810072
154 5 44 139.6884681067044 969.0623078155637 135366.82927870372
155 1 47 1.0 127.85310766976465 127.85310766976465
156 4 78 75.61186198841948 1719.6349352173313 130024.79939211752
157 4 85 75.61186198841948 1991.8652456125124 150608.64005078256
158 4 63 75.61186198841948 1193.5182370479756 90244.13622033325
159 9 96 604.9491004987461 18649.78843579835 11282172.738728128
160 4 40 75.61186198841948 548.8883970182196 41502.47372238642
161 5 63 139.6884681067044 1860.4532693243248 259883.86717602485
162 2 104 9.541850352986048 811.0833138574295 7739.235604631607
163 2 39 9.541850352986048 197.11162840858907 1880.8096611081503
164 5 98 139.6884681067044 4152.387807071904 580040.6917548318
165 3 41 32.9215577265747 363.1907597716439 11956.805563580698
166 1 21 1.0 46.33316012586883 46.33316012586883
167 4 188 75.61186198841948 2113.579549242958 159811.6851789044
168 3 131 32.9215577265747 233.0178128969552 7671.309378607293
169 2 35 9.541850352986048 168.62869283493262 1609.0297522505775
170 0 100 0.0 0.0 0.0
171 3 135 32.9215577265747 282.5239294230334 9301.12785163911
172 2 47 9.541850352986048 257.9778488812911 2461.586028410529
173 5 101 139.6884681067044 4386.2526434047795 612708.9124861964
174 2 85 9.541850352986048 606.3224047881533 5785.43765215119
175 1 104 1.0 5.735193251789799 5.735193251789799
176 4 82 75.61186198841948 1873.1633591984112 141633.36939747448
177 2 31 9.541850352986048 141.5519192260369 1350.6672304328126
178 7 92 332.66880679862265 8464.0 2815708.780743542
179 5 100 139.6884681067044 4307.65770069211 601730.1053377293
180 8 82 459.67273235884244 9569.587872219572 4398878.604771212
181 1 27 1.0 63.59241768810072 63.59241768810072
182 3 36 32.9215577265747 295.444715883087 9726.500268956508
183 2 16 9.541850352986048 54.53075711894446 520.3243240639966
184 3 122 32.9215577265747 135.19579244279535 4450.856085295499
185 5 163 139.6884681067044 1860.4532693243248 259883.86717602485
186 3 179 32.9215577265747 1028.715399126087 33866.9133965458
187 4 35 75.61186198841948 436.83679879622173 33030.043742042886
188 4 68 75.61186198841948 1360.0227175454593 102833.85002016247
189 1 27 1.0 63.59241768810072 63.59241768810072
190 3 59 32.9215577265747 647.2206215128941 21307.511052966296
191 2 10 9.541850352986048 27.685321443873434 264.16919419175593
192 2 35 9.541850352986048 168.62869283493262 1609.0297522505775
193 7 130 332.66880679862265 16900.0 5622102.834896723
194 6 69 225.58275470837765 3293.0002682054314 742844.0717572076
195 3 35 32.9215577265747 282.5239294230334 9301.12785163911
196 4 63 75.61186198841948 1193.5182370479756 90244.13622033325
197 4 67 75.61186198841948 1326.001420918201 100261.43643491513
198 2 27 9.541850352986048 115.98017876588344 1106.66550969663
199 3 42 32.9215577265747 377.3528472077043 12423.04354263576
