0 5 88 139.6884681067044 3414.7546568712237 477001.8469785762
1 14 286 1540.4353185285338 1142666.6965205264 1760204136.6265445
2 0 100 0.0 0.0 0.0
3 3 64 32.9215577265747 736.4308795040106 24244.45171122346
4 0 100 0.0 0.0 0.0
5 1 9 1.0 15.931997307697284 15.931997307697284
6 1 105 1.0 7.59708563275366 7.59708563275366
7 0 100 0.0 0.0 0.0
8 0 100 0.0 0.0 0.0
9 0 10 0.0 10.0 0.0
10 12 236 1131.8354418063404 379760.94856701704 429826901.00214463
11 11 334 942.9223974109915 599704.1446221493 565474469.784425
12 0 100 0.0 0.0 0.0
13 6 76 225.58275470837765 3961.5666745886283 893661.1234146099
14 0 10 0.0 10.0 0.0
15 1 15 1.0 30.323695983612147 30.323695983612147
16 2 162 9.541850352986048 384.6592176812078 3670.3606920107695
17 5 80 139.6884681067044 2871.732646582133 401147.9342130701
18 1 103 1.0 3.9914906122521803 3.9914906122521803
19 0 100 0.0 0.0 0.0
20 0 9 0.0 9.0 0.0
21 1 120 1.0 43.57075425423803 43.57075425423803
22 0 100 0.0 0.0 0.0
23 11 274 942.9223974109915 381114.59277205664 359361485.5049414
24 1 7 1.0 11.607984241186918 11.607984241186918
25 21 362 3136.7198300107975 14777536.82680694 46352992803.36017
26 0 100 0.0 0.0 0.0
27 2 9 9.541850352986048 23.78240930402918 226.9281906125095
28 0 100 0.0 0.0 0.0
29 9 223 604.9491004987461 114622.38999967437 69340711.72731948
30 0 100 0.0 0.0 0.0
31 0 100 0.0 0.0 0.0
32 5 105 139.6884681067044 4707.005408790302 657514.3749238892
33 1 56 1.0 159.43324825478544 159.43324825478544
34 3 38 32.9215577265747 321.92161897300775 10598.16116245226
35 0 100 0.0 0.0 0.0
36 4 59 75.61186198841948 1066.8769814059906 80668.55507669134
37 12 309 1131.8354418063404 715691.3094394954 810044789.4164096
38 0 100 0.0 0.0 0.0
39 0 6 0.0 6.0 0.0
40 2 78 9.541850352986048 535.6395391463575 5110.992325676955
41 0 14 0.0 14.0 0.0
42 0 10 0.0 10.0 0.0
43 1 29 1.0 69.58346013935528 69.58346013935528
44 0 100 0.0 0.0 0.0
45 0 18 0.0 18.0 0.0
46 0 100 0.0 0.0 0.0
47 0 100 0.0 0.0 0.0
48 6 92 225.58275470837765 5709.4065807799225 1287943.6642424744
49 0 5 0.0 5.0 0.0
50 0 100 0.0 0.0 0.0
51 1 105 1.0 7.59708563275366 7.59708563275366
52 1 100 1.0 0.0 0.0
53 0 6 0.0 6.0 0.0
54 4 49 75.61186198841948 776.5950928818146 58719.80098386357
55 0 100 0.0 0.0 0.0
56 0 100 0.0 0.0 0.0
57 0 100 0.0 0.0 0.0
58 1 11 1.0 20.51504931294799 20.51504931294799
59 11 218 942.9223974109915 225802.58406272324 212914313.90601993
60 0 100 0.0 0.0 0.0
61 0 100 0.0 0.0 0.0
62 30 541 5146.386239304723 385489903.4969663 1983879934747.6929
63 33 730 5744.298091538941 1888228413.6456347 10846546872894.22
64 18 549 2436.3877014920204 20430517.18853453 49776660813.26686
65 1 120 1.0 43.57075425423803 43.57075425423803
66 41 810 7106.788070274764 12881647830.703503 91547141128724.45
67 0 100 0.0 0.0 0.0
68 0 7 0.0 7.0 0.0
69 9 256 604.9491004987461 154310.58695066036 93350050.77323554
70 2 41 9.541850352986048 211.85407612585806 2021.4798910630518
71 2 109 9.541850352986048 23.78240930402918 226.9281906125095
72 13 277 1331.5823725933528 770413.209898135 1025868649.9134194
73 1 11 1.0 20.51504931294799 20.51504931294799
74 0 100 0.0 0.0 0.0
75 0 100 0.0 0.0 0.0
76 0 100 0.0 0.0 0.0
77 22 492 3370.209833397988 45247091.379818246 152492192300.92078
78 1 100 1.0 0.0 0.0
79 0 100 0.0 0.0 0.0
80 22 597 3370.209833397988 78433525.6282488 264337439340.3972
81 11 192 942.9223974109915 168832.0419378618 159195513.7438417
82 0 100 0.0 0.0 0.0
83 0 100 0.0 0.0 0.0
84 0 100 0.0 0.0 0.0
85 1 61 1.0 177.57206294280297 177.57206294280297
86 0 100 0.0 0.0 0.0
87 0 100 0.0 0.0 0.0
88 0 100 0.0 0.0 0.0
89 26 786 4285.277943143774 485587656.0 2080878071719.6865
90 1 8 1.0 13.734791927877684 13.734791927877684
91 13 270 1331.5823725933528 724323.4864494693 964496386.6114737
92 1 25 1.0 57.71571011139208 57.71571011139208
93 15 375 1756.7778603087352 3063037.787743869 5381076970.797476
94 13 244 1331.5823725933528 567478.1203018626 755643861.8263704
95 23 460 3602.4235623004615 47942720.80923809 172709987083.99194
96 0 100 0.0 0.0 0.0
97 30 385 5146.386239304723 132408636.44801077 681425984581.1444
98 0 6 0.0 6.0 0.0
99 25 495 4060.496712466729 96107506.07557331 390244212463.24164
100 28 504 4724.12231882448 200781089.8933091 948514427962.8857
101 11 292 942.9223974109915 440877.2882848352 415713069.6335936
102 5 176 139.6884681067044 2616.164871066153 365448.0631538047
103 18 327 2436.3877014920204 5126528.416085452 12490210784.299961
104 1 29 1.0 69.58346013935528 69.58346013935528
105 11 293 942.9223974109915 444341.6250766303 418979670.3867522
106 34 819 5933.442745663244 3384892051.6794987 20084063188890.895
107 36 637 6295.82243666837 2208079427.5622168 13901676001992.055
108 1 10 1.0 18.1937008646705 18.1937008646705
109 20 456 2902.6872563902634 21671171.47667749 62904633276.39991
110 38 842 6636.579650383532 8324378887.5267725 55245403527042.484
111 17 354 2206.0678959513543 4789369.705087241 10565674748.234968
112 54 1326 8602.009448624298 749694938391.4663 6448882943629204.0
113 40 891 6955.50474228233 14853170148.455603 103311295405509.28
114 20 418 2902.6872563902634 17046162.112109292 49479677533.18218
115 20 163 2902.6872563902634 1268404.7638728118 3681782344.038312
116 27 712 4506.6139001521815 458996412.5567333 2068519612948.1597
117 8 248 459.67273235884244 32683.32902098925 15023635.15366118
118 24 526 3832.71054120725 90408774.28179446 346510662207.4606
119 32 758 5549.980220652734 1724399292.8989005 9570381968096.457
120 32 711 5549.980220652734 1404331537.4109726 7794012255869.742
121 29 682 4937.473672561782 638597073.2513292 3153056236553.446
122 19 479 2668.9360872348193 18860358.169736385 50337090537.383484
123 27 635 4506.6139001521815 324243877.9252579 1461241967297.2144
124 37 880 6468.923834840442 7930093894.500119 51299173406654.49
125 32 569 5549.980220652734 687253843.6896276 3814245239044.999
126 1 103 1.0 3.9914906122521803 3.9914906122521803
127 17 411 2206.0678959513543 7082775.241555386 15625083074.634436
128 22 601 3370.209833397988 79937277.33175237 269405398118.53394
129 0 100 0.0 0.0 0.0
130 28 670 4724.12231882448 481500970.68982345 2274669482171.447
131 26 521 4285.277943143774 141420761.0 606027267815.9072
132 27 738 4506.6139001521815 511809471.9590988 2306527680560.423
133 26 634 4285.277943143774 254840104.0 1092060676699.6654
134 14 285 1540.4353185285338 1132838.5888993952 1745064572.5326545
135 30 762 5146.386239304723 1130622406.6019177 5818619595185.699
136 21 375 3136.7198300107975 16313113.22461411 51169665740.85847
137 29 686 4937.473672561782 650307091.1942475 3210874141851.831
138 18 525 2436.3877014920204 10318043.49854488 25138754283.31444
139 16 368 1979.1134619514044 3958377.966876526 7834079121.737163
140 49 902 8126.242482129881 77103478098.05629 626561559240395.9
141 38 970 6636.579650383532 13451616675.036884 89272725490309.58
142 26 678 4285.277943143774 311665752.0 1335574372678.9175
143 42 883 7252.650449022947 20935002393.93372 151834254512659.88
144 25 448 4060.496712466729 71515584.53726253 290388795903.691
145 1 114 1.0 27.799106543625292 27.799106543625292
146 52 1281 8425.648590871551 470806582907.35846 3966850821846435.0
147 25 512 4060.496712466729 106218853.06067866 431301303654.87225
148 22 560 3370.209833397988 65385460.14939584 220362720756.74612
149 19 496 2668.9360872348193 20733038.200470727 55335153851.25438
150 21 490 3136.7198300107975 34517173.332296066 108270702067.33295
151 35 912 6117.310290426031 5938648397.271435 36328554951850.61
152 9 267 604.9491004987461 61474.84912546133 37189154.681743965
153 0 100 0.0 0.0 0.0
154 14 340 1540.4353185285338 1750507.077966952 2696542928.2344747
155 47 1104 7902.318130854768 114520578509.79588 904978043913937.0
156 27 614 4506.6139001521815 292766464.09857035 1319385416605.0217
157 0 100 0.0 0.0 0.0
158 23 361 3602.4235623004615 23830180.17744779 85846402565.1033
159 0 100 0.0 0.0 0.0
160 9 303 604.9491004987461 221873.82995653636 134222373.85641843
161 25 564 4060.496712466729 141466473.87240353 574424152083.155
162 26 514 4285.277943143774 135796744.0 581926791813.9417
163 46 1028 7782.801884860074 74089950628.47667 576627407400498.0
164 18 271 2436.3877014920204 3105555.3001002325 7566336739.4675665
165 33 609 5744.298091538941 1049733466.7681516 6029981949780.85
166 20 427 2902.6872563902634 18078028.16327943 52474861970.21548
167 34 693 5933.442745663244 1959867810.4824126 11628763442565.775
168 17 439 2206.0678959513543 8418140.132019414 18570988688.867725
169 18 409 2436.3877014920204 9313797.28117337 22692021150.04062
170 45 1124 7658.1450374688 85318210231.4044 653379228289349.5
171 22 618 3370.209833397988 86536627.41154277 291646592651.4793
172 22 616 3370.209833397988 85742565.71277682 288970438105.97363
173 21 452 3136.7198300107975 27529753.494677793 86353123702.06488
174 26 605 4285.277943143774 221445125.0 948953909779.216
175 25 367 4060.496712466729 39610756.074437045 160839344818.57315
176 16 404 1979.1134619514044 5031997.565727971 9958894122.838923
177 12 264 1131.8354418063404 494312.18162904494 559480046.484366
178 16 341 1979.1134619514044 3254053.6457571127 6440141376.229948
179 31 644 5350.621552679651 827288069.6774853 4426505375891.099
180 40 1019 6955.50474228233 23595983475.972927 164121974965945.2
181 38 684 6636.579650383532 4114098579.1184797 27303542909849.504
182 44 752 7528.2761260995885 16998084327.924088 127966272435338.48
183 21 550 3136.7198300107975 47709408.93972553 149651049099.3315
184 30 522 5146.386239304723 344538324.7433511 1773127293372.284
185 39 778 6798.773358825962 7709232549.162787 52413324872241.914
186 21 420 3136.7198300107975 22410300.79797362 70294834909.51067
187 24 485 3832.71054120725 71310992.98769163 273314394527.882
188 36 774 6295.82243666837 4225963609.348143 26605916508278.086
189 25 616 4060.496712466729 183705387.20866275 745935120823.2026
190 36 731 6295.82243666837 3493076241.1294074 21991787771895.734
191 18 417 2436.3877014920204 9807885.089865042 23895810610.594147
192 34 592 5933.442745663244 1170706786.315289 6946321688561.181
193 21 540 3136.7198300107975 45318422.27764928 142151193823.1056
194 29 652 4937.473672561782 555292246.1982121 2741740846181.3677
195 32 715 5549.980220652734 1429830699.3169591 7935532100091.189
196 30 558 5146.386239304723 424838172.25097114 2186381323603.7676
197 19 387 2668.9360872348193 10571295.91987148 28214113169.383194
198 35 749 6117.310290426031 3099772637.4713645 18962271053184.617
199 18 425 2436.3877014920204 10318043.49854488 25138754283.31444
