0 1 120 1.0 43.57075425423803 43.57075425423803
1 1 38 1.0 97.81435774219185 97.81435774219185
2 0 10 0.0 10.0 0.0
3 0 100 0.0 0.0 0.0
4 1 102 1.0 2.3948263510722025 2.3948263510722025
5 4 187 75.61186198841948 2072.675291085697 156718.8380563789
6 1 130 1.0 72.61998620345668 72.61998620345668
7 0 100 0.0 0.0 0.0
8 0 100 0.0 0.0 0.0
9 1 113 1.0 25.320989780782124 25.320989780782124
10 0 100 0.0 0.0 0.0
11 0 10 0.0 10.0 0.0
12 0 5 0.0 5.0 0.0
13 0 100 0.0 0.0 0.0
14 4 57 75.61186198841948 1005.7817905983286 76049.03394118624
15 0 100 0.0 0.0 0.0
16 26 485 4285.277943143774 57066625.0 244546349402.15707
17 0 100 0.0 0.0 0.0
18 0 8 0.0 8.0 0.0
19 1 26 1.0 60.63937356224698 60.63937356224698
20 0 100 0.0 0.0 0.0
21 0 100 0.0 0.0 0.0
22 2 50 9.541850352986048 282.0582186126376 2691.3573128316116
23 1 110 1.0 18.1937008646705 18.1937008646705
24 0 11 0.0 11.0 0.0
25 0 6 0.0 6.0 0.0
26 1 6 1.0 9.55892689827884 9.55892689827884
27 1 29 1.0 69.58346013935528 69.58346013935528
28 0 100 0.0 0.0 0.0
29 0 100 0.0 0.0 0.0
30 0 100 0.0 0.0 0.0
31 39 926 6798.773358825962 13985141367.20288 95081806546753.83
32 1 20 1.0 43.57075425423803 43.57075425423803
33 2 46 9.541850352986048 250.0988923255542 2386.406204018009
34 0 100 0.0 0.0 0.0
35 0 100 0.0 0.0 0.0
36 22 573 3370.209833397988 69795087.28896163 235224089504.12943
37 0 18 0.0 18.0 0.0
38 2 39 9.541850352986048 197.11162840858907 1880.8096611081503
39 18 568 2436.3877014920204 22372145.75823088 54507220781.34058
40 0 100 0.0 0.0 0.0
41 2 131 9.541850352986048 141.5519192260369 1350.6672304328126
42 0 100 0.0 0.0 0.0
43 1 10 1.0 18.1937008646705 18.1937008646705
44 1 104 1.0 5.735193251789799 5.735193251789799
45 0 100 0.0 0.0 0.0
46 0 100 0.0 0.0 0.0
47 1 20 1.0 43.57075425423803 43.57075425423803
48 0 7 0.0 7.0 0.0
49 1 103 1.0 3.9914906122521803 3.9914906122521803
50 0 100 0.0 0.0 0.0
51 0 100 0.0 0.0 0.0
52 37 930 6468.923834840442 9549192945.6448 61773001849571.86
53 0 100 0.0 0.0 0.0
54 26 592 4285.277943143774 207474688.0 889086704247.0363
55 1 23 1.0 51.960050539976365 51.960050539976365
56 0 100 0.0 0.0 0.0
57 1 35 1.0 88.18685030395203 88.18685030395203
58 1 120 1.0 43.57075425423803 43.57075425423803
59 0 100 0.0 0.0 0.0
60 0 100 0.0 0.0 0.0
61 0 100 0.0 0.0 0.0
62 36 632 6295.82243666837 2150852598.7242637 13541386049014.69
63 1 10 1.0 18.1937008646705 18.1937008646705
64 0 100 0.0 0.0 0.0
65 0 100 0.0 0.0 0.0
66 0 100 0.0 0.0 0.0
67 54 1246 8602.009448624298 591708702111.6278 5089883846397442.0
68 0 100 0.0 0.0 0.0
69 0 100 0.0 0.0 0.0
70 47 1221 7902.318130854768 165146431686.98755 1305039641366050.0
71 22 602 3370.209833397988 80316112.3936556 270682151769.39612
72 1 26 1.0 60.63937356224698 60.63937356224698
73 0 10 0.0 10.0 0.0
74 4 185 75.61186198841948 1991.8652456125124 150608.64005078256
75 0 100 0.0 0.0 0.0
76 0 100 0.0 0.0 0.0
77 5 165 139.6884681067044 1969.1653870843556 275069.6963705592
78 2 30 9.541850352986048 135.01359299654277 1288.2794999919763
79 5 176 139.6884681067044 12032.816953647316 1680845.767263375
80 0 100 0.0 0.0 0.0
81 36 860 6295.82243666837 6003435691.51251 37796565123720.16
82 1 113 1.0 25.320989780782124 25.320989780782124
83 1 28 1.0 66.57403288693754 66.57403288693754
84 1 110 1.0 18.1937008646705 18.1937008646705
85 4 77 75.61186198841948 1682.1075637745857 127187.28496180048
86 1 9 1.0 15.931997307697284 15.931997307697284
87 17 534 2206.0678959513543 8169180.8560403595 18021767622.73104
88 0 100 0.0 0.0 0.0
89 0 100 0.0 0.0 0.0
90 0 6 0.0 6.0 0.0
91 3 156 32.9215577265747 595.765723501293 19613.535657762357
92 0 100 0.0 0.0 0.0
93 8 241 459.67273235884244 29549.892713290425 13583279.924428858
94 0 100 0.0 0.0 0.0
95 2 21 9.541850352986048 80.71796600694597 770.1987524356932
96 0 100 0.0 0.0 0.0
97 0 100 0.0 0.0 0.0
98 1 31 1.0 75.68293941204132 75.68293941204132
99 0 9 0.0 9.0 0.0
100 26 620 4285.277943143774 238328000.0 1021301721633.5693
101 21 776 3136.7198300107975 125171715.1447681 392628601051.057
102 34 999 5933.442745663244 6483023766.929436 38466650339849.86
103 28 645 4724.12231882448 428408011.72352165 2023851849746.3083
104 27 760 4506.6139001521815 559560158.2806523 2521721587278.9424
105 30 792 5146.386239304723 1276436463.5366845 6569035051291.978
106 44 982 7528.2761260995885 43915852444.24597 330610663513329.2
107 21 519 3136.7198300107975 40551388.19552213 127198343487.36003
108 45 940 7658.1450374688 44963429219.35692 344336462343797.8
109 22 559 3370.209833397988 65053957.33228156 219245486702.70847
110 40 1032 6955.50474228233 24650304545.21434 171455310162942.03
111 28 572 4724.12231882448 296206247.52702326 1399314544917.6592
112 33 904 5744.298091538941 3774314920.664295 21680789995638.86
113 1 121 1.0 46.33316012586883 46.33316012586883
114 32 806 5549.980220652734 2099758853.2511728 11653620103684.475
115 24 666 3832.71054120725 180255584.91482028 690867480414.5103
116 24 505 3832.71054120725 80254970.82041991 307594072647.7037
117 23 409 3602.4235623004615 34159667.71442179 123057591854.7874
118 46 1087 7782.801884860074 90620063879.91557 705278003970747.2
119 34 786 5933.442745663244 2958824077.3926544 17556013257699.186
120 1 122 1.0 49.12998068819353 49.12998068819353
121 18 512 2436.3877014920204 16959788.4488955 41320619996.795425
122 44 1141 7528.2761260995885 74892588026.00359 563812082457974.8
123 28 1063 4724.12231882448 1467726864.801245 6933721239945.842
124 48 1472 8016.77096497358 391149822915.49243 3135758543303477.0
125 34 930 5933.442745663244 5129848808.49634 30437664199121.844
126 31 772 5350.621552679651 1471002735.9059668 7870778942789.199
127 47 1081 7902.318130854768 106085074837.85872 838318010304295.9
128 38 1004 6636.579650383532 15118674459.552984 100336287259042.58
129 39 949 6798.773358825962 15209229744.035929 103404105992014.88
130 29 988 4937.473672561782 2020254699.3250318 9974954389786.564
131 33 728 5744.298091538941 1871520519.9882038 10750571751244.205
132 22 452 3370.209833397988 35551712.21164722 119816730089.8288
133 34 746 5933.442745663244 2494130633.565193 14798781314463.865
134 0 100 0.0 0.0 0.0
135 37 1135 6468.923834840442 18656104010.193123 120684915896800.66
136 34 760 5933.442745663244 2650527335.977996 15726752193840.764
137 36 1012 6295.82243666837 10325906111.677313 65010071376829.07
138 46 1215 7782.801884860074 135425147721.32587 1053987094942988.9
139 0 100 0.0 0.0 0.0
140 30 991 5146.386239304723 2581117713.919285 13283428684939.871
141 48 1187 8016.77096497358 177973389255.99915 1426771899525434.8
142 39 998 6798.773358825962 18066838944.51668 122832343294179.38
143 54 1367 8602.009448624298 841741207966.254 7240665824222147.0
144 48 1042 8016.77096497358 110484301945.86482 885727343924983.1
145 7 131 332.66880679862265 17161.0 5708929.393471164
146 33 681 5744.298091538941 1507637108.543685 8660316965340.776
147 20 637 2902.6872563902634 54501452.14179263 158200670586.7453
148 22 583 3370.209833397988 73315108.24107729 247087298730.71655
149 44 1459 7528.2761260995885 139484935887.62076 1050081112793307.1
150 18 505 2436.3877014920204 16348095.661879392 39830299213.418
151 28 959 4724.12231882448 1449077048.8643024 6845617228236.163
152 54 1555 8602.009448624298 1374038664131.8613 1.181949357163738e+16
153 36 984 6295.82243666837 9404239239.885534 59207420406268.445
154 48 983 8016.77096497358 89262321035.0483 715595583539925.6
155 57 1416 8833.632285946418 1575350302011.5034 1.3916065289524256e+16
156 54 1145 8602.009448624298 429034140393.0792 3690555729443671.0
157 62 1494 9138.549208457687 4274867175410.724 3.906608404211142e+16
158 33 924 5744.298091538941 4051593975.4352894 23273563540783.6
159 18 423 2436.3877014920204 4960896.285159671 12086666697.540472
160 22 508 3370.209833397988 49558307.18920846 167021894215.62857
161 24 785 3832.71054120725 291507831.0654354 1117265136968.9565
162 31 1016 5350.621552679651 3517972743.4380045 18823340782778.95
163 22 711 3370.209833397988 128925192.44878429 434504951363.62085
164 48 1232 8016.77096497358 203933893388.08856 1634891315287646.0
165 25 618 4060.496712466729 185477991.52144542 753132774807.761
166 31 818 5350.621552679651 1767727494.2278295 9458440829879.818
167 16 499 1979.1134619514044 4873418.689508155 9645048534.13116
168 52 1385 8425.648590871551 631223314612.3132 5318465831288507.0
169 43 1027 7393.130324549447 42844265535.60378 316753238764321.1
170 43 1197 7393.130324549447 73577420793.54219 543967460870871.8
171 44 1138 7528.2761260995885 74194540495.82048 558556987901614.44
172 39 1019 6798.773358825962 19400413926.938232 131899017356663.81
173 28 803 4724.12231882448 839859121.985075 3967597222838.0244
174 17 414 2206.0678959513543 7219067.83320177 15925753785.52153
175 19 557 2668.9360872348193 28405191.034375478 75811639416.44365
176 48 1248 8016.77096497358 213794097857.23785 1713938316184624.8
177 1 103 1.0 3.9914906122521803 3.9914906122521803
178 35 863 6117.310290426031 4948733302.605708 30272937156603.9
179 17 617 2206.0678959513543 12922810.892777558 28508598236.00703
180 37 902 6468.923834840442 8616516048.347565 55739586038440.74
181 52 1204 8425.648590871551 373003912225.97095 3142799887436328.0
182 42 1261 7252.650449022947 72952338881.9222 529097813349247.25
183 41 911 7106.788070274764 19380489161.022243 137733029165642.25
184 26 1107 4285.277943143774 1021147343.0 4375900185657.7695
185 26 612 4285.277943143774 229220928.0 982275386865.347
186 35 1062 6117.310290426031 9818451527.154118 60062514563109.06
187 22 479 3370.209833397988 41929304.77953413 141310555275.5272
188 23 572 3602.4235623004615 89888984.76375511 323818196704.2186
189 40 1199 6955.50474228233 41346370043.46047 287584872913449.4
190 40 963 6955.50474228233 19417423469.072956 135057981022041.16
191 33 855 5744.298091538941 3150881180.1343427 18099600749711.67
192 54 1400 8602.009448624298 921669795310.4009 7928212287771691.0
193 24 684 3832.71054120725 194874193.2373413 746896374630.0167
194 42 1286 7252.650449022947 58849440334.709 426814419868276.4
195 53 985 8516.089422990353 206290845075.45145 1756791283806793.8
196 44 974 7528.2761260995885 42656512319.793396 321130003319773.6
197 23 582 3602.4235623004615 94496989.53943308 340418181683.31396
198 36 724 6295.82243666837 3382854667.7262163 21297852317059.035
199 48 817 8016.77096497358 45363943443.60156 363672344655368.6
