0 0 100 0.0 0.0 0.0
1 4 78 75.61186198841948 1719.6349352173313 130024.79939211752
2 3 136 32.9215577265747 295.444715883087 9726.500268956508
3 0 100 0.0 0.0 0.0
4 36 798 6295.82243666837 4678616499.905498 29455738732671.87
5 1 104 1.0 5.735193251789799 5.735193251789799
6 0 100 0.0 0.0 0.0
7 15 327 1756.7778603087352 2169018.6641598553 3810483967.792462
8 0 100 0.0 0.0 0.0
9 0 6 0.0 6.0 0.0
10 0 20 0.0 20.0 0.0
11 2 125 9.541850352986048 103.79546451213633 990.4007896934788
12 1 102 1.0 2.3948263510722025 2.3948263510722025
13 3 139 32.9215577265747 335.47304520277595 11044.29522335299
14 1 12 1.0 22.891970023971037 22.891970023971037
15 0 100 0.0 0.0 0.0
16 1 33 1.0 81.88562674252243 81.88562674252243
17 0 100 0.0 0.0 0.0
18 0 11 0.0 11.0 0.0
19 32 833 5549.980220652734 2333829406.7437787 12952707045805.676
20 10 212 766.6651705632711 149184.821393251 114374806.53890792
21 1 6 1.0 9.55892689827884 9.55892689827884
22 1 15 1.0 30.323695983612147 30.323695983612147
23 0 10 0.0 10.0 0.0
24 1 10 1.0 18.1937008646705 18.1937008646705
25 32 561 5549.980220652734 656738912.3320285 3644887973575.748
26 0 100 0.0 0.0 0.0
27 1 13 1.0 25.320989780782124 25.320989780782124
28 0 100 0.0 0.0 0.0
29 12 342 1131.8354418063404 908538.8078809978 1028316423.0161949
30 0 100 0.0 0.0 0.0
31 3 137 32.9215577265747 308.57807572808247 10158.870933237406
32 0 100 0.0 0.0 0.0
33 0 100 0.0 0.0 0.0
34 1 22 1.0 49.12998068819353 49.12998068819353
35 1 103 1.0 3.9914906122521803 3.9914906122521803
36 3 162 32.9215577265747 700.2360303580608 23052.86089566041
37 0 100 0.0 0.0 0.0
38 0 18 0.0 18.0 0.0
39 0 100 0.0 0.0 0.0
40 1 101 1.0 1.0 1.0
41 0 11 0.0 11.0 0.0
42 0 100 0.0 0.0 0.0
43 1 27 1.0 63.59241768810072 63.59241768810072
44 1 124 1.0 54.8222930413608 54.8222930413608
45 0 100 0.0 0.0 0.0
46 0 100 0.0 0.0 0.0
47 0 100 0.0 0.0 0.0
48 1 102 1.0 2.3948263510722025 2.3948263510722025
49 10 291 766.6651705632711 301751.16312576435 231342106.94547957
50 1 28 1.0 66.57403288693754 66.57403288693754
51 1 114 1.0 27.799106543625292 27.799106543625292
52 1 18 1.0 38.15436697768484 38.15436697768484
53 0 100 0.0 0.0 0.0
54 0 100 0.0 0.0 0.0
55 1 107 1.0 11.607984241186918 11.607984241186918
56 1 123 1.0 51.960050539976365 51.960050539976365
57 15 252 1756.7778603087352 1124993.9350205557 1976364438.025716
58 0 100 0.0 0.0 0.0
59 17 259 2206.0678959513543 2111711.516257531 4658578981.526496
60 1 5 1.0 7.59708563275366 7.59708563275366
61 0 100 0.0 0.0 0.0
62 2 129 9.541850352986048 128.5709592386038 1226.8048527946264
63 0 100 0.0 0.0 0.0
64 0 100 0.0 0.0 0.0
65 3 40 32.9215577265747 349.23013798641597 11497.20014757944
66 0 100 0.0 0.0 0.0
67 0 100 0.0 0.0 0.0
68 0 100 0.0 0.0 0.0
69 0 100 0.0 0.0 0.0
70 0 100 0.0 0.0 0.0
71 1 113 1.0 25.320989780782124 25.320989780782124
72 26 532 4285.277943143774 150568768.0 645229020436.732
73 2 121 9.541850352986048 80.71796600694597 770.1987524356932
74 0 10 0.0 10.0 0.0
75 0 100 0.0 0.0 0.0
76 2 47 9.541850352986048 257.9778488812911 2461.586028410529
77 30 716 5146.386239304723 929755021.3420342 4784878447759.114
78 5 167 139.6884681067044 2080.6456750556 290642.2070213566
79 44 1145 7528.2761260995885 75830645920.60283 570874041310785.4
80 2 17 9.541850352986048 59.51335422080222 567.8675199791454
81 24 533 3832.71054120725 93972055.48948254 360167687653.45233
82 0 100 0.0 0.0 0.0
83 0 100 0.0 0.0 0.0
84 8 166 459.67273235884244 41496.44758524493 19074785.444695026
85 0 5 0.0 5.0 0.0
86 1 103 1.0 3.9914906122521803 3.9914906122521803
87 29 445 4937.473672561782 169461214.1062117 836710283169.7755
88 0 100 0.0 0.0 0.0
89 39 690 6798.773358825962 5113606705.741289 34766253038507.664
90 0 100 0.0 0.0 0.0
91 1 113 1.0 25.320989780782124 25.320989780782124
92 0 5 0.0 5.0 0.0
93 0 100 0.0 0.0 0.0
94 0 100 0.0 0.0 0.0
95 0 100 0.0 0.0 0.0
96 1 16 1.0 32.892441635375256 32.892441635375256
97 21 330 3136.7198300107975 11401844.515856873 35764391791.58811
98 7 236 332.66880679862265 18496.0 6153042.250547324
99 0 100 0.0 0.0 0.0
100 45 994 7658.1450374688 54926117702.45811 420632175710506.75
101 44 988 7528.2761260995885 44877734485.454216 337851977120281.2
102 37 982 6468.923834840442 11465823082.716316 74171536225847.3
103 0 100 0.0 0.0 0.0
104 34 721 5933.442745663244 2230980432.173325 13237394660995.465
105 1 114 1.0 27.799106543625292 27.799106543625292
106 0 100 0.0 0.0 0.0
107 20 590 2902.6872563902634 44113407.33116217 128047425296.11725
108 39 1021 6798.773358825962 19530946203.92038 132786476723876.92
109 37 845 6468.923834840442 6918632692.848377 44756107931273.18
110 42 727 7252.650449022947 10594832735.459412 76840618396152.72
111 20 468 2902.6872563902634 23281225.689170755 67578117121.10158
112 24 647 3832.71054120725 165628083.6800373 634804502240.4354
113 41 1004 7106.788070274764 27171046554.545227 193098869510722.25
114 37 872 6468.923834840442 7690314583.821621 49748059308704.74
115 21 351 3136.7198300107975 13553474.684741663 42513452809.17851
116 34 651 5933.442745663244 1597386400.4537332 9478000749793.324
117 50 1261 8230.818941038662 315343681169.97003 2595536743910646.0
118 35 956 6117.310290426031 6938332825.075459 42443934789234.82
119 29 535 4937.473672561782 300351329.88301164 1482976783816.2888
120 27 517 4506.6139001521815 173682258.72383374 782718881374.6566
121 37 1066 6468.923834840442 15109331853.73811 97741116957160.38
122 24 756 3832.71054120725 172455398.1878773 660971622522.771
123 44 1206 7528.2761260995885 91206041695.94533 686624266255628.9
124 0 100 0.0 0.0 0.0
125 41 900 7106.788070274764 18579143036.2012 132038032085603.14
126 32 813 5549.980220652734 2158814509.8549023 11981377829752.834
127 0 100 0.0 0.0 0.0
128 24 508 3832.71054120725 81657013.4601508 312967696252.2222
129 33 850 5744.298091538941 3091577391.2069182 17758942108154.836
130 40 849 6955.50474228233 12575057888.744617 87465874779638.02
131 1 118 1.0 38.15436697768484 38.15436697768484
132 1 122 1.0 49.12998068819353 49.12998068819353
133 50 1066 8230.818941038662 169131675797.59854 1392092200684484.2
134 32 715 5549.980220652734 1429830699.3169591 7935532100091.189
135 45 998 7658.1450374688 55722205919.96432 426728734742789.3
136 28 650 4724.12231882448 438693333.5091885 2072440967950.2686
137 29 586 4937.473672561782 398567099.0284344 1967914558202.2195
138 30 653 5146.386239304723 696167597.9002918 3582747346083.8853
139 22 471 3370.209833397988 39968320.03856616 134701625218.3735
140 31 752 5350.621552679651 1353388405.9178925 7241469173851.032
141 37 804 6468.923834840442 5853281167.69174 37864430057703.8
142 22 494 3370.209833397988 45772130.004910566 154261682638.1207
143 30 517 5146.386239304723 334277151.3432201 1720319331786.7302
144 20 325 2902.6872563902634 8513256.778301371 24711321960.75342
145 41 919 7106.788070274764 19978536654.964024 141983225961045.4
146 23 491 3602.4235623004615 57865838.598774925 208457260420.50232
147 42 792 7252.650449022947 14301716958.242504 103725353918996.6
148 18 508 2436.3877014920204 16608529.838564085 40464817838.54079
149 50 1212 8230.818941038662 272240609869.3442 2240763168232515.2
150 2 157 9.541850352986048 340.72951581223015 3251.1900507256933
151 50 1114 8230.818941038662 199140569708.30215 1639089973084323.5
152 28 500 4724.12231882448 195925496.6553838 925576011576.4696
153 29 631 4937.473672561782 501582346.3140531 2476549629547.4033
154 40 1008 6955.50474228233 22729212430.026405 158093144845391.16
155 35 778 6117.310290426031 3514020633.96261 21496354584908.88
156 49 1295 8126.242482129881 292213219450.4406 2374595477738112.0
157 33 930 5744.298091538941 4137446508.855583 23766726084663.58
158 46 1043 7782.801884860074 78066216112.84537 607573893906946.9
159 23 537 3602.4235623004615 74921847.99779056 269900230558.33438
160 35 833 6117.310290426031 4403087484.444839 26935052378240.48
161 32 740 5549.980220652734 1596464411.833284 8860345908650.727
162 36 796 6295.82243666837 4639657414.1765585 29210459246627.527
163 26 664 4285.277943143774 292754944.0 1254536304269.4907
164 47 1243 7902.318130854768 176219686205.41888 1392544021314619.5
165 25 568 4060.496712466729 144459502.7314864 586577335925.779
166 49 1301 8126.242482129881 297232063156.47003 2415379818673218.5
167 25 719 4060.496712466729 290434434.7294763 1179308067406.1711
168 44 872 7528.2761260995885 28780835484.254993 216670076665316.75
169 49 1136 8126.242482129881 180347452908.10608 1465547133365769.8
170 18 417 2436.3877014920204 9807885.089865042 23895810610.594147
171 39 758 6798.773358825962 7052289825.331465 47946920183182.95
172 38 731 6636.579650383532 5154058938.870515 34205322670585.4
173 36 748 6295.82243666837 3771183837.4536386 23742703816641.742
174 50 1145 8230.818941038662 220478032749.91736 1814714768040962.2
175 36 854 6295.82243666837 5864999425.21288 36924994972302.34
176 39 891 6798.773358825962 12258570782.876198 83343244455901.0
177 40 1002 6955.50474228233 22266082480.226925 154871842283267.88
178 26 661 4285.277943143774 288804781.0 1237608757893.768
179 36 795 6295.82243666837 4620263279.026323 29088357215408.9
180 43 684 7393.130324549447 10203180961.173904 75433446570920.38
181 23 547 3602.4235623004615 79017282.52433632 284653720394.62164
182 28 593 4724.12231882448 330904438.8626413 1563233045029.0945
183 25 638 4060.496712466729 203830999.13508546 827655101886.8232
184 32 706 5549.980220652734 1372899914.81906 7619567372181.606
185 36 770 6295.82243666837 4153626762.2045665 26150496563033.707
186 40 874 6955.50474228233 13898580114.55477 96671639897776.6
187 30 593 5146.386239304723 514304544.3873217 2646809830046.7974
188 37 771 6468.923834840442 5084003221.781102 32888029617785.37
189 40 887 6955.50474228233 14624500754.6181 101720784352257.7
190 28 542 4724.12231882448 251022129.4605194 1185859244303.2878
191 27 555 4506.6139001521815 215421878.24428514 970823230892.5862
192 33 649 5744.298091538941 1289974448.052895 7409997760084.243
193 22 545 3370.209833397988 60526792.03694195 203987989706.9368
194 38 1101 6636.579650383532 20670165947.469505 137179202697026.75
195 45 1156 7658.1450374688 94346229053.06985 722517105826661.6
196 30 800 5146.386239304723 1317378942.6803856 6779740862560.142
197 38 846 6636.579650383532 8459250253.800644 56140488091875.08
198 37 745 6468.923834840442 4530214371.300023 29305611723439.43
199 37 780 6468.923834840442 5286289318.593309 34196602970910.7
