0 0 100 0.0 0.0 0.0
1 4 74 75.61186198841948 1571.597319835911 118831.39964880285
2 1 108 1.0 13.734791927877684 13.734791927877684
3 18 448 2436.3877014920204 11876121.27378186 28934835812.869873
4 1 119 1.0 40.84402933782601 40.84402933782601
5 0 5 0.0 5.0 0.0
6 0 100 0.0 0.0 0.0
7 4 127 75.61186198841948 3957.799227165441 299256.5689423066
8 20 363 2902.6872563902634 11550167.358987138 33526523602.10675
9 1 28 1.0 66.57403288693754 66.57403288693754
10 0 100 0.0 0.0 0.0
11 0 100 0.0 0.0 0.0
12 2 27 9.541850352986048 115.98017876588344 1106.66550969663
13 0 8 0.0 8.0 0.0
14 11 233 942.9223974109915 262961.44645937043 247952237.52213165
15 0 100 0.0 0.0 0.0
16 1 20 1.0 43.57075425423803 43.57075425423803
17 0 6 0.0 6.0 0.0
18 0 100 0.0 0.0 0.0
19 25 506 4060.496712466729 102573523.57335189 416499455255.7239
20 7 215 332.66880679862265 13225.0 4399544.969911785
21 0 100 0.0 0.0 0.0
22 0 100 0.0 0.0 0.0
23 14 234 1540.4353185285338 696608.4756750804 1073080299.1162189
24 0 100 0.0 0.0 0.0
25 0 7 0.0 7.0 0.0
26 0 10 0.0 10.0 0.0
27 31 659 5350.621552679651 890027334.7384226 4762199439725.431
28 17 392 2206.0678959513543 6256509.99734185 13802285845.834549
29 6 71 225.58275470837765 3478.001961782023 784577.2634199304
30 2 50 9.541850352986048 282.0582186126376 2691.3573128316116
31 2 24 9.541850352986048 97.86086952638261 933.7737724338355
32 12 214 1131.8354418063404 301705.1628707397 341480596.3130576
33 0 100 0.0 0.0 0.0
34 2 11 9.541850352986048 31.76494829034237 303.0963830567869
35 1 10 1.0 18.1937008646705 18.1937008646705
36 0 100 0.0 0.0 0.0
37 0 100 0.0 0.0 0.0
38 0 100 0.0 0.0 0.0
39 0 100 0.0 0.0 0.0
40 29 670 4937.473672561782 604326294.7890526 2983845170157.758
41 0 5 0.0 5.0 0.0
42 25 485 4060.496712466729 90468906.57227056 367348697717.16425
43 0 100 0.0 0.0 0.0
44 14 304 1540.4353185285338 1328289.7181599042 2046144395.0918286
45 0 6 0.0 6.0 0.0
46 0 100 0.0 0.0 0.0
47 0 100 0.0 0.0 0.0
48 1 44 1.0 117.65777237975428 117.65777237975428
49 0 100 0.0 0.0 0.0
50 7 179 332.66880679862265 6241.0 2076186.023230204
51 27 520 4506.6139001521815 176760735.8536851 796592389199.3455
52 30 652 5146.386239304723 692824039.370165 3565540102474.131
53 0 100 0.0 0.0 0.0
54 2 145 9.541850352986048 242.29532664846576 2311.945748107533
55 0 100 0.0 0.0 0.0
56 6 226 225.58275470837765 10419.918236435944 2350553.8596112807
57 1 6 1.0 9.55892689827884 9.55892689827884
58 0 100 0.0 0.0 0.0
59 1 17 1.0 35.503281577765854 35.503281577765854
60 0 100 0.0 0.0 0.0
61 0 100 0.0 0.0 0.0
62 1 104 1.0 5.735193251789799 5.735193251789799
63 1 8 1.0 13.734791927877684 13.734791927877684
64 0 100 0.0 0.0 0.0
65 0 100 0.0 0.0 0.0
66 14 265 1540.4353185285338 946756.3646287718 1458416942.1158388
67 0 10 0.0 10.0 0.0
68 0 100 0.0 0.0 0.0
69 0 100 0.0 0.0 0.0
70 2 19 9.541850352986048 69.8685662777562 666.6754038000371
71 0 13 0.0 13.0 0.0
72 17 451 2206.0678959513543 4683728.592295987 10332623280.813606
73 0 100 0.0 0.0 0.0
74 0 100 0.0 0.0 0.0
75 0 100 0.0 0.0 0.0
76 0 100 0.0 0.0 0.0
77 1 106 1.0 9.55892689827884 9.55892689827884
78 2 142 9.541850352986048 219.34644070399202 2092.9709126576195
79 0 6 0.0 6.0 0.0
80 6 240 225.58275470837765 12746.625951622225 2875418.9954042374
81 2 37 9.541850352986048 182.69988024795316 1743.2949168344405
82 0 100 0.0 0.0 0.0
83 4 91 75.61186198841948 2238.2761103848434 169240.22435039515
84 8 189 459.67273235884244 11347.35436611675 5216069.386516927
85 1 106 1.0 9.55892689827884 9.55892689827884
86 0 100 0.0 0.0 0.0
87 0 100 0.0 0.0 0.0
88 27 378 4506.6139001521815 67109371.95621149 302436028488.3457
89 33 560 5744.298091538941 799949118.9579417 4595146197358.361
90 0 100 0.0 0.0 0.0
91 0 8 0.0 8.0 0.0
92 0 9 0.0 9.0 0.0
93 1 7 1.0 11.607984241186918 11.607984241186918
94 0 5 0.0 5.0 0.0
95 26 591 4285.277943143774 206425071.0 884588803668.1875
96 0 6 0.0 6.0 0.0
97 2 113 9.541850352986048 40.41888428935346 385.6709453236695
98 0 100 0.0 0.0 0.0
99 1 7 1.0 11.607984241186918 11.607984241186918
100 2 60 9.541850352986048 366.8916913478798 3500.825614595415
101 4 183 75.61186198841948 1912.3940233356846 144599.67295993603
102 22 374 3370.209833397988 20744577.44343 69913578889.53387
103 10 155 766.6651705632711 74345.3976110817 56998026.94009416
104 11 313 942.9223974109915 214120.66733750328 201899172.98112
105 23 473 3602.4235623004615 51955874.8153043 187167067634.58536
106 30 499 5146.386239304723 299061737.54444826 1539087210801.309
107 11 140 942.9223974109915 81923.15277315897 77247175.61633398
108 4 80 75.61186198841948 1795.7178600152838 135777.5710016156
109 11 269 942.9223974109915 365379.41960174474 344524438.29551375
110 22 464 3370.209833397988 38302086.79504713 129086069556.33105
111 0 100 0.0 0.0 0.0
112 22 346 3370.209833397988 16626264.173233299 56033999009.30353
113 18 321 2436.3877014920204 4879352.128495992 11887993517.116547
114 35 684 6117.310290426031 2296936528.2938924 14051073460987.672
115 0 100 0.0 0.0 0.0
116 18 493 2436.3877014920204 8373005.160083629 20399886796.55698
117 21 434 3136.7198300107975 24566877.274644893 77059411108.82025
118 26 531 4285.277943143774 149721291.0 641597345941.3104
119 18 417 2436.3877014920204 9807885.089865042 23895810610.594147
120 23 582 3602.4235623004615 94496989.53943308 340418181683.31396
121 13 262 1331.5823725933528 673674.5636254904 897053173.7882222
122 9 204 604.9491004987461 94612.24633218389 57235593.31482044
123 16 348 1979.1134619514044 3428592.8976386646 6785574359.267654
124 36 702 6295.82243666837 3052296524.6228933 19216716943085.703
125 13 175 1331.5823725933528 254706.95345711283 339163289.400447
126 13 322 1331.5823725933528 1107361.522066571 1474543082.8719912
127 9 273 604.9491004987461 66332.16348879764 40127582.6366839
128 29 720 4937.473672561782 755781771.7707533 3731652600320.192
129 0 100 0.0 0.0 0.0
130 32 474 5549.980220652734 382517131.53649205 2122962514088.3508
131 25 392 4060.496712466729 48150386.53057797 195514486211.41412
132 20 341 2902.6872563902634 9720246.735167265 28214836327.139084
133 29 588 4937.473672561782 402809077.31865025 1988859214329.739
134 9 153 604.9491004987461 50906.707095139885 30795966.666558012
135 26 516 4285.277943143774 137388096.0 588746177439.3193
136 14 259 1540.4353185285338 894765.0606603131 1378327701.2264724
137 10 181 766.6651705632711 104962.02514306911 80470728.90897743
138 20 390 2902.6872563902634 14078318.521950588 40864955765.06898
139 16 276 1979.1134619514044 1889141.929026906 3738826223.273994
140 18 423 2436.3877014920204 10188986.021169122 24824320232.650562
141 18 313 2436.3877014920204 4561572.951562551 11113760238.645655
142 14 323 1540.4353185285338 1542501.3667381695 2376123584.2020106
143 19 514 2668.9360872348193 22839471.390716262 60957089408.04986
144 18 330 2436.3877014920204 5252992.122174724 12798325402.500965
145 22 289 3370.209833397988 9964743.309326395 33583275888.378628
146 0 100 0.0 0.0 0.0
147 16 316 1979.1134619514044 2675465.6404784503 5295050066.059338
148 0 100 0.0 0.0 0.0
149 7 101 332.66880679862265 10201.0 3393554.4981527496
150 25 499 4060.496712466729 98426549.06750332 399660678908.0424
151 12 221 1131.8354418063404 325424.97094098834 368327515.759809
152 33 585 5744.298091538941 921532804.4888424 5293559130115.785
153 16 281 1979.1134619514044 1978397.1662811837 3915472464.873602
154 23 475 3602.4235623004615 52592088.390941784 189458978410.11725
155 19 466 2668.9360872348193 17503050.270911533 46714522504.72097
156 20 446 2902.6872563902634 20385153.828411985 59171726237.28666
157 15 309 1756.7778603087352 1880624.9917681168 3303840349.081525
158 11 195 942.9223974109915 174932.4872505101 164947760.2633187
159 23 324 3602.4235623004615 17444757.007053677 62843403680.816246
160 28 525 4724.12231882448 227609925.37793258 1075257128463.8657
161 22 386 3370.209833397988 22693956.928053644 76483396797.63678
162 16 344 1979.1134619514044 3328174.026710203 6586834019.979176
163 15 347 1756.7778603087352 1069592.9085283494 1879037141.2458303
164 33 507 5744.298091538941 579663170.1106102 3329758041801.791
165 26 592 4285.277943143774 207474688.0 889086704247.0363
166 11 300 942.9223974109915 469020.6471953535 442250073.08869755
167 12 250 1131.8354418063404 434870.0731593232 492201361.38263816
168 12 188 1131.8354418063404 222487.8177576797 251819597.50829196
169 26 620 4285.277943143774 238328000.0 1021301721633.5693
170 14 252 1540.4353185285338 836301.7565706861 1288268762.768937
171 24 611 3832.71054120725 140098639.58880144 536957532760.7947
172 31 603 5350.621552679651 671362767.1259975 3592208091451.012
173 8 164 459.67273235884244 40463.25900302208 18599856.82606269
174 24 458 3832.71054120725 60313961.81154749 231165957217.0896
175 31 597 5350.621552679651 650382949.0691632 3479953024784.8164
176 18 367 2436.3877014920204 6975239.985816511 16994388916.398724
177 13 203 1331.5823725933528 364245.1060790388 485022362.558244
178 29 652 4937.473672561782 555292246.1982121 2741740846181.3677
179 40 781 6955.50474228233 9429510868.686512 65587007564551.805
180 16 316 1979.1134619514044 2675465.6404784503 5295050066.059338
181 8 179 459.67273235884244 48542.612462899684 22313715.306657497
182 14 193 1540.4353185285338 433180.6334596087 667286747.0837444
183 15 208 1756.7778603087352 693671.0685191004 1218625975.5110593
184 19 266 2668.9360872348193 3820686.7532019024 10197168753.64059
185 35 801 6117.310290426031 3868862772.0240765 23667034047549.062
186 18 335 2436.3877014920204 5468065.726742697 13322328087.585934
187 21 328 3136.7198300107975 11209273.376395466 35160350079.75175
188 15 252 1756.7778603087352 1124993.9350205557 1976364438.025716
189 28 447 4724.12231882448 138862313.52069205 656002554546.7037
190 26 396 4285.277943143774 62099136.0 266112057789.08548
191 15 235 1756.7778603087352 943445.0730592516 1657423416.7678504
192 21 564 3136.7198300107975 51190840.347026765 160571324031.43567
193 5 143 139.6884681067044 929.4139107485241 129828.40542952261
194 26 566 4285.277943143774 181321496.0 777013007426.6321
195 10 230 766.6651705632711 178828.0688431483 137101251.90113267
196 4 201 75.61186198841948 2675.1081136005973 202269.90548966953
197 25 401 4060.496712466729 51499732.043476656 209114492655.45444
198 21 347 3136.7198300107975 13125114.51279478 41169806963.44589
199 21 340 3136.7198300107975 12396625.75230459 38884741822.476326
