0 15 460 1756.7778603087352 5125417.95339597 9004220785.354948
1 2 21 9.541850352986048 80.71796600694597 770.1987524356932
2 3 47 32.9215577265747 451.11773253603667 14851.498473166615
3 1 37 1.0 94.5824071263594 94.5824071263594
4 0 100 0.0 0.0 0.0
5 6 216 225.58275470837765 8895.411906640642 2006651.5221656978
6 0 100 0.0 0.0 0.0
7 0 6 0.0 6.0 0.0
8 1 7 1.0 11.607984241186918 11.607984241186918
9 0 100 0.0 0.0 0.0
10 0 100 0.0 0.0 0.0
11 1 106 1.0 9.55892689827884 9.55892689827884
12 0 10 0.0 10.0 0.0
13 0 100 0.0 0.0 0.0
14 9 258 604.9491004987461 54558.58518037661 33005167.029353052
15 1 27 1.0 63.59241768810072 63.59241768810072
16 16 333 1979.1134619514044 3061360.12481094 6058779034.894563
17 1 11 1.0 20.51504931294799 20.51504931294799
18 0 100 0.0 0.0 0.0
19 0 5 0.0 5.0 0.0
20 0 5 0.0 5.0 0.0
21 1 11 1.0 20.51504931294799 20.51504931294799
22 1 29 1.0 69.58346013935528 69.58346013935528
23 0 100 0.0 0.0 0.0
24 0 100 0.0 0.0 0.0
25 0 100 0.0 0.0 0.0
26 0 100 0.0 0.0 0.0
27 0 100 0.0 0.0 0.0
28 0 100 0.0 0.0 0.0
29 10 137 766.6651705632711 56496.819585189216 43314143.823561445
30 2 144 9.541850352986048 234.56808185291177 2238.2135346274663
31 0 100 0.0 0.0 0.0
32 1 104 1.0 5.735193251789799 5.735193251789799
33 0 100 0.0 0.0 0.0
34 0 100 0.0 0.0 0.0
35 3 162 32.9215577265747 700.2360303580608 23052.86089566041
36 3 42 32.9215577265747 377.3528472077043 12423.04354263576
37 14 247 1540.4353185285338 795972.5966918325 1226144300.5249672
38 1 101 1.0 1.0 1.0
39 0 6 0.0 6.0 0.0
40 0 100 0.0 0.0 0.0
41 1 24 1.0 54.8222930413608 54.8222930413608
42 27 414 4506.6139001521815 88461515.48442772 398661895310.6494
43 16 345 1979.1134619514044 3353107.828373114 6636180842.50787
44 0 100 0.0 0.0 0.0
45 0 100 0.0 0.0 0.0
46 3 129 32.9215577265747 209.61005902119368 6900.689658136957
47 0 5 0.0 5.0 0.0
48 0 100 0.0 0.0 0.0
49 0 100 0.0 0.0 0.0
50 0 100 0.0 0.0 0.0
51 0 100 0.0 0.0 0.0
52 1 120 1.0 43.57075425423803 43.57075425423803
53 4 41 75.61186198841948 572.5607883495287 43292.38730866522
54 2 131 9.541850352986048 141.5519192260369 1350.6672304328126
55 13 291 1331.5823725933528 867626.1382352317 1155315671.6752782
56 0 6 0.0 6.0 0.0
57 0 100 0.0 0.0 0.0
58 11 244 942.9223974109915 292252.52594963956 275571452.41785216
59 9 211 604.9491004987461 101745.39241512935 61550783.621424444
60 0 100 0.0 0.0 0.0
61 1 101 1.0 1.0 1.0
62 0 100 0.0 0.0 0.0
63 1 17 1.0 35.503281577765854 35.503281577765854
64 0 100 0.0 0.0 0.0
65 0 6 0.0 6.0 0.0
66 23 371 3602.4235623004615 25784388.38260739 92886288249.01115
67 1 9 1.0 15.931997307697284 15.931997307697284
68 33 547 5744.298091538941 741337645.095706 4258464419909.2363
69 1 125 1.0 57.71571011139208 57.71571011139208
70 0 11 0.0 11.0 0.0
71 1 5 1.0 7.59708563275366 7.59708563275366
72 21 442 3136.7198300107975 25856946.98011788 81105998336.07356
73 1 111 1.0 20.51504931294799 20.51504931294799
74 1 6 1.0 9.55892689827884 9.55892689827884
75 0 100 0.0 0.0 0.0
76 5 141 139.6884681067044 852.3594055446428 119064.77963687235
77 15 295 1756.7778603087352 1673252.5473727717 2939533029.9296784
78 0 100 0.0 0.0 0.0
79 3 165 32.9215577265747 754.7803226662346 24848.54396353912
80 11 192 942.9223974109915 168832.0419378618 159195513.7438417
81 1 101 1.0 1.0 1.0
82 0 100 0.0 0.0 0.0
83 11 309 942.9223974109915 205026.02748631078 193323633.369044
84 23 446 3602.4235623004615 43853486.11690836 157978831676.56683
85 0 100 0.0 0.0 0.0
86 0 100 0.0 0.0 0.0
87 0 6 0.0 6.0 0.0
88 22 562 3370.209833397988 66051747.36590023 222608248485.6766
89 0 5 0.0 5.0 0.0
90 1 112 1.0 22.891970023971037 22.891970023971037
91 0 100 0.0 0.0 0.0
92 0 100 0.0 0.0 0.0
93 24 454 3832.71054120725 58786613.8408409 225312074549.67093
94 1 19 1.0 40.84402933782601 40.84402933782601
95 0 100 0.0 0.0 0.0
96 0 100 0.0 0.0 0.0
97 3 29 32.9215577265747 209.61005902119368 6900.689658136957
98 1 5 1.0 7.59708563275366 7.59708563275366
99 16 318 1979.1134619514044 2719222.753287943 5381650357.076731
100 19 501 2668.9360872348193 21305272.09428362 56862409540.79051
101 12 226 1131.8354418063404 343002.1415770093 388221980.45233524
102 4 154 75.61186198841948 916.9626779842689 69333.25545627807
103 10 232 766.6651705632711 182304.83328898528 139766766.1080086
104 17 242 2206.0678959513543 1767517.0253857954 3899262565.251038
105 20 283 2902.6872563902634 5811561.958578793 16869146836.889103
106 29 567 4937.473672561782 359768212.53064805 1776346077594.6865
107 19 337 2668.9360872348193 7261780.728929458 19381228645.026203
108 19 479 2668.9360872348193 18860358.169736385 50337090537.383484
109 13 200 1331.5823725933528 351406.3812696562 467926542.91549313
110 7 242 332.66880679862265 20164.0 6707933.820287427
111 36 613 6295.82243666837 1942838512.36809 12231766296990.418
112 12 225 1131.8354418063404 339444.1642772938 384194935.6433748
113 0 100 0.0 0.0 0.0
114 0 100 0.0 0.0 0.0
115 1 111 1.0 20.51504931294799 20.51504931294799
116 6 130 225.58275470837765 11061.859988496359 2495364.8484033914
117 28 483 4724.12231882448 176171612.33851138 832256245791.6558
118 23 372 3602.4235623004615 25985369.75921633 93610308295.69078
119 14 274 1540.4353185285338 1028039.6669067617 1583628611.7514853
120 13 219 1331.5823725933528 437323.9661405178 582332884.4253258
121 9 140 604.9491004987461 42042.90237411894 25433815.97357985
122 19 422 2668.9360872348193 13371938.35932792 35688848843.489845
123 25 470 4060.496712466729 82428879.92675975 334702195954.9227
124 13 370 1331.5823725933528 724323.4864494693 964496386.6114737
125 10 311 766.6651705632711 147624.3184025647 113178423.24738891
126 7 227 332.66880679862265 16129.0 5365615.184854985
127 17 426 2206.0678959513543 7780411.707803128 17164116485.86853
128 18 280 2436.3877014920204 3388445.661567987 8255567337.018236
129 25 552 4060.496712466729 132734475.3586796 538967900824.91455
130 5 228 139.6884681067044 6746.128809296412 942356.3990211216
131 28 485 4724.12231882448 178422464.126354 842889544958.9691
132 26 845 4285.277943143774 603351125.0 2585527267933.482
133 28 480 4724.12231882448 172831367.9249147 816476522607.0549
134 16 323 1979.1134619514044 2830520.163046145 5601920559.009509
135 34 497 5933.442745663244 660633425.3669046 3919830605285.9204
136 32 606 5549.980220652734 841155839.5788666 4668398272149.254
137 17 372 2206.0678959513543 5454165.20107824 12032258749.313768
138 24 501 3832.71054120725 78410351.50084978 300524180737.0727
139 32 571 5549.980220652734 695032243.3878406 3857415203518.412
140 26 463 4285.277943143774 99252847.0 425326036043.32367
141 15 352 1756.7778603087352 2611472.2322071567 4587776600.352565
142 18 380 2436.3877014920204 7654182.316487444 18648555660.86771
143 28 570 4724.12231882448 293035805.05188245 1384336986860.2974
144 0 100 0.0 0.0 0.0
145 8 137 459.67273235884244 27832.86327038359 12794008.308867292
146 19 426 2668.9360872348193 13718787.752394835 36614567705.48163
147 28 407 4724.12231882448 104112005.34316897 491837848099.2381
148 17 386 2206.0678959513543 6008643.244342751 13255474959.569532
149 28 706 4724.12231882448 565497404.7315286 2671478910929.5347
150 0 100 0.0 0.0 0.0
151 26 652 4285.277943143774 277167808.0 1187741094171.9084
152 31 568 5350.621552679651 555278542.1589221 2971085335416.065
153 11 258 942.9223974109915 332070.923593502 313117111.38526714
154 23 448 3602.4235623004615 44423129.770288266 160030929395.61755
155 24 504 3832.71054120725 79791168.44841911 305816452407.49927
156 27 422 4506.6139001521815 93755085.95514579 422517973575.4226
157 29 385 4937.473672561782 108050709.15986541 533497531778.46564
158 22 522 3370.209833397988 53541854.01577438 180447282902.32236
159 37 732 6468.923834840442 4269881348.574366 27621537227733.367
160 18 393 2436.3877014920204 8373005.160083629 20399886796.55698
161 27 712 4506.6139001521815 458996412.5567333 2068519612948.1597
162 19 425 2668.9360872348193 13631549.187405197 36381733551.182205
163 28 578 4724.12231882448 305856256.9173781 1444902369655.5002
164 9 173 604.9491004987461 66332.16348879764 40127582.6366839
165 40 616 6955.50474228233 4159875233.789548 28934031915926.016
166 33 566 5744.298091538941 828050068.111112 4756566425949.351
167 19 333 2668.9360872348193 7030190.028455888 18763127867.0643
168 20 460 2902.6872563902634 22199692.44024189 64438764342.073395
169 28 514 4724.12231882448 213273847.76072326 1007531744228.0072
170 14 234 1540.4353185285338 696608.4756750804 1073080299.1162189
171 7 249 332.66880679862265 22201.0 7385580.179736221
172 20 363 2902.6872563902634 11550167.358987138 33526523602.10675
173 23 597 3602.4235623004615 101694056.76904935 366345066250.7441
174 20 440 2902.6872563902634 19637468.358474057 57001429151.90967
175 37 883 6468.923834840442 8021349413.751885 51889498410202.984
176 14 223 1540.4353185285338 618611.2410048468 952930604.0826327
177 12 215 1131.8354418063404 305030.63425581815 345244482.6874022
178 25 465 4060.496712466729 79858083.89921798 324263487136.6668
179 26 652 4285.277943143774 277167808.0 1187741094171.9084
180 20 421 2902.6872563902634 17385825.640497103 50465614528.49403
181 17 327 2206.0678959513543 3890266.7662725043 8582192619.7602625
182 16 356 1979.1134619514044 3634932.99187315 7193944817.507446
183 23 345 3602.4235623004615 20909179.87709333 75323722257.61967
184 20 304 2902.6872563902634 7080435.268983905 20552289224.97575
185 17 251 2206.0678959513543 1945020.81997725 4290847987.9087896
186 21 375 3136.7198300107975 16313113.22461411 51169665740.85847
187 32 737 5549.980220652734 1575797501.15541 8745644963166.529
188 27 591 4506.6139001521815 260718578.16767946 1174957968398.3774
189 13 242 1331.5823725933528 556332.1568343635 740802093.347479
190 22 526 3370.209833397988 54716903.28858119 184407445516.26303
191 26 660 4285.277943143774 287496000.0 1232000267542.0625
192 21 434 3136.7198300107975 24566877.274644893 77059411108.82025
193 34 525 5933.442745663244 790353636.226561 4689518049377.055
194 32 840 5549.980220652734 2397321059.688264 13305084463824.117
195 19 302 2668.9360872348193 5392306.072990233 14391720271.619106
196 10 177 766.6651705632711 99872.9294110967 76569096.46161199
197 32 618 5549.980220652734 895759346.7235886 4971446656780.73
198 25 550 4060.496712466729 131314805.16499655 533203334670.67755
199 19 460 2668.9360872348193 16898056.856651843 45099833748.86388
