0 23 570 3602.4235623004615 88985378.65849765 320563024779.6006
1 0 100 0.0 0.0 0.0
2 2 17 9.541850352986048 59.51335422080222 567.8675199791454
3 1 110 1.0 18.1937008646705 18.1937008646705
4 0 100 0.0 0.0 0.0
5 4 79 75.61186198841948 1757.505455801544 132888.25996796062
6 0 100 0.0 0.0 0.0
7 0 100 0.0 0.0 0.0
8 0 100 0.0 0.0 0.0
9 0 100 0.0 0.0 0.0
10 0 100 0.0 0.0 0.0
11 3 140 32.9215577265747 349.23013798641597 11497.20014757944
12 1 6 1.0 9.55892689827884 9.55892689827884
13 1 26 1.0 60.63937356224698 60.63937356224698
14 0 5 0.0 5.0 0.0
15 3 125 32.9215577265747 165.61186212092687 5452.200479019623
16 0 100 0.0 0.0 0.0
17 7 214 332.66880679862265 12996.0 4323363.8131549
18 1 105 1.0 7.59708563275366 7.59708563275366
19 7 149 332.66880679862265 22201.0 7385580.179736221
20 4 52 75.61186198841948 859.6554919481086 65000.15241476724
21 0 100 0.0 0.0 0.0
22 0 100 0.0 0.0 0.0
23 0 100 0.0 0.0 0.0
24 1 11 1.0 20.51504931294799 20.51504931294799
25 0 100 0.0 0.0 0.0
26 0 6 0.0 6.0 0.0
27 1 106 1.0 9.55892689827884 9.55892689827884
28 15 259 1756.7778603087352 1205408.7646549423 2117635430.3679054
29 2 112 9.541850352986048 36.01211998010309 343.62225974392254
30 0 100 0.0 0.0 0.0
31 0 100 0.0 0.0 0.0
32 1 106 1.0 9.55892689827884 9.55892689827884
33 0 100 0.0 0.0 0.0
34 17 295 2206.0678959513543 2970057.0644257143 6552147538.973092
35 8 87 459.67273235884244 10823.372908066605 4975209.3979896465
36 1 104 1.0 5.735193251789799 5.735193251789799
37 1 18 1.0 38.15436697768484 38.15436697768484
38 1 13 1.0 25.320989780782124 25.320989780782124
39 2 6 9.541850352986048 13.252209915340185 126.45060385853394
40 2 30 9.541850352986048 135.01359299654277 1288.2794999919763
41 0 100 0.0 0.0 0.0
42 0 100 0.0 0.0 0.0
43 0 100 0.0 0.0 0.0
44 0 100 0.0 0.0 0.0
45 0 9 0.0 9.0 0.0
46 1 16 1.0 32.892441635375256 32.892441635375256
47 13 176 1331.5823725933528 258228.9833600467 343853162.33494043
48 0 100 0.0 0.0 0.0
49 0 100 0.0 0.0 0.0
50 0 100 0.0 0.0 0.0
51 0 100 0.0 0.0 0.0
52 0 100 0.0 0.0 0.0
53 0 5 0.0 5.0 0.0
54 3 43 32.9215577265747 391.71440685113555 12895.848457480626
55 5 97 139.6884681067044 4075.7152237055247 569330.4160385987
56 1 30 1.0 72.61998620345668 72.61998620345668
57 29 677 4937.473672561782 624161709.3219626 3081782007198.35
58 0 100 0.0 0.0 0.0
59 1 106 1.0 9.55892689827884 9.55892689827884
60 5 149 139.6884681067044 1178.39286145179 164607.89364407648
61 0 100 0.0 0.0 0.0
62 1 12 1.0 22.891970023971037 22.891970023971037
63 0 100 0.0 0.0 0.0
64 10 287 766.6651705632711 112857.51981217459 86523929.67614858
65 2 127 9.541850352986048 115.98017876588344 1106.66550969663
66 0 100 0.0 0.0 0.0
67 4 159 75.61186198841948 1066.8769814059906 80668.55507669134
68 1 25 1.0 57.71571011139208 57.71571011139208
69 0 100 0.0 0.0 0.0
70 0 100 0.0 0.0 0.0
71 0 100 0.0 0.0 0.0
72 0 100 0.0 0.0 0.0
73 0 100 0.0 0.0 0.0
74 2 118 9.541850352986048 64.62733255388774 616.6643359418604
75 8 167 459.67273235884244 42018.11591959734 19314582.153331883
76 1 102 1.0 2.3948263510722025 2.3948263510722025
77 17 322 2206.0678959513543 3736299.602115112 8242530601.881968
78 0 100 0.0 0.0 0.0
79 0 100 0.0 0.0 0.0
80 6 217 225.58275470837765 9042.681338614557 2039872.9663147116
81 3 73 32.9215577265747 907.48753481702 29875.90326362549
82 2 20 9.541850352986048 75.23327232919837 717.8646261306569
83 1 18 1.0 38.15436697768484 38.15436697768484
84 6 84 225.58275470837765 4797.4874870676995 1082230.443011704
85 0 100 0.0 0.0 0.0
86 1 10 1.0 18.1937008646705 18.1937008646705
87 1 13 1.0 25.320989780782124 25.320989780782124
88 0 100 0.0 0.0 0.0
89 13 207 1331.5823725933528 381784.2534940421 508377182.08637863
90 0 100 0.0 0.0 0.0
91 0 100 0.0 0.0 0.0
92 9 139 604.9491004987461 41398.5782979627 25044032.703279447
93 0 100 0.0 0.0 0.0
94 0 100 0.0 0.0 0.0
95 0 100 0.0 0.0 0.0
96 1 9 1.0 15.931997307697284 15.931997307697284
97 0 100 0.0 0.0 0.0
98 1 54 1.0 152.29279760785363 152.29279760785363
99 1 112 1.0 22.891970023971037 22.891970023971037
100 5 56 139.6884681067044 1501.9949206988383 209811.36957647165
101 29 529 4937.473672561782 290008009.61652726 1431906912313.6475
102 3 44 32.9215577265747 406.27351121486885 13375.156852238497
103 14 235 1540.4353185285338 703973.305306163 1084425342.794884
104 2 45 9.541850352986048 242.29532664846576 2311.945748107533
105 8 248 459.67273235884244 32683.32902098925 15023635.15366118
106 0 100 0.0 0.0 0.0
107 2 37 9.541850352986048 182.69988024795316 1743.2949168344405
108 6 113 225.58275470837765 8460.534002517481 1908550.5665917895
109 23 483 3602.4235623004615 55187814.0242611 198809881592.85403
110 20 350 2902.6872563902634 10444576.469645826 30317339016.834545
111 21 448 3136.7198300107975 26852533.78828788 84228875219.75757
112 0 100 0.0 0.0 0.0
113 2 42 9.541850352986048 219.34644070399202 2092.9709126576195
114 1 35 1.0 88.18685030395203 88.18685030395203
115 28 492 4724.12231882448 186453130.47438946 880827395088.7561
116 12 177 1131.8354418063404 193080.10141779442 218534901.89222237
117 29 588 4937.473672561782 402809077.31865025 1988859214329.739
118 1 102 1.0 2.3948263510722025 2.3948263510722025
119 0 100 0.0 0.0 0.0
120 19 279 2668.9360872348193 4349017.273274782 11607249144.65064
121 14 327 1540.4353185285338 1590039.9240702433 2449353656.908231
122 31 493 5350.621552679651 354206123.43230563 1895222918128.0034
123 15 343 1756.7778603087352 1026481.4884919698 1803299952.9994483
124 14 334 1540.4353185285338 1675305.4796376156 2580699730.1581683
125 31 457 5350.621552679651 278424564.01791924 1489744473029.714
126 10 191 766.6651705632711 118296.7449298396 90693994.12871525
127 31 555 5350.621552679651 515925669.76639444 2760523008232.7544
128 2 106 9.541850352986048 13.252209915340185 126.45060385853394
129 23 609 3602.4235623004615 107702600.00210874 387990383968.6182
130 30 456 5146.386239304723 225330879.66381067 1159639738392.2637
131 16 306 1979.1134619514044 2463143.6663327124 4874840788.759409
132 6 107 225.58275470837765 7622.045029127996 1719401.9141819899
133 24 357 3832.71054120725 29110331.003841672 111571472496.4562
134 9 125 604.9491004987461 32934.84879335048 19923907.152599588
135 29 631 4937.473672561782 501582346.3140531 2476549629547.4033
136 23 409 3602.4235623004615 34159667.71442179 123057591854.7874
137 26 498 4285.277943143774 123505992.0 529257503363.6914
138 0 100 0.0 0.0 0.0
139 14 215 1540.4353185285338 565311.5939489864 870825945.29268
140 16 295 1979.1134619514044 2241856.8700637026 4436889111.311314
141 8 125 459.67273235884244 23001.09948770076 10572978.24876898
142 18 358 2436.3877014920204 6528083.171488659 15904941553.331993
143 20 478 2902.6872563902634 24679616.27167091 71637207644.38094
144 14 183 1540.4353185285338 379913.03535972105 585231457.637494
145 16 282 1979.1134619514044 1996551.0755601001 3951401111.1145496
146 7 131 332.66880679862265 17161.0 5708929.393471164
147 20 295 2902.6872563902634 6517059.277435576 18916984913.752182
148 14 243 1540.4353185285338 764558.9851738521 1177753663.8601353
149 27 415 4506.6139001521815 89111956.37258552 401593181258.44867
150 21 364 3136.7198300107975 15007446.602457665 47074155355.757126
151 22 327 3370.209833397988 14159219.783414356 47719541747.3064
152 16 299 1979.1134619514044 2320853.6274755825 4593232657.355675
153 18 315 2436.3877014920204 4639765.1738377735 11304266807.349337
154 7 211 332.66880679862265 12321.0 4098812.36856583
155 34 606 5933.442745663244 1263724658.9753425 7498237910313.003
156 22 482 3370.209833397988 42680438.962600656 143842035085.49936
157 15 299 1756.7778603087352 1731013.6222401606 3041006407.4443426
158 7 160 332.66880679862265 25600.0 8516321.45404474
159 32 525 5549.980220652734 530889760.1765039 2946427668326.67
160 18 379 2436.3877014920204 7600551.732386276 18517890765.339794
161 19 370 2668.9360872348193 9357762.159001023 24975269121.918243
162 19 361 2668.9360872348193 8752711.290221969 23360427023.621048
163 9 214 604.9491004987461 104887.63073855339 63451677.868732505
164 15 286 1756.7778603087352 1547585.1108618248 2718763259.7054935
165 19 300 2668.9360872348193 5295921.904875905 14134477087.10067
166 13 209 1331.5823725933528 390735.2774924319 520296207.8592946
167 31 495 5350.621552679651 358788285.5323661 1919740333418.4587
168 10 154 766.6651705632711 73282.88036813155 56183431.976801366
169 24 411 3832.71054120725 43946050.66252638 168432491618.6927
170 12 185 1131.8354418063404 214229.6252136221 242472682.5016667
171 22 366 3370.209833397988 19507392.046930376 65744004500.51446
172 30 516 5146.386239304723 332250229.35130215 1709888008339.3796
173 23 396 3602.4235623004615 31120712.492786575 112109987959.5927
174 10 132 766.6651705632711 52013.27544633191 39876766.69161645
175 22 420 3370.209833397988 28851741.795634072 97236423910.30568
176 18 336 2436.3877014920204 5511729.468689084 13428709891.465233
177 15 287 1756.7778603087352 1561256.5726585807 2742780981.108091
178 9 163 604.9491004987461 58346.35307910868 35296573.81258904
179 40 909 6955.50474228233 15913693487.817825 110687770521744.31
180 2 21 9.541850352986048 80.71796600694597 770.1987524356932
181 19 290 2668.9360872348193 4830326.69150281 12891833220.08542
182 26 434 4285.277943143774 81746504.0 350306490520.3143
183 22 364 3370.209833397988 19205767.05368287 64727464982.27312
184 11 215 942.9223974109915 218751.50513045487 206265693.6548713
185 16 239 1979.1134619514044 1304760.3121149486 2582268698.326611
186 18 336 2436.3877014920204 5511729.468689084 13428709891.465233
187 31 480 5350.621552679651 325394585.11960953 1741063280266.236
188 20 396 2902.6872563902634 14683989.0278364 42623027824.07517
189 21 298 3136.7198300107975 8567444.19900784 26873672111.538868
190 3 140 32.9215577265747 349.23013798641597 11497.20014757944
191 7 187 332.66880679862265 7569.0 2517970.198658775
192 20 364 2902.6872563902634 11638165.412810624 33781954431.52733
193 32 561 5549.980220652734 656738912.3320285 3644887973575.748
194 26 436 4285.277943143774 82881856.0 355171789403.61847
195 15 285 1756.7778603087352 1533986.1083700403 2694872833.205643
196 26 453 4285.277943143774 92959677.0 398358053449.86957
197 19 202 2668.9360872348193 1810032.486507293 4830861022.306685
198 25 424 4060.496712466729 60752061.63800743 246683546556.70526
199 27 246 4506.6139001521815 18209045.399054665 82061137103.88188
