0 0 6 0.0 6.0 0.0
1 4 45 75.61186198841948 671.3571728121805 50762.565895610074
2 0 100 0.0 0.0 0.0
3 4 45 75.61186198841948 671.3571728121805 50762.565895610074
4 0 6 0.0 6.0 0.0
5 0 100 0.0 0.0 0.0
6 0 100 0.0 0.0 0.0
7 2 37 9.541850352986048 182.69988024795316 1743.2949168344405
8 0 9 0.0 9.0 0.0
9 2 27 9.541850352986048 115.98017876588344 1106.66550969663
10 6 55 225.58275470837765 2133.9982456992793 481393.20280768874
11 1 100 1.0 0.0 0.0
12 0 5 0.0 5.0 0.0
13 3 38 32.9215577265747 321.92161897300775 10598.16116245226
14 0 100 0.0 0.0 0.0
15 0 10 0.0 10.0 0.0
16 1 20 1.0 43.57075425423803 43.57075425423803
17 0 100 0.0 0.0 0.0
18 1 8 1.0 13.734791927877684 13.734791927877684
19 4 63 75.61186198841948 1193.5182370479756 90244.13622033325
20 1 103 1.0 3.9914906122521803 3.9914906122521803
21 3 151 32.9215577265747 513.5688732735056 16907.48730804564
22 0 100 0.0 0.0 0.0
23 0 100 0.0 0.0 0.0
24 2 30 9.541850352986048 135.01359299654277 1288.2794999919763
25 3 138 32.9215577265747 321.92161897300775 10598.16116245226
26 1 9 1.0 15.931997307697284 15.931997307697284
27 12 139 1131.8354418063404 109381.79250386295 123802189.44417918
28 1 9 1.0 15.931997307697284 15.931997307697284
29 1 115 1.0 30.323695983612147 30.323695983612147
30 0 100 0.0 0.0 0.0
31 1 104 1.0 5.735193251789799 5.735193251789799
32 1 105 1.0 7.59708563275366 7.59708563275366
33 0 100 0.0 0.0 0.0
34 2 31 9.541850352986048 141.5519192260369 1350.6672304328126
35 2 119 9.541850352986048 69.8685662777562 666.6754038000371
36 1 113 1.0 25.320989780782124 25.320989780782124
37 0 100 0.0 0.0 0.0
38 0 100 0.0 0.0 0.0
39 1 110 1.0 18.1937008646705 18.1937008646705
40 0 100 0.0 0.0 0.0
41 1 26 1.0 60.63937356224698 60.63937356224698
42 1 18 1.0 38.15436697768484 38.15436697768484
43 0 5 0.0 5.0 0.0
44 1 35 1.0 88.18685030395203 88.18685030395203
45 1 101 1.0 1.0 1.0
46 0 100 0.0 0.0 0.0
47 0 7 0.0 7.0 0.0
48 0 7 0.0 7.0 0.0
49 1 105 1.0 7.59708563275366 7.59708563275366
50 1 106 1.0 9.55892689827884 9.55892689827884
51 2 31 9.541850352986048 141.5519192260369 1350.6672304328126
52 0 100 0.0 0.0 0.0
53 1 106 1.0 9.55892689827884 9.55892689827884
54 1 35 1.0 88.18685030395203 88.18685030395203
55 0 100 0.0 0.0 0.0
56 2 118 9.541850352986048 64.62733255388774 616.6643359418604
57 2 23 9.541850352986048 92.0346545141889 878.1809006631623
58 1 10 1.0 18.1937008646705 18.1937008646705
59 2 94 9.541850352986048 701.0400005336373 6689.218776549226
60 0 10 0.0 10.0 0.0
61 1 19 1.0 40.84402933782601 40.84402933782601
62 2 24 9.541850352986048 97.86086952638261 933.7737724338355
63 0 5 0.0 5.0 0.0
64 1 6 1.0 9.55892689827884 9.55892689827884
65 5 70 139.6884681067044 2253.023098877021 314721.345291151
66 0 100 0.0 0.0 0.0
67 4 50 75.61186198841948 803.8922494719358 60783.78982063209
68 1 35 1.0 88.18685030395203 88.18685030395203
69 2 32 9.541850352986048 148.1842032776824 1413.95149235211
70 3 50 32.9215577265747 497.6760852315066 16384.27196908475
71 1 26 1.0 60.63937356224698 60.63937356224698
72 1 107 1.0 11.607984241186918 11.607984241186918
73 1 104 1.0 5.735193251789799 5.735193251789799
74 1 7 1.0 11.607984241186918 11.607984241186918
75 0 5 0.0 5.0 0.0
76 3 48 32.9215577265747 466.4489382157433 15356.225645969067
77 0 7 0.0 7.0 0.0
78 2 14 9.541850352986048 44.97826169706515 429.17584225083993
79 1 106 1.0 9.55892689827884 9.55892689827884
80 0 10 0.0 10.0 0.0
81 2 22 9.541850352986048 86.31942417916456 823.6470280735138
82 0 100 0.0 0.0 0.0
83 0 100 0.0 0.0 0.0
84 4 52 75.61186198841948 859.6554919481086 65000.15241476724
85 1 6 1.0 9.55892689827884 9.55892689827884
86 0 100 0.0 0.0 0.0
87 0 10 0.0 10.0 0.0
88 3 17 32.9215577265747 89.78750677036001 2955.9445872656233
89 1 103 1.0 3.9914906122521803 3.9914906122521803
90 1 106 1.0 9.55892689827884 9.55892689827884
91 0 100 0.0 0.0 0.0
92 1 100 1.0 0.0 0.0
93 5 157 139.6884681067044 1551.0877169304622 216669.0670771418
94 0 10 0.0 10.0 0.0
95 1 9 1.0 15.931997307697284 15.931997307697284
96 0 6 0.0 6.0 0.0
97 0 100 0.0 0.0 0.0
98 1 18 1.0 38.15436697768484 38.15436697768484
99 0 100 0.0 0.0 0.0
100 5 81 139.6884681067044 2937.2940727723303 410306.1094044695
101 0 100 0.0 0.0 0.0
102 2 47 9.541850352986048 257.9778488812911 2461.586028410529
103 0 100 0.0 0.0 0.0
104 0 100 0.0 0.0 0.0
105 1 27 1.0 63.59241768810072 63.59241768810072
106 1 102 1.0 2.3948263510722025 2.3948263510722025
107 6 109 225.58275470837765 7896.900764171442 1781404.6280404862
108 7 82 332.66880679862265 6724.0 2236865.056913939
109 3 30 32.9215577265747 221.1993434691573 7282.2269551002855
110 1 105 1.0 7.59708563275366 7.59708563275366
111 0 100 0.0 0.0 0.0
112 5 141 139.6884681067044 852.3594055446428 119064.77963687235
113 6 104 225.58275470837765 7218.483555423629 1628365.4052495863
114 0 6 0.0 6.0 0.0
115 1 108 1.0 13.734791927877684 13.734791927877684
116 6 53 225.58275470837765 1988.0215081420156 448463.36822617933
117 8 175 459.67273235884244 46313.45274338213 21289031.36752259
118 0 100 0.0 0.0 0.0
119 7 87 332.66880679862265 7569.0 2517970.198658775
120 7 90 332.66880679862265 8100.0 2694617.3350688433
121 4 56 75.61186198841948 975.7969952136767 73781.82773081094
122 2 102 9.541850352986048 2.7174426159984844 25.929430784684467
123 0 100 0.0 0.0 0.0
124 4 86 75.61186198841948 2032.1034843472744 153651.12820465246
125 3 48 32.9215577265747 466.4489382157433 15356.225645969067
126 1 107 1.0 11.607984241186918 11.607984241186918
127 1 27 1.0 63.59241768810072 63.59241768810072
128 2 34 9.541850352986048 161.72412498062124 1543.1473990327004
129 11 175 942.9223974109915 136544.81137309276 128751160.89394824
130 5 55 139.6884681067044 1453.6132803589628 203053.01235290492
131 6 84 225.58275470837765 4797.4874870676995 1082230.443011704
132 2 17 9.541850352986048 59.51335422080222 567.8675199791454
133 3 79 32.9215577265747 1028.715399126087 33866.9133965458
134 6 121 225.58275470837765 9643.286769790522 2175359.1939721988
135 4 40 75.61186198841948 548.8883970182196 41502.47372238642
136 7 117 332.66880679862265 13689.0 4553903.296266345
137 5 65 139.6884681067044 1969.1653870843556 275069.6963705592
138 5 89 139.6884681067044 3485.593399577667 486897.20242984424
139 1 7 1.0 11.607984241186918 11.607984241186918
140 8 141 459.67273235884244 29549.892713290425 13583279.924428858
141 12 185 1131.8354418063404 214229.6252136221 242472682.5016667
142 5 133 139.6884681067044 574.5435462484656 80257.10783604163
143 10 109 766.6651705632711 33977.85568453712 26049638.52375986
144 4 152 75.61186198841948 859.6554919481086 65000.15241476724
145 0 100 0.0 0.0 0.0
146 3 36 32.9215577265747 295.444715883087 9726.500268956508
147 3 27 32.9215577265747 187.1321231368427 6160.680994346051
148 7 79 332.66880679862265 6241.0 2076186.023230204
149 6 55 225.58275470837765 2133.9982456992793 481393.20280768874
150 7 85 332.66880679862265 7225.0 2403532.1291200486
151 5 48 139.6884681067044 1135.058052192084 158554.52052289192
152 8 80 459.67273235884244 9090.477490208035 4178644.62637048
153 5 157 139.6884681067044 1551.0877169304622 216669.0670771418
154 8 108 459.67273235884244 16970.39141279495 7800826.189918491
155 7 63 332.66880679862265 3969.0 1320362.4941837334
156 11 119 942.9223974109915 56469.811181865436 53246649.74095057
157 2 112 9.541850352986048 36.01211998010309 343.62225974392254
158 5 114 139.6884681067044 5465.679515018471 763492.3986151252
159 9 169 604.9491004987461 63071.970849882 38155332.03231925
160 6 57 225.58275470837765 2284.902982010436 515434.70892330084
161 9 127 604.9491004987461 34080.638090162705 20617051.357067235
162 8 222 459.67273235884244 21867.711360392437 10051990.63146609
163 4 28 75.61186198841948 298.26715011537044 22552.534590202584
164 1 105 1.0 7.59708563275366 7.59708563275366
165 5 186 139.6884681067044 3275.042744200361 457485.7039213258
166 5 69 139.6884681067044 2194.8788310889477 306599.26159464906
167 5 82 139.6884681067044 3003.520233876968 419557.14039776416
168 1 11 1.0 20.51504931294799 20.51504931294799
169 2 39 9.541850352986048 197.11162840858907 1880.8096611081503
170 3 40 32.9215577265747 349.23013798641597 11497.20014757944
171 11 185 942.9223974109915 155069.9102871652 146218891.5742812
172 5 154 139.6884681067044 1405.9451433371921 196394.3233148333
173 11 104 942.9223974109915 41481.41690305604 39113757.074234426
174 3 38 32.9215577265747 321.92161897300775 10598.16116245226
175 6 175 225.58275470837765 3862.4525781644106 871302.6925128031
176 4 81 75.61186198841948 1834.2709028460106 138692.63835536616
177 11 153 942.9223974109915 100391.00291225547 94660925.14451775
178 7 209 332.66880679862265 43681.0 14531306.149770636
179 8 85 459.67273235884244 10312.241978741979 4740256.447113881
180 13 123 1331.5823725933528 108885.14585142951 144989540.85301977
181 2 24 9.541850352986048 97.86086952638261 933.7737724338355
182 4 69 75.61186198841948 1394.4010936602072 105433.26305033677
183 10 139 766.6651705632711 58347.49958109673 44732995.71828191
184 6 152 225.58275470837765 1916.8860894212144 432416.4445138071
185 7 115 332.66880679862265 13225.0 4399544.969911785
186 12 182 1131.8354418063404 206150.43298129964 233328366.39195767
187 4 174 75.61186198841948 1571.597319835911 118831.39964880285
188 5 199 139.6884681067044 4229.702363015084 590840.6436368847
189 6 90 225.58275470837765 5474.33581455389 1234915.7532457968
190 3 65 32.9215577265747 754.7803226662346 24848.54396353912
191 2 31 9.541850352986048 141.5519192260369 1350.6672304328126
192 5 66 139.6884681067044 2024.56047903646 282807.7519059787
193 7 80 332.66880679862265 6400.0 2129080.363511185
194 6 158 225.58275470837765 2362.1985438616953 532871.2546924397
195 6 134 225.58275470837765 11722.091250421281 2644301.6352130035
196 5 160 139.6884681067044 1702.6102917613564 237835.0234388529
197 5 192 139.6884681067044 3702.0246060004592 517130.14610553003
198 5 43 139.6884681067044 929.4139107485241 129828.40542952261
199 4 164 75.61186198841948 1226.095534977771 92707.36637535656
