0 12 374 1131.8354418063404 1121197.8216437304 1269011431.812438
1 35 678 6117.310290426031 2231076563.0116444 13648187617639.475
2 0 100 0.0 0.0 0.0
3 26 786 4285.277943143774 485587656.0 2080878071719.6865
4 0 100 0.0 0.0 0.0
5 0 100 0.0 0.0 0.0
6 0 5 0.0 5.0 0.0
7 17 512 2206.0678959513543 12597835.549171438 27791680563.50181
8 5 107 139.6884681067044 4871.189817186799 680449.0434198013
9 0 100 0.0 0.0 0.0
10 1 13 1.0 25.320989780782124 25.320989780782124
11 0 100 0.0 0.0 0.0
12 29 800 4937.473672561782 1048517239.142456 5177026263493.043
13 0 100 0.0 0.0 0.0
14 1 123 1.0 51.960050539976365 51.960050539976365
15 0 100 0.0 0.0 0.0
16 0 100 0.0 0.0 0.0
17 0 100 0.0 0.0 0.0
18 0 5 0.0 5.0 0.0
19 1 104 1.0 5.735193251789799 5.735193251789799
20 0 6 0.0 6.0 0.0
21 13 288 1331.5823725933528 846224.8585576818 1126818104.9057124
22 37 1012 6468.923834840442 12686533658.63355 82068219965840.1
23 0 100 0.0 0.0 0.0
24 1 10 1.0 18.1937008646705 18.1937008646705
25 0 100 0.0 0.0 0.0
26 0 100 0.0 0.0 0.0
27 0 100 0.0 0.0 0.0
28 18 319 2436.3877014920204 4798651.235884049 11691374854.857382
29 43 879 7393.130324549447 24734675910.55483 182866682542225.62
30 2 118 9.541850352986048 64.62733255388774 616.6643359418604
31 0 100 0.0 0.0 0.0
32 41 1133 7106.788070274764 41360382485.0541 293939472826783.8
33 0 100 0.0 0.0 0.0
34 0 18 0.0 18.0 0.0
35 0 9 0.0 9.0 0.0
36 0 100 0.0 0.0 0.0
37 1 120 1.0 43.57075425423803 43.57075425423803
38 1 33 1.0 81.88562674252243 81.88562674252243
39 12 333 1131.8354418063404 368507.2998204369 417089622.50112575
40 0 6 0.0 6.0 0.0
41 0 100 0.0 0.0 0.0
42 0 100 0.0 0.0 0.0
43 0 6 0.0 6.0 0.0
44 0 100 0.0 0.0 0.0
45 8 179 459.67273235884244 48542.612462899684 22313715.306657497
46 0 9 0.0 9.0 0.0
47 40 931 6955.50474228233 17281581180.428764 120202119854609.34
48 1 10 1.0 18.1937008646705 18.1937008646705
49 0 7 0.0 7.0 0.0
50 24 437 3832.71054120725 52579270.84363619 201521125611.39545
51 22 762 3370.209833397988 156998889.4588383 529119201086.7406
52 0 100 0.0 0.0 0.0
53 1 64 1.0 188.64450930209398 188.64450930209398
54 0 100 0.0 0.0 0.0
55 19 437 2668.9360872348193 7261780.728929458 19381228645.026203
56 0 100 0.0 0.0 0.0
57 0 100 0.0 0.0 0.0
58 0 100 0.0 0.0 0.0
59 1 8 1.0 13.734791927877684 13.734791927877684
60 0 100 0.0 0.0 0.0
61 0 6 0.0 6.0 0.0
62 2 36 9.541850352986048 175.6210676402407 1675.7499462548174
63 3 51 32.9215577265747 513.5688732735056 16907.48730804564
64 3 95 32.9215577265747 1378.6071657178634 45385.89538845017
65 0 100 0.0 0.0 0.0
66 0 100 0.0 0.0 0.0
67 0 9 0.0 9.0 0.0
68 0 100 0.0 0.0 0.0
69 0 100 0.0 0.0 0.0
70 0 100 0.0 0.0 0.0
71 0 100 0.0 0.0 0.0
72 0 100 0.0 0.0 0.0
73 1 17 1.0 35.503281577765854 35.503281577765854
74 2 105 9.541850352986048 10.188005914414083 97.21242783067595
75 1 20 1.0 43.57075425423803 43.57075425423803
76 0 100 0.0 0.0 0.0
77 0 100 0.0 0.0 0.0
78 0 100 0.0 0.0 0.0
79 3 121 32.9215577265747 125.57185196799401 4134.020973397207
80 0 8 0.0 8.0 0.0
81 0 100 0.0 0.0 0.0
82 0 6 0.0 6.0 0.0
83 0 100 0.0 0.0 0.0
84 0 100 0.0 0.0 0.0
85 0 100 0.0 0.0 0.0
86 22 365 3370.209833397988 19356198.622062154 65234450933.27846
87 6 196 225.58275470837765 6193.675591281851 1397186.4016513997
88 0 6 0.0 6.0 0.0
89 1 22 1.0 49.12998068819353 49.12998068819353
90 0 10 0.0 10.0 0.0
91 1 28 1.0 66.57403288693754 66.57403288693754
92 1 102 1.0 2.3948263510722025 2.3948263510722025
93 2 151 9.541850352986048 290.23003402420613 2769.3315526010238
94 0 100 0.0 0.0 0.0
95 25 478 4060.496712466729 86655196.07832406 351863138794.19464
96 0 100 0.0 0.0 0.0
97 2 110 9.541850352986048 27.685321443873434 264.16919419175593
98 0 10 0.0 10.0 0.0
99 0 100 0.0 0.0 0.0
100 44 999 7528.2761260995885 46680382010.378136 351422805445938.44
101 19 214 2668.9360872348193 2116977.2958980715 5650077100.879148
102 46 988 7782.801884860074 64203242974.859764 499681120438867.9
103 1 107 1.0 11.607984241186918 11.607984241186918
104 45 906 7658.1450374688 39403236288.58315 301755698443623.6
105 43 1272 7393.130324549447 91184475733.12566 674138712670714.5
106 1 106 1.0 9.55892689827884 9.55892689827884
107 46 967 7782.801884860074 59413470306.463486 462403268687222.06
108 36 654 6295.82243666837 2410625231.8188014 15176868420883.7
109 33 845 5744.298091538941 3033049757.12204 17422741931378.781
110 40 1028 6955.50474228233 24322408926.425365 169174630631481.72
111 34 631 5933.442745663244 1442386684.6707246 8558318810600.768
112 32 707 5549.980220652734 1379147099.2400467 7654239122152.853
113 42 1064 7252.650449022947 40232908385.1936 291795221065373.5
114 19 485 2668.9360872348193 19508536.426546574 52067036877.94515
115 40 739 6955.50474228233 7793081336.510646 54204814193091.72
116 32 606 5549.980220652734 841155839.5788666 4668398272149.254
117 21 758 3136.7198300107975 117205063.21804057 367639445973.697
118 48 980 8016.77096497358 88269498415.72845 707636351991993.2
119 29 454 4937.473672561782 180339273.64663333 890420415759.1669
120 38 1110 6636.579650383532 21248786520.878284 141019264219804.72
121 46 1010 7782.801884860074 69514167627.33244 541014994834482.06
122 28 686 4724.12231882448 517709701.936648 2445723957590.888
123 13 398 1331.5823725933528 1845389.6219904327 2457288291.209171
124 27 527 4506.6139001521815 184085718.81795967 829603259244.5231
125 32 600 5549.980220652734 814733379.2631836 4521754140016.231
126 37 887 6468.923834840442 8144167759.446087 52684000934019.875
127 34 775 5933.442745663244 2825513970.95314 16765025373722.053
128 25 703 4060.496712466729 271702701.9611673 1103247928081.6472
129 20 500 2902.6872563902634 27941749.592694756 81106160463.9629
130 22 349 3370.209833397988 17039516.49416873 57426746044.99466
131 19 490 2668.9360872348193 20059293.44802856 53536972167.876396
132 34 635 5933.442745663244 1472511542.9414406 8737062932371.281
133 38 934 6636.579650383532 8059196369.391112 53485498623545.9
134 29 753 4937.473672561782 868702083.2739536 4289193665464.7188
135 36 819 6295.82243666837 5101622007.98401 32118906301266.87
136 19 568 2668.9360872348193 17707709.319898456 47260744426.14133
137 21 539 3136.7198300107975 45083658.89477729 141414806864.6906
138 22 501 3370.209833397988 47640834.42989473 160559608666.91666
139 17 586 2206.0678959513543 17945016.30324386 39587924358.909935
140 31 643 5350.621552679651 823216573.144287 4404720338788.906
141 25 722 4060.496712466729 189057116.87181562 767665801526.4456
142 24 740 3832.71054120725 245292598.2779259 940135527099.922
143 31 650 5350.621552679651 852007156.8696624 4558767856584.128
144 26 701 4285.277943143774 344472101.0 1476158696443.6943
145 35 956 6117.310290426031 6938332825.075459 42443934789234.82
146 46 949 7782.801884860074 55518273870.65988 432087726524749.5
147 32 643 5549.980220652734 1017262655.5511718 5645787617517.679
148 42 1041 7252.650449022947 37267566327.48256 270288631659008.84
149 19 417 2668.9360872348193 12946234.386850627 34552672148.86598
150 19 427 2668.9360872348193 13806378.112482838 36848340778.4144
151 2 29 9.541850352986048 128.5709592386038 1226.8048527946264
152 25 455 4060.496712466729 74876978.72726068 304037725961.4832
153 45 993 7658.1450374688 54728383965.136185 419117902071294.75
154 35 832 6117.310290426031 4385658196.580724 26828432016234.53
155 40 1100 6955.50474228233 30717275419.35051 213654154849284.9
156 12 399 1131.8354418063404 662417.108327256 749747160.4636583
157 44 1132 7528.2761260995885 72812494283.83049 548152562398723.8
158 34 765 5933.442745663244 2707994453.6666946 16067730046404.95
159 20 422 2902.6872563902634 17499997.696169898 50797020299.531334
160 43 896 7393.130324549447 26465229673.144344 195660892042689.3
161 22 626 3370.209833397988 89760528.8969046 302511817139.3522
162 25 706 4060.496712466729 275152033.32990396 1117253926764.6108
163 38 888 6636.579650383532 9969922635.240921 66166185676938.055
164 37 1056 6468.923834840442 14638067025.86266 94692540679594.9
165 23 491 3602.4235623004615 57865838.598774925 208457260420.50232
166 42 1056 7252.650449022947 39183056127.35509 284181009616153.2
167 26 657 4285.277943143774 283593393.0 1215276511844.2039
168 29 478 4937.473672561782 211643754.7552752 1044985467066.2937
169 29 558 4937.473672561782 342319047.379191 1690191284051.1848
170 55 1347 8683.506947919002 938706256441.9506 8151262299868715.0
171 35 814 6117.310290426031 4080092731.918494 24959193254857.465
172 35 929 6117.310290426031 6312072248.249182 38612904518127.3
173 46 991 7782.801884860074 64909571525.96964 505178335617776.3
174 21 614 3136.7198300107975 64946751.94441666 203719764718.84406
175 25 679 4060.496712466729 245133729.42091075 995364702428.3168
176 45 1145 7658.1450374688 91168852146.26085 698184292635614.2
177 20 379 2902.6872563902634 13009783.175213898 37763331831.09384
178 23 636 3602.4235623004615 122058953.14127047 439708048785.8407
179 15 251 1756.7778603087352 1113778.5999793487 1956661585.729379
180 32 662 5549.980220652734 1116860267.6552653 6198552394719.641
181 23 603 3602.4235623004615 104670162.28213876 377066258874.98975
182 38 732 6636.579650383532 5178008472.663232 34364265659190.316
183 36 851 6295.82243666837 5796626312.715019 36494529996573.46
184 47 1132 7902.318130854768 125433765283.08305 991217517617888.6
185 26 657 4285.277943143774 283593393.0 1215276511844.2039
186 41 982 7106.788070274764 25157023532.693783 178785634725769.7
187 25 550 4060.496712466729 131314805.16499655 533203334670.67755
188 44 1012 7528.2761260995885 48877214061.17359 367961163726992.25
189 33 857 5744.298091538941 3174821287.4330535 18237119862378.89
190 35 847 6117.310290426031 4652196113.662455 28458927159187.324
191 48 1045 8016.77096497358 111652764569.85452 895094641162640.6
192 49 1162 8126.242482129881 196027014471.24045 1592963052641283.0
193 25 446 4060.496712466729 70573897.57676084 286565079096.40106
194 10 198 766.6651705632711 128155.62053704208 98252450.6776732
195 36 839 6295.82243666837 5528705984.8458 34807751185134.887
196 30 918 5146.386239304723 2029629071.063864 10445255122215.896
197 42 1096 7252.650449022947 44634060662.60053 323715240106327.2
198 38 883 6636.579650383532 9780828606.297552 64911248092443.45
199 34 875 5933.442745663244 4202458433.66539 24935046507183.227
