0 0 100 0.0 0.0 0.0
1 0 100 0.0 0.0 0.0
2 0 100 0.0 0.0 0.0
3 0 100 0.0 0.0 0.0
4 0 6 0.0 6.0 0.0
5 0 11 0.0 11.0 0.0
6 0 100 0.0 0.0 0.0
7 0 10 0.0 10.0 0.0
8 0 100 0.0 0.0 0.0
9 0 100 0.0 0.0 0.0
10 0 6 0.0 6.0 0.0
11 0 7 0.0 7.0 0.0
12 0 6 0.0 6.0 0.0
13 1 27 1.0 63.59241768810072 63.59241768810072
14 0 11 0.0 11.0 0.0
15 0 100 0.0 0.0 0.0
16 0 10 0.0 10.0 0.0
17 1 5 1.0 7.59708563275366 7.59708563275366
18 0 100 0.0 0.0 0.0
19 0 100 0.0 0.0 0.0
20 0 6 0.0 6.0 0.0
21 1 7 1.0 11.607984241186918 11.607984241186918
22 0 100 0.0 0.0 0.0
23 0 7 0.0 7.0 0.0
24 0 5 0.0 5.0 0.0
25 0 100 0.0 0.0 0.0
26 1 12 1.0 22.891970023971037 22.891970023971037
27 0 8 0.0 8.0 0.0
28 0 6 0.0 6.0 0.0
29 0 11 0.0 11.0 0.0
30 0 100 0.0 0.0 0.0
31 0 100 0.0 0.0 0.0
32 0 5 0.0 5.0 0.0
33 2 20 9.541850352986048 75.23327232919837 717.8646261306569
34 0 5 0.0 5.0 0.0
35 0 7 0.0 7.0 0.0
36 0 100 0.0 0.0 0.0
37 0 9 0.0 9.0 0.0
38 0 9 0.0 9.0 0.0
39 1 12 1.0 22.891970023971037 22.891970023971037
40 0 5 0.0 5.0 0.0
41 0 6 0.0 6.0 0.0
42 0 100 0.0 0.0 0.0
43 0 10 0.0 10.0 0.0
44 0 100 0.0 0.0 0.0
45 1 5 1.0 7.59708563275366 7.59708563275366
46 1 12 1.0 22.891970023971037 22.891970023971037
47 0 10 0.0 10.0 0.0
48 1 34 1.0 85.02419427196995 85.02419427196995
49 0 100 0.0 0.0 0.0
50 0 10 0.0 10.0 0.0
51 2 21 9.541850352986048 80.71796600694597 770.1987524356932
52 0 6 0.0 6.0 0.0
53 0 100 0.0 0.0 0.0
54 0 100 0.0 0.0 0.0
55 1 19 1.0 40.84402933782601 40.84402933782601
56 0 100 0.0 0.0 0.0
57 1 11 1.0 20.51504931294799 20.51504931294799
58 0 10 0.0 10.0 0.0
59 0 8 0.0 8.0 0.0
60 1 10 1.0 18.1937008646705 18.1937008646705
61 0 100 0.0 0.0 0.0
62 0 100 0.0 0.0 0.0
63 0 100 0.0 0.0 0.0
64 0 100 0.0 0.0 0.0
65 0 100 0.0 0.0 0.0
66 0 11 0.0 11.0 0.0
67 0 100 0.0 0.0 0.0
68 0 100 0.0 0.0 0.0
69 0 100 0.0 0.0 0.0
70 0 100 0.0 0.0 0.0
71 0 19 0.0 19.0 0.0
72 0 5 0.0 5.0 0.0
73 0 14 0.0 14.0 0.0
74 0 100 0.0 0.0 0.0
75 0 100 0.0 0.0 0.0
76 0 10 0.0 10.0 0.0
77 1 6 1.0 9.55892689827884 9.55892689827884
78 1 101 1.0 1.0 1.0
79 2 23 9.541850352986048 92.0346545141889 878.1809006631623
80 1 6 1.0 9.55892689827884 9.55892689827884
81 0 12 0.0 12.0 0.0
82 0 100 0.0 0.0 0.0
83 0 100 0.0 0.0 0.0
84 1 103 1.0 3.9914906122521803 3.9914906122521803
85 1 6 1.0 9.55892689827884 9.55892689827884
86 0 6 0.0 6.0 0.0
87 0 100 0.0 0.0 0.0
88 0 100 0.0 0.0 0.0
89 1 16 1.0 32.892441635375256 32.892441635375256
90 0 6 0.0 6.0 0.0
91 0 5 0.0 5.0 0.0
92 0 100 0.0 0.0 0.0
93 0 100 0.0 0.0 0.0
94 0 100 0.0 0.0 0.0
95 0 100 0.0 0.0 0.0
96 0 6 0.0 6.0 0.0
97 0 100 0.0 0.0 0.0
98 0 7 0.0 7.0 0.0
99 0 6 0.0 6.0 0.0
100 0 100 0.0 0.0 0.0
101 1 8 1.0 13.734791927877684 13.734791927877684
102 0 5 0.0 5.0 0.0
103 1 19 1.0 40.84402933782601 40.84402933782601
104 0 100 0.0 0.0 0.0
105 0 100 0.0 0.0 0.0
106 0 100 0.0 0.0 0.0
107 0 8 0.0 8.0 0.0
108 1 103 1.0 3.9914906122521803 3.9914906122521803
109 0 100 0.0 0.0 0.0
110 0 10 0.0 10.0 0.0
111 1 10 1.0 18.1937008646705 18.1937008646705
112 0 100 0.0 0.0 0.0
113 0 10 0.0 10.0 0.0
114 0 8 0.0 8.0 0.0
115 0 10 0.0 10.0 0.0
116 0 5 0.0 5.0 0.0
117 0 5 0.0 5.0 0.0
118 0 100 0.0 0.0 0.0
119 1 21 1.0 46.33316012586883 46.33316012586883
120 0 6 0.0 6.0 0.0
121 1 6 1.0 9.55892689827884 9.55892689827884
122 0 100 0.0 0.0 0.0
123 0 5 0.0 5.0 0.0
124 0 7 0.0 7.0 0.0
125 0 100 0.0 0.0 0.0
126 0 5 0.0 5.0 0.0
127 1 10 1.0 18.1937008646705 18.1937008646705
128 2 14 9.541850352986048 44.97826169706515 429.17584225083993
129 0 5 0.0 5.0 0.0
130 2 10 9.541850352986048 27.685321443873434 264.16919419175593
131 0 5 0.0 5.0 0.0
132 0 100 0.0 0.0 0.0
133 0 100 0.0 0.0 0.0
134 1 13 1.0 25.320989780782124 25.320989780782124
135 1 11 1.0 20.51504931294799 20.51504931294799
136 0 100 0.0 0.0 0.0
137 0 5 0.0 5.0 0.0
138 0 100 0.0 0.0 0.0
139 1 16 1.0 32.892441635375256 32.892441635375256
140 0 100 0.0 0.0 0.0
141 0 10 0.0 10.0 0.0
142 0 5 0.0 5.0 0.0
143 0 10 0.0 10.0 0.0
144 0 5 0.0 5.0 0.0
145 1 22 1.0 49.12998068819353 49.12998068819353
146 0 5 0.0 5.0 0.0
147 2 5 9.541850352986048 10.188005914414083 97.21242783067595
148 1 16 1.0 32.892441635375256 32.892441635375256
149 1 13 1.0 25.320989780782124 25.320989780782124
150 0 100 0.0 0.0 0.0
151 0 5 0.0 5.0 0.0
152 1 11 1.0 20.51504931294799 20.51504931294799
153 1 22 1.0 49.12998068819353 49.12998068819353
154 0 5 0.0 5.0 0.0
155 2 26 9.541850352986048 109.8359986590007 1048.0386625749609
156 2 16 9.541850352986048 54.53075711894446 520.3243240639966
157 0 100 0.0 0.0 0.0
158 1 15 1.0 30.323695983612147 30.323695983612147
159 0 100 0.0 0.0 0.0
160 1 100 1.0 0.0 0.0
161 1 10 1.0 18.1937008646705 18.1937008646705
162 1 104 1.0 5.735193251789799 5.735193251789799
163 1 12 1.0 22.891970023971037 22.891970023971037
164 0 100 0.0 0.0 0.0
165 0 100 0.0 0.0 0.0
166 2 16 9.541850352986048 54.53075711894446 520.3243240639966
167 2 22 9.541850352986048 86.31942417916456 823.6470280735138
168 1 11 1.0 20.51504931294799 20.51504931294799
169 0 10 0.0 10.0 0.0
170 0 8 0.0 8.0 0.0
171 0 100 0.0 0.0 0.0
172 1 7 1.0 11.607984241186918 11.607984241186918
173 1 10 1.0 18.1937008646705 18.1937008646705
174 1 13 1.0 25.320989780782124 25.320989780782124
175 1 27 1.0 63.59241768810072 63.59241768810072
176 1 104 1.0 5.735193251789799 5.735193251789799
177 1 106 1.0 9.55892689827884 9.55892689827884
178 1 102 1.0 2.3948263510722025 2.3948263510722025
179 1 15 1.0 30.323695983612147 30.323695983612147
180 0 5 0.0 5.0 0.0
181 1 5 1.0 7.59708563275366 7.59708563275366
182 1 9 1.0 15.931997307697284 15.931997307697284
183 1 13 1.0 25.320989780782124 25.320989780782124
184 3 22 32.9215577265747 135.19579244279535 4450.856085295499
185 1 23 1.0 51.960050539976365 51.960050539976365
186 1 16 1.0 32.892441635375256 32.892441635375256
187 1 10 1.0 18.1937008646705 18.1937008646705
188 1 105 1.0 7.59708563275366 7.59708563275366
189 1 25 1.0 57.71571011139208 57.71571011139208
190 1 21 1.0 46.33316012586883 46.33316012586883
191 0 8 0.0 8.0 0.0
192 1 12 1.0 22.891970023971037 22.891970023971037
193 1 10 1.0 18.1937008646705 18.1937008646705
194 1 10 1.0 18.1937008646705 18.1937008646705
195 0 100 0.0 0.0 0.0
196 1 11 1.0 20.51504931294799 20.51504931294799
197 2 15 9.541850352986048 49.68406405407534 474.0779041321602
198 1 6 1.0 9.55892689827884 9.55892689827884
199 0 5 0.0 5.0 0.0
