0 2 29 9.541850352986048 128.5709592386038 1226.8048527946264
1 0 100 0.0 0.0 0.0
2 0 10 0.0 10.0 0.0
3 0 10 0.0 10.0 0.0
4 0 100 0.0 0.0 0.0
5 4 83 75.61186198841948 1912.3940233356846 144599.67295993603
6 1 7 1.0 11.607984241186918 11.607984241186918
7 10 304 766.6651705632711 136952.98703216927 104997085.1621675
8 0 100 0.0 0.0 0.0
9 0 100 0.0 0.0 0.0
10 0 100 0.0 0.0 0.0
11 3 73 32.9215577265747 907.48753481702 29875.90326362549
12 2 126 9.541850352986048 109.8359986590007 1048.0386625749609
13 2 56 9.541850352986048 332.1417203303481 3169.2465913755254
14 6 48 225.58275470837765 1644.745810135621 371026.29064545565
15 13 219 1331.5823725933528 437323.9661405178 582332884.4253258
16 0 100 0.0 0.0 0.0
17 1 12 1.0 22.891970023971037 22.891970023971037
18 0 5 0.0 5.0 0.0
19 1 107 1.0 11.607984241186918 11.607984241186918
20 2 29 9.541850352986048 128.5709592386038 1226.8048527946264
21 11 211 942.9223974109915 209545.5587766108 197585200.6484677
22 3 43 32.9215577265747 391.71440685113555 12895.848457480626
23 0 11 0.0 11.0 0.0
24 1 7 1.0 11.607984241186918 11.607984241186918
25 1 102 1.0 2.3948263510722025 2.3948263510722025
26 11 221 942.9223974109915 232979.898453666 219681964.3985001
27 0 100 0.0 0.0 0.0
28 1 108 1.0 13.734791927877684 13.734791927877684
29 0 100 0.0 0.0 0.0
30 11 213 942.9223974109915 214120.66733750328 201899172.98112
31 4 21 75.61186198841948 182.37411197845725 13789.646185175669
32 0 5 0.0 5.0 0.0
33 0 10 0.0 10.0 0.0
34 4 52 75.61186198841948 859.6554919481086 65000.15241476724
35 0 100 0.0 0.0 0.0
36 1 20 1.0 43.57075425423803 43.57075425423803
37 3 143 32.9215577265747 391.71440685113555 12895.848457480626
38 2 118 9.541850352986048 64.62733255388774 616.6643359418604
39 2 116 9.541850352986048 54.53075711894446 520.3243240639966
40 0 5 0.0 5.0 0.0
41 1 10 1.0 18.1937008646705 18.1937008646705
42 6 116 225.58275470837765 8895.411906640642 2006651.5221656978
43 1 11 1.0 20.51504931294799 20.51504931294799
44 0 100 0.0 0.0 0.0
45 0 100 0.0 0.0 0.0
46 1 21 1.0 46.33316012586883 46.33316012586883
47 1 19 1.0 40.84402933782601 40.84402933782601
48 0 6 0.0 6.0 0.0
49 3 49 32.9215577265747 481.96892224029307 15867.1676959488
50 1 12 1.0 22.891970023971037 22.891970023971037
51 2 47 9.541850352986048 257.9778488812911 2461.586028410529
52 9 62 604.9491004987461 7270.944572756553 4398551.379065316
53 2 14 9.541850352986048 44.97826169706515 429.17584225083993
54 0 100 0.0 0.0 0.0
55 1 16 1.0 32.892441635375256 32.892441635375256
56 7 147 332.66880679862265 21609.0 7188640.246111437
57 0 100 0.0 0.0 0.0
58 0 100 0.0 0.0 0.0
59 0 6 0.0 6.0 0.0
60 7 127 332.66880679862265 16129.0 5365615.184854985
61 9 98 604.9491004987461 19496.94350076754 11794658.433264196
62 0 100 0.0 0.0 0.0
63 1 104 1.0 5.735193251789799 5.735193251789799
64 5 81 139.6884681067044 2937.2940727723303 410306.1094044695
65 0 9 0.0 9.0 0.0
66 4 71 75.61186198841948 1464.2230773075796 110712.63324163957
67 10 149 766.6651705632711 68096.21827794517 52206998.800774574
68 1 14 1.0 27.799106543625292 27.799106543625292
69 12 151 1131.8354418063404 132893.60415581556 150413691.1729344
70 11 193 942.9223974109915 170851.97661382865 161100155.39111796
71 0 100 0.0 0.0 0.0
72 4 80 75.61186198841948 1795.7178600152838 135777.5710016156
73 2 120 9.541850352986048 75.23327232919837 717.8646261306569
74 4 136 75.61186198841948 458.3949685466225 34660.09709793311
75 3 22 32.9215577265747 135.19579244279535 4450.856085295499
76 3 111 32.9215577265747 44.98915580191157 1481.1130898024949
77 0 5 0.0 5.0 0.0
78 7 233 332.66880679862265 17689.0 5884578.523460836
79 0 100 0.0 0.0 0.0
80 0 5 0.0 5.0 0.0
81 14 125 1540.4353185285338 148396.88776931397 228595807.07956624
82 2 123 9.541850352986048 92.0346545141889 878.1809006631623
83 2 26 9.541850352986048 109.8359986590007 1048.0386625749609
84 1 108 1.0 13.734791927877684 13.734791927877684
85 2 21 9.541850352986048 80.71796600694597 770.1987524356932
86 16 241 1979.1134619514044 1333019.7077807642 2638197248.7154374
87 1 18 1.0 38.15436697768484 38.15436697768484
88 0 5 0.0 5.0 0.0
89 1 104 1.0 5.735193251789799 5.735193251789799
90 15 139 1756.7778603087352 251222.72041997852 441342513.2403495
91 1 12 1.0 22.891970023971037 22.891970023971037
92 0 100 0.0 0.0 0.0
93 1 19 1.0 40.84402933782601 40.84402933782601
94 1 27 1.0 63.59241768810072 63.59241768810072
95 0 5 0.0 5.0 0.0
96 0 100 0.0 0.0 0.0
97 1 10 1.0 18.1937008646705 18.1937008646705
98 4 59 75.61186198841948 1066.8769814059906 80668.55507669134
99 1 11 1.0 20.51504931294799 20.51504931294799
100 1 104 1.0 5.735193251789799 5.735193251789799
101 13 123 1331.5823725933528 108885.14585142951 144989540.85301977
102 4 61 75.61186198841948 1129.4605717070829 85400.6168692773
103 16 267 1979.1134619514044 1734777.320814899 3433321149.1127567
104 9 229 604.9491004987461 35247.44879474361 21322912.44325576
105 12 142 1131.8354418063404 115013.87668397884 130176781.93047115
106 13 101 1331.5823725933528 67717.3031490082 90171167.19277968
107 3 55 32.9215577265747 578.9666715492328 19060.48469917088
108 9 105 604.9491004987461 22621.44489281392 13684822.739889735
109 5 199 139.6884681067044 4229.702363015084 590840.6436368847
110 3 52 32.9215577265747 529.6457757489877 17436.763980956737
111 3 24 32.9215577265747 155.22039240905832 5110.09710903639
112 12 97 1131.8354418063404 46942.400603351845 53131072.72634496
113 9 259 604.9491004987461 55305.24634977481 33456859.032157835
114 3 32 32.9215577265747 245.06238675558936 8067.83551218631
115 12 169 1131.8354418063404 173183.80963665945 196015573.69381362
116 5 57 139.6884681067044 1551.0877169304622 216669.0670771418
117 0 100 0.0 0.0 0.0
118 9 190 604.9491004987461 81175.65618270171 49107140.19012088
119 4 112 75.61186198841948 70.04448924957877 5296.194254188482
120 1 105 1.0 7.59708563275366 7.59708563275366
121 6 84 225.58275470837765 4797.4874870676995 1082230.443011704
122 14 171 1540.4353185285338 321397.1115610502 495091461.921697
123 5 60 139.6884681067044 1702.6102917613564 237835.0234388529
124 7 98 332.66880679862265 9604.0 3194951.220493972
125 12 262 1131.8354418063404 485551.9600965678 549564917.2758334
126 8 168 459.67273235884244 42543.16912271199 19555934.79384136
127 2 38 9.541850352986048 189.8638195218893 1811.6521533242187
128 1 27 1.0 63.59241768810072 63.59241768810072
129 2 10 9.541850352986048 27.685321443873434 264.16919419175593
130 8 219 459.67273235884244 20764.03051150532 9544658.640006023
131 2 25 9.541850352986048 103.79546451213633 990.4007896934788
132 1 28 1.0 66.57403288693754 66.57403288693754
133 14 214 1540.4353185285338 558849.138813278 860870951.1572288
134 0 100 0.0 0.0 0.0
135 8 199 459.67273235884244 14160.822691605603 6509344.059099445
136 6 204 225.58275470837765 7218.483555423629 1628365.4052495863
137 13 172 1331.5823725933528 244310.19630067714 325319150.8388034
138 8 145 459.67273235884244 31320.350759055804 14397111.211852526
139 0 100 0.0 0.0 0.0
140 15 258 1756.7778603087352 1193715.5843725286 2097093110.1311622
141 8 240 459.67273235884244 29115.631170703473 13383661.734589547
142 6 84 225.58275470837765 4797.4874870676995 1082230.443011704
143 5 68 139.6884681067044 2137.419079796989 298572.7969588832
144 8 87 459.67273235884244 10823.372908066605 4975209.3979896465
145 8 176 459.67273235884244 8170.524328429558 3755767.2428536112
146 8 84 459.67273235884244 10061.48800945777 4624991.684903184
147 3 139 32.9215577265747 335.47304520277595 11044.29522335299
148 12 195 1131.8354418063404 242458.72541212823 274423378.5966383
149 10 160 766.6651705632711 79784.57916828307 61168057.99637055
150 2 49 9.541850352986048 273.9583678426836 2614.069748903192
151 6 167 225.58275470837765 3112.8302065571443 702200.8129346088
152 11 188 942.9223974109915 160887.29862578577 151704237.33320403
153 12 122 1131.8354418063404 80487.8341184218 91098983.28945938
154 3 140 32.9215577265747 349.23013798641597 11497.20014757944
155 16 246 1979.1134619514044 1405294.7550427103 2781237767.7147293
156 10 217 766.6651705632711 157123.06072619176 120460778.151069
157 22 256 3370.209833397988 7058527.59502481 23788719110.063667
158 12 162 1131.8354418063404 156786.72795202545 177456775.50095123
159 7 78 332.66880679862265 6084.0 2023957.0205628201
160 10 136 766.6651705632711 55583.77703491517 42614145.901024066
161 0 100 0.0 0.0 0.0
162 14 210 1540.4353185285338 533439.6140318888 821729221.7569507
163 2 28 9.541850352986048 122.22584512913716 1166.2607234894754
164 7 95 332.66880679862265 9025.0 3002335.9813575693
165 15 213 1756.7778603087352 736459.6361503325 1293795983.7999308
166 5 198 139.6884681067044 4152.387807071904 580040.6917548318
167 7 131 332.66880679862265 17161.0 5708929.393471164
168 18 275 2436.3877014920204 3229381.715439529 7868025894.920073
169 17 249 2206.0678959513543 1904665.949099036 4201822402.8190994
170 0 100 0.0 0.0 0.0
171 11 123 942.9223974109915 60909.957055037776 57433362.732536756
172 4 43 75.61186198841948 621.143248020611 46965.797544373054
173 11 187 942.9223974109915 158934.75897945854 149863143.96884915
174 9 122 604.9491004987461 31255.467204814257 18907966.771220442
175 6 222 225.58275470837765 9796.315838838276 2209879.91291845
176 10 122 766.6651705632711 43653.86742578588 33467899.715736557
177 1 15 1.0 30.323695983612147 30.323695983612147
178 12 128 1131.8354418063404 90106.4533578608 101985677.44589677
179 15 207 1756.7778603087352 685298.1798703804 1203916670.1061578
180 1 107 1.0 11.607984241186918 11.607984241186918
181 18 239 2436.3877014920204 2220858.4563228427 5410872229.739528
182 12 326 1131.8354418063404 811737.7078625535 918753507.2094793
183 15 174 1756.7778603087352 442415.48821461835 777225734.7531216
184 9 130 604.9491004987461 35838.75307275326 21680621.434358757
185 11 279 942.9223974109915 397224.4078227811 374551790.9344182
186 10 126 766.6651705632711 46901.01863245811 35957377.44944465
187 8 217 459.67273235884244 20044.718154360755 9214010.3633779
188 9 279 604.9491004987461 71387.91888231963 43186057.31433672
189 6 177 225.58275470837765 4061.8785529685815 916289.7532695315
190 2 33 9.541850352986048 154.90879557685506 1478.1165457556579
191 17 213 2206.0678959513543 1264971.6959148287 2790613447.6448426
192 11 200 942.9223974109915 185371.77870547093 174791201.98930243
193 16 286 1979.1134619514044 2070183.1096032152 4097127260.920143
194 7 142 332.66880679862265 1764.0 586827.7751927704
195 11 145 942.9223974109915 88776.38799713296 83709244.60374498
196 13 207 1331.5823725933528 381784.2534940421 508377182.08637863
197 8 182 459.67273235884244 9569.587872219572 4398878.604771212
198 13 224 1331.5823725933528 461776.76854868385 614893805.072548
199 10 126 766.6651705632711 46901.01863245811 35957377.44944465
