0 0 10 0.0 10.0 0.0
1 34 921 5933.442745663244 4969238152.816958 29484690069304.8
2 0 100 0.0 0.0 0.0
3 1 9 1.0 15.931997307697284 15.931997307697284
4 8 249 459.67273235884244 96448.50465592646 44334747.66711425
5 2 125 9.541850352986048 103.79546451213633 990.4007896934788
6 0 6 0.0 6.0 0.0
7 0 100 0.0 0.0 0.0
8 1 105 1.0 7.59708563275366 7.59708563275366
9 0 6 0.0 6.0 0.0
10 2 47 9.541850352986048 257.9778488812911 2461.586028410529
11 1 11 1.0 20.51504931294799 20.51504931294799
12 2 124 9.541850352986048 97.86086952638261 933.7737724338355
13 0 100 0.0 0.0 0.0
14 0 100 0.0 0.0 0.0
15 1 104 1.0 5.735193251789799 5.735193251789799
16 0 100 0.0 0.0 0.0
17 1 20 1.0 43.57075425423803 43.57075425423803
18 3 125 32.9215577265747 165.61186212092687 5452.200479019623
19 0 100 0.0 0.0 0.0
20 24 541 3832.71054120725 98156097.92219725 376203911190.17645
21 0 100 0.0 0.0 0.0
22 0 100 0.0 0.0 0.0
23 21 314 3136.7198300107975 9919621.010148743 31115071928.7253
24 0 100 0.0 0.0 0.0
25 0 5 0.0 5.0 0.0
26 28 694 4724.12231882448 536483672.3043992 2534414490018.131
27 0 100 0.0 0.0 0.0
28 30 789 5146.386239304723 823999505.2691442 4240619715111.023
29 1 118 1.0 38.15436697768484 38.15436697768484
30 2 24 9.541850352986048 97.86086952638261 933.7737724338355
31 1 122 1.0 49.12998068819353 49.12998068819353
32 1 10 1.0 18.1937008646705 18.1937008646705
33 1 7 1.0 11.607984241186918 11.607984241186918
34 0 100 0.0 0.0 0.0
35 0 100 0.0 0.0 0.0
36 5 176 139.6884681067044 2616.164871066153 365448.0631538047
37 37 950 6468.923834840442 10257311136.324118 66353764491141.39
38 0 5 0.0 5.0 0.0
39 38 833 6636.579650383532 8026473011.642974 53268327453422.38
40 0 100 0.0 0.0 0.0
41 0 100 0.0 0.0 0.0
42 0 100 0.0 0.0 0.0
43 0 100 0.0 0.0 0.0
44 0 100 0.0 0.0 0.0
45 3 45 32.9215577265747 421.0282951259743 13860.907322511091
46 0 100 0.0 0.0 0.0
47 12 231 1131.8354418063404 361112.7616981537 408720222.1785375
48 2 111 9.541850352986048 31.76494829034237 303.0963830567869
49 0 100 0.0 0.0 0.0
50 0 6 0.0 6.0 0.0
51 37 672 6468.923834840442 3202919045.7528996 20719439356135.34
52 1 103 1.0 3.9914906122521803 3.9914906122521803
53 39 820 6798.773358825962 9227906837.282314 62738447163042.94
54 36 636 6295.82243666837 2196549834.9668937 13829087734244.773
55 0 100 0.0 0.0 0.0
56 0 6 0.0 6.0 0.0
57 0 100 0.0 0.0 0.0
58 0 18 0.0 18.0 0.0
59 1 35 1.0 88.18685030395203 88.18685030395203
60 0 100 0.0 0.0 0.0
61 39 1018 6798.773358825962 19335379838.8671 131456865331270.25
62 0 5 0.0 5.0 0.0
63 5 189 139.6884681067044 3485.593399577667 486897.20242984424
64 0 100 0.0 0.0 0.0
65 0 100 0.0 0.0 0.0
66 0 100 0.0 0.0 0.0
67 0 100 0.0 0.0 0.0
68 1 8 1.0 13.734791927877684 13.734791927877684
69 0 26 0.0 26.0 0.0
70 0 100 0.0 0.0 0.0
71 0 10 0.0 10.0 0.0
72 0 100 0.0 0.0 0.0
73 1 56 1.0 159.43324825478544 159.43324825478544
74 0 100 0.0 0.0 0.0
75 38 830 6636.579650383532 7928865118.185389 52620544893984.97
76 12 317 1131.8354418063404 760024.1621761979 860222283.3801906
77 2 40 9.541850352986048 204.4421003683832 1950.7559275652661
78 28 716 4724.12231882448 590469288.9106836 2789449146323.381
79 35 769 6117.310290426031 3381573408.4785104 20686133809516.62
80 0 6 0.0 6.0 0.0
81 0 10 0.0 10.0 0.0
82 0 100 0.0 0.0 0.0
83 0 100 0.0 0.0 0.0
84 1 9 1.0 15.931997307697284 15.931997307697284
85 0 100 0.0 0.0 0.0
86 1 5 1.0 7.59708563275366 7.59708563275366
87 0 100 0.0 0.0 0.0
88 1 104 1.0 5.735193251789799 5.735193251789799
89 0 10 0.0 10.0 0.0
90 0 10 0.0 10.0 0.0
91 3 22 32.9215577265747 135.19579244279535 4450.856085295499
92 0 100 0.0 0.0 0.0
93 5 187 139.6884681067044 3344.5706484424895 467197.95035557833
94 17 477 2206.0678959513543 5648386.704609976 12460724572.958534
95 0 100 0.0 0.0 0.0
96 36 770 6295.82243666837 4153626762.2045665 26150496563033.707
97 1 119 1.0 40.84402933782601 40.84402933782601
98 4 72 75.61186198841948 1499.6637502850892 113392.36851559173
99 1 6 1.0 9.55892689827884 9.55892689827884
100 35 836 6117.310290426031 4455665035.753932 27256685573909.0
101 28 691 4724.12231882448 529390545.78966796 2500905692739.6436
102 6 131 225.58275470837765 11225.205072627472 2532212.6824497594
103 0 100 0.0 0.0 0.0
104 42 840 7252.650449022947 17575770733.799023 127470921504411.86
105 44 866 7528.2761260995885 28082626375.103817 211413765697868.7
106 39 804 6798.773358825962 8626525781.35077 58649793661472.94
107 46 1009 7782.801884860074 69266107506.53355 539084392058769.9
108 40 949 6955.50474228233 18461232120.905 128407187565329.6
109 32 632 5549.980220652734 962489891.8259262 5341799862212.08
110 20 500 2902.6872563902634 27941749.592694756 81106160463.9629
111 20 361 2902.6872563902634 11375446.457049781 33019363466.628174
112 20 530 2902.6872563902634 32814860.30472553 95251276826.75351
113 33 669 5744.298091538941 1423258528.0810287 8175621246622.375
114 15 344 1756.7778603087352 1037159.1258669969 1822058189.940301
115 32 811 5549.980220652734 2141826346.783276 11887093860720.086
116 0 100 0.0 0.0 0.0
117 35 838 6117.310290426031 4490958897.3557625 27472589076674.75
118 38 943 6636.579650383532 12223570728.265528 81122700750230.81
119 16 361 1979.1134619514044 3767655.5045548705 7456617729.0598545
120 48 991 8016.77096497358 91949512601.50818 737138182867243.0
121 48 926 8016.77096497358 71735895315.25818 575090242709746.0
122 27 557 4506.6139001521815 217787828.16556513 981485653694.8906
123 32 821 5549.980220652734 2227694978.2438993 12363663066901.064
124 39 877 6798.773358825962 11612267494.523066 78949174877324.11
125 33 678 5744.298091538941 1486226937.0100067 8537330557860.347
126 24 618 3832.71054120725 144843766.0576722 555144228997.3971
127 42 823 7252.650449022947 16360859982.600391 118659598499208.3
128 47 920 7902.318130854768 59036389270.94332 466524329315975.3
129 18 429 2436.3877014920204 10579213.424545432 25775065479.02177
130 12 222 1131.8354418063404 328897.9287204573 372258332.46250904
131 33 587 5744.298091538941 931778459.2739563 5352413225344.481
132 31 686 5350.621552679651 1011038677.6271498 5409685339104.562
133 37 862 6468.923834840442 7397811041.890318 47855876174530.086
134 38 928 6636.579650383532 11576643370.60718 76829315813119.03
135 26 644 4285.277943143774 267089984.0 1144554817269.8235
136 58 1270 8902.46046345971 1210867886104.7048 1.077970348252017e+16
137 40 799 6955.50474228233 10200274176.168528 70948055404920.19
138 25 680 4060.496712466729 246204801.1074511 999713785490.3302
139 35 978 6117.310290426031 7479651238.788842 45755347491840.8
140 31 760 5350.621552679651 894322214.8366138 4785179717744.987
141 22 431 3370.209833397988 31052953.843553677 104654970399.59845
142 42 833 7252.650449022947 17067976373.306526 123788066507774.62
143 31 936 5350.621552679651 2711520023.957772 14508317480710.898
144 22 427 3370.209833397988 30240361.37131213 101916363259.1048
145 38 874 6636.579650383532 9446854580.088263 62694802866346.23
146 28 649 4724.12231882448 436623091.09509474 2062660889556.4712
147 29 634 4937.473672561782 509029353.2058857 2513319030015.213
148 24 468 3832.71054120725 64246021.6579986 246236404439.2405
149 19 475 2668.9360872348193 18435897.641202144 49204232515.171684
150 44 955 7528.2761260995885 39769857947.120255 299398472121677.4
151 34 968 5933.442745663244 5847850854.6508465 34697888231248.664
152 24 756 3832.71054120725 261125202.5591191 1000817316423.2142
153 42 739 7252.650449022947 11220271386.868576 81376706312131.7
154 43 1136 7393.130324549447 61171595202.44723 452249575492276.06
155 40 918 6955.50474228233 16463615464.61484 114512755439241.22
156 45 1043 7658.1450374688 65261517106.76227 499782163368836.7
157 20 528 2902.6872563902634 32474356.373224042 94262900404.03336
158 24 551 3832.71054120725 57657962.16093209 220986279358.73315
159 28 540 4724.12231882448 248187167.5717077 1172466537571.3357
160 36 666 6295.82243666837 2561194284.5499697 16124824441336.492
161 25 447 4060.496712466729 71043707.46975325 288472740622.3811
162 41 1036 7106.788070274764 30301969290.297306 215349673858117.16
163 18 509 2436.3877014920204 9313797.28117337 22692021150.04062
164 25 442 4060.496712466729 68715240.71834683 279018009033.2072
165 48 1063 8016.77096497358 118853084317.53752 952817955454391.5
166 37 952 6468.923834840442 10330091450.054884 66824574797341.51
167 0 100 0.0 0.0 0.0
168 22 586 3370.209833397988 74393096.13494797 250720344130.9235
169 34 708 5933.442745663244 2102072894.3704035 12472529165957.408
170 23 490 3602.4235623004615 57526543.61063629 207234976160.66122
171 35 724 6117.310290426031 2771077655.530952 16951541857749.135
172 0 100 0.0 0.0 0.0
173 30 740 5146.386239304723 1031214501.3022729 5307028119273.5
174 44 996 7528.2761260995885 46183683256.86227 347683520077981.5
175 49 1159 8126.242482129881 194168999381.06253 1577864371483041.0
176 32 625 5549.980220652734 928712173.2662789 5154334192307.263
177 50 1074 8230.818941038662 173886756939.7046 1431230412615106.5
178 43 980 7393.130324549447 36313657816.679985 268471604799808.88
179 59 992 8967.266196081293 538203579308.534 4826214763343374.0
180 50 1156 8230.818941038662 228435719659.38666 1880213048182277.5
181 33 780 5744.298091538941 2340258359.777281 13443141629776.686
182 22 561 3370.209833397988 65718056.2781728 221483639500.50034
183 26 482 4285.277943143774 111980168.0 479866143999.93427
184 29 478 4937.473672561782 211643754.7552752 1044985467066.2937
185 44 1095 7528.2761260995885 64695150882.888725 487042959866061.9
186 33 710 5744.298091538941 1725719454.3095684 9913046967922.076
187 28 719 4724.12231882448 598103351.9653482 2825513393983.2354
188 37 702 6468.923834840442 3709499957.4859204 23996472690320.277
189 50 1232 8230.818941038662 289276233494.0757 2380980301835361.0
190 48 1170 8016.77096497358 168822389635.80106 1353410431469746.5
191 49 1127 8126.242482129881 175139392183.78064 1423225169058244.2
192 32 701 5549.980220652734 1341955875.4110749 7447828565520.189
193 15 323 1756.7778603087352 2102781.525042392 3694120028.260712
194 35 733 6117.310290426031 2886455621.911372 17657344678776.508
195 42 1010 7252.650449022947 33522289603.571022 243125448745616.66
196 31 672 5350.621552679651 946973697.9251579 5066897877939.1
197 23 476 3602.4235623004615 52912094.59923058 190611776314.93924
198 53 1116 8516.089422990353 330711133150.19946 2816365583085568.0
199 26 545 4285.277943143774 161878625.0 693694901178.9423
