0 0 100 0.0 0.0 0.0
1 0 100 0.0 0.0 0.0
2 8 91 459.67273235884244 11884.209766134405 5462847.1751246415
3 1 10 1.0 18.1937008646705 18.1937008646705
4 12 175 1131.8354418063404 187989.31688919218 212772971.53615096
5 3 20 32.9215577265747 116.21344721391306 3825.92771105708
6 0 100 0.0 0.0 0.0
7 4 66 75.61186198841948 1292.338741426653 97716.13855903981
8 0 9 0.0 9.0 0.0
9 0 11 0.0 11.0 0.0
10 0 100 0.0 0.0 0.0
11 0 5 0.0 5.0 0.0
12 3 48 32.9215577265747 466.4489382157433 15356.225645969067
13 7 135 332.66880679862265 18225.0 6062889.003904898
14 4 130 75.61186198841948 335.61535000671915 25376.501525903146
15 1 11 1.0 20.51504931294799 20.51504931294799
16 3 26 32.9215577265747 176.25042831919396 5802.438650243859
17 2 37 9.541850352986048 182.69988024795316 1743.2949168344405
18 3 39 32.9215577265747 335.47304520277595 11044.29522335299
19 9 119 604.9491004987461 29623.09111740326 17920462.325465497
20 0 100 0.0 0.0 0.0
21 0 7 0.0 7.0 0.0
22 0 6 0.0 6.0 0.0
23 0 100 0.0 0.0 0.0
24 2 31 9.541850352986048 141.5519192260369 1350.6672304328126
25 0 100 0.0 0.0 0.0
26 3 41 32.9215577265747 363.1907597716439 11956.805563580698
27 0 100 0.0 0.0 0.0
28 1 102 1.0 2.3948263510722025 2.3948263510722025
29 1 15 1.0 30.323695983612147 30.323695983612147
30 3 49 32.9215577265747 481.96892224029307 15867.1676959488
31 1 103 1.0 3.9914906122521803 3.9914906122521803
32 2 58 9.541850352986048 349.384203814786 3333.771788497865
33 10 90 766.6651705632711 22191.999458763104 17013833.050192636
34 1 102 1.0 2.3948263510722025 2.3948263510722025
35 1 11 1.0 20.51504931294799 20.51504931294799
36 10 116 766.6651705632711 39022.35413079504 29917079.785466347
37 7 70 332.66880679862265 4900.0 1630077.153313251
38 0 100 0.0 0.0 0.0
39 1 106 1.0 9.55892689827884 9.55892689827884
40 3 16 32.9215577265747 81.54950460903234 2684.7367235598276
41 0 6 0.0 6.0 0.0
42 10 125 766.6651705632711 46077.20429199722 35325787.687602736
43 1 105 1.0 7.59708563275366 7.59708563275366
44 0 100 0.0 0.0 0.0
45 5 181 139.6884681067044 2937.2940727723303 410306.1094044695
46 0 100 0.0 0.0 0.0
47 0 100 0.0 0.0 0.0
48 2 77 9.541850352986048 525.7635059468569 5016.7566948061985
49 4 167 75.61186198841948 1326.001420918201 100261.43643491513
50 5 184 139.6884681067044 3137.9608221632784 438336.940226843
51 3 145 32.9215577265747 421.0282951259743 13860.907322511091
52 7 122 332.66880679862265 14884.0 4951442.5203907
53 1 107 1.0 11.607984241186918 11.607984241186918
54 0 100 0.0 0.0 0.0
55 8 138 459.67273235884244 28257.118371009565 12989026.81018921
56 0 100 0.0 0.0 0.0
57 0 100 0.0 0.0 0.0
58 4 146 75.61186198841948 697.0692055589992 52706.70056710426
59 2 106 9.541850352986048 13.252209915340185 126.45060385853394
60 2 18 9.541850352986048 64.62733255388774 616.6643359418604
61 3 144 32.9215577265747 406.27351121486885 13375.156852238497
62 0 100 0.0 0.0 0.0
63 13 184 1331.5823725933528 287430.702209323 382737656.40406376
64 0 100 0.0 0.0 0.0
65 0 9 0.0 9.0 0.0
66 0 6 0.0 6.0 0.0
67 8 116 459.67273235884244 19689.9977613532 9050955.071100716
68 0 100 0.0 0.0 0.0
69 0 6 0.0 6.0 0.0
70 2 19 9.541850352986048 69.8685662777562 666.6754038000371
71 0 100 0.0 0.0 0.0
72 0 100 0.0 0.0 0.0
73 0 100 0.0 0.0 0.0
74 1 12 1.0 22.891970023971037 22.891970023971037
75 0 100 0.0 0.0 0.0
76 0 100 0.0 0.0 0.0
77 4 35 75.61186198841948 436.83679879622173 33030.043742042886
78 0 100 0.0 0.0 0.0
79 0 6 0.0 6.0 0.0
80 3 9 32.9215577265747 32.71640406476307 1077.0749850240404
81 1 37 1.0 94.5824071263594 94.5824071263594
82 2 113 9.541850352986048 40.41888428935346 385.6709453236695
83 5 53 139.6884681067044 1358.9929081032851 189835.63750082318
84 0 5 0.0 5.0 0.0
85 0 100 0.0 0.0 0.0
86 0 6 0.0 6.0 0.0
87 0 100 0.0 0.0 0.0
88 2 27 9.541850352986048 115.98017876588344 1106.66550969663
89 1 9 1.0 15.931997307697284 15.931997307697284
90 3 49 32.9215577265747 481.96892224029307 15867.1676959488
91 1 15 1.0 30.323695983612147 30.323695983612147
92 0 6 0.0 6.0 0.0
93 0 6 0.0 6.0 0.0
94 2 38 9.541850352986048 189.8638195218893 1811.6521533242187
95 2 16 9.541850352986048 54.53075711894446 520.3243240639966
96 1 7 1.0 11.607984241186918 11.607984241186918
97 4 60 75.61186198841948 1097.9836363389938 83020.58717640696
98 2 17 9.541850352986048 59.51335422080222 567.8675199791454
99 1 9 1.0 15.931997307697284 15.931997307697284
100 10 120 766.6651705632711 42078.2525506963 32259930.668783974
101 6 97 225.58275470837765 6317.679695554275 1425159.589088318
102 10 128 766.6651705632711 48572.78656303952 37239063.695086055
103 0 100 0.0 0.0 0.0
104 1 103 1.0 3.9914906122521803 3.9914906122521803
105 4 83 75.61186198841948 1912.3940233356846 144599.67295993603
106 1 100 1.0 0.0 0.0
107 1 9 1.0 15.931997307697284 15.931997307697284
108 10 131 766.6651705632711 51140.99905783681 39208022.76545254
109 6 66 225.58275470837765 3024.560894461153 682288.7783557816
110 12 206 1131.8354418063404 275852.07684250775 312219157.26623636
111 0 100 0.0 0.0 0.0
112 0 100 0.0 0.0 0.0
113 4 32 75.61186198841948 374.7746947170294 28337.41249369607
114 1 102 1.0 2.3948263510722025 2.3948263510722025
115 0 100 0.0 0.0 0.0
116 1 28 1.0 66.57403288693754 66.57403288693754
117 9 119 604.9491004987461 29623.09111740326 17920462.325465497
118 1 103 1.0 3.9914906122521803 3.9914906122521803
119 2 35 9.541850352986048 168.62869283493262 1609.0297522505775
120 5 41 139.6884681067044 852.3594055446428 119064.77963687235
121 0 9 0.0 9.0 0.0
122 0 100 0.0 0.0 0.0
123 2 19 9.541850352986048 69.8685662777562 666.6754038000371
124 2 36 9.541850352986048 175.6210676402407 1675.7499462548174
125 3 31 32.9215577265747 233.0178128969552 7671.309378607293
126 7 126 332.66880679862265 15876.0 5281449.976734933
127 1 104 1.0 5.735193251789799 5.735193251789799
128 7 98 332.66880679862265 9604.0 3194951.220493972
129 1 100 1.0 0.0 0.0
130 4 48 75.61186198841948 749.6906189831174 56685.50361656424
131 6 105 225.58275470837765 7351.839824949449 1658448.2798868536
132 4 42 75.61186198841948 596.6466987883373 45113.56784462985
133 5 150 139.6884681067044 1222.4564081968258 170763.0629882387
134 11 133 942.9223974109915 72846.12336446987 68688241.28492276
135 4 92 75.61186198841948 2280.4993308091553 172432.80066582482
136 6 142 225.58275470837765 13097.231027658581 2954509.454271259
137 0 100 0.0 0.0 0.0
138 7 91 332.66880679862265 8281.0 2754830.389099394
139 1 40 1.0 104.3443904241405 104.3443904241405
140 5 116 139.6884681067044 5641.169189689651 788006.2824384862
141 5 61 139.6884681067044 1754.5251914699081 245086.93625105367
142 5 152 139.6884681067044 1312.7590262571498 183377.29737111018
143 7 194 332.66880679862265 8836.0 2939461.5768726296
144 4 93 75.61186198841948 2323.049658002374 175650.1101331206
145 5 29 139.6884681067044 454.311276802203 63462.04630010069
146 4 159 75.61186198841948 1066.8769814059906 80668.55507669134
147 6 187 225.58275470837765 5130.584655325767 1157371.4198129189
148 4 166 75.61186198841948 1292.338741426653 97716.13855903981
149 8 107 459.67273235884244 16645.17504715694 7651333.094517854
150 14 226 1540.4353185285338 639338.2042911381 984859150.3746802
151 9 133 604.9491004987461 37644.33692394514 22772907.76101235
152 0 100 0.0 0.0 0.0
153 6 184 225.58275470837765 4797.4874870676995 1082230.443011704
154 6 187 225.58275470837765 5130.584655325767 1157371.4198129189
155 8 174 459.67273235884244 7729.629217450359 3553099.7825061474
156 9 93 604.9491004987461 17416.783409430795 10536267.457116645
157 5 165 139.6884681067044 1969.1653870843556 275069.6963705592
158 4 171 75.61186198841948 1464.2230773075796 110712.63324163957
159 0 100 0.0 0.0 0.0
160 6 208 225.58275470837765 7758.892052145152 1750272.2426078406
161 10 115 766.6651705632711 38278.152614098304 29346526.402734596
162 5 117 139.6884681067044 5729.848236431501 800393.7226310181
163 8 134 459.67273235884244 26580.07983342708 12218137.923347592
164 8 87 459.67273235884244 10823.372908066605 4975209.3979896465
165 8 196 459.67273235884244 13282.821141836259 6105750.687701672
166 4 149 75.61186198841948 776.5950928818146 58719.80098386357
167 3 43 32.9215577265747 391.71440685113555 12895.848457480626
168 4 63 75.61186198841948 1193.5182370479756 90244.13622033325
169 12 221 1131.8354418063404 325424.97094098834 368327515.759809
170 9 151 604.9491004987461 49483.85481657476 29935213.46049745
171 7 66 332.66880679862265 4356.0 1449105.3224148003
172 5 78 139.6884681067044 2742.610069160227 383110.9991750147
173 11 128 942.9223974109915 66727.75730374745 62919096.89070834
174 4 105 75.61186198841948 2858.808634191098 216159.8438997593
175 3 52 32.9215577265747 529.6457757489877 17436.763980956737
176 8 82 459.67273235884244 9569.587872219572 4398878.604771212
177 10 169 766.6651705632711 90110.55718762161 69084625.69579932
178 4 25 75.61186198841948 245.72185754407212 18579.487180160453
179 11 99 942.9223974109915 37056.47122356453 34941376.68571488
180 8 99 459.67273235884244 14160.822691605603 6509344.059099445
181 10 122 766.6651705632711 43653.86742578588 33467899.715736557
182 1 108 1.0 13.734791927877684 13.734791927877684
183 9 145 604.9491004987461 45344.665438633376 27431214.569517843
184 8 87 459.67273235884244 10823.372908066605 4975209.3979896465
185 2 20 9.541850352986048 75.23327232919837 717.8646261306569
186 5 67 139.6884681067044 2080.6456750556 290642.2070213566
187 6 106 225.58275470837765 7486.36063642395 1688793.855104878
188 8 119 459.67273235884244 20764.03051150532 9544658.640006023
189 11 146 942.9223974109915 90184.32931477204 85036824.0063872
190 5 63 139.6884681067044 1860.4532693243248 259883.86717602485
191 10 176 766.6651705632711 98622.37714481588 75610341.59508552
192 10 124 766.6651705632711 45261.41727827692 34700352.19758556
193 0 100 0.0 0.0 0.0
194 12 137 1131.8354418063404 105717.08693673376 119654345.79951735
195 8 97 459.67273235884244 13572.24668173896 6238791.71644318
196 5 63 139.6884681067044 1860.4532693243248 259883.86717602485
197 2 40 9.541850352986048 204.4421003683832 1950.7559275652661
198 10 99 766.6651705632711 27431.71378523401 21030939.527999267
199 6 189 225.58275470837765 5358.570280584671 1208801.0451927343
