0 1 102 1.0 2.3948263510722025 2.3948263510722025
1 5 87 139.6884681067044 3344.5706484424895 467197.95035557833
2 3 64 32.9215577265747 736.4308795040106 24244.45171122346
3 3 37 32.9215577265747 308.57807572808247 10158.870933237406
4 9 212 604.9491004987461 25995.992049909724 15726252.007165443
5 3 40 32.9215577265747 349.23013798641597 11497.20014757944
6 1 102 1.0 2.3948263510722025 2.3948263510722025
7 10 113 766.6651705632711 36813.370582561554 28223529.036688462
8 0 8 0.0 8.0 0.0
9 4 152 75.61186198841948 859.6554919481086 65000.15241476724
10 3 26 32.9215577265747 176.25042831919396 5802.438650243859
11 7 89 332.66880679862265 7921.0 2635069.61865189
12 1 107 1.0 11.607984241186918 11.607984241186918
13 0 100 0.0 0.0 0.0
14 2 113 9.541850352986048 40.41888428935346 385.6709453236695
15 9 133 604.9491004987461 37644.33692394514 22772907.76101235
16 0 5 0.0 5.0 0.0
17 0 7 0.0 7.0 0.0
18 1 102 1.0 2.3948263510722025 2.3948263510722025
19 4 121 75.61186198841948 3643.450598699926 275488.08383052313
20 0 100 0.0 0.0 0.0
21 0 6 0.0 6.0 0.0
22 4 40 75.61186198841948 548.8883970182196 41502.47372238642
23 0 100 0.0 0.0 0.0
24 0 100 0.0 0.0 0.0
25 1 9 1.0 15.931997307697284 15.931997307697284
26 1 10 1.0 18.1937008646705 18.1937008646705
27 2 129 9.541850352986048 128.5709592386038 1226.8048527946264
28 1 107 1.0 11.607984241186918 11.607984241186918
29 0 100 0.0 0.0 0.0
30 0 100 0.0 0.0 0.0
31 1 100 1.0 0.0 0.0
32 8 93 459.67273235884244 12433.962042190109 5715553.30597966
33 0 100 0.0 0.0 0.0
34 9 168 604.9491004987461 62270.66628220907 37670583.55487998
35 0 100 0.0 0.0 0.0
36 2 18 9.541850352986048 64.62733255388774 616.6643359418604
37 1 16 1.0 32.892441635375256 32.892441635375256
38 0 100 0.0 0.0 0.0
39 4 53 75.61186198841948 888.1171619831025 67152.19228141312
40 0 100 0.0 0.0 0.0
41 2 27 9.541850352986048 115.98017876588344 1106.66550969663
42 0 100 0.0 0.0 0.0
43 0 5 0.0 5.0 0.0
44 12 222 1131.8354418063404 328897.9287204573 372258332.46250904
45 0 9 0.0 9.0 0.0
46 0 100 0.0 0.0 0.0
47 17 216 2206.0678959513543 1312198.6255004308 2894799260.8279943
48 1 14 1.0 27.799106543625292 27.799106543625292
49 1 6 1.0 9.55892689827884 9.55892689827884
50 3 36 32.9215577265747 295.444715883087 9726.500268956508
51 0 11 0.0 11.0 0.0
52 2 9 9.541850352986048 23.78240930402918 226.9281906125095
53 1 28 1.0 66.57403288693754 66.57403288693754
54 2 117 9.541850352986048 59.51335422080222 567.8675199791454
55 1 110 1.0 18.1937008646705 18.1937008646705
56 1 18 1.0 38.15436697768484 38.15436697768484
57 0 100 0.0 0.0 0.0
58 0 100 0.0 0.0 0.0
59 0 100 0.0 0.0 0.0
60 4 57 75.61186198841948 1005.7817905983286 76049.03394118624
61 1 26 1.0 60.63937356224698 60.63937356224698
62 0 100 0.0 0.0 0.0
63 0 100 0.0 0.0 0.0
64 0 5 0.0 5.0 0.0
65 0 100 0.0 0.0 0.0
66 1 15 1.0 30.323695983612147 30.323695983612147
67 0 100 0.0 0.0 0.0
68 0 100 0.0 0.0 0.0
69 0 9 0.0 9.0 0.0
70 1 12 1.0 22.891970023971037 22.891970023971037
71 11 206 942.9223974109915 198350.6029859777 187029226.09545386
72 1 15 1.0 30.323695983612147 30.323695983612147
73 2 36 9.541850352986048 175.6210676402407 1675.7499462548174
74 1 100 1.0 0.0 0.0
75 0 7 0.0 7.0 0.0
76 0 100 0.0 0.0 0.0
77 3 35 32.9215577265747 282.5239294230334 9301.12785163911
78 0 9 0.0 9.0 0.0
79 0 100 0.0 0.0 0.0
80 1 15 1.0 30.323695983612147 30.323695983612147
81 1 101 1.0 1.0 1.0
82 2 34 9.541850352986048 161.72412498062124 1543.1473990327004
83 2 104 9.541850352986048 7.384494371244687 70.4617402228846
84 0 9 0.0 9.0 0.0
85 0 100 0.0 0.0 0.0
86 0 100 0.0 0.0 0.0
87 3 54 32.9215577265747 562.3460860297637 18513.309133542207
88 11 161 942.9223974109915 112815.8246369091 106376567.83253233
89 2 9 9.541850352986048 23.78240930402918 226.9281906125095
90 1 107 1.0 11.607984241186918 11.607984241186918
91 1 29 1.0 69.58346013935528 69.58346013935528
92 2 14 9.541850352986048 44.97826169706515 429.17584225083993
93 2 35 9.541850352986048 168.62869283493262 1609.0297522505775
94 5 77 139.6884681067044 2679.0520099722326 374232.6712512085
95 0 100 0.0 0.0 0.0
96 6 95 225.58275470837765 6070.84515091352 1369477.9725510685
97 0 100 0.0 0.0 0.0
98 0 9 0.0 9.0 0.0
99 0 100 0.0 0.0 0.0
100 2 15 9.541850352986048 49.68406405407534 474.0779041321602
101 3 52 32.9215577265747 529.6457757489877 17436.763980956737
102 7 267 332.66880679862265 27889.0 9277800.352806788
103 2 118 9.541850352986048 64.62733255388774 616.6643359418604
104 6 180 225.58275470837765 4369.987349380403 985793.784313993
105 3 44 32.9215577265747 406.27351121486885 13375.156852238497
106 2 52 9.541850352986048 298.47302352672085 2847.984924895254
107 5 170 139.6884681067044 2253.023098877021 314721.345291151
108 2 47 9.541850352986048 257.9778488812911 2461.586028410529
109 1 106 1.0 9.55892689827884 9.55892689827884
110 8 227 459.67273235884244 23773.224239432624 10927902.943119459
111 8 126 459.67273235884244 23385.5071842533 10749679.984983055
112 0 100 0.0 0.0 0.0
113 3 54 32.9215577265747 562.3460860297637 18513.309133542207
114 2 35 9.541850352986048 168.62869283493262 1609.0297522505775
115 1 107 1.0 11.607984241186918 11.607984241186918
116 4 153 75.61186198841948 888.1171619831025 67152.19228141312
117 0 100 0.0 0.0 0.0
118 11 240 942.9223974109915 281399.562147863 265337949.77086625
119 14 229 1540.4353185285338 660472.5308888281 1017415213.4990788
120 0 100 0.0 0.0 0.0
121 7 140 332.66880679862265 19600.0 6520308.613253004
122 11 178 942.9223974109915 141963.15962971188 133860242.82208721
123 2 47 9.541850352986048 257.9778488812911 2461.586028410529
124 7 89 332.66880679862265 7921.0 2635069.61865189
125 4 123 75.61186198841948 213.06977413856453 16110.60235606885
126 4 59 75.61186198841948 1066.8769814059906 80668.55507669134
127 9 123 604.9491004987461 31810.029433802327 19243448.692817356
128 0 100 0.0 0.0 0.0
129 8 125 459.67273235884244 23001.09948770076 10572978.24876898
130 3 118 32.9215577265747 98.31525163284788 3236.6912320335186
131 2 37 9.541850352986048 182.69988024795316 1743.2949168344405
132 11 155 942.9223974109915 103420.77350456103 97517763.69501984
133 15 201 1756.7778603087352 636341.7083681207 1117911024.8521523
134 11 207 942.9223974109915 200561.92047813235 189114326.8865932
135 8 186 459.67273235884244 10566.202609933729 4856995.224365369
136 7 128 332.66880679862265 16384.0 5450445.730588634
137 0 100 0.0 0.0 0.0
138 13 149 1331.5823725933528 172857.43863412685 230173918.25684053
139 17 232 2206.0678959513543 1582458.317989518 3491010491.997855
140 8 73 459.67273235884244 7513.940270393182 3453953.4548727735
141 8 187 459.67273235884244 10823.372908066605 4975209.3979896465
142 10 123 766.6651705632711 44453.64316262519 34081059.91743283
143 7 104 332.66880679862265 10816.0 3598145.8143339027
144 15 194 1756.7778603087352 581968.0131202299 1022388520.8574835
145 10 122 766.6651705632711 43653.86742578588 33467899.715736557
146 10 119 766.6651705632711 41302.383909052856 31665099.20430371
147 13 254 1331.5823725933528 625160.2824792424 832452412.1948403
148 11 128 942.9223974109915 66727.75730374745 62919096.89070834
149 4 24 75.61186198841948 229.15430718595061 17326.78384899598
150 15 224 1756.7778603087352 836091.6795815025 1468827351.8771286
151 8 80 459.67273235884244 9090.477490208035 4178644.62637048
152 14 204 1540.4353185285338 496635.5526186232 765034945.6906632
153 2 33 9.541850352986048 154.90879557685506 1478.1165457556579
154 7 73 332.66880679862265 5329.0 1772792.07142986
155 9 122 604.9491004987461 31255.467204814257 18907966.771220442
156 11 138 942.9223974109915 79268.40782369916 74743957.1440746
157 11 163 942.9223974109915 116050.04572860713 109426187.33807343
158 6 55 225.58275470837765 2133.9982456992793 481393.20280768874
159 12 249 1131.8354418063404 430791.02181594196 487584546.5032515
160 11 153 942.9223974109915 100391.00291225547 94660925.14451775
161 11 165 942.9223974109915 119335.84349280817 112524439.64330155
162 7 94 332.66880679862265 8836.0 2939461.5768726296
163 1 107 1.0 11.607984241186918 11.607984241186918
164 1 13 1.0 25.320989780782124 25.320989780782124
165 10 208 766.6651705632711 142996.92734471612 109630763.69276047
166 12 262 1131.8354418063404 485551.9600965678 549564917.2758334
167 9 142 604.9491004987461 43347.5615654562 26223068.37783675
168 10 164 766.6651705632711 84288.55756198421 64621101.35979072
169 7 215 332.66880679862265 13225.0 4399544.969911785
170 12 206 1131.8354418063404 275852.07684250775 312219157.26623636
171 17 191 2206.0678959513543 950601.6572995561 2097091798.006702
172 9 115 604.9491004987461 27519.39696484649 16647834.440151809
173 10 157 766.6651705632711 76495.71491932069 58646600.32598036
174 10 157 766.6651705632711 76495.71491932069 58646600.32598036
175 9 104 604.9491004987461 22159.83881577813 13405574.55880218
176 13 229 1331.5823725933528 487011.5179200852 648495952.5123173
177 12 193 1131.8354418063404 236652.0012546562 267851122.39441845
178 9 162 604.9491004987461 57577.89660287633 34831696.75851985
179 13 127 1331.5823725933528 117615.9615433203 156615341.126703
180 5 61 139.6884681067044 1754.5251914699081 245086.93625105367
181 15 252 1756.7778603087352 1124993.9350205557 1976364438.025716
182 14 235 1540.4353185285338 703973.305306163 1084425342.794884
183 12 167 1131.8354418063404 168403.19994789627 190604710.21462867
184 6 199 225.58275470837765 6569.204673563341 1481899.2865055674
185 8 192 459.67273235884244 12157.47237943942 5588458.547234075
186 11 210 942.9223974109915 207278.85551015017 195447875.3702373
187 13 153 1331.5823725933528 184254.09621895975 245349506.60328636
188 14 208 1540.4353185285338 520997.6756275367 802563220.4079303
189 11 204 942.9223974109915 193969.34325940354 182898038.17039233
190 10 101 766.6651705632711 28679.450792418193 21987536.033430234
191 11 136 942.9223974109915 76662.81301119635 72287083.43678781
192 6 43 225.58275470837765 1332.6396931867307 300620.5330227899
193 9 264 604.9491004987461 59120.271421214304 35764755.01750532
194 10 143 766.6651705632711 62147.61058651166 47646408.47040772
195 13 159 1331.5823725933528 202153.0273720448 269183407.8149964
196 12 163 1131.8354418063404 159071.89323840395 180043206.56245995
197 13 248 1331.5823725933528 590159.2186833756 785845612.6222486
198 9 234 604.9491004987461 38256.77589826959 23143402.1676403
199 12 194 1131.8354418063404 239545.25146829078 271125805.5282238
