0 1 104 1.0 5.735193251789799 5.735193251789799
1 13 134 1331.5823725933528 133852.09558174116 178235091.01132715
2 2 9 9.541850352986048 23.78240930402918 226.9281906125095
3 1 12 1.0 22.891970023971037 22.891970023971037
4 5 173 139.6884681067044 2431.5451615879456 339658.8187544891
5 5 156 139.6884681067044 1501.9949206988383 209811.36957647165
6 1 103 1.0 3.9914906122521803 3.9914906122521803
7 7 75 332.66880679862265 5625.0 1871262.0382422525
8 0 100 0.0 0.0 0.0
9 3 45 32.9215577265747 421.0282951259743 13860.907322511091
10 0 100 0.0 0.0 0.0
11 2 44 9.541850352986048 234.56808185291177 2238.2135346274663
12 0 100 0.0 0.0 0.0
13 0 100 0.0 0.0 0.0
14 4 34 75.61186198841948 415.7115691523703 31432.725793738326
15 0 100 0.0 0.0 0.0
16 4 112 75.61186198841948 3192.372259230475 241381.21068059356
17 1 10 1.0 18.1937008646705 18.1937008646705
18 0 100 0.0 0.0 0.0
19 0 6 0.0 6.0 0.0
20 6 67 225.58275470837765 3112.8302065571443 702200.8129346088
21 1 8 1.0 13.734791927877684 13.734791927877684
22 0 5 0.0 5.0 0.0
23 0 100 0.0 0.0 0.0
24 1 102 1.0 2.3948263510722025 2.3948263510722025
25 1 10 1.0 18.1937008646705 18.1937008646705
26 3 42 32.9215577265747 377.3528472077043 12423.04354263576
27 0 100 0.0 0.0 0.0
28 0 100 0.0 0.0 0.0
29 0 100 0.0 0.0 0.0
30 3 41 32.9215577265747 363.1907597716439 11956.805563580698
31 7 114 332.66880679862265 12996.0 4323363.8131549
32 0 100 0.0 0.0 0.0
33 0 5 0.0 5.0 0.0
34 0 10 0.0 10.0 0.0
35 1 104 1.0 5.735193251789799 5.735193251789799
36 1 82 1.0 257.7830502330182 257.7830502330182
37 0 100 0.0 0.0 0.0
38 6 120 225.58275470837765 9491.407950004868 2141097.9514230937
39 0 100 0.0 0.0 0.0
40 0 6 0.0 6.0 0.0
41 0 5 0.0 5.0 0.0
42 1 10 1.0 18.1937008646705 18.1937008646705
43 1 18 1.0 38.15436697768484 38.15436697768484
44 1 26 1.0 60.63937356224698 60.63937356224698
45 0 100 0.0 0.0 0.0
46 0 6 0.0 6.0 0.0
47 3 36 32.9215577265747 295.444715883087 9726.500268956508
48 0 100 0.0 0.0 0.0
49 0 10 0.0 10.0 0.0
50 3 33 32.9215577265747 257.33012181535685 8471.708460130769
51 0 6 0.0 6.0 0.0
52 1 100 1.0 0.0 0.0
53 0 100 0.0 0.0 0.0
54 1 115 1.0 30.323695983612147 30.323695983612147
55 6 167 225.58275470837765 3112.8302065571443 702200.8129346088
56 3 52 32.9215577265747 529.6457757489877 17436.763980956737
57 1 6 1.0 9.55892689827884 9.55892689827884
58 0 11 0.0 11.0 0.0
59 4 76 75.61186198841948 1644.92462809159 124375.81396061354
60 1 16 1.0 32.892441635375256 32.892441635375256
61 2 28 9.541850352986048 122.22584512913716 1166.2607234894754
62 4 64 75.61186198841948 1226.095534977771 92707.36637535656
63 0 10 0.0 10.0 0.0
64 0 100 0.0 0.0 0.0
65 4 27 75.61186198841948 280.28354879760207 21192.761009308724
66 1 18 1.0 38.15436697768484 38.15436697768484
67 0 100 0.0 0.0 0.0
68 0 100 0.0 0.0 0.0
69 2 28 9.541850352986048 122.22584512913716 1166.2607234894754
70 0 10 0.0 10.0 0.0
71 0 100 0.0 0.0 0.0
72 0 10 0.0 10.0 0.0
73 0 100 0.0 0.0 0.0
74 2 126 9.541850352986048 109.8359986590007 1048.0386625749609
75 1 19 1.0 40.84402933782601 40.84402933782601
76 6 92 225.58275470837765 5709.4065807799225 1287943.6642424744
77 3 51 32.9215577265747 513.5688732735056 16907.48730804564
78 0 100 0.0 0.0 0.0
79 1 107 1.0 11.607984241186918 11.607984241186918
80 3 53 32.9215577265747 545.90532331836 17972.053614869816
81 0 6 0.0 6.0 0.0
82 0 5 0.0 5.0 0.0
83 5 180 139.6884681067044 2871.732646582133 401147.9342130701
84 1 14 1.0 27.799106543625292 27.799106543625292
85 0 100 0.0 0.0 0.0
86 0 6 0.0 6.0 0.0
87 0 6 0.0 6.0 0.0
88 0 100 0.0 0.0 0.0
89 1 104 1.0 5.735193251789799 5.735193251789799
90 1 112 1.0 22.891970023971037 22.891970023971037
91 0 11 0.0 11.0 0.0
92 3 138 32.9215577265747 321.92161897300775 10598.16116245226
93 0 100 0.0 0.0 0.0
94 0 100 0.0 0.0 0.0
95 3 148 32.9215577265747 466.4489382157433 15356.225645969067
96 2 58 9.541850352986048 349.384203814786 3333.771788497865
97 1 9 1.0 15.931997307697284 15.931997307697284
98 6 90 225.58275470837765 5474.33581455389 1234915.7532457968
99 2 35 9.541850352986048 168.62869283493262 1609.0297522505775
100 2 128 9.541850352986048 122.22584512913716 1166.2607234894754
101 2 50 9.541850352986048 282.0582186126376 2691.3573128316116
102 1 12 1.0 22.891970023971037 22.891970023971037
103 2 106 9.541850352986048 13.252209915340185 126.45060385853394
104 5 83 139.6884681067044 3070.409639894098 428900.8190568644
105 5 162 139.6884681067044 1807.1402103142602 252436.6476328266
106 1 134 1.0 85.02419427196995 85.02419427196995
107 4 166 75.61186198841948 1292.338741426653 97716.13855903981
108 1 19 1.0 40.84402933782601 40.84402933782601
109 1 105 1.0 7.59708563275366 7.59708563275366
110 4 37 75.61186198841948 480.38255499420245 36322.61944986597
111 6 122 225.58275470837765 9796.315838838276 2209879.91291845
112 1 102 1.0 2.3948263510722025 2.3948263510722025
113 5 68 139.6884681067044 2137.419079796989 298572.7969588832
114 0 100 0.0 0.0 0.0
115 1 102 1.0 2.3948263510722025 2.3948263510722025
116 1 7 1.0 11.607984241186918 11.607984241186918
117 2 107 9.541850352986048 16.551687764173284 157.9337277350917
118 4 74 75.61186198841948 1571.597319835911 118831.39964880285
119 1 8 1.0 13.734791927877684 13.734791927877684
120 0 100 0.0 0.0 0.0
121 4 58 75.61186198841948 1036.142416344768 78344.65738500807
122 1 11 1.0 20.51504931294799 20.51504931294799
123 0 8 0.0 8.0 0.0
124 4 138 75.61186198841948 502.796158813779 38017.3537685349
125 1 106 1.0 9.55892689827884 9.55892689827884
126 3 44 32.9215577265747 406.27351121486885 13375.156852238497
127 0 100 0.0 0.0 0.0
128 3 44 32.9215577265747 406.27351121486885 13375.156852238497
129 6 86 225.58275470837765 5018.366904356723 1132057.0304221432
130 0 100 0.0 0.0 0.0
131 1 14 1.0 27.799106543625292 27.799106543625292
132 6 149 225.58275470837765 1710.916389083443 385953.23212515353
133 6 205 225.58275470837765 7351.839824949449 1658448.2798868536
134 2 44 9.541850352986048 234.56808185291177 2238.2135346274663
135 1 7 1.0 11.607984241186918 11.607984241186918
136 4 80 75.61186198841948 1795.7178600152838 135777.5710016156
137 7 97 332.66880679862265 9409.0 3130080.8031682405
138 2 31 9.541850352986048 141.5519192260369 1350.6672304328126
139 5 29 139.6884681067044 454.311276802203 63462.04630010069
140 6 152 225.58275470837765 1916.8860894212144 432416.4445138071
141 6 80 225.58275470837765 4369.987349380403 985793.784313993
142 5 109 139.6884681067044 5037.901195841188 703736.7005199897
143 4 167 75.61186198841948 1326.001420918201 100261.43643491513
144 7 119 332.66880679862265 14161.0 4710922.973075296
145 8 143 459.67273235884244 30428.435598390966 13987122.132917445
146 2 33 9.541850352986048 154.90879557685506 1478.1165457556579
147 4 155 75.61186198841948 946.1899645328139 71543.18501308264
148 8 158 459.67273235884244 37444.75893656286 17212334.652888034
149 5 153 139.6884681067044 1358.9929081032851 189835.63750082318
150 6 168 225.58275470837765 3202.3105181925803 722386.0281254946
151 6 185 225.58275470837765 4907.334112484054 1107009.9473685443
152 6 121 225.58275470837765 9643.286769790522 2175359.1939721988
153 1 105 1.0 7.59708563275366 7.59708563275366
154 1 6 1.0 9.55892689827884 9.55892689827884
155 5 138 139.6884681067044 742.4330654268088 103709.33758123555
156 11 142 942.9223974109915 84627.25297767794 79796932.26401855
157 5 145 139.6884681067044 1009.4539298642129 141009.0730870245
158 6 69 225.58275470837765 3293.0002682054314 742844.0717572076
159 8 104 459.67273235884244 15689.114034349886 7211857.916459074
160 0 100 0.0 0.0 0.0
161 11 150 942.9223974109915 95941.23722419069 90465141.41401054
162 6 74 225.58275470837765 3764.5376458742294 849214.7723596997
163 6 89 225.58275470837765 5358.570280584671 1208801.0451927343
164 2 28 9.541850352986048 122.22584512913716 1166.2607234894754
165 6 84 225.58275470837765 4797.4874870676995 1082230.443011704
166 6 100 225.58275470837765 6696.723465418967 1510665.3268494436
167 9 146 604.9491004987461 46021.08717513291 27840415.290571038
168 4 160 75.61186198841948 1097.9836363389938 83020.58717640696
169 7 88 332.66880679862265 7744.0 2576187.2398485336
170 3 43 32.9215577265747 391.71440685113555 12895.848457480626
171 6 188 225.58275470837765 5243.986173197856 1182952.846602616
172 1 105 1.0 7.59708563275366 7.59708563275366
173 9 110 604.9491004987461 25006.172162451465 15127461.356591798
174 5 177 139.6884681067044 2679.0520099722326 374232.6712512085
175 7 91 332.66880679862265 8281.0 2754830.389099394
176 5 86 139.6884681067044 3275.042744200361 457485.7039213258
177 4 42 75.61186198841948 596.6466987883373 45113.56784462985
178 5 165 139.6884681067044 1969.1653870843556 275069.6963705592
179 7 72 332.66880679862265 5184.0 1724555.0944440598
180 6 95 225.58275470837765 6070.84515091352 1369477.9725510685
181 5 107 139.6884681067044 4871.189817186799 680449.0434198013
182 2 31 9.541850352986048 141.5519192260369 1350.6672304328126
183 6 88 225.58275470837765 5243.986173197856 1182952.846602616
184 9 197 604.9491004987461 87756.16433554704 53088012.67800933
185 6 242 225.58275470837765 13097.231027658581 2954509.454271259
186 12 132 1131.8354418063404 96867.71209580435 109638309.71672411
187 10 163 766.6651705632711 83149.79614194512 63748052.641465575
188 8 92 459.67273235884244 12157.47237943942 5588458.547234075
189 9 125 604.9491004987461 32934.84879335048 19923907.152599588
190 4 138 75.61186198841948 502.796158813779 38017.3537685349
191 10 148 766.6651705632711 67083.98395005375 51430953.9971317
192 5 169 139.6884681067044 2194.8788310889477 306599.26159464906
193 7 106 332.66880679862265 11236.0 3737866.7131893244
194 5 177 139.6884681067044 2679.0520099722326 374232.6712512085
195 5 150 139.6884681067044 1222.4564081968258 170763.0629882387
196 4 171 75.61186198841948 1464.2230773075796 110712.63324163957
197 5 55 139.6884681067044 1453.6132803589628 203053.01235290492
198 3 48 32.9215577265747 466.4489382157433 15356.225645969067
199 6 110 225.58275470837765 8036.070233330496 1812798.8602646885
