0 2 25 9.541850352986048 103.79546451213633 990.4007896934788
1 0 10 0.0 10.0 0.0
2 0 6 0.0 6.0 0.0
3 2 118 9.541850352986048 64.62733255388774 616.6643359418604
4 6 60 225.58275470837765 2520.4667612931225 568573.8351634055
5 0 100 0.0 0.0 0.0
6 0 100 0.0 0.0 0.0
7 0 100 0.0 0.0 0.0
8 4 169 75.61186198841948 1394.4010936602072 105433.26305033677
9 2 15 9.541850352986048 49.68406405407534 474.0779041321602
10 18 458 2436.3877014920204 12596730.226286616 30690518602.337505
11 0 100 0.0 0.0 0.0
12 1 109 1.0 15.931997307697284 15.931997307697284
13 2 30 9.541850352986048 135.01359299654277 1288.2794999919763
14 0 100 0.0 0.0 0.0
15 16 233 1979.1134619514044 1222189.922001164 2418852527.6938405
16 0 100 0.0 0.0 0.0
17 4 63 75.61186198841948 1193.5182370479756 90244.13622033325
18 2 48 9.541850352986048 265.93129728965954 2537.4766429133756
19 0 100 0.0 0.0 0.0
20 2 112 9.541850352986048 36.01211998010309 343.62225974392254
21 3 61 32.9215577265747 682.3928350558612 22465.435111492498
22 1 14 1.0 27.799106543625292 27.799106543625292
23 1 116 1.0 32.892441635375256 32.892441635375256
24 5 165 139.6884681067044 1969.1653870843556 275069.6963705592
25 3 81 32.9215577265747 1070.3630949288454 35238.02041809513
26 0 10 0.0 10.0 0.0
27 1 109 1.0 15.931997307697284 15.931997307697284
28 0 100 0.0 0.0 0.0
29 0 100 0.0 0.0 0.0
30 3 143 32.9215577265747 391.71440685113555 12895.848457480626
31 0 5 0.0 5.0 0.0
32 0 100 0.0 0.0 0.0
33 1 115 1.0 30.323695983612147 30.323695983612147
34 2 34 9.541850352986048 161.72412498062124 1543.1473990327004
35 0 100 0.0 0.0 0.0
36 1 13 1.0 25.320989780782124 25.320989780782124
37 2 116 9.541850352986048 54.53075711894446 520.3243240639966
38 0 14 0.0 14.0 0.0
39 0 100 0.0 0.0 0.0
40 11 265 942.9223974109915 119335.84349280817 112524439.64330155
41 3 32 32.9215577265747 245.06238675558936 8067.83551218631
42 0 100 0.0 0.0 0.0
43 1 25 1.0 57.71571011139208 57.71571011139208
44 4 57 75.61186198841948 1005.7817905983286 76049.03394118624
45 1 103 1.0 3.9914906122521803 3.9914906122521803
46 9 104 604.9491004987461 22159.83881577813 13405574.55880218
47 0 5 0.0 5.0 0.0
48 0 5 0.0 5.0 0.0
49 0 100 0.0 0.0 0.0
50 0 5 0.0 5.0 0.0
51 6 63 225.58275470837765 2767.0349550527303 624195.3675351668
52 7 90 332.66880679862265 8100.0 2694617.3350688433
53 0 100 0.0 0.0 0.0
54 1 106 1.0 9.55892689827884 9.55892689827884
55 2 117 9.541850352986048 59.51335422080222 567.8675199791454
56 0 10 0.0 10.0 0.0
57 0 100 0.0 0.0 0.0
58 1 10 1.0 18.1937008646705 18.1937008646705
59 0 100 0.0 0.0 0.0
60 2 27 9.541850352986048 115.98017876588344 1106.66550969663
61 0 100 0.0 0.0 0.0
62 0 100 0.0 0.0 0.0
63 6 95 225.58275470837765 6070.84515091352 1369477.9725510685
64 1 103 1.0 3.9914906122521803 3.9914906122521803
65 5 170 139.6884681067044 2253.023098877021 314721.345291151
66 1 33 1.0 81.88562674252243 81.88562674252243
67 2 16 9.541850352986048 54.53075711894446 520.3243240639966
68 0 100 0.0 0.0 0.0
69 0 100 0.0 0.0 0.0
70 10 104 766.6651705632711 30608.495879073467 23466467.71381504
71 0 100 0.0 0.0 0.0
72 0 100 0.0 0.0 0.0
73 0 100 0.0 0.0 0.0
74 0 100 0.0 0.0 0.0
75 0 100 0.0 0.0 0.0
76 0 6 0.0 6.0 0.0
77 4 139 75.61186198841948 525.6324972119714 39744.05183581987
78 2 19 9.541850352986048 69.8685662777562 666.6754038000371
79 0 6 0.0 6.0 0.0
80 0 100 0.0 0.0 0.0
81 0 100 0.0 0.0 0.0
82 0 100 0.0 0.0 0.0
83 22 410 3370.209833397988 26940753.33691113 90795991815.20755
84 1 32 1.0 78.7716859795011 78.7716859795011
85 0 6 0.0 6.0 0.0
86 11 251 942.9223974109915 311803.7779035702 294006765.7826388
87 0 19 0.0 19.0 0.0
88 0 20 0.0 20.0 0.0
89 21 361 3136.7198300107975 14663436.68118662 45995092613.98579
90 0 100 0.0 0.0 0.0
91 0 9 0.0 9.0 0.0
92 0 100 0.0 0.0 0.0
93 6 200 225.58275470837765 6696.723465418967 1510665.3268494436
94 1 104 1.0 5.735193251789799 5.735193251789799
95 2 25 9.541850352986048 103.79546451213633 990.4007896934788
96 2 106 9.541850352986048 13.252209915340185 126.45060385853394
97 28 418 4724.12231882448 113001444.10218714 533832644142.53925
98 4 157 75.61186198841948 1005.7817905983286 76049.03394118624
99 1 10 1.0 18.1937008646705 18.1937008646705
100 7 111 332.66880679862265 12321.0 4098812.36856583
101 0 100 0.0 0.0 0.0
102 18 323 2436.3877014920204 4960896.285159671 12086666697.540472
103 13 275 1331.5823725933528 757074.8545469204 1008107531.0483557
104 10 232 766.6651705632711 182304.83328898528 139766766.1080086
105 10 105 766.6651705632711 31266.895374512824 23971239.675284825
106 9 129 604.9491004987461 35247.44879474361 21322912.44325576
107 0 100 0.0 0.0 0.0
108 1 107 1.0 11.607984241186918 11.607984241186918
109 21 481 3136.7198300107975 32769966.281937353 102790203065.3381
110 10 175 766.6651705632711 97380.49160672564 74658231.2072055
111 22 371 3370.209833397988 20274848.627683878 68330494215.6759
112 13 170 1331.5823725933528 237519.46890166547 316276737.9371928
113 1 104 1.0 5.735193251789799 5.735193251789799
114 0 100 0.0 0.0 0.0
115 3 35 32.9215577265747 282.5239294230334 9301.12785163911
116 9 113 604.9491004987461 26498.629929601415 16030322.340361528
117 21 380 3136.7198300107975 16929927.655586418 53104439797.926125
118 15 221 1756.7778603087352 808161.8580406137 1419760859.7517211
119 5 57 139.6884681067044 1551.0877169304622 216669.0670771418
120 15 259 1756.7778603087352 1205408.7646549423 2117635430.3679054
121 23 455 3602.4235623004615 46454906.4031896 167350249411.3128
122 23 360 3602.4235623004615 23640266.419223603 85162252767.67146
123 19 350 2668.9360872348193 8047539.506965838 21478368603.58903
124 0 100 0.0 0.0 0.0
125 10 128 766.6651705632711 48572.78656303952 37239063.695086055
126 21 463 3136.7198300107975 29448472.71299214 92371608322.37431
127 17 269 2206.0678959513543 2332127.9713618937 5144832646.871634
128 2 112 9.541850352986048 36.01211998010309 343.62225974392254
129 21 311 3136.7198300107975 9656342.291797638 30289240352.053562
130 11 229 942.9223974109915 252740.34468079347 238314531.7288941
131 7 130 332.66880679862265 16900.0 5622102.834896723
132 2 28 9.541850352986048 122.22584512913716 1166.2607234894754
133 9 176 604.9491004987461 11274.311989143906 6820384.896574835
134 9 113 604.9491004987461 26498.629929601415 16030322.340361528
135 0 100 0.0 0.0 0.0
136 27 462 4506.6139001521815 123430485.42228603 556253541306.6055
137 18 248 2436.3877014920204 2451087.4872302543 5971799409.168771
138 16 261 1979.1134619514044 1636301.1957658 3238425724.3472753
139 20 357 2902.6872563902634 11031080.546237102 32019776925.77698
140 10 216 766.6651705632711 155517.2846853203 119229685.58880788
141 13 270 1331.5823725933528 724323.4864494693 964496386.6114737
142 19 356 2668.9360872348193 8427539.997087335 22492565624.841213
143 18 308 2436.3877014920204 4369712.206329453 10646313078.56064
144 29 610 4937.473672561782 451510030.8566746 2229318890252.3887
145 20 336 2902.6872563902634 9332081.224172609 27088113245.00468
146 33 459 5744.298091538941 419990811.2954461 2412552415788.3223
147 25 452 4060.496712466729 73423853.56540817 298137316018.9784
148 18 253 2436.3877014920204 2585179.8416463374 6298500372.332225
149 14 189 1540.4353185285338 411374.7091086738 633696131.0604029
150 30 443 5146.386239304723 205760242.92108428 1058921682765.0652
151 6 157 225.58275470837765 2284.902982010436 515434.70892330084
152 8 222 459.67273235884244 21867.711360392437 10051990.63146609
153 26 392 4285.277943143774 60236288.0 258129236343.25598
154 11 286 942.9223974109915 420411.2858887242 396415217.5888336
155 24 394 3832.71054120725 38839800.641951844 148861713338.79697
156 24 437 3832.71054120725 52579270.84363619 201521125611.39545
157 21 384 3136.7198300107975 17434027.797989793 54685660710.91406
158 15 292 1756.7778603087352 1630705.3693295505 2864787089.5247335
159 28 503 4724.12231882448 199559669.59602624 942744289075.8267
160 9 106 604.9491004987461 23088.154186617474 13967158.1073706
161 21 350 3136.7198300107975 13445554.584447855 42174937690.530174
162 18 348 2436.3877014920204 6052771.024250219 14746896883.430492
163 21 283 3136.7198300107975 7413136.9392707925 23252933639.996243
164 25 475 4060.496712466729 85053912.2626944 345361131125.10425
165 18 324 2436.3877014920204 5001985.684092617 12186776403.762402
166 24 399 3832.71054120725 40298685.81995092 154453197938.92505
167 27 341 4506.6139001521815 49083329.60134033 221199615447.15137
168 16 330 1979.1134619514044 2990945.70583787 5919420910.389474
169 16 226 1979.1134619514044 1129992.8408612981 2236384043.257306
170 16 287 1979.1134619514044 2088846.2416839032 4134063716.8632092
171 17 223 2206.0678959513543 1426591.9229522045 3147158641.8483663
172 23 444 3602.4235623004615 43288636.051261924 155944002490.91516
173 28 417 4724.12231882448 112172936.02362125 529918670637.2597
174 7 78 332.66880679862265 6084.0 2023957.0205628201
175 12 151 1131.8354418063404 132893.60415581556 150413691.1729344
176 0 100 0.0 0.0 0.0
177 16 210 1979.1134619514044 935577.399275388 1851613825.6034045
178 10 138 766.6651705632711 57418.05598112961 44020423.68218418
179 21 364 3136.7198300107975 15007446.602457665 47074155355.757126
180 27 418 4506.6139001521815 91082510.09056371 410473706034.88574
181 22 382 3370.209833397988 22031534.032416414 74250892640.89223
182 7 153 332.66880679862265 23409.0 7787444.0983489575
183 13 270 1331.5823725933528 237519.46890166547 316276737.9371928
184 15 228 1756.7778603087352 874225.5521357385 1535820094.9082453
185 23 375 3602.4235623004615 26594447.95312067 95804465932.69519
186 21 370 3136.7198300107975 15710942.526400527 49280824970.720474
187 33 432 5744.298091538941 345099434.9964065 1982354025841.0247
188 17 171 2206.0678959513543 711386.0418467183 1569365908.5459518
189 27 482 4506.6139001521815 140381877.78087452 632646921736.7538
190 23 359 3602.4235623004615 23451344.20888826 84481674945.71754
191 19 283 2668.9360872348193 4520352.396124986 12064531637.03636
192 17 354 2206.0678959513543 4789369.705087241 10565674748.234968
193 24 604 3832.71054120725 135456964.50715888 519167335746.5242
194 12 237 1131.8354418063404 105717.08693673376 119654345.79951735
195 19 302 2668.9360872348193 5392306.072990233 14391720271.619106
196 5 117 139.6884681067044 5729.848236431501 800393.7226310181
197 18 322 2436.3877014920204 4920018.579392031 11987072757.942986
198 14 354 1540.4353185285338 1933671.1706088758 2978695365.6263266
199 12 261 1131.8354418063404 481205.57771065657 544645527.6478163
