0 0 100 0.0 0.0 0.0
1 0 100 0.0 0.0 0.0
2 1 115 1.0 30.323695983612147 30.323695983612147
3 1 5 1.0 7.59708563275366 7.59708563275366
4 2 19 9.541850352986048 69.8685662777562 666.6754038000371
5 0 18 0.0 18.0 0.0
6 1 30 1.0 72.61998620345668 72.61998620345668
7 0 9 0.0 9.0 0.0
8 0 7 0.0 7.0 0.0
9 2 52 9.541850352986048 298.47302352672085 2847.984924895254
10 0 100 0.0 0.0 0.0
11 0 6 0.0 6.0 0.0
12 1 118 1.0 38.15436697768484 38.15436697768484
13 1 17 1.0 35.503281577765854 35.503281577765854
14 0 9 0.0 9.0 0.0
15 1 112 1.0 22.891970023971037 22.891970023971037
16 24 534 3832.71054120725 94488513.62342991 362147122187.52466
17 1 18 1.0 38.15436697768484 38.15436697768484
18 20 474 2902.6872563902634 24114016.707668576 69995448997.73148
19 0 100 0.0 0.0 0.0
20 18 363 2436.3877014920204 6774216.289305188 16504617254.510069
21 0 100 0.0 0.0 0.0
22 20 267 2902.6872563902634 4949491.505533976 14366825918.72533
23 11 95 942.9223974109915 33717.60802794969 31793087.796678413
24 0 100 0.0 0.0 0.0
25 6 165 225.58275470837765 17453.968353076576 3937314.2616798594
26 0 5 0.0 5.0 0.0
27 8 64 459.67273235884244 5714.8619697394415 2626966.2166837654
28 19 365 2668.9360872348193 9018470.5237446 24069721432.485462
29 40 1118 6955.50474228233 32485502073.267376 225953063726033.7
30 0 100 0.0 0.0 0.0
31 0 100 0.0 0.0 0.0
32 0 100 0.0 0.0 0.0
33 0 100 0.0 0.0 0.0
34 21 759 3136.7198300107975 79182243.077992 248372512047.47275
35 0 100 0.0 0.0 0.0
36 3 119 32.9215577265747 107.12598084817145 3526.754162509012
37 0 100 0.0 0.0 0.0
38 2 18 9.541850352986048 64.62733255388774 616.6643359418604
39 0 100 0.0 0.0 0.0
40 2 28 9.541850352986048 122.22584512913716 1166.2607234894754
41 0 100 0.0 0.0 0.0
42 31 704 5350.621552679651 1097689902.8723636 5873323252467.701
43 11 206 942.9223974109915 198350.6029859777 187029226.09545386
44 1 16 1.0 32.892441635375256 32.892441635375256
45 0 100 0.0 0.0 0.0
46 2 152 9.541850352986048 298.47302352672085 2847.984924895254
47 0 5 0.0 5.0 0.0
48 39 809 6798.773358825962 8811382459.243044 59906592318327.99
49 1 44 1.0 117.65777237975428 117.65777237975428
50 1 105 1.0 7.59708563275366 7.59708563275366
51 0 100 0.0 0.0 0.0
52 2 37 9.541850352986048 182.69988024795316 1743.2949168344405
53 14 379 1540.4353185285338 2288079.7365117436 3524638837.7321515
54 1 28 1.0 66.57403288693754 66.57403288693754
55 26 332 4285.277943143774 36594368.0 156817038033.68634
56 0 100 0.0 0.0 0.0
57 0 100 0.0 0.0 0.0
58 0 100 0.0 0.0 0.0
59 0 100 0.0 0.0 0.0
60 1 10 1.0 18.1937008646705 18.1937008646705
61 1 8 1.0 13.734791927877684 13.734791927877684
62 0 100 0.0 0.0 0.0
63 21 519 3136.7198300107975 40551388.19552213 127198343487.36003
64 0 100 0.0 0.0 0.0
65 0 100 0.0 0.0 0.0
66 0 10 0.0 10.0 0.0
67 10 234 766.6651705632711 185818.4774013604 142460554.67072132
68 0 100 0.0 0.0 0.0
69 0 100 0.0 0.0 0.0
70 33 783 5744.298091538941 2369543874.1576123 13611366354141.361
71 39 982 6798.773358825962 17095324455.926502 116227236471439.03
72 0 100 0.0 0.0 0.0
73 0 100 0.0 0.0 0.0
74 0 100 0.0 0.0 0.0
75 33 1039 5744.298091538941 5924658572.445812 34033004930720.305
76 17 557 2206.0678959513543 15710006.780939115 34657341604.607864
77 0 18 0.0 18.0 0.0
78 16 367 1979.1134619514044 3930779.0905887596 7779457814.141313
79 15 318 1756.7778603087352 2021720.936588567 3551714581.1214347
80 2 19 9.541850352986048 69.8685662777562 666.6754038000371
81 13 276 1331.5823725933528 763726.9951302845 1016965404.1891762
82 0 100 0.0 0.0 0.0
83 7 183 332.66880679862265 6889.0 2291755.4100357112
84 28 331 4724.12231882448 55170884.053555675 260634004706.68
85 8 257 459.67273235884244 36953.48006693682 16986507.15253687
86 1 106 1.0 9.55892689827884 9.55892689827884
87 1 9 1.0 15.931997307697284 15.931997307697284
88 1 10 1.0 18.1937008646705 18.1937008646705
89 1 106 1.0 9.55892689827884 9.55892689827884
90 0 5 0.0 5.0 0.0
91 0 6 0.0 6.0 0.0
92 28 740 4724.12231882448 653414682.9424928 3086810887136.252
93 36 940 6295.82243666837 8074610859.32407 50836316215498.55
94 0 100 0.0 0.0 0.0
95 17 389 2206.0678959513543 6131802.089804176 13527171734.644417
96 0 100 0.0 0.0 0.0
97 0 100 0.0 0.0 0.0
98 0 100 0.0 0.0 0.0
99 1 13 1.0 25.320989780782124 25.320989780782124
100 33 764 5744.298091538941 2188281902.2645316 12570143554927.352
101 24 456 3832.71054120725 59547065.64690977 228226666202.87122
102 0 100 0.0 0.0 0.0
103 18 605 2436.3877014920204 26475284.035873212 64504056418.509514
104 42 975 7252.650449022947 29625996904.690353 214866999753554.94
105 37 616 6468.923834840442 2390571565.8650694 15464425381316.387
106 24 417 3832.71054120725 45848412.33554995 175723693256.07883
107 0 100 0.0 0.0 0.0
108 1 111 1.0 20.51504931294799 20.51504931294799
109 33 712 5744.298091538941 1741517529.5916219 10003795821614.764
110 29 545 4937.473672561782 318141380.3473814 1570814689617.6602
111 56 1246 8760.68123103637 818662104894.8916 7172037736913404.0
112 20 579 2902.6872563902634 41881350.84789467 121568463386.59341
113 12 220 1131.8354418063404 321973.1842669141 364420661.264537
114 35 908 6117.310290426031 5853077408.359362 35805090660816.85
115 30 585 5146.386239304723 492821787.7897453 2536251267110.6973
116 0 100 0.0 0.0 0.0
117 27 448 4506.6139001521815 112419481.69938797 506631198874.3656
118 19 550 2668.9360872348193 27446613.092316885 73253256154.45619
119 43 838 7393.130324549447 20896312523.87612 154489161791530.94
120 40 920 6955.50474228233 16587627844.531862 115375324135855.8
121 25 528 4060.496712466729 116356939.92999662 472466972058.44
122 36 609 6295.82243666837 1900914532.947848 11967820366722.037
123 40 828 6955.50474228233 11534599381.843807 80228960700741.44
124 26 475 4285.277943143774 107171875.0 459261272062.86163
125 20 407 2902.6872563902634 15837006.908122513 45969878131.571785
126 34 837 5933.442745663244 3634366992.764943 21564308468299.09
127 30 687 5146.386239304723 816509055.1701926 4202070965795.58
128 30 791 5146.386239304723 1271380460.1580606 6543014905078.35
129 33 947 5744.298091538941 4387514014.713075 25203188381316.67
130 41 817 7106.788070274764 13272766810.505268 94326740828437.67
131 32 767 5549.980220652734 1790936406.130291 9939661630470.006
132 39 715 6798.773358825962 5775496857.244157 39266294167014.64
133 47 896 7902.318130854768 53628958332.310104 423793089768269.06
134 26 586 4285.277943143774 201230056.0 862326720474.3865
135 17 530 2206.0678959513543 7973330.970202337 17589709477.15804
136 26 579 4285.277943143774 194104539.0 831791899640.7904
137 17 373 2206.0678959513543 5492673.566696645 12117210818.430088
138 33 572 5744.298091538941 856826156.213179 4921864853916.011
139 11 373 942.9223974109915 377937.6501482837 356365875.14969623
140 22 628 3370.209833397988 90578482.7699874 305268493325.68176
141 36 945 6295.82243666837 8218619805.6558275 51742970970895.0
142 34 852 5933.442745663244 3851786728.7978215 22854356023827.39
143 23 496 3602.4235623004615 59581931.70721873 214639354669.4617
144 24 654 3832.71054120725 170922516.92816526 655096532360.2537
145 31 776 5350.621552679651 1495336976.8894842 8000982257063.708
146 22 630 3370.209833397988 91401253.95271893 308041404856.36005
147 31 846 5350.621552679651 1967078028.7957802 10525090096677.305
148 1 19 1.0 40.84402933782601 40.84402933782601
149 39 791 6798.773358825962 8158759887.306629 55469559362878.22
150 29 652 4937.473672561782 555292246.1982121 2741740846181.3677
151 13 240 1331.5823725933528 545315.3356418483 726132288.4455129
152 21 352 3136.7198300107975 13661950.273266116 42853710338.77526
153 38 878 6636.579650383532 9594277702.494001 63673188160500.16
154 21 535 3136.7198300107975 44152429.4407593 138493800969.98224
155 34 848 5933.442745663244 3792949104.7627125 22505246350324.21
156 28 505 4724.12231882448 202007542.6919179 954308341001.7783
157 37 774 6468.923834840442 5150816359.999317 33320238720085.67
158 31 727 5350.621552679651 1215641360.9451 6504436866201.676
159 23 607 3602.4235623004615 106685497.69685419 384326350658.8992
160 26 483 4285.277943143774 112678587.0 482859063535.7068
161 41 963 7106.788070274764 23505228229.506664 167046675570543.6
162 22 487 3370.209833397988 43951618.27491111 148126176103.86014
163 29 614 4937.473672561782 460773394.8450463 2275056506064.331
164 30 582 5146.386239304723 484926110.8463569 2495617063939.248
165 26 732 4285.277943143774 252435968.0 1081758285726.5475
166 23 499 3602.4235623004615 31805635.855066743 114577372018.24081
167 1 51 1.0 141.71101512179817 141.71101512179817
168 31 820 5350.621552679651 1781485734.5025625 9532055966820.75
169 37 759 6468.923834840442 4822830693.572136 31198524425048.85
170 30 522 5146.386239304723 344538324.7433511 1773127293372.284
171 15 370 1756.7778603087352 2961166.483223958 5202111718.416127
172 32 580 5549.980220652734 730785897.4252573 4055847276242.1357
173 30 581 5146.386239304723 482313504.5065238 2482171582623.2104
174 27 569 4506.6139001521815 232350453.47109333 1047113783319.4918
175 28 422 4724.12231882448 116356758.96323043 549683561964.2773
176 26 545 4285.277943143774 161878625.0 693694901178.9423
177 35 757 6117.310290426031 3210444279.5189834 19639283827940.863
178 28 680 4724.12231882448 503923708.474156 2380597238187.5615
179 31 653 5350.621552679651 864554330.1421852 4625903032321.295
180 37 1055 6468.923834840442 14591516071.910025 94391406104036.14
181 17 484 2206.0678959513543 10871397.52016944 23983041053.370968
182 27 659 4506.6139001521815 362907850.4033351 1635485563102.0183
183 41 950 7106.788070274764 22420567087.697006 159338218707640.1
184 29 754 4937.473672561782 872291775.2699155 4306917675187.386
185 36 584 6295.82243666837 1653108427.158308 10407677125948.836
186 23 598 3602.4235623004615 102186183.44083472 368117914968.82025
187 16 347 1979.1134619514044 3403317.0756000034 6735550639.609052
188 25 552 4060.496712466729 132734475.3586796 538967900824.91455
189 5 108 139.6884681067044 4954.230173639048 692048.8236036508
190 25 655 4060.496712466729 220345293.67681524 894711340582.2242
191 41 1107 7106.788070274764 38153838858.46942 271151246834556.22
192 41 973 7106.788070274764 24364631688.999924 173154273824023.12
193 29 575 4937.473672561782 375776513.4899611 1855386642123.7402
194 24 505 3832.71054120725 80254970.82041991 307594072647.7037
195 19 482 2668.9360872348193 19182718.192276467 51197448834.622536
196 36 875 6295.82243666837 6359508058.808024 40038333522816.87
197 32 582 5549.980220652734 738899534.6731488 4100877802485.4844
198 29 659 4937.473672561782 574027093.0272896 2834243659159.4155
199 20 389 2902.6872563902634 13978950.618189404 40576521817.127174
