0 0 100 0.0 0.0 0.0
1 3 40 32.9215577265747 349.23013798641597 11497.20014757944
2 0 100 0.0 0.0 0.0
3 0 100 0.0 0.0 0.0
4 0 100 0.0 0.0 0.0
5 1 19 1.0 40.84402933782601 40.84402933782601
6 2 12 9.541850352986048 36.01211998010309 343.62225974392254
7 0 100 0.0 0.0 0.0
8 0 100 0.0 0.0 0.0
9 0 100 0.0 0.0 0.0
10 0 10 0.0 10.0 0.0
11 1 15 1.0 30.323695983612147 30.323695983612147
12 0 8 0.0 8.0 0.0
13 0 10 0.0 10.0 0.0
14 0 100 0.0 0.0 0.0
15 7 132 332.66880679862265 17424.0 5796421.289659201
16 0 6 0.0 6.0 0.0
17 0 100 0.0 0.0 0.0
18 0 100 0.0 0.0 0.0
19 1 10 1.0 18.1937008646705 18.1937008646705
20 2 27 9.541850352986048 115.98017876588344 1106.66550969663
21 0 100 0.0 0.0 0.0
22 0 100 0.0 0.0 0.0
23 1 18 1.0 38.15436697768484 38.15436697768484
24 0 100 0.0 0.0 0.0
25 2 14 9.541850352986048 44.97826169706515 429.17584225083993
26 2 27 9.541850352986048 115.98017876588344 1106.66550969663
27 2 47 9.541850352986048 257.9778488812911 2461.586028410529
28 4 38 75.61186198841948 502.796158813779 38017.3537685349
29 1 9 1.0 15.931997307697284 15.931997307697284
30 0 100 0.0 0.0 0.0
31 0 100 0.0 0.0 0.0
32 0 100 0.0 0.0 0.0
33 0 100 0.0 0.0 0.0
34 0 100 0.0 0.0 0.0
35 5 88 139.6884681067044 3414.7546568712237 477001.8469785762
36 1 11 1.0 20.51504931294799 20.51504931294799
37 3 45 32.9215577265747 421.0282951259743 13860.907322511091
38 1 106 1.0 9.55892689827884 9.55892689827884
39 0 100 0.0 0.0 0.0
40 3 34 32.9215577265747 269.81820202916316 8882.83551378369
41 0 100 0.0 0.0 0.0
42 0 100 0.0 0.0 0.0
43 0 100 0.0 0.0 0.0
44 0 100 0.0 0.0 0.0
45 0 100 0.0 0.0 0.0
46 0 10 0.0 10.0 0.0
47 0 100 0.0 0.0 0.0
48 0 7 0.0 7.0 0.0
49 0 100 0.0 0.0 0.0
50 0 100 0.0 0.0 0.0
51 0 7 0.0 7.0 0.0
52 0 100 0.0 0.0 0.0
53 4 70 75.61186198841948 1429.1350405139644 108059.56144615616
54 0 100 0.0 0.0 0.0
55 0 100 0.0 0.0 0.0
56 1 30 1.0 72.61998620345668 72.61998620345668
57 0 6 0.0 6.0 0.0
58 0 100 0.0 0.0 0.0
59 0 100 0.0 0.0 0.0
60 0 100 0.0 0.0 0.0
61 0 100 0.0 0.0 0.0
62 1 21 1.0 46.33316012586883 46.33316012586883
63 2 28 9.541850352986048 122.22584512913716 1166.2607234894754
64 3 14 32.9215577265747 65.97278979840442 2171.9270077313495
65 0 100 0.0 0.0 0.0
66 0 100 0.0 0.0 0.0
67 0 100 0.0 0.0 0.0
68 0 100 0.0 0.0 0.0
69 0 100 0.0 0.0 0.0
70 0 100 0.0 0.0 0.0
71 1 27 1.0 63.59241768810072 63.59241768810072
72 1 14 1.0 27.799106543625292 27.799106543625292
73 4 63 75.61186198841948 1193.5182370479756 90244.13622033325
74 3 31 32.9215577265747 233.0178128969552 7671.309378607293
75 0 100 0.0 0.0 0.0
76 0 100 0.0 0.0 0.0
77 0 100 0.0 0.0 0.0
78 0 100 0.0 0.0 0.0
79 0 100 0.0 0.0 0.0
80 3 48 32.9215577265747 466.4489382157433 15356.225645969067
81 2 34 9.541850352986048 161.72412498062124 1543.1473990327004
82 1 13 1.0 25.320989780782124 25.320989780782124
83 0 100 0.0 0.0 0.0
84 0 100 0.0 0.0 0.0
85 1 18 1.0 38.15436697768484 38.15436697768484
86 0 100 0.0 0.0 0.0
87 2 18 9.541850352986048 64.62733255388774 616.6643359418604
88 0 100 0.0 0.0 0.0
89 0 100 0.0 0.0 0.0
90 5 53 139.6884681067044 1358.9929081032851 189835.63750082318
91 1 17 1.0 35.503281577765854 35.503281577765854
92 2 37 9.541850352986048 182.69988024795316 1743.2949168344405
93 0 5 0.0 5.0 0.0
94 2 118 9.541850352986048 64.62733255388774 616.6643359418604
95 1 32 1.0 78.7716859795011 78.7716859795011
96 0 100 0.0 0.0 0.0
97 0 100 0.0 0.0 0.0
98 0 100 0.0 0.0 0.0
99 0 100 0.0 0.0 0.0
100 2 21 9.541850352986048 80.71796600694597 770.1987524356932
101 0 100 0.0 0.0 0.0
102 0 100 0.0 0.0 0.0
103 0 8 0.0 8.0 0.0
104 1 10 1.0 18.1937008646705 18.1937008646705
105 0 7 0.0 7.0 0.0
106 2 29 9.541850352986048 128.5709592386038 1226.8048527946264
107 0 100 0.0 0.0 0.0
108 0 100 0.0 0.0 0.0
109 0 100 0.0 0.0 0.0
110 0 100 0.0 0.0 0.0
111 1 101 1.0 1.0 1.0
112 0 8 0.0 8.0 0.0
113 0 100 0.0 0.0 0.0
114 0 5 0.0 5.0 0.0
115 2 18 9.541850352986048 64.62733255388774 616.6643359418604
116 1 10 1.0 18.1937008646705 18.1937008646705
117 1 13 1.0 25.320989780782124 25.320989780782124
118 0 100 0.0 0.0 0.0
119 1 27 1.0 63.59241768810072 63.59241768810072
120 0 100 0.0 0.0 0.0
121 3 24 32.9215577265747 155.22039240905832 5110.09710903639
122 1 9 1.0 15.931997307697284 15.931997307697284
123 0 100 0.0 0.0 0.0
124 2 9 9.541850352986048 23.78240930402918 226.9281906125095
125 2 7 9.541850352986048 16.551687764173284 157.9337277350917
126 0 100 0.0 0.0 0.0
127 2 17 9.541850352986048 59.51335422080222 567.8675199791454
128 0 100 0.0 0.0 0.0
129 0 100 0.0 0.0 0.0
130 0 100 0.0 0.0 0.0
131 0 100 0.0 0.0 0.0
132 2 65 9.541850352986048 411.78783219395143 3929.2178719752146
133 0 100 0.0 0.0 0.0
134 0 100 0.0 0.0 0.0
135 0 100 0.0 0.0 0.0
136 1 13 1.0 25.320989780782124 25.320989780782124
137 1 107 1.0 11.607984241186918 11.607984241186918
138 3 150 32.9215577265747 497.6760852315066 16384.27196908475
139 0 100 0.0 0.0 0.0
140 3 21 32.9215577265747 125.57185196799401 4134.020973397207
141 1 19 1.0 40.84402933782601 40.84402933782601
142 0 100 0.0 0.0 0.0
143 1 10 1.0 18.1937008646705 18.1937008646705
144 1 10 1.0 18.1937008646705 18.1937008646705
145 3 24 32.9215577265747 155.22039240905832 5110.09710903639
146 0 100 0.0 0.0 0.0
147 2 19 9.541850352986048 69.8685662777562 666.6754038000371
148 0 11 0.0 11.0 0.0
149 0 100 0.0 0.0 0.0
150 5 45 139.6884681067044 1009.4539298642129 141009.0730870245
151 2 50 9.541850352986048 282.0582186126376 2691.3573128316116
152 1 105 1.0 7.59708563275366 7.59708563275366
153 0 100 0.0 0.0 0.0
154 1 104 1.0 5.735193251789799 5.735193251789799
155 4 74 75.61186198841948 1571.597319835911 118831.39964880285
156 2 18 9.541850352986048 64.62733255388774 616.6643359418604
157 3 65 32.9215577265747 754.7803226662346 24848.54396353912
158 0 100 0.0 0.0 0.0
159 0 100 0.0 0.0 0.0
160 0 100 0.0 0.0 0.0
161 2 20 9.541850352986048 75.23327232919837 717.8646261306569
162 1 9 1.0 15.931997307697284 15.931997307697284
163 1 109 1.0 15.931997307697284 15.931997307697284
164 0 100 0.0 0.0 0.0
165 0 100 0.0 0.0 0.0
166 2 49 9.541850352986048 273.9583678426836 2614.069748903192
167 2 18 9.541850352986048 64.62733255388774 616.6643359418604
168 0 100 0.0 0.0 0.0
169 3 44 32.9215577265747 406.27351121486885 13375.156852238497
170 1 32 1.0 78.7716859795011 78.7716859795011
171 1 16 1.0 32.892441635375256 32.892441635375256
172 1 53 1.0 148.74811262526265 148.74811262526265
173 0 100 0.0 0.0 0.0
174 4 65 75.61186198841948 1259.0362466163215 95198.07491757096
175 3 24 32.9215577265747 155.22039240905832 5110.09710903639
176 3 79 32.9215577265747 1028.715399126087 33866.9133965458
177 1 6 1.0 9.55892689827884 9.55892689827884
178 2 119 9.541850352986048 69.8685662777562 666.6754038000371
179 1 28 1.0 66.57403288693754 66.57403288693754
180 5 73 139.6884681067044 2431.5451615879456 339658.8187544891
181 2 10 9.541850352986048 27.685321443873434 264.16919419175593
182 1 18 1.0 38.15436697768484 38.15436697768484
183 1 12 1.0 22.891970023971037 22.891970023971037
184 1 12 1.0 22.891970023971037 22.891970023971037
185 3 29 32.9215577265747 209.61005902119368 6900.689658136957
186 2 10 9.541850352986048 27.685321443873434 264.16919419175593
187 1 11 1.0 20.51504931294799 20.51504931294799
188 3 53 32.9215577265747 545.90532331836 17972.053614869816
189 2 19 9.541850352986048 69.8685662777562 666.6754038000371
190 3 128 32.9215577265747 198.25318874016915 6526.8037975869875
191 1 10 1.0 18.1937008646705 18.1937008646705
192 1 31 1.0 75.68293941204132 75.68293941204132
193 3 39 32.9215577265747 335.47304520277595 11044.29522335299
194 2 25 9.541850352986048 103.79546451213633 990.4007896934788
195 3 40 32.9215577265747 349.23013798641597 11497.20014757944
196 1 10 1.0 18.1937008646705 18.1937008646705
197 0 100 0.0 0.0 0.0
198 2 21 9.541850352986048 80.71796600694597 770.1987524356932
199 0 100 0.0 0.0 0.0
