0 0 100 0.0 0.0 0.0
1 7 110 332.66880679862265 12100.0 4025292.562263334
2 0 100 0.0 0.0 0.0
3 0 11 0.0 11.0 0.0
4 0 100 0.0 0.0 0.0
5 2 19 9.541850352986048 69.8685662777562 666.6754038000371
6 1 8 1.0 13.734791927877684 13.734791927877684
7 0 7 0.0 7.0 0.0
8 4 125 75.61186198841948 3851.817345871146 291243.0815606093
9 0 100 0.0 0.0 0.0
10 7 88 332.66880679862265 7744.0 2576187.2398485336
11 0 100 0.0 0.0 0.0
12 0 100 0.0 0.0 0.0
13 2 25 9.541850352986048 103.79546451213633 990.4007896934788
14 0 100 0.0 0.0 0.0
15 0 100 0.0 0.0 0.0
16 0 100 0.0 0.0 0.0
17 1 17 1.0 35.503281577765854 35.503281577765854
18 1 27 1.0 63.59241768810072 63.59241768810072
19 4 136 75.61186198841948 4449.387338464428 336426.46136899333
20 0 100 0.0 0.0 0.0
21 1 9 1.0 15.931997307697284 15.931997307697284
22 1 13 1.0 25.320989780782124 25.320989780782124
23 0 100 0.0 0.0 0.0
24 0 100 0.0 0.0 0.0
25 1 10 1.0 18.1937008646705 18.1937008646705
26 0 5 0.0 5.0 0.0
27 0 100 0.0 0.0 0.0
28 1 100 1.0 0.0 0.0
29 0 10 0.0 10.0 0.0
30 0 100 0.0 0.0 0.0
31 0 100 0.0 0.0 0.0
32 3 35 32.9215577265747 282.5239294230334 9301.12785163911
33 0 100 0.0 0.0 0.0
34 0 100 0.0 0.0 0.0
35 0 100 0.0 0.0 0.0
36 2 31 9.541850352986048 141.5519192260369 1350.6672304328126
37 1 8 1.0 13.734791927877684 13.734791927877684
38 1 105 1.0 7.59708563275366 7.59708563275366
39 0 100 0.0 0.0 0.0
40 0 100 0.0 0.0 0.0
41 0 10 0.0 10.0 0.0
42 0 100 0.0 0.0 0.0
43 1 9 1.0 15.931997307697284 15.931997307697284
44 0 100 0.0 0.0 0.0
45 0 100 0.0 0.0 0.0
46 0 100 0.0 0.0 0.0
47 0 100 0.0 0.0 0.0
48 3 49 32.9215577265747 481.96892224029307 15867.1676959488
49 0 100 0.0 0.0 0.0
50 1 104 1.0 5.735193251789799 5.735193251789799
51 1 18 1.0 38.15436697768484 38.15436697768484
52 0 100 0.0 0.0 0.0
53 0 7 0.0 7.0 0.0
54 0 100 0.0 0.0 0.0
55 0 100 0.0 0.0 0.0
56 1 26 1.0 60.63937356224698 60.63937356224698
57 0 10 0.0 10.0 0.0
58 0 100 0.0 0.0 0.0
59 1 105 1.0 7.59708563275366 7.59708563275366
60 2 7 9.541850352986048 16.551687764173284 157.9337277350917
61 2 17 9.541850352986048 59.51335422080222 567.8675199791454
62 2 16 9.541850352986048 54.53075711894446 520.3243240639966
63 1 16 1.0 32.892441635375256 32.892441635375256
64 0 100 0.0 0.0 0.0
65 1 106 1.0 9.55892689827884 9.55892689827884
66 6 84 225.58275470837765 4797.4874870676995 1082230.443011704
67 1 15 1.0 30.323695983612147 30.323695983612147
68 0 100 0.0 0.0 0.0
69 7 135 332.66880679862265 18225.0 6062889.003904898
70 0 100 0.0 0.0 0.0
71 0 100 0.0 0.0 0.0
72 3 36 32.9215577265747 295.444715883087 9726.500268956508
73 2 42 9.541850352986048 219.34644070399202 2092.9709126576195
74 1 105 1.0 7.59708563275366 7.59708563275366
75 1 12 1.0 22.891970023971037 22.891970023971037
76 0 100 0.0 0.0 0.0
77 0 6 0.0 6.0 0.0
78 1 29 1.0 69.58346013935528 69.58346013935528
79 0 100 0.0 0.0 0.0
80 2 29 9.541850352986048 128.5709592386038 1226.8048527946264
81 0 100 0.0 0.0 0.0
82 0 100 0.0 0.0 0.0
83 2 32 9.541850352986048 148.1842032776824 1413.95149235211
84 1 104 1.0 5.735193251789799 5.735193251789799
85 2 13 9.541850352986048 40.41888428935346 385.6709453236695
86 0 100 0.0 0.0 0.0
87 0 100 0.0 0.0 0.0
88 0 100 0.0 0.0 0.0
89 3 23 32.9215577265747 145.08021796711313 4776.266770788355
90 1 11 1.0 20.51504931294799 20.51504931294799
91 0 100 0.0 0.0 0.0
92 0 11 0.0 11.0 0.0
93 1 7 1.0 11.607984241186918 11.607984241186918
94 0 100 0.0 0.0 0.0
95 0 100 0.0 0.0 0.0
96 0 100 0.0 0.0 0.0
97 0 100 0.0 0.0 0.0
98 0 100 0.0 0.0 0.0
99 2 107 9.541850352986048 16.551687764173284 157.9337277350917
100 0 100 0.0 0.0 0.0
101 0 100 0.0 0.0 0.0
102 2 89 9.541850352986048 647.8983880633936 6182.149462841783
103 3 28 32.9215577265747 198.25318874016915 6526.8037975869875
104 2 10 9.541850352986048 27.685321443873434 264.16919419175593
105 1 101 1.0 1.0 1.0
106 0 100 0.0 0.0 0.0
107 1 8 1.0 13.734791927877684 13.734791927877684
108 0 100 0.0 0.0 0.0
109 2 24 9.541850352986048 97.86086952638261 933.7737724338355
110 0 10 0.0 10.0 0.0
111 0 100 0.0 0.0 0.0
112 1 7 1.0 11.607984241186918 11.607984241186918
113 2 15 9.541850352986048 49.68406405407534 474.0779041321602
114 0 100 0.0 0.0 0.0
115 0 7 0.0 7.0 0.0
116 2 25 9.541850352986048 103.79546451213633 990.4007896934788
117 0 100 0.0 0.0 0.0
118 1 10 1.0 18.1937008646705 18.1937008646705
119 1 100 1.0 0.0 0.0
120 2 17 9.541850352986048 59.51335422080222 567.8675199791454
121 2 17 9.541850352986048 59.51335422080222 567.8675199791454
122 1 105 1.0 7.59708563275366 7.59708563275366
123 3 17 32.9215577265747 89.78750677036001 2955.9445872656233
124 0 100 0.0 0.0 0.0
125 1 13 1.0 25.320989780782124 25.320989780782124
126 1 12 1.0 22.891970023971037 22.891970023971037
127 0 100 0.0 0.0 0.0
128 0 100 0.0 0.0 0.0
129 0 100 0.0 0.0 0.0
130 8 109 459.67273235884244 17298.876533787272 7951821.843024257
131 8 148 459.67273235884244 32683.32902098925 15023635.15366118
132 8 159 459.67273235884244 37939.40769100099 17439711.197398506
133 1 16 1.0 32.892441635375256 32.892441635375256
134 5 173 139.6884681067044 2431.5451615879456 339658.8187544891
135 1 106 1.0 9.55892689827884 9.55892689827884
136 0 100 0.0 0.0 0.0
137 0 100 0.0 0.0 0.0
138 4 54 75.61186198841948 916.9626779842689 69333.25545627807
139 0 100 0.0 0.0 0.0
140 2 117 9.541850352986048 59.51335422080222 567.8675199791454
141 3 136 32.9215577265747 295.444715883087 9726.500268956508
142 5 44 139.6884681067044 969.0623078155637 135366.82927870372
143 1 24 1.0 54.8222930413608 54.8222930413608
144 0 100 0.0 0.0 0.0
145 0 100 0.0 0.0 0.0
146 0 100 0.0 0.0 0.0
147 0 100 0.0 0.0 0.0
148 2 16 9.541850352986048 54.53075711894446 520.3243240639966
149 5 94 139.6884681067044 3849.5614363989175 537739.3399332094
150 0 100 0.0 0.0 0.0
151 4 44 75.61186198841948 646.0476428878335 48848.86521197858
152 4 22 75.61186198841948 197.47425973648444 14931.396473460363
153 0 100 0.0 0.0 0.0
154 2 10 9.541850352986048 27.685321443873434 264.16919419175593
155 1 104 1.0 5.735193251789799 5.735193251789799
156 0 100 0.0 0.0 0.0
157 1 104 1.0 5.735193251789799 5.735193251789799
158 4 133 75.61186198841948 395.0229353848392 29868.419672578806
159 9 136 604.9491004987461 39497.557201796815 23894011.701124758
160 6 100 225.58275470837765 6696.723465418967 1510665.3268494436
161 3 68 32.9215577265747 810.8239638778247 26693.587932893923
162 4 37 75.61186198841948 480.38255499420245 36322.61944986597
163 5 131 139.6884681067044 7036.185360595053 982873.9543363424
164 4 60 75.61186198841948 1097.9836363389938 83020.58717640696
165 0 100 0.0 0.0 0.0
166 7 136 332.66880679862265 18496.0 6153042.250547324
167 3 133 32.9215577265747 257.33012181535685 8471.708460130769
168 1 13 1.0 25.320989780782124 25.320989780782124
169 1 11 1.0 20.51504931294799 20.51504931294799
170 1 10 1.0 18.1937008646705 18.1937008646705
171 1 15 1.0 30.323695983612147 30.323695983612147
172 6 88 225.58275470837765 5243.986173197856 1182952.846602616
173 0 11 0.0 11.0 0.0
174 4 252 75.61186198841948 5381.4592348634 406902.15296279686
175 3 53 32.9215577265747 545.90532331836 17972.053614869816
176 1 27 1.0 63.59241768810072 63.59241768810072
177 3 60 32.9215577265747 664.7206420100937 21883.638987981092
178 0 14 0.0 14.0 0.0
179 3 108 32.9215577265747 1689.8922278658968 55633.88453137704
180 5 111 139.6884681067044 5207.131000429813 727376.1526809717
181 5 36 139.6884681067044 672.9601112794846 94004.76704154853
182 2 18 9.541850352986048 64.62733255388774 616.6643359418604
183 4 57 75.61186198841948 1005.7817905983286 76049.03394118624
184 5 79 139.6884681067044 2806.8374672292675 392082.8260217585
185 1 18 1.0 38.15436697768484 38.15436697768484
186 8 99 459.67273235884244 14160.822691605603 6509344.059099445
187 0 100 0.0 0.0 0.0
188 3 34 32.9215577265747 269.81820202916316 8882.83551378369
189 1 6 1.0 9.55892689827884 9.55892689827884
190 0 100 0.0 0.0 0.0
191 6 135 225.58275470837765 11890.001118337372 2682179.2057602354
192 4 65 75.61186198841948 1259.0362466163215 95198.07491757096
193 5 102 139.6884681067044 4465.486028292682 623776.9026440964
194 4 169 75.61186198841948 1394.4010936602072 105433.26305033677
195 4 80 75.61186198841948 1795.7178600152838 135777.5710016156
196 3 24 32.9215577265747 155.22039240905832 5110.09710903639
197 4 37 75.61186198841948 480.38255499420245 36322.61944986597
198 8 191 459.67273235884244 55557.2329062685 25538145.052321035
199 2 8 9.541850352986048 20.066939702021244 191.47573567908114
