0 0 100 0.0 0.0 0.0
1 0 100 0.0 0.0 0.0
2 1 7 1.0 11.607984241186918 11.607984241186918
3 1 15 1.0 30.323695983612147 30.323695983612147
4 1 8 1.0 13.734791927877684 13.734791927877684
5 0 100 0.0 0.0 0.0
6 1 20 1.0 43.57075425423803 43.57075425423803
7 0 10 0.0 10.0 0.0
8 0 6 0.0 6.0 0.0
9 1 22 1.0 49.12998068819353 49.12998068819353
10 0 100 0.0 0.0 0.0
11 1 9 1.0 15.931997307697284 15.931997307697284
12 3 20 32.9215577265747 116.21344721391306 3825.92771105708
13 0 100 0.0 0.0 0.0
14 0 6 0.0 6.0 0.0
15 1 24 1.0 54.8222930413608 54.8222930413608
16 0 5 0.0 5.0 0.0
17 0 100 0.0 0.0 0.0
18 0 6 0.0 6.0 0.0
19 1 7 1.0 11.607984241186918 11.607984241186918
20 0 10 0.0 10.0 0.0
21 0 100 0.0 0.0 0.0
22 0 100 0.0 0.0 0.0
23 0 100 0.0 0.0 0.0
24 0 100 0.0 0.0 0.0
25 0 100 0.0 0.0 0.0
26 0 10 0.0 10.0 0.0
27 0 6 0.0 6.0 0.0
28 0 100 0.0 0.0 0.0
29 0 6 0.0 6.0 0.0
30 0 100 0.0 0.0 0.0
31 0 100 0.0 0.0 0.0
32 0 100 0.0 0.0 0.0
33 0 6 0.0 6.0 0.0
34 1 11 1.0 20.51504931294799 20.51504931294799
35 0 5 0.0 5.0 0.0
36 0 100 0.0 0.0 0.0
37 0 10 0.0 10.0 0.0
38 1 102 1.0 2.3948263510722025 2.3948263510722025
39 1 8 1.0 13.734791927877684 13.734791927877684
40 0 100 0.0 0.0 0.0
41 0 7 0.0 7.0 0.0
42 0 100 0.0 0.0 0.0
43 1 6 1.0 9.55892689827884 9.55892689827884
44 0 6 0.0 6.0 0.0
45 1 14 1.0 27.799106543625292 27.799106543625292
46 0 100 0.0 0.0 0.0
47 0 5 0.0 5.0 0.0
48 2 14 9.541850352986048 44.97826169706515 429.17584225083993
49 0 11 0.0 11.0 0.0
50 0 100 0.0 0.0 0.0
51 0 6 0.0 6.0 0.0
52 1 12 1.0 22.891970023971037 22.891970023971037
53 2 13 9.541850352986048 40.41888428935346 385.6709453236695
54 0 100 0.0 0.0 0.0
55 0 5 0.0 5.0 0.0
56 1 8 1.0 13.734791927877684 13.734791927877684
57 0 100 0.0 0.0 0.0
58 0 6 0.0 6.0 0.0
59 0 10 0.0 10.0 0.0
60 0 100 0.0 0.0 0.0
61 0 10 0.0 10.0 0.0
62 0 100 0.0 0.0 0.0
63 1 16 1.0 32.892441635375256 32.892441635375256
64 0 11 0.0 11.0 0.0
65 1 107 1.0 11.607984241186918 11.607984241186918
66 0 9 0.0 9.0 0.0
67 0 8 0.0 8.0 0.0
68 0 5 0.0 5.0 0.0
69 1 15 1.0 30.323695983612147 30.323695983612147
70 0 6 0.0 6.0 0.0
71 2 8 9.541850352986048 20.066939702021244 191.47573567908114
72 1 7 1.0 11.607984241186918 11.607984241186918
73 2 14 9.541850352986048 44.97826169706515 429.17584225083993
74 0 9 0.0 9.0 0.0
75 0 6 0.0 6.0 0.0
76 0 100 0.0 0.0 0.0
77 0 8 0.0 8.0 0.0
78 0 6 0.0 6.0 0.0
79 1 11 1.0 20.51504931294799 20.51504931294799
80 1 17 1.0 35.503281577765854 35.503281577765854
81 1 10 1.0 18.1937008646705 18.1937008646705
82 0 100 0.0 0.0 0.0
83 0 6 0.0 6.0 0.0
84 1 13 1.0 25.320989780782124 25.320989780782124
85 0 100 0.0 0.0 0.0
86 1 10 1.0 18.1937008646705 18.1937008646705
87 0 100 0.0 0.0 0.0
88 0 6 0.0 6.0 0.0
89 1 103 1.0 3.9914906122521803 3.9914906122521803
90 1 32 1.0 78.7716859795011 78.7716859795011
91 0 100 0.0 0.0 0.0
92 1 10 1.0 18.1937008646705 18.1937008646705
93 0 6 0.0 6.0 0.0
94 1 107 1.0 11.607984241186918 11.607984241186918
95 0 100 0.0 0.0 0.0
96 0 100 0.0 0.0 0.0
97 0 10 0.0 10.0 0.0
98 0 6 0.0 6.0 0.0
99 0 100 0.0 0.0 0.0
100 0 9 0.0 9.0 0.0
101 0 11 0.0 11.0 0.0
102 0 100 0.0 0.0 0.0
103 0 100 0.0 0.0 0.0
104 1 19 1.0 40.84402933782601 40.84402933782601
105 0 10 0.0 10.0 0.0
106 0 6 0.0 6.0 0.0
107 0 6 0.0 6.0 0.0
108 0 100 0.0 0.0 0.0
109 0 5 0.0 5.0 0.0
110 0 5 0.0 5.0 0.0
111 0 10 0.0 10.0 0.0
112 0 5 0.0 5.0 0.0
113 0 10 0.0 10.0 0.0
114 1 12 1.0 22.891970023971037 22.891970023971037
115 0 11 0.0 11.0 0.0
116 1 10 1.0 18.1937008646705 18.1937008646705
117 0 100 0.0 0.0 0.0
118 0 100 0.0 0.0 0.0
119 1 11 1.0 20.51504931294799 20.51504931294799
120 0 5 0.0 5.0 0.0
121 0 12 0.0 12.0 0.0
122 0 10 0.0 10.0 0.0
123 0 100 0.0 0.0 0.0
124 0 10 0.0 10.0 0.0
125 1 6 1.0 9.55892689827884 9.55892689827884
126 0 100 0.0 0.0 0.0
127 2 20 9.541850352986048 75.23327232919837 717.8646261306569
128 0 10 0.0 10.0 0.0
129 1 9 1.0 15.931997307697284 15.931997307697284
130 0 6 0.0 6.0 0.0
131 0 6 0.0 6.0 0.0
132 1 26 1.0 60.63937356224698 60.63937356224698
133 1 105 1.0 7.59708563275366 7.59708563275366
134 0 5 0.0 5.0 0.0
135 0 6 0.0 6.0 0.0
136 0 10 0.0 10.0 0.0
137 0 100 0.0 0.0 0.0
138 1 7 1.0 11.607984241186918 11.607984241186918
139 0 10 0.0 10.0 0.0
140 2 8 9.541850352986048 20.066939702021244 191.47573567908114
141 2 38 9.541850352986048 189.8638195218893 1811.6521533242187
142 1 21 1.0 46.33316012586883 46.33316012586883
143 0 5 0.0 5.0 0.0
144 1 10 1.0 18.1937008646705 18.1937008646705
145 1 18 1.0 38.15436697768484 38.15436697768484
146 0 8 0.0 8.0 0.0
147 0 100 0.0 0.0 0.0
148 0 10 0.0 10.0 0.0
149 0 100 0.0 0.0 0.0
150 0 100 0.0 0.0 0.0
151 2 22 9.541850352986048 86.31942417916456 823.6470280735138
152 0 8 0.0 8.0 0.0
153 1 6 1.0 9.55892689827884 9.55892689827884
154 0 6 0.0 6.0 0.0
155 0 10 0.0 10.0 0.0
156 1 14 1.0 27.799106543625292 27.799106543625292
157 1 106 1.0 9.55892689827884 9.55892689827884
158 0 5 0.0 5.0 0.0
159 0 6 0.0 6.0 0.0
160 0 100 0.0 0.0 0.0
161 0 100 0.0 0.0 0.0
162 0 5 0.0 5.0 0.0
163 0 100 0.0 0.0 0.0
164 2 25 9.541850352986048 103.79546451213633 990.4007896934788
165 1 16 1.0 32.892441635375256 32.892441635375256
166 0 100 0.0 0.0 0.0
167 1 104 1.0 5.735193251789799 5.735193251789799
168 0 11 0.0 11.0 0.0
169 1 12 1.0 22.891970023971037 22.891970023971037
170 0 100 0.0 0.0 0.0
171 0 100 0.0 0.0 0.0
172 1 18 1.0 38.15436697768484 38.15436697768484
173 1 16 1.0 32.892441635375256 32.892441635375256
174 0 100 0.0 0.0 0.0
175 2 14 9.541850352986048 44.97826169706515 429.17584225083993
176 0 8 0.0 8.0 0.0
177 0 10 0.0 10.0 0.0
178 0 11 0.0 11.0 0.0
179 0 10 0.0 10.0 0.0
180 2 23 9.541850352986048 92.0346545141889 878.1809006631623
181 1 24 1.0 54.8222930413608 54.8222930413608
182 2 14 9.541850352986048 44.97826169706515 429.17584225083993
183 0 100 0.0 0.0 0.0
184 2 13 9.541850352986048 40.41888428935346 385.6709453236695
185 3 22 32.9215577265747 135.19579244279535 4450.856085295499
186 0 10 0.0 10.0 0.0
187 1 18 1.0 38.15436697768484 38.15436697768484
188 0 100 0.0 0.0 0.0
189 1 26 1.0 60.63937356224698 60.63937356224698
190 1 12 1.0 22.891970023971037 22.891970023971037
191 0 10 0.0 10.0 0.0
192 0 6 0.0 6.0 0.0
193 1 10 1.0 18.1937008646705 18.1937008646705
194 1 10 1.0 18.1937008646705 18.1937008646705
195 0 6 0.0 6.0 0.0
196 0 100 0.0 0.0 0.0
197 0 100 0.0 0.0 0.0
198 1 16 1.0 32.892441635375256 32.892441635375256
199 2 17 9.541850352986048 59.51335422080222 567.8675199791454
