0 4 37 75.61186198841948 480.38255499420245 36322.61944986597
1 2 26 9.541850352986048 109.8359986590007 1048.0386625749609
2 0 100 0.0 0.0 0.0
3 0 8 0.0 8.0 0.0
4 0 100 0.0 0.0 0.0
5 0 100 0.0 0.0 0.0
6 0 100 0.0 0.0 0.0
7 3 16 32.9215577265747 81.54950460903234 2684.7367235598276
8 0 100 0.0 0.0 0.0
9 1 25 1.0 57.71571011139208 57.71571011139208
10 1 9 1.0 15.931997307697284 15.931997307697284
11 1 103 1.0 3.9914906122521803 3.9914906122521803
12 1 103 1.0 3.9914906122521803 3.9914906122521803
13 1 17 1.0 35.503281577765854 35.503281577765854
14 2 27 9.541850352986048 115.98017876588344 1106.66550969663
15 1 106 1.0 9.55892689827884 9.55892689827884
16 0 100 0.0 0.0 0.0
17 0 100 0.0 0.0 0.0
18 3 51 32.9215577265747 513.5688732735056 16907.48730804564
19 0 100 0.0 0.0 0.0
20 1 105 1.0 7.59708563275366 7.59708563275366
21 0 100 0.0 0.0 0.0
22 2 46 9.541850352986048 250.0988923255542 2386.406204018009
23 0 100 0.0 0.0 0.0
24 0 100 0.0 0.0 0.0
25 0 100 0.0 0.0 0.0
26 1 7 1.0 11.607984241186918 11.607984241186918
27 0 100 0.0 0.0 0.0
28 0 6 0.0 6.0 0.0
29 0 100 0.0 0.0 0.0
30 1 19 1.0 40.84402933782601 40.84402933782601
31 5 73 139.6884681067044 2431.5451615879456 339658.8187544891
32 0 100 0.0 0.0 0.0
33 0 100 0.0 0.0 0.0
34 0 5 0.0 5.0 0.0
35 4 43 75.61186198841948 621.143248020611 46965.797544373054
36 5 95 139.6884681067044 3924.3008107112732 548179.5686381559
37 0 100 0.0 0.0 0.0
38 1 21 1.0 46.33316012586883 46.33316012586883
39 0 7 0.0 7.0 0.0
40 0 100 0.0 0.0 0.0
41 0 100 0.0 0.0 0.0
42 0 100 0.0 0.0 0.0
43 1 29 1.0 69.58346013935528 69.58346013935528
44 0 100 0.0 0.0 0.0
45 2 107 9.541850352986048 845.0411958235794 8063.256632656973
46 0 100 0.0 0.0 0.0
47 1 14 1.0 27.799106543625292 27.799106543625292
48 0 100 0.0 0.0 0.0
49 0 100 0.0 0.0 0.0
50 1 35 1.0 88.18685030395203 88.18685030395203
51 0 8 0.0 8.0 0.0
52 0 100 0.0 0.0 0.0
53 0 100 0.0 0.0 0.0
54 0 100 0.0 0.0 0.0
55 2 19 9.541850352986048 69.8685662777562 666.6754038000371
56 0 100 0.0 0.0 0.0
57 1 20 1.0 43.57075425423803 43.57075425423803
58 0 100 0.0 0.0 0.0
59 0 100 0.0 0.0 0.0
60 0 100 0.0 0.0 0.0
61 0 100 0.0 0.0 0.0
62 0 100 0.0 0.0 0.0
63 0 100 0.0 0.0 0.0
64 4 49 75.61186198841948 776.5950928818146 58719.80098386357
65 0 5 0.0 5.0 0.0
66 0 100 0.0 0.0 0.0
67 1 56 1.0 159.43324825478544 159.43324825478544
68 2 56 9.541850352986048 332.1417203303481 3169.2465913755254
69 0 100 0.0 0.0 0.0
70 0 100 0.0 0.0 0.0
71 0 100 0.0 0.0 0.0
72 0 100 0.0 0.0 0.0
73 0 5 0.0 5.0 0.0
74 1 15 1.0 30.323695983612147 30.323695983612147
75 0 100 0.0 0.0 0.0
76 0 100 0.0 0.0 0.0
77 2 10 9.541850352986048 27.685321443873434 264.16919419175593
78 1 11 1.0 20.51504931294799 20.51504931294799
79 0 100 0.0 0.0 0.0
80 0 100 0.0 0.0 0.0
81 2 11 9.541850352986048 31.76494829034237 303.0963830567869
82 0 100 0.0 0.0 0.0
83 0 100 0.0 0.0 0.0
84 0 100 0.0 0.0 0.0
85 1 10 1.0 18.1937008646705 18.1937008646705
86 0 100 0.0 0.0 0.0
87 0 100 0.0 0.0 0.0
88 0 100 0.0 0.0 0.0
89 0 100 0.0 0.0 0.0
90 0 100 0.0 0.0 0.0
91 0 100 0.0 0.0 0.0
92 1 19 1.0 40.84402933782601 40.84402933782601
93 2 16 9.541850352986048 54.53075711894446 520.3243240639966
94 0 100 0.0 0.0 0.0
95 0 100 0.0 0.0 0.0
96 0 100 0.0 0.0 0.0
97 0 100 0.0 0.0 0.0
98 0 100 0.0 0.0 0.0
99 0 10 0.0 10.0 0.0
100 1 107 1.0 11.607984241186918 11.607984241186918
101 4 39 75.61186198841948 525.6324972119714 39744.05183581987
102 0 100 0.0 0.0 0.0
103 1 18 1.0 38.15436697768484 38.15436697768484
104 2 24 9.541850352986048 97.86086952638261 933.7737724338355
105 2 18 9.541850352986048 64.62733255388774 616.6643359418604
106 0 100 0.0 0.0 0.0
107 1 10 1.0 18.1937008646705 18.1937008646705
108 0 100 0.0 0.0 0.0
109 1 7 1.0 11.607984241186918 11.607984241186918
110 5 78 139.6884681067044 2742.610069160227 383110.9991750147
111 2 9 9.541850352986048 23.78240930402918 226.9281906125095
112 4 54 75.61186198841948 916.9626779842689 69333.25545627807
113 1 17 1.0 35.503281577765854 35.503281577765854
114 4 75 75.61186198841948 1608.0874365260645 121590.48531592006
115 0 100 0.0 0.0 0.0
116 0 100 0.0 0.0 0.0
117 1 108 1.0 13.734791927877684 13.734791927877684
118 0 100 0.0 0.0 0.0
119 1 105 1.0 7.59708563275366 7.59708563275366
120 0 100 0.0 0.0 0.0
121 4 102 75.61186198841948 2720.557944067154 205706.4517983039
122 5 105 139.6884681067044 4707.005408790302 657514.3749238892
123 0 100 0.0 0.0 0.0
124 0 100 0.0 0.0 0.0
125 0 100 0.0 0.0 0.0
126 2 24 9.541850352986048 97.86086952638261 933.7737724338355
127 2 26 9.541850352986048 109.8359986590007 1048.0386625749609
128 2 47 9.541850352986048 257.9778488812911 2461.586028410529
129 1 9 1.0 15.931997307697284 15.931997307697284
130 0 11 0.0 11.0 0.0
131 1 11 1.0 20.51504931294799 20.51504931294799
132 4 27 75.61186198841948 280.28354879760207 21192.761009308724
133 0 100 0.0 0.0 0.0
134 1 18 1.0 38.15436697768484 38.15436697768484
135 3 57 32.9215577265747 612.7419199112477 20172.41848785035
136 2 111 9.541850352986048 31.76494829034237 303.0963830567869
137 5 59 139.6884681067044 1651.3976308733363 230681.20529173722
138 0 100 0.0 0.0 0.0
139 2 15 9.541850352986048 49.68406405407534 474.0779041321602
140 2 32 9.541850352986048 148.1842032776824 1413.95149235211
141 0 10 0.0 10.0 0.0
142 0 100 0.0 0.0 0.0
143 3 22 32.9215577265747 135.19579244279535 4450.856085295499
144 2 48 9.541850352986048 265.93129728965954 2537.4766429133756
145 1 11 1.0 20.51504931294799 20.51504931294799
146 0 100 0.0 0.0 0.0
147 4 134 75.61186198841948 415.7115691523703 31432.725793738326
148 2 19 9.541850352986048 69.8685662777562 666.6754038000371
149 4 31 75.61186198841948 354.97079584466536 26840.002825326264
150 1 43 1.0 114.29870016819844 114.29870016819844
151 0 100 0.0 0.0 0.0
152 0 100 0.0 0.0 0.0
153 5 61 139.6884681067044 1754.5251914699081 245086.93625105367
154 0 100 0.0 0.0 0.0
155 0 100 0.0 0.0 0.0
156 2 39 9.541850352986048 197.11162840858907 1880.8096611081503
157 0 100 0.0 0.0 0.0
158 3 73 32.9215577265747 907.48753481702 29875.90326362549
159 2 22 9.541850352986048 86.31942417916456 823.6470280735138
160 4 42 75.61186198841948 596.6466987883373 45113.56784462985
161 4 45 75.61186198841948 671.3571728121805 50762.565895610074
162 3 29 32.9215577265747 209.61005902119368 6900.689658136957
163 2 22 9.541850352986048 86.31942417916456 823.6470280735138
164 3 69 32.9215577265747 829.8335342600375 27319.412601589327
165 3 54 32.9215577265747 562.3460860297637 18513.309133542207
166 1 15 1.0 30.323695983612147 30.323695983612147
167 2 20 9.541850352986048 75.23327232919837 717.8646261306569
168 1 7 1.0 11.607984241186918 11.607984241186918
169 1 9 1.0 15.931997307697284 15.931997307697284
170 2 15 9.541850352986048 49.68406405407534 474.0779041321602
171 3 23 32.9215577265747 145.08021796711313 4776.266770788355
172 2 48 9.541850352986048 265.93129728965954 2537.4766429133756
173 0 100 0.0 0.0 0.0
174 5 36 139.6884681067044 672.9601112794846 94004.76704154853
175 1 18 1.0 38.15436697768484 38.15436697768484
176 5 66 139.6884681067044 2024.56047903646 282807.7519059787
177 0 100 0.0 0.0 0.0
178 2 17 9.541850352986048 59.51335422080222 567.8675199791454
179 3 142 32.9215577265747 377.3528472077043 12423.04354263576
180 2 36 9.541850352986048 175.6210676402407 1675.7499462548174
181 1 12 1.0 22.891970023971037 22.891970023971037
182 3 15 32.9215577265747 73.60859052492496 2423.3094621381165
183 1 14 1.0 27.799106543625292 27.799106543625292
184 4 58 75.61186198841948 1036.142416344768 78344.65738500807
185 1 14 1.0 27.799106543625292 27.799106543625292
186 2 44 9.541850352986048 234.56808185291177 2238.2135346274663
187 3 55 32.9215577265747 578.9666715492328 19060.48469917088
188 1 14 1.0 27.799106543625292 27.799106543625292
189 4 61 75.61186198841948 1129.4605717070829 85400.6168692773
190 3 69 32.9215577265747 829.8335342600375 27319.412601589327
191 0 100 0.0 0.0 0.0
192 5 102 139.6884681067044 4465.486028292682 623776.9026440964
193 4 52 75.61186198841948 859.6554919481086 65000.15241476724
194 2 14 9.541850352986048 44.97826169706515 429.17584225083993
195 3 41 32.9215577265747 363.1907597716439 11956.805563580698
196 6 116 225.58275470837765 8895.411906640642 2006651.5221656978
197 0 100 0.0 0.0 0.0
198 4 87 75.61186198841948 2072.675291085697 156718.8380563789
199 5 222 139.6884681067044 6182.546797919655 863630.491199407
