0 11 111 942.9223974109915 48152.70500470695 45404264.04486252
1 6 180 225.58275470837765 4369.987349380403 985793.784313993
2 2 117 9.541850352986048 59.51335422080222 567.8675199791454
3 0 100 0.0 0.0 0.0
4 0 100 0.0 0.0 0.0
5 0 100 0.0 0.0 0.0
6 9 143 604.9491004987461 44007.90838050506 26622544.58961777
7 9 87 604.9491004987461 15085.772699605997 9126124.624955188
8 0 100 0.0 0.0 0.0
9 4 46 75.61186198841948 697.0692055589992 52706.70056710426
10 5 157 139.6884681067044 1551.0877169304622 216669.0670771418
11 0 100 0.0 0.0 0.0
12 4 159 75.61186198841948 1066.8769814059906 80668.55507669134
13 0 100 0.0 0.0 0.0
14 0 100 0.0 0.0 0.0
15 0 6 0.0 6.0 0.0
16 1 25 1.0 57.71571011139208 57.71571011139208
17 2 60 9.541850352986048 366.8916913478798 3500.825614595415
18 1 15 1.0 30.323695983612147 30.323695983612147
19 1 10 1.0 18.1937008646705 18.1937008646705
20 0 100 0.0 0.0 0.0
21 6 232 225.58275470837765 11389.69248070312 2569318.205078305
22 0 100 0.0 0.0 0.0
23 2 140 9.541850352986048 204.4421003683832 1950.7559275652661
24 0 100 0.0 0.0 0.0
25 0 100 0.0 0.0 0.0
26 4 50 75.61186198841948 803.8922494719358 60783.78982063209
27 0 100 0.0 0.0 0.0
28 5 101 139.6884681067044 4386.2526434047795 612708.9124861964
29 0 100 0.0 0.0 0.0
30 0 100 0.0 0.0 0.0
31 0 100 0.0 0.0 0.0
32 0 100 0.0 0.0 0.0
33 0 100 0.0 0.0 0.0
34 4 36 75.61186198841948 458.3949685466225 34660.09709793311
35 0 100 0.0 0.0 0.0
36 7 174 332.66880679862265 30276.0 10071880.7946351
37 1 11 1.0 20.51504931294799 20.51504931294799
38 0 100 0.0 0.0 0.0
39 0 100 0.0 0.0 0.0
40 5 168 139.6884681067044 2137.419079796989 298572.7969588832
41 5 48 139.6884681067044 1135.058052192084 158554.52052289192
42 0 100 0.0 0.0 0.0
43 0 100 0.0 0.0 0.0
44 3 117 32.9215577265747 89.78750677036001 2955.9445872656233
45 4 142 75.61186198841948 596.6466987883373 45113.56784462985
46 0 100 0.0 0.0 0.0
47 0 6 0.0 6.0 0.0
48 1 12 1.0 22.891970023971037 22.891970023971037
49 0 100 0.0 0.0 0.0
50 0 100 0.0 0.0 0.0
51 1 22 1.0 49.12998068819353 49.12998068819353
52 1 28 1.0 66.57403288693754 66.57403288693754
53 7 161 332.66880679862265 25921.0 8623108.141027099
54 1 107 1.0 11.607984241186918 11.607984241186918
55 0 100 0.0 0.0 0.0
56 0 5 0.0 5.0 0.0
57 4 124 75.61186198841948 3799.2749823544086 287270.2556218364
58 0 6 0.0 6.0 0.0
59 1 10 1.0 18.1937008646705 18.1937008646705
60 1 29 1.0 69.58346013935528 69.58346013935528
61 1 9 1.0 15.931997307697284 15.931997307697284
62 4 144 75.61186198841948 646.0476428878335 48848.86521197858
63 0 100 0.0 0.0 0.0
64 0 100 0.0 0.0 0.0
65 0 100 0.0 0.0 0.0
66 0 100 0.0 0.0 0.0
67 0 100 0.0 0.0 0.0
68 0 100 0.0 0.0 0.0
69 0 100 0.0 0.0 0.0
70 8 212 459.67273235884244 18303.96846388381 8413835.196803555
71 1 6 1.0 9.55892689827884 9.55892689827884
72 4 146 75.61186198841948 697.0692055589992 52706.70056710426
73 2 130 9.541850352986048 135.01359299654277 1288.2794999919763
74 0 100 0.0 0.0 0.0
75 2 30 9.541850352986048 135.01359299654277 1288.2794999919763
76 1 105 1.0 7.59708563275366 7.59708563275366
77 1 11 1.0 20.51504931294799 20.51504931294799
78 0 100 0.0 0.0 0.0
79 0 100 0.0 0.0 0.0
80 0 9 0.0 9.0 0.0
81 2 106 9.541850352986048 13.252209915340185 126.45060385853394
82 0 100 0.0 0.0 0.0
83 0 100 0.0 0.0 0.0
84 2 8 9.541850352986048 20.066939702021244 191.47573567908114
85 0 100 0.0 0.0 0.0
86 0 100 0.0 0.0 0.0
87 0 100 0.0 0.0 0.0
88 0 100 0.0 0.0 0.0
89 0 100 0.0 0.0 0.0
90 1 15 1.0 30.323695983612147 30.323695983612147
91 2 40 9.541850352986048 204.4421003683832 1950.7559275652661
92 1 11 1.0 20.51504931294799 20.51504931294799
93 0 100 0.0 0.0 0.0
94 0 100 0.0 0.0 0.0
95 2 28 9.541850352986048 122.22584512913716 1166.2607234894754
96 1 11 1.0 20.51504931294799 20.51504931294799
97 0 100 0.0 0.0 0.0
98 0 100 0.0 0.0 0.0
99 4 23 75.61186198841948 213.06977413856453 16110.60235606885
100 1 24 1.0 54.8222930413608 54.8222930413608
101 0 100 0.0 0.0 0.0
102 2 30 9.541850352986048 135.01359299654277 1288.2794999919763
103 0 100 0.0 0.0 0.0
104 0 100 0.0 0.0 0.0
105 0 100 0.0 0.0 0.0
106 0 100 0.0 0.0 0.0
107 4 31 75.61186198841948 354.97079584466536 26840.002825326264
108 2 24 9.541850352986048 97.86086952638261 933.7737724338355
109 0 100 0.0 0.0 0.0
110 1 104 1.0 5.735193251789799 5.735193251789799
111 0 100 0.0 0.0 0.0
112 1 29 1.0 69.58346013935528 69.58346013935528
113 4 80 75.61186198841948 1795.7178600152838 135777.5710016156
114 3 130 32.9215577265747 221.1993434691573 7282.2269551002855
115 3 45 32.9215577265747 421.0282951259743 13860.907322511091
116 2 28 9.541850352986048 122.22584512913716 1166.2607234894754
117 5 65 139.6884681067044 1969.1653870843556 275069.6963705592
118 0 100 0.0 0.0 0.0
119 2 130 9.541850352986048 135.01359299654277 1288.2794999919763
120 3 72 32.9215577265747 887.8335628861327 29228.863892146303
121 0 100 0.0 0.0 0.0
122 3 23 32.9215577265747 145.08021796711313 4776.266770788355
123 3 134 32.9215577265747 269.81820202916316 8882.83551378369
124 1 104 1.0 5.735193251789799 5.735193251789799
125 0 100 0.0 0.0 0.0
126 0 100 0.0 0.0 0.0
127 0 100 0.0 0.0 0.0
128 3 128 32.9215577265747 198.25318874016915 6526.8037975869875
129 5 42 139.6884681067044 890.5118703159138 124394.2389952662
130 0 100 0.0 0.0 0.0
131 4 142 75.61186198841948 596.6466987883373 45113.56784462985
132 0 100 0.0 0.0 0.0
133 6 143 225.58275470837765 13274.235413461822 2994438.591216218
134 2 23 9.541850352986048 92.0346545141889 878.1809006631623
135 0 100 0.0 0.0 0.0
136 9 127 604.9491004987461 34080.638090162705 20617051.357067235
137 9 183 604.9491004987461 74869.18614488025 45292046.81341849
138 2 21 9.541850352986048 80.71796600694597 770.1987524356932
139 6 77 225.58275470837765 4061.8785529685815 916289.7532695315
140 0 100 0.0 0.0 0.0
141 3 36 32.9215577265747 295.444715883087 9726.500268956508
142 0 100 0.0 0.0 0.0
143 1 7 1.0 11.607984241186918 11.607984241186918
144 1 28 1.0 66.57403288693754 66.57403288693754
145 3 37 32.9215577265747 308.57807572808247 10158.870933237406
146 2 18 9.541850352986048 64.62733255388774 616.6643359418604
147 2 22 9.541850352986048 86.31942417916456 823.6470280735138
148 8 153 459.67273235884244 35022.02902356311 16098671.774011938
149 6 90 225.58275470837765 5474.33581455389 1234915.7532457968
150 2 56 9.541850352986048 332.1417203303481 3169.2465913755254
151 1 17 1.0 35.503281577765854 35.503281577765854
152 2 32 9.541850352986048 148.1842032776824 1413.95149235211
153 6 79 225.58275470837765 4266.090224510861 962356.3846796412
154 8 64 459.67273235884244 5714.8619697394415 2626966.2166837654
155 1 20 1.0 43.57075425423803 43.57075425423803
156 4 80 75.61186198841948 1795.7178600152838 135777.5710016156
157 3 52 32.9215577265747 529.6457757489877 17436.763980956737
158 0 100 0.0 0.0 0.0
159 6 95 225.58275470837765 6070.84515091352 1369477.9725510685
160 7 176 332.66880679862265 5776.0 1921495.0280688445
161 3 60 32.9215577265747 664.7206420100937 21883.638987981092
162 0 100 0.0 0.0 0.0
163 5 79 139.6884681067044 2806.8374672292675 392082.8260217585
164 3 26 32.9215577265747 176.25042831919396 5802.438650243859
165 1 106 1.0 9.55892689827884 9.55892689827884
166 0 100 0.0 0.0 0.0
167 1 18 1.0 38.15436697768484 38.15436697768484
168 3 82 32.9215577265747 1091.4155133611555 35931.098826798436
169 5 57 139.6884681067044 1551.0877169304622 216669.0670771418
170 3 24 32.9215577265747 155.22039240905832 5110.09710903639
171 11 121 942.9223974109915 58666.226571061445 55317699.005441666
172 7 80 332.66880679862265 6400.0 2129080.363511185
173 6 91 225.58275470837765 5591.281626292221 1261296.7116093368
174 3 50 32.9215577265747 497.6760852315066 16384.27196908475
175 5 167 139.6884681067044 2080.6456750556 290642.2070213566
176 0 100 0.0 0.0 0.0
177 3 142 32.9215577265747 377.3528472077043 12423.04354263576
178 0 100 0.0 0.0 0.0
179 4 61 75.61186198841948 1129.4605717070829 85400.6168692773
180 3 121 32.9215577265747 2024.0241397686736 66634.02755737508
181 5 180 139.6884681067044 2871.732646582133 401147.9342130701
182 0 100 0.0 0.0 0.0
183 0 100 0.0 0.0 0.0
184 7 108 332.66880679862265 11664.0 3880248.9624991347
185 4 48 75.61186198841948 749.6906189831174 56685.50361656424
186 5 62 139.6884681067044 1807.1402103142602 252436.6476328266
187 2 113 9.541850352986048 40.41888428935346 385.6709453236695
188 2 131 9.541850352986048 141.5519192260369 1350.6672304328126
189 3 65 32.9215577265747 754.7803226662346 24848.54396353912
190 7 114 332.66880679862265 12996.0 4323363.8131549
191 8 132 459.67273235884244 25761.522721704056 11841869.539210107
192 2 22 9.541850352986048 86.31942417916456 823.6470280735138
193 3 164 32.9215577265747 736.4308795040106 24244.45171122346
194 10 167 766.6651705632711 87756.07261047284 67279524.37587096
195 4 79 75.61186198841948 1757.505455801544 132888.25996796062
196 5 177 139.6884681067044 2679.0520099722326 374232.6712512085
197 6 69 225.58275470837765 3293.0002682054314 742844.0717572076
198 2 17 9.541850352986048 59.51335422080222 567.8675199791454
199 6 232 225.58275470837765 11389.69248070312 2569318.205078305
