0 1 24 1.0 54.8222930413608 54.8222930413608
1 12 177 1131.8354418063404 193080.10141779442 218534901.89222237
2 1 11 1.0 20.51504931294799 20.51504931294799
3 0 100 0.0 0.0 0.0
4 0 5 0.0 5.0 0.0
5 0 100 0.0 0.0 0.0
6 0 100 0.0 0.0 0.0
7 0 100 0.0 0.0 0.0
8 0 6 0.0 6.0 0.0
9 0 100 0.0 0.0 0.0
10 1 28 1.0 66.57403288693754 66.57403288693754
11 0 100 0.0 0.0 0.0
12 2 32 9.541850352986048 148.1842032776824 1413.95149235211
13 0 100 0.0 0.0 0.0
14 0 100 0.0 0.0 0.0
15 0 100 0.0 0.0 0.0
16 0 100 0.0 0.0 0.0
17 2 33 9.541850352986048 154.90879557685506 1478.1165457556579
18 0 100 0.0 0.0 0.0
19 2 28 9.541850352986048 122.22584512913716 1166.2607234894754
20 0 100 0.0 0.0 0.0
21 1 6 1.0 9.55892689827884 9.55892689827884
22 0 5 0.0 5.0 0.0
23 7 113 332.66880679862265 12769.0 4247847.994011613
24 0 100 0.0 0.0 0.0
25 13 199 1331.5823725933528 347186.6030127656 462307560.57236487
26 0 6 0.0 6.0 0.0
27 4 58 75.61186198841948 1036.142416344768 78344.65738500807
28 18 349 2436.3877014920204 6099293.913695154 14860244679.112005
29 0 100 0.0 0.0 0.0
30 10 119 766.6651705632711 41302.383909052856 31665099.20430371
31 2 110 9.541850352986048 27.685321443873434 264.16919419175593
32 0 100 0.0 0.0 0.0
33 0 5 0.0 5.0 0.0
34 3 27 32.9215577265747 187.1321231368427 6160.680994346051
35 1 18 1.0 38.15436697768484 38.15436697768484
36 0 100 0.0 0.0 0.0
37 0 100 0.0 0.0 0.0
38 0 100 0.0 0.0 0.0
39 16 325 1979.1134619514044 2875805.0629486707 5691544514.02972
40 0 100 0.0 0.0 0.0
41 8 112 459.67273235884244 18303.96846388381 8413835.196803555
42 1 25 1.0 57.71571011139208 57.71571011139208
43 10 112 766.6651705632711 36092.75916782261 27671061.363497786
44 3 29 32.9215577265747 209.61005902119368 6900.689658136957
45 0 100 0.0 0.0 0.0
46 0 100 0.0 0.0 0.0
47 0 100 0.0 0.0 0.0
48 0 100 0.0 0.0 0.0
49 18 345 2436.3877014920204 5914535.698956064 14410102036.972065
50 1 109 1.0 15.931997307697284 15.931997307697284
51 0 100 0.0 0.0 0.0
52 0 5 0.0 5.0 0.0
53 0 100 0.0 0.0 0.0
54 0 100 0.0 0.0 0.0
55 0 5 0.0 5.0 0.0
56 0 6 0.0 6.0 0.0
57 0 100 0.0 0.0 0.0
58 0 6 0.0 6.0 0.0
59 0 100 0.0 0.0 0.0
60 0 100 0.0 0.0 0.0
61 3 37 32.9215577265747 308.57807572808247 10158.870933237406
62 0 5 0.0 5.0 0.0
63 0 5 0.0 5.0 0.0
64 0 11 0.0 11.0 0.0
65 0 100 0.0 0.0 0.0
66 0 100 0.0 0.0 0.0
67 3 23 32.9215577265747 145.08021796711313 4776.266770788355
68 0 6 0.0 6.0 0.0
69 0 100 0.0 0.0 0.0
70 1 11 1.0 20.51504931294799 20.51504931294799
71 0 100 0.0 0.0 0.0
72 0 11 0.0 11.0 0.0
73 0 100 0.0 0.0 0.0
74 0 5 0.0 5.0 0.0
75 6 73 225.58275470837765 3667.8232800781016 827397.6793035355
76 3 49 32.9215577265747 481.96892224029307 15867.1676959488
77 7 85 332.66880679862265 7225.0 2403532.1291200486
78 0 100 0.0 0.0 0.0
79 0 100 0.0 0.0 0.0
80 4 28 75.61186198841948 298.26715011537044 22552.534590202584
81 1 5 1.0 7.59708563275366 7.59708563275366
82 0 100 0.0 0.0 0.0
83 14 320 1540.4353185285338 1507409.0716344407 2322066173.416001
84 2 10 9.541850352986048 27.685321443873434 264.16919419175593
85 2 25 9.541850352986048 103.79546451213633 990.4007896934788
86 2 16 9.541850352986048 54.53075711894446 520.3243240639966
87 3 36 32.9215577265747 295.444715883087 9726.500268956508
88 0 5 0.0 5.0 0.0
89 0 100 0.0 0.0 0.0
90 3 127 32.9215577265747 187.1321231368427 6160.680994346051
91 0 100 0.0 0.0 0.0
92 0 100 0.0 0.0 0.0
93 0 100 0.0 0.0 0.0
94 0 100 0.0 0.0 0.0
95 0 11 0.0 11.0 0.0
96 0 100 0.0 0.0 0.0
97 0 5 0.0 5.0 0.0
98 4 77 75.61186198841948 1682.1075637745857 127187.28496180048
99 0 100 0.0 0.0 0.0
100 3 49 32.9215577265747 481.96892224029307 15867.1676959488
101 7 246 332.66880679862265 21316.0 7091168.28571944
102 1 104 1.0 5.735193251789799 5.735193251789799
103 8 98 459.67273235884244 13864.912977319558 6373322.432202054
104 0 100 0.0 0.0 0.0
105 1 9 1.0 15.931997307697284 15.931997307697284
106 0 100 0.0 0.0 0.0
107 6 134 225.58275470837765 11722.091250421281 2644301.6352130035
108 7 229 332.66880679862265 16641.0 5535941.613935879
109 13 181 1331.5823725933528 276265.43546600867 367870184.02336365
110 8 129 459.67273235884244 24558.59479359431 11288916.371665139
111 6 97 225.58275470837765 6317.679695554275 1425159.589088318
112 7 150 332.66880679862265 22500.0 7485048.15296901
113 4 38 75.61186198841948 502.796158813779 38017.3537685349
114 2 18 9.541850352986048 64.62733255388774 616.6643359418604
115 0 100 0.0 0.0 0.0
116 3 56 32.9215577265747 595.765723501293 19613.535657762357
117 5 64 139.6884681067044 1914.4623288244568 267428.3099614821
118 20 393 2902.6872563902634 14379120.733408576 41738090510.96209
119 2 6 9.541850352986048 13.252209915340185 126.45060385853394
120 14 170 1540.4353185285338 316781.6824751582 487981691.94762516
121 0 100 0.0 0.0 0.0
122 2 21 9.541850352986048 80.71796600694597 770.1987524356932
123 4 30 75.61186198841948 335.61535000671915 25376.501525903146
124 0 100 0.0 0.0 0.0
125 0 100 0.0 0.0 0.0
126 5 83 139.6884681067044 3070.409639894098 428900.8190568644
127 12 224 1131.8354418063404 335907.49192777043 380192004.5321278
128 5 71 139.6884681067044 2311.8500842163953 322938.7967565438
129 0 100 0.0 0.0 0.0
130 1 108 1.0 13.734791927877684 13.734791927877684
131 3 82 32.9215577265747 1091.4155133611555 35931.098826798436
132 3 44 32.9215577265747 406.27351121486885 13375.156852238497
133 20 340 2902.6872563902634 9641805.940194605 27987147231.190823
134 20 349 2902.6872563902634 10362452.355291663 30078958396.65638
135 5 225 139.6884681067044 6461.574648467654 902607.4642015635
136 12 246 1131.8354418063404 418686.2065047056 473883887.5174742
137 5 163 139.6884681067044 1860.4532693243248 259883.86717602485
138 0 100 0.0 0.0 0.0
139 0 100 0.0 0.0 0.0
140 10 249 766.6651705632711 213353.43576813847 163570648.22343978
141 0 100 0.0 0.0 0.0
142 4 86 75.61186198841948 2032.1034843472744 153651.12820465246
143 0 100 0.0 0.0 0.0
144 18 337 2436.3877014920204 5555610.561352802 13535621245.959146
145 0 100 0.0 0.0 0.0
146 8 214 459.67273235884244 18990.417242658223 8729376.98256718
147 3 43 32.9215577265747 391.71440685113555 12895.848457480626
148 8 188 459.67273235884244 53757.48635060659 24710850.635526508
149 23 418 3602.4235623004615 36373134.80542197 131031437857.78313
150 18 356 2436.3877014920204 6431220.221891202 15668945854.202507
151 1 101 1.0 1.0 1.0
152 11 189 942.9223974109915 162853.276134606 153558001.5590769
153 6 95 225.58275470837765 6070.84515091352 1369477.9725510685
154 10 184 766.6651705632711 108870.3820957398 83467130.05871885
155 7 116 332.66880679862265 13456.0 4476391.464282267
156 10 173 766.6651705632711 94922.67645061052 72773909.93132952
157 0 100 0.0 0.0 0.0
158 2 134 9.541850352986048 161.72412498062124 1543.1473990327004
159 3 104 32.9215577265747 1591.6253392627782 52398.78548561859
160 14 193 1540.4353185285338 433180.6334596087 667286747.0837444
161 18 291 2436.3877014920204 3755399.2403282234 9149608523.32816
162 7 206 332.66880679862265 42436.0 14117133.48530635
163 19 377 2668.9360872348193 9846147.725263473 26278738984.20071
164 13 201 1331.5823725933528 355656.01713656815 473585283.12581354
165 2 44 9.541850352986048 234.56808185291177 2238.2135346274663
166 3 10 32.9215577265747 38.67239348588604 1273.1554345704085
167 10 189 766.6651705632711 115559.52004722142 88595459.14721276
168 0 100 0.0 0.0 0.0
169 0 100 0.0 0.0 0.0
170 8 161 459.67273235884244 38938.82165695482 17899114.54588609
171 17 295 2206.0678959513543 2970057.0644257143 6552147538.973092
172 0 100 0.0 0.0 0.0
173 21 443 3136.7198300107975 26021200.29673205 81621214971.44226
174 20 344 2902.6872563902634 9958006.651168495 28904979005.396275
175 10 227 766.6651705632711 173681.91512088914 133155875.07991205
176 14 342 1540.4353185285338 1776011.5238666672 2735830877.477896
177 17 252 2206.0678959513543 1965394.7938066537 4335794357.486791
178 3 40 32.9215577265747 349.23013798641597 11497.20014757944
179 12 139 1131.8354418063404 109381.79250386295 123802189.44417918
180 0 100 0.0 0.0 0.0
181 12 216 1131.8354418063404 308377.0730000903 349032100.66200334
182 11 290 942.9223974109915 433994.3923881617 409223032.933572
183 15 272 1756.7778603087352 1363732.5899489343 2395775221.4037786
184 0 100 0.0 0.0 0.0
185 12 202 1131.8354418063404 263422.36369249143 298150767.3915615
186 3 74 32.9215577265747 927.3002957027797 30528.17021484885
187 17 283 2206.0678959513543 2663779.0645129196 5876477476.129284
188 7 105 332.66880679862265 11025.0 3667673.5949548148
189 10 220 766.6651705632711 42078.2525506963 32259930.668783974
190 20 286 2902.6872563902634 5983118.918765421 17367123038.96788
191 15 277 1756.7778603087352 1427786.7586369168 2508304166.815307
192 7 82 332.66880679862265 6724.0 2236865.056913939
193 15 264 1756.7778603087352 1264909.7027781648 2222165361.1303825
194 7 112 332.66880679862265 12544.0 4172997.5124819227
195 19 312 2668.9360872348193 5890839.205269608 15722273339.041739
196 21 311 3136.7198300107975 9656342.291797638 30289240352.053562
197 16 200 1979.1134619514044 825270.017799204 1633303001.9712796
198 8 139 459.67273235884244 28684.707028409903 13185577.656662071
199 16 264 1979.1134619514044 1685099.6835025016 3335003468.3498516
