0 5 53 139.6884681067044 1358.9929081032851 189835.63750082318
1 3 27 32.9215577265747 187.1321231368427 6160.680994346051
2 0 9 0.0 9.0 0.0
3 0 6 0.0 6.0 0.0
4 0 100 0.0 0.0 0.0
5 1 9 1.0 15.931997307697284 15.931997307697284
6 1 11 1.0 20.51504931294799 20.51504931294799
7 0 100 0.0 0.0 0.0
8 0 100 0.0 0.0 0.0
9 0 100 0.0 0.0 0.0
10 1 11 1.0 20.51504931294799 20.51504931294799
11 0 100 0.0 0.0 0.0
12 0 100 0.0 0.0 0.0
13 0 5 0.0 5.0 0.0
14 0 5 0.0 5.0 0.0
15 3 24 32.9215577265747 155.22039240905832 5110.09710903639
16 0 100 0.0 0.0 0.0
17 0 100 0.0 0.0 0.0
18 1 19 1.0 40.84402933782601 40.84402933782601
19 0 100 0.0 0.0 0.0
20 0 100 0.0 0.0 0.0
21 1 18 1.0 38.15436697768484 38.15436697768484
22 0 100 0.0 0.0 0.0
23 0 100 0.0 0.0 0.0
24 1 11 1.0 20.51504931294799 20.51504931294799
25 0 100 0.0 0.0 0.0
26 0 100 0.0 0.0 0.0
27 0 100 0.0 0.0 0.0
28 2 20 9.541850352986048 75.23327232919837 717.8646261306569
29 0 10 0.0 10.0 0.0
30 1 11 1.0 20.51504931294799 20.51504931294799
31 0 100 0.0 0.0 0.0
32 0 10 0.0 10.0 0.0
33 0 100 0.0 0.0 0.0
34 1 10 1.0 18.1937008646705 18.1937008646705
35 0 100 0.0 0.0 0.0
36 0 100 0.0 0.0 0.0
37 2 16 9.541850352986048 54.53075711894446 520.3243240639966
38 2 20 9.541850352986048 75.23327232919837 717.8646261306569
39 0 100 0.0 0.0 0.0
40 0 100 0.0 0.0 0.0
41 2 18 9.541850352986048 64.62733255388774 616.6643359418604
42 0 10 0.0 10.0 0.0
43 0 100 0.0 0.0 0.0
44 0 100 0.0 0.0 0.0
45 0 100 0.0 0.0 0.0
46 0 10 0.0 10.0 0.0
47 0 10 0.0 10.0 0.0
48 0 8 0.0 8.0 0.0
49 1 10 1.0 18.1937008646705 18.1937008646705
50 2 15 9.541850352986048 49.68406405407534 474.0779041321602
51 0 100 0.0 0.0 0.0
52 1 18 1.0 38.15436697768484 38.15436697768484
53 0 100 0.0 0.0 0.0
54 3 17 32.9215577265747 89.78750677036001 2955.9445872656233
55 3 42 32.9215577265747 377.3528472077043 12423.04354263576
56 0 100 0.0 0.0 0.0
57 0 100 0.0 0.0 0.0
58 0 100 0.0 0.0 0.0
59 0 100 0.0 0.0 0.0
60 0 100 0.0 0.0 0.0
61 0 100 0.0 0.0 0.0
62 2 30 9.541850352986048 135.01359299654277 1288.2794999919763
63 0 100 0.0 0.0 0.0
64 0 9 0.0 9.0 0.0
65 0 5 0.0 5.0 0.0
66 1 10 1.0 18.1937008646705 18.1937008646705
67 1 23 1.0 51.960050539976365 51.960050539976365
68 0 100 0.0 0.0 0.0
69 1 14 1.0 27.799106543625292 27.799106543625292
70 1 9 1.0 15.931997307697284 15.931997307697284
71 0 100 0.0 0.0 0.0
72 0 100 0.0 0.0 0.0
73 1 8 1.0 13.734791927877684 13.734791927877684
74 1 104 1.0 5.735193251789799 5.735193251789799
75 0 100 0.0 0.0 0.0
76 0 100 0.0 0.0 0.0
77 2 15 9.541850352986048 49.68406405407534 474.0779041321602
78 0 100 0.0 0.0 0.0
79 0 11 0.0 11.0 0.0
80 2 21 9.541850352986048 80.71796600694597 770.1987524356932
81 0 100 0.0 0.0 0.0
82 1 9 1.0 15.931997307697284 15.931997307697284
83 0 100 0.0 0.0 0.0
84 0 100 0.0 0.0 0.0
85 0 5 0.0 5.0 0.0
86 1 109 1.0 15.931997307697284 15.931997307697284
87 0 100 0.0 0.0 0.0
88 1 6 1.0 9.55892689827884 9.55892689827884
89 0 100 0.0 0.0 0.0
90 0 100 0.0 0.0 0.0
91 1 108 1.0 13.734791927877684 13.734791927877684
92 0 100 0.0 0.0 0.0
93 0 100 0.0 0.0 0.0
94 0 100 0.0 0.0 0.0
95 0 100 0.0 0.0 0.0
96 0 100 0.0 0.0 0.0
97 4 29 75.61186198841948 316.71264325745693 23947.232671970367
98 2 29 9.541850352986048 128.5709592386038 1226.8048527946264
99 0 10 0.0 10.0 0.0
100 0 100 0.0 0.0 0.0
101 0 100 0.0 0.0 0.0
102 1 13 1.0 25.320989780782124 25.320989780782124
103 0 100 0.0 0.0 0.0
104 0 10 0.0 10.0 0.0
105 0 100 0.0 0.0 0.0
106 1 14 1.0 27.799106543625292 27.799106543625292
107 1 10 1.0 18.1937008646705 18.1937008646705
108 1 6 1.0 9.55892689827884 9.55892689827884
109 1 103 1.0 3.9914906122521803 3.9914906122521803
110 0 100 0.0 0.0 0.0
111 0 100 0.0 0.0 0.0
112 0 100 0.0 0.0 0.0
113 0 5 0.0 5.0 0.0
114 1 101 1.0 1.0 1.0
115 1 10 1.0 18.1937008646705 18.1937008646705
116 0 100 0.0 0.0 0.0
117 2 16 9.541850352986048 54.53075711894446 520.3243240639966
118 1 108 1.0 13.734791927877684 13.734791927877684
119 1 20 1.0 43.57075425423803 43.57075425423803
120 1 9 1.0 15.931997307697284 15.931997307697284
121 0 11 0.0 11.0 0.0
122 0 5 0.0 5.0 0.0
123 1 12 1.0 22.891970023971037 22.891970023971037
124 1 10 1.0 18.1937008646705 18.1937008646705
125 2 27 9.541850352986048 115.98017876588344 1106.66550969663
126 0 100 0.0 0.0 0.0
127 0 100 0.0 0.0 0.0
128 0 5 0.0 5.0 0.0
129 0 14 0.0 14.0 0.0
130 1 102 1.0 2.3948263510722025 2.3948263510722025
131 0 100 0.0 0.0 0.0
132 1 12 1.0 22.891970023971037 22.891970023971037
133 1 6 1.0 9.55892689827884 9.55892689827884
134 1 102 1.0 2.3948263510722025 2.3948263510722025
135 0 100 0.0 0.0 0.0
136 0 7 0.0 7.0 0.0
137 1 16 1.0 32.892441635375256 32.892441635375256
138 0 100 0.0 0.0 0.0
139 0 100 0.0 0.0 0.0
140 2 126 9.541850352986048 109.8359986590007 1048.0386625749609
141 0 100 0.0 0.0 0.0
142 0 100 0.0 0.0 0.0
143 0 100 0.0 0.0 0.0
144 0 100 0.0 0.0 0.0
145 1 7 1.0 11.607984241186918 11.607984241186918
146 0 10 0.0 10.0 0.0
147 1 11 1.0 20.51504931294799 20.51504931294799
148 4 33 75.61186198841948 395.0229353848392 29868.419672578806
149 3 24 32.9215577265747 155.22039240905832 5110.09710903639
150 1 18 1.0 38.15436697768484 38.15436697768484
151 3 29 32.9215577265747 209.61005902119368 6900.689658136957
152 1 104 1.0 5.735193251789799 5.735193251789799
153 4 58 75.61186198841948 1036.142416344768 78344.65738500807
154 0 100 0.0 0.0 0.0
155 0 100 0.0 0.0 0.0
156 3 52 32.9215577265747 529.6457757489877 17436.763980956737
157 1 105 1.0 7.59708563275366 7.59708563275366
158 3 42 32.9215577265747 377.3528472077043 12423.04354263576
159 1 19 1.0 40.84402933782601 40.84402933782601
160 1 100 1.0 0.0 0.0
161 1 11 1.0 20.51504931294799 20.51504931294799
162 0 100 0.0 0.0 0.0
163 2 21 9.541850352986048 80.71796600694597 770.1987524356932
164 1 15 1.0 30.323695983612147 30.323695983612147
165 2 61 9.541850352986048 375.74324992186104 3585.2858618990344
166 0 10 0.0 10.0 0.0
167 0 100 0.0 0.0 0.0
168 2 115 9.541850352986048 49.68406405407534 474.0779041321602
169 4 43 75.61186198841948 621.143248020611 46965.797544373054
170 1 15 1.0 30.323695983612147 30.323695983612147
171 1 20 1.0 43.57075425423803 43.57075425423803
172 2 11 9.541850352986048 31.76494829034237 303.0963830567869
173 1 14 1.0 27.799106543625292 27.799106543625292
174 0 100 0.0 0.0 0.0
175 0 100 0.0 0.0 0.0
176 1 16 1.0 32.892441635375256 32.892441635375256
177 3 32 32.9215577265747 245.06238675558936 8067.83551218631
178 2 114 9.541850352986048 44.97826169706515 429.17584225083993
179 1 17 1.0 35.503281577765854 35.503281577765854
180 1 10 1.0 18.1937008646705 18.1937008646705
181 1 107 1.0 11.607984241186918 11.607984241186918
182 0 10 0.0 10.0 0.0
183 2 6 9.541850352986048 13.252209915340185 126.45060385853394
184 2 15 9.541850352986048 49.68406405407534 474.0779041321602
185 1 12 1.0 22.891970023971037 22.891970023971037
186 6 55 225.58275470837765 2133.9982456992793 481393.20280768874
187 1 17 1.0 35.503281577765854 35.503281577765854
188 1 12 1.0 22.891970023971037 22.891970023971037
189 1 104 1.0 5.735193251789799 5.735193251789799
190 1 28 1.0 66.57403288693754 66.57403288693754
191 3 20 32.9215577265747 116.21344721391306 3825.92771105708
192 3 16 32.9215577265747 81.54950460903234 2684.7367235598276
193 1 18 1.0 38.15436697768484 38.15436697768484
194 5 71 139.6884681067044 2311.8500842163953 322938.7967565438
195 1 14 1.0 27.799106543625292 27.799106543625292
196 1 107 1.0 11.607984241186918 11.607984241186918
197 2 12 9.541850352986048 36.01211998010309 343.62225974392254
198 2 32 9.541850352986048 148.1842032776824 1413.95149235211
199 3 45 32.9215577265747 421.0282951259743 13860.907322511091
