0 0 5 0.0 5.0 0.0
1 0 100 0.0 0.0 0.0
2 2 15 9.541850352986048 49.68406405407534 474.0779041321602
3 0 100 0.0 0.0 0.0
4 0 6 0.0 6.0 0.0
5 0 7 0.0 7.0 0.0
6 1 18 1.0 38.15436697768484 38.15436697768484
7 0 100 0.0 0.0 0.0
8 0 5 0.0 5.0 0.0
9 2 6 9.541850352986048 13.252209915340185 126.45060385853394
10 0 100 0.0 0.0 0.0
11 0 100 0.0 0.0 0.0
12 0 5 0.0 5.0 0.0
13 3 24 32.9215577265747 155.22039240905832 5110.09710903639
14 1 16 1.0 32.892441635375256 32.892441635375256
15 1 106 1.0 9.55892689827884 9.55892689827884
16 0 100 0.0 0.0 0.0
17 0 5 0.0 5.0 0.0
18 0 6 0.0 6.0 0.0
19 0 100 0.0 0.0 0.0
20 0 100 0.0 0.0 0.0
21 0 100 0.0 0.0 0.0
22 0 100 0.0 0.0 0.0
23 0 100 0.0 0.0 0.0
24 0 6 0.0 6.0 0.0
25 1 5 1.0 7.59708563275366 7.59708563275366
26 0 100 0.0 0.0 0.0
27 0 100 0.0 0.0 0.0
28 1 9 1.0 15.931997307697284 15.931997307697284
29 0 100 0.0 0.0 0.0
30 0 10 0.0 10.0 0.0
31 0 100 0.0 0.0 0.0
32 0 6 0.0 6.0 0.0
33 3 15 32.9215577265747 73.60859052492496 2423.3094621381165
34 0 5 0.0 5.0 0.0
35 0 10 0.0 10.0 0.0
36 1 11 1.0 20.51504931294799 20.51504931294799
37 0 5 0.0 5.0 0.0
38 0 100 0.0 0.0 0.0
39 3 28 32.9215577265747 198.25318874016915 6526.8037975869875
40 2 22 9.541850352986048 86.31942417916456 823.6470280735138
41 0 16 0.0 16.0 0.0
42 0 100 0.0 0.0 0.0
43 0 6 0.0 6.0 0.0
44 0 6 0.0 6.0 0.0
45 0 5 0.0 5.0 0.0
46 1 16 1.0 32.892441635375256 32.892441635375256
47 2 26 9.541850352986048 109.8359986590007 1048.0386625749609
48 0 100 0.0 0.0 0.0
49 0 6 0.0 6.0 0.0
50 1 101 1.0 1.0 1.0
51 2 33 9.541850352986048 154.90879557685506 1478.1165457556579
52 0 11 0.0 11.0 0.0
53 0 100 0.0 0.0 0.0
54 0 100 0.0 0.0 0.0
55 0 100 0.0 0.0 0.0
56 0 100 0.0 0.0 0.0
57 0 100 0.0 0.0 0.0
58 1 101 1.0 1.0 1.0
59 0 100 0.0 0.0 0.0
60 0 11 0.0 11.0 0.0
61 0 100 0.0 0.0 0.0
62 0 100 0.0 0.0 0.0
63 1 20 1.0 43.57075425423803 43.57075425423803
64 1 14 1.0 27.799106543625292 27.799106543625292
65 1 10 1.0 18.1937008646705 18.1937008646705
66 0 100 0.0 0.0 0.0
67 0 100 0.0 0.0 0.0
68 1 12 1.0 22.891970023971037 22.891970023971037
69 0 10 0.0 10.0 0.0
70 0 100 0.0 0.0 0.0
71 1 5 1.0 7.59708563275366 7.59708563275366
72 0 11 0.0 11.0 0.0
73 0 11 0.0 11.0 0.0
74 1 18 1.0 38.15436697768484 38.15436697768484
75 0 100 0.0 0.0 0.0
76 0 100 0.0 0.0 0.0
77 2 11 9.541850352986048 31.76494829034237 303.0963830567869
78 3 23 32.9215577265747 145.08021796711313 4776.266770788355
79 1 101 1.0 1.0 1.0
80 1 8 1.0 13.734791927877684 13.734791927877684
81 2 22 9.541850352986048 86.31942417916456 823.6470280735138
82 3 26 32.9215577265747 176.25042831919396 5802.438650243859
83 0 6 0.0 6.0 0.0
84 1 106 1.0 9.55892689827884 9.55892689827884
85 1 12 1.0 22.891970023971037 22.891970023971037
86 0 100 0.0 0.0 0.0
87 1 103 1.0 3.9914906122521803 3.9914906122521803
88 0 10 0.0 10.0 0.0
89 1 9 1.0 15.931997307697284 15.931997307697284
90 1 104 1.0 5.735193251789799 5.735193251789799
91 0 9 0.0 9.0 0.0
92 1 12 1.0 22.891970023971037 22.891970023971037
93 0 100 0.0 0.0 0.0
94 0 100 0.0 0.0 0.0
95 0 100 0.0 0.0 0.0
96 3 32 32.9215577265747 245.06238675558936 8067.83551218631
97 3 35 32.9215577265747 282.5239294230334 9301.12785163911
98 0 100 0.0 0.0 0.0
99 2 11 9.541850352986048 31.76494829034237 303.0963830567869
100 0 100 0.0 0.0 0.0
101 0 100 0.0 0.0 0.0
102 1 10 1.0 18.1937008646705 18.1937008646705
103 0 100 0.0 0.0 0.0
104 0 100 0.0 0.0 0.0
105 0 100 0.0 0.0 0.0
106 0 100 0.0 0.0 0.0
107 2 112 9.541850352986048 36.01211998010309 343.62225974392254
108 3 20 32.9215577265747 116.21344721391306 3825.92771105708
109 0 100 0.0 0.0 0.0
110 0 100 0.0 0.0 0.0
111 0 10 0.0 10.0 0.0
112 0 100 0.0 0.0 0.0
113 0 100 0.0 0.0 0.0
114 1 18 1.0 38.15436697768484 38.15436697768484
115 0 10 0.0 10.0 0.0
116 0 100 0.0 0.0 0.0
117 2 18 9.541850352986048 64.62733255388774 616.6643359418604
118 2 19 9.541850352986048 69.8685662777562 666.6754038000371
119 2 17 9.541850352986048 59.51335422080222 567.8675199791454
120 0 100 0.0 0.0 0.0
121 2 18 9.541850352986048 64.62733255388774 616.6643359418604
122 1 27 1.0 63.59241768810072 63.59241768810072
123 1 11 1.0 20.51504931294799 20.51504931294799
124 0 100 0.0 0.0 0.0
125 0 100 0.0 0.0 0.0
126 0 5 0.0 5.0 0.0
127 1 7 1.0 11.607984241186918 11.607984241186918
128 1 7 1.0 11.607984241186918 11.607984241186918
129 5 28 139.6884681067044 426.24633698085364 59541.697848949545
130 1 105 1.0 7.59708563275366 7.59708563275366
131 0 100 0.0 0.0 0.0
132 0 8 0.0 8.0 0.0
133 0 100 0.0 0.0 0.0
134 0 100 0.0 0.0 0.0
135 1 20 1.0 43.57075425423803 43.57075425423803
136 0 18 0.0 18.0 0.0
137 4 37 75.61186198841948 480.38255499420245 36322.61944986597
138 2 31 9.541850352986048 141.5519192260369 1350.6672304328126
139 0 100 0.0 0.0 0.0
140 1 10 1.0 18.1937008646705 18.1937008646705
141 1 26 1.0 60.63937356224698 60.63937356224698
142 1 16 1.0 32.892441635375256 32.892441635375256
143 2 6 9.541850352986048 13.252209915340185 126.45060385853394
144 3 44 32.9215577265747 406.27351121486885 13375.156852238497
145 0 10 0.0 10.0 0.0
146 0 100 0.0 0.0 0.0
147 4 35 75.61186198841948 436.83679879622173 33030.043742042886
148 0 100 0.0 0.0 0.0
149 2 21 9.541850352986048 80.71796600694597 770.1987524356932
150 0 10 0.0 10.0 0.0
151 1 12 1.0 22.891970023971037 22.891970023971037
152 3 29 32.9215577265747 209.61005902119368 6900.689658136957
153 0 5 0.0 5.0 0.0
154 0 10 0.0 10.0 0.0
155 4 32 75.61186198841948 374.7746947170294 28337.41249369607
156 2 44 9.541850352986048 234.56808185291177 2238.2135346274663
157 1 10 1.0 18.1937008646705 18.1937008646705
158 0 100 0.0 0.0 0.0
159 2 31 9.541850352986048 141.5519192260369 1350.6672304328126
160 0 100 0.0 0.0 0.0
161 1 105 1.0 7.59708563275366 7.59708563275366
162 2 130 9.541850352986048 135.01359299654277 1288.2794999919763
163 0 100 0.0 0.0 0.0
164 2 16 9.541850352986048 54.53075711894446 520.3243240639966
165 2 21 9.541850352986048 80.71796600694597 770.1987524356932
166 0 100 0.0 0.0 0.0
167 1 10 1.0 18.1937008646705 18.1937008646705
168 3 43 32.9215577265747 391.71440685113555 12895.848457480626
169 2 10 9.541850352986048 27.685321443873434 264.16919419175593
170 0 100 0.0 0.0 0.0
171 1 103 1.0 3.9914906122521803 3.9914906122521803
172 0 100 0.0 0.0 0.0
173 2 18 9.541850352986048 64.62733255388774 616.6643359418604
174 1 107 1.0 11.607984241186918 11.607984241186918
175 2 34 9.541850352986048 161.72412498062124 1543.1473990327004
176 3 31 32.9215577265747 233.0178128969552 7671.309378607293
177 1 9 1.0 15.931997307697284 15.931997307697284
178 1 34 1.0 85.02419427196995 85.02419427196995
179 1 25 1.0 57.71571011139208 57.71571011139208
180 5 42 139.6884681067044 890.5118703159138 124394.2389952662
181 3 20 32.9215577265747 116.21344721391306 3825.92771105708
182 2 27 9.541850352986048 115.98017876588344 1106.66550969663
183 0 10 0.0 10.0 0.0
184 1 32 1.0 78.7716859795011 78.7716859795011
185 2 7 9.541850352986048 16.551687764173284 157.9337277350917
186 0 10 0.0 10.0 0.0
187 1 107 1.0 11.607984241186918 11.607984241186918
188 1 10 1.0 18.1937008646705 18.1937008646705
189 0 10 0.0 10.0 0.0
190 3 41 32.9215577265747 363.1907597716439 11956.805563580698
191 6 44 225.58275470837765 1392.5534457950612 314136.0423810934
192 1 18 1.0 38.15436697768484 38.15436697768484
193 2 9 9.541850352986048 23.78240930402918 226.9281906125095
194 2 32 9.541850352986048 148.1842032776824 1413.95149235211
195 4 44 75.61186198841948 646.0476428878335 48848.86521197858
196 2 110 9.541850352986048 27.685321443873434 264.16919419175593
197 4 36 75.61186198841948 458.3949685466225 34660.09709793311
198 4 21 75.61186198841948 182.37411197845725 13789.646185175669
199 1 10 1.0 18.1937008646705 18.1937008646705
