0 1 11 1.0 20.51504931294799 20.51504931294799
1 0 100 0.0 0.0 0.0
2 0 100 0.0 0.0 0.0
3 0 100 0.0 0.0 0.0
4 0 100 0.0 0.0 0.0
5 0 100 0.0 0.0 0.0
6 1 100 1.0 0.0 0.0
7 0 100 0.0 0.0 0.0
8 0 100 0.0 0.0 0.0
9 0 100 0.0 0.0 0.0
10 0 100 0.0 0.0 0.0
11 1 18 1.0 38.15436697768484 38.15436697768484
12 0 100 0.0 0.0 0.0
13 0 100 0.0 0.0 0.0
14 0 100 0.0 0.0 0.0
15 0 100 0.0 0.0 0.0
16 1 11 1.0 20.51504931294799 20.51504931294799
17 0 100 0.0 0.0 0.0
18 2 29 9.541850352986048 128.5709592386038 1226.8048527946264
19 0 100 0.0 0.0 0.0
20 0 10 0.0 10.0 0.0
21 2 16 9.541850352986048 54.53075711894446 520.3243240639966
22 0 100 0.0 0.0 0.0
23 0 10 0.0 10.0 0.0
24 0 100 0.0 0.0 0.0
25 0 5 0.0 5.0 0.0
26 0 100 0.0 0.0 0.0
27 2 179 9.541850352986048 545.5717283799165 5205.7637890211145
28 0 100 0.0 0.0 0.0
29 0 100 0.0 0.0 0.0
30 0 100 0.0 0.0 0.0
31 0 100 0.0 0.0 0.0
32 0 100 0.0 0.0 0.0
33 0 100 0.0 0.0 0.0
34 1 103 1.0 3.9914906122521803 3.9914906122521803
35 1 6 1.0 9.55892689827884 9.55892689827884
36 2 29 9.541850352986048 128.5709592386038 1226.8048527946264
37 3 48 32.9215577265747 466.4489382157433 15356.225645969067
38 0 100 0.0 0.0 0.0
39 0 100 0.0 0.0 0.0
40 0 100 0.0 0.0 0.0
41 1 10 1.0 18.1937008646705 18.1937008646705
42 0 100 0.0 0.0 0.0
43 0 100 0.0 0.0 0.0
44 0 100 0.0 0.0 0.0
45 0 100 0.0 0.0 0.0
46 0 9 0.0 9.0 0.0
47 2 19 9.541850352986048 69.8685662777562 666.6754038000371
48 1 100 1.0 0.0 0.0
49 0 100 0.0 0.0 0.0
50 0 100 0.0 0.0 0.0
51 0 9 0.0 9.0 0.0
52 0 100 0.0 0.0 0.0
53 0 9 0.0 9.0 0.0
54 0 100 0.0 0.0 0.0
55 0 100 0.0 0.0 0.0
56 0 100 0.0 0.0 0.0
57 0 100 0.0 0.0 0.0
58 0 100 0.0 0.0 0.0
59 0 100 0.0 0.0 0.0
60 2 118 9.541850352986048 64.62733255388774 616.6643359418604
61 2 22 9.541850352986048 86.31942417916456 823.6470280735138
62 0 100 0.0 0.0 0.0
63 0 100 0.0 0.0 0.0
64 1 10 1.0 18.1937008646705 18.1937008646705
65 0 10 0.0 10.0 0.0
66 1 18 1.0 38.15436697768484 38.15436697768484
67 0 100 0.0 0.0 0.0
68 4 82 75.61186198841948 1873.1633591984112 141633.36939747448
69 0 100 0.0 0.0 0.0
70 0 100 0.0 0.0 0.0
71 2 35 9.541850352986048 168.62869283493262 1609.0297522505775
72 0 100 0.0 0.0 0.0
73 0 100 0.0 0.0 0.0
74 1 105 1.0 7.59708563275366 7.59708563275366
75 1 9 1.0 15.931997307697284 15.931997307697284
76 0 5 0.0 5.0 0.0
77 1 101 1.0 1.0 1.0
78 0 100 0.0 0.0 0.0
79 0 100 0.0 0.0 0.0
80 0 100 0.0 0.0 0.0
81 0 100 0.0 0.0 0.0
82 0 6 0.0 6.0 0.0
83 0 100 0.0 0.0 0.0
84 0 9 0.0 9.0 0.0
85 7 161 332.66880679862265 25921.0 8623108.141027099
86 0 100 0.0 0.0 0.0
87 0 100 0.0 0.0 0.0
88 2 68 9.541850352986048 439.47602925740523 4193.414504898678
89 1 15 1.0 30.323695983612147 30.323695983612147
90 0 100 0.0 0.0 0.0
91 0 7 0.0 7.0 0.0
92 0 100 0.0 0.0 0.0
93 0 100 0.0 0.0 0.0
94 0 100 0.0 0.0 0.0
95 0 100 0.0 0.0 0.0
96 0 100 0.0 0.0 0.0
97 0 100 0.0 0.0 0.0
98 1 8 1.0 13.734791927877684 13.734791927877684
99 0 100 0.0 0.0 0.0
100 0 100 0.0 0.0 0.0
101 1 26 1.0 60.63937356224698 60.63937356224698
102 0 100 0.0 0.0 0.0
103 1 26 1.0 60.63937356224698 60.63937356224698
104 4 88 75.61186198841948 2113.579549242958 159811.6851789044
105 7 104 332.66880679862265 10816.0 3598145.8143339027
106 0 100 0.0 0.0 0.0
107 0 10 0.0 10.0 0.0
108 1 17 1.0 35.503281577765854 35.503281577765854
109 2 113 9.541850352986048 40.41888428935346 385.6709453236695
110 0 11 0.0 11.0 0.0
111 0 100 0.0 0.0 0.0
112 0 100 0.0 0.0 0.0
113 2 16 9.541850352986048 54.53075711894446 520.3243240639966
114 0 100 0.0 0.0 0.0
115 1 8 1.0 13.734791927877684 13.734791927877684
116 2 114 9.541850352986048 44.97826169706515 429.17584225083993
117 4 46 75.61186198841948 697.0692055589992 52706.70056710426
118 5 177 139.6884681067044 2679.0520099722326 374232.6712512085
119 1 32 1.0 78.7716859795011 78.7716859795011
120 0 100 0.0 0.0 0.0
121 5 238 139.6884681067044 7734.252637092071 1080385.90282563
122 0 100 0.0 0.0 0.0
123 2 18 9.541850352986048 64.62733255388774 616.6643359418604
124 0 100 0.0 0.0 0.0
125 1 10 1.0 18.1937008646705 18.1937008646705
126 0 100 0.0 0.0 0.0
127 1 116 1.0 32.892441635375256 32.892441635375256
128 0 100 0.0 0.0 0.0
129 0 100 0.0 0.0 0.0
130 2 112 9.541850352986048 36.01211998010309 343.62225974392254
131 1 20 1.0 43.57075425423803 43.57075425423803
132 0 100 0.0 0.0 0.0
133 3 27 32.9215577265747 187.1321231368427 6160.680994346051
134 0 100 0.0 0.0 0.0
135 1 106 1.0 9.55892689827884 9.55892689827884
136 1 103 1.0 3.9914906122521803 3.9914906122521803
137 7 167 332.66880679862265 4489.0 1493350.2737190172
138 3 54 32.9215577265747 562.3460860297637 18513.309133542207
139 0 11 0.0 11.0 0.0
140 7 82 332.66880679862265 6724.0 2236865.056913939
141 0 100 0.0 0.0 0.0
142 2 25 9.541850352986048 103.79546451213633 990.4007896934788
143 6 219 225.58275470837765 9340.680210924138 2107096.372830297
144 4 171 75.61186198841948 1464.2230773075796 110712.63324163957
145 0 100 0.0 0.0 0.0
146 5 97 139.6884681067044 4075.7152237055247 569330.4160385987
147 0 100 0.0 0.0 0.0
148 6 109 225.58275470837765 7896.900764171442 1781404.6280404862
149 1 16 1.0 32.892441635375256 32.892441635375256
150 6 130 225.58275470837765 11061.859988496359 2495364.8484033914
151 9 139 604.9491004987461 41398.5782979627 25044032.703279447
152 6 104 225.58275470837765 7218.483555423629 1628365.4052495863
153 6 67 225.58275470837765 3112.8302065571443 702200.8129346088
154 5 205 139.6884681067044 4707.005408790302 657514.3749238892
155 0 100 0.0 0.0 0.0
156 2 44 9.541850352986048 234.56808185291177 2238.2135346274663
157 4 205 75.61186198841948 2858.808634191098 216159.8438997593
158 1 18 1.0 38.15436697768484 38.15436697768484
159 3 63 32.9215577265747 718.2490844189361 23645.87869475743
160 5 114 139.6884681067044 5465.679515018471 763492.3986151252
161 6 86 225.58275470837765 5018.366904356723 1132057.0304221432
162 2 78 9.541850352986048 535.6395391463575 5110.992325676955
163 0 100 0.0 0.0 0.0
164 0 100 0.0 0.0 0.0
165 0 100 0.0 0.0 0.0
166 1 7 1.0 11.607984241186918 11.607984241186918
167 5 82 139.6884681067044 3003.520233876968 419557.14039776416
168 0 100 0.0 0.0 0.0
169 0 100 0.0 0.0 0.0
170 2 143 9.541850352986048 226.91812071099523 2165.21875020514
171 2 40 9.541850352986048 204.4421003683832 1950.7559275652661
172 2 15 9.541850352986048 49.68406405407534 474.0779041321602
173 0 100 0.0 0.0 0.0
174 1 104 1.0 5.735193251789799 5.735193251789799
175 4 59 75.61186198841948 1066.8769814059906 80668.55507669134
176 4 58 75.61186198841948 1036.142416344768 78344.65738500807
177 3 93 32.9215577265747 1332.8212345645688 43878.55121292201
178 2 39 9.541850352986048 197.11162840858907 1880.8096611081503
179 1 16 1.0 32.892441635375256 32.892441635375256
180 2 18 9.541850352986048 64.62733255388774 616.6643359418604
181 0 100 0.0 0.0 0.0
182 4 141 75.61186198841948 572.5607883495287 43292.38730866522
183 0 100 0.0 0.0 0.0
184 4 81 75.61186198841948 1834.2709028460106 138692.63835536616
185 6 178 225.58275470837765 4163.386850757332 939188.274710476
186 7 220 332.66880679862265 14400.0 4790430.817900166
187 5 225 139.6884681067044 6461.574648467654 902607.4642015635
188 5 92 139.6884681067044 3702.0246060004592 517130.14610553003
189 4 193 75.61186198841948 2323.049658002374 175650.1101331206
190 3 48 32.9215577265747 466.4489382157433 15356.225645969067
191 0 100 0.0 0.0 0.0
192 1 9 1.0 15.931997307697284 15.931997307697284
193 2 14 9.541850352986048 44.97826169706515 429.17584225083993
194 3 36 32.9215577265747 295.444715883087 9726.500268956508
195 2 28 9.541850352986048 122.22584512913716 1166.2607234894754
196 0 100 0.0 0.0 0.0
197 1 19 1.0 40.84402933782601 40.84402933782601
198 4 52 75.61186198841948 859.6554919481086 65000.15241476724
199 2 28 9.541850352986048 122.22584512913716 1166.2607234894754
