0 0 100 0.0 0.0 0.0
1 0 100 0.0 0.0 0.0
2 0 100 0.0 0.0 0.0
3 0 100 0.0 0.0 0.0
4 0 100 0.0 0.0 0.0
5 2 9 9.541850352986048 23.78240930402918 226.9281906125095
6 0 5 0.0 5.0 0.0
7 0 5 0.0 5.0 0.0
8 2 14 9.541850352986048 44.97826169706515 429.17584225083993
9 4 141 75.61186198841948 572.5607883495287 43292.38730866522
10 0 6 0.0 6.0 0.0
11 0 100 0.0 0.0 0.0
12 0 100 0.0 0.0 0.0
13 0 100 0.0 0.0 0.0
14 0 100 0.0 0.0 0.0
15 0 9 0.0 9.0 0.0
16 0 100 0.0 0.0 0.0
17 0 100 0.0 0.0 0.0
18 1 103 1.0 3.9914906122521803 3.9914906122521803
19 0 100 0.0 0.0 0.0
20 0 100 0.0 0.0 0.0
21 1 31 1.0 75.68293941204132 75.68293941204132
22 0 100 0.0 0.0 0.0
23 1 6 1.0 9.55892689827884 9.55892689827884
24 6 30 225.58275470837765 669.3161571229465 150986.1824946196
25 1 6 1.0 9.55892689827884 9.55892689827884
26 0 7 0.0 7.0 0.0
27 0 100 0.0 0.0 0.0
28 0 100 0.0 0.0 0.0
29 0 100 0.0 0.0 0.0
30 2 21 9.541850352986048 80.71796600694597 770.1987524356932
31 0 100 0.0 0.0 0.0
32 3 129 32.9215577265747 209.61005902119368 6900.689658136957
33 0 100 0.0 0.0 0.0
34 0 5 0.0 5.0 0.0
35 1 10 1.0 18.1937008646705 18.1937008646705
36 0 5 0.0 5.0 0.0
37 0 100 0.0 0.0 0.0
38 0 19 0.0 19.0 0.0
39 0 100 0.0 0.0 0.0
40 3 18 32.9215577265747 98.31525163284788 3236.6912320335186
41 1 101 1.0 1.0 1.0
42 0 100 0.0 0.0 0.0
43 1 19 1.0 40.84402933782601 40.84402933782601
44 0 10 0.0 10.0 0.0
45 0 100 0.0 0.0 0.0
46 0 10 0.0 10.0 0.0
47 0 100 0.0 0.0 0.0
48 0 5 0.0 5.0 0.0
49 0 100 0.0 0.0 0.0
50 2 24 9.541850352986048 97.86086952638261 933.7737724338355
51 0 100 0.0 0.0 0.0
52 2 26 9.541850352986048 109.8359986590007 1048.0386625749609
53 0 100 0.0 0.0 0.0
54 0 100 0.0 0.0 0.0
55 1 12 1.0 22.891970023971037 22.891970023971037
56 1 100 1.0 0.0 0.0
57 0 100 0.0 0.0 0.0
58 0 100 0.0 0.0 0.0
59 2 15 9.541850352986048 49.68406405407534 474.0779041321602
60 1 103 1.0 3.9914906122521803 3.9914906122521803
61 1 19 1.0 40.84402933782601 40.84402933782601
62 0 100 0.0 0.0 0.0
63 0 5 0.0 5.0 0.0
64 0 100 0.0 0.0 0.0
65 0 100 0.0 0.0 0.0
66 0 100 0.0 0.0 0.0
67 1 12 1.0 22.891970023971037 22.891970023971037
68 0 100 0.0 0.0 0.0
69 0 5 0.0 5.0 0.0
70 3 18 32.9215577265747 98.31525163284788 3236.6912320335186
71 2 32 9.541850352986048 148.1842032776824 1413.95149235211
72 0 5 0.0 5.0 0.0
73 3 27 32.9215577265747 187.1321231368427 6160.680994346051
74 0 100 0.0 0.0 0.0
75 0 7 0.0 7.0 0.0
76 0 10 0.0 10.0 0.0
77 0 100 0.0 0.0 0.0
78 1 10 1.0 18.1937008646705 18.1937008646705
79 0 5 0.0 5.0 0.0
80 1 11 1.0 20.51504931294799 20.51504931294799
81 1 7 1.0 11.607984241186918 11.607984241186918
82 1 6 1.0 9.55892689827884 9.55892689827884
83 2 8 9.541850352986048 20.066939702021244 191.47573567908114
84 0 100 0.0 0.0 0.0
85 2 27 9.541850352986048 115.98017876588344 1106.66550969663
86 2 17 9.541850352986048 59.51335422080222 567.8675199791454
87 1 22 1.0 49.12998068819353 49.12998068819353
88 0 100 0.0 0.0 0.0
89 0 100 0.0 0.0 0.0
90 1 33 1.0 81.88562674252243 81.88562674252243
91 1 15 1.0 30.323695983612147 30.323695983612147
92 0 100 0.0 0.0 0.0
93 1 10 1.0 18.1937008646705 18.1937008646705
94 0 8 0.0 8.0 0.0
95 0 100 0.0 0.0 0.0
96 0 100 0.0 0.0 0.0
97 0 100 0.0 0.0 0.0
98 0 100 0.0 0.0 0.0
99 0 100 0.0 0.0 0.0
100 2 21 9.541850352986048 80.71796600694597 770.1987524356932
101 0 100 0.0 0.0 0.0
102 3 61 32.9215577265747 682.3928350558612 22465.435111492498
103 2 38 9.541850352986048 189.8638195218893 1811.6521533242187
104 1 16 1.0 32.892441635375256 32.892441635375256
105 1 22 1.0 49.12998068819353 49.12998068819353
106 0 11 0.0 11.0 0.0
107 0 12 0.0 12.0 0.0
108 0 100 0.0 0.0 0.0
109 1 30 1.0 72.61998620345668 72.61998620345668
110 1 25 1.0 57.71571011139208 57.71571011139208
111 0 100 0.0 0.0 0.0
112 0 100 0.0 0.0 0.0
113 1 20 1.0 43.57075425423803 43.57075425423803
114 2 23 9.541850352986048 92.0346545141889 878.1809006631623
115 0 100 0.0 0.0 0.0
116 0 100 0.0 0.0 0.0
117 1 103 1.0 3.9914906122521803 3.9914906122521803
118 0 100 0.0 0.0 0.0
119 1 5 1.0 7.59708563275366 7.59708563275366
120 2 20 9.541850352986048 75.23327232919837 717.8646261306569
121 2 21 9.541850352986048 80.71796600694597 770.1987524356932
122 0 100 0.0 0.0 0.0
123 3 82 32.9215577265747 1091.4155133611555 35931.098826798436
124 1 13 1.0 25.320989780782124 25.320989780782124
125 2 26 9.541850352986048 109.8359986590007 1048.0386625749609
126 1 18 1.0 38.15436697768484 38.15436697768484
127 1 16 1.0 32.892441635375256 32.892441635375256
128 0 100 0.0 0.0 0.0
129 2 8 9.541850352986048 20.066939702021244 191.47573567908114
130 0 100 0.0 0.0 0.0
131 1 12 1.0 22.891970023971037 22.891970023971037
132 2 12 9.541850352986048 36.01211998010309 343.62225974392254
133 0 100 0.0 0.0 0.0
134 0 10 0.0 10.0 0.0
135 1 19 1.0 40.84402933782601 40.84402933782601
136 1 5 1.0 7.59708563275366 7.59708563275366
137 0 100 0.0 0.0 0.0
138 1 18 1.0 38.15436697768484 38.15436697768484
139 4 47 75.61186198841948 723.181183304868 54681.07582466957
140 0 100 0.0 0.0 0.0
141 0 100 0.0 0.0 0.0
142 2 30 9.541850352986048 135.01359299654277 1288.2794999919763
143 0 100 0.0 0.0 0.0
144 1 17 1.0 35.503281577765854 35.503281577765854
145 3 24 32.9215577265747 155.22039240905832 5110.09710903639
146 0 7 0.0 7.0 0.0
147 0 100 0.0 0.0 0.0
148 2 18 9.541850352986048 64.62733255388774 616.6643359418604
149 0 100 0.0 0.0 0.0
150 0 100 0.0 0.0 0.0
151 1 16 1.0 32.892441635375256 32.892441635375256
152 0 100 0.0 0.0 0.0
153 0 100 0.0 0.0 0.0
154 1 28 1.0 66.57403288693754 66.57403288693754
155 2 17 9.541850352986048 59.51335422080222 567.8675199791454
156 0 100 0.0 0.0 0.0
157 1 14 1.0 27.799106543625292 27.799106543625292
158 2 28 9.541850352986048 122.22584512913716 1166.2607234894754
159 2 43 9.541850352986048 226.91812071099523 2165.21875020514
160 1 28 1.0 66.57403288693754 66.57403288693754
161 0 100 0.0 0.0 0.0
162 0 100 0.0 0.0 0.0
163 0 100 0.0 0.0 0.0
164 1 8 1.0 13.734791927877684 13.734791927877684
165 1 62 1.0 181.24749763055752 181.24749763055752
166 1 10 1.0 18.1937008646705 18.1937008646705
167 0 100 0.0 0.0 0.0
168 1 13 1.0 25.320989780782124 25.320989780782124
169 1 10 1.0 18.1937008646705 18.1937008646705
170 3 22 32.9215577265747 135.19579244279535 4450.856085295499
171 1 18 1.0 38.15436697768484 38.15436697768484
172 0 100 0.0 0.0 0.0
173 1 14 1.0 27.799106543625292 27.799106543625292
174 1 103 1.0 3.9914906122521803 3.9914906122521803
175 0 100 0.0 0.0 0.0
176 2 13 9.541850352986048 40.41888428935346 385.6709453236695
177 2 29 9.541850352986048 128.5709592386038 1226.8048527946264
178 1 12 1.0 22.891970023971037 22.891970023971037
179 2 17 9.541850352986048 59.51335422080222 567.8675199791454
180 1 102 1.0 2.3948263510722025 2.3948263510722025
181 1 6 1.0 9.55892689827884 9.55892689827884
182 1 77 1.0 238.13836913187276 238.13836913187276
183 3 29 32.9215577265747 209.61005902119368 6900.689658136957
184 1 10 1.0 18.1937008646705 18.1937008646705
185 4 57 75.61186198841948 1005.7817905983286 76049.03394118624
186 1 14 1.0 27.799106543625292 27.799106543625292
187 3 57 32.9215577265747 612.7419199112477 20172.41848785035
188 4 79 75.61186198841948 1757.505455801544 132888.25996796062
189 1 32 1.0 78.7716859795011 78.7716859795011
190 1 101 1.0 1.0 1.0
191 1 26 1.0 60.63937356224698 60.63937356224698
192 0 100 0.0 0.0 0.0
193 1 30 1.0 72.61998620345668 72.61998620345668
194 1 27 1.0 63.59241768810072 63.59241768810072
195 2 24 9.541850352986048 97.86086952638261 933.7737724338355
196 2 31 9.541850352986048 141.5519192260369 1350.6672304328126
197 2 34 9.541850352986048 161.72412498062124 1543.1473990327004
198 2 28 9.541850352986048 122.22584512913716 1166.2607234894754
199 2 29 9.541850352986048 128.5709592386038 1226.8048527946264
