0 0 100 0.0 0.0 0.0
1 1 11 1.0 20.51504931294799 20.51504931294799
2 0 100 0.0 0.0 0.0
3 1 19 1.0 40.84402933782601 40.84402933782601
4 1 101 1.0 1.0 1.0
5 4 145 75.61186198841948 671.3571728121805 50762.565895610074
6 0 100 0.0 0.0 0.0
7 0 100 0.0 0.0 0.0
8 0 100 0.0 0.0 0.0
9 0 100 0.0 0.0 0.0
10 8 125 459.67273235884244 23001.09948770076 10572978.24876898
11 0 100 0.0 0.0 0.0
12 0 100 0.0 0.0 0.0
13 3 71 32.9215577265747 868.3392862126454 28587.081937302275
14 7 104 332.66880679862265 10816.0 3598145.8143339027
15 3 29 32.9215577265747 209.61005902119368 6900.689658136957
16 0 100 0.0 0.0 0.0
17 1 10 1.0 18.1937008646705 18.1937008646705
18 0 100 0.0 0.0 0.0
19 0 100 0.0 0.0 0.0
20 0 100 0.0 0.0 0.0
21 0 100 0.0 0.0 0.0
22 1 11 1.0 20.51504931294799 20.51504931294799
23 2 122 9.541850352986048 86.31942417916456 823.6470280735138
24 1 107 1.0 11.607984241186918 11.607984241186918
25 0 100 0.0 0.0 0.0
26 1 82 1.0 257.7830502330182 257.7830502330182
27 0 19 0.0 19.0 0.0
28 0 100 0.0 0.0 0.0
29 4 78 75.61186198841948 1719.6349352173313 130024.79939211752
30 1 21 1.0 46.33316012586883 46.33316012586883
31 0 7 0.0 7.0 0.0
32 0 6 0.0 6.0 0.0
33 1 11 1.0 20.51504931294799 20.51504931294799
34 0 100 0.0 0.0 0.0
35 7 153 332.66880679862265 2809.0 934466.6782973311
36 4 103 75.61186198841948 2766.3252371383346 209167.00204558554
37 0 5 0.0 5.0 0.0
38 0 100 0.0 0.0 0.0
39 3 34 32.9215577265747 269.81820202916316 8882.83551378369
40 0 100 0.0 0.0 0.0
41 0 100 0.0 0.0 0.0
42 2 23 9.541850352986048 92.0346545141889 878.1809006631623
43 0 100 0.0 0.0 0.0
44 0 100 0.0 0.0 0.0
45 1 29 1.0 69.58346013935528 69.58346013935528
46 1 105 1.0 7.59708563275366 7.59708563275366
47 0 100 0.0 0.0 0.0
48 0 100 0.0 0.0 0.0
49 0 100 0.0 0.0 0.0
50 0 100 0.0 0.0 0.0
51 0 100 0.0 0.0 0.0
52 0 100 0.0 0.0 0.0
53 0 100 0.0 0.0 0.0
54 0 100 0.0 0.0 0.0
55 2 34 9.541850352986048 161.72412498062124 1543.1473990327004
56 0 100 0.0 0.0 0.0
57 0 100 0.0 0.0 0.0
58 2 116 9.541850352986048 54.53075711894446 520.3243240639966
59 0 100 0.0 0.0 0.0
60 0 100 0.0 0.0 0.0
61 5 79 139.6884681067044 2806.8374672292675 392082.8260217585
62 0 100 0.0 0.0 0.0
63 0 100 0.0 0.0 0.0
64 0 100 0.0 0.0 0.0
65 0 100 0.0 0.0 0.0
66 0 100 0.0 0.0 0.0
67 0 100 0.0 0.0 0.0
68 0 100 0.0 0.0 0.0
69 5 59 139.6884681067044 1651.3976308733363 230681.20529173722
70 14 195 1540.4353185285338 444335.496698253 684470092.3899076
71 0 100 0.0 0.0 0.0
72 0 100 0.0 0.0 0.0
73 0 100 0.0 0.0 0.0
74 0 100 0.0 0.0 0.0
75 0 100 0.0 0.0 0.0
76 0 100 0.0 0.0 0.0
77 0 100 0.0 0.0 0.0
78 0 100 0.0 0.0 0.0
79 0 100 0.0 0.0 0.0
80 0 100 0.0 0.0 0.0
81 0 100 0.0 0.0 0.0
82 1 105 1.0 7.59708563275366 7.59708563275366
83 0 100 0.0 0.0 0.0
84 1 11 1.0 20.51504931294799 20.51504931294799
85 0 100 0.0 0.0 0.0
86 0 100 0.0 0.0 0.0
87 0 7 0.0 7.0 0.0
88 0 6 0.0 6.0 0.0
89 0 100 0.0 0.0 0.0
90 4 59 75.61186198841948 1066.8769814059906 80668.55507669134
91 0 100 0.0 0.0 0.0
92 0 100 0.0 0.0 0.0
93 3 41 32.9215577265747 363.1907597716439 11956.805563580698
94 0 5 0.0 5.0 0.0
95 0 100 0.0 0.0 0.0
96 0 100 0.0 0.0 0.0
97 2 44 9.541850352986048 234.56808185291177 2238.2135346274663
98 0 100 0.0 0.0 0.0
99 2 124 9.541850352986048 97.86086952638261 933.7737724338355
100 0 100 0.0 0.0 0.0
101 4 148 75.61186198841948 749.6906189831174 56685.50361656424
102 5 90 139.6884681067044 3557.085524945249 496883.82790413423
103 1 12 1.0 22.891970023971037 22.891970023971037
104 0 100 0.0 0.0 0.0
105 2 21 9.541850352986048 80.71796600694597 770.1987524356932
106 6 94 225.58275470837765 5949.1894450157 1342034.543288646
107 3 108 32.9215577265747 27.137259985193985 893.4008711436294
108 2 127 9.541850352986048 115.98017876588344 1106.66550969663
109 0 100 0.0 0.0 0.0
110 0 100 0.0 0.0 0.0
111 2 125 9.541850352986048 103.79546451213633 990.4007896934788
112 0 100 0.0 0.0 0.0
113 0 100 0.0 0.0 0.0
114 1 106 1.0 9.55892689827884 9.55892689827884
115 1 103 1.0 3.9914906122521803 3.9914906122521803
116 0 100 0.0 0.0 0.0
117 0 100 0.0 0.0 0.0
118 3 44 32.9215577265747 406.27351121486885 13375.156852238497
119 0 100 0.0 0.0 0.0
120 1 37 1.0 94.5824071263594 94.5824071263594
121 3 132 32.9215577265747 245.06238675558936 8067.83551218631
122 2 108 9.541850352986048 20.066939702021244 191.47573567908114
123 7 77 332.66880679862265 5929.0 1972393.3555090337
124 0 100 0.0 0.0 0.0
125 2 107 9.541850352986048 16.551687764173284 157.9337277350917
126 3 37 32.9215577265747 308.57807572808247 10158.870933237406
127 1 102 1.0 2.3948263510722025 2.3948263510722025
128 8 236 459.67273235884244 27411.939785516835 12600521.260464584
129 4 19 75.61186198841948 153.68727113727346 11620.580734608324
130 0 100 0.0 0.0 0.0
131 1 105 1.0 7.59708563275366 7.59708563275366
132 5 173 139.6884681067044 2431.5451615879456 339658.8187544891
133 1 15 1.0 30.323695983612147 30.323695983612147
134 3 62 32.9215577265747 700.2360303580608 23052.86089566041
135 3 37 32.9215577265747 308.57807572808247 10158.870933237406
136 2 31 9.541850352986048 141.5519192260369 1350.6672304328126
137 1 103 1.0 3.9914906122521803 3.9914906122521803
138 0 100 0.0 0.0 0.0
139 3 48 32.9215577265747 466.4489382157433 15356.225645969067
140 2 56 9.541850352986048 332.1417203303481 3169.2465913755254
141 0 100 0.0 0.0 0.0
142 0 100 0.0 0.0 0.0
143 2 46 9.541850352986048 250.0988923255542 2386.406204018009
144 2 28 9.541850352986048 122.22584512913716 1166.2607234894754
145 8 270 459.67273235884244 43603.43660138131 20043310.842792507
146 7 109 332.66880679862265 11881.0 3952438.093574436
147 2 27 9.541850352986048 115.98017876588344 1106.66550969663
148 2 127 9.541850352986048 115.98017876588344 1106.66550969663
149 0 100 0.0 0.0 0.0
150 4 131 75.61186198841948 354.97079584466536 26840.002825326264
151 0 100 0.0 0.0 0.0
152 3 20 32.9215577265747 116.21344721391306 3825.92771105708
153 2 59 9.541850352986048 358.10513855020525 3416.9856426813935
154 17 246 2206.0678959513543 1845111.4590874605 4070441154.3448076
155 7 116 332.66880679862265 13456.0 4476391.464282267
156 5 87 139.6884681067044 3344.5706484424895 467197.95035557833
157 1 18 1.0 38.15436697768484 38.15436697768484
158 0 100 0.0 0.0 0.0
159 5 175 139.6884681067044 2553.9502583266267 356757.3992063684
160 11 162 942.9223974109915 114426.4995589995 107895309.29151957
161 7 74 332.66880679862265 5476.0 1821694.3860292577
162 1 28 1.0 66.57403288693754 66.57403288693754
163 9 129 604.9491004987461 35247.44879474361 21322912.44325576
164 2 22 9.541850352986048 86.31942417916456 823.6470280735138
165 6 154 225.58275470837765 2060.392896912961 464789.10546720016
166 3 42 32.9215577265747 377.3528472077043 12423.04354263576
167 3 46 32.9215577265747 435.9769523615719 14353.040404627594
168 7 71 332.66880679862265 5041.0 1676983.4550718567
169 3 58 32.9215577265747 629.8939717412368 20737.090752300537
170 3 156 32.9215577265747 595.765723501293 19613.535657762357
171 3 31 32.9215577265747 233.0178128969552 7671.309378607293
172 5 72 139.6884681067044 2371.3580183097592 331251.36891024053
173 0 100 0.0 0.0 0.0
174 3 56 32.9215577265747 595.765723501293 19613.535657762357
175 3 37 32.9215577265747 308.57807572808247 10158.870933237406
176 3 39 32.9215577265747 335.47304520277595 11044.29522335299
177 4 75 75.61186198841948 1608.0874365260645 121590.48531592006
178 6 81 225.58275470837765 4475.076918624486 1009500.1788351899
179 3 128 32.9215577265747 198.25318874016915 6526.8037975869875
180 6 136 225.58275470837765 948.6359601957963 213995.91311639463
181 7 98 332.66880679862265 9604.0 3194951.220493972
182 7 77 332.66880679862265 5929.0 1972393.3555090337
183 4 64 75.61186198841948 1226.095534977771 92707.36637535656
184 4 156 75.61186198841948 975.7969952136767 73781.82773081094
185 1 106 1.0 9.55892689827884 9.55892689827884
186 3 14 32.9215577265747 65.97278979840442 2171.9270077313495
187 11 162 942.9223974109915 114426.4995589995 107895309.29151957
188 0 100 0.0 0.0 0.0
189 7 108 332.66880679862265 11664.0 3880248.9624991347
190 6 147 225.58275470837765 13993.582501768662 3156710.888987926
191 5 73 139.6884681067044 2431.5451615879456 339658.8187544891
192 4 36 75.61186198841948 458.3949685466225 34660.09709793311
193 1 101 1.0 1.0 1.0
194 5 186 139.6884681067044 3275.042744200361 457485.7039213258
195 6 71 225.58275470837765 3478.001961782023 784577.2634199304
196 3 46 32.9215577265747 435.9769523615719 14353.040404627594
197 7 227 332.66880679862265 16129.0 5365615.184854985
198 2 32 9.541850352986048 148.1842032776824 1413.95149235211
199 2 9 9.541850352986048 23.78240930402918 226.9281906125095
