0 2 20 9.541850352986048 75.23327232919837 717.8646261306569
1 13 245 1331.5823725933528 573099.6669344421 763129414.2290248
2 0 100 0.0 0.0 0.0
3 0 100 0.0 0.0 0.0
4 1 20 1.0 43.57075425423803 43.57075425423803
5 1 100 1.0 0.0 0.0
6 0 100 0.0 0.0 0.0
7 2 30 9.541850352986048 135.01359299654277 1288.2794999919763
8 0 100 0.0 0.0 0.0
9 10 170 766.6651705632711 91300.67622451171 69997048.51020727
10 0 100 0.0 0.0 0.0
11 0 11 0.0 11.0 0.0
12 0 11 0.0 11.0 0.0
13 1 8 1.0 13.734791927877684 13.734791927877684
14 1 12 1.0 22.891970023971037 22.891970023971037
15 1 26 1.0 60.63937356224698 60.63937356224698
16 0 100 0.0 0.0 0.0
17 1 8 1.0 13.734791927877684 13.734791927877684
18 6 98 225.58275470837765 6442.856405219488 1453397.2960799276
19 0 9 0.0 9.0 0.0
20 14 286 1540.4353185285338 1142666.6965205264 1760204136.6265445
21 0 100 0.0 0.0 0.0
22 0 100 0.0 0.0 0.0
23 2 20 9.541850352986048 75.23327232919837 717.8646261306569
24 1 20 1.0 43.57075425423803 43.57075425423803
25 0 11 0.0 11.0 0.0
26 0 6 0.0 6.0 0.0
27 0 100 0.0 0.0 0.0
28 1 106 1.0 9.55892689827884 9.55892689827884
29 0 100 0.0 0.0 0.0
30 0 100 0.0 0.0 0.0
31 0 100 0.0 0.0 0.0
32 0 100 0.0 0.0 0.0
33 15 232 1756.7778603087352 913389.9123655237 1604623175.873088
34 0 9 0.0 9.0 0.0
35 2 14 9.541850352986048 44.97826169706515 429.17584225083993
36 0 100 0.0 0.0 0.0
37 0 100 0.0 0.0 0.0
38 3 31 32.9215577265747 233.0178128969552 7671.309378607293
39 16 198 1979.1134619514044 804216.397052779 1591635497.7292106
40 11 212 942.9223974109915 211826.15637676563 199735627.20513543
41 1 17 1.0 35.503281577765854 35.503281577765854
42 1 23 1.0 51.960050539976365 51.960050539976365
43 0 100 0.0 0.0 0.0
44 1 20 1.0 43.57075425423803 43.57075425423803
45 7 119 332.66880679862265 14161.0 4710922.973075296
46 27 510 4506.6139001521815 166639416.91812167 750979512596.4617
47 0 5 0.0 5.0 0.0
48 0 100 0.0 0.0 0.0
49 1 16 1.0 32.892441635375256 32.892441635375256
50 0 100 0.0 0.0 0.0
51 0 100 0.0 0.0 0.0
52 0 7 0.0 7.0 0.0
53 0 100 0.0 0.0 0.0
54 0 100 0.0 0.0 0.0
55 0 100 0.0 0.0 0.0
56 5 81 139.6884681067044 2937.2940727723303 410306.1094044695
57 0 100 0.0 0.0 0.0
58 0 11 0.0 11.0 0.0
59 0 100 0.0 0.0 0.0
60 10 223 766.6651705632711 166948.78471592552 127993818.50956586
61 0 8 0.0 8.0 0.0
62 0 100 0.0 0.0 0.0
63 0 100 0.0 0.0 0.0
64 0 7 0.0 7.0 0.0
65 0 100 0.0 0.0 0.0
66 0 100 0.0 0.0 0.0
67 1 11 1.0 20.51504931294799 20.51504931294799
68 0 100 0.0 0.0 0.0
69 0 5 0.0 5.0 0.0
70 1 100 1.0 0.0 0.0
71 0 100 0.0 0.0 0.0
72 0 100 0.0 0.0 0.0
73 0 100 0.0 0.0 0.0
74 1 101 1.0 1.0 1.0
75 0 100 0.0 0.0 0.0
76 0 100 0.0 0.0 0.0
77 0 6 0.0 6.0 0.0
78 0 6 0.0 6.0 0.0
79 2 8 9.541850352986048 20.066939702021244 191.47573567908114
80 0 100 0.0 0.0 0.0
81 0 100 0.0 0.0 0.0
82 1 100 1.0 0.0 0.0
83 0 100 0.0 0.0 0.0
84 0 5 0.0 5.0 0.0
85 0 100 0.0 0.0 0.0
86 3 64 32.9215577265747 736.4308795040106 24244.45171122346
87 2 30 9.541850352986048 135.01359299654277 1288.2794999919763
88 16 372 1979.1134619514044 4069956.2360703927 8054905176.359982
89 1 16 1.0 32.892441635375256 32.892441635375256
90 0 100 0.0 0.0 0.0
91 17 179 2206.0678959513543 801946.1252540228 1769147601.2054832
92 14 190 1540.4353185285338 416763.469765953 641997168.2999728
93 0 100 0.0 0.0 0.0
94 0 7 0.0 7.0 0.0
95 1 101 1.0 1.0 1.0
96 0 100 0.0 0.0 0.0
97 0 100 0.0 0.0 0.0
98 0 11 0.0 11.0 0.0
99 3 39 32.9215577265747 335.47304520277595 11044.29522335299
100 6 73 225.58275470837765 3667.8232800781016 827397.6793035355
101 0 100 0.0 0.0 0.0
102 6 73 225.58275470837765 3667.8232800781016 827397.6793035355
103 12 220 1131.8354418063404 321973.1842669141 364420661.264537
104 1 110 1.0 18.1937008646705 18.1937008646705
105 0 100 0.0 0.0 0.0
106 9 256 604.9491004987461 154310.58695066036 93350050.77323554
107 14 295 1540.4353185285338 1233402.6501916174 1899977004.321862
108 16 241 1979.1134619514044 1333019.7077807642 2638197248.7154374
109 0 100 0.0 0.0 0.0
110 1 38 1.0 97.81435774219185 97.81435774219185
111 1 106 1.0 9.55892689827884 9.55892689827884
112 0 100 0.0 0.0 0.0
113 1 15 1.0 30.323695983612147 30.323695983612147
114 5 81 139.6884681067044 2937.2940727723303 410306.1094044695
115 0 100 0.0 0.0 0.0
116 1 26 1.0 60.63937356224698 60.63937356224698
117 0 100 0.0 0.0 0.0
118 1 24 1.0 54.8222930413608 54.8222930413608
119 0 100 0.0 0.0 0.0
120 15 233 1756.7778603087352 923343.1145988388 1622108741.1957514
121 0 100 0.0 0.0 0.0
122 13 198 1331.5823725933528 342996.6210458748 456728254.4437691
123 3 72 32.9215577265747 887.8335628861327 29228.863892146303
124 1 18 1.0 38.15436697768484 38.15436697768484
125 0 100 0.0 0.0 0.0
126 1 14 1.0 27.799106543625292 27.799106543625292
127 20 397 2902.6872563902634 14786519.435579019 42920641532.02217
128 1 29 1.0 69.58346013935528 69.58346013935528
129 0 100 0.0 0.0 0.0
130 15 268 1756.7778603087352 1313760.7356072676 2307985774.0577655
131 1 100 1.0 0.0 0.0
132 2 123 9.541850352986048 92.0346545141889 878.1809006631623
133 13 206 1331.5823725933528 377354.19426054263 502478193.30150634
134 1 107 1.0 11.607984241186918 11.607984241186918
135 9 143 604.9491004987461 44007.90838050506 26622544.58961777
136 13 223 1331.5823725933528 456823.8815468923 608298628.0475156
137 0 100 0.0 0.0 0.0
138 2 68 9.541850352986048 439.47602925740523 4193.414504898678
139 0 100 0.0 0.0 0.0
140 12 248 1131.8354418063404 426734.047733562 482992719.4503241
141 0 100 0.0 0.0 0.0
142 0 6 0.0 6.0 0.0
143 13 265 1331.5823725933528 692416.3228329758 922009369.9802989
144 18 297 2436.3877014920204 3965586.1238892116 9661705261.451086
145 10 177 766.6651705632711 99872.9294110967 76569096.46161199
146 0 100 0.0 0.0 0.0
147 20 467 2902.6872563902634 23144237.443457883 67180483085.99557
148 2 24 9.541850352986048 97.86086952638261 933.7737724338355
149 0 100 0.0 0.0 0.0
150 7 133 332.66880679862265 17689.0 5884578.523460836
151 14 191 1540.4353185285338 422193.97589803796 650362511.7433223
152 11 184 942.9223974109915 153157.55954963647 144415693.2321599
153 16 225 1979.1134619514044 1117181.1689614262 2211028290.9301653
154 24 394 3832.71054120725 38839800.641951844 148861713338.79697
155 6 105 225.58275470837765 7351.839824949449 1658448.2798868536
156 3 56 32.9215577265747 595.765723501293 19613.535657762357
157 12 192 1131.8354418063404 233778.93808446685 264599287.67184964
158 0 100 0.0 0.0 0.0
159 9 151 604.9491004987461 49483.85481657476 29935213.46049745
160 18 325 2436.3877014920204 5043287.214034844 12287402943.36645
161 2 122 9.541850352986048 86.31942417916456 823.6470280735138
162 3 55 32.9215577265747 578.9666715492328 19060.48469917088
163 2 28 9.541850352986048 122.22584512913716 1166.2607234894754
164 2 19 9.541850352986048 69.8685662777562 666.6754038000371
165 2 72 9.541850352986048 477.2401734727425 4553.754317710011
166 6 91 225.58275470837765 5591.281626292221 1261296.7116093368
167 12 191 1131.8354418063404 230926.02514745313 261370259.6973497
168 13 270 1331.5823725933528 724323.4864494693 964496386.6114737
169 15 215 1756.7778603087352 754009.1679551424 1324626612.7334049
170 13 292 1331.5823725933528 874829.4763397519 1164907509.7190871
171 2 50 9.541850352986048 282.0582186126376 2691.3573128316116
172 12 247 1131.8354418063404 422699.119720831 478425844.9203779
173 17 243 2206.0678959513543 1786722.520734625 3941631191.9659343
174 12 273 1131.8354418063404 534852.1389097257 605364606.9439555
175 15 309 1756.7778603087352 1880624.9917681168 3303840349.081525
176 12 281 1131.8354418063404 572437.5443818787 647905100.9520003
177 16 266 1979.1134619514044 1718120.0730722018 3400354565.866125
178 13 186 1331.5823725933528 295018.3746080933 392841267.2192794
179 1 105 1.0 7.59708563275366 7.59708563275366
180 25 407 4060.496712466729 53816218.43853658 218520578047.06915
181 17 406 2206.0678959513543 6859179.276877744 15131815195.294817
182 22 270 3370.209833397988 8212495.127495545 27677831835.41855
183 17 266 2206.0678959513543 2264580.0715503925 4995817393.658542
184 17 275 2206.0678959513543 2470928.422295235 5451035865.619248
185 11 214 942.9223974109915 216429.11062204491 204075855.85726726
186 15 258 1756.7778603087352 1193715.5843725286 2097093110.1311622
187 16 342 1979.1134619514044 3278647.124343631 6488814660.77674
188 13 282 1331.5823725933528 804357.1630892344 1071067819.6388211
189 9 169 604.9491004987461 63071.970849882 38155332.03231925
190 22 348 3370.209833397988 16901034.510114647 56960032700.58713
191 13 295 1331.5823725933528 896648.9117016012 1193961885.226866
192 15 272 1756.7778603087352 1363732.5899489343 2395775221.4037786
193 18 375 2436.3877014920204 7388380.929567863 18000960430.737324
194 0 100 0.0 0.0 0.0
195 4 129 75.61186198841948 4064.972743606197 307360.15807623864
196 6 137 225.58275470837765 12229.238131186143 2758705.225617702
197 22 339 3370.209833397988 15687414.583907524 52869878891.276146
198 17 285 2206.0678959513543 2713398.252610632 5985940774.014819
199 7 71 332.66880679862265 5041.0 1676983.4550718567
