0 0 100 0.0 0.0 0.0
1 0 100 0.0 0.0 0.0
2 0 100 0.0 0.0 0.0
3 0 100 0.0 0.0 0.0
4 0 100 0.0 0.0 0.0
5 0 8 0.0 8.0 0.0
6 0 10 0.0 10.0 0.0
7 0 10 0.0 10.0 0.0
8 1 12 1.0 22.891970023971037 22.891970023971037
9 0 6 0.0 6.0 0.0
10 0 10 0.0 10.0 0.0
11 1 115 1.0 30.323695983612147 30.323695983612147
12 0 5 0.0 5.0 0.0
13 2 10 9.541850352986048 27.685321443873434 264.16919419175593
14 1 103 1.0 3.9914906122521803 3.9914906122521803
15 0 100 0.0 0.0 0.0
16 0 100 0.0 0.0 0.0
17 0 5 0.0 5.0 0.0
18 0 100 0.0 0.0 0.0
19 0 100 0.0 0.0 0.0
20 0 6 0.0 6.0 0.0
21 0 100 0.0 0.0 0.0
22 0 100 0.0 0.0 0.0
23 0 6 0.0 6.0 0.0
24 0 100 0.0 0.0 0.0
25 0 11 0.0 11.0 0.0
26 0 100 0.0 0.0 0.0
27 1 104 1.0 5.735193251789799 5.735193251789799
28 0 100 0.0 0.0 0.0
29 0 6 0.0 6.0 0.0
30 1 17 1.0 35.503281577765854 35.503281577765854
31 1 9 1.0 15.931997307697284 15.931997307697284
32 0 100 0.0 0.0 0.0
33 0 100 0.0 0.0 0.0
34 1 20 1.0 43.57075425423803 43.57075425423803
35 0 100 0.0 0.0 0.0
36 0 7 0.0 7.0 0.0
37 0 8 0.0 8.0 0.0
38 0 10 0.0 10.0 0.0
39 1 6 1.0 9.55892689827884 9.55892689827884
40 0 5 0.0 5.0 0.0
41 0 6 0.0 6.0 0.0
42 1 10 1.0 18.1937008646705 18.1937008646705
43 1 105 1.0 7.59708563275366 7.59708563275366
44 0 100 0.0 0.0 0.0
45 0 10 0.0 10.0 0.0
46 1 18 1.0 38.15436697768484 38.15436697768484
47 0 100 0.0 0.0 0.0
48 1 103 1.0 3.9914906122521803 3.9914906122521803
49 1 105 1.0 7.59708563275366 7.59708563275366
50 2 30 9.541850352986048 135.01359299654277 1288.2794999919763
51 0 100 0.0 0.0 0.0
52 3 24 32.9215577265747 155.22039240905832 5110.09710903639
53 0 5 0.0 5.0 0.0
54 0 100 0.0 0.0 0.0
55 1 10 1.0 18.1937008646705 18.1937008646705
56 1 104 1.0 5.735193251789799 5.735193251789799
57 1 103 1.0 3.9914906122521803 3.9914906122521803
58 0 100 0.0 0.0 0.0
59 0 10 0.0 10.0 0.0
60 0 10 0.0 10.0 0.0
61 1 14 1.0 27.799106543625292 27.799106543625292
62 0 100 0.0 0.0 0.0
63 1 8 1.0 13.734791927877684 13.734791927877684
64 0 100 0.0 0.0 0.0
65 0 11 0.0 11.0 0.0
66 0 100 0.0 0.0 0.0
67 0 5 0.0 5.0 0.0
68 1 5 1.0 7.59708563275366 7.59708563275366
69 0 6 0.0 6.0 0.0
70 0 5 0.0 5.0 0.0
71 1 30 1.0 72.61998620345668 72.61998620345668
72 0 6 0.0 6.0 0.0
73 0 100 0.0 0.0 0.0
74 0 10 0.0 10.0 0.0
75 0 7 0.0 7.0 0.0
76 0 5 0.0 5.0 0.0
77 1 107 1.0 11.607984241186918 11.607984241186918
78 0 10 0.0 10.0 0.0
79 0 9 0.0 9.0 0.0
80 1 17 1.0 35.503281577765854 35.503281577765854
81 0 100 0.0 0.0 0.0
82 0 6 0.0 6.0 0.0
83 0 100 0.0 0.0 0.0
84 0 100 0.0 0.0 0.0
85 0 5 0.0 5.0 0.0
86 1 13 1.0 25.320989780782124 25.320989780782124
87 0 100 0.0 0.0 0.0
88 0 100 0.0 0.0 0.0
89 0 100 0.0 0.0 0.0
90 0 100 0.0 0.0 0.0
91 1 8 1.0 13.734791927877684 13.734791927877684
92 0 100 0.0 0.0 0.0
93 0 10 0.0 10.0 0.0
94 1 22 1.0 49.12998068819353 49.12998068819353
95 0 100 0.0 0.0 0.0
96 0 8 0.0 8.0 0.0
97 0 10 0.0 10.0 0.0
98 0 14 0.0 14.0 0.0
99 0 100 0.0 0.0 0.0
100 0 6 0.0 6.0 0.0
101 0 6 0.0 6.0 0.0
102 0 6 0.0 6.0 0.0
103 1 20 1.0 43.57075425423803 43.57075425423803
104 0 100 0.0 0.0 0.0
105 0 100 0.0 0.0 0.0
106 0 16 0.0 16.0 0.0
107 0 10 0.0 10.0 0.0
108 0 10 0.0 10.0 0.0
109 0 100 0.0 0.0 0.0
110 0 9 0.0 9.0 0.0
111 0 100 0.0 0.0 0.0
112 0 100 0.0 0.0 0.0
113 1 11 1.0 20.51504931294799 20.51504931294799
114 0 12 0.0 12.0 0.0
115 0 10 0.0 10.0 0.0
116 1 103 1.0 3.9914906122521803 3.9914906122521803
117 1 10 1.0 18.1937008646705 18.1937008646705
118 1 102 1.0 2.3948263510722025 2.3948263510722025
119 0 11 0.0 11.0 0.0
120 0 8 0.0 8.0 0.0
121 3 34 32.9215577265747 269.81820202916316 8882.83551378369
122 0 5 0.0 5.0 0.0
123 0 5 0.0 5.0 0.0
124 0 10 0.0 10.0 0.0
125 0 100 0.0 0.0 0.0
126 0 6 0.0 6.0 0.0
127 0 8 0.0 8.0 0.0
128 1 12 1.0 22.891970023971037 22.891970023971037
129 0 100 0.0 0.0 0.0
130 0 100 0.0 0.0 0.0
131 3 25 32.9215577265747 165.61186212092687 5452.200479019623
132 3 29 32.9215577265747 209.61005902119368 6900.689658136957
133 0 100 0.0 0.0 0.0
134 0 100 0.0 0.0 0.0
135 1 13 1.0 25.320989780782124 25.320989780782124
136 0 10 0.0 10.0 0.0
137 0 5 0.0 5.0 0.0
138 0 100 0.0 0.0 0.0
139 0 5 0.0 5.0 0.0
140 0 100 0.0 0.0 0.0
141 1 7 1.0 11.607984241186918 11.607984241186918
142 1 105 1.0 7.59708563275366 7.59708563275366
143 1 103 1.0 3.9914906122521803 3.9914906122521803
144 0 6 0.0 6.0 0.0
145 1 7 1.0 11.607984241186918 11.607984241186918
146 1 10 1.0 18.1937008646705 18.1937008646705
147 0 10 0.0 10.0 0.0
148 1 105 1.0 7.59708563275366 7.59708563275366
149 1 14 1.0 27.799106543625292 27.799106543625292
150 2 17 9.541850352986048 59.51335422080222 567.8675199791454
151 2 28 9.541850352986048 122.22584512913716 1166.2607234894754
152 0 6 0.0 6.0 0.0
153 0 100 0.0 0.0 0.0
154 1 102 1.0 2.3948263510722025 2.3948263510722025
155 1 9 1.0 15.931997307697284 15.931997307697284
156 2 20 9.541850352986048 75.23327232919837 717.8646261306569
157 0 100 0.0 0.0 0.0
158 0 100 0.0 0.0 0.0
159 1 10 1.0 18.1937008646705 18.1937008646705
160 2 25 9.541850352986048 103.79546451213633 990.4007896934788
161 0 10 0.0 10.0 0.0
162 1 15 1.0 30.323695983612147 30.323695983612147
163 1 5 1.0 7.59708563275366 7.59708563275366
164 0 10 0.0 10.0 0.0
165 2 11 9.541850352986048 31.76494829034237 303.0963830567869
166 2 9 9.541850352986048 23.78240930402918 226.9281906125095
167 0 5 0.0 5.0 0.0
168 1 19 1.0 40.84402933782601 40.84402933782601
169 0 100 0.0 0.0 0.0
170 1 105 1.0 7.59708563275366 7.59708563275366
171 2 21 9.541850352986048 80.71796600694597 770.1987524356932
172 2 28 9.541850352986048 122.22584512913716 1166.2607234894754
173 1 107 1.0 11.607984241186918 11.607984241186918
174 0 10 0.0 10.0 0.0
175 0 5 0.0 5.0 0.0
176 2 12 9.541850352986048 36.01211998010309 343.62225974392254
177 0 100 0.0 0.0 0.0
178 2 18 9.541850352986048 64.62733255388774 616.6643359418604
179 1 105 1.0 7.59708563275366 7.59708563275366
180 3 22 32.9215577265747 135.19579244279535 4450.856085295499
181 2 31 9.541850352986048 141.5519192260369 1350.6672304328126
182 2 11 9.541850352986048 31.76494829034237 303.0963830567869
183 1 103 1.0 3.9914906122521803 3.9914906122521803
184 1 100 1.0 0.0 0.0
185 0 9 0.0 9.0 0.0
186 1 104 1.0 5.735193251789799 5.735193251789799
187 0 100 0.0 0.0 0.0
188 1 20 1.0 43.57075425423803 43.57075425423803
189 1 10 1.0 18.1937008646705 18.1937008646705
190 1 12 1.0 22.891970023971037 22.891970023971037
191 1 103 1.0 3.9914906122521803 3.9914906122521803
192 3 17 32.9215577265747 89.78750677036001 2955.9445872656233
193 1 104 1.0 5.735193251789799 5.735193251789799
194 2 22 9.541850352986048 86.31942417916456 823.6470280735138
195 1 10 1.0 18.1937008646705 18.1937008646705
196 2 27 9.541850352986048 115.98017876588344 1106.66550969663
197 1 105 1.0 7.59708563275366 7.59708563275366
198 0 100 0.0 0.0 0.0
199 4 23 75.61186198841948 213.06977413856453 16110.60235606885
