0 1 9 1.0 15.931997307697284 15.931997307697284
1 0 100 0.0 0.0 0.0
2 0 6 0.0 6.0 0.0
3 0 11 0.0 11.0 0.0
4 0 100 0.0 0.0 0.0
5 0 100 0.0 0.0 0.0
6 0 10 0.0 10.0 0.0
7 0 11 0.0 11.0 0.0
8 0 100 0.0 0.0 0.0
9 1 13 1.0 25.320989780782124 25.320989780782124
10 0 100 0.0 0.0 0.0
11 3 51 32.9215577265747 513.5688732735056 16907.48730804564
12 0 100 0.0 0.0 0.0
13 0 10 0.0 10.0 0.0
14 0 11 0.0 11.0 0.0
15 0 100 0.0 0.0 0.0
16 0 11 0.0 11.0 0.0
17 0 100 0.0 0.0 0.0
18 0 100 0.0 0.0 0.0
19 1 8 1.0 13.734791927877684 13.734791927877684
20 0 100 0.0 0.0 0.0
21 2 28 9.541850352986048 122.22584512913716 1166.2607234894754
22 1 9 1.0 15.931997307697284 15.931997307697284
23 0 100 0.0 0.0 0.0
24 0 100 0.0 0.0 0.0
25 4 24 75.61186198841948 229.15430718595061 17326.78384899598
26 0 100 0.0 0.0 0.0
27 0 100 0.0 0.0 0.0
28 0 100 0.0 0.0 0.0
29 0 100 0.0 0.0 0.0
30 3 56 32.9215577265747 595.765723501293 19613.535657762357
31 1 13 1.0 25.320989780782124 25.320989780782124
32 0 100 0.0 0.0 0.0
33 0 100 0.0 0.0 0.0
34 0 100 0.0 0.0 0.0
35 1 103 1.0 3.9914906122521803 3.9914906122521803
36 0 100 0.0 0.0 0.0
37 0 100 0.0 0.0 0.0
38 0 100 0.0 0.0 0.0
39 0 100 0.0 0.0 0.0
40 1 7 1.0 11.607984241186918 11.607984241186918
41 0 100 0.0 0.0 0.0
42 0 100 0.0 0.0 0.0
43 1 106 1.0 9.55892689827884 9.55892689827884
44 1 11 1.0 20.51504931294799 20.51504931294799
45 0 100 0.0 0.0 0.0
46 0 100 0.0 0.0 0.0
47 0 100 0.0 0.0 0.0
48 0 100 0.0 0.0 0.0
49 0 100 0.0 0.0 0.0
50 1 7 1.0 11.607984241186918 11.607984241186918
51 0 100 0.0 0.0 0.0
52 0 100 0.0 0.0 0.0
53 2 111 9.541850352986048 890.9763725272863 8501.563214701715
54 0 8 0.0 8.0 0.0
55 0 6 0.0 6.0 0.0
56 10 129 766.6651705632711 49420.76856899131 37889181.96431367
57 0 100 0.0 0.0 0.0
58 0 100 0.0 0.0 0.0
59 1 108 1.0 13.734791927877684 13.734791927877684
60 0 100 0.0 0.0 0.0
61 0 5 0.0 5.0 0.0
62 0 100 0.0 0.0 0.0
63 0 11 0.0 11.0 0.0
64 3 61 32.9215577265747 682.3928350558612 22465.435111492498
65 0 100 0.0 0.0 0.0
66 1 14 1.0 27.799106543625292 27.799106543625292
67 7 113 332.66880679862265 12769.0 4247847.994011613
68 0 100 0.0 0.0 0.0
69 1 6 1.0 9.55892689827884 9.55892689827884
70 0 100 0.0 0.0 0.0
71 0 100 0.0 0.0 0.0
72 0 100 0.0 0.0 0.0
73 0 100 0.0 0.0 0.0
74 1 12 1.0 22.891970023971037 22.891970023971037
75 0 100 0.0 0.0 0.0
76 0 100 0.0 0.0 0.0
77 1 16 1.0 32.892441635375256 32.892441635375256
78 0 100 0.0 0.0 0.0
79 0 6 0.0 6.0 0.0
80 0 100 0.0 0.0 0.0
81 0 100 0.0 0.0 0.0
82 0 100 0.0 0.0 0.0
83 1 104 1.0 5.735193251789799 5.735193251789799
84 0 100 0.0 0.0 0.0
85 0 100 0.0 0.0 0.0
86 0 100 0.0 0.0 0.0
87 0 6 0.0 6.0 0.0
88 0 10 0.0 10.0 0.0
89 0 100 0.0 0.0 0.0
90 0 100 0.0 0.0 0.0
91 0 100 0.0 0.0 0.0
92 0 100 0.0 0.0 0.0
93 3 171 32.9215577265747 868.3392862126454 28587.081937302275
94 0 100 0.0 0.0 0.0
95 0 100 0.0 0.0 0.0
96 0 100 0.0 0.0 0.0
97 0 100 0.0 0.0 0.0
98 3 54 32.9215577265747 562.3460860297637 18513.309133542207
99 0 100 0.0 0.0 0.0
100 6 126 225.58275470837765 10419.918236435944 2350553.8596112807
101 8 152 459.67273235884244 34547.573678850335 15880577.58932556
102 1 30 1.0 72.61998620345668 72.61998620345668
103 1 20 1.0 43.57075425423803 43.57075425423803
104 0 100 0.0 0.0 0.0
105 0 100 0.0 0.0 0.0
106 2 112 9.541850352986048 36.01211998010309 343.62225974392254
107 1 28 1.0 66.57403288693754 66.57403288693754
108 2 23 9.541850352986048 92.0346545141889 878.1809006631623
109 1 47 1.0 127.85310766976465 127.85310766976465
110 0 100 0.0 0.0 0.0
111 1 107 1.0 11.607984241186918 11.607984241186918
112 4 53 75.61186198841948 888.1171619831025 67152.19228141312
113 2 29 9.541850352986048 128.5709592386038 1226.8048527946264
114 2 16 9.541850352986048 54.53075711894446 520.3243240639966
115 0 100 0.0 0.0 0.0
116 2 158 9.541850352986048 349.384203814786 3333.771788497865
117 7 137 332.66880679862265 18769.0 6243860.834803348
118 3 114 32.9215577265747 65.97278979840442 2171.9270077313495
119 0 100 0.0 0.0 0.0
120 4 38 75.61186198841948 502.796158813779 38017.3537685349
121 1 14 1.0 27.799106543625292 27.799106543625292
122 1 20 1.0 43.57075425423803 43.57075425423803
123 4 125 75.61186198841948 245.72185754407212 18579.487180160453
124 0 100 0.0 0.0 0.0
125 0 100 0.0 0.0 0.0
126 1 20 1.0 43.57075425423803 43.57075425423803
127 4 87 75.61186198841948 2072.675291085697 156718.8380563789
128 8 155 459.67273235884244 35981.02511980672 16539496.129893702
129 1 13 1.0 25.320989780782124 25.320989780782124
130 1 18 1.0 38.15436697768484 38.15436697768484
131 1 112 1.0 22.891970023971037 22.891970023971037
132 0 100 0.0 0.0 0.0
133 7 155 332.66880679862265 24025.0 7992368.083336909
134 0 100 0.0 0.0 0.0
135 0 100 0.0 0.0 0.0
136 0 10 0.0 10.0 0.0
137 0 100 0.0 0.0 0.0
138 4 94 75.61186198841948 2365.92606792603 178892.07532282695
139 3 116 32.9215577265747 81.54950460903234 2684.7367235598276
140 1 20 1.0 43.57075425423803 43.57075425423803
141 1 105 1.0 7.59708563275366 7.59708563275366
142 1 14 1.0 27.799106543625292 27.799106543625292
143 0 100 0.0 0.0 0.0
144 0 100 0.0 0.0 0.0
145 4 112 75.61186198841948 3192.372259230475 241381.21068059356
146 0 100 0.0 0.0 0.0
147 0 100 0.0 0.0 0.0
148 2 42 9.541850352986048 219.34644070399202 2092.9709126576195
149 0 100 0.0 0.0 0.0
150 7 109 332.66880679862265 11881.0 3952438.093574436
151 2 190 9.541850352986048 658.4236462918141 6282.579901783906
152 0 100 0.0 0.0 0.0
153 2 13 9.541850352986048 40.41888428935346 385.6709453236695
154 0 100 0.0 0.0 0.0
155 3 150 32.9215577265747 497.6760852315066 16384.27196908475
156 0 100 0.0 0.0 0.0
157 0 100 0.0 0.0 0.0
158 2 55 9.541850352986048 323.62148105306557 3087.947743220061
159 2 49 9.541850352986048 273.9583678426836 2614.069748903192
160 0 100 0.0 0.0 0.0
161 1 46 1.0 124.43529823617882 124.43529823617882
162 2 120 9.541850352986048 997.007117524491 9513.292716280666
163 0 100 0.0 0.0 0.0
164 0 100 0.0 0.0 0.0
165 7 141 332.66880679862265 19881.0 6613788.547963417
166 2 66 9.541850352986048 420.9557626935435 4016.6968928488986
167 0 100 0.0 0.0 0.0
168 0 100 0.0 0.0 0.0
169 1 23 1.0 51.960050539976365 51.960050539976365
170 0 100 0.0 0.0 0.0
171 1 13 1.0 25.320989780782124 25.320989780782124
172 7 100 332.66880679862265 10000.0 3326688.0679862266
173 2 123 9.541850352986048 92.0346545141889 878.1809006631623
174 8 89 459.67273235884244 11347.35436611675 5216069.386516927
175 0 100 0.0 0.0 0.0
176 0 100 0.0 0.0 0.0
177 9 158 604.9491004987461 54558.58518037661 33005167.029353052
178 1 22 1.0 49.12998068819353 49.12998068819353
179 2 36 9.541850352986048 175.6210676402407 1675.7499462548174
180 6 138 225.58275470837765 12400.563818178562 2797353.3460417576
181 0 100 0.0 0.0 0.0
182 7 187 332.66880679862265 34969.0 11633095.504941035
183 5 162 139.6884681067044 10350.354701349646 1445825.192592558
184 6 64 225.58275470837765 2851.6616420490063 643285.6887096304
185 1 11 1.0 20.51504931294799 20.51504931294799
186 3 154 32.9215577265747 562.3460860297637 18513.309133542207
187 3 36 32.9215577265747 295.444715883087 9726.500268956508
188 3 112 32.9215577265747 1790.3207487078541 58940.14787767005
189 2 39 9.541850352986048 197.11162840858907 1880.8096611081503
190 4 121 75.61186198841948 182.37411197845725 13789.646185175669
191 6 239 225.58275470837765 12573.026663212622 2836257.9897093847
192 2 52 9.541850352986048 298.47302352672085 2847.984924895254
193 1 107 1.0 11.607984241186918 11.607984241186918
194 3 36 32.9215577265747 295.444715883087 9726.500268956508
195 3 26 32.9215577265747 176.25042831919396 5802.438650243859
196 3 23 32.9215577265747 145.08021796711313 4776.266770788355
197 3 47 32.9215577265747 451.11773253603667 14851.498473166615
198 0 100 0.0 0.0 0.0
199 5 21 139.6884681067044 252.7155168963687 35301.44342204771
