0 1 11 1.0 20.51504931294799 20.51504931294799
1 0 100 0.0 0.0 0.0
2 0 100 0.0 0.0 0.0
3 0 100 0.0 0.0 0.0
4 0 100 0.0 0.0 0.0
5 0 100 0.0 0.0 0.0
6 0 100 0.0 0.0 0.0
7 1 52 1.0 145.22076971938012 145.22076971938012
8 0 100 0.0 0.0 0.0
9 0 100 0.0 0.0 0.0
10 1 103 1.0 3.9914906122521803 3.9914906122521803
11 0 100 0.0 0.0 0.0
12 0 100 0.0 0.0 0.0
13 0 100 0.0 0.0 0.0
14 0 100 0.0 0.0 0.0
15 0 100 0.0 0.0 0.0
16 1 105 1.0 7.59708563275366 7.59708563275366
17 1 106 1.0 9.55892689827884 9.55892689827884
18 0 100 0.0 0.0 0.0
19 0 100 0.0 0.0 0.0
20 0 5 0.0 5.0 0.0
21 0 100 0.0 0.0 0.0
22 5 105 139.6884681067044 4707.005408790302 657514.3749238892
23 0 100 0.0 0.0 0.0
24 1 20 1.0 43.57075425423803 43.57075425423803
25 0 100 0.0 0.0 0.0
26 3 111 32.9215577265747 1765.0127547688267 58106.969294262555
27 4 75 75.61186198841948 1608.0874365260645 121590.48531592006
28 3 43 32.9215577265747 391.71440685113555 12895.848457480626
29 0 100 0.0 0.0 0.0
30 0 100 0.0 0.0 0.0
31 0 100 0.0 0.0 0.0
32 0 100 0.0 0.0 0.0
33 0 100 0.0 0.0 0.0
34 1 16 1.0 32.892441635375256 32.892441635375256
35 1 103 1.0 3.9914906122521803 3.9914906122521803
36 0 100 0.0 0.0 0.0
37 0 100 0.0 0.0 0.0
38 1 16 1.0 32.892441635375256 32.892441635375256
39 1 101 1.0 1.0 1.0
40 0 11 0.0 11.0 0.0
41 0 100 0.0 0.0 0.0
42 0 100 0.0 0.0 0.0
43 1 18 1.0 38.15436697768484 38.15436697768484
44 1 8 1.0 13.734791927877684 13.734791927877684
45 2 20 9.541850352986048 75.23327232919837 717.8646261306569
46 4 47 75.61186198841948 723.181183304868 54681.07582466957
47 0 100 0.0 0.0 0.0
48 0 11 0.0 11.0 0.0
49 0 100 0.0 0.0 0.0
50 1 10 1.0 18.1937008646705 18.1937008646705
51 0 100 0.0 0.0 0.0
52 0 100 0.0 0.0 0.0
53 3 53 32.9215577265747 545.90532331836 17972.053614869816
54 0 100 0.0 0.0 0.0
55 3 14 32.9215577265747 65.97278979840442 2171.9270077313495
56 0 100 0.0 0.0 0.0
57 1 10 1.0 18.1937008646705 18.1937008646705
58 0 100 0.0 0.0 0.0
59 3 100 32.9215577265747 1495.5540179272011 49235.96793440108
60 0 100 0.0 0.0 0.0
61 1 24 1.0 54.8222930413608 54.8222930413608
62 0 100 0.0 0.0 0.0
63 0 6 0.0 6.0 0.0
64 2 18 9.541850352986048 64.62733255388774 616.6643359418604
65 0 100 0.0 0.0 0.0
66 0 100 0.0 0.0 0.0
67 2 14 9.541850352986048 44.97826169706515 429.17584225083993
68 0 100 0.0 0.0 0.0
69 2 47 9.541850352986048 257.9778488812911 2461.586028410529
70 0 100 0.0 0.0 0.0
71 0 100 0.0 0.0 0.0
72 2 22 9.541850352986048 86.31942417916456 823.6470280735138
73 2 28 9.541850352986048 122.22584512913716 1166.2607234894754
74 0 100 0.0 0.0 0.0
75 2 19 9.541850352986048 69.8685662777562 666.6754038000371
76 2 10 9.541850352986048 27.685321443873434 264.16919419175593
77 3 50 32.9215577265747 497.6760852315066 16384.27196908475
78 0 100 0.0 0.0 0.0
79 0 100 0.0 0.0 0.0
80 0 100 0.0 0.0 0.0
81 1 15 1.0 30.323695983612147 30.323695983612147
82 0 100 0.0 0.0 0.0
83 2 17 9.541850352986048 59.51335422080222 567.8675199791454
84 0 100 0.0 0.0 0.0
85 0 100 0.0 0.0 0.0
86 2 46 9.541850352986048 250.0988923255542 2386.406204018009
87 0 100 0.0 0.0 0.0
88 0 100 0.0 0.0 0.0
89 1 36 1.0 91.37308344663872 91.37308344663872
90 1 11 1.0 20.51504931294799 20.51504931294799
91 3 53 32.9215577265747 545.90532331836 17972.053614869816
92 0 100 0.0 0.0 0.0
93 0 100 0.0 0.0 0.0
94 0 100 0.0 0.0 0.0
95 2 39 9.541850352986048 197.11162840858907 1880.8096611081503
96 3 30 32.9215577265747 221.1993434691573 7282.2269551002855
97 0 100 0.0 0.0 0.0
98 0 100 0.0 0.0 0.0
99 0 100 0.0 0.0 0.0
100 0 100 0.0 0.0 0.0
101 0 100 0.0 0.0 0.0
102 0 100 0.0 0.0 0.0
103 0 100 0.0 0.0 0.0
104 0 100 0.0 0.0 0.0
105 2 58 9.541850352986048 349.384203814786 3333.771788497865
106 0 100 0.0 0.0 0.0
107 4 51 75.61186198841948 831.5797944458234 62877.296649995835
108 0 9 0.0 9.0 0.0
109 2 17 9.541850352986048 59.51335422080222 567.8675199791454
110 0 100 0.0 0.0 0.0
111 1 17 1.0 35.503281577765854 35.503281577765854
112 0 100 0.0 0.0 0.0
113 0 100 0.0 0.0 0.0
114 0 100 0.0 0.0 0.0
115 0 11 0.0 11.0 0.0
116 2 23 9.541850352986048 92.0346545141889 878.1809006631623
117 0 11 0.0 11.0 0.0
118 1 24 1.0 54.8222930413608 54.8222930413608
119 4 62 75.61186198841948 1161.3060165688764 87808.51025112707
120 1 18 1.0 38.15436697768484 38.15436697768484
121 2 20 9.541850352986048 75.23327232919837 717.8646261306569
122 1 12 1.0 22.891970023971037 22.891970023971037
123 5 98 139.6884681067044 4152.387807071904 580040.6917548318
124 3 157 32.9215577265747 612.7419199112477 20172.41848785035
125 3 34 32.9215577265747 269.81820202916316 8882.83551378369
126 0 100 0.0 0.0 0.0
127 2 34 9.541850352986048 161.72412498062124 1543.1473990327004
128 2 57 9.541850352986048 340.72951581223015 3251.1900507256933
129 2 38 9.541850352986048 189.8638195218893 1811.6521533242187
130 1 17 1.0 35.503281577765854 35.503281577765854
131 1 23 1.0 51.960050539976365 51.960050539976365
132 2 38 9.541850352986048 189.8638195218893 1811.6521533242187
133 2 60 9.541850352986048 366.8916913478798 3500.825614595415
134 0 100 0.0 0.0 0.0
135 0 11 0.0 11.0 0.0
136 3 137 32.9215577265747 2465.0882753166047 81154.54595693806
137 3 55 32.9215577265747 578.9666715492328 19060.48469917088
138 4 61 75.61186198841948 1129.4605717070829 85400.6168692773
139 3 50 32.9215577265747 497.6760852315066 16384.27196908475
140 1 31 1.0 75.68293941204132 75.68293941204132
141 0 100 0.0 0.0 0.0
142 6 58 225.58275470837765 2362.1985438616953 532871.2546924397
143 1 20 1.0 43.57075425423803 43.57075425423803
144 3 76 32.9215577265747 967.3986454236635 31848.270349925308
145 4 56 75.61186198841948 975.7969952136767 73781.82773081094
146 3 71 32.9215577265747 868.3392862126454 28587.081937302275
147 0 100 0.0 0.0 0.0
148 2 28 9.541850352986048 122.22584512913716 1166.2607234894754
149 0 100 0.0 0.0 0.0
150 2 27 9.541850352986048 115.98017876588344 1106.66550969663
151 6 152 225.58275470837765 14918.20721744959 3365290.27942268
152 0 100 0.0 0.0 0.0
153 6 67 225.58275470837765 3112.8302065571443 702200.8129346088
154 2 16 9.541850352986048 54.53075711894446 520.3243240639966
155 0 100 0.0 0.0 0.0
156 0 100 0.0 0.0 0.0
157 2 55 9.541850352986048 323.62148105306557 3087.947743220061
158 0 100 0.0 0.0 0.0
159 4 67 75.61186198841948 1326.001420918201 100261.43643491513
160 1 17 1.0 35.503281577765854 35.503281577765854
161 0 100 0.0 0.0 0.0
162 0 100 0.0 0.0 0.0
163 3 68 32.9215577265747 810.8239638778247 26693.587932893923
164 1 107 1.0 11.607984241186918 11.607984241186918
165 3 21 32.9215577265747 125.57185196799401 4134.020973397207
166 1 9 1.0 15.931997307697284 15.931997307697284
167 0 100 0.0 0.0 0.0
168 2 13 9.541850352986048 40.41888428935346 385.6709453236695
169 3 81 32.9215577265747 1070.3630949288454 35238.02041809513
170 0 100 0.0 0.0 0.0
171 5 91 139.6884681067044 3629.2296992039956 506961.5370891617
172 4 62 75.61186198841948 1161.3060165688764 87808.51025112707
173 4 84 75.61186198841948 1951.9617083430758 147591.45929791615
174 0 100 0.0 0.0 0.0
175 3 69 32.9215577265747 829.8335342600375 27319.412601589327
176 5 43 139.6884681067044 929.4139107485241 129828.40542952261
177 1 19 1.0 40.84402933782601 40.84402933782601
178 0 100 0.0 0.0 0.0
179 1 105 1.0 7.59708563275366 7.59708563275366
180 2 19 9.541850352986048 69.8685662777562 666.6754038000371
181 1 17 1.0 35.503281577765854 35.503281577765854
182 3 47 32.9215577265747 451.11773253603667 14851.498473166615
183 1 17 1.0 35.503281577765854 35.503281577765854
184 1 13 1.0 25.320989780782124 25.320989780782124
185 1 17 1.0 35.503281577765854 35.503281577765854
186 6 53 225.58275470837765 1988.0215081420156 448463.36822617933
187 0 100 0.0 0.0 0.0
188 2 39 9.541850352986048 197.11162840858907 1880.8096611081503
189 3 34 32.9215577265747 269.81820202916316 8882.83551378369
190 2 61 9.541850352986048 375.74324992186104 3585.2858618990344
191 2 18 9.541850352986048 64.62733255388774 616.6643359418604
192 0 100 0.0 0.0 0.0
193 4 89 75.61186198841948 2154.8151586700715 162929.58638791565
194 3 30 32.9215577265747 221.1993434691573 7282.2269551002855
195 4 76 75.61186198841948 1644.92462809159 124375.81396061354
196 1 17 1.0 35.503281577765854 35.503281577765854
197 4 52 75.61186198841948 859.6554919481086 65000.15241476724
198 2 49 9.541850352986048 273.9583678426836 2614.069748903192
199 4 92 75.61186198841948 2280.4993308091553 172432.80066582482
