0 0 100 0.0 0.0 0.0
1 5 144 139.6884681067044 8356.125061128 1167254.3090970118
2 0 6 0.0 6.0 0.0
3 0 100 0.0 0.0 0.0
4 0 100 0.0 0.0 0.0
5 0 100 0.0 0.0 0.0
6 0 100 0.0 0.0 0.0
7 0 100 0.0 0.0 0.0
8 1 9 1.0 15.931997307697284 15.931997307697284
9 0 100 0.0 0.0 0.0
10 0 100 0.0 0.0 0.0
11 0 7 0.0 7.0 0.0
12 3 141 32.9215577265747 363.1907597716439 11956.805563580698
13 1 11 1.0 20.51504931294799 20.51504931294799
14 0 100 0.0 0.0 0.0
15 1 16 1.0 32.892441635375256 32.892441635375256
16 0 100 0.0 0.0 0.0
17 0 100 0.0 0.0 0.0
18 0 100 0.0 0.0 0.0
19 2 35 9.541850352986048 168.62869283493262 1609.0297522505775
20 0 100 0.0 0.0 0.0
21 1 14 1.0 27.799106543625292 27.799106543625292
22 0 100 0.0 0.0 0.0
23 1 105 1.0 7.59708563275366 7.59708563275366
24 0 100 0.0 0.0 0.0
25 2 37 9.541850352986048 182.69988024795316 1743.2949168344405
26 1 10 1.0 18.1937008646705 18.1937008646705
27 0 100 0.0 0.0 0.0
28 0 100 0.0 0.0 0.0
29 0 100 0.0 0.0 0.0
30 1 102 1.0 2.3948263510722025 2.3948263510722025
31 1 104 1.0 5.735193251789799 5.735193251789799
32 0 100 0.0 0.0 0.0
33 0 6 0.0 6.0 0.0
34 0 100 0.0 0.0 0.0
35 0 100 0.0 0.0 0.0
36 0 15 0.0 15.0 0.0
37 0 100 0.0 0.0 0.0
38 0 100 0.0 0.0 0.0
39 0 5 0.0 5.0 0.0
40 0 100 0.0 0.0 0.0
41 0 5 0.0 5.0 0.0
42 5 71 139.6884681067044 2311.8500842163953 322938.7967565438
43 0 100 0.0 0.0 0.0
44 0 100 0.0 0.0 0.0
45 0 100 0.0 0.0 0.0
46 2 11 9.541850352986048 31.76494829034237 303.0963830567869
47 0 100 0.0 0.0 0.0
48 0 100 0.0 0.0 0.0
49 0 10 0.0 10.0 0.0
50 0 100 0.0 0.0 0.0
51 0 100 0.0 0.0 0.0
52 0 100 0.0 0.0 0.0
53 3 19 32.9215577265747 107.12598084817145 3526.754162509012
54 0 100 0.0 0.0 0.0
55 1 34 1.0 85.02419427196995 85.02419427196995
56 0 100 0.0 0.0 0.0
57 1 15 1.0 30.323695983612147 30.323695983612147
58 0 100 0.0 0.0 0.0
59 0 100 0.0 0.0 0.0
60 0 5 0.0 5.0 0.0
61 1 104 1.0 5.735193251789799 5.735193251789799
62 3 21 32.9215577265747 125.57185196799401 4134.020973397207
63 0 5 0.0 5.0 0.0
64 0 100 0.0 0.0 0.0
65 0 100 0.0 0.0 0.0
66 0 100 0.0 0.0 0.0
67 1 17 1.0 35.503281577765854 35.503281577765854
68 0 100 0.0 0.0 0.0
69 1 11 1.0 20.51504931294799 20.51504931294799
70 0 6 0.0 6.0 0.0
71 0 10 0.0 10.0 0.0
72 0 100 0.0 0.0 0.0
73 0 100 0.0 0.0 0.0
74 0 100 0.0 0.0 0.0
75 0 100 0.0 0.0 0.0
76 0 100 0.0 0.0 0.0
77 0 100 0.0 0.0 0.0
78 1 18 1.0 38.15436697768484 38.15436697768484
79 0 100 0.0 0.0 0.0
80 0 11 0.0 11.0 0.0
81 0 100 0.0 0.0 0.0
82 2 17 9.541850352986048 59.51335422080222 567.8675199791454
83 1 21 1.0 46.33316012586883 46.33316012586883
84 0 100 0.0 0.0 0.0
85 1 16 1.0 32.892441635375256 32.892441635375256
86 0 100 0.0 0.0 0.0
87 0 100 0.0 0.0 0.0
88 0 10 0.0 10.0 0.0
89 0 100 0.0 0.0 0.0
90 0 100 0.0 0.0 0.0
91 0 100 0.0 0.0 0.0
92 2 21 9.541850352986048 80.71796600694597 770.1987524356932
93 0 100 0.0 0.0 0.0
94 0 100 0.0 0.0 0.0
95 0 100 0.0 0.0 0.0
96 0 6 0.0 6.0 0.0
97 1 13 1.0 25.320989780782124 25.320989780782124
98 0 100 0.0 0.0 0.0
99 0 100 0.0 0.0 0.0
100 0 100 0.0 0.0 0.0
101 0 100 0.0 0.0 0.0
102 0 100 0.0 0.0 0.0
103 0 100 0.0 0.0 0.0
104 0 100 0.0 0.0 0.0
105 0 100 0.0 0.0 0.0
106 1 19 1.0 40.84402933782601 40.84402933782601
107 1 9 1.0 15.931997307697284 15.931997307697284
108 1 9 1.0 15.931997307697284 15.931997307697284
109 1 26 1.0 60.63937356224698 60.63937356224698
110 1 9 1.0 15.931997307697284 15.931997307697284
111 0 100 0.0 0.0 0.0
112 2 44 9.541850352986048 234.56808185291177 2238.2135346274663
113 0 100 0.0 0.0 0.0
114 0 100 0.0 0.0 0.0
115 2 54 9.541850352986048 315.16948038953416 3007.300017705306
116 0 100 0.0 0.0 0.0
117 0 100 0.0 0.0 0.0
118 0 100 0.0 0.0 0.0
119 0 100 0.0 0.0 0.0
120 1 9 1.0 15.931997307697284 15.931997307697284
121 0 100 0.0 0.0 0.0
122 2 10 9.541850352986048 27.685321443873434 264.16919419175593
123 2 37 9.541850352986048 182.69988024795316 1743.2949168344405
124 2 22 9.541850352986048 86.31942417916456 823.6470280735138
125 0 5 0.0 5.0 0.0
126 1 19 1.0 40.84402933782601 40.84402933782601
127 2 28 9.541850352986048 122.22584512913716 1166.2607234894754
128 4 22 75.61186198841948 197.47425973648444 14931.396473460363
129 1 22 1.0 49.12998068819353 49.12998068819353
130 0 6 0.0 6.0 0.0
131 1 28 1.0 66.57403288693754 66.57403288693754
132 1 28 1.0 66.57403288693754 66.57403288693754
133 0 100 0.0 0.0 0.0
134 0 100 0.0 0.0 0.0
135 0 100 0.0 0.0 0.0
136 0 6 0.0 6.0 0.0
137 0 100 0.0 0.0 0.0
138 0 100 0.0 0.0 0.0
139 1 7 1.0 11.607984241186918 11.607984241186918
140 1 103 1.0 3.9914906122521803 3.9914906122521803
141 0 100 0.0 0.0 0.0
142 0 100 0.0 0.0 0.0
143 1 20 1.0 43.57075425423803 43.57075425423803
144 2 24 9.541850352986048 97.86086952638261 933.7737724338355
145 0 100 0.0 0.0 0.0
146 0 100 0.0 0.0 0.0
147 3 31 32.9215577265747 233.0178128969552 7671.309378607293
148 1 109 1.0 15.931997307697284 15.931997307697284
149 0 9 0.0 9.0 0.0
150 1 18 1.0 38.15436697768484 38.15436697768484
151 4 45 75.61186198841948 671.3571728121805 50762.565895610074
152 4 16 75.61186198841948 114.55556911622634 8661.759882020955
153 4 109 75.61186198841948 3047.546245398672 230430.64611041034
154 3 30 32.9215577265747 221.1993434691573 7282.2269551002855
155 1 101 1.0 1.0 1.0
156 2 9 9.541850352986048 23.78240930402918 226.9281906125095
157 0 100 0.0 0.0 0.0
158 0 6 0.0 6.0 0.0
159 1 107 1.0 11.607984241186918 11.607984241186918
160 1 20 1.0 43.57075425423803 43.57075425423803
161 0 100 0.0 0.0 0.0
162 1 16 1.0 32.892441635375256 32.892441635375256
163 2 78 9.541850352986048 535.6395391463575 5110.992325676955
164 1 11 1.0 20.51504931294799 20.51504931294799
165 0 100 0.0 0.0 0.0
166 1 102 1.0 2.3948263510722025 2.3948263510722025
167 2 25 9.541850352986048 103.79546451213633 990.4007896934788
168 2 34 9.541850352986048 161.72412498062124 1543.1473990327004
169 2 22 9.541850352986048 86.31942417916456 823.6470280735138
170 3 74 32.9215577265747 927.3002957027797 30528.17021484885
171 4 49 75.61186198841948 776.5950928818146 58719.80098386357
172 1 34 1.0 85.02419427196995 85.02419427196995
173 1 113 1.0 25.320989780782124 25.320989780782124
174 2 20 9.541850352986048 75.23327232919837 717.8646261306569
175 0 100 0.0 0.0 0.0
176 1 103 1.0 3.9914906122521803 3.9914906122521803
177 3 15 32.9215577265747 73.60859052492496 2423.3094621381165
178 1 7 1.0 11.607984241186918 11.607984241186918
179 4 31 75.61186198841948 354.97079584466536 26840.002825326264
180 0 100 0.0 0.0 0.0
181 0 100 0.0 0.0 0.0
182 0 100 0.0 0.0 0.0
183 3 62 32.9215577265747 700.2360303580608 23052.86089566041
184 0 100 0.0 0.0 0.0
185 0 100 0.0 0.0 0.0
186 2 29 9.541850352986048 128.5709592386038 1226.8048527946264
187 2 50 9.541850352986048 282.0582186126376 2691.3573128316116
188 2 41 9.541850352986048 211.85407612585806 2021.4798910630518
189 1 8 1.0 13.734791927877684 13.734791927877684
190 0 100 0.0 0.0 0.0
191 0 100 0.0 0.0 0.0
192 1 26 1.0 60.63937356224698 60.63937356224698
193 3 49 32.9215577265747 481.96892224029307 15867.1676959488
194 1 42 1.0 110.9598727978785 110.9598727978785
195 6 44 225.58275470837765 1392.5534457950612 314136.0423810934
196 2 13 9.541850352986048 40.41888428935346 385.6709453236695
197 1 13 1.0 25.320989780782124 25.320989780782124
198 1 10 1.0 18.1937008646705 18.1937008646705
199 2 28 9.541850352986048 122.22584512913716 1166.2607234894754
