0 0 100 0.0 0.0 0.0
1 2 47 9.541850352986048 257.9778488812911 2461.586028410529
2 3 84 32.9215577265747 1133.9736498594843 37332.17897426362
3 2 64 9.541850352986048 402.6820690045564 3842.3320422722786
4 1 16 1.0 32.892441635375256 32.892441635375256
5 5 51 139.6884681067044 1267.2460047423704 177019.65311680315
6 0 100 0.0 0.0 0.0
7 5 63 139.6884681067044 1860.4532693243248 259883.86717602485
8 0 100 0.0 0.0 0.0
9 0 9 0.0 9.0 0.0
10 2 95 9.541850352986048 711.8213664694125 6792.092956909175
11 0 100 0.0 0.0 0.0
12 2 29 9.541850352986048 128.5709592386038 1226.8048527946264
13 0 100 0.0 0.0 0.0
14 0 100 0.0 0.0 0.0
15 2 31 9.541850352986048 141.5519192260369 1350.6672304328126
16 0 100 0.0 0.0 0.0
17 0 100 0.0 0.0 0.0
18 0 100 0.0 0.0 0.0
19 0 100 0.0 0.0 0.0
20 0 100 0.0 0.0 0.0
21 1 9 1.0 15.931997307697284 15.931997307697284
22 0 100 0.0 0.0 0.0
23 1 9 1.0 15.931997307697284 15.931997307697284
24 1 106 1.0 9.55892689827884 9.55892689827884
25 0 100 0.0 0.0 0.0
26 0 100 0.0 0.0 0.0
27 0 100 0.0 0.0 0.0
28 3 53 32.9215577265747 545.90532331836 17972.053614869816
29 0 6 0.0 6.0 0.0
30 2 18 9.541850352986048 64.62733255388774 616.6643359418604
31 0 100 0.0 0.0 0.0
32 0 100 0.0 0.0 0.0
33 0 11 0.0 11.0 0.0
34 3 115 32.9215577265747 1867.0412771001074 61465.90718194893
35 0 5 0.0 5.0 0.0
36 0 100 0.0 0.0 0.0
37 1 11 1.0 20.51504931294799 20.51504931294799
38 2 28 9.541850352986048 122.22584512913716 1166.2607234894754
39 0 100 0.0 0.0 0.0
40 0 100 0.0 0.0 0.0
41 0 6 0.0 6.0 0.0
42 2 22 9.541850352986048 86.31942417916456 823.6470280735138
43 0 100 0.0 0.0 0.0
44 0 100 0.0 0.0 0.0
45 2 39 9.541850352986048 197.11162840858907 1880.8096611081503
46 0 100 0.0 0.0 0.0
47 0 5 0.0 5.0 0.0
48 2 70 9.541850352986048 458.2387961897642 4372.446019175203
49 4 34 75.61186198841948 415.7115691523703 31432.725793738326
50 0 100 0.0 0.0 0.0
51 0 100 0.0 0.0 0.0
52 0 100 0.0 0.0 0.0
53 2 29 9.541850352986048 128.5709592386038 1226.8048527946264
54 0 100 0.0 0.0 0.0
55 0 100 0.0 0.0 0.0
56 7 158 332.66880679862265 24964.0 8304744.092920816
57 0 100 0.0 0.0 0.0
58 1 106 1.0 9.55892689827884 9.55892689827884
59 1 18 1.0 38.15436697768484 38.15436697768484
60 0 100 0.0 0.0 0.0
61 3 104 32.9215577265747 1591.6253392627782 52398.78548561859
62 0 10 0.0 10.0 0.0
63 0 100 0.0 0.0 0.0
64 4 139 75.61186198841948 525.6324972119714 39744.05183581987
65 0 100 0.0 0.0 0.0
66 5 59 139.6884681067044 1651.3976308733363 230681.20529173722
67 0 100 0.0 0.0 0.0
68 3 143 32.9215577265747 391.71440685113555 12895.848457480626
69 0 100 0.0 0.0 0.0
70 0 100 0.0 0.0 0.0
71 0 100 0.0 0.0 0.0
72 1 16 1.0 32.892441635375256 32.892441635375256
73 0 100 0.0 0.0 0.0
74 2 20 9.541850352986048 75.23327232919837 717.8646261306569
75 0 100 0.0 0.0 0.0
76 0 100 0.0 0.0 0.0
77 1 11 1.0 20.51504931294799 20.51504931294799
78 0 100 0.0 0.0 0.0
79 5 90 139.6884681067044 3557.085524945249 496883.82790413423
80 2 20 9.541850352986048 75.23327232919837 717.8646261306569
81 5 160 139.6884681067044 1702.6102917613564 237835.0234388529
82 0 10 0.0 10.0 0.0
83 0 100 0.0 0.0 0.0
84 1 11 1.0 20.51504931294799 20.51504931294799
85 0 100 0.0 0.0 0.0
86 7 164 332.66880679862265 26896.0 8947460.227655755
87 2 25 9.541850352986048 103.79546451213633 990.4007896934788
88 0 100 0.0 0.0 0.0
89 0 100 0.0 0.0 0.0
90 0 11 0.0 11.0 0.0
91 0 100 0.0 0.0 0.0
92 0 6 0.0 6.0 0.0
93 0 100 0.0 0.0 0.0
94 3 150 32.9215577265747 497.6760852315066 16384.27196908475
95 2 108 9.541850352986048 20.066939702021244 191.47573567908114
96 1 103 1.0 3.9914906122521803 3.9914906122521803
97 0 11 0.0 11.0 0.0
98 0 100 0.0 0.0 0.0
99 0 100 0.0 0.0 0.0
100 0 100 0.0 0.0 0.0
101 0 100 0.0 0.0 0.0
102 3 81 32.9215577265747 1070.3630949288454 35238.02041809513
103 4 180 75.61186198841948 1795.7178600152838 135777.5710016156
104 2 21 9.541850352986048 80.71796600694597 770.1987524356932
105 2 10 9.541850352986048 27.685321443873434 264.16919419175593
106 5 80 139.6884681067044 2871.732646582133 401147.9342130701
107 3 67 32.9215577265747 791.9778998728451 26073.146148835265
108 0 100 0.0 0.0 0.0
109 0 100 0.0 0.0 0.0
110 2 23 9.541850352986048 92.0346545141889 878.1809006631623
111 2 142 9.541850352986048 219.34644070399202 2092.9709126576195
112 1 10 1.0 18.1937008646705 18.1937008646705
113 4 46 75.61186198841948 697.0692055589992 52706.70056710426
114 0 10 0.0 10.0 0.0
115 3 136 32.9215577265747 295.444715883087 9726.500268956508
116 2 11 9.541850352986048 31.76494829034237 303.0963830567869
117 4 65 75.61186198841948 1259.0362466163215 95198.07491757096
118 0 100 0.0 0.0 0.0
119 2 8 9.541850352986048 20.066939702021244 191.47573567908114
120 0 100 0.0 0.0 0.0
121 1 35 1.0 88.18685030395203 88.18685030395203
122 3 41 32.9215577265747 363.1907597716439 11956.805563580698
123 6 94 225.58275470837765 5949.1894450157 1342034.543288646
124 0 100 0.0 0.0 0.0
125 2 80 9.541850352986048 555.5596760452839 5301.067290977507
126 1 10 1.0 18.1937008646705 18.1937008646705
127 3 125 32.9215577265747 165.61186212092687 5452.200479019623
128 3 147 32.9215577265747 451.11773253603667 14851.498473166615
129 0 100 0.0 0.0 0.0
130 0 100 0.0 0.0 0.0
131 0 100 0.0 0.0 0.0
132 2 30 9.541850352986048 135.01359299654277 1288.2794999919763
133 0 100 0.0 0.0 0.0
134 3 71 32.9215577265747 868.3392862126454 28587.081937302275
135 2 108 9.541850352986048 20.066939702021244 191.47573567908114
136 1 17 1.0 35.503281577765854 35.503281577765854
137 5 62 139.6884681067044 1807.1402103142602 252436.6476328266
138 1 108 1.0 13.734791927877684 13.734791927877684
139 0 100 0.0 0.0 0.0
140 2 97 9.541850352986048 733.5347287053278 6999.278610024457
141 2 129 9.541850352986048 128.5709592386038 1226.8048527946264
142 0 13 0.0 13.0 0.0
143 3 38 32.9215577265747 321.92161897300775 10598.16116245226
144 0 100 0.0 0.0 0.0
145 2 7 9.541850352986048 16.551687764173284 157.9337277350917
146 0 100 0.0 0.0 0.0
147 4 153 75.61186198841948 888.1171619831025 67152.19228141312
148 0 100 0.0 0.0 0.0
149 1 7 1.0 11.607984241186918 11.607984241186918
150 2 116 9.541850352986048 54.53075711894446 520.3243240639966
151 2 46 9.541850352986048 250.0988923255542 2386.406204018009
152 3 89 32.9215577265747 1242.9788737846095 40920.80074621283
153 1 103 1.0 3.9914906122521803 3.9914906122521803
154 0 100 0.0 0.0 0.0
155 4 176 75.61186198841948 1644.92462809159 124375.81396061354
156 3 113 32.9215577265747 58.65092275827274 1930.8797393033497
157 1 11 1.0 20.51504931294799 20.51504931294799
158 1 9 1.0 15.931997307697284 15.931997307697284
159 0 100 0.0 0.0 0.0
160 1 8 1.0 13.734791927877684 13.734791927877684
161 1 19 1.0 40.84402933782601 40.84402933782601
162 0 100 0.0 0.0 0.0
163 0 100 0.0 0.0 0.0
164 0 100 0.0 0.0 0.0
165 6 134 225.58275470837765 11722.091250421281 2644301.6352130035
166 6 99 225.58275470837765 6569.204673563341 1481899.2865055674
167 3 37 32.9215577265747 308.57807572808247 10158.870933237406
168 2 32 9.541850352986048 148.1842032776824 1413.95149235211
169 2 32 9.541850352986048 148.1842032776824 1413.95149235211
170 1 108 1.0 13.734791927877684 13.734791927877684
171 1 85 1.0 269.7214703900527 269.7214703900527
172 3 42 32.9215577265747 377.3528472077043 12423.04354263576
173 3 39 32.9215577265747 335.47304520277595 11044.29522335299
174 2 39 9.541850352986048 197.11162840858907 1880.8096611081503
175 5 110 139.6884681067044 5122.201821660722 715512.5258011569
176 4 78 75.61186198841948 1719.6349352173313 130024.79939211752
177 3 78 32.9215577265747 1008.1216991286578 33188.93671327668
178 2 20 9.541850352986048 75.23327232919837 717.8646261306569
179 5 136 139.6884681067044 672.9601112794846 94004.76704154853
180 2 30 9.541850352986048 135.01359299654277 1288.2794999919763
181 5 156 139.6884681067044 1501.9949206988383 209811.36957647165
182 1 108 1.0 13.734791927877684 13.734791927877684
183 0 100 0.0 0.0 0.0
184 0 100 0.0 0.0 0.0
185 4 41 75.61186198841948 572.5607883495287 43292.38730866522
186 3 30 32.9215577265747 221.1993434691573 7282.2269551002855
187 5 95 139.6884681067044 3924.3008107112732 548179.5686381559
188 0 100 0.0 0.0 0.0
189 1 105 1.0 7.59708563275366 7.59708563275366
190 3 58 32.9215577265747 629.8939717412368 20737.090752300537
191 1 13 1.0 25.320989780782124 25.320989780782124
192 1 21 1.0 46.33316012586883 46.33316012586883
193 1 23 1.0 51.960050539976365 51.960050539976365
194 5 66 139.6884681067044 2024.56047903646 282807.7519059787
195 4 45 75.61186198841948 671.3571728121805 50762.565895610074
196 3 48 32.9215577265747 466.4489382157433 15356.225645969067
197 4 175 75.61186198841948 1608.0874365260645 121590.48531592006
198 2 65 9.541850352986048 411.78783219395143 3929.2178719752146
199 2 56 9.541850352986048 332.1417203303481 3169.2465913755254
