0 0 100 0.0 0.0 0.0
1 18 277 2436.3877014920204 3292433.7336776685 8021645056.709725
2 0 100 0.0 0.0 0.0
3 2 46 9.541850352986048 250.0988923255542 2386.406204018009
4 1 11 1.0 20.51504931294799 20.51504931294799
5 1 5 1.0 7.59708563275366 7.59708563275366
6 1 12 1.0 22.891970023971037 22.891970023971037
7 2 19 9.541850352986048 69.8685662777562 666.6754038000371
8 0 5 0.0 5.0 0.0
9 0 11 0.0 11.0 0.0
10 0 100 0.0 0.0 0.0
11 0 100 0.0 0.0 0.0
12 0 100 0.0 0.0 0.0
13 0 6 0.0 6.0 0.0
14 0 100 0.0 0.0 0.0
15 1 107 1.0 11.607984241186918 11.607984241186918
16 0 100 0.0 0.0 0.0
17 0 100 0.0 0.0 0.0
18 2 122 9.541850352986048 86.31942417916456 823.6470280735138
19 3 67 32.9215577265747 791.9778998728451 26073.146148835265
20 0 100 0.0 0.0 0.0
21 0 100 0.0 0.0 0.0
22 0 100 0.0 0.0 0.0
23 0 100 0.0 0.0 0.0
24 0 8 0.0 8.0 0.0
25 1 105 1.0 7.59708563275366 7.59708563275366
26 0 100 0.0 0.0 0.0
27 0 100 0.0 0.0 0.0
28 0 6 0.0 6.0 0.0
29 2 31 9.541850352986048 141.5519192260369 1350.6672304328126
30 0 19 0.0 19.0 0.0
31 0 100 0.0 0.0 0.0
32 0 100 0.0 0.0 0.0
33 0 7 0.0 7.0 0.0
34 1 25 1.0 57.71571011139208 57.71571011139208
35 0 100 0.0 0.0 0.0
36 1 107 1.0 11.607984241186918 11.607984241186918
37 14 157 1540.4353185285338 260347.99462064612 401049246.02172
38 0 100 0.0 0.0 0.0
39 0 100 0.0 0.0 0.0
40 0 100 0.0 0.0 0.0
41 0 100 0.0 0.0 0.0
42 0 100 0.0 0.0 0.0
43 0 100 0.0 0.0 0.0
44 0 11 0.0 11.0 0.0
45 2 15 9.541850352986048 49.68406405407534 474.0779041321602
46 0 100 0.0 0.0 0.0
47 0 100 0.0 0.0 0.0
48 1 110 1.0 18.1937008646705 18.1937008646705
49 2 35 9.541850352986048 168.62869283493262 1609.0297522505775
50 7 126 332.66880679862265 15876.0 5281449.976734933
51 2 16 9.541850352986048 54.53075711894446 520.3243240639966
52 0 5 0.0 5.0 0.0
53 1 15 1.0 30.323695983612147 30.323695983612147
54 1 11 1.0 20.51504931294799 20.51504931294799
55 0 100 0.0 0.0 0.0
56 0 100 0.0 0.0 0.0
57 0 100 0.0 0.0 0.0
58 0 18 0.0 18.0 0.0
59 10 200 766.6651705632711 131052.37569186091 100473291.96252243
60 0 100 0.0 0.0 0.0
61 0 100 0.0 0.0 0.0
62 1 15 1.0 30.323695983612147 30.323695983612147
63 1 11 1.0 20.51504931294799 20.51504931294799
64 0 5 0.0 5.0 0.0
65 0 9 0.0 9.0 0.0
66 2 21 9.541850352986048 80.71796600694597 770.1987524356932
67 1 104 1.0 5.735193251789799 5.735193251789799
68 0 100 0.0 0.0 0.0
69 5 97 139.6884681067044 4075.7152237055247 569330.4160385987
70 4 68 75.61186198841948 1360.0227175454593 102833.85002016247
71 1 9 1.0 15.931997307697284 15.931997307697284
72 1 36 1.0 91.37308344663872 91.37308344663872
73 0 100 0.0 0.0 0.0
74 0 100 0.0 0.0 0.0
75 0 100 0.0 0.0 0.0
76 1 8 1.0 13.734791927877684 13.734791927877684
77 0 6 0.0 6.0 0.0
78 0 9 0.0 9.0 0.0
79 0 100 0.0 0.0 0.0
80 2 10 9.541850352986048 27.685321443873434 264.16919419175593
81 0 6 0.0 6.0 0.0
82 0 100 0.0 0.0 0.0
83 8 120 459.67273235884244 21128.626944217714 9712253.678439217
84 1 13 1.0 25.320989780782124 25.320989780782124
85 0 5 0.0 5.0 0.0
86 0 11 0.0 11.0 0.0
87 0 100 0.0 0.0 0.0
88 1 17 1.0 35.503281577765854 35.503281577765854
89 1 19 1.0 40.84402933782601 40.84402933782601
90 0 100 0.0 0.0 0.0
91 1 9 1.0 15.931997307697284 15.931997307697284
92 0 6 0.0 6.0 0.0
93 0 9 0.0 9.0 0.0
94 0 100 0.0 0.0 0.0
95 7 120 332.66880679862265 14400.0 4790430.817900166
96 0 100 0.0 0.0 0.0
97 2 7 9.541850352986048 16.551687764173284 157.9337277350917
98 0 11 0.0 11.0 0.0
99 0 100 0.0 0.0 0.0
100 1 107 1.0 11.607984241186918 11.607984241186918
101 2 17 9.541850352986048 59.51335422080222 567.8675199791454
102 2 23 9.541850352986048 92.0346545141889 878.1809006631623
103 6 44 225.58275470837765 1392.5534457950612 314136.0423810934
104 2 26 9.541850352986048 109.8359986590007 1048.0386625749609
105 1 31 1.0 75.68293941204132 75.68293941204132
106 0 100 0.0 0.0 0.0
107 1 39 1.0 101.06849300292524 101.06849300292524
108 1 102 1.0 2.3948263510722025 2.3948263510722025
109 1 11 1.0 20.51504931294799 20.51504931294799
110 2 23 9.541850352986048 92.0346545141889 878.1809006631623
111 3 55 32.9215577265747 578.9666715492328 19060.48469917088
112 1 14 1.0 27.799106543625292 27.799106543625292
113 0 100 0.0 0.0 0.0
114 2 26 9.541850352986048 109.8359986590007 1048.0386625749609
115 15 324 1756.7778603087352 2119224.71476335 3723007059.9153476
116 1 17 1.0 35.503281577765854 35.503281577765854
117 1 8 1.0 13.734791927877684 13.734791927877684
118 4 47 75.61186198841948 723.181183304868 54681.07582466957
119 4 96 75.61186198841948 2452.6531100077354 185449.6684593727
120 2 8 9.541850352986048 20.066939702021244 191.47573567908114
121 3 116 32.9215577265747 81.54950460903234 2684.7367235598276
122 2 13 9.541850352986048 40.41888428935346 385.6709453236695
123 1 106 1.0 9.55892689827884 9.55892689827884
124 2 42 9.541850352986048 219.34644070399202 2092.9709126576195
125 6 43 225.58275470837765 1332.6396931867307 300620.5330227899
126 0 100 0.0 0.0 0.0
127 7 55 332.66880679862265 3025.0 1006323.1405658335
128 0 100 0.0 0.0 0.0
129 0 9 0.0 9.0 0.0
130 2 14 9.541850352986048 44.97826169706515 429.17584225083993
131 2 20 9.541850352986048 75.23327232919837 717.8646261306569
132 3 37 32.9215577265747 308.57807572808247 10158.870933237406
133 2 129 9.541850352986048 128.5709592386038 1226.8048527946264
134 0 100 0.0 0.0 0.0
135 13 178 1331.5823725933528 265358.1065957515 353346177.1676506
136 0 7 0.0 7.0 0.0
137 2 34 9.541850352986048 161.72412498062124 1543.1473990327004
138 0 100 0.0 0.0 0.0
139 1 105 1.0 7.59708563275366 7.59708563275366
140 2 30 9.541850352986048 135.01359299654277 1288.2794999919763
141 15 197 1756.7778603087352 604912.5477796192 1062696971.362185
142 18 339 2436.3877014920204 5644026.527050734 13751036817.401127
143 22 430 3370.209833397988 30848495.160850037 103965901736.62704
144 2 25 9.541850352986048 103.79546451213633 990.4007896934788
145 3 125 32.9215577265747 165.61186212092687 5452.200479019623
146 1 100 1.0 0.0 0.0
147 2 110 9.541850352986048 27.685321443873434 264.16919419175593
148 2 43 9.541850352986048 226.91812071099523 2165.21875020514
149 2 45 9.541850352986048 242.29532664846576 2311.945748107533
150 2 17 9.541850352986048 59.51335422080222 567.8675199791454
151 4 187 75.61186198841948 2072.675291085697 156718.8380563789
152 1 104 1.0 5.735193251789799 5.735193251789799
153 1 37 1.0 94.5824071263594 94.5824071263594
154 7 124 332.66880679862265 15376.0 5115115.5733356215
155 2 28 9.541850352986048 122.22584512913716 1166.2607234894754
156 1 104 1.0 5.735193251789799 5.735193251789799
157 2 11 9.541850352986048 31.76494829034237 303.0963830567869
158 9 219 604.9491004987461 110238.67663619728 66688788.27123969
159 12 201 1131.8354418063404 260366.30656647639 294691813.6241529
160 8 187 459.67273235884244 53164.40702543042 24438228.24161724
161 4 65 75.61186198841948 1259.0362466163215 95198.07491757096
162 2 17 9.541850352986048 59.51335422080222 567.8675199791454
163 7 152 332.66880679862265 23104.0 7685980.112275378
164 2 12 9.541850352986048 36.01211998010309 343.62225974392254
165 2 31 9.541850352986048 141.5519192260369 1350.6672304328126
166 9 303 604.9491004987461 93615.87722311099 56632840.71852205
167 5 218 139.6884681067044 5819.148784232864 812867.97935448
168 13 242 1331.5823725933528 556332.1568343635 740802093.347479
169 12 183 1131.8354418063404 208823.67119914887 236354032.15131062
170 6 122 225.58275470837765 9796.315838838276 2209879.91291845
171 1 41 1.0 107.64164596635766 107.64164596635766
172 4 46 75.61186198841948 697.0692055589992 52706.70056710426
173 13 145 1331.5823725933528 161884.16541457814 215562101.06803873
174 1 32 1.0 78.7716859795011 78.7716859795011
175 10 165 766.6651705632711 85435.8497069907 65500690.28782802
176 2 18 9.541850352986048 64.62733255388774 616.6643359418604
177 10 155 766.6651705632711 74345.3976110817 56998026.94009416
178 2 15 9.541850352986048 49.68406405407534 474.0779041321602
179 8 218 459.67273235884244 20402.728323412415 9378577.87599813
180 1 104 1.0 5.735193251789799 5.735193251789799
181 13 187 1331.5823725933528 298855.6518209848 397950917.9147199
182 12 229 1131.8354418063404 353804.2348984099 400448172.51919603
183 0 100 0.0 0.0 0.0
184 3 26 32.9215577265747 176.25042831919396 5802.438650243859
185 1 104 1.0 5.735193251789799 5.735193251789799
186 3 31 32.9215577265747 233.0178128969552 7671.309378607293
187 2 20 9.541850352986048 75.23327232919837 717.8646261306569
188 10 140 766.6651705632711 59285.163668541216 45451870.11581359
189 2 131 9.541850352986048 141.5519192260369 1350.6672304328126
190 9 136 604.9491004987461 39497.557201796815 23894011.701124758
191 14 232 1540.4353185285338 682016.7329967464 1050602663.335633
192 1 108 1.0 13.734791927877684 13.734791927877684
193 4 134 75.61186198841948 415.7115691523703 31432.725793738326
194 2 29 9.541850352986048 128.5709592386038 1226.8048527946264
195 10 165 766.6651705632711 85435.8497069907 65500690.28782802
196 5 81 139.6884681067044 2937.2940727723303 410306.1094044695
197 9 181 604.9491004987461 73117.4506468244 44232335.99955789
198 9 185 604.9491004987461 76643.16309111417 46365212.57134821
199 10 140 766.6651705632711 59285.163668541216 45451870.11581359
