0 0 10 0.0 10.0 0.0
1 0 5 0.0 5.0 0.0
2 0 6 0.0 6.0 0.0
3 0 10 0.0 10.0 0.0
4 0 11 0.0 11.0 0.0
5 0 10 0.0 10.0 0.0
6 0 100 0.0 0.0 0.0
7 1 8 1.0 13.734791927877684 13.734791927877684
8 0 6 0.0 6.0 0.0
9 1 8 1.0 13.734791927877684 13.734791927877684
10 0 6 0.0 6.0 0.0
11 0 100 0.0 0.0 0.0
12 0 8 0.0 8.0 0.0
13 1 6 1.0 9.55892689827884 9.55892689827884
14 0 8 0.0 8.0 0.0
15 0 6 0.0 6.0 0.0
16 0 6 0.0 6.0 0.0
17 0 100 0.0 0.0 0.0
18 0 5 0.0 5.0 0.0
19 0 10 0.0 10.0 0.0
20 0 10 0.0 10.0 0.0
21 0 6 0.0 6.0 0.0
22 0 6 0.0 6.0 0.0
23 0 10 0.0 10.0 0.0
24 0 5 0.0 5.0 0.0
25 0 6 0.0 6.0 0.0
26 0 100 0.0 0.0 0.0
27 0 9 0.0 9.0 0.0
28 0 5 0.0 5.0 0.0
29 1 11 1.0 20.51504931294799 20.51504931294799
30 0 5 0.0 5.0 0.0
31 0 10 0.0 10.0 0.0
32 0 9 0.0 9.0 0.0
33 0 6 0.0 6.0 0.0
34 0 6 0.0 6.0 0.0
35 0 10 0.0 10.0 0.0
36 0 5 0.0 5.0 0.0
37 0 9 0.0 9.0 0.0
38 0 6 0.0 6.0 0.0
39 0 100 0.0 0.0 0.0
40 0 100 0.0 0.0 0.0
41 0 7 0.0 7.0 0.0
42 0 10 0.0 10.0 0.0
43 0 5 0.0 5.0 0.0
44 0 6 0.0 6.0 0.0
45 0 6 0.0 6.0 0.0
46 0 6 0.0 6.0 0.0
47 0 6 0.0 6.0 0.0
48 0 8 0.0 8.0 0.0
49 0 100 0.0 0.0 0.0
50 0 6 0.0 6.0 0.0
51 0 100 0.0 0.0 0.0
52 0 6 0.0 6.0 0.0
53 0 100 0.0 0.0 0.0
54 0 5 0.0 5.0 0.0
55 0 100 0.0 0.0 0.0
56 0 10 0.0 10.0 0.0
57 0 100 0.0 0.0 0.0
58 0 5 0.0 5.0 0.0
59 0 6 0.0 6.0 0.0
60 0 6 0.0 6.0 0.0
61 0 6 0.0 6.0 0.0
62 0 5 0.0 5.0 0.0
63 0 16 0.0 16.0 0.0
64 1 10 1.0 18.1937008646705 18.1937008646705
65 1 12 1.0 22.891970023971037 22.891970023971037
66 0 5 0.0 5.0 0.0
67 1 9 1.0 15.931997307697284 15.931997307697284
68 0 6 0.0 6.0 0.0
69 1 15 1.0 30.323695983612147 30.323695983612147
70 0 5 0.0 5.0 0.0
71 0 10 0.0 10.0 0.0
72 0 7 0.0 7.0 0.0
73 0 5 0.0 5.0 0.0
74 2 14 9.541850352986048 44.97826169706515 429.17584225083993
75 0 5 0.0 5.0 0.0
76 0 6 0.0 6.0 0.0
77 0 100 0.0 0.0 0.0
78 0 8 0.0 8.0 0.0
79 0 6 0.0 6.0 0.0
80 0 10 0.0 10.0 0.0
81 0 5 0.0 5.0 0.0
82 1 5 1.0 7.59708563275366 7.59708563275366
83 0 8 0.0 8.0 0.0
84 0 100 0.0 0.0 0.0
85 0 10 0.0 10.0 0.0
86 1 9 1.0 15.931997307697284 15.931997307697284
87 0 5 0.0 5.0 0.0
88 0 100 0.0 0.0 0.0
89 0 100 0.0 0.0 0.0
90 0 5 0.0 5.0 0.0
91 1 104 1.0 5.735193251789799 5.735193251789799
92 0 6 0.0 6.0 0.0
93 1 10 1.0 18.1937008646705 18.1937008646705
94 0 6 0.0 6.0 0.0
95 0 6 0.0 6.0 0.0
96 0 5 0.0 5.0 0.0
97 0 100 0.0 0.0 0.0
98 0 6 0.0 6.0 0.0
99 0 100 0.0 0.0 0.0
100 0 6 0.0 6.0 0.0
101 0 5 0.0 5.0 0.0
102 0 5 0.0 5.0 0.0
103 0 7 0.0 7.0 0.0
104 0 5 0.0 5.0 0.0
105 0 6 0.0 6.0 0.0
106 0 6 0.0 6.0 0.0
107 0 5 0.0 5.0 0.0
108 0 6 0.0 6.0 0.0
109 0 10 0.0 10.0 0.0
110 1 10 1.0 18.1937008646705 18.1937008646705
111 0 6 0.0 6.0 0.0
112 0 5 0.0 5.0 0.0
113 0 5 0.0 5.0 0.0
114 0 100 0.0 0.0 0.0
115 0 10 0.0 10.0 0.0
116 0 6 0.0 6.0 0.0
117 0 100 0.0 0.0 0.0
118 0 10 0.0 10.0 0.0
119 0 9 0.0 9.0 0.0
120 0 10 0.0 10.0 0.0
121 0 5 0.0 5.0 0.0
122 0 9 0.0 9.0 0.0
123 0 5 0.0 5.0 0.0
124 0 100 0.0 0.0 0.0
125 0 5 0.0 5.0 0.0
126 0 5 0.0 5.0 0.0
127 0 6 0.0 6.0 0.0
128 0 6 0.0 6.0 0.0
129 0 6 0.0 6.0 0.0
130 0 6 0.0 6.0 0.0
131 0 5 0.0 5.0 0.0
132 0 5 0.0 5.0 0.0
133 0 100 0.0 0.0 0.0
134 0 9 0.0 9.0 0.0
135 0 100 0.0 0.0 0.0
136 0 6 0.0 6.0 0.0
137 0 100 0.0 0.0 0.0
138 0 6 0.0 6.0 0.0
139 1 9 1.0 15.931997307697284 15.931997307697284
140 0 10 0.0 10.0 0.0
141 0 6 0.0 6.0 0.0
142 1 6 1.0 9.55892689827884 9.55892689827884
143 0 100 0.0 0.0 0.0
144 0 6 0.0 6.0 0.0
145 0 100 0.0 0.0 0.0
146 0 100 0.0 0.0 0.0
147 0 10 0.0 10.0 0.0
148 0 6 0.0 6.0 0.0
149 0 5 0.0 5.0 0.0
150 0 6 0.0 6.0 0.0
151 0 100 0.0 0.0 0.0
152 1 10 1.0 18.1937008646705 18.1937008646705
153 0 100 0.0 0.0 0.0
154 0 9 0.0 9.0 0.0
155 1 103 1.0 3.9914906122521803 3.9914906122521803
156 0 6 0.0 6.0 0.0
157 0 6 0.0 6.0 0.0
158 0 6 0.0 6.0 0.0
159 0 7 0.0 7.0 0.0
160 0 5 0.0 5.0 0.0
161 0 5 0.0 5.0 0.0
162 0 6 0.0 6.0 0.0
163 0 10 0.0 10.0 0.0
164 0 6 0.0 6.0 0.0
165 0 5 0.0 5.0 0.0
166 0 6 0.0 6.0 0.0
167 1 10 1.0 18.1937008646705 18.1937008646705
168 0 10 0.0 10.0 0.0
169 0 6 0.0 6.0 0.0
170 0 5 0.0 5.0 0.0
171 0 6 0.0 6.0 0.0
172 0 100 0.0 0.0 0.0
173 0 5 0.0 5.0 0.0
174 0 8 0.0 8.0 0.0
175 0 10 0.0 10.0 0.0
176 1 6 1.0 9.55892689827884 9.55892689827884
177 0 5 0.0 5.0 0.0
178 0 6 0.0 6.0 0.0
179 0 6 0.0 6.0 0.0
180 0 5 0.0 5.0 0.0
181 0 10 0.0 10.0 0.0
182 0 10 0.0 10.0 0.0
183 0 5 0.0 5.0 0.0
184 0 6 0.0 6.0 0.0
185 1 10 1.0 18.1937008646705 18.1937008646705
186 1 10 1.0 18.1937008646705 18.1937008646705
187 0 6 0.0 6.0 0.0
188 0 10 0.0 10.0 0.0
189 0 10 0.0 10.0 0.0
190 0 6 0.0 6.0 0.0
191 0 10 0.0 10.0 0.0
192 0 6 0.0 6.0 0.0
193 0 5 0.0 5.0 0.0
194 0 5 0.0 5.0 0.0
195 0 10 0.0 10.0 0.0
196 0 100 0.0 0.0 0.0
197 0 100 0.0 0.0 0.0
198 0 100 0.0 0.0 0.0
199 0 10 0.0 10.0 0.0
