0 1 103 1.0 3.9914906122521803 3.9914906122521803
1 0 100 0.0 0.0 0.0
2 2 9 9.541850352986048 23.78240930402918 226.9281906125095
3 1 100 1.0 0.0 0.0
4 0 10 0.0 10.0 0.0
5 1 10 1.0 18.1937008646705 18.1937008646705
6 1 115 1.0 30.323695983612147 30.323695983612147
7 0 100 0.0 0.0 0.0
8 0 100 0.0 0.0 0.0
9 1 7 1.0 11.607984241186918 11.607984241186918
10 2 34 9.541850352986048 161.72412498062124 1543.1473990327004
11 0 10 0.0 10.0 0.0
12 0 100 0.0 0.0 0.0
13 3 46 32.9215577265747 435.9769523615719 14353.040404627594
14 0 100 0.0 0.0 0.0
15 0 100 0.0 0.0 0.0
16 0 5 0.0 5.0 0.0
17 0 100 0.0 0.0 0.0
18 0 100 0.0 0.0 0.0
19 3 47 32.9215577265747 451.11773253603667 14851.498473166615
20 0 100 0.0 0.0 0.0
21 2 121 9.541850352986048 80.71796600694597 770.1987524356932
22 0 100 0.0 0.0 0.0
23 3 19 32.9215577265747 107.12598084817145 3526.754162509012
24 0 13 0.0 13.0 0.0
25 0 100 0.0 0.0 0.0
26 0 100 0.0 0.0 0.0
27 0 100 0.0 0.0 0.0
28 1 103 1.0 3.9914906122521803 3.9914906122521803
29 0 100 0.0 0.0 0.0
30 4 53 75.61186198841948 888.1171619831025 67152.19228141312
31 0 10 0.0 10.0 0.0
32 0 5 0.0 5.0 0.0
33 2 34 9.541850352986048 161.72412498062124 1543.1473990327004
34 2 22 9.541850352986048 86.31942417916456 823.6470280735138
35 0 100 0.0 0.0 0.0
36 0 100 0.0 0.0 0.0
37 3 145 32.9215577265747 421.0282951259743 13860.907322511091
38 0 100 0.0 0.0 0.0
39 1 68 1.0 203.61818092119583 203.61818092119583
40 0 10 0.0 10.0 0.0
41 0 100 0.0 0.0 0.0
42 0 100 0.0 0.0 0.0
43 0 100 0.0 0.0 0.0
44 0 100 0.0 0.0 0.0
45 0 100 0.0 0.0 0.0
46 0 100 0.0 0.0 0.0
47 0 100 0.0 0.0 0.0
48 0 6 0.0 6.0 0.0
49 1 101 1.0 1.0 1.0
50 2 84 9.541850352986048 596.0613656366125 5687.528352101057
51 0 100 0.0 0.0 0.0
52 1 5 1.0 7.59708563275366 7.59708563275366
53 0 100 0.0 0.0 0.0
54 0 100 0.0 0.0 0.0
55 0 100 0.0 0.0 0.0
56 0 100 0.0 0.0 0.0
57 1 101 1.0 1.0 1.0
58 1 6 1.0 9.55892689827884 9.55892689827884
59 0 100 0.0 0.0 0.0
60 1 20 1.0 43.57075425423803 43.57075425423803
61 0 7 0.0 7.0 0.0
62 0 100 0.0 0.0 0.0
63 1 10 1.0 18.1937008646705 18.1937008646705
64 1 7 1.0 11.607984241186918 11.607984241186918
65 1 8 1.0 13.734791927877684 13.734791927877684
66 0 5 0.0 5.0 0.0
67 0 100 0.0 0.0 0.0
68 0 5 0.0 5.0 0.0
69 0 100 0.0 0.0 0.0
70 1 103 1.0 3.9914906122521803 3.9914906122521803
71 2 14 9.541850352986048 44.97826169706515 429.17584225083993
72 0 100 0.0 0.0 0.0
73 1 11 1.0 20.51504931294799 20.51504931294799
74 0 100 0.0 0.0 0.0
75 0 100 0.0 0.0 0.0
76 0 8 0.0 8.0 0.0
77 1 105 1.0 7.59708563275366 7.59708563275366
78 1 11 1.0 20.51504931294799 20.51504931294799
79 4 86 75.61186198841948 2032.1034843472744 153651.12820465246
80 2 124 9.541850352986048 97.86086952638261 933.7737724338355
81 1 11 1.0 20.51504931294799 20.51504931294799
82 1 6 1.0 9.55892689827884 9.55892689827884
83 2 22 9.541850352986048 86.31942417916456 823.6470280735138
84 1 17 1.0 35.503281577765854 35.503281577765854
85 0 100 0.0 0.0 0.0
86 0 100 0.0 0.0 0.0
87 0 100 0.0 0.0 0.0
88 1 20 1.0 43.57075425423803 43.57075425423803
89 1 47 1.0 127.85310766976465 127.85310766976465
90 5 77 139.6884681067044 2679.0520099722326 374232.6712512085
91 0 100 0.0 0.0 0.0
92 0 100 0.0 0.0 0.0
93 0 100 0.0 0.0 0.0
94 1 10 1.0 18.1937008646705 18.1937008646705
95 6 174 225.58275470837765 19320.41823902026 4358353.168476173
96 0 100 0.0 0.0 0.0
97 0 100 0.0 0.0 0.0
98 3 46 32.9215577265747 435.9769523615719 14353.040404627594
99 0 100 0.0 0.0 0.0
100 0 100 0.0 0.0 0.0
101 3 53 32.9215577265747 545.90532331836 17972.053614869816
102 1 101 1.0 1.0 1.0
103 2 11 9.541850352986048 31.76494829034237 303.0963830567869
104 0 5 0.0 5.0 0.0
105 0 100 0.0 0.0 0.0
106 5 48 139.6884681067044 1135.058052192084 158554.52052289192
107 2 21 9.541850352986048 80.71796600694597 770.1987524356932
108 0 100 0.0 0.0 0.0
109 1 20 1.0 43.57075425423803 43.57075425423803
110 0 100 0.0 0.0 0.0
111 6 76 225.58275470837765 3961.5666745886283 893661.1234146099
112 3 26 32.9215577265747 176.25042831919396 5802.438650243859
113 0 100 0.0 0.0 0.0
114 0 100 0.0 0.0 0.0
115 0 100 0.0 0.0 0.0
116 0 100 0.0 0.0 0.0
117 0 100 0.0 0.0 0.0
118 0 11 0.0 11.0 0.0
119 0 10 0.0 10.0 0.0
120 0 100 0.0 0.0 0.0
121 2 12 9.541850352986048 36.01211998010309 343.62225974392254
122 0 100 0.0 0.0 0.0
123 0 100 0.0 0.0 0.0
124 3 131 32.9215577265747 233.0178128969552 7671.309378607293
125 4 98 75.61186198841948 2540.672540836771 192104.981515517
126 0 100 0.0 0.0 0.0
127 0 100 0.0 0.0 0.0
128 0 100 0.0 0.0 0.0
129 2 21 9.541850352986048 80.71796600694597 770.1987524356932
130 3 53 32.9215577265747 545.90532331836 17972.053614869816
131 1 18 1.0 38.15436697768484 38.15436697768484
132 0 100 0.0 0.0 0.0
133 2 24 9.541850352986048 97.86086952638261 933.7737724338355
134 4 50 75.61186198841948 803.8922494719358 60783.78982063209
135 2 15 9.541850352986048 49.68406405407534 474.0779041321602
136 0 100 0.0 0.0 0.0
137 2 26 9.541850352986048 109.8359986590007 1048.0386625749609
138 1 37 1.0 94.5824071263594 94.5824071263594
139 0 100 0.0 0.0 0.0
140 0 100 0.0 0.0 0.0
141 2 66 9.541850352986048 420.9557626935435 4016.6968928488986
142 1 10 1.0 18.1937008646705 18.1937008646705
143 1 24 1.0 54.8222930413608 54.8222930413608
144 1 23 1.0 51.960050539976365 51.960050539976365
145 3 22 32.9215577265747 135.19579244279535 4450.856085295499
146 0 100 0.0 0.0 0.0
147 1 24 1.0 54.8222930413608 54.8222930413608
148 0 100 0.0 0.0 0.0
149 0 100 0.0 0.0 0.0
150 3 34 32.9215577265747 269.81820202916316 8882.83551378369
151 1 12 1.0 22.891970023971037 22.891970023971037
152 0 100 0.0 0.0 0.0
153 0 100 0.0 0.0 0.0
154 2 59 9.541850352986048 358.10513855020525 3416.9856426813935
155 2 62 9.541850352986048 384.6592176812078 3670.3606920107695
156 1 20 1.0 43.57075425423803 43.57075425423803
157 1 36 1.0 91.37308344663872 91.37308344663872
158 4 122 75.61186198841948 3695.090899744704 279392.70314616134
159 0 100 0.0 0.0 0.0
160 1 106 1.0 9.55892689827884 9.55892689827884
161 1 10 1.0 18.1937008646705 18.1937008646705
162 2 106 9.541850352986048 13.252209915340185 126.45060385853394
163 1 16 1.0 32.892441635375256 32.892441635375256
164 2 55 9.541850352986048 323.62148105306557 3087.947743220061
165 1 106 1.0 9.55892689827884 9.55892689827884
166 2 43 9.541850352986048 226.91812071099523 2165.21875020514
167 4 98 75.61186198841948 2540.672540836771 192104.981515517
168 2 26 9.541850352986048 109.8359986590007 1048.0386625749609
169 0 100 0.0 0.0 0.0
170 1 15 1.0 30.323695983612147 30.323695983612147
171 2 25 9.541850352986048 103.79546451213633 990.4007896934788
172 2 10 9.541850352986048 27.685321443873434 264.16919419175593
173 1 26 1.0 60.63937356224698 60.63937356224698
174 5 60 139.6884681067044 1702.6102917613564 237835.0234388529
175 4 64 75.61186198841948 1226.095534977771 92707.36637535656
176 1 14 1.0 27.799106543625292 27.799106543625292
177 1 24 1.0 54.8222930413608 54.8222930413608
178 2 19 9.541850352986048 69.8685662777562 666.6754038000371
179 5 102 139.6884681067044 4465.486028292682 623776.9026440964
180 1 18 1.0 38.15436697768484 38.15436697768484
181 1 12 1.0 22.891970023971037 22.891970023971037
182 7 87 332.66880679862265 7569.0 2517970.198658775
183 2 53 9.541850352986048 306.7864203576611 2927.3101133810746
184 4 44 75.61186198841948 646.0476428878335 48848.86521197858
185 0 100 0.0 0.0 0.0
186 1 11 1.0 20.51504931294799 20.51504931294799
187 2 38 9.541850352986048 189.8638195218893 1811.6521533242187
188 1 13 1.0 25.320989780782124 25.320989780782124
189 2 45 9.541850352986048 242.29532664846576 2311.945748107533
190 2 12 9.541850352986048 36.01211998010309 343.62225974392254
191 2 6 9.541850352986048 13.252209915340185 126.45060385853394
192 4 49 75.61186198841948 776.5950928818146 58719.80098386357
193 1 40 1.0 104.3443904241405 104.3443904241405
194 5 57 139.6884681067044 1551.0877169304622 216669.0670771418
195 2 20 9.541850352986048 75.23327232919837 717.8646261306569
196 1 23 1.0 51.960050539976365 51.960050539976365
197 3 71 32.9215577265747 868.3392862126454 28587.081937302275
198 5 32 139.6884681067044 543.2991441606081 75892.6251714789
199 2 95 9.541850352986048 711.8213664694125 6792.092956909175
