0 1 11 1.0 20.51504931294799 20.51504931294799
1 0 100 0.0 0.0 0.0
2 0 6 0.0 6.0 0.0
3 0 100 0.0 0.0 0.0
4 0 11 0.0 11.0 0.0
5 1 16 1.0 32.892441635375256 32.892441635375256
6 1 34 1.0 85.02419427196995 85.02419427196995
7 0 6 0.0 6.0 0.0
8 1 15 1.0 30.323695983612147 30.323695983612147
9 2 50 9.541850352986048 282.0582186126376 2691.3573128316116
10 0 5 0.0 5.0 0.0
11 0 100 0.0 0.0 0.0
12 2 10 9.541850352986048 27.685321443873434 264.16919419175593
13 20 376 2902.6872563902634 12727643.553604571 36944368746.925674
14 7 116 332.66880679862265 13456.0 4476391.464282267
15 0 100 0.0 0.0 0.0
16 18 255 2436.3877014920204 2640072.0856061205 6432239160.423141
17 0 5 0.0 5.0 0.0
18 4 134 75.61186198841948 415.7115691523703 31432.725793738326
19 19 356 2668.9360872348193 8427539.997087335 22492565624.841213
20 0 100 0.0 0.0 0.0
21 1 104 1.0 5.735193251789799 5.735193251789799
22 17 223 2206.0678959513543 1426591.9229522045 3147158641.8483663
23 0 100 0.0 0.0 0.0
24 2 49 9.541850352986048 273.9583678426836 2614.069748903192
25 0 100 0.0 0.0 0.0
26 1 10 1.0 18.1937008646705 18.1937008646705
27 0 100 0.0 0.0 0.0
28 1 10 1.0 18.1937008646705 18.1937008646705
29 1 15 1.0 30.323695983612147 30.323695983612147
30 5 87 139.6884681067044 3344.5706484424895 467197.95035557833
31 0 100 0.0 0.0 0.0
32 0 100 0.0 0.0 0.0
33 1 13 1.0 25.320989780782124 25.320989780782124
34 0 100 0.0 0.0 0.0
35 0 100 0.0 0.0 0.0
36 0 100 0.0 0.0 0.0
37 0 100 0.0 0.0 0.0
38 0 5 0.0 5.0 0.0
39 0 12 0.0 12.0 0.0
40 11 174 942.9223974109915 134765.04830411234 127072982.43412168
41 1 14 1.0 27.799106543625292 27.799106543625292
42 3 62 32.9215577265747 700.2360303580608 23052.86089566041
43 0 6 0.0 6.0 0.0
44 9 188 604.9491004987461 79345.91287443922 48000238.621643886
45 0 100 0.0 0.0 0.0
46 11 264 942.9223974109915 350016.89658172324 330038771.25919354
47 4 159 75.61186198841948 1066.8769814059906 80668.55507669134
48 1 22 1.0 49.12998068819353 49.12998068819353
49 0 11 0.0 11.0 0.0
50 0 100 0.0 0.0 0.0
51 0 100 0.0 0.0 0.0
52 12 261 1131.8354418063404 481205.57771065657 544645527.6478163
53 1 29 1.0 69.58346013935528 69.58346013935528
54 0 100 0.0 0.0 0.0
55 6 100 225.58275470837765 6696.723465418967 1510665.3268494436
56 1 110 1.0 18.1937008646705 18.1937008646705
57 15 219 1756.7778603087352 789859.0758876483 1387606937.2833376
58 6 96 225.58275470837765 6193.675591281851 1397186.4016513997
59 0 9 0.0 9.0 0.0
60 1 33 1.0 81.88562674252243 81.88562674252243
61 0 100 0.0 0.0 0.0
62 5 157 139.6884681067044 9777.199529232137 1365762.0246120286
63 1 14 1.0 27.799106543625292 27.799106543625292
64 1 10 1.0 18.1937008646705 18.1937008646705
65 1 19 1.0 40.84402933782601 40.84402933782601
66 1 21 1.0 46.33316012586883 46.33316012586883
67 2 51 9.541850352986048 290.23003402420613 2769.3315526010238
68 0 100 0.0 0.0 0.0
69 6 131 225.58275470837765 11225.205072627472 2532212.6824497594
70 0 100 0.0 0.0 0.0
71 0 100 0.0 0.0 0.0
72 0 6 0.0 6.0 0.0
73 0 100 0.0 0.0 0.0
74 20 294 2902.6872563902634 6456291.427637132 18740594850.544003
75 0 100 0.0 0.0 0.0
76 17 336 2206.0678959513543 4177167.7857356323 9215115748.113585
77 2 18 9.541850352986048 64.62733255388774 616.6643359418604
78 0 10 0.0 10.0 0.0
79 0 100 0.0 0.0 0.0
80 1 28 1.0 66.57403288693754 66.57403288693754
81 18 273 2436.3877014920204 3167090.1379348366 7716259461.581102
82 0 100 0.0 0.0 0.0
83 8 136 459.67273235884244 27411.939785516835 12600521.260464584
84 1 25 1.0 57.71571011139208 57.71571011139208
85 1 101 1.0 1.0 1.0
86 1 15 1.0 30.323695983612147 30.323695983612147
87 2 20 9.541850352986048 75.23327232919837 717.8646261306569
88 4 179 75.61186198841948 7117.451138299699 538163.7331784359
89 8 140 459.67273235884244 29115.631170703473 13383661.734589547
90 0 10 0.0 10.0 0.0
91 0 100 0.0 0.0 0.0
92 0 100 0.0 0.0 0.0
93 1 14 1.0 27.799106543625292 27.799106543625292
94 0 100 0.0 0.0 0.0
95 1 15 1.0 30.323695983612147 30.323695983612147
96 3 40 32.9215577265747 349.23013798641597 11497.20014757944
97 0 6 0.0 6.0 0.0
98 0 100 0.0 0.0 0.0
99 1 108 1.0 13.734791927877684 13.734791927877684
100 6 118 225.58275470837765 9191.104391557652 2073354.6474598425
101 9 136 604.9491004987461 39497.557201796815 23894011.701124758
102 0 100 0.0 0.0 0.0
103 17 338 2206.0678959513543 4242644.852368622 9359562602.73369
104 3 57 32.9215577265747 612.7419199112477 20172.41848785035
105 4 42 75.61186198841948 596.6466987883373 45113.56784462985
106 11 276 942.9223974109915 387513.4511006951 365395112.3408745
107 0 100 0.0 0.0 0.0
108 7 111 332.66880679862265 12321.0 4098812.36856583
109 15 269 1756.7778603087352 1326148.282625493 2329747942.4029174
110 6 204 225.58275470837765 7218.483555423629 1628365.4052495863
111 0 100 0.0 0.0 0.0
112 11 271 942.9223974109915 129504.5127612809 122112705.64840932
113 16 284 1979.1134619514044 2033163.4029970493 4023861061.2183886
114 3 28 32.9215577265747 198.25318874016915 6526.8037975869875
115 6 150 225.58275470837765 1778.3314122697193 401160.8987642429
116 5 92 139.6884681067044 3702.0246060004592 517130.14610553003
117 0 100 0.0 0.0 0.0
118 0 100 0.0 0.0 0.0
119 0 100 0.0 0.0 0.0
120 0 100 0.0 0.0 0.0
121 1 102 1.0 2.3948263510722025 2.3948263510722025
122 16 289 1979.1134619514044 2126480.08389433 4208545360.6068206
123 11 180 942.9223974109915 145641.49049735971 137328623.38228056
124 11 167 942.9223974109915 122673.4003024803 115671496.71177296
125 12 214 1131.8354418063404 301705.1628707397 341480596.3130576
126 21 446 3136.7198300107975 26517982.165215574 83179480509.50435
127 4 184 75.61186198841948 1951.9617083430758 147591.45929791615
128 0 100 0.0 0.0 0.0
129 6 105 225.58275470837765 7351.839824949449 1658448.2798868536
130 1 9 1.0 15.931997307697284 15.931997307697284
131 0 100 0.0 0.0 0.0
132 6 69 225.58275470837765 3293.0002682054314 742844.0717572076
133 0 100 0.0 0.0 0.0
134 8 151 459.67273235884244 34076.47778705137 15664027.653539306
135 0 100 0.0 0.0 0.0
136 0 5 0.0 5.0 0.0
137 0 100 0.0 0.0 0.0
138 15 325 1756.7778603087352 2135745.2185837487 3752029915.26817
139 5 97 139.6884681067044 4075.7152237055247 569330.4160385987
140 1 16 1.0 32.892441635375256 32.892441635375256
141 4 47 75.61186198841948 723.181183304868 54681.07582466957
142 23 346 3602.4235623004615 21084476.616668906 75955215362.66118
143 3 46 32.9215577265747 435.9769523615719 14353.040404627594
144 14 331 1540.4353185285338 1638438.79813555 2523908991.895444
145 1 101 1.0 1.0 1.0
146 16 311 1979.1134619514044 2567963.8055407987 5082291737.349753
147 12 254 1131.8354418063404 451407.67214080825 510919202.0322634
148 4 66 75.61186198841948 1292.338741426653 97716.13855903981
149 14 316 1540.4353185285338 1461364.2042380264 2251137033.4416018
150 11 134 942.9223974109915 74106.16109407078 69876359.08174635
151 9 131 604.9491004987461 36435.331696668785 22041521.136273235
152 2 17 9.541850352986048 59.51335422080222 567.8675199791454
153 4 67 75.61186198841948 1326.001420918201 100261.43643491513
154 9 185 604.9491004987461 76643.16309111417 46365212.57134821
155 8 153 459.67273235884244 35022.02902356311 16098671.774011938
156 9 213 604.9491004987461 103834.5270766233 62814603.755715966
157 3 110 32.9215577265747 38.67239348588604 1273.1554345704085
158 13 248 1331.5823725933528 590159.2186833756 785845612.6222486
159 2 30 9.541850352986048 135.01359299654277 1288.2794999919763
160 3 57 32.9215577265747 612.7419199112477 20172.41848785035
161 6 121 225.58275470837765 9643.286769790522 2175359.1939721988
162 17 272 2206.0678959513543 2400907.9178461796 5296565878.6958685
163 1 107 1.0 11.607984241186918 11.607984241186918
164 2 48 9.541850352986048 265.93129728965954 2537.4766429133756
165 15 226 1756.7778603087352 855030.3929098479 1502098464.1550996
166 15 271 1756.7778603087352 1351134.0744003414 2373642428.2152553
167 4 81 75.61186198841948 1834.2709028460106 138692.63835536616
168 0 100 0.0 0.0 0.0
169 0 21 0.0 21.0 0.0
170 16 270 1979.1134619514044 1785339.8012225186 3533390034.7571306
171 1 9 1.0 15.931997307697284 15.931997307697284
172 13 308 1331.5823725933528 994858.3705822692 1324735869.4942951
173 14 269 1540.4353185285338 982391.0802346964 1513309916.600925
174 10 322 766.6651705632711 165288.37142907528 126720837.4737973
175 16 241 1979.1134619514044 1333019.7077807642 2638197248.7154374
176 11 240 942.9223974109915 281399.562147863 265337949.77086625
177 3 48 32.9215577265747 466.4489382157433 15356.225645969067
178 11 208 942.9223974109915 202787.05554931142 191212456.58247262
179 18 342 2436.3877014920204 5778291.396221359 14078158093.390875
180 1 9 1.0 15.931997307697284 15.931997307697284
181 1 26 1.0 60.63937356224698 60.63937356224698
182 4 45 75.61186198841948 671.3571728121805 50762.565895610074
183 17 249 2206.0678959513543 1904665.949099036 4201822402.8190994
184 16 279 1979.1134619514044 1942392.8283766496 3844215795.038091
185 4 85 75.61186198841948 1991.8652456125124 150608.64005078256
186 17 316 2206.0678959513543 3556586.7810353083 7846071916.806963
187 6 74 225.58275470837765 3764.5376458742294 849214.7723596997
188 10 298 766.6651705632711 128155.62053704208 98252450.6776732
189 19 340 2668.9360872348193 7438595.935216366 19853137129.8572
190 8 108 459.67273235884244 16970.39141279495 7800826.189918491
191 14 301 1540.4353185285338 1296195.8255729612 1996705829.4418404
192 17 354 2206.0678959513543 4789369.705087241 10565674748.234968
193 18 325 2436.3877014920204 5043287.214034844 12287402943.36645
194 0 100 0.0 0.0 0.0
195 18 316 2436.3877014920204 4679173.325093223 11400280342.40665
196 9 127 604.9491004987461 34080.638090162705 20617051.357067235
197 5 119 139.6884681067044 5909.069866509522 825428.9175882034
198 12 155 1131.8354418063404 141319.76270431234 159950716.05640253
199 13 243 1331.5823725933528 561888.9684414291 748201445.7312697
