0 0 5 0.0 5.0 0.0
1 1 9 1.0 15.931997307697284 15.931997307697284
2 0 5 0.0 5.0 0.0
3 0 7 0.0 7.0 0.0
4 1 102 1.0 2.3948263510722025 2.3948263510722025
5 0 100 0.0 0.0 0.0
6 1 8 1.0 13.734791927877684 13.734791927877684
7 0 100 0.0 0.0 0.0
8 0 6 0.0 6.0 0.0
9 0 100 0.0 0.0 0.0
10 0 10 0.0 10.0 0.0
11 1 100 1.0 0.0 0.0
12 0 11 0.0 11.0 0.0
13 0 5 0.0 5.0 0.0
14 0 10 0.0 10.0 0.0
15 0 100 0.0 0.0 0.0
16 0 100 0.0 0.0 0.0
17 1 10 1.0 18.1937008646705 18.1937008646705
18 1 102 1.0 2.3948263510722025 2.3948263510722025
19 1 7 1.0 11.607984241186918 11.607984241186918
20 0 100 0.0 0.0 0.0
21 0 10 0.0 10.0 0.0
22 0 100 0.0 0.0 0.0
23 0 100 0.0 0.0 0.0
24 0 100 0.0 0.0 0.0
25 0 6 0.0 6.0 0.0
26 0 6 0.0 6.0 0.0
27 0 10 0.0 10.0 0.0
28 0 6 0.0 6.0 0.0
29 1 104 1.0 5.735193251789799 5.735193251789799
30 1 18 1.0 38.15436697768484 38.15436697768484
31 0 10 0.0 10.0 0.0
32 0 100 0.0 0.0 0.0
33 0 100 0.0 0.0 0.0
34 1 8 1.0 13.734791927877684 13.734791927877684
35 1 8 1.0 13.734791927877684 13.734791927877684
36 0 100 0.0 0.0 0.0
37 0 7 0.0 7.0 0.0
38 0 10 0.0 10.0 0.0
39 0 11 0.0 11.0 0.0
40 0 6 0.0 6.0 0.0
41 1 102 1.0 2.3948263510722025 2.3948263510722025
42 0 6 0.0 6.0 0.0
43 0 6 0.0 6.0 0.0
44 1 12 1.0 22.891970023971037 22.891970023971037
45 0 7 0.0 7.0 0.0
46 0 100 0.0 0.0 0.0
47 1 11 1.0 20.51504931294799 20.51504931294799
48 0 100 0.0 0.0 0.0
49 1 8 1.0 13.734791927877684 13.734791927877684
50 0 100 0.0 0.0 0.0
51 0 7 0.0 7.0 0.0
52 0 6 0.0 6.0 0.0
53 1 12 1.0 22.891970023971037 22.891970023971037
54 0 100 0.0 0.0 0.0
55 0 10 0.0 10.0 0.0
56 2 16 9.541850352986048 54.53075711894446 520.3243240639966
57 1 15 1.0 30.323695983612147 30.323695983612147
58 0 6 0.0 6.0 0.0
59 1 104 1.0 5.735193251789799 5.735193251789799
60 0 100 0.0 0.0 0.0
61 1 107 1.0 11.607984241186918 11.607984241186918
62 0 9 0.0 9.0 0.0
63 0 5 0.0 5.0 0.0
64 1 104 1.0 5.735193251789799 5.735193251789799
65 0 6 0.0 6.0 0.0
66 0 100 0.0 0.0 0.0
67 0 6 0.0 6.0 0.0
68 0 100 0.0 0.0 0.0
69 2 20 9.541850352986048 75.23327232919837 717.8646261306569
70 0 6 0.0 6.0 0.0
71 0 100 0.0 0.0 0.0
72 0 5 0.0 5.0 0.0
73 0 100 0.0 0.0 0.0
74 2 17 9.541850352986048 59.51335422080222 567.8675199791454
75 0 6 0.0 6.0 0.0
76 0 6 0.0 6.0 0.0
77 0 10 0.0 10.0 0.0
78 0 5 0.0 5.0 0.0
79 0 6 0.0 6.0 0.0
80 0 100 0.0 0.0 0.0
81 0 10 0.0 10.0 0.0
82 1 16 1.0 32.892441635375256 32.892441635375256
83 0 100 0.0 0.0 0.0
84 0 100 0.0 0.0 0.0
85 0 100 0.0 0.0 0.0
86 0 5 0.0 5.0 0.0
87 0 11 0.0 11.0 0.0
88 0 100 0.0 0.0 0.0
89 0 6 0.0 6.0 0.0
90 0 6 0.0 6.0 0.0
91 0 10 0.0 10.0 0.0
92 2 16 9.541850352986048 54.53075711894446 520.3243240639966
93 1 12 1.0 22.891970023971037 22.891970023971037
94 0 100 0.0 0.0 0.0
95 1 104 1.0 5.735193251789799 5.735193251789799
96 0 5 0.0 5.0 0.0
97 0 11 0.0 11.0 0.0
98 0 8 0.0 8.0 0.0
99 2 8 9.541850352986048 20.066939702021244 191.47573567908114
100 1 11 1.0 20.51504931294799 20.51504931294799
101 1 21 1.0 46.33316012586883 46.33316012586883
102 0 10 0.0 10.0 0.0
103 1 9 1.0 15.931997307697284 15.931997307697284
104 0 100 0.0 0.0 0.0
105 0 5 0.0 5.0 0.0
106 0 7 0.0 7.0 0.0
107 0 100 0.0 0.0 0.0
108 0 6 0.0 6.0 0.0
109 1 18 1.0 38.15436697768484 38.15436697768484
110 1 8 1.0 13.734791927877684 13.734791927877684
111 0 100 0.0 0.0 0.0
112 0 10 0.0 10.0 0.0
113 0 5 0.0 5.0 0.0
114 1 105 1.0 7.59708563275366 7.59708563275366
115 0 10 0.0 10.0 0.0
116 1 103 1.0 3.9914906122521803 3.9914906122521803
117 0 10 0.0 10.0 0.0
118 0 100 0.0 0.0 0.0
119 0 10 0.0 10.0 0.0
120 1 10 1.0 18.1937008646705 18.1937008646705
121 0 100 0.0 0.0 0.0
122 2 11 9.541850352986048 31.76494829034237 303.0963830567869
123 0 100 0.0 0.0 0.0
124 0 10 0.0 10.0 0.0
125 1 7 1.0 11.607984241186918 11.607984241186918
126 0 10 0.0 10.0 0.0
127 0 100 0.0 0.0 0.0
128 0 10 0.0 10.0 0.0
129 1 100 1.0 0.0 0.0
130 0 100 0.0 0.0 0.0
131 0 5 0.0 5.0 0.0
132 0 100 0.0 0.0 0.0
133 0 100 0.0 0.0 0.0
134 0 5 0.0 5.0 0.0
135 0 100 0.0 0.0 0.0
136 0 100 0.0 0.0 0.0
137 0 100 0.0 0.0 0.0
138 1 10 1.0 18.1937008646705 18.1937008646705
139 0 5 0.0 5.0 0.0
140 1 15 1.0 30.323695983612147 30.323695983612147
141 0 100 0.0 0.0 0.0
142 0 100 0.0 0.0 0.0
143 0 100 0.0 0.0 0.0
144 0 7 0.0 7.0 0.0
145 0 11 0.0 11.0 0.0
146 1 22 1.0 49.12998068819353 49.12998068819353
147 0 100 0.0 0.0 0.0
148 0 11 0.0 11.0 0.0
149 0 100 0.0 0.0 0.0
150 2 17 9.541850352986048 59.51335422080222 567.8675199791454
151 0 100 0.0 0.0 0.0
152 0 100 0.0 0.0 0.0
153 0 6 0.0 6.0 0.0
154 1 7 1.0 11.607984241186918 11.607984241186918
155 1 20 1.0 43.57075425423803 43.57075425423803
156 1 10 1.0 18.1937008646705 18.1937008646705
157 0 100 0.0 0.0 0.0
158 0 6 0.0 6.0 0.0
159 0 6 0.0 6.0 0.0
160 0 100 0.0 0.0 0.0
161 1 7 1.0 11.607984241186918 11.607984241186918
162 0 10 0.0 10.0 0.0
163 2 9 9.541850352986048 23.78240930402918 226.9281906125095
164 0 9 0.0 9.0 0.0
165 0 7 0.0 7.0 0.0
166 0 8 0.0 8.0 0.0
167 0 6 0.0 6.0 0.0
168 0 6 0.0 6.0 0.0
169 0 8 0.0 8.0 0.0
170 0 5 0.0 5.0 0.0
171 0 100 0.0 0.0 0.0
172 2 7 9.541850352986048 16.551687764173284 157.9337277350917
173 0 100 0.0 0.0 0.0
174 1 8 1.0 13.734791927877684 13.734791927877684
175 0 100 0.0 0.0 0.0
176 0 100 0.0 0.0 0.0
177 1 20 1.0 43.57075425423803 43.57075425423803
178 0 10 0.0 10.0 0.0
179 1 16 1.0 32.892441635375256 32.892441635375256
180 1 18 1.0 38.15436697768484 38.15436697768484
181 0 10 0.0 10.0 0.0
182 0 5 0.0 5.0 0.0
183 1 104 1.0 5.735193251789799 5.735193251789799
184 1 11 1.0 20.51504931294799 20.51504931294799
185 0 100 0.0 0.0 0.0
186 0 10 0.0 10.0 0.0
187 2 14 9.541850352986048 44.97826169706515 429.17584225083993
188 1 9 1.0 15.931997307697284 15.931997307697284
189 1 24 1.0 54.8222930413608 54.8222930413608
190 2 12 9.541850352986048 36.01211998010309 343.62225974392254
191 1 9 1.0 15.931997307697284 15.931997307697284
192 1 100 1.0 0.0 0.0
193 2 9 9.541850352986048 23.78240930402918 226.9281906125095
194 0 10 0.0 10.0 0.0
195 0 100 0.0 0.0 0.0
196 0 10 0.0 10.0 0.0
197 1 10 1.0 18.1937008646705 18.1937008646705
198 1 14 1.0 27.799106543625292 27.799106543625292
199 0 20 0.0 20.0 0.0
