0 2 115 9.541850352986048 49.68406405407534 474.0779041321602
1 1 12 1.0 22.891970023971037 22.891970023971037
2 2 14 9.541850352986048 44.97826169706515 429.17584225083993
3 1 11 1.0 20.51504931294799 20.51504931294799
4 0 100 0.0 0.0 0.0
5 0 100 0.0 0.0 0.0
6 2 38 9.541850352986048 189.8638195218893 1811.6521533242187
7 0 100 0.0 0.0 0.0
8 2 107 9.541850352986048 16.551687764173284 157.9337277350917
9 1 17 1.0 35.503281577765854 35.503281577765854
10 4 120 75.61186198841948 167.77606276002984 12685.860502371781
11 2 38 9.541850352986048 189.8638195218893 1811.6521533242187
12 0 6 0.0 6.0 0.0
13 0 100 0.0 0.0 0.0
14 0 100 0.0 0.0 0.0
15 1 20 1.0 43.57075425423803 43.57075425423803
16 1 11 1.0 20.51504931294799 20.51504931294799
17 0 100 0.0 0.0 0.0
18 0 100 0.0 0.0 0.0
19 2 48 9.541850352986048 265.93129728965954 2537.4766429133756
20 5 69 139.6884681067044 2194.8788310889477 306599.26159464906
21 0 100 0.0 0.0 0.0
22 0 100 0.0 0.0 0.0
23 1 17 1.0 35.503281577765854 35.503281577765854
24 2 10 9.541850352986048 27.685321443873434 264.16919419175593
25 0 8 0.0 8.0 0.0
26 0 100 0.0 0.0 0.0
27 1 109 1.0 15.931997307697284 15.931997307697284
28 0 5 0.0 5.0 0.0
29 3 43 32.9215577265747 391.71440685113555 12895.848457480626
30 1 17 1.0 35.503281577765854 35.503281577765854
31 0 100 0.0 0.0 0.0
32 0 100 0.0 0.0 0.0
33 10 95 766.6651705632711 25027.52609192426 19187732.56004183
34 2 41 9.541850352986048 211.85407612585806 2021.4798910630518
35 1 23 1.0 51.960050539976365 51.960050539976365
36 0 100 0.0 0.0 0.0
37 2 34 9.541850352986048 161.72412498062124 1543.1473990327004
38 0 100 0.0 0.0 0.0
39 15 221 1756.7778603087352 808161.8580406137 1419760859.7517211
40 0 100 0.0 0.0 0.0
41 3 15 32.9215577265747 73.60859052492496 2423.3094621381165
42 1 102 1.0 2.3948263510722025 2.3948263510722025
43 0 100 0.0 0.0 0.0
44 0 100 0.0 0.0 0.0
45 1 6 1.0 9.55892689827884 9.55892689827884
46 0 100 0.0 0.0 0.0
47 0 6 0.0 6.0 0.0
48 0 6 0.0 6.0 0.0
49 1 8 1.0 13.734791927877684 13.734791927877684
50 1 107 1.0 11.607984241186918 11.607984241186918
51 3 67 32.9215577265747 791.9778998728451 26073.146148835265
52 0 100 0.0 0.0 0.0
53 1 6 1.0 9.55892689827884 9.55892689827884
54 0 9 0.0 9.0 0.0
55 0 100 0.0 0.0 0.0
56 0 100 0.0 0.0 0.0
57 1 14 1.0 27.799106543625292 27.799106543625292
58 3 140 32.9215577265747 349.23013798641597 11497.20014757944
59 0 100 0.0 0.0 0.0
60 0 100 0.0 0.0 0.0
61 7 128 332.66880679862265 16384.0 5450445.730588634
62 0 100 0.0 0.0 0.0
63 2 9 9.541850352986048 23.78240930402918 226.9281906125095
64 0 100 0.0 0.0 0.0
65 1 19 1.0 40.84402933782601 40.84402933782601
66 3 47 32.9215577265747 451.11773253603667 14851.498473166615
67 3 108 32.9215577265747 27.137259985193985 893.4008711436294
68 1 101 1.0 1.0 1.0
69 2 129 9.541850352986048 128.5709592386038 1226.8048527946264
70 1 103 1.0 3.9914906122521803 3.9914906122521803
71 0 100 0.0 0.0 0.0
72 3 22 32.9215577265747 135.19579244279535 4450.856085295499
73 0 100 0.0 0.0 0.0
74 1 106 1.0 9.55892689827884 9.55892689827884
75 3 14 32.9215577265747 65.97278979840442 2171.9270077313495
76 2 76 9.541850352986048 515.944034405027 4923.060766808652
77 0 100 0.0 0.0 0.0
78 1 8 1.0 13.734791927877684 13.734791927877684
79 1 104 1.0 5.735193251789799 5.735193251789799
80 0 100 0.0 0.0 0.0
81 0 100 0.0 0.0 0.0
82 3 43 32.9215577265747 391.71440685113555 12895.848457480626
83 0 100 0.0 0.0 0.0
84 0 100 0.0 0.0 0.0
85 1 27 1.0 63.59241768810072 63.59241768810072
86 0 100 0.0 0.0 0.0
87 1 105 1.0 7.59708563275366 7.59708563275366
88 4 30 75.61186198841948 335.61535000671915 25376.501525903146
89 0 100 0.0 0.0 0.0
90 0 100 0.0 0.0 0.0
91 1 105 1.0 7.59708563275366 7.59708563275366
92 0 100 0.0 0.0 0.0
93 0 100 0.0 0.0 0.0
94 0 100 0.0 0.0 0.0
95 1 111 1.0 20.51504931294799 20.51504931294799
96 10 155 766.6651705632711 74345.3976110817 56998026.94009416
97 0 6 0.0 6.0 0.0
98 2 12 9.541850352986048 36.01211998010309 343.62225974392254
99 1 103 1.0 3.9914906122521803 3.9914906122521803
100 1 105 1.0 7.59708563275366 7.59708563275366
101 2 40 9.541850352986048 204.4421003683832 1950.7559275652661
102 2 49 9.541850352986048 273.9583678426836 2614.069748903192
103 0 100 0.0 0.0 0.0
104 14 163 1540.4353185285338 285577.36407124164 439913457.78762215
105 1 10 1.0 18.1937008646705 18.1937008646705
106 2 36 9.541850352986048 175.6210676402407 1675.7499462548174
107 2 124 9.541850352986048 97.86086952638261 933.7737724338355
108 0 100 0.0 0.0 0.0
109 5 88 139.6884681067044 3414.7546568712237 477001.8469785762
110 2 27 9.541850352986048 115.98017876588344 1106.66550969663
111 0 100 0.0 0.0 0.0
112 13 197 1331.5823725933528 338836.37386693084 451188542.6346561
113 0 100 0.0 0.0 0.0
114 8 156 459.67273235884244 36465.56936906108 16762227.908897216
115 1 11 1.0 20.51504931294799 20.51504931294799
116 0 100 0.0 0.0 0.0
117 4 173 75.61186198841948 1535.4556318691968 116098.65932623514
118 5 65 139.6884681067044 1969.1653870843556 275069.6963705592
119 1 33 1.0 81.88562674252243 81.88562674252243
120 3 44 32.9215577265747 406.27351121486885 13375.156852238497
121 3 29 32.9215577265747 209.61005902119368 6900.689658136957
122 1 104 1.0 5.735193251789799 5.735193251789799
123 2 106 9.541850352986048 13.252209915340185 126.45060385853394
124 2 56 9.541850352986048 332.1417203303481 3169.2465913755254
125 0 100 0.0 0.0 0.0
126 6 141 225.58275470837765 12921.36097430879 2914836.2031659037
127 0 100 0.0 0.0 0.0
128 2 34 9.541850352986048 161.72412498062124 1543.1473990327004
129 1 20 1.0 43.57075425423803 43.57075425423803
130 2 33 9.541850352986048 154.90879557685506 1478.1165457556579
131 0 100 0.0 0.0 0.0
132 5 78 139.6884681067044 2742.610069160227 383110.9991750147
133 0 100 0.0 0.0 0.0
134 1 106 1.0 9.55892689827884 9.55892689827884
135 8 207 459.67273235884244 16645.17504715694 7651333.094517854
136 0 100 0.0 0.0 0.0
137 1 104 1.0 5.735193251789799 5.735193251789799
138 0 100 0.0 0.0 0.0
139 0 100 0.0 0.0 0.0
140 1 35 1.0 88.18685030395203 88.18685030395203
141 0 100 0.0 0.0 0.0
142 7 100 332.66880679862265 10000.0 3326688.0679862266
143 2 26 9.541850352986048 109.8359986590007 1048.0386625749609
144 4 122 75.61186198841948 197.47425973648444 14931.396473460363
145 0 100 0.0 0.0 0.0
146 0 100 0.0 0.0 0.0
147 0 100 0.0 0.0 0.0
148 0 100 0.0 0.0 0.0
149 2 40 9.541850352986048 204.4421003683832 1950.7559275652661
150 1 105 1.0 7.59708563275366 7.59708563275366
151 4 77 75.61186198841948 1682.1075637745857 127187.28496180048
152 0 100 0.0 0.0 0.0
153 1 31 1.0 75.68293941204132 75.68293941204132
154 0 100 0.0 0.0 0.0
155 0 100 0.0 0.0 0.0
156 4 66 75.61186198841948 1292.338741426653 97716.13855903981
157 13 204 1331.5823725933528 368584.680897397 490800863.89091974
158 1 9 1.0 15.931997307697284 15.931997307697284
159 5 157 139.6884681067044 1551.0877169304622 216669.0670771418
160 8 109 459.67273235884244 17298.876533787272 7951821.843024257
161 0 100 0.0 0.0 0.0
162 0 100 0.0 0.0 0.0
163 0 10 0.0 10.0 0.0
164 2 37 9.541850352986048 182.69988024795316 1743.2949168344405
165 4 62 75.61186198841948 1161.3060165688764 87808.51025112707
166 11 157 942.9223974109915 106501.37495943412 100422531.80431657
167 0 100 0.0 0.0 0.0
168 2 124 9.541850352986048 97.86086952638261 933.7737724338355
169 13 159 1331.5823725933528 202153.0273720448 269183407.8149964
170 6 100 225.58275470837765 6696.723465418967 1510665.3268494436
171 0 100 0.0 0.0 0.0
172 0 100 0.0 0.0 0.0
173 4 58 75.61186198841948 1036.142416344768 78344.65738500807
174 0 100 0.0 0.0 0.0
175 1 23 1.0 51.960050539976365 51.960050539976365
176 1 105 1.0 7.59708563275366 7.59708563275366
177 1 104 1.0 5.735193251789799 5.735193251789799
178 1 104 1.0 5.735193251789799 5.735193251789799
179 0 100 0.0 0.0 0.0
180 3 126 32.9215577265747 176.25042831919396 5802.438650243859
181 7 212 332.66880679862265 12544.0 4172997.5124819227
182 2 17 9.541850352986048 59.51335422080222 567.8675199791454
183 0 100 0.0 0.0 0.0
184 1 105 1.0 7.59708563275366 7.59708563275366
185 1 106 1.0 9.55892689827884 9.55892689827884
186 1 10 1.0 18.1937008646705 18.1937008646705
187 1 107 1.0 11.607984241186918 11.607984241186918
188 6 125 225.58275470837765 10262.29633791766 2314997.077541162
189 1 101 1.0 1.0 1.0
190 0 100 0.0 0.0 0.0
191 2 20 9.541850352986048 75.23327232919837 717.8646261306569
192 15 179 1756.7778603087352 475153.47752621147 834739109.5667524
193 2 119 9.541850352986048 69.8685662777562 666.6754038000371
194 1 39 1.0 101.06849300292524 101.06849300292524
195 1 108 1.0 13.734791927877684 13.734791927877684
196 10 229 766.6651705632711 177103.49418596612 135779080.57743502
197 1 13 1.0 25.320989780782124 25.320989780782124
198 5 85 139.6884681067044 3206.1723328082135 447865.30165607814
199 3 137 32.9215577265747 308.57807572808247 10158.870933237406
