0 2 17 9.541850352986048 59.51335422080222 567.8675199791454
1 0 100 0.0 0.0 0.0
2 0 100 0.0 0.0 0.0
3 0 100 0.0 0.0 0.0
4 0 8 0.0 8.0 0.0
5 0 100 0.0 0.0 0.0
6 0 8 0.0 8.0 0.0
7 0 6 0.0 6.0 0.0
8 0 100 0.0 0.0 0.0
9 1 104 1.0 5.735193251789799 5.735193251789799
10 0 100 0.0 0.0 0.0
11 1 103 1.0 3.9914906122521803 3.9914906122521803
12 0 100 0.0 0.0 0.0
13 0 14 0.0 14.0 0.0
14 1 101 1.0 1.0 1.0
15 0 11 0.0 11.0 0.0
16 0 100 0.0 0.0 0.0
17 0 100 0.0 0.0 0.0
18 0 100 0.0 0.0 0.0
19 0 6 0.0 6.0 0.0
20 0 7 0.0 7.0 0.0
21 0 100 0.0 0.0 0.0
22 0 10 0.0 10.0 0.0
23 1 12 1.0 22.891970023971037 22.891970023971037
24 0 5 0.0 5.0 0.0
25 0 10 0.0 10.0 0.0
26 1 19 1.0 40.84402933782601 40.84402933782601
27 2 9 9.541850352986048 23.78240930402918 226.9281906125095
28 0 100 0.0 0.0 0.0
29 0 100 0.0 0.0 0.0
30 0 100 0.0 0.0 0.0
31 1 10 1.0 18.1937008646705 18.1937008646705
32 2 11 9.541850352986048 31.76494829034237 303.0963830567869
33 1 16 1.0 32.892441635375256 32.892441635375256
34 1 10 1.0 18.1937008646705 18.1937008646705
35 0 5 0.0 5.0 0.0
36 1 10 1.0 18.1937008646705 18.1937008646705
37 0 100 0.0 0.0 0.0
38 0 100 0.0 0.0 0.0
39 2 23 9.541850352986048 92.0346545141889 878.1809006631623
40 1 27 1.0 63.59241768810072 63.59241768810072
41 0 6 0.0 6.0 0.0
42 0 100 0.0 0.0 0.0
43 0 10 0.0 10.0 0.0
44 0 100 0.0 0.0 0.0
45 1 6 1.0 9.55892689827884 9.55892689827884
46 1 105 1.0 7.59708563275366 7.59708563275366
47 1 10 1.0 18.1937008646705 18.1937008646705
48 1 108 1.0 13.734791927877684 13.734791927877684
49 1 8 1.0 13.734791927877684 13.734791927877684
50 1 10 1.0 18.1937008646705 18.1937008646705
51 0 11 0.0 11.0 0.0
52 0 5 0.0 5.0 0.0
53 0 100 0.0 0.0 0.0
54 0 100 0.0 0.0 0.0
55 1 9 1.0 15.931997307697284 15.931997307697284
56 0 5 0.0 5.0 0.0
57 0 100 0.0 0.0 0.0
58 0 100 0.0 0.0 0.0
59 1 9 1.0 15.931997307697284 15.931997307697284
60 1 10 1.0 18.1937008646705 18.1937008646705
61 0 100 0.0 0.0 0.0
62 0 10 0.0 10.0 0.0
63 0 100 0.0 0.0 0.0
64 2 9 9.541850352986048 23.78240930402918 226.9281906125095
65 1 105 1.0 7.59708563275366 7.59708563275366
66 1 105 1.0 7.59708563275366 7.59708563275366
67 1 12 1.0 22.891970023971037 22.891970023971037
68 2 20 9.541850352986048 75.23327232919837 717.8646261306569
69 0 100 0.0 0.0 0.0
70 1 104 1.0 5.735193251789799 5.735193251789799
71 0 100 0.0 0.0 0.0
72 1 16 1.0 32.892441635375256 32.892441635375256
73 1 106 1.0 9.55892689827884 9.55892689827884
74 0 9 0.0 9.0 0.0
75 0 100 0.0 0.0 0.0
76 1 13 1.0 25.320989780782124 25.320989780782124
77 0 100 0.0 0.0 0.0
78 1 102 1.0 2.3948263510722025 2.3948263510722025
79 0 100 0.0 0.0 0.0
80 2 9 9.541850352986048 23.78240930402918 226.9281906125095
81 0 100 0.0 0.0 0.0
82 2 19 9.541850352986048 69.8685662777562 666.6754038000371
83 0 100 0.0 0.0 0.0
84 0 100 0.0 0.0 0.0
85 1 5 1.0 7.59708563275366 7.59708563275366
86 0 100 0.0 0.0 0.0
87 1 14 1.0 27.799106543625292 27.799106543625292
88 0 100 0.0 0.0 0.0
89 0 10 0.0 10.0 0.0
90 1 10 1.0 18.1937008646705 18.1937008646705
91 2 6 9.541850352986048 13.252209915340185 126.45060385853394
92 0 7 0.0 7.0 0.0
93 0 10 0.0 10.0 0.0
94 0 100 0.0 0.0 0.0
95 0 6 0.0 6.0 0.0
96 0 10 0.0 10.0 0.0
97 1 107 1.0 11.607984241186918 11.607984241186918
98 0 100 0.0 0.0 0.0
99 1 10 1.0 18.1937008646705 18.1937008646705
100 1 8 1.0 13.734791927877684 13.734791927877684
101 1 105 1.0 7.59708563275366 7.59708563275366
102 0 100 0.0 0.0 0.0
103 0 18 0.0 18.0 0.0
104 1 19 1.0 40.84402933782601 40.84402933782601
105 1 10 1.0 18.1937008646705 18.1937008646705
106 4 30 75.61186198841948 335.61535000671915 25376.501525903146
107 0 6 0.0 6.0 0.0
108 0 100 0.0 0.0 0.0
109 2 19 9.541850352986048 69.8685662777562 666.6754038000371
110 0 100 0.0 0.0 0.0
111 0 100 0.0 0.0 0.0
112 3 9 32.9215577265747 32.71640406476307 1077.0749850240404
113 0 10 0.0 10.0 0.0
114 1 6 1.0 9.55892689827884 9.55892689827884
115 0 10 0.0 10.0 0.0
116 0 100 0.0 0.0 0.0
117 0 100 0.0 0.0 0.0
118 0 100 0.0 0.0 0.0
119 3 25 32.9215577265747 165.61186212092687 5452.200479019623
120 1 11 1.0 20.51504931294799 20.51504931294799
121 1 12 1.0 22.891970023971037 22.891970023971037
122 1 10 1.0 18.1937008646705 18.1937008646705
123 1 7 1.0 11.607984241186918 11.607984241186918
124 2 17 9.541850352986048 59.51335422080222 567.8675199791454
125 0 5 0.0 5.0 0.0
126 1 12 1.0 22.891970023971037 22.891970023971037
127 1 7 1.0 11.607984241186918 11.607984241186918
128 1 5 1.0 7.59708563275366 7.59708563275366
129 0 5 0.0 5.0 0.0
130 0 10 0.0 10.0 0.0
131 1 115 1.0 30.323695983612147 30.323695983612147
132 0 100 0.0 0.0 0.0
133 1 6 1.0 9.55892689827884 9.55892689827884
134 2 19 9.541850352986048 69.8685662777562 666.6754038000371
135 1 11 1.0 20.51504931294799 20.51504931294799
136 0 100 0.0 0.0 0.0
137 2 16 9.541850352986048 54.53075711894446 520.3243240639966
138 1 20 1.0 43.57075425423803 43.57075425423803
139 0 6 0.0 6.0 0.0
140 2 28 9.541850352986048 122.22584512913716 1166.2607234894754
141 3 13 32.9215577265747 58.65092275827274 1930.8797393033497
142 3 69 32.9215577265747 829.8335342600375 27319.412601589327
143 2 26 9.541850352986048 109.8359986590007 1048.0386625749609
144 2 16 9.541850352986048 54.53075711894446 520.3243240639966
145 1 104 1.0 5.735193251789799 5.735193251789799
146 1 12 1.0 22.891970023971037 22.891970023971037
147 1 106 1.0 9.55892689827884 9.55892689827884
148 1 103 1.0 3.9914906122521803 3.9914906122521803
149 1 18 1.0 38.15436697768484 38.15436697768484
150 1 103 1.0 3.9914906122521803 3.9914906122521803
151 2 33 9.541850352986048 154.90879557685506 1478.1165457556579
152 0 100 0.0 0.0 0.0
153 2 16 9.541850352986048 54.53075711894446 520.3243240639966
154 1 104 1.0 5.735193251789799 5.735193251789799
155 1 9 1.0 15.931997307697284 15.931997307697284
156 1 101 1.0 1.0 1.0
157 0 10 0.0 10.0 0.0
158 1 26 1.0 60.63937356224698 60.63937356224698
159 0 100 0.0 0.0 0.0
160 1 10 1.0 18.1937008646705 18.1937008646705
161 2 21 9.541850352986048 80.71796600694597 770.1987524356932
162 1 105 1.0 7.59708563275366 7.59708563275366
163 1 12 1.0 22.891970023971037 22.891970023971037
164 1 32 1.0 78.7716859795011 78.7716859795011
165 2 40 9.541850352986048 204.4421003683832 1950.7559275652661
166 1 105 1.0 7.59708563275366 7.59708563275366
167 3 30 32.9215577265747 221.1993434691573 7282.2269551002855
168 2 39 9.541850352986048 197.11162840858907 1880.8096611081503
169 1 11 1.0 20.51504931294799 20.51504931294799
170 0 10 0.0 10.0 0.0
171 1 101 1.0 1.0 1.0
172 0 100 0.0 0.0 0.0
173 0 100 0.0 0.0 0.0
174 3 25 32.9215577265747 165.61186212092687 5452.200479019623
175 3 39 32.9215577265747 335.47304520277595 11044.29522335299
176 1 12 1.0 22.891970023971037 22.891970023971037
177 2 17 9.541850352986048 59.51335422080222 567.8675199791454
178 2 11 9.541850352986048 31.76494829034237 303.0963830567869
179 1 101 1.0 1.0 1.0
180 1 105 1.0 7.59708563275366 7.59708563275366
181 1 20 1.0 43.57075425423803 43.57075425423803
182 2 19 9.541850352986048 69.8685662777562 666.6754038000371
183 4 59 75.61186198841948 1066.8769814059906 80668.55507669134
184 1 30 1.0 72.61998620345668 72.61998620345668
185 2 13 9.541850352986048 40.41888428935346 385.6709453236695
186 2 34 9.541850352986048 161.72412498062124 1543.1473990327004
187 2 109 9.541850352986048 23.78240930402918 226.9281906125095
188 1 106 1.0 9.55892689827884 9.55892689827884
189 1 104 1.0 5.735193251789799 5.735193251789799
190 1 106 1.0 9.55892689827884 9.55892689827884
191 2 11 9.541850352986048 31.76494829034237 303.0963830567869
192 2 120 9.541850352986048 75.23327232919837 717.8646261306569
193 1 103 1.0 3.9914906122521803 3.9914906122521803
194 1 105 1.0 7.59708563275366 7.59708563275366
195 2 9 9.541850352986048 23.78240930402918 226.9281906125095
196 1 18 1.0 38.15436697768484 38.15436697768484
197 1 102 1.0 2.3948263510722025 2.3948263510722025
198 2 127 9.541850352986048 115.98017876588344 1106.66550969663
199 2 17 9.541850352986048 59.51335422080222 567.8675199791454
