0 0 100 0.0 0.0 0.0
1 0 5 0.0 5.0 0.0
2 1 5 1.0 7.59708563275366 7.59708563275366
3 0 100 0.0 0.0 0.0
4 0 100 0.0 0.0 0.0
5 0 5 0.0 5.0 0.0
6 0 10 0.0 10.0 0.0
7 0 100 0.0 0.0 0.0
8 1 16 1.0 32.892441635375256 32.892441635375256
9 0 100 0.0 0.0 0.0
10 1 102 1.0 2.3948263510722025 2.3948263510722025
11 0 5 0.0 5.0 0.0
12 0 100 0.0 0.0 0.0
13 0 100 0.0 0.0 0.0
14 0 100 0.0 0.0 0.0
15 0 100 0.0 0.0 0.0
16 0 6 0.0 6.0 0.0
17 1 8 1.0 13.734791927877684 13.734791927877684
18 0 100 0.0 0.0 0.0
19 0 100 0.0 0.0 0.0
20 0 10 0.0 10.0 0.0
21 0 11 0.0 11.0 0.0
22 1 10 1.0 18.1937008646705 18.1937008646705
23 0 100 0.0 0.0 0.0
24 0 100 0.0 0.0 0.0
25 0 100 0.0 0.0 0.0
26 1 105 1.0 7.59708563275366 7.59708563275366
27 0 100 0.0 0.0 0.0
28 0 9 0.0 9.0 0.0
29 0 100 0.0 0.0 0.0
30 0 100 0.0 0.0 0.0
31 1 7 1.0 11.607984241186918 11.607984241186918
32 1 102 1.0 2.3948263510722025 2.3948263510722025
33 2 17 9.541850352986048 59.51335422080222 567.8675199791454
34 2 15 9.541850352986048 49.68406405407534 474.0779041321602
35 2 10 9.541850352986048 27.685321443873434 264.16919419175593
36 1 10 1.0 18.1937008646705 18.1937008646705
37 0 11 0.0 11.0 0.0
38 0 100 0.0 0.0 0.0
39 1 101 1.0 1.0 1.0
40 1 20 1.0 43.57075425423803 43.57075425423803
41 1 6 1.0 9.55892689827884 9.55892689827884
42 0 10 0.0 10.0 0.0
43 1 103 1.0 3.9914906122521803 3.9914906122521803
44 0 6 0.0 6.0 0.0
45 0 100 0.0 0.0 0.0
46 1 26 1.0 60.63937356224698 60.63937356224698
47 0 100 0.0 0.0 0.0
48 0 11 0.0 11.0 0.0
49 0 11 0.0 11.0 0.0
50 1 101 1.0 1.0 1.0
51 0 100 0.0 0.0 0.0
52 1 25 1.0 57.71571011139208 57.71571011139208
53 1 20 1.0 43.57075425423803 43.57075425423803
54 0 10 0.0 10.0 0.0
55 0 13 0.0 13.0 0.0
56 0 100 0.0 0.0 0.0
57 0 11 0.0 11.0 0.0
58 0 100 0.0 0.0 0.0
59 0 100 0.0 0.0 0.0
60 0 100 0.0 0.0 0.0
61 0 15 0.0 15.0 0.0
62 1 10 1.0 18.1937008646705 18.1937008646705
63 1 13 1.0 25.320989780782124 25.320989780782124
64 0 10 0.0 10.0 0.0
65 0 6 0.0 6.0 0.0
66 0 100 0.0 0.0 0.0
67 0 100 0.0 0.0 0.0
68 2 6 9.541850352986048 13.252209915340185 126.45060385853394
69 0 5 0.0 5.0 0.0
70 1 102 1.0 2.3948263510722025 2.3948263510722025
71 1 16 1.0 32.892441635375256 32.892441635375256
72 1 9 1.0 15.931997307697284 15.931997307697284
73 0 6 0.0 6.0 0.0
74 0 6 0.0 6.0 0.0
75 0 5 0.0 5.0 0.0
76 0 100 0.0 0.0 0.0
77 0 6 0.0 6.0 0.0
78 1 14 1.0 27.799106543625292 27.799106543625292
79 0 100 0.0 0.0 0.0
80 0 100 0.0 0.0 0.0
81 0 100 0.0 0.0 0.0
82 0 5 0.0 5.0 0.0
83 0 100 0.0 0.0 0.0
84 1 11 1.0 20.51504931294799 20.51504931294799
85 0 8 0.0 8.0 0.0
86 1 22 1.0 49.12998068819353 49.12998068819353
87 1 7 1.0 11.607984241186918 11.607984241186918
88 0 100 0.0 0.0 0.0
89 0 8 0.0 8.0 0.0
90 2 16 9.541850352986048 54.53075711894446 520.3243240639966
91 1 6 1.0 9.55892689827884 9.55892689827884
92 0 100 0.0 0.0 0.0
93 1 105 1.0 7.59708563275366 7.59708563275366
94 0 100 0.0 0.0 0.0
95 0 6 0.0 6.0 0.0
96 1 35 1.0 88.18685030395203 88.18685030395203
97 0 100 0.0 0.0 0.0
98 1 108 1.0 13.734791927877684 13.734791927877684
99 1 12 1.0 22.891970023971037 22.891970023971037
100 0 100 0.0 0.0 0.0
101 0 10 0.0 10.0 0.0
102 0 100 0.0 0.0 0.0
103 0 11 0.0 11.0 0.0
104 1 104 1.0 5.735193251789799 5.735193251789799
105 0 10 0.0 10.0 0.0
106 0 100 0.0 0.0 0.0
107 0 100 0.0 0.0 0.0
108 0 100 0.0 0.0 0.0
109 1 10 1.0 18.1937008646705 18.1937008646705
110 2 21 9.541850352986048 80.71796600694597 770.1987524356932
111 1 18 1.0 38.15436697768484 38.15436697768484
112 2 20 9.541850352986048 75.23327232919837 717.8646261306569
113 1 10 1.0 18.1937008646705 18.1937008646705
114 0 9 0.0 9.0 0.0
115 0 6 0.0 6.0 0.0
116 0 100 0.0 0.0 0.0
117 0 100 0.0 0.0 0.0
118 1 101 1.0 1.0 1.0
119 1 11 1.0 20.51504931294799 20.51504931294799
120 1 104 1.0 5.735193251789799 5.735193251789799
121 1 20 1.0 43.57075425423803 43.57075425423803
122 0 100 0.0 0.0 0.0
123 1 10 1.0 18.1937008646705 18.1937008646705
124 0 5 0.0 5.0 0.0
125 2 16 9.541850352986048 54.53075711894446 520.3243240639966
126 2 108 9.541850352986048 20.066939702021244 191.47573567908114
127 0 10 0.0 10.0 0.0
128 0 10 0.0 10.0 0.0
129 1 9 1.0 15.931997307697284 15.931997307697284
130 0 100 0.0 0.0 0.0
131 0 100 0.0 0.0 0.0
132 0 100 0.0 0.0 0.0
133 2 12 9.541850352986048 36.01211998010309 343.62225974392254
134 0 100 0.0 0.0 0.0
135 0 100 0.0 0.0 0.0
136 1 28 1.0 66.57403288693754 66.57403288693754
137 2 13 9.541850352986048 40.41888428935346 385.6709453236695
138 1 9 1.0 15.931997307697284 15.931997307697284
139 0 100 0.0 0.0 0.0
140 0 100 0.0 0.0 0.0
141 2 119 9.541850352986048 69.8685662777562 666.6754038000371
142 0 100 0.0 0.0 0.0
143 1 8 1.0 13.734791927877684 13.734791927877684
144 0 100 0.0 0.0 0.0
145 0 8 0.0 8.0 0.0
146 3 22 32.9215577265747 135.19579244279535 4450.856085295499
147 4 45 75.61186198841948 671.3571728121805 50762.565895610074
148 3 17 32.9215577265747 89.78750677036001 2955.9445872656233
149 1 30 1.0 72.61998620345668 72.61998620345668
150 2 22 9.541850352986048 86.31942417916456 823.6470280735138
151 1 48 1.0 131.28987200165307 131.28987200165307
152 1 12 1.0 22.891970023971037 22.891970023971037
153 1 103 1.0 3.9914906122521803 3.9914906122521803
154 1 12 1.0 22.891970023971037 22.891970023971037
155 2 19 9.541850352986048 69.8685662777562 666.6754038000371
156 1 112 1.0 22.891970023971037 22.891970023971037
157 2 23 9.541850352986048 92.0346545141889 878.1809006631623
158 1 19 1.0 40.84402933782601 40.84402933782601
159 1 17 1.0 35.503281577765854 35.503281577765854
160 1 9 1.0 15.931997307697284 15.931997307697284
161 1 14 1.0 27.799106543625292 27.799106543625292
162 1 105 1.0 7.59708563275366 7.59708563275366
163 2 11 9.541850352986048 31.76494829034237 303.0963830567869
164 2 9 9.541850352986048 23.78240930402918 226.9281906125095
165 2 8 9.541850352986048 20.066939702021244 191.47573567908114
166 2 7 9.541850352986048 16.551687764173284 157.9337277350917
167 1 10 1.0 18.1937008646705 18.1937008646705
168 0 10 0.0 10.0 0.0
169 1 102 1.0 2.3948263510722025 2.3948263510722025
170 1 13 1.0 25.320989780782124 25.320989780782124
171 1 22 1.0 49.12998068819353 49.12998068819353
172 1 18 1.0 38.15436697768484 38.15436697768484
173 1 30 1.0 72.61998620345668 72.61998620345668
174 2 22 9.541850352986048 86.31942417916456 823.6470280735138
175 1 18 1.0 38.15436697768484 38.15436697768484
176 3 21 32.9215577265747 125.57185196799401 4134.020973397207
177 1 105 1.0 7.59708563275366 7.59708563275366
178 1 20 1.0 43.57075425423803 43.57075425423803
179 0 100 0.0 0.0 0.0
180 2 34 9.541850352986048 161.72412498062124 1543.1473990327004
181 2 11 9.541850352986048 31.76494829034237 303.0963830567869
182 1 18 1.0 38.15436697768484 38.15436697768484
183 2 19 9.541850352986048 69.8685662777562 666.6754038000371
184 2 13 9.541850352986048 40.41888428935346 385.6709453236695
185 1 12 1.0 22.891970023971037 22.891970023971037
186 1 21 1.0 46.33316012586883 46.33316012586883
187 1 16 1.0 32.892441635375256 32.892441635375256
188 2 110 9.541850352986048 27.685321443873434 264.16919419175593
189 2 113 9.541850352986048 40.41888428935346 385.6709453236695
190 1 18 1.0 38.15436697768484 38.15436697768484
191 1 11 1.0 20.51504931294799 20.51504931294799
192 1 103 1.0 3.9914906122521803 3.9914906122521803
193 1 16 1.0 32.892441635375256 32.892441635375256
194 1 106 1.0 9.55892689827884 9.55892689827884
195 1 102 1.0 2.3948263510722025 2.3948263510722025
196 2 15 9.541850352986048 49.68406405407534 474.0779041321602
197 1 20 1.0 43.57075425423803 43.57075425423803
198 1 10 1.0 18.1937008646705 18.1937008646705
199 1 14 1.0 27.799106543625292 27.799106543625292
