0 0 100 0.0 0.0 0.0
1 5 45 139.6884681067044 1009.4539298642129 141009.0730870245
2 0 100 0.0 0.0 0.0
3 0 100 0.0 0.0 0.0
4 2 123 9.541850352986048 92.0346545141889 878.1809006631623
5 0 100 0.0 0.0 0.0
6 2 148 9.541850352986048 265.93129728965954 2537.4766429133756
7 2 29 9.541850352986048 128.5709592386038 1226.8048527946264
8 1 29 1.0 69.58346013935528 69.58346013935528
9 3 128 32.9215577265747 198.25318874016915 6526.8037975869875
10 0 8 0.0 8.0 0.0
11 0 100 0.0 0.0 0.0
12 8 89 459.67273235884244 11347.35436611675 5216069.386516927
13 0 6 0.0 6.0 0.0
14 0 100 0.0 0.0 0.0
15 0 100 0.0 0.0 0.0
16 0 100 0.0 0.0 0.0
17 0 100 0.0 0.0 0.0
18 2 39 9.541850352986048 197.11162840858907 1880.8096611081503
19 0 100 0.0 0.0 0.0
20 1 29 1.0 69.58346013935528 69.58346013935528
21 0 100 0.0 0.0 0.0
22 0 100 0.0 0.0 0.0
23 0 100 0.0 0.0 0.0
24 0 100 0.0 0.0 0.0
25 1 103 1.0 3.9914906122521803 3.9914906122521803
26 0 100 0.0 0.0 0.0
27 1 104 1.0 5.735193251789799 5.735193251789799
28 3 23 32.9215577265747 145.08021796711313 4776.266770788355
29 1 108 1.0 13.734791927877684 13.734791927877684
30 0 100 0.0 0.0 0.0
31 1 107 1.0 11.607984241186918 11.607984241186918
32 1 103 1.0 3.9914906122521803 3.9914906122521803
33 0 6 0.0 6.0 0.0
34 1 103 1.0 3.9914906122521803 3.9914906122521803
35 5 65 139.6884681067044 1969.1653870843556 275069.6963705592
36 0 100 0.0 0.0 0.0
37 0 100 0.0 0.0 0.0
38 1 11 1.0 20.51504931294799 20.51504931294799
39 1 104 1.0 5.735193251789799 5.735193251789799
40 0 100 0.0 0.0 0.0
41 0 100 0.0 0.0 0.0
42 2 40 9.541850352986048 204.4421003683832 1950.7559275652661
43 1 10 1.0 18.1937008646705 18.1937008646705
44 2 76 9.541850352986048 515.944034405027 4923.060766808652
45 0 100 0.0 0.0 0.0
46 0 100 0.0 0.0 0.0
47 1 19 1.0 40.84402933782601 40.84402933782601
48 0 100 0.0 0.0 0.0
49 1 105 1.0 7.59708563275366 7.59708563275366
50 2 27 9.541850352986048 115.98017876588344 1106.66550969663
51 0 100 0.0 0.0 0.0
52 0 9 0.0 9.0 0.0
53 0 11 0.0 11.0 0.0
54 0 100 0.0 0.0 0.0
55 0 100 0.0 0.0 0.0
56 0 100 0.0 0.0 0.0
57 0 100 0.0 0.0 0.0
58 2 122 9.541850352986048 86.31942417916456 823.6470280735138
59 0 100 0.0 0.0 0.0
60 0 100 0.0 0.0 0.0
61 0 100 0.0 0.0 0.0
62 0 100 0.0 0.0 0.0
63 0 100 0.0 0.0 0.0
64 1 104 1.0 5.735193251789799 5.735193251789799
65 0 100 0.0 0.0 0.0
66 1 6 1.0 9.55892689827884 9.55892689827884
67 0 100 0.0 0.0 0.0
68 0 100 0.0 0.0 0.0
69 1 102 1.0 2.3948263510722025 2.3948263510722025
70 0 100 0.0 0.0 0.0
71 0 100 0.0 0.0 0.0
72 0 100 0.0 0.0 0.0
73 0 100 0.0 0.0 0.0
74 1 11 1.0 20.51504931294799 20.51504931294799
75 2 111 9.541850352986048 31.76494829034237 303.0963830567869
76 0 5 0.0 5.0 0.0
77 1 13 1.0 25.320989780782124 25.320989780782124
78 0 100 0.0 0.0 0.0
79 0 5 0.0 5.0 0.0
80 0 100 0.0 0.0 0.0
81 2 113 9.541850352986048 40.41888428935346 385.6709453236695
82 1 10 1.0 18.1937008646705 18.1937008646705
83 0 100 0.0 0.0 0.0
84 14 157 1540.4353185285338 260347.99462064612 401049246.02172
85 14 200 1540.4353185285338 472963.862071704 728570237.5229108
86 2 44 9.541850352986048 234.56808185291177 2238.2135346274663
87 1 105 1.0 7.59708563275366 7.59708563275366
88 4 128 75.61186198841948 298.26715011537044 22552.534590202584
89 0 100 0.0 0.0 0.0
90 2 115 9.541850352986048 49.68406405407534 474.0779041321602
91 0 100 0.0 0.0 0.0
92 0 100 0.0 0.0 0.0
93 7 78 332.66880679862265 6084.0 2023957.0205628201
94 3 79 32.9215577265747 1028.715399126087 33866.9133965458
95 3 46 32.9215577265747 435.9769523615719 14353.040404627594
96 2 50 9.541850352986048 282.0582186126376 2691.3573128316116
97 0 100 0.0 0.0 0.0
98 0 100 0.0 0.0 0.0
99 0 6 0.0 6.0 0.0
100 2 38 9.541850352986048 189.8638195218893 1811.6521533242187
101 4 61 75.61186198841948 1129.4605717070829 85400.6168692773
102 1 9 1.0 15.931997307697284 15.931997307697284
103 1 108 1.0 13.734791927877684 13.734791927877684
104 0 100 0.0 0.0 0.0
105 0 100 0.0 0.0 0.0
106 0 100 0.0 0.0 0.0
107 5 42 139.6884681067044 890.5118703159138 124394.2389952662
108 0 100 0.0 0.0 0.0
109 2 54 9.541850352986048 315.16948038953416 3007.300017705306
110 0 100 0.0 0.0 0.0
111 2 126 9.541850352986048 109.8359986590007 1048.0386625749609
112 0 100 0.0 0.0 0.0
113 1 28 1.0 66.57403288693754 66.57403288693754
114 0 100 0.0 0.0 0.0
115 0 100 0.0 0.0 0.0
116 10 143 766.6651705632711 62147.61058651166 47646408.47040772
117 2 30 9.541850352986048 135.01359299654277 1288.2794999919763
118 0 100 0.0 0.0 0.0
119 0 100 0.0 0.0 0.0
120 0 100 0.0 0.0 0.0
121 0 100 0.0 0.0 0.0
122 0 100 0.0 0.0 0.0
123 0 100 0.0 0.0 0.0
124 1 32 1.0 78.7716859795011 78.7716859795011
125 0 6 0.0 6.0 0.0
126 6 150 225.58275470837765 14544.969872206551 3281094.3709227135
127 0 6 0.0 6.0 0.0
128 0 100 0.0 0.0 0.0
129 0 100 0.0 0.0 0.0
130 0 100 0.0 0.0 0.0
131 3 141 32.9215577265747 363.1907597716439 11956.805563580698
132 0 100 0.0 0.0 0.0
133 17 270 2206.0678959513543 2354917.3050674964 5195107464.329685
134 2 21 9.541850352986048 80.71796600694597 770.1987524356932
135 0 100 0.0 0.0 0.0
136 0 100 0.0 0.0 0.0
137 1 104 1.0 5.735193251789799 5.735193251789799
138 0 100 0.0 0.0 0.0
139 1 106 1.0 9.55892689827884 9.55892689827884
140 11 229 942.9223974109915 252740.34468079347 238314531.7288941
141 14 195 1540.4353185285338 444335.496698253 684470092.3899076
142 0 100 0.0 0.0 0.0
143 0 100 0.0 0.0 0.0
144 0 100 0.0 0.0 0.0
145 0 100 0.0 0.0 0.0
146 0 100 0.0 0.0 0.0
147 10 125 766.6651705632711 46077.20429199722 35325787.687602736
148 1 15 1.0 30.323695983612147 30.323695983612147
149 12 168 1131.8354418063404 170783.8914273342 193299261.20706287
150 0 100 0.0 0.0 0.0
151 0 100 0.0 0.0 0.0
152 0 100 0.0 0.0 0.0
153 0 100 0.0 0.0 0.0
154 0 100 0.0 0.0 0.0
155 1 106 1.0 9.55892689827884 9.55892689827884
156 2 30 9.541850352986048 135.01359299654277 1288.2794999919763
157 0 100 0.0 0.0 0.0
158 3 66 32.9215577265747 773.2963448216119 25458.12025579391
159 1 47 1.0 127.85310766976465 127.85310766976465
160 0 100 0.0 0.0 0.0
161 3 72 32.9215577265747 887.8335628861327 29228.863892146303
162 0 100 0.0 0.0 0.0
163 2 22 9.541850352986048 86.31942417916456 823.6470280735138
164 2 26 9.541850352986048 109.8359986590007 1048.0386625749609
165 0 100 0.0 0.0 0.0
166 1 12 1.0 22.891970023971037 22.891970023971037
167 0 5 0.0 5.0 0.0
168 2 160 9.541850352986048 366.8916913478798 3500.825614595415
169 10 201 766.6651705632711 132514.12595962713 101593964.98088032
170 4 152 75.61186198841948 859.6554919481086 65000.15241476724
171 3 128 32.9215577265747 198.25318874016915 6526.8037975869875
172 2 138 9.541850352986048 189.8638195218893 1811.6521533242187
173 2 17 9.541850352986048 59.51335422080222 567.8675199791454
174 1 12 1.0 22.891970023971037 22.891970023971037
175 0 100 0.0 0.0 0.0
176 1 108 1.0 13.734791927877684 13.734791927877684
177 7 118 332.66880679862265 13924.0 4632080.465864022
178 16 245 1979.1134619514044 1390652.9767282873 2752260027.145746
179 1 106 1.0 9.55892689827884 9.55892689827884
180 0 100 0.0 0.0 0.0
181 1 105 1.0 7.59708563275366 7.59708563275366
182 1 102 1.0 2.3948263510722025 2.3948263510722025
183 2 30 9.541850352986048 135.01359299654277 1288.2794999919763
184 2 19 9.541850352986048 69.8685662777562 666.6754038000371
185 3 40 32.9215577265747 349.23013798641597 11497.20014757944
186 13 202 1331.5823725933528 359935.57175293716 479283862.6155211
187 2 43 9.541850352986048 226.91812071099523 2165.21875020514
188 1 15 1.0 30.323695983612147 30.323695983612147
189 3 127 32.9215577265747 187.1321231368427 6160.680994346051
190 0 100 0.0 0.0 0.0
191 2 52 9.541850352986048 298.47302352672085 2847.984924895254
192 3 124 32.9215577265747 155.22039240905832 5110.09710903639
193 3 116 32.9215577265747 81.54950460903234 2684.7367235598276
194 0 100 0.0 0.0 0.0
195 1 15 1.0 30.323695983612147 30.323695983612147
196 3 14 32.9215577265747 65.97278979840442 2171.9270077313495
197 2 126 9.541850352986048 109.8359986590007 1048.0386625749609
198 8 88 459.67273235884244 11083.755846199128 5094900.334620647
199 3 71 32.9215577265747 868.3392862126454 28587.081937302275
