0 0 100 0.0 0.0 0.0
1 2 15 9.541850352986048 49.68406405407534 474.0779041321602
2 2 111 9.541850352986048 31.76494829034237 303.0963830567869
3 0 100 0.0 0.0 0.0
4 0 100 0.0 0.0 0.0
5 2 68 9.541850352986048 439.47602925740523 4193.414504898678
6 2 10 9.541850352986048 27.685321443873434 264.16919419175593
7 2 16 9.541850352986048 54.53075711894446 520.3243240639966
8 3 55 32.9215577265747 578.9666715492328 19060.48469917088
9 0 100 0.0 0.0 0.0
10 0 100 0.0 0.0 0.0
11 6 86 225.58275470837765 5018.366904356723 1132057.0304221432
12 0 100 0.0 0.0 0.0
13 0 5 0.0 5.0 0.0
14 0 100 0.0 0.0 0.0
15 0 100 0.0 0.0 0.0
16 0 5 0.0 5.0 0.0
17 0 100 0.0 0.0 0.0
18 0 100 0.0 0.0 0.0
19 0 100 0.0 0.0 0.0
20 0 100 0.0 0.0 0.0
21 0 100 0.0 0.0 0.0
22 0 5 0.0 5.0 0.0
23 0 100 0.0 0.0 0.0
24 0 6 0.0 6.0 0.0
25 0 100 0.0 0.0 0.0
26 0 100 0.0 0.0 0.0
27 0 100 0.0 0.0 0.0
28 6 58 225.58275470837765 2362.1985438616953 532871.2546924397
29 2 18 9.541850352986048 64.62733255388774 616.6643359418604
30 2 16 9.541850352986048 54.53075711894446 520.3243240639966
31 0 100 0.0 0.0 0.0
32 4 27 75.61186198841948 280.28354879760207 21192.761009308724
33 1 22 1.0 49.12998068819353 49.12998068819353
34 1 22 1.0 49.12998068819353 49.12998068819353
35 0 100 0.0 0.0 0.0
36 0 100 0.0 0.0 0.0
37 0 100 0.0 0.0 0.0
38 0 100 0.0 0.0 0.0
39 0 100 0.0 0.0 0.0
40 0 9 0.0 9.0 0.0
41 2 19 9.541850352986048 69.8685662777562 666.6754038000371
42 1 20 1.0 43.57075425423803 43.57075425423803
43 0 11 0.0 11.0 0.0
44 1 5 1.0 7.59708563275366 7.59708563275366
45 1 12 1.0 22.891970023971037 22.891970023971037
46 0 100 0.0 0.0 0.0
47 0 100 0.0 0.0 0.0
48 0 100 0.0 0.0 0.0
49 0 100 0.0 0.0 0.0
50 0 100 0.0 0.0 0.0
51 0 100 0.0 0.0 0.0
52 1 6 1.0 9.55892689827884 9.55892689827884
53 0 100 0.0 0.0 0.0
54 0 100 0.0 0.0 0.0
55 1 40 1.0 104.3443904241405 104.3443904241405
56 0 100 0.0 0.0 0.0
57 0 100 0.0 0.0 0.0
58 0 100 0.0 0.0 0.0
59 0 100 0.0 0.0 0.0
60 2 37 9.541850352986048 182.69988024795316 1743.2949168344405
61 1 18 1.0 38.15436697768484 38.15436697768484
62 1 18 1.0 38.15436697768484 38.15436697768484
63 3 86 32.9215577265747 1177.1312153238637 38752.99325703761
64 0 11 0.0 11.0 0.0
65 0 9 0.0 9.0 0.0
66 1 10 1.0 18.1937008646705 18.1937008646705
67 0 100 0.0 0.0 0.0
68 0 100 0.0 0.0 0.0
69 0 100 0.0 0.0 0.0
70 5 52 139.6884681067044 1312.7590262571498 183377.29737111018
71 5 75 139.6884681067044 2553.9502583266267 356757.3992063684
72 0 100 0.0 0.0 0.0
73 1 7 1.0 11.607984241186918 11.607984241186918
74 0 10 0.0 10.0 0.0
75 0 100 0.0 0.0 0.0
76 1 16 1.0 32.892441635375256 32.892441635375256
77 0 100 0.0 0.0 0.0
78 0 100 0.0 0.0 0.0
79 2 19 9.541850352986048 69.8685662777562 666.6754038000371
80 0 100 0.0 0.0 0.0
81 0 100 0.0 0.0 0.0
82 1 9 1.0 15.931997307697284 15.931997307697284
83 0 100 0.0 0.0 0.0
84 1 11 1.0 20.51504931294799 20.51504931294799
85 1 25 1.0 57.71571011139208 57.71571011139208
86 0 11 0.0 11.0 0.0
87 0 100 0.0 0.0 0.0
88 0 100 0.0 0.0 0.0
89 0 100 0.0 0.0 0.0
90 0 100 0.0 0.0 0.0
91 0 100 0.0 0.0 0.0
92 0 100 0.0 0.0 0.0
93 0 100 0.0 0.0 0.0
94 0 100 0.0 0.0 0.0
95 1 11 1.0 20.51504931294799 20.51504931294799
96 0 100 0.0 0.0 0.0
97 0 100 0.0 0.0 0.0
98 3 36 32.9215577265747 295.444715883087 9726.500268956508
99 4 51 75.61186198841948 831.5797944458234 62877.296649995835
100 0 11 0.0 11.0 0.0
101 1 41 1.0 107.64164596635766 107.64164596635766
102 0 100 0.0 0.0 0.0
103 0 100 0.0 0.0 0.0
104 1 107 1.0 11.607984241186918 11.607984241186918
105 3 62 32.9215577265747 700.2360303580608 23052.86089566041
106 0 100 0.0 0.0 0.0
107 2 62 9.541850352986048 384.6592176812078 3670.3606920107695
108 0 100 0.0 0.0 0.0
109 0 100 0.0 0.0 0.0
110 3 33 32.9215577265747 257.33012181535685 8471.708460130769
111 3 90 32.9215577265747 1265.2216514357588 41653.0676346545
112 0 100 0.0 0.0 0.0
113 3 55 32.9215577265747 578.9666715492328 19060.48469917088
114 3 53 32.9215577265747 545.90532331836 17972.053614869816
115 1 26 1.0 60.63937356224698 60.63937356224698
116 0 100 0.0 0.0 0.0
117 0 100 0.0 0.0 0.0
118 1 15 1.0 30.323695983612147 30.323695983612147
119 0 100 0.0 0.0 0.0
120 3 96 32.9215577265747 1401.7140955887514 46146.611514078526
121 0 100 0.0 0.0 0.0
122 0 100 0.0 0.0 0.0
123 0 100 0.0 0.0 0.0
124 2 119 9.541850352986048 69.8685662777562 666.6754038000371
125 0 100 0.0 0.0 0.0
126 2 91 9.541850352986048 669.0007525336273 6383.5050667109235
127 0 100 0.0 0.0 0.0
128 1 28 1.0 66.57403288693754 66.57403288693754
129 2 33 9.541850352986048 154.90879557685506 1478.1165457556579
130 0 100 0.0 0.0 0.0
131 3 40 32.9215577265747 349.23013798641597 11497.20014757944
132 1 26 1.0 60.63937356224698 60.63937356224698
133 3 37 32.9215577265747 308.57807572808247 10158.870933237406
134 0 100 0.0 0.0 0.0
135 2 67 9.541850352986048 430.18533333719057 4104.764074752892
136 2 23 9.541850352986048 92.0346545141889 878.1809006631623
137 0 100 0.0 0.0 0.0
138 1 103 1.0 3.9914906122521803 3.9914906122521803
139 2 26 9.541850352986048 109.8359986590007 1048.0386625749609
140 0 100 0.0 0.0 0.0
141 0 100 0.0 0.0 0.0
142 2 61 9.541850352986048 375.74324992186104 3585.2858618990344
143 2 29 9.541850352986048 128.5709592386038 1226.8048527946264
144 1 23 1.0 51.960050539976365 51.960050539976365
145 1 19 1.0 40.84402933782601 40.84402933782601
146 1 18 1.0 38.15436697768484 38.15436697768484
147 1 20 1.0 43.57075425423803 43.57075425423803
148 1 16 1.0 32.892441635375256 32.892441635375256
149 0 100 0.0 0.0 0.0
150 1 22 1.0 49.12998068819353 49.12998068819353
151 5 41 139.6884681067044 852.3594055446428 119064.77963687235
152 3 38 32.9215577265747 321.92161897300775 10598.16116245226
153 1 20 1.0 43.57075425423803 43.57075425423803
154 3 32 32.9215577265747 245.06238675558936 8067.83551218631
155 4 75 75.61186198841948 1608.0874365260645 121590.48531592006
156 2 27 9.541850352986048 115.98017876588344 1106.66550969663
157 2 26 9.541850352986048 109.8359986590007 1048.0386625749609
158 1 20 1.0 43.57075425423803 43.57075425423803
159 1 17 1.0 35.503281577765854 35.503281577765854
160 4 57 75.61186198841948 1005.7817905983286 76049.03394118624
161 0 100 0.0 0.0 0.0
162 0 100 0.0 0.0 0.0
163 3 29 32.9215577265747 209.61005902119368 6900.689658136957
164 2 65 9.541850352986048 411.78783219395143 3929.2178719752146
165 4 47 75.61186198841948 723.181183304868 54681.07582466957
166 3 25 32.9215577265747 165.61186212092687 5452.200479019623
167 0 100 0.0 0.0 0.0
168 4 108 75.61186198841948 2999.8926316694174 226827.4676458645
169 1 103 1.0 3.9914906122521803 3.9914906122521803
170 1 6 1.0 9.55892689827884 9.55892689827884
171 2 95 9.541850352986048 711.8213664694125 6792.092956909175
172 4 93 75.61186198841948 2323.049658002374 175650.1101331206
173 0 100 0.0 0.0 0.0
174 4 92 75.61186198841948 2280.4993308091553 172432.80066582482
175 2 53 9.541850352986048 306.7864203576611 2927.3101133810746
176 4 58 75.61186198841948 1036.142416344768 78344.65738500807
177 0 100 0.0 0.0 0.0
178 1 105 1.0 7.59708563275366 7.59708563275366
179 1 107 1.0 11.607984241186918 11.607984241186918
180 1 56 1.0 159.43324825478544 159.43324825478544
181 4 20 75.61186198841948 167.77606276002984 12685.860502371781
182 5 61 139.6884681067044 1754.5251914699081 245086.93625105367
183 0 100 0.0 0.0 0.0
184 0 100 0.0 0.0 0.0
185 3 37 32.9215577265747 308.57807572808247 10158.870933237406
186 2 24 9.541850352986048 97.86086952638261 933.7737724338355
187 2 47 9.541850352986048 257.9778488812911 2461.586028410529
188 1 16 1.0 32.892441635375256 32.892441635375256
189 3 35 32.9215577265747 282.5239294230334 9301.12785163911
190 4 72 75.61186198841948 1499.6637502850892 113392.36851559173
191 4 90 75.61186198841948 2196.381035229248 166072.4597097358
192 1 36 1.0 91.37308344663872 91.37308344663872
193 0 100 0.0 0.0 0.0
194 2 18 9.541850352986048 64.62733255388774 616.6643359418604
195 3 60 32.9215577265747 664.7206420100937 21883.638987981092
196 3 17 32.9215577265747 89.78750677036001 2955.9445872656233
197 6 141 225.58275470837765 12921.36097430879 2914836.2031659037
198 3 100 32.9215577265747 1495.5540179272011 49235.96793440108
199 2 31 9.541850352986048 141.5519192260369 1350.6672304328126
