0 4 20 75.61186198841948 167.77606276002984 12685.860502371781
1 1 6 1.0 9.55892689827884 9.55892689827884
2 1 14 1.0 27.799106543625292 27.799106543625292
3 1 105 1.0 7.59708563275366 7.59708563275366
4 0 100 0.0 0.0 0.0
5 0 100 0.0 0.0 0.0
6 0 5 0.0 5.0 0.0
7 1 10 1.0 18.1937008646705 18.1937008646705
8 2 29 9.541850352986048 128.5709592386038 1226.8048527946264
9 0 7 0.0 7.0 0.0
10 1 106 1.0 9.55892689827884 9.55892689827884
11 0 100 0.0 0.0 0.0
12 0 100 0.0 0.0 0.0
13 0 100 0.0 0.0 0.0
14 0 100 0.0 0.0 0.0
15 0 5 0.0 5.0 0.0
16 0 10 0.0 10.0 0.0
17 0 100 0.0 0.0 0.0
18 0 100 0.0 0.0 0.0
19 2 30 9.541850352986048 135.01359299654277 1288.2794999919763
20 2 21 9.541850352986048 80.71796600694597 770.1987524356932
21 0 100 0.0 0.0 0.0
22 2 31 9.541850352986048 141.5519192260369 1350.6672304328126
23 1 14 1.0 27.799106543625292 27.799106543625292
24 1 108 1.0 13.734791927877684 13.734791927877684
25 2 11 9.541850352986048 31.76494829034237 303.0963830567869
26 0 10 0.0 10.0 0.0
27 2 36 9.541850352986048 175.6210676402407 1675.7499462548174
28 0 5 0.0 5.0 0.0
29 1 101 1.0 1.0 1.0
30 0 8 0.0 8.0 0.0
31 0 100 0.0 0.0 0.0
32 0 100 0.0 0.0 0.0
33 0 100 0.0 0.0 0.0
34 0 6 0.0 6.0 0.0
35 1 105 1.0 7.59708563275366 7.59708563275366
36 0 100 0.0 0.0 0.0
37 0 8 0.0 8.0 0.0
38 1 14 1.0 27.799106543625292 27.799106543625292
39 0 100 0.0 0.0 0.0
40 1 104 1.0 5.735193251789799 5.735193251789799
41 0 100 0.0 0.0 0.0
42 1 16 1.0 32.892441635375256 32.892441635375256
43 1 9 1.0 15.931997307697284 15.931997307697284
44 0 100 0.0 0.0 0.0
45 1 7 1.0 11.607984241186918 11.607984241186918
46 0 100 0.0 0.0 0.0
47 0 10 0.0 10.0 0.0
48 2 18 9.541850352986048 64.62733255388774 616.6643359418604
49 1 101 1.0 1.0 1.0
50 2 43 9.541850352986048 226.91812071099523 2165.21875020514
51 0 100 0.0 0.0 0.0
52 0 10 0.0 10.0 0.0
53 1 12 1.0 22.891970023971037 22.891970023971037
54 0 100 0.0 0.0 0.0
55 1 12 1.0 22.891970023971037 22.891970023971037
56 0 100 0.0 0.0 0.0
57 0 7 0.0 7.0 0.0
58 1 104 1.0 5.735193251789799 5.735193251789799
59 1 20 1.0 43.57075425423803 43.57075425423803
60 0 100 0.0 0.0 0.0
61 2 16 9.541850352986048 54.53075711894446 520.3243240639966
62 0 10 0.0 10.0 0.0
63 0 5 0.0 5.0 0.0
64 0 100 0.0 0.0 0.0
65 0 100 0.0 0.0 0.0
66 2 15 9.541850352986048 49.68406405407534 474.0779041321602
67 2 26 9.541850352986048 109.8359986590007 1048.0386625749609
68 0 100 0.0 0.0 0.0
69 0 100 0.0 0.0 0.0
70 0 100 0.0 0.0 0.0
71 0 5 0.0 5.0 0.0
72 2 15 9.541850352986048 49.68406405407534 474.0779041321602
73 0 100 0.0 0.0 0.0
74 0 14 0.0 14.0 0.0
75 1 14 1.0 27.799106543625292 27.799106543625292
76 0 100 0.0 0.0 0.0
77 0 100 0.0 0.0 0.0
78 0 100 0.0 0.0 0.0
79 1 10 1.0 18.1937008646705 18.1937008646705
80 1 17 1.0 35.503281577765854 35.503281577765854
81 1 104 1.0 5.735193251789799 5.735193251789799
82 0 100 0.0 0.0 0.0
83 0 100 0.0 0.0 0.0
84 0 100 0.0 0.0 0.0
85 0 100 0.0 0.0 0.0
86 0 100 0.0 0.0 0.0
87 0 100 0.0 0.0 0.0
88 0 6 0.0 6.0 0.0
89 0 100 0.0 0.0 0.0
90 0 100 0.0 0.0 0.0
91 0 6 0.0 6.0 0.0
92 0 10 0.0 10.0 0.0
93 3 18 32.9215577265747 98.31525163284788 3236.6912320335186
94 2 23 9.541850352986048 92.0346545141889 878.1809006631623
95 1 10 1.0 18.1937008646705 18.1937008646705
96 0 100 0.0 0.0 0.0
97 2 33 9.541850352986048 154.90879557685506 1478.1165457556579
98 0 100 0.0 0.0 0.0
99 0 100 0.0 0.0 0.0
100 2 25 9.541850352986048 103.79546451213633 990.4007896934788
101 0 10 0.0 10.0 0.0
102 0 100 0.0 0.0 0.0
103 0 11 0.0 11.0 0.0
104 1 10 1.0 18.1937008646705 18.1937008646705
105 0 5 0.0 5.0 0.0
106 0 10 0.0 10.0 0.0
107 0 100 0.0 0.0 0.0
108 0 5 0.0 5.0 0.0
109 1 18 1.0 38.15436697768484 38.15436697768484
110 0 100 0.0 0.0 0.0
111 2 33 9.541850352986048 154.90879557685506 1478.1165457556579
112 2 68 9.541850352986048 439.47602925740523 4193.414504898678
113 0 7 0.0 7.0 0.0
114 0 100 0.0 0.0 0.0
115 5 40 139.6884681067044 814.9598274436516 113840.48986410785
116 1 12 1.0 22.891970023971037 22.891970023971037
117 0 100 0.0 0.0 0.0
118 1 14 1.0 27.799106543625292 27.799106543625292
119 2 16 9.541850352986048 54.53075711894446 520.3243240639966
120 0 100 0.0 0.0 0.0
121 0 100 0.0 0.0 0.0
122 2 22 9.541850352986048 86.31942417916456 823.6470280735138
123 0 100 0.0 0.0 0.0
124 0 11 0.0 11.0 0.0
125 0 100 0.0 0.0 0.0
126 0 100 0.0 0.0 0.0
127 1 12 1.0 22.891970023971037 22.891970023971037
128 0 100 0.0 0.0 0.0
129 1 10 1.0 18.1937008646705 18.1937008646705
130 2 21 9.541850352986048 80.71796600694597 770.1987524356932
131 0 100 0.0 0.0 0.0
132 4 44 75.61186198841948 646.0476428878335 48848.86521197858
133 3 30 32.9215577265747 221.1993434691573 7282.2269551002855
134 5 56 139.6884681067044 1501.9949206988383 209811.36957647165
135 0 100 0.0 0.0 0.0
136 1 102 1.0 2.3948263510722025 2.3948263510722025
137 0 100 0.0 0.0 0.0
138 0 5 0.0 5.0 0.0
139 0 100 0.0 0.0 0.0
140 0 100 0.0 0.0 0.0
141 1 12 1.0 22.891970023971037 22.891970023971037
142 4 54 75.61186198841948 916.9626779842689 69333.25545627807
143 1 12 1.0 22.891970023971037 22.891970023971037
144 4 47 75.61186198841948 723.181183304868 54681.07582466957
145 1 16 1.0 32.892441635375256 32.892441635375256
146 0 100 0.0 0.0 0.0
147 2 21 9.541850352986048 80.71796600694597 770.1987524356932
148 1 15 1.0 30.323695983612147 30.323695983612147
149 0 100 0.0 0.0 0.0
150 1 18 1.0 38.15436697768484 38.15436697768484
151 0 6 0.0 6.0 0.0
152 0 100 0.0 0.0 0.0
153 2 16 9.541850352986048 54.53075711894446 520.3243240639966
154 1 18 1.0 38.15436697768484 38.15436697768484
155 1 103 1.0 3.9914906122521803 3.9914906122521803
156 0 100 0.0 0.0 0.0
157 1 16 1.0 32.892441635375256 32.892441635375256
158 1 102 1.0 2.3948263510722025 2.3948263510722025
159 2 26 9.541850352986048 109.8359986590007 1048.0386625749609
160 1 11 1.0 20.51504931294799 20.51504931294799
161 1 100 1.0 0.0 0.0
162 4 51 75.61186198841948 831.5797944458234 62877.296649995835
163 1 28 1.0 66.57403288693754 66.57403288693754
164 1 16 1.0 32.892441635375256 32.892441635375256
165 1 20 1.0 43.57075425423803 43.57075425423803
166 1 10 1.0 18.1937008646705 18.1937008646705
167 2 13 9.541850352986048 40.41888428935346 385.6709453236695
168 0 100 0.0 0.0 0.0
169 0 100 0.0 0.0 0.0
170 1 103 1.0 3.9914906122521803 3.9914906122521803
171 0 100 0.0 0.0 0.0
172 2 16 9.541850352986048 54.53075711894446 520.3243240639966
173 1 113 1.0 25.320989780782124 25.320989780782124
174 1 14 1.0 27.799106543625292 27.799106543625292
175 1 14 1.0 27.799106543625292 27.799106543625292
176 0 7 0.0 7.0 0.0
177 3 21 32.9215577265747 125.57185196799401 4134.020973397207
178 1 10 1.0 18.1937008646705 18.1937008646705
179 3 24 32.9215577265747 155.22039240905832 5110.09710903639
180 1 12 1.0 22.891970023971037 22.891970023971037
181 3 26 32.9215577265747 176.25042831919396 5802.438650243859
182 1 26 1.0 60.63937356224698 60.63937356224698
183 3 22 32.9215577265747 135.19579244279535 4450.856085295499
184 2 24 9.541850352986048 97.86086952638261 933.7737724338355
185 1 10 1.0 18.1937008646705 18.1937008646705
186 4 35 75.61186198841948 436.83679879622173 33030.043742042886
187 2 109 9.541850352986048 23.78240930402918 226.9281906125095
188 2 23 9.541850352986048 92.0346545141889 878.1809006631623
189 1 12 1.0 22.891970023971037 22.891970023971037
190 2 123 9.541850352986048 92.0346545141889 878.1809006631623
191 1 106 1.0 9.55892689827884 9.55892689827884
192 2 48 9.541850352986048 265.93129728965954 2537.4766429133756
193 1 10 1.0 18.1937008646705 18.1937008646705
194 3 136 32.9215577265747 295.444715883087 9726.500268956508
195 1 13 1.0 25.320989780782124 25.320989780782124
196 3 35 32.9215577265747 282.5239294230334 9301.12785163911
197 2 27 9.541850352986048 115.98017876588344 1106.66550969663
198 1 12 1.0 22.891970023971037 22.891970023971037
199 4 33 75.61186198841948 395.0229353848392 29868.419672578806
