0 0 11 0.0 11.0 0.0
1 1 6 1.0 9.55892689827884 9.55892689827884
2 0 100 0.0 0.0 0.0
3 1 102 1.0 2.3948263510722025 2.3948263510722025
4 0 100 0.0 0.0 0.0
5 1 18 1.0 38.15436697768484 38.15436697768484
6 0 100 0.0 0.0 0.0
7 0 100 0.0 0.0 0.0
8 0 100 0.0 0.0 0.0
9 0 7 0.0 7.0 0.0
10 1 15 1.0 30.323695983612147 30.323695983612147
11 0 5 0.0 5.0 0.0
12 2 6 9.541850352986048 13.252209915340185 126.45060385853394
13 1 22 1.0 49.12998068819353 49.12998068819353
14 0 6 0.0 6.0 0.0
15 0 6 0.0 6.0 0.0
16 1 10 1.0 18.1937008646705 18.1937008646705
17 0 9 0.0 9.0 0.0
18 0 5 0.0 5.0 0.0
19 1 10 1.0 18.1937008646705 18.1937008646705
20 1 18 1.0 38.15436697768484 38.15436697768484
21 0 8 0.0 8.0 0.0
22 0 100 0.0 0.0 0.0
23 1 100 1.0 0.0 0.0
24 0 100 0.0 0.0 0.0
25 0 6 0.0 6.0 0.0
26 0 100 0.0 0.0 0.0
27 0 100 0.0 0.0 0.0
28 0 100 0.0 0.0 0.0
29 0 100 0.0 0.0 0.0
30 0 5 0.0 5.0 0.0
31 0 100 0.0 0.0 0.0
32 0 8 0.0 8.0 0.0
33 0 5 0.0 5.0 0.0
34 0 10 0.0 10.0 0.0
35 0 100 0.0 0.0 0.0
36 1 20 1.0 43.57075425423803 43.57075425423803
37 0 100 0.0 0.0 0.0
38 0 5 0.0 5.0 0.0
39 1 9 1.0 15.931997307697284 15.931997307697284
40 0 6 0.0 6.0 0.0
41 1 9 1.0 15.931997307697284 15.931997307697284
42 0 100 0.0 0.0 0.0
43 0 100 0.0 0.0 0.0
44 1 20 1.0 43.57075425423803 43.57075425423803
45 0 11 0.0 11.0 0.0
46 0 6 0.0 6.0 0.0
47 0 100 0.0 0.0 0.0
48 0 100 0.0 0.0 0.0
49 0 100 0.0 0.0 0.0
50 0 6 0.0 6.0 0.0
51 0 100 0.0 0.0 0.0
52 0 100 0.0 0.0 0.0
53 0 10 0.0 10.0 0.0
54 0 6 0.0 6.0 0.0
55 0 11 0.0 11.0 0.0
56 0 6 0.0 6.0 0.0
57 0 100 0.0 0.0 0.0
58 0 100 0.0 0.0 0.0
59 0 100 0.0 0.0 0.0
60 1 17 1.0 35.503281577765854 35.503281577765854
61 0 6 0.0 6.0 0.0
62 0 100 0.0 0.0 0.0
63 0 5 0.0 5.0 0.0
64 0 100 0.0 0.0 0.0
65 1 11 1.0 20.51504931294799 20.51504931294799
66 0 10 0.0 10.0 0.0
67 0 6 0.0 6.0 0.0
68 0 6 0.0 6.0 0.0
69 0 5 0.0 5.0 0.0
70 0 5 0.0 5.0 0.0
71 1 12 1.0 22.891970023971037 22.891970023971037
72 0 100 0.0 0.0 0.0
73 0 100 0.0 0.0 0.0
74 1 20 1.0 43.57075425423803 43.57075425423803
75 0 9 0.0 9.0 0.0
76 1 11 1.0 20.51504931294799 20.51504931294799
77 0 6 0.0 6.0 0.0
78 0 100 0.0 0.0 0.0
79 0 100 0.0 0.0 0.0
80 0 100 0.0 0.0 0.0
81 1 10 1.0 18.1937008646705 18.1937008646705
82 1 26 1.0 60.63937356224698 60.63937356224698
83 1 10 1.0 18.1937008646705 18.1937008646705
84 0 100 0.0 0.0 0.0
85 0 10 0.0 10.0 0.0
86 0 100 0.0 0.0 0.0
87 1 14 1.0 27.799106543625292 27.799106543625292
88 0 6 0.0 6.0 0.0
89 0 6 0.0 6.0 0.0
90 0 6 0.0 6.0 0.0
91 0 11 0.0 11.0 0.0
92 1 10 1.0 18.1937008646705 18.1937008646705
93 0 6 0.0 6.0 0.0
94 0 100 0.0 0.0 0.0
95 1 104 1.0 5.735193251789799 5.735193251789799
96 0 6 0.0 6.0 0.0
97 0 6 0.0 6.0 0.0
98 1 18 1.0 38.15436697768484 38.15436697768484
99 0 100 0.0 0.0 0.0
100 1 102 1.0 2.3948263510722025 2.3948263510722025
101 1 11 1.0 20.51504931294799 20.51504931294799
102 0 9 0.0 9.0 0.0
103 0 6 0.0 6.0 0.0
104 2 17 9.541850352986048 59.51335422080222 567.8675199791454
105 1 103 1.0 3.9914906122521803 3.9914906122521803
106 0 100 0.0 0.0 0.0
107 0 100 0.0 0.0 0.0
108 0 6 0.0 6.0 0.0
109 0 8 0.0 8.0 0.0
110 0 6 0.0 6.0 0.0
111 0 10 0.0 10.0 0.0
112 0 100 0.0 0.0 0.0
113 0 5 0.0 5.0 0.0
114 1 100 1.0 0.0 0.0
115 0 6 0.0 6.0 0.0
116 0 8 0.0 8.0 0.0
117 2 6 9.541850352986048 13.252209915340185 126.45060385853394
118 1 18 1.0 38.15436697768484 38.15436697768484
119 1 102 1.0 2.3948263510722025 2.3948263510722025
120 0 8 0.0 8.0 0.0
121 0 6 0.0 6.0 0.0
122 1 18 1.0 38.15436697768484 38.15436697768484
123 0 8 0.0 8.0 0.0
124 0 100 0.0 0.0 0.0
125 0 5 0.0 5.0 0.0
126 0 100 0.0 0.0 0.0
127 0 100 0.0 0.0 0.0
128 1 16 1.0 32.892441635375256 32.892441635375256
129 0 11 0.0 11.0 0.0
130 1 6 1.0 9.55892689827884 9.55892689827884
131 0 6 0.0 6.0 0.0
132 0 8 0.0 8.0 0.0
133 0 6 0.0 6.0 0.0
134 1 12 1.0 22.891970023971037 22.891970023971037
135 0 5 0.0 5.0 0.0
136 0 100 0.0 0.0 0.0
137 0 6 0.0 6.0 0.0
138 1 8 1.0 13.734791927877684 13.734791927877684
139 0 100 0.0 0.0 0.0
140 0 100 0.0 0.0 0.0
141 0 100 0.0 0.0 0.0
142 0 100 0.0 0.0 0.0
143 1 14 1.0 27.799106543625292 27.799106543625292
144 0 6 0.0 6.0 0.0
145 0 10 0.0 10.0 0.0
146 2 18 9.541850352986048 64.62733255388774 616.6643359418604
147 1 16 1.0 32.892441635375256 32.892441635375256
148 0 6 0.0 6.0 0.0
149 1 8 1.0 13.734791927877684 13.734791927877684
150 2 4 9.541850352986048 7.384494371244687 70.4617402228846
151 1 11 1.0 20.51504931294799 20.51504931294799
152 0 100 0.0 0.0 0.0
153 1 8 1.0 13.734791927877684 13.734791927877684
154 0 6 0.0 6.0 0.0
155 0 5 0.0 5.0 0.0
156 0 10 0.0 10.0 0.0
157 1 20 1.0 43.57075425423803 43.57075425423803
158 1 16 1.0 32.892441635375256 32.892441635375256
159 2 13 9.541850352986048 40.41888428935346 385.6709453236695
160 2 11 9.541850352986048 31.76494829034237 303.0963830567869
161 0 6 0.0 6.0 0.0
162 0 100 0.0 0.0 0.0
163 0 100 0.0 0.0 0.0
164 1 11 1.0 20.51504931294799 20.51504931294799
165 3 7 32.9215577265747 21.953790612108268 722.752984953656
166 0 100 0.0 0.0 0.0
167 0 10 0.0 10.0 0.0
168 1 11 1.0 20.51504931294799 20.51504931294799
169 1 103 1.0 3.9914906122521803 3.9914906122521803
170 1 11 1.0 20.51504931294799 20.51504931294799
171 0 10 0.0 10.0 0.0
172 0 6 0.0 6.0 0.0
173 0 6 0.0 6.0 0.0
174 2 4 9.541850352986048 7.384494371244687 70.4617402228846
175 1 14 1.0 27.799106543625292 27.799106543625292
176 0 6 0.0 6.0 0.0
177 0 10 0.0 10.0 0.0
178 0 100 0.0 0.0 0.0
179 1 8 1.0 13.734791927877684 13.734791927877684
180 0 8 0.0 8.0 0.0
181 0 10 0.0 10.0 0.0
182 0 100 0.0 0.0 0.0
183 1 16 1.0 32.892441635375256 32.892441635375256
184 0 20 0.0 20.0 0.0
185 1 7 1.0 11.607984241186918 11.607984241186918
186 0 100 0.0 0.0 0.0
187 1 9 1.0 15.931997307697284 15.931997307697284
188 1 11 1.0 20.51504931294799 20.51504931294799
189 1 13 1.0 25.320989780782124 25.320989780782124
190 1 6 1.0 9.55892689827884 9.55892689827884
191 2 15 9.541850352986048 49.68406405407534 474.0779041321602
192 1 14 1.0 27.799106543625292 27.799106543625292
193 0 6 0.0 6.0 0.0
194 0 6 0.0 6.0 0.0
195 1 11 1.0 20.51504931294799 20.51504931294799
196 0 100 0.0 0.0 0.0
197 0 10 0.0 10.0 0.0
198 0 100 0.0 0.0 0.0
199 0 100 0.0 0.0 0.0
