0 0 100 0.0 0.0 0.0
1 3 51 32.9215577265747 513.5688732735056 16907.48730804564
2 0 100 0.0 0.0 0.0
3 0 100 0.0 0.0 0.0
4 0 100 0.0 0.0 0.0
5 0 100 0.0 0.0 0.0
6 0 11 0.0 11.0 0.0
7 0 100 0.0 0.0 0.0
8 1 9 1.0 15.931997307697284 15.931997307697284
9 0 100 0.0 0.0 0.0
10 0 11 0.0 11.0 0.0
11 0 100 0.0 0.0 0.0
12 0 10 0.0 10.0 0.0
13 3 20 32.9215577265747 116.21344721391306 3825.92771105708
14 0 100 0.0 0.0 0.0
15 1 10 1.0 18.1937008646705 18.1937008646705
16 7 201 332.66880679862265 10201.0 3393554.4981527496
17 0 100 0.0 0.0 0.0
18 0 100 0.0 0.0 0.0
19 2 59 9.541850352986048 358.10513855020525 3416.9856426813935
20 0 100 0.0 0.0 0.0
21 1 108 1.0 13.734791927877684 13.734791927877684
22 0 100 0.0 0.0 0.0
23 0 100 0.0 0.0 0.0
24 1 104 1.0 5.735193251789799 5.735193251789799
25 3 153 32.9215577265747 545.90532331836 17972.053614869816
26 0 100 0.0 0.0 0.0
27 1 27 1.0 63.59241768810072 63.59241768810072
28 1 10 1.0 18.1937008646705 18.1937008646705
29 1 23 1.0 51.960050539976365 51.960050539976365
30 0 100 0.0 0.0 0.0
31 0 100 0.0 0.0 0.0
32 3 48 32.9215577265747 466.4489382157433 15356.225645969067
33 4 61 75.61186198841948 1129.4605717070829 85400.6168692773
34 2 138 9.541850352986048 189.8638195218893 1811.6521533242187
35 2 20 9.541850352986048 75.23327232919837 717.8646261306569
36 5 46 139.6884681067044 1050.58572833688 146754.71100614508
37 2 32 9.541850352986048 148.1842032776824 1413.95149235211
38 0 100 0.0 0.0 0.0
39 1 11 1.0 20.51504931294799 20.51504931294799
40 0 100 0.0 0.0 0.0
41 0 100 0.0 0.0 0.0
42 0 100 0.0 0.0 0.0
43 0 11 0.0 11.0 0.0
44 0 100 0.0 0.0 0.0
45 0 100 0.0 0.0 0.0
46 2 27 9.541850352986048 115.98017876588344 1106.66550969663
47 0 100 0.0 0.0 0.0
48 4 83 75.61186198841948 1912.3940233356846 144599.67295993603
49 0 100 0.0 0.0 0.0
50 0 11 0.0 11.0 0.0
51 0 10 0.0 10.0 0.0
52 0 100 0.0 0.0 0.0
53 1 102 1.0 2.3948263510722025 2.3948263510722025
54 0 100 0.0 0.0 0.0
55 0 100 0.0 0.0 0.0
56 6 114 225.58275470837765 8604.337363813209 1940990.124969204
57 0 100 0.0 0.0 0.0
58 1 62 1.0 181.24749763055752 181.24749763055752
59 2 13 9.541850352986048 40.41888428935346 385.6709453236695
60 1 104 1.0 5.735193251789799 5.735193251789799
61 0 100 0.0 0.0 0.0
62 0 100 0.0 0.0 0.0
63 0 100 0.0 0.0 0.0
64 6 82 225.58275470837765 4581.357643139669 1033475.277443727
65 2 60 9.541850352986048 366.8916913478798 3500.825614595415
66 0 100 0.0 0.0 0.0
67 0 8 0.0 8.0 0.0
68 0 100 0.0 0.0 0.0
69 0 100 0.0 0.0 0.0
70 0 100 0.0 0.0 0.0
71 0 100 0.0 0.0 0.0
72 5 131 139.6884681067044 512.8425432350123 71638.18924444518
73 0 100 0.0 0.0 0.0
74 0 100 0.0 0.0 0.0
75 1 105 1.0 7.59708563275366 7.59708563275366
76 0 100 0.0 0.0 0.0
77 1 102 1.0 2.3948263510722025 2.3948263510722025
78 0 100 0.0 0.0 0.0
79 0 100 0.0 0.0 0.0
80 0 100 0.0 0.0 0.0
81 0 11 0.0 11.0 0.0
82 3 102 32.9215577265747 1543.3130397440127 50808.269328107985
83 0 100 0.0 0.0 0.0
84 0 100 0.0 0.0 0.0
85 3 48 32.9215577265747 466.4489382157433 15356.225645969067
86 0 100 0.0 0.0 0.0
87 2 117 9.541850352986048 59.51335422080222 567.8675199791454
88 0 100 0.0 0.0 0.0
89 1 10 1.0 18.1937008646705 18.1937008646705
90 0 100 0.0 0.0 0.0
91 0 100 0.0 0.0 0.0
92 0 100 0.0 0.0 0.0
93 0 100 0.0 0.0 0.0
94 1 13 1.0 25.320989780782124 25.320989780782124
95 0 100 0.0 0.0 0.0
96 6 180 225.58275470837765 20614.893744758443 4650364.5189631125
97 1 34 1.0 85.02419427196995 85.02419427196995
98 1 109 1.0 15.931997307697284 15.931997307697284
99 0 100 0.0 0.0 0.0
100 0 100 0.0 0.0 0.0
101 1 10 1.0 18.1937008646705 18.1937008646705
102 2 112 9.541850352986048 36.01211998010309 343.62225974392254
103 2 32 9.541850352986048 148.1842032776824 1413.95149235211
104 0 100 0.0 0.0 0.0
105 1 20 1.0 43.57075425423803 43.57075425423803
106 1 8 1.0 13.734791927877684 13.734791927877684
107 0 100 0.0 0.0 0.0
108 1 16 1.0 32.892441635375256 32.892441635375256
109 2 48 9.541850352986048 265.93129728965954 2537.4766429133756
110 6 96 225.58275470837765 6193.675591281851 1397186.4016513997
111 1 107 1.0 11.607984241186918 11.607984241186918
112 0 100 0.0 0.0 0.0
113 1 10 1.0 18.1937008646705 18.1937008646705
114 5 124 139.6884681067044 6367.950129749906 889529.1986046539
115 0 100 0.0 0.0 0.0
116 0 100 0.0 0.0 0.0
117 0 100 0.0 0.0 0.0
118 5 58 139.6884681067044 1600.889370701534 223625.7838016033
119 0 100 0.0 0.0 0.0
120 1 107 1.0 11.607984241186918 11.607984241186918
121 3 46 32.9215577265747 435.9769523615719 14353.040404627594
122 0 100 0.0 0.0 0.0
123 2 16 9.541850352986048 54.53075711894446 520.3243240639966
124 0 100 0.0 0.0 0.0
125 2 26 9.541850352986048 109.8359986590007 1048.0386625749609
126 0 100 0.0 0.0 0.0
127 2 11 9.541850352986048 31.76494829034237 303.0963830567869
128 6 97 225.58275470837765 6317.679695554275 1425159.589088318
129 3 55 32.9215577265747 578.9666715492328 19060.48469917088
130 1 108 1.0 13.734791927877684 13.734791927877684
131 0 100 0.0 0.0 0.0
132 0 100 0.0 0.0 0.0
133 0 100 0.0 0.0 0.0
134 0 100 0.0 0.0 0.0
135 2 125 9.541850352986048 103.79546451213633 990.4007896934788
136 0 100 0.0 0.0 0.0
137 0 100 0.0 0.0 0.0
138 4 53 75.61186198841948 888.1171619831025 67152.19228141312
139 7 109 332.66880679862265 11881.0 3952438.093574436
140 4 51 75.61186198841948 831.5797944458234 62877.296649995835
141 1 102 1.0 2.3948263510722025 2.3948263510722025
142 6 99 225.58275470837765 6569.204673563341 1481899.2865055674
143 0 100 0.0 0.0 0.0
144 0 100 0.0 0.0 0.0
145 0 100 0.0 0.0 0.0
146 0 100 0.0 0.0 0.0
147 2 104 9.541850352986048 7.384494371244687 70.4617402228846
148 1 43 1.0 114.29870016819844 114.29870016819844
149 1 11 1.0 20.51504931294799 20.51504931294799
150 8 116 459.67273235884244 19689.9977613532 9050955.071100716
151 3 38 32.9215577265747 321.92161897300775 10598.16116245226
152 1 106 1.0 9.55892689827884 9.55892689827884
153 4 48 75.61186198841948 749.6906189831174 56685.50361656424
154 1 9 1.0 15.931997307697284 15.931997307697284
155 0 100 0.0 0.0 0.0
156 5 77 139.6884681067044 2679.0520099722326 374232.6712512085
157 0 100 0.0 0.0 0.0
158 0 100 0.0 0.0 0.0
159 1 32 1.0 78.7716859795011 78.7716859795011
160 7 133 332.66880679862265 17689.0 5884578.523460836
161 1 109 1.0 15.931997307697284 15.931997307697284
162 4 53 75.61186198841948 888.1171619831025 67152.19228141312
163 1 93 1.0 302.0877421708135 302.0877421708135
164 4 55 75.61186198841948 946.1899645328139 71543.18501308264
165 0 100 0.0 0.0 0.0
166 0 100 0.0 0.0 0.0
167 0 100 0.0 0.0 0.0
168 1 25 1.0 57.71571011139208 57.71571011139208
169 0 100 0.0 0.0 0.0
170 8 157 459.67273235884244 36953.48006693682 16986507.15253687
171 4 39 75.61186198841948 525.6324972119714 39744.05183581987
172 0 100 0.0 0.0 0.0
173 2 46 9.541850352986048 250.0988923255542 2386.406204018009
174 1 7 1.0 11.607984241186918 11.607984241186918
175 1 13 1.0 25.320989780782124 25.320989780782124
176 3 60 32.9215577265747 664.7206420100937 21883.638987981092
177 1 39 1.0 101.06849300292524 101.06849300292524
178 1 20 1.0 43.57075425423803 43.57075425423803
179 3 100 32.9215577265747 1495.5540179272011 49235.96793440108
180 6 110 225.58275470837765 8036.070233330496 1812798.8602646885
181 8 50 459.67273235884244 3419.7945973477504 1571986.3266688478
182 4 80 75.61186198841948 1795.7178600152838 135777.5710016156
183 3 126 32.9215577265747 176.25042831919396 5802.438650243859
184 2 29 9.541850352986048 128.5709592386038 1226.8048527946264
185 0 100 0.0 0.0 0.0
186 0 100 0.0 0.0 0.0
187 2 65 9.541850352986048 411.78783219395143 3929.2178719752146
188 1 101 1.0 1.0 1.0
189 3 76 32.9215577265747 967.3986454236635 31848.270349925308
190 0 100 0.0 0.0 0.0
191 5 132 139.6884681067044 7134.089591711757 996550.0464021995
192 3 48 32.9215577265747 466.4489382157433 15356.225645969067
193 3 68 32.9215577265747 810.8239638778247 26693.587932893923
194 0 100 0.0 0.0 0.0
195 2 47 9.541850352986048 257.9778488812911 2461.586028410529
196 6 49 225.58275470837765 1710.916389083443 385953.23212515353
197 1 106 1.0 9.55892689827884 9.55892689827884
198 3 140 32.9215577265747 349.23013798641597 11497.20014757944
199 2 51 9.541850352986048 290.23003402420613 2769.3315526010238
