0 0 100 0.0 0.0 0.0
1 0 5 0.0 5.0 0.0
2 4 75 75.61186198841948 1608.0874365260645 121590.48531592006
3 0 100 0.0 0.0 0.0
4 0 8 0.0 8.0 0.0
5 0 100 0.0 0.0 0.0
6 0 100 0.0 0.0 0.0
7 1 108 1.0 13.734791927877684 13.734791927877684
8 2 16 9.541850352986048 54.53075711894446 520.3243240639966
9 3 40 32.9215577265747 349.23013798641597 11497.20014757944
10 0 100 0.0 0.0 0.0
11 0 9 0.0 9.0 0.0
12 1 11 1.0 20.51504931294799 20.51504931294799
13 1 107 1.0 11.607984241186918 11.607984241186918
14 0 100 0.0 0.0 0.0
15 0 11 0.0 11.0 0.0
16 1 105 1.0 7.59708563275366 7.59708563275366
17 0 6 0.0 6.0 0.0
18 0 100 0.0 0.0 0.0
19 1 11 1.0 20.51504931294799 20.51504931294799
20 0 100 0.0 0.0 0.0
21 0 100 0.0 0.0 0.0
22 0 100 0.0 0.0 0.0
23 0 100 0.0 0.0 0.0
24 5 54 139.6884681067044 1405.9451433371921 196394.3233148333
25 0 100 0.0 0.0 0.0
26 0 100 0.0 0.0 0.0
27 2 55 9.541850352986048 323.62148105306557 3087.947743220061
28 0 100 0.0 0.0 0.0
29 1 16 1.0 32.892441635375256 32.892441635375256
30 1 23 1.0 51.960050539976365 51.960050539976365
31 1 23 1.0 51.960050539976365 51.960050539976365
32 0 10 0.0 10.0 0.0
33 0 100 0.0 0.0 0.0
34 2 34 9.541850352986048 161.72412498062124 1543.1473990327004
35 3 21 32.9215577265747 125.57185196799401 4134.020973397207
36 0 100 0.0 0.0 0.0
37 1 12 1.0 22.891970023971037 22.891970023971037
38 0 100 0.0 0.0 0.0
39 1 11 1.0 20.51504931294799 20.51504931294799
40 3 19 32.9215577265747 107.12598084817145 3526.754162509012
41 0 9 0.0 9.0 0.0
42 2 35 9.541850352986048 168.62869283493262 1609.0297522505775
43 0 100 0.0 0.0 0.0
44 0 7 0.0 7.0 0.0
45 0 8 0.0 8.0 0.0
46 0 100 0.0 0.0 0.0
47 1 104 1.0 5.735193251789799 5.735193251789799
48 1 17 1.0 35.503281577765854 35.503281577765854
49 0 100 0.0 0.0 0.0
50 0 5 0.0 5.0 0.0
51 0 100 0.0 0.0 0.0
52 2 17 9.541850352986048 59.51335422080222 567.8675199791454
53 0 9 0.0 9.0 0.0
54 0 100 0.0 0.0 0.0
55 2 6 9.541850352986048 13.252209915340185 126.45060385853394
56 0 6 0.0 6.0 0.0
57 0 100 0.0 0.0 0.0
58 1 9 1.0 15.931997307697284 15.931997307697284
59 0 100 0.0 0.0 0.0
60 0 10 0.0 10.0 0.0
61 1 9 1.0 15.931997307697284 15.931997307697284
62 0 100 0.0 0.0 0.0
63 0 7 0.0 7.0 0.0
64 0 100 0.0 0.0 0.0
65 2 30 9.541850352986048 135.01359299654277 1288.2794999919763
66 0 100 0.0 0.0 0.0
67 3 30 32.9215577265747 221.1993434691573 7282.2269551002855
68 1 6 1.0 9.55892689827884 9.55892689827884
69 0 100 0.0 0.0 0.0
70 0 10 0.0 10.0 0.0
71 0 11 0.0 11.0 0.0
72 0 100 0.0 0.0 0.0
73 0 100 0.0 0.0 0.0
74 0 10 0.0 10.0 0.0
75 0 100 0.0 0.0 0.0
76 1 29 1.0 69.58346013935528 69.58346013935528
77 1 11 1.0 20.51504931294799 20.51504931294799
78 1 104 1.0 5.735193251789799 5.735193251789799
79 0 100 0.0 0.0 0.0
80 0 100 0.0 0.0 0.0
81 2 29 9.541850352986048 128.5709592386038 1226.8048527946264
82 0 100 0.0 0.0 0.0
83 1 6 1.0 9.55892689827884 9.55892689827884
84 3 37 32.9215577265747 308.57807572808247 10158.870933237406
85 1 28 1.0 66.57403288693754 66.57403288693754
86 1 10 1.0 18.1937008646705 18.1937008646705
87 0 10 0.0 10.0 0.0
88 0 100 0.0 0.0 0.0
89 2 16 9.541850352986048 54.53075711894446 520.3243240639966
90 0 100 0.0 0.0 0.0
91 1 104 1.0 5.735193251789799 5.735193251789799
92 0 100 0.0 0.0 0.0
93 0 100 0.0 0.0 0.0
94 1 102 1.0 2.3948263510722025 2.3948263510722025
95 1 108 1.0 13.734791927877684 13.734791927877684
96 0 100 0.0 0.0 0.0
97 0 100 0.0 0.0 0.0
98 0 10 0.0 10.0 0.0
99 0 100 0.0 0.0 0.0
100 1 15 1.0 30.323695983612147 30.323695983612147
101 0 100 0.0 0.0 0.0
102 3 33 32.9215577265747 257.33012181535685 8471.708460130769
103 0 7 0.0 7.0 0.0
104 2 26 9.541850352986048 109.8359986590007 1048.0386625749609
105 2 37 9.541850352986048 182.69988024795316 1743.2949168344405
106 4 49 75.61186198841948 776.5950928818146 58719.80098386357
107 3 18 32.9215577265747 98.31525163284788 3236.6912320335186
108 0 100 0.0 0.0 0.0
109 2 40 9.541850352986048 204.4421003683832 1950.7559275652661
110 0 100 0.0 0.0 0.0
111 0 100 0.0 0.0 0.0
112 2 11 9.541850352986048 31.76494829034237 303.0963830567869
113 0 100 0.0 0.0 0.0
114 0 11 0.0 11.0 0.0
115 0 100 0.0 0.0 0.0
116 1 57 1.0 163.02855966848514 163.02855966848514
117 0 100 0.0 0.0 0.0
118 0 6 0.0 6.0 0.0
119 2 21 9.541850352986048 80.71796600694597 770.1987524356932
120 0 100 0.0 0.0 0.0
121 0 100 0.0 0.0 0.0
122 0 100 0.0 0.0 0.0
123 0 10 0.0 10.0 0.0
124 2 29 9.541850352986048 128.5709592386038 1226.8048527946264
125 2 29 9.541850352986048 128.5709592386038 1226.8048527946264
126 0 100 0.0 0.0 0.0
127 0 100 0.0 0.0 0.0
128 0 100 0.0 0.0 0.0
129 2 21 9.541850352986048 80.71796600694597 770.1987524356932
130 2 20 9.541850352986048 75.23327232919837 717.8646261306569
131 1 15 1.0 30.323695983612147 30.323695983612147
132 0 8 0.0 8.0 0.0
133 0 100 0.0 0.0 0.0
134 1 21 1.0 46.33316012586883 46.33316012586883
135 1 101 1.0 1.0 1.0
136 3 21 32.9215577265747 125.57185196799401 4134.020973397207
137 0 100 0.0 0.0 0.0
138 4 25 75.61186198841948 245.72185754407212 18579.487180160453
139 2 29 9.541850352986048 128.5709592386038 1226.8048527946264
140 1 20 1.0 43.57075425423803 43.57075425423803
141 0 100 0.0 0.0 0.0
142 2 108 9.541850352986048 20.066939702021244 191.47573567908114
143 0 10 0.0 10.0 0.0
144 1 18 1.0 38.15436697768484 38.15436697768484
145 3 28 32.9215577265747 198.25318874016915 6526.8037975869875
146 1 49 1.0 134.74529814364382 134.74529814364382
147 0 100 0.0 0.0 0.0
148 0 100 0.0 0.0 0.0
149 2 112 9.541850352986048 36.01211998010309 343.62225974392254
150 3 144 32.9215577265747 406.27351121486885 13375.156852238497
151 1 39 1.0 101.06849300292524 101.06849300292524
152 2 15 9.541850352986048 49.68406405407534 474.0779041321602
153 2 31 9.541850352986048 141.5519192260369 1350.6672304328126
154 0 100 0.0 0.0 0.0
155 2 18 9.541850352986048 64.62733255388774 616.6643359418604
156 0 100 0.0 0.0 0.0
157 0 100 0.0 0.0 0.0
158 0 100 0.0 0.0 0.0
159 1 11 1.0 20.51504931294799 20.51504931294799
160 1 102 1.0 2.3948263510722025 2.3948263510722025
161 2 30 9.541850352986048 135.01359299654277 1288.2794999919763
162 1 104 1.0 5.735193251789799 5.735193251789799
163 3 27 32.9215577265747 187.1321231368427 6160.680994346051
164 1 101 1.0 1.0 1.0
165 0 100 0.0 0.0 0.0
166 3 31 32.9215577265747 233.0178128969552 7671.309378607293
167 1 104 1.0 5.735193251789799 5.735193251789799
168 2 19 9.541850352986048 69.8685662777562 666.6754038000371
169 1 7 1.0 11.607984241186918 11.607984241186918
170 2 12 9.541850352986048 36.01211998010309 343.62225974392254
171 3 41 32.9215577265747 363.1907597716439 11956.805563580698
172 2 27 9.541850352986048 115.98017876588344 1106.66550969663
173 4 35 75.61186198841948 436.83679879622173 33030.043742042886
174 1 13 1.0 25.320989780782124 25.320989780782124
175 1 16 1.0 32.892441635375256 32.892441635375256
176 0 100 0.0 0.0 0.0
177 5 132 139.6884681067044 543.2991441606081 75892.6251714789
178 3 47 32.9215577265747 451.11773253603667 14851.498473166615
179 2 28 9.541850352986048 122.22584512913716 1166.2607234894754
180 1 14 1.0 27.799106543625292 27.799106543625292
181 0 100 0.0 0.0 0.0
182 1 105 1.0 7.59708563275366 7.59708563275366
183 0 8 0.0 8.0 0.0
184 0 100 0.0 0.0 0.0
185 3 18 32.9215577265747 98.31525163284788 3236.6912320335186
186 1 28 1.0 66.57403288693754 66.57403288693754
187 3 27 32.9215577265747 187.1321231368427 6160.680994346051
188 2 36 9.541850352986048 175.6210676402407 1675.7499462548174
189 0 5 0.0 5.0 0.0
190 2 25 9.541850352986048 103.79546451213633 990.4007896934788
191 3 46 32.9215577265747 435.9769523615719 14353.040404627594
192 0 100 0.0 0.0 0.0
193 5 33 139.6884681067044 574.5435462484656 80257.10783604163
194 2 10 9.541850352986048 27.685321443873434 264.16919419175593
195 1 24 1.0 54.8222930413608 54.8222930413608
196 2 25 9.541850352986048 103.79546451213633 990.4007896934788
197 0 100 0.0 0.0 0.0
198 1 100 1.0 0.0 0.0
199 3 23 32.9215577265747 145.08021796711313 4776.266770788355
