0 0 100 0.0 0.0 0.0
1 0 11 0.0 11.0 0.0
2 0 6 0.0 6.0 0.0
3 0 100 0.0 0.0 0.0
4 12 228 1131.8354418063404 350182.1438103924 396348561.45232695
5 0 100 0.0 0.0 0.0
6 0 6 0.0 6.0 0.0
7 1 15 1.0 30.323695983612147 30.323695983612147
8 0 100 0.0 0.0 0.0
9 1 108 1.0 13.734791927877684 13.734791927877684
10 0 100 0.0 0.0 0.0
11 0 5 0.0 5.0 0.0
12 0 100 0.0 0.0 0.0
13 0 100 0.0 0.0 0.0
14 0 100 0.0 0.0 0.0
15 0 6 0.0 6.0 0.0
16 1 11 1.0 20.51504931294799 20.51504931294799
17 3 36 32.9215577265747 295.444715883087 9726.500268956508
18 0 100 0.0 0.0 0.0
19 0 6 0.0 6.0 0.0
20 0 8 0.0 8.0 0.0
21 0 5 0.0 5.0 0.0
22 0 5 0.0 5.0 0.0
23 1 10 1.0 18.1937008646705 18.1937008646705
24 0 100 0.0 0.0 0.0
25 1 103 1.0 3.9914906122521803 3.9914906122521803
26 0 5 0.0 5.0 0.0
27 0 100 0.0 0.0 0.0
28 11 180 942.9223974109915 145641.49049735971 137328623.38228056
29 0 100 0.0 0.0 0.0
30 0 100 0.0 0.0 0.0
31 0 5 0.0 5.0 0.0
32 1 12 1.0 22.891970023971037 22.891970023971037
33 10 186 766.6651705632711 111519.70276643366 85498271.94259316
34 7 138 332.66880679862265 19044.0 6335344.75667297
35 0 100 0.0 0.0 0.0
36 0 100 0.0 0.0 0.0
37 1 105 1.0 7.59708563275366 7.59708563275366
38 2 15 9.541850352986048 49.68406405407534 474.0779041321602
39 0 100 0.0 0.0 0.0
40 2 17 9.541850352986048 59.51335422080222 567.8675199791454
41 0 100 0.0 0.0 0.0
42 17 243 2206.0678959513543 1786722.520734625 3941631191.9659343
43 0 100 0.0 0.0 0.0
44 0 100 0.0 0.0 0.0
45 0 100 0.0 0.0 0.0
46 3 14 32.9215577265747 65.97278979840442 2171.9270077313495
47 0 100 0.0 0.0 0.0
48 0 5 0.0 5.0 0.0
49 0 100 0.0 0.0 0.0
50 4 61 75.61186198841948 1129.4605717070829 85400.6168692773
51 1 29 1.0 69.58346013935528 69.58346013935528
52 1 11 1.0 20.51504931294799 20.51504931294799
53 1 102 1.0 2.3948263510722025 2.3948263510722025
54 0 6 0.0 6.0 0.0
55 0 100 0.0 0.0 0.0
56 0 10 0.0 10.0 0.0
57 1 107 1.0 11.607984241186918 11.607984241186918
58 1 12 1.0 22.891970023971037 22.891970023971037
59 1 102 1.0 2.3948263510722025 2.3948263510722025
60 0 100 0.0 0.0 0.0
61 0 100 0.0 0.0 0.0
62 1 103 1.0 3.9914906122521803 3.9914906122521803
63 0 100 0.0 0.0 0.0
64 1 13 1.0 25.320989780782124 25.320989780782124
65 0 100 0.0 0.0 0.0
66 0 100 0.0 0.0 0.0
67 5 91 139.6884681067044 3629.2296992039956 506961.5370891617
68 1 19 1.0 40.84402933782601 40.84402933782601
69 1 102 1.0 2.3948263510722025 2.3948263510722025
70 3 135 32.9215577265747 282.5239294230334 9301.12785163911
71 1 21 1.0 46.33316012586883 46.33316012586883
72 1 11 1.0 20.51504931294799 20.51504931294799
73 0 100 0.0 0.0 0.0
74 1 9 1.0 15.931997307697284 15.931997307697284
75 0 9 0.0 9.0 0.0
76 0 6 0.0 6.0 0.0
77 2 10 9.541850352986048 27.685321443873434 264.16919419175593
78 1 25 1.0 57.71571011139208 57.71571011139208
79 0 5 0.0 5.0 0.0
80 0 100 0.0 0.0 0.0
81 2 17 9.541850352986048 59.51335422080222 567.8675199791454
82 0 100 0.0 0.0 0.0
83 0 6 0.0 6.0 0.0
84 14 266 1540.4353185285338 955591.7047239607 1472027212.049679
85 0 100 0.0 0.0 0.0
86 2 58 9.541850352986048 349.384203814786 3333.771788497865
87 1 34 1.0 85.02419427196995 85.02419427196995
88 3 18 32.9215577265747 98.31525163284788 3236.6912320335186
89 8 117 459.67273235884244 20044.718154360755 9214010.3633779
90 0 100 0.0 0.0 0.0
91 0 100 0.0 0.0 0.0
92 0 100 0.0 0.0 0.0
93 1 106 1.0 9.55892689827884 9.55892689827884
94 2 16 9.541850352986048 54.53075711894446 520.3243240639966
95 0 6 0.0 6.0 0.0
96 0 11 0.0 11.0 0.0
97 0 5 0.0 5.0 0.0
98 0 5 0.0 5.0 0.0
99 0 100 0.0 0.0 0.0
100 1 11 1.0 20.51504931294799 20.51504931294799
101 0 100 0.0 0.0 0.0
102 0 100 0.0 0.0 0.0
103 0 100 0.0 0.0 0.0
104 2 37 9.541850352986048 182.69988024795316 1743.2949168344405
105 3 57 32.9215577265747 612.7419199112477 20172.41848785035
106 0 6 0.0 6.0 0.0
107 4 80 75.61186198841948 1795.7178600152838 135777.5710016156
108 1 101 1.0 1.0 1.0
109 0 100 0.0 0.0 0.0
110 11 175 942.9223974109915 136544.81137309276 128751160.89394824
111 1 11 1.0 20.51504931294799 20.51504931294799
112 2 36 9.541850352986048 175.6210676402407 1675.7499462548174
113 0 100 0.0 0.0 0.0
114 1 11 1.0 20.51504931294799 20.51504931294799
115 18 299 2436.3877014920204 4037244.7701126314 9836293505.815393
116 0 100 0.0 0.0 0.0
117 0 100 0.0 0.0 0.0
118 0 100 0.0 0.0 0.0
119 2 49 9.541850352986048 273.9583678426836 2614.069748903192
120 10 172 766.6651705632711 93706.72457701275 71841681.98076095
121 8 101 459.67273235884244 14762.38290447426 6785864.885827147
122 0 100 0.0 0.0 0.0
123 15 267 1756.7778603087352 1301443.2402378954 2286346670.898397
124 0 100 0.0 0.0 0.0
125 1 103 1.0 3.9914906122521803 3.9914906122521803
126 4 73 75.61186198841948 1535.4556318691968 116098.65932623514
127 9 243 604.9491004987461 137921.79877981238 83435668.11101656
128 10 155 766.6651705632711 74345.3976110817 56998026.94009416
129 0 100 0.0 0.0 0.0
130 2 41 9.541850352986048 211.85407612585806 2021.4798910630518
131 7 117 332.66880679862265 13689.0 4553903.296266345
132 0 100 0.0 0.0 0.0
133 1 30 1.0 72.61998620345668 72.61998620345668
134 15 240 1756.7778603087352 994847.4549542126 1747725983.2480526
135 6 95 225.58275470837765 6070.84515091352 1369477.9725510685
136 3 53 32.9215577265747 545.90532331836 17972.053614869816
137 13 289 1331.5823725933528 853323.878522873 1136271034.7540493
138 0 100 0.0 0.0 0.0
139 0 100 0.0 0.0 0.0
140 2 39 9.541850352986048 197.11162840858907 1880.8096611081503
141 26 426 4285.277943143774 77308776.0 331289592604.24274
142 14 263 1540.4353185285338 929231.8482324303 1431421558.118782
143 12 254 1131.8354418063404 451407.67214080825 510919202.0322634
144 2 123 9.541850352986048 92.0346545141889 878.1809006631623
145 0 100 0.0 0.0 0.0
146 11 173 942.9223974109915 132998.42546222862 125407194.18873167
147 3 97 32.9215577265747 1424.9628464935386 46911.99660906123
148 14 228 1540.4353185285338 653382.3373284853 1006493228.9235232
149 2 6 9.541850352986048 13.252209915340185 126.45060385853394
150 1 17 1.0 35.503281577765854 35.503281577765854
151 0 100 0.0 0.0 0.0
152 12 349 1131.8354418063404 430791.02181594196 487584546.5032515
153 1 102 1.0 2.3948263510722025 2.3948263510722025
154 5 108 139.6884681067044 4954.230173639048 692048.8236036508
155 0 100 0.0 0.0 0.0
156 17 310 2206.0678959513543 3382320.197332155 7461628001.162316
157 13 235 1331.5823725933528 518335.39505508647 690206275.1465648
158 1 106 1.0 9.55892689827884 9.55892689827884
159 4 36 75.61186198841948 458.3949685466225 34660.09709793311
160 1 5 1.0 7.59708563275366 7.59708563275366
161 16 297 1979.1134619514044 2281146.2837971402 4514647318.943339
162 0 100 0.0 0.0 0.0
163 0 100 0.0 0.0 0.0
164 7 84 332.66880679862265 7056.0 2347311.1007710816
165 0 100 0.0 0.0 0.0
166 0 100 0.0 0.0 0.0
167 4 37 75.61186198841948 480.38255499420245 36322.61944986597
168 5 181 139.6884681067044 2937.2940727723303 410306.1094044695
169 12 141 1131.8354418063404 113118.45143365419 128031472.45485905
170 18 269 2436.3877014920204 3044773.491870264 7418248689.421625
171 15 317 1756.7778603087352 2005739.0180552385 3523637900.4768257
172 8 206 459.67273235884244 65018.6239355122 29887288.518648926
173 6 100 225.58275470837765 6696.723465418967 1510665.3268494436
174 1 105 1.0 7.59708563275366 7.59708563275366
175 2 47 9.541850352986048 257.9778488812911 2461.586028410529
176 11 234 942.9223974109915 265552.42476225615 250395328.9951285
177 20 411 2902.6872563902634 16270143.958927812 47227139529.21479
178 13 209 1331.5823725933528 390735.2774924319 520296207.8592946
179 2 17 9.541850352986048 59.51335422080222 567.8675199791454
180 14 262 1540.4353185285338 920542.5000537641 1418036179.289373
181 15 212 1756.7778603087352 727778.1968317925 1278544623.4095058
182 15 294 1756.7778603087352 1658996.69209108 2914488658.991037
183 2 106 9.541850352986048 13.252209915340185 126.45060385853394
184 10 179 766.6651705632711 102400.07810093557 78506573.34294605
185 6 92 225.58275470837765 5709.4065807799225 1287943.6642424744
186 2 16 9.541850352986048 54.53075711894446 520.3243240639966
187 14 297 1540.4353185285338 1254127.849990706 1931902834.0759385
188 15 299 1756.7778603087352 1731013.6222401606 3041006407.4443426
189 16 265 1979.1134619514044 1701560.9309244899 3367582144.723222
190 14 257 1540.4353185285338 877821.4060379151 1352227097.2211812
191 18 294 2436.3877014920204 3859598.119143505 9403477390.18297
192 7 123 332.66880679862265 15129.0 5032946.378056362
193 9 150 604.9491004987461 48780.52804290304 29509736.561408054
194 9 157 604.9491004987461 53817.35966039549 32556763.317773756
195 18 340 2436.3877014920204 5688562.263133302 13859543137.069592
196 15 261 1756.7778603087352 1229001.7193264086 2159083010.794005
197 13 249 1331.5823725933528 595910.8869723005 793504432.7287852
198 13 232 1331.5823725933528 502530.6646917638 669160974.7911735
199 25 292 4060.496712466729 20122734.842744175 81708298674.80243
