0 0 100 0.0 0.0 0.0
1 1 105 1.0 7.59708563275366 7.59708563275366
2 1 12 1.0 22.891970023971037 22.891970023971037
3 1 20 1.0 43.57075425423803 43.57075425423803
4 0 100 0.0 0.0 0.0
5 0 100 0.0 0.0 0.0
6 0 100 0.0 0.0 0.0
7 0 6 0.0 6.0 0.0
8 4 63 75.61186198841948 1193.5182370479756 90244.13622033325
9 0 100 0.0 0.0 0.0
10 1 12 1.0 22.891970023971037 22.891970023971037
11 1 101 1.0 1.0 1.0
12 0 100 0.0 0.0 0.0
13 1 16 1.0 32.892441635375256 32.892441635375256
14 5 189 139.6884681067044 3485.593399577667 486897.20242984424
15 1 15 1.0 30.323695983612147 30.323695983612147
16 2 32 9.541850352986048 148.1842032776824 1413.95149235211
17 0 9 0.0 9.0 0.0
18 0 8 0.0 8.0 0.0
19 0 100 0.0 0.0 0.0
20 1 28 1.0 66.57403288693754 66.57403288693754
21 0 100 0.0 0.0 0.0
22 2 43 9.541850352986048 226.91812071099523 2165.21875020514
23 2 13 9.541850352986048 40.41888428935346 385.6709453236695
24 0 10 0.0 10.0 0.0
25 0 100 0.0 0.0 0.0
26 11 183 942.9223974109915 151258.56329001058 142625087.12635896
27 0 100 0.0 0.0 0.0
28 0 100 0.0 0.0 0.0
29 0 100 0.0 0.0 0.0
30 0 10 0.0 10.0 0.0
31 1 6 1.0 9.55892689827884 9.55892689827884
32 1 106 1.0 9.55892689827884 9.55892689827884
33 13 270 1331.5823725933528 724323.4864494693 964496386.6114737
34 1 10 1.0 18.1937008646705 18.1937008646705
35 0 100 0.0 0.0 0.0
36 0 100 0.0 0.0 0.0
37 0 11 0.0 11.0 0.0
38 0 6 0.0 6.0 0.0
39 0 100 0.0 0.0 0.0
40 2 21 9.541850352986048 80.71796600694597 770.1987524356932
41 13 214 1331.5823725933528 413645.90394894715 550803594.1938611
42 1 103 1.0 3.9914906122521803 3.9914906122521803
43 2 18 9.541850352986048 64.62733255388774 616.6643359418604
44 7 133 332.66880679862265 17689.0 5884578.523460836
45 1 31 1.0 75.68293941204132 75.68293941204132
46 0 100 0.0 0.0 0.0
47 3 11 32.9215577265747 44.98915580191157 1481.1130898024949
48 1 106 1.0 9.55892689827884 9.55892689827884
49 2 15 9.541850352986048 49.68406405407534 474.0779041321602
50 2 121 9.541850352986048 80.71796600694597 770.1987524356932
51 1 11 1.0 20.51504931294799 20.51504931294799
52 0 100 0.0 0.0 0.0
53 5 103 139.6884681067044 4545.356706035842 634933.9152646826
54 0 100 0.0 0.0 0.0
55 0 6 0.0 6.0 0.0
56 0 100 0.0 0.0 0.0
57 1 105 1.0 7.59708563275366 7.59708563275366
58 0 7 0.0 7.0 0.0
59 14 210 1540.4353185285338 533439.6140318888 821729221.7569507
60 1 103 1.0 3.9914906122521803 3.9914906122521803
61 0 100 0.0 0.0 0.0
62 0 100 0.0 0.0 0.0
63 12 236 1131.8354418063404 379760.94856701704 429826901.00214463
64 0 11 0.0 11.0 0.0
65 3 49 32.9215577265747 481.96892224029307 15867.1676959488
66 0 5 0.0 5.0 0.0
67 0 100 0.0 0.0 0.0
68 0 100 0.0 0.0 0.0
69 0 100 0.0 0.0 0.0
70 0 10 0.0 10.0 0.0
71 0 10 0.0 10.0 0.0
72 0 100 0.0 0.0 0.0
73 4 36 75.61186198841948 458.3949685466225 34660.09709793311
74 0 100 0.0 0.0 0.0
75 1 105 1.0 7.59708563275366 7.59708563275366
76 0 100 0.0 0.0 0.0
77 1 100 1.0 0.0 0.0
78 0 8 0.0 8.0 0.0
79 0 100 0.0 0.0 0.0
80 1 107 1.0 11.607984241186918 11.607984241186918
81 0 100 0.0 0.0 0.0
82 5 169 139.6884681067044 2194.8788310889477 306599.26159464906
83 1 47 1.0 127.85310766976465 127.85310766976465
84 1 6 1.0 9.55892689827884 9.55892689827884
85 0 100 0.0 0.0 0.0
86 0 10 0.0 10.0 0.0
87 0 100 0.0 0.0 0.0
88 0 100 0.0 0.0 0.0
89 0 100 0.0 0.0 0.0
90 1 101 1.0 335.1866319415415 335.1866319415415
91 0 100 0.0 0.0 0.0
92 0 100 0.0 0.0 0.0
93 2 144 9.541850352986048 234.56808185291177 2238.2135346274663
94 0 100 0.0 0.0 0.0
95 0 100 0.0 0.0 0.0
96 2 45 9.541850352986048 242.29532664846576 2311.945748107533
97 0 100 0.0 0.0 0.0
98 1 11 1.0 20.51504931294799 20.51504931294799
99 9 164 604.9491004987461 59120.271421214304 35764755.01750532
100 0 100 0.0 0.0 0.0
101 0 100 0.0 0.0 0.0
102 1 13 1.0 25.320989780782124 25.320989780782124
103 1 11 1.0 20.51504931294799 20.51504931294799
104 5 45 139.6884681067044 1009.4539298642129 141009.0730870245
105 0 100 0.0 0.0 0.0
106 10 160 766.6651705632711 79784.57916828307 61168057.99637055
107 0 100 0.0 0.0 0.0
108 1 38 1.0 97.81435774219185 97.81435774219185
109 1 105 1.0 7.59708563275366 7.59708563275366
110 2 26 9.541850352986048 109.8359986590007 1048.0386625749609
111 3 123 32.9215577265747 145.08021796711313 4776.266770788355
112 2 10 9.541850352986048 27.685321443873434 264.16919419175593
113 11 136 942.9223974109915 76662.81301119635 72287083.43678781
114 0 100 0.0 0.0 0.0
115 2 19 9.541850352986048 69.8685662777562 666.6754038000371
116 1 10 1.0 18.1937008646705 18.1937008646705
117 0 100 0.0 0.0 0.0
118 0 9 0.0 9.0 0.0
119 1 105 1.0 7.59708563275366 7.59708563275366
120 2 37 9.541850352986048 182.69988024795316 1743.2949168344405
121 1 20 1.0 43.57075425423803 43.57075425423803
122 0 100 0.0 0.0 0.0
123 1 103 1.0 3.9914906122521803 3.9914906122521803
124 0 100 0.0 0.0 0.0
125 8 99 459.67273235884244 14160.822691605603 6509344.059099445
126 9 87 604.9491004987461 15085.772699605997 9126124.624955188
127 0 100 0.0 0.0 0.0
128 0 100 0.0 0.0 0.0
129 0 100 0.0 0.0 0.0
130 2 112 9.541850352986048 36.01211998010309 343.62225974392254
131 0 5 0.0 5.0 0.0
132 0 100 0.0 0.0 0.0
133 7 124 332.66880679862265 15376.0 5115115.5733356215
134 2 25 9.541850352986048 103.79546451213633 990.4007896934788
135 0 100 0.0 0.0 0.0
136 7 149 332.66880679862265 22201.0 7385580.179736221
137 1 9 1.0 15.931997307697284 15.931997307697284
138 1 33 1.0 81.88562674252243 81.88562674252243
139 0 100 0.0 0.0 0.0
140 2 11 9.541850352986048 31.76494829034237 303.0963830567869
141 14 268 1540.4353185285338 307669.623241192 473945154.0790996
142 0 100 0.0 0.0 0.0
143 2 130 9.541850352986048 135.01359299654277 1288.2794999919763
144 0 100 0.0 0.0 0.0
145 2 34 9.541850352986048 161.72412498062124 1543.1473990327004
146 1 31 1.0 75.68293941204132 75.68293941204132
147 0 100 0.0 0.0 0.0
148 1 7 1.0 11.607984241186918 11.607984241186918
149 3 23 32.9215577265747 145.08021796711313 4776.266770788355
150 10 148 766.6651705632711 67083.98395005375 51430953.9971317
151 1 105 1.0 7.59708563275366 7.59708563275366
152 0 100 0.0 0.0 0.0
153 11 207 942.9223974109915 200561.92047813235 189114326.8865932
154 0 11 0.0 11.0 0.0
155 5 66 139.6884681067044 2024.56047903646 282807.7519059787
156 4 64 75.61186198841948 1226.095534977771 92707.36637535656
157 1 13 1.0 25.320989780782124 25.320989780782124
158 0 100 0.0 0.0 0.0
159 1 11 1.0 20.51504931294799 20.51504931294799
160 11 183 942.9223974109915 151258.56329001058 142625087.12635896
161 7 171 332.66880679862265 5041.0 1676983.4550718567
162 0 100 0.0 0.0 0.0
163 1 106 1.0 9.55892689827884 9.55892689827884
164 2 104 9.541850352986048 7.384494371244687 70.4617402228846
165 1 108 1.0 13.734791927877684 13.734791927877684
166 1 105 1.0 7.59708563275366 7.59708563275366
167 2 37 9.541850352986048 182.69988024795316 1743.2949168344405
168 0 11 0.0 11.0 0.0
169 0 11 0.0 11.0 0.0
170 4 153 75.61186198841948 888.1171619831025 67152.19228141312
171 0 100 0.0 0.0 0.0
172 0 6 0.0 6.0 0.0
173 1 6 1.0 9.55892689827884 9.55892689827884
174 7 149 332.66880679862265 22201.0 7385580.179736221
175 11 220 942.9223974109915 230573.40317476977 217412826.10076502
176 1 12 1.0 22.891970023971037 22.891970023971037
177 0 100 0.0 0.0 0.0
178 2 22 9.541850352986048 86.31942417916456 823.6470280735138
179 0 100 0.0 0.0 0.0
180 1 16 1.0 32.892441635375256 32.892441635375256
181 8 94 459.67273235884244 12713.68154955962 5844132.736226273
182 6 100 225.58275470837765 6696.723465418967 1510665.3268494436
183 0 100 0.0 0.0 0.0
184 0 100 0.0 0.0 0.0
185 15 240 1756.7778603087352 994847.4549542126 1747725983.2480526
186 2 47 9.541850352986048 257.9778488812911 2461.586028410529
187 4 29 75.61186198841948 316.71264325745693 23947.232671970367
188 1 29 1.0 69.58346013935528 69.58346013935528
189 0 100 0.0 0.0 0.0
190 3 59 32.9215577265747 647.2206215128941 21307.511052966296
191 9 138 604.9491004987461 40759.58337596822 24657473.29999562
192 2 21 9.541850352986048 80.71796600694597 770.1987524356932
193 3 147 32.9215577265747 451.11773253603667 14851.498473166615
194 3 37 32.9215577265747 308.57807572808247 10158.870933237406
195 14 212 1540.4353185285338 546056.5101359754 841164734.1258909
196 12 199 1131.8354418063404 254315.5879600347 287843395.8569851
197 3 82 32.9215577265747 1091.4155133611555 35931.098826798436
198 0 100 0.0 0.0 0.0
199 3 34 32.9215577265747 269.81820202916316 8882.83551378369
