0 0 100 0.0 0.0 0.0
1 3 34 32.9215577265747 269.81820202916316 8882.83551378369
2 1 36 1.0 91.37308344663872 91.37308344663872
3 0 100 0.0 0.0 0.0
4 7 146 332.66880679862265 21316.0 7091168.28571944
5 0 10 0.0 10.0 0.0
6 1 20 1.0 43.57075425423803 43.57075425423803
7 1 105 1.0 7.59708563275366 7.59708563275366
8 0 6 0.0 6.0 0.0
9 1 104 1.0 5.735193251789799 5.735193251789799
10 2 132 9.541850352986048 148.1842032776824 1413.95149235211
11 1 9 1.0 15.931997307697284 15.931997307697284
12 0 5 0.0 5.0 0.0
13 0 100 0.0 0.0 0.0
14 0 6 0.0 6.0 0.0
15 0 100 0.0 0.0 0.0
16 2 17 9.541850352986048 59.51335422080222 567.8675199791454
17 0 7 0.0 7.0 0.0
18 0 100 0.0 0.0 0.0
19 3 23 32.9215577265747 145.08021796711313 4776.266770788355
20 1 104 1.0 5.735193251789799 5.735193251789799
21 5 45 139.6884681067044 1009.4539298642129 141009.0730870245
22 0 100 0.0 0.0 0.0
23 1 15 1.0 30.323695983612147 30.323695983612147
24 0 100 0.0 0.0 0.0
25 6 92 225.58275470837765 5709.4065807799225 1287943.6642424744
26 0 6 0.0 6.0 0.0
27 0 100 0.0 0.0 0.0
28 0 100 0.0 0.0 0.0
29 0 100 0.0 0.0 0.0
30 0 100 0.0 0.0 0.0
31 0 100 0.0 0.0 0.0
32 0 5 0.0 5.0 0.0
33 0 100 0.0 0.0 0.0
34 1 107 1.0 11.607984241186918 11.607984241186918
35 1 116 1.0 32.892441635375256 32.892441635375256
36 0 100 0.0 0.0 0.0
37 0 100 0.0 0.0 0.0
38 0 100 0.0 0.0 0.0
39 1 9 1.0 15.931997307697284 15.931997307697284
40 2 116 9.541850352986048 54.53075711894446 520.3243240639966
41 0 100 0.0 0.0 0.0
42 0 9 0.0 9.0 0.0
43 1 8 1.0 13.734791927877684 13.734791927877684
44 2 11 9.541850352986048 31.76494829034237 303.0963830567869
45 1 10 1.0 18.1937008646705 18.1937008646705
46 8 159 459.67273235884244 37939.40769100099 17439711.197398506
47 0 100 0.0 0.0 0.0
48 1 108 1.0 13.734791927877684 13.734791927877684
49 0 100 0.0 0.0 0.0
50 0 5 0.0 5.0 0.0
51 11 157 942.9223974109915 106501.37495943412 100422531.80431657
52 2 10 9.541850352986048 27.685321443873434 264.16919419175593
53 3 70 32.9215577265747 849.0056290582019 27950.587827226456
54 0 100 0.0 0.0 0.0
55 1 103 1.0 3.9914906122521803 3.9914906122521803
56 0 5 0.0 5.0 0.0
57 0 100 0.0 0.0 0.0
58 0 6 0.0 6.0 0.0
59 0 100 0.0 0.0 0.0
60 10 143 766.6651705632711 62147.61058651166 47646408.47040772
61 1 16 1.0 32.892441635375256 32.892441635375256
62 1 105 1.0 7.59708563275366 7.59708563275366
63 0 100 0.0 0.0 0.0
64 1 100 1.0 0.0 0.0
65 0 5 0.0 5.0 0.0
66 1 11 1.0 20.51504931294799 20.51504931294799
67 0 100 0.0 0.0 0.0
68 0 100 0.0 0.0 0.0
69 4 47 75.61186198841948 723.181183304868 54681.07582466957
70 2 30 9.541850352986048 135.01359299654277 1288.2794999919763
71 1 101 1.0 1.0 1.0
72 3 46 32.9215577265747 435.9769523615719 14353.040404627594
73 0 100 0.0 0.0 0.0
74 1 7 1.0 11.607984241186918 11.607984241186918
75 2 30 9.541850352986048 135.01359299654277 1288.2794999919763
76 1 103 1.0 3.9914906122521803 3.9914906122521803
77 1 103 1.0 3.9914906122521803 3.9914906122521803
78 0 7 0.0 7.0 0.0
79 0 100 0.0 0.0 0.0
80 3 147 32.9215577265747 451.11773253603667 14851.498473166615
81 12 219 1131.8354418063404 318542.5349918841 360537730.8266508
82 0 100 0.0 0.0 0.0
83 0 6 0.0 6.0 0.0
84 1 104 1.0 5.735193251789799 5.735193251789799
85 0 6 0.0 6.0 0.0
86 0 5 0.0 5.0 0.0
87 1 29 1.0 69.58346013935528 69.58346013935528
88 0 100 0.0 0.0 0.0
89 0 6 0.0 6.0 0.0
90 0 11 0.0 11.0 0.0
91 0 10 0.0 10.0 0.0
92 12 191 1131.8354418063404 230926.02514745313 261370259.6973497
93 1 101 1.0 1.0 1.0
94 1 103 1.0 3.9914906122521803 3.9914906122521803
95 1 108 1.0 13.734791927877684 13.734791927877684
96 0 100 0.0 0.0 0.0
97 0 100 0.0 0.0 0.0
98 3 39 32.9215577265747 335.47304520277595 11044.29522335299
99 1 11 1.0 20.51504931294799 20.51504931294799
100 11 170 942.9223974109915 127777.17882671817 120483963.79370208
101 10 156 766.6651705632711 75416.33841413441 57819079.95352973
102 0 7 0.0 7.0 0.0
103 1 7 1.0 11.607984241186918 11.607984241186918
104 9 113 604.9491004987461 26498.629929601415 16030322.340361528
105 0 100 0.0 0.0 0.0
106 3 143 32.9215577265747 391.71440685113555 12895.848457480626
107 12 187 1131.8354418063404 219715.13514294155 248681377.05605105
108 1 101 1.0 1.0 1.0
109 1 13 1.0 25.320989780782124 25.320989780782124
110 5 99 139.6884681067044 4229.702363015084 590840.6436368847
111 2 10 9.541850352986048 27.685321443873434 264.16919419175593
112 2 30 9.541850352986048 135.01359299654277 1288.2794999919763
113 0 100 0.0 0.0 0.0
114 1 23 1.0 51.960050539976365 51.960050539976365
115 1 26 1.0 60.63937356224698 60.63937356224698
116 2 15 9.541850352986048 49.68406405407534 474.0779041321602
117 0 100 0.0 0.0 0.0
118 9 114 604.9491004987461 27006.4292253054 16337515.067531552
119 0 100 0.0 0.0 0.0
120 2 33 9.541850352986048 154.90879557685506 1478.1165457556579
121 1 6 1.0 9.55892689827884 9.55892689827884
122 1 110 1.0 18.1937008646705 18.1937008646705
123 2 11 9.541850352986048 31.76494829034237 303.0963830567869
124 1 9 1.0 15.931997307697284 15.931997307697284
125 1 11 1.0 20.51504931294799 20.51504931294799
126 0 100 0.0 0.0 0.0
127 6 71 225.58275470837765 3478.001961782023 784577.2634199304
128 0 100 0.0 0.0 0.0
129 10 88 766.6651705632711 21110.122297554874 16184395.511866419
130 1 19 1.0 40.84402933782601 40.84402933782601
131 0 11 0.0 11.0 0.0
132 14 190 1540.4353185285338 416763.469765953 641997168.2999728
133 2 23 9.541850352986048 92.0346545141889 878.1809006631623
134 12 249 1131.8354418063404 430791.02181594196 487584546.5032515
135 0 9 0.0 9.0 0.0
136 1 9 1.0 15.931997307697284 15.931997307697284
137 1 106 1.0 9.55892689827884 9.55892689827884
138 0 100 0.0 0.0 0.0
139 10 217 766.6651705632711 157123.06072619176 120460778.151069
140 0 100 0.0 0.0 0.0
141 0 100 0.0 0.0 0.0
142 0 100 0.0 0.0 0.0
143 4 135 75.61186198841948 436.83679879622173 33030.043742042886
144 1 27 1.0 63.59241768810072 63.59241768810072
145 9 146 604.9491004987461 46021.08717513291 27840415.290571038
146 0 100 0.0 0.0 0.0
147 3 57 32.9215577265747 612.7419199112477 20172.41848785035
148 8 133 459.67273235884244 26169.13941804069 12029239.819770252
149 7 92 332.66880679862265 8464.0 2815708.780743542
150 14 253 1540.4353185285338 844510.0950808555 1300913177.31644
151 2 7 9.541850352986048 16.551687764173284 157.9337277350917
152 3 127 32.9215577265747 187.1321231368427 6160.680994346051
153 1 105 1.0 7.59708563275366 7.59708563275366
154 0 100 0.0 0.0 0.0
155 2 21 9.541850352986048 80.71796600694597 770.1987524356932
156 2 56 9.541850352986048 332.1417203303481 3169.2465913755254
157 6 103 225.58275470837765 7086.292798564201 1598545.450170251
158 9 159 604.9491004987461 55305.24634977481 33456859.032157835
159 6 72 225.58275470837765 3572.3109038912485 805851.7343745624
160 4 73 75.61186198841948 1535.4556318691968 116098.65932623514
161 0 100 0.0 0.0 0.0
162 4 66 75.61186198841948 1292.338741426653 97716.13855903981
163 2 40 9.541850352986048 204.4421003683832 1950.7559275652661
164 11 179 942.9223974109915 143795.70085563886 135588186.98819277
165 6 89 225.58275470837765 5358.570280584671 1208801.0451927343
166 0 100 0.0 0.0 0.0
167 1 106 1.0 9.55892689827884 9.55892689827884
168 3 67 32.9215577265747 791.9778998728451 26073.146148835265
169 4 77 75.61186198841948 1682.1075637745857 127187.28496180048
170 0 10 0.0 10.0 0.0
171 7 135 332.66880679862265 18225.0 6062889.003904898
172 1 102 1.0 2.3948263510722025 2.3948263510722025
173 1 19 1.0 40.84402933782601 40.84402933782601
174 9 141 604.9491004987461 42692.5615074584 25826826.68192435
175 0 100 0.0 0.0 0.0
176 4 70 75.61186198841948 1429.1350405139644 108059.56144615616
177 0 100 0.0 0.0 0.0
178 1 6 1.0 9.55892689827884 9.55892689827884
179 8 248 459.67273235884244 32683.32902098925 15023635.15366118
180 0 100 0.0 0.0 0.0
181 0 100 0.0 0.0 0.0
182 9 126 604.9491004987461 33505.118966499955 20268891.580887627
183 3 45 32.9215577265747 421.0282951259743 13860.907322511091
184 0 100 0.0 0.0 0.0
185 7 47 332.66880679862265 2209.0 734865.3942181574
186 1 16 1.0 32.892441635375256 32.892441635375256
187 2 34 9.541850352986048 161.72412498062124 1543.1473990327004
188 2 38 9.541850352986048 189.8638195218893 1811.6521533242187
189 0 100 0.0 0.0 0.0
190 2 12 9.541850352986048 36.01211998010309 343.62225974392254
191 5 165 139.6884681067044 1969.1653870843556 275069.6963705592
192 5 58 139.6884681067044 1600.889370701534 223625.7838016033
193 2 37 9.541850352986048 182.69988024795316 1743.2949168344405
194 1 7 1.0 11.607984241186918 11.607984241186918
195 2 13 9.541850352986048 40.41888428935346 385.6709453236695
196 2 10 9.541850352986048 27.685321443873434 264.16919419175593
197 3 72 32.9215577265747 887.8335628861327 29228.863892146303
198 0 100 0.0 0.0 0.0
199 11 150 942.9223974109915 95941.23722419069 90465141.41401054
