0 0 100 0.0 0.0 0.0
1 0 100 0.0 0.0 0.0
2 0 100 0.0 0.0 0.0
3 1 19 1.0 40.84402933782601 40.84402933782601
4 0 100 0.0 0.0 0.0
5 0 100 0.0 0.0 0.0
6 0 100 0.0 0.0 0.0
7 0 100 0.0 0.0 0.0
8 1 106 1.0 9.55892689827884 9.55892689827884
9 2 32 9.541850352986048 148.1842032776824 1413.95149235211
10 0 100 0.0 0.0 0.0
11 0 100 0.0 0.0 0.0
12 5 106 139.6884681067044 4788.781200314608 668937.5099701327
13 0 100 0.0 0.0 0.0
14 0 100 0.0 0.0 0.0
15 3 67 32.9215577265747 791.9778998728451 26073.146148835265
16 1 17 1.0 35.503281577765854 35.503281577765854
17 0 100 0.0 0.0 0.0
18 4 206 75.61186198841948 2905.522977389894 219692.00237058633
19 2 40 9.541850352986048 204.4421003683832 1950.7559275652661
20 0 100 0.0 0.0 0.0
21 3 42 32.9215577265747 377.3528472077043 12423.04354263576
22 0 100 0.0 0.0 0.0
23 0 100 0.0 0.0 0.0
24 4 143 75.61186198841948 621.143248020611 46965.797544373054
25 0 100 0.0 0.0 0.0
26 1 105 1.0 7.59708563275366 7.59708563275366
27 0 100 0.0 0.0 0.0
28 0 100 0.0 0.0 0.0
29 1 103 1.0 3.9914906122521803 3.9914906122521803
30 0 100 0.0 0.0 0.0
31 1 8 1.0 13.734791927877684 13.734791927877684
32 1 18 1.0 38.15436697768484 38.15436697768484
33 5 76 139.6884681067044 2616.164871066153 365448.0631538047
34 0 100 0.0 0.0 0.0
35 0 100 0.0 0.0 0.0
36 0 100 0.0 0.0 0.0
37 2 39 9.541850352986048 197.11162840858907 1880.8096611081503
38 0 100 0.0 0.0 0.0
39 1 102 1.0 2.3948263510722025 2.3948263510722025
40 0 100 0.0 0.0 0.0
41 1 10 1.0 18.1937008646705 18.1937008646705
42 0 100 0.0 0.0 0.0
43 0 100 0.0 0.0 0.0
44 0 100 0.0 0.0 0.0
45 0 10 0.0 10.0 0.0
46 0 11 0.0 11.0 0.0
47 0 100 0.0 0.0 0.0
48 4 37 75.61186198841948 480.38255499420245 36322.61944986597
49 2 24 9.541850352986048 97.86086952638261 933.7737724338355
50 0 100 0.0 0.0 0.0
51 5 66 139.6884681067044 2024.56047903646 282807.7519059787
52 0 100 0.0 0.0 0.0
53 0 100 0.0 0.0 0.0
54 0 100 0.0 0.0 0.0
55 0 100 0.0 0.0 0.0
56 1 12 1.0 22.891970023971037 22.891970023971037
57 1 10 1.0 18.1937008646705 18.1937008646705
58 2 34 9.541850352986048 161.72412498062124 1543.1473990327004
59 6 64 225.58275470837765 2851.6616420490063 643285.6887096304
60 0 100 0.0 0.0 0.0
61 0 100 0.0 0.0 0.0
62 4 153 75.61186198841948 888.1171619831025 67152.19228141312
63 1 9 1.0 15.931997307697284 15.931997307697284
64 2 27 9.541850352986048 115.98017876588344 1106.66550969663
65 0 100 0.0 0.0 0.0
66 0 100 0.0 0.0 0.0
67 2 25 9.541850352986048 103.79546451213633 990.4007896934788
68 0 100 0.0 0.0 0.0
69 2 133 9.541850352986048 154.90879557685506 1478.1165457556579
70 2 8 9.541850352986048 20.066939702021244 191.47573567908114
71 0 100 0.0 0.0 0.0
72 1 106 1.0 9.55892689827884 9.55892689827884
73 0 100 0.0 0.0 0.0
74 1 9 1.0 15.931997307697284 15.931997307697284
75 0 100 0.0 0.0 0.0
76 0 100 0.0 0.0 0.0
77 0 100 0.0 0.0 0.0
78 0 100 0.0 0.0 0.0
79 0 100 0.0 0.0 0.0
80 0 100 0.0 0.0 0.0
81 0 100 0.0 0.0 0.0
82 0 100 0.0 0.0 0.0
83 0 100 0.0 0.0 0.0
84 0 100 0.0 0.0 0.0
85 0 100 0.0 0.0 0.0
86 0 100 0.0 0.0 0.0
87 4 59 75.61186198841948 1066.8769814059906 80668.55507669134
88 0 100 0.0 0.0 0.0
89 1 7 1.0 11.607984241186918 11.607984241186918
90 3 81 32.9215577265747 1070.3630949288454 35238.02041809513
91 0 10 0.0 10.0 0.0
92 0 100 0.0 0.0 0.0
93 8 139 459.67273235884244 28684.707028409903 13185577.656662071
94 0 5 0.0 5.0 0.0
95 0 100 0.0 0.0 0.0
96 5 156 139.6884681067044 1501.9949206988383 209811.36957647165
97 1 101 1.0 1.0 1.0
98 1 100 1.0 0.0 0.0
99 0 100 0.0 0.0 0.0
100 0 11 0.0 11.0 0.0
101 3 50 32.9215577265747 497.6760852315066 16384.27196908475
102 0 100 0.0 0.0 0.0
103 0 100 0.0 0.0 0.0
104 1 105 1.0 7.59708563275366 7.59708563275366
105 0 100 0.0 0.0 0.0
106 0 100 0.0 0.0 0.0
107 0 100 0.0 0.0 0.0
108 2 29 9.541850352986048 128.5709592386038 1226.8048527946264
109 1 49 1.0 134.74529814364382 134.74529814364382
110 0 100 0.0 0.0 0.0
111 5 118 139.6884681067044 5819.148784232864 812867.97935448
112 0 100 0.0 0.0 0.0
113 1 6 1.0 9.55892689827884 9.55892689827884
114 9 221 604.9491004987461 112419.08378410734 68007823.61408891
115 1 47 1.0 127.85310766976465 127.85310766976465
116 3 57 32.9215577265747 612.7419199112477 20172.41848785035
117 6 94 225.58275470837765 5949.1894450157 1342034.543288646
118 4 60 75.61186198841948 1097.9836363389938 83020.58717640696
119 1 26 1.0 60.63937356224698 60.63937356224698
120 1 13 1.0 25.320989780782124 25.320989780782124
121 9 198 604.9491004987461 88718.69751620591 53670296.25984911
122 0 100 0.0 0.0 0.0
123 2 114 9.541850352986048 44.97826169706515 429.17584225083993
124 7 210 332.66880679862265 44100.0 14670694.379819259
125 8 198 459.67273235884244 59876.459040592905 27523575.531161655
126 3 56 32.9215577265747 595.765723501293 19613.535657762357
127 0 100 0.0 0.0 0.0
128 1 7 1.0 11.607984241186918 11.607984241186918
129 0 100 0.0 0.0 0.0
130 0 100 0.0 0.0 0.0
131 0 100 0.0 0.0 0.0
132 2 31 9.541850352986048 141.5519192260369 1350.6672304328126
133 0 100 0.0 0.0 0.0
134 0 100 0.0 0.0 0.0
135 6 220 225.58275470837765 9491.407950004868 2141097.9514230937
136 5 124 139.6884681067044 6367.950129749906 889529.1986046539
137 2 58 9.541850352986048 349.384203814786 3333.771788497865
138 0 100 0.0 0.0 0.0
139 4 111 75.61186198841948 3143.78687811244 237707.57954884192
140 1 104 1.0 5.735193251789799 5.735193251789799
141 0 100 0.0 0.0 0.0
142 2 30 9.541850352986048 135.01359299654277 1288.2794999919763
143 7 137 332.66880679862265 18769.0 6243860.834803348
144 3 148 32.9215577265747 466.4489382157433 15356.225645969067
145 5 217 139.6884681067044 5729.848236431501 800393.7226310181
146 1 6 1.0 9.55892689827884 9.55892689827884
147 0 100 0.0 0.0 0.0
148 0 100 0.0 0.0 0.0
149 5 74 139.6884681067044 2492.4098028308917 348160.9072515804
150 1 24 1.0 54.8222930413608 54.8222930413608
151 2 41 9.541850352986048 211.85407612585806 2021.4798910630518
152 5 108 139.6884681067044 4954.230173639048 692048.8236036508
153 0 100 0.0 0.0 0.0
154 0 100 0.0 0.0 0.0
155 0 100 0.0 0.0 0.0
156 2 127 9.541850352986048 115.98017876588344 1106.66550969663
157 0 100 0.0 0.0 0.0
158 0 100 0.0 0.0 0.0
159 3 126 32.9215577265747 176.25042831919396 5802.438650243859
160 4 63 75.61186198841948 1193.5182370479756 90244.13622033325
161 5 181 139.6884681067044 2937.2940727723303 410306.1094044695
162 0 100 0.0 0.0 0.0
163 1 20 1.0 43.57075425423803 43.57075425423803
164 1 104 1.0 5.735193251789799 5.735193251789799
165 0 100 0.0 0.0 0.0
166 6 115 225.58275470837765 8749.296958158795 1973690.5095830902
167 2 54 9.541850352986048 315.16948038953416 3007.300017705306
168 1 9 1.0 15.931997307697284 15.931997307697284
169 1 22 1.0 49.12998068819353 49.12998068819353
170 8 237 459.67273235884244 87031.32959066308 40005929.07376307
171 3 174 32.9215577265747 927.3002957027797 30528.17021484885
172 4 77 75.61186198841948 1682.1075637745857 127187.28496180048
173 5 94 139.6884681067044 3849.5614363989175 537739.3399332094
174 2 111 9.541850352986048 31.76494829034237 303.0963830567869
175 0 100 0.0 0.0 0.0
176 3 136 32.9215577265747 295.444715883087 9726.500268956508
177 7 139 332.66880679862265 19321.0 6427494.016156188
178 3 72 32.9215577265747 887.8335628861327 29228.863892146303
179 4 127 75.61186198841948 280.28354879760207 21192.761009308724
180 6 109 225.58275470837765 7896.900764171442 1781404.6280404862
181 3 190 32.9215577265747 1265.2216514357588 41653.0676346545
182 5 197 139.6884681067044 4075.7152237055247 569330.4160385987
183 3 65 32.9215577265747 754.7803226662346 24848.54396353912
184 11 305 942.9223974109915 487109.74466033914 459306688.2373829
185 0 100 0.0 0.0 0.0
186 2 61 9.541850352986048 375.74324992186104 3585.2858618990344
187 0 100 0.0 0.0 0.0
188 0 100 0.0 0.0 0.0
189 0 100 0.0 0.0 0.0
190 7 161 332.66880679862265 25921.0 8623108.141027099
191 2 69 9.541850352986048 448.8273474211691 4282.6433834204745
192 4 48 75.61186198841948 749.6906189831174 56685.50361656424
193 2 80 9.541850352986048 555.5596760452839 5301.067290977507
194 3 16 32.9215577265747 81.54950460903234 2684.7367235598276
195 2 127 9.541850352986048 115.98017876588344 1106.66550969663
196 3 58 32.9215577265747 629.8939717412368 20737.090752300537
197 0 100 0.0 0.0 0.0
198 4 153 75.61186198841948 888.1171619831025 67152.19228141312
199 1 106 1.0 9.55892689827884 9.55892689827884
