0 0 100 0.0 0.0 0.0
1 0 6 0.0 6.0 0.0
2 0 100 0.0 0.0 0.0
3 2 38 9.541850352986048 189.8638195218893 1811.6521533242187
4 0 10 0.0 10.0 0.0
5 0 10 0.0 10.0 0.0
6 0 100 0.0 0.0 0.0
7 1 5 1.0 7.59708563275366 7.59708563275366
8 0 100 0.0 0.0 0.0
9 0 100 0.0 0.0 0.0
10 0 100 0.0 0.0 0.0
11 0 100 0.0 0.0 0.0
12 0 100 0.0 0.0 0.0
13 2 117 9.541850352986048 59.51335422080222 567.8675199791454
14 0 100 0.0 0.0 0.0
15 0 100 0.0 0.0 0.0
16 0 100 0.0 0.0 0.0
17 0 6 0.0 6.0 0.0
18 0 6 0.0 6.0 0.0
19 0 100 0.0 0.0 0.0
20 0 100 0.0 0.0 0.0
21 0 100 0.0 0.0 0.0
22 1 107 1.0 11.607984241186918 11.607984241186918
23 0 100 0.0 0.0 0.0
24 0 8 0.0 8.0 0.0
25 3 51 32.9215577265747 513.5688732735056 16907.48730804564
26 0 100 0.0 0.0 0.0
27 2 19 9.541850352986048 69.8685662777562 666.6754038000371
28 0 100 0.0 0.0 0.0
29 0 100 0.0 0.0 0.0
30 0 100 0.0 0.0 0.0
31 0 100 0.0 0.0 0.0
32 3 61 32.9215577265747 682.3928350558612 22465.435111492498
33 0 100 0.0 0.0 0.0
34 0 100 0.0 0.0 0.0
35 0 100 0.0 0.0 0.0
36 0 100 0.0 0.0 0.0
37 3 19 32.9215577265747 107.12598084817145 3526.754162509012
38 1 103 1.0 3.9914906122521803 3.9914906122521803
39 0 100 0.0 0.0 0.0
40 0 100 0.0 0.0 0.0
41 0 100 0.0 0.0 0.0
42 5 103 139.6884681067044 4545.356706035842 634933.9152646826
43 0 100 0.0 0.0 0.0
44 0 9 0.0 9.0 0.0
45 1 107 1.0 11.607984241186918 11.607984241186918
46 0 100 0.0 0.0 0.0
47 0 100 0.0 0.0 0.0
48 1 16 1.0 32.892441635375256 32.892441635375256
49 0 100 0.0 0.0 0.0
50 1 103 1.0 3.9914906122521803 3.9914906122521803
51 0 100 0.0 0.0 0.0
52 0 6 0.0 6.0 0.0
53 0 100 0.0 0.0 0.0
54 0 5 0.0 5.0 0.0
55 0 100 0.0 0.0 0.0
56 0 100 0.0 0.0 0.0
57 0 6 0.0 6.0 0.0
58 0 6 0.0 6.0 0.0
59 1 13 1.0 25.320989780782124 25.320989780782124
60 0 100 0.0 0.0 0.0
61 0 9 0.0 9.0 0.0
62 0 100 0.0 0.0 0.0
63 0 7 0.0 7.0 0.0
64 1 103 1.0 3.9914906122521803 3.9914906122521803
65 0 100 0.0 0.0 0.0
66 0 100 0.0 0.0 0.0
67 0 100 0.0 0.0 0.0
68 0 100 0.0 0.0 0.0
69 0 100 0.0 0.0 0.0
70 0 100 0.0 0.0 0.0
71 0 100 0.0 0.0 0.0
72 1 103 1.0 3.9914906122521803 3.9914906122521803
73 0 100 0.0 0.0 0.0
74 1 9 1.0 15.931997307697284 15.931997307697284
75 0 100 0.0 0.0 0.0
76 0 100 0.0 0.0 0.0
77 0 7 0.0 7.0 0.0
78 0 100 0.0 0.0 0.0
79 0 8 0.0 8.0 0.0
80 0 6 0.0 6.0 0.0
81 0 11 0.0 11.0 0.0
82 1 6 1.0 9.55892689827884 9.55892689827884
83 1 21 1.0 46.33316012586883 46.33316012586883
84 0 100 0.0 0.0 0.0
85 1 103 1.0 3.9914906122521803 3.9914906122521803
86 1 10 1.0 18.1937008646705 18.1937008646705
87 3 124 32.9215577265747 155.22039240905832 5110.09710903639
88 1 102 1.0 2.3948263510722025 2.3948263510722025
89 10 212 766.6651705632711 149184.821393251 114374806.53890792
90 0 100 0.0 0.0 0.0
91 0 100 0.0 0.0 0.0
92 0 7 0.0 7.0 0.0
93 2 22 9.541850352986048 86.31942417916456 823.6470280735138
94 0 100 0.0 0.0 0.0
95 0 100 0.0 0.0 0.0
96 0 100 0.0 0.0 0.0
97 1 8 1.0 13.734791927877684 13.734791927877684
98 1 15 1.0 30.323695983612147 30.323695983612147
99 0 100 0.0 0.0 0.0
100 0 100 0.0 0.0 0.0
101 0 100 0.0 0.0 0.0
102 2 18 9.541850352986048 64.62733255388774 616.6643359418604
103 0 100 0.0 0.0 0.0
104 0 100 0.0 0.0 0.0
105 0 100 0.0 0.0 0.0
106 13 229 1331.5823725933528 487011.5179200852 648495952.5123173
107 1 28 1.0 66.57403288693754 66.57403288693754
108 2 35 9.541850352986048 168.62869283493262 1609.0297522505775
109 0 100 0.0 0.0 0.0
110 0 100 0.0 0.0 0.0
111 0 100 0.0 0.0 0.0
112 2 111 9.541850352986048 31.76494829034237 303.0963830567869
113 0 100 0.0 0.0 0.0
114 2 74 9.541850352986048 496.47644052360766 4737.303899259442
115 0 100 0.0 0.0 0.0
116 0 100 0.0 0.0 0.0
117 2 17 9.541850352986048 59.51335422080222 567.8675199791454
118 0 100 0.0 0.0 0.0
119 8 247 459.67273235884244 32225.65307789171 14813254.002362624
120 2 9 9.541850352986048 23.78240930402918 226.9281906125095
121 0 100 0.0 0.0 0.0
122 0 6 0.0 6.0 0.0
123 0 11 0.0 11.0 0.0
124 1 8 1.0 13.734791927877684 13.734791927877684
125 1 14 1.0 27.799106543625292 27.799106543625292
126 1 6 1.0 9.55892689827884 9.55892689827884
127 1 20 1.0 43.57075425423803 43.57075425423803
128 0 100 0.0 0.0 0.0
129 0 100 0.0 0.0 0.0
130 0 100 0.0 0.0 0.0
131 9 179 604.9491004987461 71387.91888231963 43186057.31433672
132 1 17 1.0 35.503281577765854 35.503281577765854
133 2 23 9.541850352986048 92.0346545141889 878.1809006631623
134 1 11 1.0 20.51504931294799 20.51504931294799
135 12 235 1131.8354418063404 375988.1101704417 425556668.7886929
136 0 100 0.0 0.0 0.0
137 0 6 0.0 6.0 0.0
138 1 18 1.0 38.15436697768484 38.15436697768484
139 7 147 332.66880679862265 21609.0 7188640.246111437
140 0 100 0.0 0.0 0.0
141 0 100 0.0 0.0 0.0
142 7 131 332.66880679862265 17161.0 5708929.393471164
143 0 100 0.0 0.0 0.0
144 6 107 225.58275470837765 7622.045029127996 1719401.9141819899
145 1 11 1.0 20.51504931294799 20.51504931294799
146 3 130 32.9215577265747 221.1993434691573 7282.2269551002855
147 2 15 9.541850352986048 49.68406405407534 474.0779041321602
148 2 28 9.541850352986048 122.22584512913716 1166.2607234894754
149 0 100 0.0 0.0 0.0
150 5 92 139.6884681067044 3702.0246060004592 517130.14610553003
151 3 27 32.9215577265747 187.1321231368427 6160.680994346051
152 13 253 1331.5823725933528 619244.7509951711 824575394.74613
153 0 100 0.0 0.0 0.0
154 0 100 0.0 0.0 0.0
155 13 207 1331.5823725933528 381784.2534940421 508377182.08637863
156 0 100 0.0 0.0 0.0
157 2 19 9.541850352986048 69.8685662777562 666.6754038000371
158 4 64 75.61186198841948 1226.095534977771 92707.36637535656
159 13 273 1331.5823725933528 743872.593067653 990527632.3841951
160 0 100 0.0 0.0 0.0
161 2 11 9.541850352986048 31.76494829034237 303.0963830567869
162 0 100 0.0 0.0 0.0
163 0 100 0.0 0.0 0.0
164 0 11 0.0 11.0 0.0
165 10 178 766.6651705632711 101132.1594107808 77534504.24409819
166 2 22 9.541850352986048 86.31942417916456 823.6470280735138
167 5 89 139.6884681067044 3485.593399577667 486897.20242984424
168 11 200 942.9223974109915 185371.77870547093 174791201.98930243
169 1 105 1.0 7.59708563275366 7.59708563275366
170 0 100 0.0 0.0 0.0
171 0 11 0.0 11.0 0.0
172 0 100 0.0 0.0 0.0
173 1 19 1.0 40.84402933782601 40.84402933782601
174 0 100 0.0 0.0 0.0
175 0 100 0.0 0.0 0.0
176 0 100 0.0 0.0 0.0
177 0 100 0.0 0.0 0.0
178 1 29 1.0 69.58346013935528 69.58346013935528
179 1 11 1.0 20.51504931294799 20.51504931294799
180 15 191 1756.7778603087352 559556.4546438516 983016391.1111674
181 0 100 0.0 0.0 0.0
182 4 43 75.61186198841948 621.143248020611 46965.797544373054
183 5 82 139.6884681067044 3003.520233876968 419557.14039776416
184 1 10 1.0 18.1937008646705 18.1937008646705
185 2 14 9.541850352986048 44.97826169706515 429.17584225083993
186 0 100 0.0 0.0 0.0
187 1 32 1.0 78.7716859795011 78.7716859795011
188 0 100 0.0 0.0 0.0
189 1 104 1.0 5.735193251789799 5.735193251789799
190 0 100 0.0 0.0 0.0
191 3 52 32.9215577265747 529.6457757489877 17436.763980956737
192 0 100 0.0 0.0 0.0
193 3 56 32.9215577265747 595.765723501293 19613.535657762357
194 3 67 32.9215577265747 791.9778998728451 26073.146148835265
195 9 155 604.9491004987461 52351.194230734116 31669807.859917752
196 13 175 1331.5823725933528 254706.95345711283 339163289.400447
197 7 99 332.66880679862265 9801.0 3260486.9754333007
198 6 121 225.58275470837765 9643.286769790522 2175359.1939721988
199 6 47 225.58275470837765 1579.8219117523295 356380.57880174596
