0 0 100 0.0 0.0 0.0
1 2 10 9.541850352986048 27.685321443873434 264.16919419175593
2 1 20 1.0 43.57075425423803 43.57075425423803
3 3 55 32.9215577265747 578.9666715492328 19060.48469917088
4 0 100 0.0 0.0 0.0
5 0 100 0.0 0.0 0.0
6 0 100 0.0 0.0 0.0
7 0 100 0.0 0.0 0.0
8 0 10 0.0 10.0 0.0
9 1 103 1.0 3.9914906122521803 3.9914906122521803
10 1 17 1.0 35.503281577765854 35.503281577765854
11 0 6 0.0 6.0 0.0
12 0 100 0.0 0.0 0.0
13 0 100 0.0 0.0 0.0
14 0 100 0.0 0.0 0.0
15 1 104 1.0 5.735193251789799 5.735193251789799
16 0 100 0.0 0.0 0.0
17 0 100 0.0 0.0 0.0
18 0 5 0.0 5.0 0.0
19 0 100 0.0 0.0 0.0
20 0 100 0.0 0.0 0.0
21 0 100 0.0 0.0 0.0
22 1 103 1.0 3.9914906122521803 3.9914906122521803
23 0 100 0.0 0.0 0.0
24 0 100 0.0 0.0 0.0
25 0 100 0.0 0.0 0.0
26 0 100 0.0 0.0 0.0
27 1 9 1.0 15.931997307697284 15.931997307697284
28 0 100 0.0 0.0 0.0
29 2 6 9.541850352986048 13.252209915340185 126.45060385853394
30 0 100 0.0 0.0 0.0
31 0 8 0.0 8.0 0.0
32 1 8 1.0 13.734791927877684 13.734791927877684
33 0 100 0.0 0.0 0.0
34 1 40 1.0 104.3443904241405 104.3443904241405
35 0 6 0.0 6.0 0.0
36 1 104 1.0 5.735193251789799 5.735193251789799
37 2 103 9.541850352986048 4.87672116324372 46.53294355291162
38 1 10 1.0 18.1937008646705 18.1937008646705
39 4 48 75.61186198841948 749.6906189831174 56685.50361656424
40 0 100 0.0 0.0 0.0
41 1 104 1.0 5.735193251789799 5.735193251789799
42 7 115 332.66880679862265 13225.0 4399544.969911785
43 0 100 0.0 0.0 0.0
44 0 100 0.0 0.0 0.0
45 0 100 0.0 0.0 0.0
46 9 242 604.9491004987461 43347.5615654562 26223068.37783675
47 1 17 1.0 35.503281577765854 35.503281577765854
48 0 6 0.0 6.0 0.0
49 1 101 1.0 1.0 1.0
50 0 100 0.0 0.0 0.0
51 0 100 0.0 0.0 0.0
52 0 100 0.0 0.0 0.0
53 2 39 9.541850352986048 197.11162840858907 1880.8096611081503
54 6 69 225.58275470837765 3293.0002682054314 742844.0717572076
55 0 100 0.0 0.0 0.0
56 0 100 0.0 0.0 0.0
57 0 100 0.0 0.0 0.0
58 0 100 0.0 0.0 0.0
59 0 100 0.0 0.0 0.0
60 0 100 0.0 0.0 0.0
61 0 10 0.0 10.0 0.0
62 1 10 1.0 18.1937008646705 18.1937008646705
63 0 100 0.0 0.0 0.0
64 0 6 0.0 6.0 0.0
65 1 22 1.0 49.12998068819353 49.12998068819353
66 0 11 0.0 11.0 0.0
67 0 100 0.0 0.0 0.0
68 1 8 1.0 13.734791927877684 13.734791927877684
69 0 100 0.0 0.0 0.0
70 0 100 0.0 0.0 0.0
71 0 100 0.0 0.0 0.0
72 1 104 1.0 5.735193251789799 5.735193251789799
73 0 100 0.0 0.0 0.0
74 0 100 0.0 0.0 0.0
75 0 100 0.0 0.0 0.0
76 0 5 0.0 5.0 0.0
77 0 100 0.0 0.0 0.0
78 0 6 0.0 6.0 0.0
79 2 10 9.541850352986048 27.685321443873434 264.16919419175593
80 0 100 0.0 0.0 0.0
81 0 100 0.0 0.0 0.0
82 0 100 0.0 0.0 0.0
83 0 100 0.0 0.0 0.0
84 4 56 75.61186198841948 975.7969952136767 73781.82773081094
85 5 164 139.6884681067044 1914.4623288244568 267428.3099614821
86 0 6 0.0 6.0 0.0
87 0 6 0.0 6.0 0.0
88 0 100 0.0 0.0 0.0
89 1 101 1.0 1.0 1.0
90 0 9 0.0 9.0 0.0
91 1 10 1.0 18.1937008646705 18.1937008646705
92 1 104 1.0 5.735193251789799 5.735193251789799
93 1 108 1.0 13.734791927877684 13.734791927877684
94 0 100 0.0 0.0 0.0
95 1 6 1.0 9.55892689827884 9.55892689827884
96 1 7 1.0 11.607984241186918 11.607984241186918
97 0 100 0.0 0.0 0.0
98 0 6 0.0 6.0 0.0
99 0 100 0.0 0.0 0.0
100 0 100 0.0 0.0 0.0
101 0 100 0.0 0.0 0.0
102 9 154 604.9491004987461 51626.24357981338 31231249.615737274
103 0 100 0.0 0.0 0.0
104 3 68 32.9215577265747 810.8239638778247 26693.587932893923
105 2 17 9.541850352986048 59.51335422080222 567.8675199791454
106 1 101 1.0 1.0 1.0
107 0 6 0.0 6.0 0.0
108 0 100 0.0 0.0 0.0
109 1 5 1.0 7.59708563275366 7.59708563275366
110 10 113 766.6651705632711 36813.370582561554 28223529.036688462
111 0 100 0.0 0.0 0.0
112 0 100 0.0 0.0 0.0
113 2 116 9.541850352986048 54.53075711894446 520.3243240639966
114 1 9 1.0 15.931997307697284 15.931997307697284
115 0 9 0.0 9.0 0.0
116 0 100 0.0 0.0 0.0
117 2 9 9.541850352986048 23.78240930402918 226.9281906125095
118 3 50 32.9215577265747 497.6760852315066 16384.27196908475
119 0 6 0.0 6.0 0.0
120 6 123 225.58275470837765 9950.49433314188 2244659.9223802467
121 1 107 1.0 11.607984241186918 11.607984241186918
122 0 100 0.0 0.0 0.0
123 1 102 1.0 2.3948263510722025 2.3948263510722025
124 0 100 0.0 0.0 0.0
125 8 95 459.67273235884244 12996.633669206958 5974198.11019129
126 1 14 1.0 27.799106543625292 27.799106543625292
127 1 7 1.0 11.607984241186918 11.607984241186918
128 0 100 0.0 0.0 0.0
129 0 100 0.0 0.0 0.0
130 0 11 0.0 11.0 0.0
131 3 13 32.9215577265747 58.65092275827274 1930.8797393033497
132 0 100 0.0 0.0 0.0
133 0 100 0.0 0.0 0.0
134 13 194 1331.5823725933528 326533.42327590974 434806150.49676543
135 0 100 0.0 0.0 0.0
136 2 50 9.541850352986048 282.0582186126376 2691.3573128316116
137 0 5 0.0 5.0 0.0
138 4 43 75.61186198841948 621.143248020611 46965.797544373054
139 0 100 0.0 0.0 0.0
140 0 100 0.0 0.0 0.0
141 2 33 9.541850352986048 154.90879557685506 1478.1165457556579
142 4 62 75.61186198841948 1161.3060165688764 87808.51025112707
143 2 34 9.541850352986048 161.72412498062124 1543.1473990327004
144 0 100 0.0 0.0 0.0
145 1 26 1.0 60.63937356224698 60.63937356224698
146 0 100 0.0 0.0 0.0
147 0 100 0.0 0.0 0.0
148 13 203 1331.5823725933528 364245.1060790388 485022362.558244
149 0 8 0.0 8.0 0.0
150 1 105 1.0 7.59708563275366 7.59708563275366
151 0 5 0.0 5.0 0.0
152 10 156 766.6651705632711 75416.33841413441 57819079.95352973
153 1 28 1.0 66.57403288693754 66.57403288693754
154 0 100 0.0 0.0 0.0
155 1 107 1.0 11.607984241186918 11.607984241186918
156 5 77 139.6884681067044 2679.0520099722326 374232.6712512085
157 2 37 9.541850352986048 182.69988024795316 1743.2949168344405
158 8 109 459.67273235884244 17298.876533787272 7951821.843024257
159 0 100 0.0 0.0 0.0
160 0 100 0.0 0.0 0.0
161 0 100 0.0 0.0 0.0
162 1 15 1.0 30.323695983612147 30.323695983612147
163 0 100 0.0 0.0 0.0
164 1 11 1.0 20.51504931294799 20.51504931294799
165 1 10 1.0 18.1937008646705 18.1937008646705
166 2 38 9.541850352986048 189.8638195218893 1811.6521533242187
167 0 100 0.0 0.0 0.0
168 1 102 1.0 2.3948263510722025 2.3948263510722025
169 1 17 1.0 35.503281577765854 35.503281577765854
170 1 36 1.0 91.37308344663872 91.37308344663872
171 0 100 0.0 0.0 0.0
172 2 39 9.541850352986048 197.11162840858907 1880.8096611081503
173 0 100 0.0 0.0 0.0
174 0 100 0.0 0.0 0.0
175 2 117 9.541850352986048 59.51335422080222 567.8675199791454
176 2 58 9.541850352986048 349.384203814786 3333.771788497865
177 1 102 1.0 2.3948263510722025 2.3948263510722025
178 1 108 1.0 13.734791927877684 13.734791927877684
179 0 100 0.0 0.0 0.0
180 0 100 0.0 0.0 0.0
181 0 100 0.0 0.0 0.0
182 3 34 32.9215577265747 269.81820202916316 8882.83551378369
183 3 45 32.9215577265747 421.0282951259743 13860.907322511091
184 0 100 0.0 0.0 0.0
185 3 132 32.9215577265747 245.06238675558936 8067.83551218631
186 3 49 32.9215577265747 481.96892224029307 15867.1676959488
187 0 100 0.0 0.0 0.0
188 5 199 139.6884681067044 4229.702363015084 590840.6436368847
189 1 20 1.0 43.57075425423803 43.57075425423803
190 3 27 32.9215577265747 187.1321231368427 6160.680994346051
191 9 142 604.9491004987461 43347.5615654562 26223068.37783675
192 1 102 1.0 2.3948263510722025 2.3948263510722025
193 1 105 1.0 7.59708563275366 7.59708563275366
194 0 100 0.0 0.0 0.0
195 2 19 9.541850352986048 69.8685662777562 666.6754038000371
196 1 9 1.0 15.931997307697284 15.931997307697284
197 1 25 1.0 57.71571011139208 57.71571011139208
198 2 28 9.541850352986048 122.22584512913716 1166.2607234894754
199 12 128 1131.8354418063404 90106.4533578608 101985677.44589677
