0 0 5 0.0 5.0 0.0
1 0 100 0.0 0.0 0.0
2 7 105 332.66880679862265 11025.0 3667673.5949548148
3 0 100 0.0 0.0 0.0
4 0 100 0.0 0.0 0.0
5 2 36 9.541850352986048 175.6210676402407 1675.7499462548174
6 0 6 0.0 6.0 0.0
7 0 5 0.0 5.0 0.0
8 1 15 1.0 30.323695983612147 30.323695983612147
9 0 100 0.0 0.0 0.0
10 1 24 1.0 54.8222930413608 54.8222930413608
11 0 100 0.0 0.0 0.0
12 0 100 0.0 0.0 0.0
13 0 8 0.0 8.0 0.0
14 1 5 1.0 7.59708563275366 7.59708563275366
15 0 6 0.0 6.0 0.0
16 0 100 0.0 0.0 0.0
17 0 100 0.0 0.0 0.0
18 0 5 0.0 5.0 0.0
19 0 5 0.0 5.0 0.0
20 0 6 0.0 6.0 0.0
21 0 6 0.0 6.0 0.0
22 1 106 1.0 9.55892689827884 9.55892689827884
23 1 13 1.0 25.320989780782124 25.320989780782124
24 12 200 1131.8354418063404 257330.7266059037 291256036.63833964
25 1 105 1.0 7.59708563275366 7.59708563275366
26 0 100 0.0 0.0 0.0
27 0 100 0.0 0.0 0.0
28 0 100 0.0 0.0 0.0
29 0 100 0.0 0.0 0.0
30 8 128 459.67273235884244 24164.252749000952 11107648.086542938
31 2 9 9.541850352986048 23.78240930402918 226.9281906125095
32 0 6 0.0 6.0 0.0
33 0 100 0.0 0.0 0.0
34 0 100 0.0 0.0 0.0
35 0 100 0.0 0.0 0.0
36 0 100 0.0 0.0 0.0
37 0 100 0.0 0.0 0.0
38 0 100 0.0 0.0 0.0
39 7 139 332.66880679862265 19321.0 6427494.016156188
40 0 100 0.0 0.0 0.0
41 0 5 0.0 5.0 0.0
42 0 100 0.0 0.0 0.0
43 0 5 0.0 5.0 0.0
44 1 33 1.0 81.88562674252243 81.88562674252243
45 3 131 32.9215577265747 233.0178128969552 7671.309378607293
46 0 100 0.0 0.0 0.0
47 0 100 0.0 0.0 0.0
48 2 112 9.541850352986048 36.01211998010309 343.62225974392254
49 12 145 1131.8354418063404 120809.0743078219 136735991.99340862
50 0 100 0.0 0.0 0.0
51 4 74 75.61186198841948 1571.597319835911 118831.39964880285
52 0 100 0.0 0.0 0.0
53 11 173 942.9223974109915 132998.42546222862 125407194.18873167
54 0 100 0.0 0.0 0.0
55 0 100 0.0 0.0 0.0
56 2 26 9.541850352986048 109.8359986590007 1048.0386625749609
57 0 100 0.0 0.0 0.0
58 0 100 0.0 0.0 0.0
59 0 100 0.0 0.0 0.0
60 2 20 9.541850352986048 75.23327232919837 717.8646261306569
61 0 100 0.0 0.0 0.0
62 0 100 0.0 0.0 0.0
63 0 5 0.0 5.0 0.0
64 0 100 0.0 0.0 0.0
65 0 100 0.0 0.0 0.0
66 2 32 9.541850352986048 148.1842032776824 1413.95149235211
67 0 100 0.0 0.0 0.0
68 0 100 0.0 0.0 0.0
69 0 5 0.0 5.0 0.0
70 0 100 0.0 0.0 0.0
71 1 27 1.0 63.59241768810072 63.59241768810072
72 0 11 0.0 11.0 0.0
73 1 100 1.0 0.0 0.0
74 10 141 766.6651705632711 60231.061452958435 46177057.00203924
75 0 6 0.0 6.0 0.0
76 0 100 0.0 0.0 0.0
77 0 5 0.0 5.0 0.0
78 9 153 604.9491004987461 50906.707095139885 30795966.666558012
79 0 5 0.0 5.0 0.0
80 0 100 0.0 0.0 0.0
81 1 31 1.0 75.68293941204132 75.68293941204132
82 0 100 0.0 0.0 0.0
83 0 6 0.0 6.0 0.0
84 0 100 0.0 0.0 0.0
85 1 105 1.0 7.59708563275366 7.59708563275366
86 1 105 1.0 7.59708563275366 7.59708563275366
87 1 100 1.0 0.0 0.0
88 0 100 0.0 0.0 0.0
89 1 17 1.0 35.503281577765854 35.503281577765854
90 1 11 1.0 20.51504931294799 20.51504931294799
91 0 100 0.0 0.0 0.0
92 3 48 32.9215577265747 466.4489382157433 15356.225645969067
93 0 5 0.0 5.0 0.0
94 0 100 0.0 0.0 0.0
95 0 100 0.0 0.0 0.0
96 1 32 1.0 78.7716859795011 78.7716859795011
97 0 6 0.0 6.0 0.0
98 4 67 75.61186198841948 1326.001420918201 100261.43643491513
99 0 100 0.0 0.0 0.0
100 0 9 0.0 9.0 0.0
101 0 100 0.0 0.0 0.0
102 3 27 32.9215577265747 187.1321231368427 6160.680994346051
103 1 6 1.0 9.55892689827884 9.55892689827884
104 0 19 0.0 19.0 0.0
105 5 47 139.6884681067044 1092.4547337912052 152603.328239211
106 0 100 0.0 0.0 0.0
107 0 100 0.0 0.0 0.0
108 0 11 0.0 11.0 0.0
109 3 39 32.9215577265747 335.47304520277595 11044.29522335299
110 11 188 942.9223974109915 160887.29862578577 151704237.33320403
111 8 174 459.67273235884244 7729.629217450359 3553099.7825061474
112 2 50 9.541850352986048 282.0582186126376 2691.3573128316116
113 5 65 139.6884681067044 1969.1653870843556 275069.6963705592
114 8 139 459.67273235884244 28684.707028409903 13185577.656662071
115 0 100 0.0 0.0 0.0
116 12 235 1131.8354418063404 375988.1101704417 425556668.7886929
117 0 11 0.0 11.0 0.0
118 0 6 0.0 6.0 0.0
119 0 100 0.0 0.0 0.0
120 1 106 1.0 9.55892689827884 9.55892689827884
121 8 227 459.67273235884244 23773.224239432624 10927902.943119459
122 8 272 459.67273235884244 44677.262865761426 20536919.4958188
123 1 17 1.0 35.503281577765854 35.503281577765854
124 1 105 1.0 7.59708563275366 7.59708563275366
125 0 100 0.0 0.0 0.0
126 1 104 1.0 5.735193251789799 5.735193251789799
127 2 5 9.541850352986048 10.188005914414083 97.21242783067595
128 0 6 0.0 6.0 0.0
129 2 127 9.541850352986048 115.98017876588344 1106.66550969663
130 0 100 0.0 0.0 0.0
131 0 100 0.0 0.0 0.0
132 0 100 0.0 0.0 0.0
133 0 100 0.0 0.0 0.0
134 2 36 9.541850352986048 175.6210676402407 1675.7499462548174
135 0 100 0.0 0.0 0.0
136 0 100 0.0 0.0 0.0
137 5 85 139.6884681067044 3206.1723328082135 447865.30165607814
138 1 10 1.0 18.1937008646705 18.1937008646705
139 10 219 766.6651705632711 160361.87093189912 122943861.1298497
140 4 63 75.61186198841948 1193.5182370479756 90244.13622033325
141 2 123 9.541850352986048 92.0346545141889 878.1809006631623
142 1 37 1.0 94.5824071263594 94.5824071263594
143 2 16 9.541850352986048 54.53075711894446 520.3243240639966
144 0 100 0.0 0.0 0.0
145 0 11 0.0 11.0 0.0
146 1 25 1.0 57.71571011139208 57.71571011139208
147 14 197 1540.4353185285338 455659.37602342636 701913796.0451597
148 1 11 1.0 20.51504931294799 20.51504931294799
149 2 10 9.541850352986048 27.685321443873434 264.16919419175593
150 0 100 0.0 0.0 0.0
151 4 65 75.61186198841948 1259.0362466163215 95198.07491757096
152 0 100 0.0 0.0 0.0
153 2 11 9.541850352986048 31.76494829034237 303.0963830567869
154 0 100 0.0 0.0 0.0
155 1 7 1.0 11.607984241186918 11.607984241186918
156 15 247 1756.7778603087352 1069592.9085283494 1879037141.2458303
157 1 10 1.0 18.1937008646705 18.1937008646705
158 5 68 139.6884681067044 2137.419079796989 298572.7969588832
159 11 278 942.9223974109915 393972.37872787484 371485379.86379886
160 2 18 9.541850352986048 64.62733255388774 616.6643359418604
161 2 41 9.541850352986048 211.85407612585806 2021.4798910630518
162 0 100 0.0 0.0 0.0
163 8 101 459.67273235884244 14762.38290447426 6785864.885827147
164 5 81 139.6884681067044 2937.2940727723303 410306.1094044695
165 0 100 0.0 0.0 0.0
166 3 135 32.9215577265747 282.5239294230334 9301.12785163911
167 1 40 1.0 104.3443904241405 104.3443904241405
168 2 28 9.541850352986048 122.22584512913716 1166.2607234894754
169 0 12 0.0 12.0 0.0
170 1 105 1.0 7.59708563275366 7.59708563275366
171 0 100 0.0 0.0 0.0
172 4 138 75.61186198841948 502.796158813779 38017.3537685349
173 0 100 0.0 0.0 0.0
174 7 58 332.66880679862265 3364.0 1119097.8660705667
175 4 154 75.61186198841948 916.9626779842689 69333.25545627807
176 3 53 32.9215577265747 545.90532331836 17972.053614869816
177 2 8 9.541850352986048 20.066939702021244 191.47573567908114
178 5 159 139.6884681067044 1651.3976308733363 230681.20529173722
179 12 174 1131.8354418063404 185473.20087432943 209925142.25483277
180 0 100 0.0 0.0 0.0
181 0 100 0.0 0.0 0.0
182 10 205 766.6651705632711 138450.51045314563 106145184.21113284
183 13 302 1331.5823725933528 948788.7983793092 1263390439.2359169
184 7 97 332.66880679862265 9409.0 3130080.8031682405
185 1 18 1.0 38.15436697768484 38.15436697768484
186 2 20 9.541850352986048 75.23327232919837 717.8646261306569
187 16 283 1979.1134619514044 2014806.419354574 3987530507.770744
188 13 216 1331.5823725933528 423024.6252555632 563292134.1632168
189 8 127 459.67273235884244 23773.224239432624 10927902.943119459
190 1 14 1.0 27.799106543625292 27.799106543625292
191 1 100 1.0 0.0 0.0
192 0 100 0.0 0.0 0.0
193 10 122 766.6651705632711 43653.86742578588 33467899.715736557
194 1 15 1.0 30.323695983612147 30.323695983612147
195 11 158 942.9223974109915 108060.79638064733 101892945.18938097
196 7 91 332.66880679862265 8281.0 2754830.389099394
197 8 108 459.67273235884244 16970.39141279495 7800826.189918491
198 1 107 1.0 11.607984241186918 11.607984241186918
199 5 61 139.6884681067044 1754.5251914699081 245086.93625105367
