0 0 7 0.0 7.0 0.0
1 0 100 0.0 0.0 0.0
2 0 10 0.0 10.0 0.0
3 0 100 0.0 0.0 0.0
4 0 6 0.0 6.0 0.0
5 0 100 0.0 0.0 0.0
6 0 100 0.0 0.0 0.0
7 0 9 0.0 9.0 0.0
8 0 11 0.0 11.0 0.0
9 0 5 0.0 5.0 0.0
10 0 5 0.0 5.0 0.0
11 0 5 0.0 5.0 0.0
12 0 6 0.0 6.0 0.0
13 0 6 0.0 6.0 0.0
14 0 6 0.0 6.0 0.0
15 0 5 0.0 5.0 0.0
16 0 100 0.0 0.0 0.0
17 0 5 0.0 5.0 0.0
18 0 6 0.0 6.0 0.0
19 0 9 0.0 9.0 0.0
20 0 6 0.0 6.0 0.0
21 0 5 0.0 5.0 0.0
22 0 9 0.0 9.0 0.0
23 0 100 0.0 0.0 0.0
24 0 100 0.0 0.0 0.0
25 0 8 0.0 8.0 0.0
26 0 9 0.0 9.0 0.0
27 0 9 0.0 9.0 0.0
28 0 9 0.0 9.0 0.0
29 0 9 0.0 9.0 0.0
30 0 5 0.0 5.0 0.0
31 0 5 0.0 5.0 0.0
32 0 5 0.0 5.0 0.0
33 1 6 1.0 9.55892689827884 9.55892689827884
34 0 5 0.0 5.0 0.0
35 0 100 0.0 0.0 0.0
36 0 100 0.0 0.0 0.0
37 0 100 0.0 0.0 0.0
38 0 100 0.0 0.0 0.0
39 0 100 0.0 0.0 0.0
40 0 100 0.0 0.0 0.0
41 0 8 0.0 8.0 0.0
42 1 9 1.0 15.931997307697284 15.931997307697284
43 0 100 0.0 0.0 0.0
44 0 5 0.0 5.0 0.0
45 0 100 0.0 0.0 0.0
46 0 6 0.0 6.0 0.0
47 0 5 0.0 5.0 0.0
48 1 101 1.0 1.0 1.0
49 0 9 0.0 9.0 0.0
50 0 100 0.0 0.0 0.0
51 0 5 0.0 5.0 0.0
52 0 100 0.0 0.0 0.0
53 0 9 0.0 9.0 0.0
54 0 100 0.0 0.0 0.0
55 0 9 0.0 9.0 0.0
56 0 100 0.0 0.0 0.0
57 0 100 0.0 0.0 0.0
58 0 9 0.0 9.0 0.0
59 0 5 0.0 5.0 0.0
60 0 8 0.0 8.0 0.0
61 0 9 0.0 9.0 0.0
62 0 100 0.0 0.0 0.0
63 0 5 0.0 5.0 0.0
64 0 100 0.0 0.0 0.0
65 0 10 0.0 10.0 0.0
66 0 5 0.0 5.0 0.0
67 0 14 0.0 14.0 0.0
68 0 6 0.0 6.0 0.0
69 0 100 0.0 0.0 0.0
70 1 9 1.0 15.931997307697284 15.931997307697284
71 0 100 0.0 0.0 0.0
72 0 7 0.0 7.0 0.0
73 0 7 0.0 7.0 0.0
74 0 5 0.0 5.0 0.0
75 0 12 0.0 12.0 0.0
76 0 5 0.0 5.0 0.0
77 2 22 9.541850352986048 86.31942417916456 823.6470280735138
78 0 9 0.0 9.0 0.0
79 0 9 0.0 9.0 0.0
80 0 100 0.0 0.0 0.0
81 0 6 0.0 6.0 0.0
82 1 9 1.0 15.931997307697284 15.931997307697284
83 0 6 0.0 6.0 0.0
84 0 6 0.0 6.0 0.0
85 0 9 0.0 9.0 0.0
86 0 100 0.0 0.0 0.0
87 0 11 0.0 11.0 0.0
88 0 100 0.0 0.0 0.0
89 0 6 0.0 6.0 0.0
90 0 5 0.0 5.0 0.0
91 0 9 0.0 9.0 0.0
92 0 7 0.0 7.0 0.0
93 0 5 0.0 5.0 0.0
94 0 100 0.0 0.0 0.0
95 0 7 0.0 7.0 0.0
96 0 100 0.0 0.0 0.0
97 0 7 0.0 7.0 0.0
98 0 9 0.0 9.0 0.0
99 0 6 0.0 6.0 0.0
100 0 6 0.0 6.0 0.0
101 0 5 0.0 5.0 0.0
102 2 13 9.541850352986048 40.41888428935346 385.6709453236695
103 0 11 0.0 11.0 0.0
104 0 100 0.0 0.0 0.0
105 0 9 0.0 9.0 0.0
106 1 16 1.0 32.892441635375256 32.892441635375256
107 1 18 1.0 38.15436697768484 38.15436697768484
108 0 9 0.0 9.0 0.0
109 0 6 0.0 6.0 0.0
110 0 5 0.0 5.0 0.0
111 0 5 0.0 5.0 0.0
112 0 5 0.0 5.0 0.0
113 0 10 0.0 10.0 0.0
114 0 9 0.0 9.0 0.0
115 0 7 0.0 7.0 0.0
116 0 100 0.0 0.0 0.0
117 0 100 0.0 0.0 0.0
118 0 100 0.0 0.0 0.0
119 0 6 0.0 6.0 0.0
120 0 7 0.0 7.0 0.0
121 0 8 0.0 8.0 0.0
122 0 100 0.0 0.0 0.0
123 0 5 0.0 5.0 0.0
124 1 6 1.0 9.55892689827884 9.55892689827884
125 0 9 0.0 9.0 0.0
126 0 5 0.0 5.0 0.0
127 0 100 0.0 0.0 0.0
128 0 100 0.0 0.0 0.0
129 0 100 0.0 0.0 0.0
130 0 100 0.0 0.0 0.0
131 0 10 0.0 10.0 0.0
132 0 100 0.0 0.0 0.0
133 0 5 0.0 5.0 0.0
134 1 16 1.0 32.892441635375256 32.892441635375256
135 0 6 0.0 6.0 0.0
136 0 9 0.0 9.0 0.0
137 0 100 0.0 0.0 0.0
138 0 100 0.0 0.0 0.0
139 0 100 0.0 0.0 0.0
140 0 6 0.0 6.0 0.0
141 0 7 0.0 7.0 0.0
142 0 100 0.0 0.0 0.0
143 0 6 0.0 6.0 0.0
144 1 16 1.0 32.892441635375256 32.892441635375256
145 0 5 0.0 5.0 0.0
146 0 11 0.0 11.0 0.0
147 0 100 0.0 0.0 0.0
148 0 100 0.0 0.0 0.0
149 0 100 0.0 0.0 0.0
150 0 9 0.0 9.0 0.0
151 0 11 0.0 11.0 0.0
152 0 6 0.0 6.0 0.0
153 0 9 0.0 9.0 0.0
154 1 7 1.0 11.607984241186918 11.607984241186918
155 1 8 1.0 13.734791927877684 13.734791927877684
156 1 9 1.0 15.931997307697284 15.931997307697284
157 0 5 0.0 5.0 0.0
158 0 5 0.0 5.0 0.0
159 1 7 1.0 11.607984241186918 11.607984241186918
160 0 9 0.0 9.0 0.0
161 0 5 0.0 5.0 0.0
162 0 6 0.0 6.0 0.0
163 0 5 0.0 5.0 0.0
164 1 10 1.0 18.1937008646705 18.1937008646705
165 1 8 1.0 13.734791927877684 13.734791927877684
166 0 20 0.0 20.0 0.0
167 0 7 0.0 7.0 0.0
168 0 10 0.0 10.0 0.0
169 0 5 0.0 5.0 0.0
170 0 100 0.0 0.0 0.0
171 1 23 1.0 51.960050539976365 51.960050539976365
172 0 5 0.0 5.0 0.0
173 0 7 0.0 7.0 0.0
174 1 9 1.0 15.931997307697284 15.931997307697284
175 1 103 1.0 3.9914906122521803 3.9914906122521803
176 1 8 1.0 13.734791927877684 13.734791927877684
177 0 9 0.0 9.0 0.0
178 0 100 0.0 0.0 0.0
179 1 8 1.0 13.734791927877684 13.734791927877684
180 0 6 0.0 6.0 0.0
181 0 10 0.0 10.0 0.0
182 0 6 0.0 6.0 0.0
183 0 100 0.0 0.0 0.0
184 1 27 1.0 63.59241768810072 63.59241768810072
185 0 8 0.0 8.0 0.0
186 0 100 0.0 0.0 0.0
187 0 10 0.0 10.0 0.0
188 0 100 0.0 0.0 0.0
189 0 5 0.0 5.0 0.0
190 0 6 0.0 6.0 0.0
191 0 6 0.0 6.0 0.0
192 0 9 0.0 9.0 0.0
193 0 5 0.0 5.0 0.0
194 0 100 0.0 0.0 0.0
195 0 100 0.0 0.0 0.0
196 0 9 0.0 9.0 0.0
197 0 100 0.0 0.0 0.0
198 0 100 0.0 0.0 0.0
199 0 7 0.0 7.0 0.0
