0 0 7 0.0 7.0 0.0
1 0 100 0.0 0.0 0.0
2 0 100 0.0 0.0 0.0
3 1 29 1.0 69.58346013935528 69.58346013935528
4 4 45 75.61186198841948 671.3571728121805 50762.565895610074
5 0 100 0.0 0.0 0.0
6 1 103 1.0 3.9914906122521803 3.9914906122521803
7 0 11 0.0 11.0 0.0
8 0 100 0.0 0.0 0.0
9 0 100 0.0 0.0 0.0
10 1 104 1.0 5.735193251789799 5.735193251789799
11 0 100 0.0 0.0 0.0
12 3 40 32.9215577265747 349.23013798641597 11497.20014757944
13 2 19 9.541850352986048 69.8685662777562 666.6754038000371
14 7 88 332.66880679862265 7744.0 2576187.2398485336
15 0 100 0.0 0.0 0.0
16 0 100 0.0 0.0 0.0
17 0 100 0.0 0.0 0.0
18 0 100 0.0 0.0 0.0
19 0 100 0.0 0.0 0.0
20 4 45 75.61186198841948 671.3571728121805 50762.565895610074
21 0 100 0.0 0.0 0.0
22 3 32 32.9215577265747 245.06238675558936 8067.83551218631
23 2 26 9.541850352986048 109.8359986590007 1048.0386625749609
24 0 9 0.0 9.0 0.0
25 2 32 9.541850352986048 148.1842032776824 1413.95149235211
26 1 39 1.0 101.06849300292524 101.06849300292524
27 0 100 0.0 0.0 0.0
28 0 100 0.0 0.0 0.0
29 0 100 0.0 0.0 0.0
30 2 29 9.541850352986048 128.5709592386038 1226.8048527946264
31 0 100 0.0 0.0 0.0
32 0 100 0.0 0.0 0.0
33 14 215 1540.4353185285338 565311.5939489864 870825945.29268
34 2 40 9.541850352986048 204.4421003683832 1950.7559275652661
35 0 100 0.0 0.0 0.0
36 0 6 0.0 6.0 0.0
37 0 100 0.0 0.0 0.0
38 1 28 1.0 66.57403288693754 66.57403288693754
39 0 100 0.0 0.0 0.0
40 3 139 32.9215577265747 335.47304520277595 11044.29522335299
41 0 6 0.0 6.0 0.0
42 0 100 0.0 0.0 0.0
43 1 13 1.0 25.320989780782124 25.320989780782124
44 0 100 0.0 0.0 0.0
45 1 106 1.0 9.55892689827884 9.55892689827884
46 0 100 0.0 0.0 0.0
47 0 100 0.0 0.0 0.0
48 1 15 1.0 30.323695983612147 30.323695983612147
49 0 100 0.0 0.0 0.0
50 1 10 1.0 18.1937008646705 18.1937008646705
51 2 23 9.541850352986048 92.0346545141889 878.1809006631623
52 0 100 0.0 0.0 0.0
53 1 107 1.0 11.607984241186918 11.607984241186918
54 0 100 0.0 0.0 0.0
55 2 20 9.541850352986048 75.23327232919837 717.8646261306569
56 1 104 1.0 5.735193251789799 5.735193251789799
57 0 100 0.0 0.0 0.0
58 0 100 0.0 0.0 0.0
59 0 100 0.0 0.0 0.0
60 2 45 9.541850352986048 242.29532664846576 2311.945748107533
61 1 8 1.0 13.734791927877684 13.734791927877684
62 0 100 0.0 0.0 0.0
63 2 23 9.541850352986048 92.0346545141889 878.1809006631623
64 9 216 604.9491004987461 28037.540124113097 16961284.67827972
65 0 100 0.0 0.0 0.0
66 0 100 0.0 0.0 0.0
67 1 103 1.0 3.9914906122521803 3.9914906122521803
68 2 108 9.541850352986048 20.066939702021244 191.47573567908114
69 0 100 0.0 0.0 0.0
70 1 103 1.0 3.9914906122521803 3.9914906122521803
71 0 6 0.0 6.0 0.0
72 1 106 1.0 9.55892689827884 9.55892689827884
73 0 100 0.0 0.0 0.0
74 0 100 0.0 0.0 0.0
75 0 6 0.0 6.0 0.0
76 0 100 0.0 0.0 0.0
77 1 12 1.0 22.891970023971037 22.891970023971037
78 8 154 459.67273235884244 35499.84558585349 16318311.018766263
79 0 100 0.0 0.0 0.0
80 3 185 32.9215577265747 1155.4778704989785 38040.13141541172
81 2 107 9.541850352986048 16.551687764173284 157.9337277350917
82 0 100 0.0 0.0 0.0
83 0 100 0.0 0.0 0.0
84 0 100 0.0 0.0 0.0
85 0 100 0.0 0.0 0.0
86 0 100 0.0 0.0 0.0
87 1 107 1.0 11.607984241186918 11.607984241186918
88 1 8 1.0 13.734791927877684 13.734791927877684
89 0 100 0.0 0.0 0.0
90 0 100 0.0 0.0 0.0
91 0 100 0.0 0.0 0.0
92 2 10 9.541850352986048 27.685321443873434 264.16919419175593
93 0 100 0.0 0.0 0.0
94 1 8 1.0 13.734791927877684 13.734791927877684
95 1 25 1.0 57.71571011139208 57.71571011139208
96 0 100 0.0 0.0 0.0
97 1 105 1.0 7.59708563275366 7.59708563275366
98 0 10 0.0 10.0 0.0
99 0 100 0.0 0.0 0.0
100 0 100 0.0 0.0 0.0
101 2 16 9.541850352986048 54.53075711894446 520.3243240639966
102 1 104 1.0 5.735193251789799 5.735193251789799
103 0 100 0.0 0.0 0.0
104 0 100 0.0 0.0 0.0
105 0 100 0.0 0.0 0.0
106 1 6 1.0 9.55892689827884 9.55892689827884
107 1 101 1.0 1.0 1.0
108 0 100 0.0 0.0 0.0
109 1 7 1.0 11.607984241186918 11.607984241186918
110 2 37 9.541850352986048 182.69988024795316 1743.2949168344405
111 0 100 0.0 0.0 0.0
112 0 100 0.0 0.0 0.0
113 0 100 0.0 0.0 0.0
114 3 49 32.9215577265747 481.96892224029307 15867.1676959488
115 1 105 1.0 7.59708563275366 7.59708563275366
116 1 110 1.0 18.1937008646705 18.1937008646705
117 2 26 9.541850352986048 109.8359986590007 1048.0386625749609
118 0 100 0.0 0.0 0.0
119 0 100 0.0 0.0 0.0
120 2 20 9.541850352986048 75.23327232919837 717.8646261306569
121 0 100 0.0 0.0 0.0
122 6 167 225.58275470837765 3112.8302065571443 702200.8129346088
123 5 57 139.6884681067044 1551.0877169304622 216669.0670771418
124 2 122 9.541850352986048 86.31942417916456 823.6470280735138
125 1 11 1.0 20.51504931294799 20.51504931294799
126 1 12 1.0 22.891970023971037 22.891970023971037
127 2 35 9.541850352986048 168.62869283493262 1609.0297522505775
128 0 100 0.0 0.0 0.0
129 0 100 0.0 0.0 0.0
130 2 25 9.541850352986048 103.79546451213633 990.4007896934788
131 2 41 9.541850352986048 211.85407612585806 2021.4798910630518
132 0 100 0.0 0.0 0.0
133 0 100 0.0 0.0 0.0
134 0 100 0.0 0.0 0.0
135 0 100 0.0 0.0 0.0
136 2 40 9.541850352986048 204.4421003683832 1950.7559275652661
137 0 100 0.0 0.0 0.0
138 1 8 1.0 13.734791927877684 13.734791927877684
139 0 100 0.0 0.0 0.0
140 0 100 0.0 0.0 0.0
141 1 14 1.0 27.799106543625292 27.799106543625292
142 9 193 604.9491004987461 83962.22765060987 50792874.093107395
143 0 100 0.0 0.0 0.0
144 2 33 9.541850352986048 154.90879557685506 1478.1165457556579
145 0 11 0.0 11.0 0.0
146 2 31 9.541850352986048 141.5519192260369 1350.6672304328126
147 1 28 1.0 66.57403288693754 66.57403288693754
148 1 20 1.0 43.57075425423803 43.57075425423803
149 0 100 0.0 0.0 0.0
150 2 37 9.541850352986048 182.69988024795316 1743.2949168344405
151 8 170 459.67273235884244 43603.43660138131 20043310.842792507
152 1 27 1.0 63.59241768810072 63.59241768810072
153 0 100 0.0 0.0 0.0
154 1 103 1.0 3.9914906122521803 3.9914906122521803
155 2 48 9.541850352986048 265.93129728965954 2537.4766429133756
156 3 51 32.9215577265747 513.5688732735056 16907.48730804564
157 0 100 0.0 0.0 0.0
158 0 100 0.0 0.0 0.0
159 2 52 9.541850352986048 298.47302352672085 2847.984924895254
160 0 100 0.0 0.0 0.0
161 2 26 9.541850352986048 109.8359986590007 1048.0386625749609
162 3 128 32.9215577265747 198.25318874016915 6526.8037975869875
163 3 48 32.9215577265747 466.4489382157433 15356.225645969067
164 1 17 1.0 35.503281577765854 35.503281577765854
165 1 103 1.0 3.9914906122521803 3.9914906122521803
166 0 100 0.0 0.0 0.0
167 1 29 1.0 69.58346013935528 69.58346013935528
168 1 9 1.0 15.931997307697284 15.931997307697284
169 2 28 9.541850352986048 122.22584512913716 1166.2607234894754
170 2 28 9.541850352986048 122.22584512913716 1166.2607234894754
171 2 51 9.541850352986048 290.23003402420613 2769.3315526010238
172 4 32 75.61186198841948 374.7746947170294 28337.41249369607
173 6 105 225.58275470837765 7351.839824949449 1658448.2798868536
174 7 101 332.66880679862265 10201.0 3393554.4981527496
175 0 100 0.0 0.0 0.0
176 12 145 1131.8354418063404 120809.0743078219 136735991.99340862
177 0 100 0.0 0.0 0.0
178 0 100 0.0 0.0 0.0
179 2 28 9.541850352986048 122.22584512913716 1166.2607234894754
180 4 46 75.61186198841948 697.0692055589992 52706.70056710426
181 0 6 0.0 6.0 0.0
182 2 121 9.541850352986048 80.71796600694597 770.1987524356932
183 3 47 32.9215577265747 451.11773253603667 14851.498473166615
184 0 100 0.0 0.0 0.0
185 10 138 766.6651705632711 57418.05598112961 44020423.68218418
186 0 100 0.0 0.0 0.0
187 0 100 0.0 0.0 0.0
188 0 100 0.0 0.0 0.0
189 0 100 0.0 0.0 0.0
190 2 15 9.541850352986048 49.68406405407534 474.0779041321602
191 0 100 0.0 0.0 0.0
192 1 104 1.0 5.735193251789799 5.735193251789799
193 2 44 9.541850352986048 234.56808185291177 2238.2135346274663
194 1 8 1.0 13.734791927877684 13.734791927877684
195 3 55 32.9215577265747 578.9666715492328 19060.48469917088
196 2 130 9.541850352986048 135.01359299654277 1288.2794999919763
197 2 16 9.541850352986048 54.53075711894446 520.3243240639966
198 7 92 332.66880679862265 8464.0 2815708.780743542
199 5 158 139.6884681067044 1600.889370701534 223625.7838016033
