0 2 8 9.541850352986048 20.066939702021244 191.47573567908114
1 1 11 1.0 20.51504931294799 20.51504931294799
2 0 100 0.0 0.0 0.0
3 0 100 0.0 0.0 0.0
4 2 12 9.541850352986048 36.01211998010309 343.62225974392254
5 0 100 0.0 0.0 0.0
6 0 100 0.0 0.0 0.0
7 1 102 1.0 2.3948263510722025 2.3948263510722025
8 0 6 0.0 6.0 0.0
9 1 101 1.0 1.0 1.0
10 0 100 0.0 0.0 0.0
11 2 41 9.541850352986048 211.85407612585806 2021.4798910630518
12 2 14 9.541850352986048 44.97826169706515 429.17584225083993
13 0 10 0.0 10.0 0.0
14 0 5 0.0 5.0 0.0
15 0 10 0.0 10.0 0.0
16 0 6 0.0 6.0 0.0
17 0 100 0.0 0.0 0.0
18 0 100 0.0 0.0 0.0
19 0 5 0.0 5.0 0.0
20 0 11 0.0 11.0 0.0
21 3 43 32.9215577265747 391.71440685113555 12895.848457480626
22 4 86 75.61186198841948 2032.1034843472744 153651.12820465246
23 1 104 1.0 5.735193251789799 5.735193251789799
24 0 6 0.0 6.0 0.0
25 0 5 0.0 5.0 0.0
26 0 5 0.0 5.0 0.0
27 14 197 1540.4353185285338 455659.37602342636 701913796.0451597
28 18 415 2436.3877014920204 9682864.572040029 23591212158.53112
29 0 100 0.0 0.0 0.0
30 0 17 0.0 17.0 0.0
31 0 100 0.0 0.0 0.0
32 0 8 0.0 8.0 0.0
33 2 19 9.541850352986048 69.8685662777562 666.6754038000371
34 1 114 1.0 27.799106543625292 27.799106543625292
35 0 100 0.0 0.0 0.0
36 0 100 0.0 0.0 0.0
37 0 6 0.0 6.0 0.0
38 1 8 1.0 13.734791927877684 13.734791927877684
39 1 15 1.0 30.323695983612147 30.323695983612147
40 0 100 0.0 0.0 0.0
41 0 5 0.0 5.0 0.0
42 3 136 32.9215577265747 295.444715883087 9726.500268956508
43 0 100 0.0 0.0 0.0
44 0 5 0.0 5.0 0.0
45 1 10 1.0 18.1937008646705 18.1937008646705
46 0 100 0.0 0.0 0.0
47 1 9 1.0 15.931997307697284 15.931997307697284
48 0 100 0.0 0.0 0.0
49 1 36 1.0 91.37308344663872 91.37308344663872
50 0 100 0.0 0.0 0.0
51 2 17 9.541850352986048 59.51335422080222 567.8675199791454
52 2 24 9.541850352986048 97.86086952638261 933.7737724338355
53 1 12 1.0 22.891970023971037 22.891970023971037
54 0 6 0.0 6.0 0.0
55 5 68 139.6884681067044 2137.419079796989 298572.7969588832
56 1 24 1.0 54.8222930413608 54.8222930413608
57 0 100 0.0 0.0 0.0
58 0 100 0.0 0.0 0.0
59 0 5 0.0 5.0 0.0
60 0 100 0.0 0.0 0.0
61 1 104 1.0 5.735193251789799 5.735193251789799
62 0 100 0.0 0.0 0.0
63 1 10 1.0 18.1937008646705 18.1937008646705
64 1 111 1.0 20.51504931294799 20.51504931294799
65 1 9 1.0 15.931997307697284 15.931997307697284
66 0 100 0.0 0.0 0.0
67 1 10 1.0 18.1937008646705 18.1937008646705
68 1 13 1.0 25.320989780782124 25.320989780782124
69 0 100 0.0 0.0 0.0
70 0 10 0.0 10.0 0.0
71 0 100 0.0 0.0 0.0
72 0 100 0.0 0.0 0.0
73 0 100 0.0 0.0 0.0
74 0 100 0.0 0.0 0.0
75 0 100 0.0 0.0 0.0
76 0 5 0.0 5.0 0.0
77 0 100 0.0 0.0 0.0
78 2 46 9.541850352986048 250.0988923255542 2386.406204018009
79 0 5 0.0 5.0 0.0
80 0 6 0.0 6.0 0.0
81 0 10 0.0 10.0 0.0
82 0 10 0.0 10.0 0.0
83 0 100 0.0 0.0 0.0
84 1 8 1.0 13.734791927877684 13.734791927877684
85 0 5 0.0 5.0 0.0
86 0 11 0.0 11.0 0.0
87 3 48 32.9215577265747 466.4489382157433 15356.225645969067
88 0 100 0.0 0.0 0.0
89 1 20 1.0 43.57075425423803 43.57075425423803
90 0 100 0.0 0.0 0.0
91 2 34 9.541850352986048 161.72412498062124 1543.1473990327004
92 2 37 9.541850352986048 182.69988024795316 1743.2949168344405
93 0 6 0.0 6.0 0.0
94 0 5 0.0 5.0 0.0
95 1 13 1.0 25.320989780782124 25.320989780782124
96 0 100 0.0 0.0 0.0
97 4 25 75.61186198841948 245.72185754407212 18579.487180160453
98 3 46 32.9215577265747 435.9769523615719 14353.040404627594
99 6 52 225.58275470837765 1916.8860894212144 432416.4445138071
100 0 100 0.0 0.0 0.0
101 0 5 0.0 5.0 0.0
102 0 100 0.0 0.0 0.0
103 5 81 139.6884681067044 2937.2940727723303 410306.1094044695
104 0 100 0.0 0.0 0.0
105 1 20 1.0 43.57075425423803 43.57075425423803
106 1 102 1.0 2.3948263510722025 2.3948263510722025
107 1 12 1.0 22.891970023971037 22.891970023971037
108 2 15 9.541850352986048 49.68406405407534 474.0779041321602
109 12 233 1131.8354418063404 368507.2998204369 417089622.50112575
110 1 16 1.0 32.892441635375256 32.892441635375256
111 1 12 1.0 22.891970023971037 22.891970023971037
112 1 6 1.0 9.55892689827884 9.55892689827884
113 0 6 0.0 6.0 0.0
114 1 20 1.0 43.57075425423803 43.57075425423803
115 16 275 1979.1134619514044 1871592.2972534716 3704093510.7789
116 1 12 1.0 22.891970023971037 22.891970023971037
117 0 100 0.0 0.0 0.0
118 1 103 1.0 3.9914906122521803 3.9914906122521803
119 2 32 9.541850352986048 148.1842032776824 1413.95149235211
120 0 100 0.0 0.0 0.0
121 1 11 1.0 20.51504931294799 20.51504931294799
122 0 100 0.0 0.0 0.0
123 1 25 1.0 57.71571011139208 57.71571011139208
124 0 5 0.0 5.0 0.0
125 1 12 1.0 22.891970023971037 22.891970023971037
126 1 117 1.0 35.503281577765854 35.503281577765854
127 0 100 0.0 0.0 0.0
128 1 16 1.0 32.892441635375256 32.892441635375256
129 0 100 0.0 0.0 0.0
130 2 30 9.541850352986048 135.01359299654277 1288.2794999919763
131 4 64 75.61186198841948 1226.095534977771 92707.36637535656
132 3 123 32.9215577265747 145.08021796711313 4776.266770788355
133 1 14 1.0 27.799106543625292 27.799106543625292
134 1 22 1.0 49.12998068819353 49.12998068819353
135 0 100 0.0 0.0 0.0
136 1 48 1.0 131.28987200165307 131.28987200165307
137 2 12 9.541850352986048 36.01211998010309 343.62225974392254
138 10 214 766.6651705632711 152332.9437676605 116788362.31603862
139 0 100 0.0 0.0 0.0
140 1 17 1.0 35.503281577765854 35.503281577765854
141 1 20 1.0 43.57075425423803 43.57075425423803
142 0 100 0.0 0.0 0.0
143 2 14 9.541850352986048 44.97826169706515 429.17584225083993
144 1 23 1.0 51.960050539976365 51.960050539976365
145 0 100 0.0 0.0 0.0
146 0 100 0.0 0.0 0.0
147 0 11 0.0 11.0 0.0
148 3 64 32.9215577265747 736.4308795040106 24244.45171122346
149 0 100 0.0 0.0 0.0
150 2 10 9.541850352986048 27.685321443873434 264.16919419175593
151 3 134 32.9215577265747 269.81820202916316 8882.83551378369
152 14 227 1540.4353185285338 646337.5928102317 995641255.657595
153 0 11 0.0 11.0 0.0
154 2 28 9.541850352986048 122.22584512913716 1166.2607234894754
155 1 13 1.0 25.320989780782124 25.320989780782124
156 4 78 75.61186198841948 1719.6349352173313 130024.79939211752
157 1 12 1.0 22.891970023971037 22.891970023971037
158 15 260 1756.7778603087352 1217170.7636398226 2138298649.7775168
159 3 47 32.9215577265747 451.11773253603667 14851.498473166615
160 2 18 9.541850352986048 64.62733255388774 616.6643359418604
161 4 89 75.61186198841948 2154.8151586700715 162929.58638791565
162 4 56 75.61186198841948 975.7969952136767 73781.82773081094
163 1 102 1.0 2.3948263510722025 2.3948263510722025
164 0 100 0.0 0.0 0.0
165 15 244 1756.7778603087352 1037159.1258669969 1822058189.940301
166 1 105 1.0 7.59708563275366 7.59708563275366
167 1 107 1.0 11.607984241186918 11.607984241186918
168 3 164 32.9215577265747 736.4308795040106 24244.45171122346
169 1 34 1.0 85.02419427196995 85.02419427196995
170 0 100 0.0 0.0 0.0
171 3 27 32.9215577265747 187.1321231368427 6160.680994346051
172 0 100 0.0 0.0 0.0
173 5 137 139.6884681067044 7632.713194384114 1066202.013621347
174 0 100 0.0 0.0 0.0
175 2 28 9.541850352986048 122.22584512913716 1166.2607234894754
176 0 11 0.0 11.0 0.0
177 13 272 1331.5823725933528 737322.3704660116 981805471.4312868
178 0 11 0.0 11.0 0.0
179 2 41 9.541850352986048 211.85407612585806 2021.4798910630518
180 1 26 1.0 60.63937356224698 60.63937356224698
181 1 19 1.0 40.84402933782601 40.84402933782601
182 10 120 766.6651705632711 42078.2525506963 32259930.668783974
183 1 17 1.0 35.503281577765854 35.503281577765854
184 2 122 9.541850352986048 86.31942417916456 823.6470280735138
185 14 243 1540.4353185285338 764558.9851738521 1177753663.8601353
186 14 251 1540.4353185285338 828141.0380172962 1275697703.6847243
187 0 100 0.0 0.0 0.0
188 3 29 32.9215577265747 209.61005902119368 6900.689658136957
189 13 232 1331.5823725933528 502530.6646917638 669160974.7911735
190 1 105 1.0 7.59708563275366 7.59708563275366
191 1 105 1.0 7.59708563275366 7.59708563275366
192 3 35 32.9215577265747 282.5239294230334 9301.12785163911
193 2 12 9.541850352986048 36.01211998010309 343.62225974392254
194 3 57 32.9215577265747 612.7419199112477 20172.41848785035
195 2 114 9.541850352986048 44.97826169706515 429.17584225083993
196 1 13 1.0 25.320989780782124 25.320989780782124
197 10 276 766.6651705632711 268245.9671277703 205654840.14092162
198 2 11 9.541850352986048 31.76494829034237 303.0963830567869
199 3 49 32.9215577265747 481.96892224029307 15867.1676959488
