0 0 100 0.0 0.0 0.0
1 1 7 1.0 11.607984241186918 11.607984241186918
2 0 9 0.0 9.0 0.0
3 0 5 0.0 5.0 0.0
4 0 100 0.0 0.0 0.0
5 0 6 0.0 6.0 0.0
6 1 20 1.0 43.57075425423803 43.57075425423803
7 0 100 0.0 0.0 0.0
8 1 11 1.0 20.51504931294799 20.51504931294799
9 0 6 0.0 6.0 0.0
10 0 100 0.0 0.0 0.0
11 0 100 0.0 0.0 0.0
12 0 5 0.0 5.0 0.0
13 0 10 0.0 10.0 0.0
14 0 10 0.0 10.0 0.0
15 0 100 0.0 0.0 0.0
16 2 10 9.541850352986048 27.685321443873434 264.16919419175593
17 0 100 0.0 0.0 0.0
18 0 100 0.0 0.0 0.0
19 0 5 0.0 5.0 0.0
20 0 100 0.0 0.0 0.0
21 0 100 0.0 0.0 0.0
22 0 8 0.0 8.0 0.0
23 0 7 0.0 7.0 0.0
24 0 7 0.0 7.0 0.0
25 0 6 0.0 6.0 0.0
26 0 6 0.0 6.0 0.0
27 0 8 0.0 8.0 0.0
28 0 5 0.0 5.0 0.0
29 0 6 0.0 6.0 0.0
30 2 18 9.541850352986048 64.62733255388774 616.6643359418604
31 0 9 0.0 9.0 0.0
32 0 6 0.0 6.0 0.0
33 0 100 0.0 0.0 0.0
34 0 100 0.0 0.0 0.0
35 0 6 0.0 6.0 0.0
36 1 14 1.0 27.799106543625292 27.799106543625292
37 0 100 0.0 0.0 0.0
38 0 100 0.0 0.0 0.0
39 3 14 32.9215577265747 65.97278979840442 2171.9270077313495
40 2 8 9.541850352986048 20.066939702021244 191.47573567908114
41 0 6 0.0 6.0 0.0
42 1 10 1.0 18.1937008646705 18.1937008646705
43 0 100 0.0 0.0 0.0
44 0 10 0.0 10.0 0.0
45 1 11 1.0 20.51504931294799 20.51504931294799
46 0 5 0.0 5.0 0.0
47 0 9 0.0 9.0 0.0
48 0 10 0.0 10.0 0.0
49 0 6 0.0 6.0 0.0
50 1 101 1.0 1.0 1.0
51 0 100 0.0 0.0 0.0
52 0 100 0.0 0.0 0.0
53 0 10 0.0 10.0 0.0
54 1 8 1.0 13.734791927877684 13.734791927877684
55 1 100 1.0 0.0 0.0
56 0 6 0.0 6.0 0.0
57 0 100 0.0 0.0 0.0
58 1 16 1.0 32.892441635375256 32.892441635375256
59 0 100 0.0 0.0 0.0
60 1 104 1.0 5.735193251789799 5.735193251789799
61 0 10 0.0 10.0 0.0
62 0 100 0.0 0.0 0.0
63 1 16 1.0 32.892441635375256 32.892441635375256
64 0 5 0.0 5.0 0.0
65 0 100 0.0 0.0 0.0
66 0 5 0.0 5.0 0.0
67 0 10 0.0 10.0 0.0
68 1 11 1.0 20.51504931294799 20.51504931294799
69 0 6 0.0 6.0 0.0
70 1 11 1.0 20.51504931294799 20.51504931294799
71 0 7 0.0 7.0 0.0
72 0 10 0.0 10.0 0.0
73 0 10 0.0 10.0 0.0
74 0 10 0.0 10.0 0.0
75 0 14 0.0 14.0 0.0
76 0 100 0.0 0.0 0.0
77 0 5 0.0 5.0 0.0
78 0 100 0.0 0.0 0.0
79 0 10 0.0 10.0 0.0
80 0 100 0.0 0.0 0.0
81 1 11 1.0 20.51504931294799 20.51504931294799
82 0 10 0.0 10.0 0.0
83 1 9 1.0 15.931997307697284 15.931997307697284
84 0 10 0.0 10.0 0.0
85 1 20 1.0 43.57075425423803 43.57075425423803
86 1 11 1.0 20.51504931294799 20.51504931294799
87 1 18 1.0 38.15436697768484 38.15436697768484
88 0 100 0.0 0.0 0.0
89 0 6 0.0 6.0 0.0
90 1 21 1.0 46.33316012586883 46.33316012586883
91 0 10 0.0 10.0 0.0
92 0 6 0.0 6.0 0.0
93 0 100 0.0 0.0 0.0
94 0 10 0.0 10.0 0.0
95 0 10 0.0 10.0 0.0
96 0 6 0.0 6.0 0.0
97 0 9 0.0 9.0 0.0
98 1 107 1.0 11.607984241186918 11.607984241186918
99 0 100 0.0 0.0 0.0
100 1 5 1.0 7.59708563275366 7.59708563275366
101 0 5 0.0 5.0 0.0
102 1 12 1.0 22.891970023971037 22.891970023971037
103 0 7 0.0 7.0 0.0
104 0 6 0.0 6.0 0.0
105 0 100 0.0 0.0 0.0
106 1 10 1.0 18.1937008646705 18.1937008646705
107 1 17 1.0 35.503281577765854 35.503281577765854
108 0 10 0.0 10.0 0.0
109 1 9 1.0 15.931997307697284 15.931997307697284
110 2 104 9.541850352986048 7.384494371244687 70.4617402228846
111 3 119 32.9215577265747 107.12598084817145 3526.754162509012
112 0 100 0.0 0.0 0.0
113 0 100 0.0 0.0 0.0
114 0 6 0.0 6.0 0.0
115 2 19 9.541850352986048 69.8685662777562 666.6754038000371
116 0 100 0.0 0.0 0.0
117 0 100 0.0 0.0 0.0
118 0 6 0.0 6.0 0.0
119 0 100 0.0 0.0 0.0
120 1 20 1.0 43.57075425423803 43.57075425423803
121 0 100 0.0 0.0 0.0
122 0 100 0.0 0.0 0.0
123 0 100 0.0 0.0 0.0
124 2 17 9.541850352986048 59.51335422080222 567.8675199791454
125 0 10 0.0 10.0 0.0
126 0 100 0.0 0.0 0.0
127 1 19 1.0 40.84402933782601 40.84402933782601
128 0 10 0.0 10.0 0.0
129 1 16 1.0 32.892441635375256 32.892441635375256
130 0 10 0.0 10.0 0.0
131 2 22 9.541850352986048 86.31942417916456 823.6470280735138
132 1 10 1.0 18.1937008646705 18.1937008646705
133 1 105 1.0 7.59708563275366 7.59708563275366
134 0 100 0.0 0.0 0.0
135 0 10 0.0 10.0 0.0
136 0 100 0.0 0.0 0.0
137 0 100 0.0 0.0 0.0
138 1 13 1.0 25.320989780782124 25.320989780782124
139 2 13 9.541850352986048 40.41888428935346 385.6709453236695
140 0 100 0.0 0.0 0.0
141 1 14 1.0 27.799106543625292 27.799106543625292
142 0 100 0.0 0.0 0.0
143 0 8 0.0 8.0 0.0
144 0 100 0.0 0.0 0.0
145 0 10 0.0 10.0 0.0
146 0 10 0.0 10.0 0.0
147 2 30 9.541850352986048 135.01359299654277 1288.2794999919763
148 1 7 1.0 11.607984241186918 11.607984241186918
149 1 16 1.0 32.892441635375256 32.892441635375256
150 1 102 1.0 2.3948263510722025 2.3948263510722025
151 2 7 9.541850352986048 16.551687764173284 157.9337277350917
152 2 12 9.541850352986048 36.01211998010309 343.62225974392254
153 0 100 0.0 0.0 0.0
154 1 24 1.0 54.8222930413608 54.8222930413608
155 1 20 1.0 43.57075425423803 43.57075425423803
156 0 10 0.0 10.0 0.0
157 1 103 1.0 3.9914906122521803 3.9914906122521803
158 0 100 0.0 0.0 0.0
159 0 100 0.0 0.0 0.0
160 1 103 1.0 3.9914906122521803 3.9914906122521803
161 0 100 0.0 0.0 0.0
162 1 14 1.0 27.799106543625292 27.799106543625292
163 0 10 0.0 10.0 0.0
164 3 40 32.9215577265747 349.23013798641597 11497.20014757944
165 2 17 9.541850352986048 59.51335422080222 567.8675199791454
166 1 12 1.0 22.891970023971037 22.891970023971037
167 1 100 1.0 0.0 0.0
168 3 27 32.9215577265747 187.1321231368427 6160.680994346051
169 2 10 9.541850352986048 27.685321443873434 264.16919419175593
170 1 11 1.0 20.51504931294799 20.51504931294799
171 1 16 1.0 32.892441635375256 32.892441635375256
172 1 11 1.0 20.51504931294799 20.51504931294799
173 0 100 0.0 0.0 0.0
174 2 107 9.541850352986048 16.551687764173284 157.9337277350917
175 1 105 1.0 7.59708563275366 7.59708563275366
176 1 12 1.0 22.891970023971037 22.891970023971037
177 1 11 1.0 20.51504931294799 20.51504931294799
178 0 100 0.0 0.0 0.0
179 0 100 0.0 0.0 0.0
180 1 12 1.0 22.891970023971037 22.891970023971037
181 1 20 1.0 43.57075425423803 43.57075425423803
182 1 34 1.0 85.02419427196995 85.02419427196995
183 1 24 1.0 54.8222930413608 54.8222930413608
184 0 100 0.0 0.0 0.0
185 1 12 1.0 22.891970023971037 22.891970023971037
186 1 24 1.0 54.8222930413608 54.8222930413608
187 2 15 9.541850352986048 49.68406405407534 474.0779041321602
188 0 100 0.0 0.0 0.0
189 1 103 1.0 3.9914906122521803 3.9914906122521803
190 1 22 1.0 49.12998068819353 49.12998068819353
191 1 102 1.0 2.3948263510722025 2.3948263510722025
192 1 20 1.0 43.57075425423803 43.57075425423803
193 2 11 9.541850352986048 31.76494829034237 303.0963830567869
194 1 103 1.0 3.9914906122521803 3.9914906122521803
195 1 106 1.0 9.55892689827884 9.55892689827884
196 0 100 0.0 0.0 0.0
197 1 26 1.0 60.63937356224698 60.63937356224698
198 1 13 1.0 25.320989780782124 25.320989780782124
199 3 109 32.9215577265747 32.71640406476307 1077.0749850240404
