0 0 100 0.0 0.0 0.0
1 0 9 0.0 9.0 0.0
2 0 5 0.0 5.0 0.0
3 1 18 1.0 38.15436697768484 38.15436697768484
4 0 100 0.0 0.0 0.0
5 0 100 0.0 0.0 0.0
6 2 11 9.541850352986048 31.76494829034237 303.0963830567869
7 0 5 0.0 5.0 0.0
8 1 101 1.0 1.0 1.0
9 3 28 32.9215577265747 198.25318874016915 6526.8037975869875
10 0 100 0.0 0.0 0.0
11 5 66 139.6884681067044 2024.56047903646 282807.7519059787
12 5 69 139.6884681067044 2194.8788310889477 306599.26159464906
13 2 20 9.541850352986048 75.23327232919837 717.8646261306569
14 0 100 0.0 0.0 0.0
15 0 100 0.0 0.0 0.0
16 2 22 9.541850352986048 86.31942417916456 823.6470280735138
17 0 6 0.0 6.0 0.0
18 0 100 0.0 0.0 0.0
19 0 100 0.0 0.0 0.0
20 0 100 0.0 0.0 0.0
21 2 11 9.541850352986048 31.76494829034237 303.0963830567869
22 0 100 0.0 0.0 0.0
23 0 100 0.0 0.0 0.0
24 0 100 0.0 0.0 0.0
25 1 8 1.0 13.734791927877684 13.734791927877684
26 2 20 9.541850352986048 75.23327232919837 717.8646261306569
27 0 100 0.0 0.0 0.0
28 0 100 0.0 0.0 0.0
29 3 11 32.9215577265747 44.98915580191157 1481.1130898024949
30 3 120 32.9215577265747 116.21344721391306 3825.92771105708
31 0 100 0.0 0.0 0.0
32 0 100 0.0 0.0 0.0
33 0 100 0.0 0.0 0.0
34 0 10 0.0 10.0 0.0
35 0 100 0.0 0.0 0.0
36 1 14 1.0 27.799106543625292 27.799106543625292
37 0 100 0.0 0.0 0.0
38 5 84 139.6884681067044 3137.9608221632784 438336.940226843
39 0 100 0.0 0.0 0.0
40 0 100 0.0 0.0 0.0
41 0 100 0.0 0.0 0.0
42 1 18 1.0 38.15436697768484 38.15436697768484
43 0 100 0.0 0.0 0.0
44 0 100 0.0 0.0 0.0
45 0 100 0.0 0.0 0.0
46 2 22 9.541850352986048 86.31942417916456 823.6470280735138
47 0 100 0.0 0.0 0.0
48 2 14 9.541850352986048 44.97826169706515 429.17584225083993
49 2 34 9.541850352986048 161.72412498062124 1543.1473990327004
50 0 100 0.0 0.0 0.0
51 0 100 0.0 0.0 0.0
52 0 100 0.0 0.0 0.0
53 1 10 1.0 18.1937008646705 18.1937008646705
54 1 19 1.0 40.84402933782601 40.84402933782601
55 1 56 1.0 159.43324825478544 159.43324825478544
56 1 25 1.0 57.71571011139208 57.71571011139208
57 0 6 0.0 6.0 0.0
58 0 6 0.0 6.0 0.0
59 0 100 0.0 0.0 0.0
60 1 105 1.0 7.59708563275366 7.59708563275366
61 5 153 139.6884681067044 9329.272699657522 1303191.8119648579
62 0 100 0.0 0.0 0.0
63 0 100 0.0 0.0 0.0
64 6 111 225.58275470837765 8176.399536993932 1844454.7311513948
65 1 103 1.0 3.9914906122521803 3.9914906122521803
66 1 18 1.0 38.15436697768484 38.15436697768484
67 0 100 0.0 0.0 0.0
68 0 100 0.0 0.0 0.0
69 0 100 0.0 0.0 0.0
70 1 11 1.0 20.51504931294799 20.51504931294799
71 1 107 1.0 11.607984241186918 11.607984241186918
72 3 40 32.9215577265747 349.23013798641597 11497.20014757944
73 0 100 0.0 0.0 0.0
74 0 100 0.0 0.0 0.0
75 5 61 139.6884681067044 1754.5251914699081 245086.93625105367
76 2 65 9.541850352986048 411.78783219395143 3929.2178719752146
77 1 8 1.0 13.734791927877684 13.734791927877684
78 0 100 0.0 0.0 0.0
79 0 100 0.0 0.0 0.0
80 3 21 32.9215577265747 125.57185196799401 4134.020973397207
81 0 100 0.0 0.0 0.0
82 3 106 32.9215577265747 1640.486501007654 54007.37104259002
83 1 20 1.0 43.57075425423803 43.57075425423803
84 1 18 1.0 38.15436697768484 38.15436697768484
85 0 100 0.0 0.0 0.0
86 0 100 0.0 0.0 0.0
87 0 100 0.0 0.0 0.0
88 0 100 0.0 0.0 0.0
89 1 12 1.0 22.891970023971037 22.891970023971037
90 0 100 0.0 0.0 0.0
91 2 16 9.541850352986048 54.53075711894446 520.3243240639966
92 0 100 0.0 0.0 0.0
93 0 100 0.0 0.0 0.0
94 1 21 1.0 46.33316012586883 46.33316012586883
95 0 11 0.0 11.0 0.0
96 0 100 0.0 0.0 0.0
97 0 100 0.0 0.0 0.0
98 0 100 0.0 0.0 0.0
99 1 17 1.0 35.503281577765854 35.503281577765854
100 0 100 0.0 0.0 0.0
101 0 5 0.0 5.0 0.0
102 4 63 75.61186198841948 1193.5182370479756 90244.13622033325
103 1 11 1.0 20.51504931294799 20.51504931294799
104 4 32 75.61186198841948 374.7746947170294 28337.41249369607
105 5 81 139.6884681067044 2937.2940727723303 410306.1094044695
106 0 100 0.0 0.0 0.0
107 0 100 0.0 0.0 0.0
108 2 6 9.541850352986048 13.252209915340185 126.45060385853394
109 0 100 0.0 0.0 0.0
110 2 37 9.541850352986048 182.69988024795316 1743.2949168344405
111 2 25 9.541850352986048 103.79546451213633 990.4007896934788
112 2 19 9.541850352986048 69.8685662777562 666.6754038000371
113 1 17 1.0 35.503281577765854 35.503281577765854
114 3 49 32.9215577265747 481.96892224029307 15867.1676959488
115 4 46 75.61186198841948 697.0692055589992 52706.70056710426
116 5 46 139.6884681067044 1050.58572833688 146754.71100614508
117 0 11 0.0 11.0 0.0
118 2 26 9.541850352986048 109.8359986590007 1048.0386625749609
119 1 11 1.0 20.51504931294799 20.51504931294799
120 1 20 1.0 43.57075425423803 43.57075425423803
121 4 43 75.61186198841948 621.143248020611 46965.797544373054
122 1 8 1.0 13.734791927877684 13.734791927877684
123 3 170 32.9215577265747 849.0056290582019 27950.587827226456
124 3 47 32.9215577265747 451.11773253603667 14851.498473166615
125 3 42 32.9215577265747 377.3528472077043 12423.04354263576
126 1 8 1.0 13.734791927877684 13.734791927877684
127 4 91 75.61186198841948 2238.2761103848434 169240.22435039515
128 0 100 0.0 0.0 0.0
129 0 100 0.0 0.0 0.0
130 2 24 9.541850352986048 97.86086952638261 933.7737724338355
131 1 8 1.0 13.734791927877684 13.734791927877684
132 0 100 0.0 0.0 0.0
133 0 100 0.0 0.0 0.0
134 2 57 9.541850352986048 340.72951581223015 3251.1900507256933
135 4 44 75.61186198841948 646.0476428878335 48848.86521197858
136 1 103 1.0 3.9914906122521803 3.9914906122521803
137 2 24 9.541850352986048 97.86086952638261 933.7737724338355
138 1 24 1.0 54.8222930413608 54.8222930413608
139 1 19 1.0 40.84402933782601 40.84402933782601
140 1 102 1.0 2.3948263510722025 2.3948263510722025
141 3 72 32.9215577265747 887.8335628861327 29228.863892146303
142 0 100 0.0 0.0 0.0
143 3 55 32.9215577265747 578.9666715492328 19060.48469917088
144 4 83 75.61186198841948 1912.3940233356846 144599.67295993603
145 5 52 139.6884681067044 1312.7590262571498 183377.29737111018
146 7 126 332.66880679862265 15876.0 5281449.976734933
147 4 113 75.61186198841948 3241.266607422014 245078.20338806594
148 0 100 0.0 0.0 0.0
149 6 137 225.58275470837765 12229.238131186143 2758705.225617702
150 3 38 32.9215577265747 321.92161897300775 10598.16116245226
151 0 100 0.0 0.0 0.0
152 3 44 32.9215577265747 406.27351121486885 13375.156852238497
153 0 100 0.0 0.0 0.0
154 5 51 139.6884681067044 1267.2460047423704 177019.65311680315
155 2 50 9.541850352986048 282.0582186126376 2691.3573128316116
156 1 105 1.0 7.59708563275366 7.59708563275366
157 0 100 0.0 0.0 0.0
158 0 100 0.0 0.0 0.0
159 3 20 32.9215577265747 116.21344721391306 3825.92771105708
160 1 106 1.0 9.55892689827884 9.55892689827884
161 1 14 1.0 27.799106543625292 27.799106543625292
162 7 58 332.66880679862265 3364.0 1119097.8660705667
163 2 24 9.541850352986048 97.86086952638261 933.7737724338355
164 0 100 0.0 0.0 0.0
165 2 22 9.541850352986048 86.31942417916456 823.6470280735138
166 4 52 75.61186198841948 859.6554919481086 65000.15241476724
167 0 100 0.0 0.0 0.0
168 1 10 1.0 18.1937008646705 18.1937008646705
169 2 124 9.541850352986048 97.86086952638261 933.7737724338355
170 6 98 225.58275470837765 6442.856405219488 1453397.2960799276
171 0 100 0.0 0.0 0.0
172 2 29 9.541850352986048 128.5709592386038 1226.8048527946264
173 3 81 32.9215577265747 1070.3630949288454 35238.02041809513
174 4 102 75.61186198841948 2720.557944067154 205706.4517983039
175 3 45 32.9215577265747 421.0282951259743 13860.907322511091
176 1 23 1.0 51.960050539976365 51.960050539976365
177 2 30 9.541850352986048 135.01359299654277 1288.2794999919763
178 1 100 1.0 0.0 0.0
179 3 25 32.9215577265747 165.61186212092687 5452.200479019623
180 3 49 32.9215577265747 481.96892224029307 15867.1676959488
181 4 45 75.61186198841948 671.3571728121805 50762.565895610074
182 0 100 0.0 0.0 0.0
183 6 101 225.58275470837765 6825.411756924657 1539695.1861460118
184 6 144 225.58275470837765 13452.37343883357 3034623.457697888
185 0 100 0.0 0.0 0.0
186 3 12 32.9215577265747 51.65274962739505 1700.488978594596
187 2 111 9.541850352986048 31.76494829034237 303.0963830567869
188 4 73 75.61186198841948 1535.4556318691968 116098.65932623514
189 6 111 225.58275470837765 8176.399536993932 1844454.7311513948
190 6 101 225.58275470837765 6825.411756924657 1539695.1861460118
191 6 145 225.58275470837765 13631.644416136303 3075063.8985971017
192 4 86 75.61186198841948 2032.1034843472744 153651.12820465246
193 2 41 9.541850352986048 211.85407612585806 2021.4798910630518
194 3 39 32.9215577265747 335.47304520277595 11044.29522335299
195 1 9 1.0 15.931997307697284 15.931997307697284
196 3 89 32.9215577265747 1242.9788737846095 40920.80074621283
197 2 87 9.541850352986048 627.0047178974448 5982.785188793651
198 6 88 225.58275470837765 5243.986173197856 1182952.846602616
199 0 100 0.0 0.0 0.0
