0 0 100 0.0 0.0 0.0
1 4 30 75.61186198841948 335.61535000671915 25376.501525903146
2 0 5 0.0 5.0 0.0
3 0 100 0.0 0.0 0.0
4 0 100 0.0 0.0 0.0
5 1 21 1.0 46.33316012586883 46.33316012586883
6 1 104 1.0 5.735193251789799 5.735193251789799
7 0 100 0.0 0.0 0.0
8 0 100 0.0 0.0 0.0
9 0 100 0.0 0.0 0.0
10 1 23 1.0 51.960050539976365 51.960050539976365
11 0 100 0.0 0.0 0.0
12 0 100 0.0 0.0 0.0
13 2 29 9.541850352986048 128.5709592386038 1226.8048527946264
14 0 100 0.0 0.0 0.0
15 4 49 75.61186198841948 776.5950928818146 58719.80098386357
16 0 5 0.0 5.0 0.0
17 2 19 9.541850352986048 69.8685662777562 666.6754038000371
18 0 100 0.0 0.0 0.0
19 0 100 0.0 0.0 0.0
20 0 100 0.0 0.0 0.0
21 1 106 1.0 9.55892689827884 9.55892689827884
22 3 110 32.9215577265747 1739.8383357693572 57278.188205938546
23 0 100 0.0 0.0 0.0
24 0 100 0.0 0.0 0.0
25 0 5 0.0 5.0 0.0
26 14 320 1540.4353185285338 1507409.0716344407 2322066173.416001
27 0 5 0.0 5.0 0.0
28 0 5 0.0 5.0 0.0
29 2 30 9.541850352986048 135.01359299654277 1288.2794999919763
30 0 100 0.0 0.0 0.0
31 10 188 766.6651705632711 114204.12207216918 87556322.72748822
32 3 28 32.9215577265747 198.25318874016915 6526.8037975869875
33 0 5 0.0 5.0 0.0
34 0 6 0.0 6.0 0.0
35 2 60 9.541850352986048 366.8916913478798 3500.825614595415
36 1 28 1.0 66.57403288693754 66.57403288693754
37 0 5 0.0 5.0 0.0
38 3 153 32.9215577265747 545.90532331836 17972.053614869816
39 10 176 766.6651705632711 98622.37714481588 75610341.59508552
40 1 14 1.0 27.799106543625292 27.799106543625292
41 1 10 1.0 18.1937008646705 18.1937008646705
42 0 5 0.0 5.0 0.0
43 0 100 0.0 0.0 0.0
44 0 100 0.0 0.0 0.0
45 0 5 0.0 5.0 0.0
46 5 103 139.6884681067044 4545.356706035842 634933.9152646826
47 0 6 0.0 6.0 0.0
48 1 105 1.0 7.59708563275366 7.59708563275366
49 0 100 0.0 0.0 0.0
50 0 100 0.0 0.0 0.0
51 1 102 1.0 2.3948263510722025 2.3948263510722025
52 1 11 1.0 20.51504931294799 20.51504931294799
53 3 95 32.9215577265747 1378.6071657178634 45385.89538845017
54 1 8 1.0 13.734791927877684 13.734791927877684
55 0 100 0.0 0.0 0.0
56 0 100 0.0 0.0 0.0
57 0 100 0.0 0.0 0.0
58 0 100 0.0 0.0 0.0
59 1 107 1.0 11.607984241186918 11.607984241186918
60 0 100 0.0 0.0 0.0
61 1 10 1.0 18.1937008646705 18.1937008646705
62 1 14 1.0 27.799106543625292 27.799106543625292
63 0 5 0.0 5.0 0.0
64 1 7 1.0 11.607984241186918 11.607984241186918
65 0 7 0.0 7.0 0.0
66 0 11 0.0 11.0 0.0
67 1 26 1.0 60.63937356224698 60.63937356224698
68 3 17 32.9215577265747 89.78750677036001 2955.9445872656233
69 1 5 1.0 7.59708563275366 7.59708563275366
70 1 105 1.0 7.59708563275366 7.59708563275366
71 0 5 0.0 5.0 0.0
72 3 61 32.9215577265747 682.3928350558612 22465.435111492498
73 0 100 0.0 0.0 0.0
74 0 100 0.0 0.0 0.0
75 0 100 0.0 0.0 0.0
76 0 9 0.0 9.0 0.0
77 0 11 0.0 11.0 0.0
78 0 9 0.0 9.0 0.0
79 0 100 0.0 0.0 0.0
80 0 100 0.0 0.0 0.0
81 3 37 32.9215577265747 308.57807572808247 10158.870933237406
82 1 26 1.0 60.63937356224698 60.63937356224698
83 0 100 0.0 0.0 0.0
84 0 5 0.0 5.0 0.0
85 10 146 766.6651705632711 65084.513101468925 49898029.33796512
86 1 30 1.0 72.61998620345668 72.61998620345668
87 0 5 0.0 5.0 0.0
88 1 101 1.0 1.0 1.0
89 0 100 0.0 0.0 0.0
90 0 100 0.0 0.0 0.0
91 0 100 0.0 0.0 0.0
92 0 100 0.0 0.0 0.0
93 2 20 9.541850352986048 75.23327232919837 717.8646261306569
94 0 100 0.0 0.0 0.0
95 1 19 1.0 40.84402933782601 40.84402933782601
96 0 100 0.0 0.0 0.0
97 0 7 0.0 7.0 0.0
98 0 100 0.0 0.0 0.0
99 1 27 1.0 63.59241768810072 63.59241768810072
100 1 7 1.0 11.607984241186918 11.607984241186918
101 0 100 0.0 0.0 0.0
102 7 114 332.66880679862265 12996.0 4323363.8131549
103 2 31 9.541850352986048 141.5519192260369 1350.6672304328126
104 0 100 0.0 0.0 0.0
105 0 100 0.0 0.0 0.0
106 5 94 139.6884681067044 3849.5614363989175 537739.3399332094
107 1 11 1.0 20.51504931294799 20.51504931294799
108 1 24 1.0 54.8222930413608 54.8222930413608
109 0 5 0.0 5.0 0.0
110 1 103 1.0 3.9914906122521803 3.9914906122521803
111 7 191 332.66880679862265 8281.0 2754830.389099394
112 0 100 0.0 0.0 0.0
113 9 134 604.9491004987461 38256.77589826959 23143402.1676403
114 8 150 459.67273235884244 33608.73957278992 15449021.150561098
115 2 21 9.541850352986048 80.71796600694597 770.1987524356932
116 2 18 9.541850352986048 64.62733255388774 616.6643359418604
117 1 14 1.0 27.799106543625292 27.799106543625292
118 10 140 766.6651705632711 59285.163668541216 45451870.11581359
119 0 100 0.0 0.0 0.0
120 0 100 0.0 0.0 0.0
121 4 54 75.61186198841948 916.9626779842689 69333.25545627807
122 1 30 1.0 72.61998620345668 72.61998620345668
123 0 100 0.0 0.0 0.0
124 5 80 139.6884681067044 2871.732646582133 401147.9342130701
125 8 121 459.67273235884244 21496.519829988905 9881364.00645704
126 4 63 75.61186198841948 1193.5182370479756 90244.13622033325
127 2 20 9.541850352986048 75.23327232919837 717.8646261306569
128 2 27 9.541850352986048 115.98017876588344 1106.66550969663
129 0 100 0.0 0.0 0.0
130 0 100 0.0 0.0 0.0
131 0 100 0.0 0.0 0.0
132 1 19 1.0 40.84402933782601 40.84402933782601
133 2 47 9.541850352986048 257.9778488812911 2461.586028410529
134 10 161 766.6651705632711 80897.81870740736 62021539.97751105
135 11 141 942.9223974109915 83269.02073017742 78516224.65696444
136 12 204 1131.8354418063404 269596.0522671843 305138366.9270738
137 3 146 32.9215577265747 435.9769523615719 14353.040404627594
138 5 87 139.6884681067044 3344.5706484424895 467197.95035557833
139 2 66 9.541850352986048 420.9557626935435 4016.6968928488986
140 2 37 9.541850352986048 182.69988024795316 1743.2949168344405
141 2 47 9.541850352986048 257.9778488812911 2461.586028410529
142 0 100 0.0 0.0 0.0
143 13 200 1331.5823725933528 351406.3812696562 467926542.91549313
144 7 100 332.66880679862265 10000.0 3326688.0679862266
145 0 5 0.0 5.0 0.0
146 2 12 9.541850352986048 36.01211998010309 343.62225974392254
147 4 169 75.61186198841948 1394.4010936602072 105433.26305033677
148 10 174 766.6651705632711 96147.26174298109 73712756.82337406
149 3 35 32.9215577265747 282.5239294230334 9301.12785163911
150 2 24 9.541850352986048 97.86086952638261 933.7737724338355
151 0 100 0.0 0.0 0.0
152 1 100 1.0 0.0 0.0
153 14 271 1540.4353185285338 1000502.6462075082 1541209612.4993038
154 0 100 0.0 0.0 0.0
155 4 51 75.61186198841948 831.5797944458234 62877.296649995835
156 2 30 9.541850352986048 135.01359299654277 1288.2794999919763
157 1 18 1.0 38.15436697768484 38.15436697768484
158 18 343 2436.3877014920204 5823485.653749988 14188268826.61169
159 4 162 75.61186198841948 1161.3060165688764 87808.51025112707
160 0 100 0.0 0.0 0.0
161 8 150 459.67273235884244 33608.73957278992 15449021.150561098
162 12 182 1131.8354418063404 206150.43298129964 233328366.39195767
163 2 119 9.541850352986048 69.8685662777562 666.6754038000371
164 10 214 766.6651705632711 152332.9437676605 116788362.31603862
165 3 41 32.9215577265747 363.1907597716439 11956.805563580698
166 0 100 0.0 0.0 0.0
167 9 151 604.9491004987461 49483.85481657476 29935213.46049745
168 1 9 1.0 15.931997307697284 15.931997307697284
169 4 43 75.61186198841948 621.143248020611 46965.797544373054
170 4 50 75.61186198841948 803.8922494719358 60783.78982063209
171 0 100 0.0 0.0 0.0
172 6 94 225.58275470837765 5949.1894450157 1342034.543288646
173 0 100 0.0 0.0 0.0
174 0 100 0.0 0.0 0.0
175 7 109 332.66880679862265 11881.0 3952438.093574436
176 15 243 1756.7778603087352 1026481.4884919698 1803299952.9994483
177 1 104 1.0 5.735193251789799 5.735193251789799
178 0 100 0.0 0.0 0.0
179 6 81 225.58275470837765 4475.076918624486 1009500.1788351899
180 12 194 1131.8354418063404 239545.25146829078 271125805.5282238
181 6 134 225.58275470837765 11722.091250421281 2644301.6352130035
182 4 62 75.61186198841948 1161.3060165688764 87808.51025112707
183 1 7 1.0 11.607984241186918 11.607984241186918
184 1 20 1.0 43.57075425423803 43.57075425423803
185 11 164 942.9223974109915 117686.48609129344 110969223.60807772
186 12 217 1131.8354418063404 311744.51331515337 352843488.9587592
187 11 224 942.9223974109915 240283.94866609861 226569116.93561733
188 2 16 9.541850352986048 54.53075711894446 520.3243240639966
189 3 59 32.9215577265747 647.2206215128941 21307.511052966296
190 5 48 139.6884681067044 1135.058052192084 158554.52052289192
191 13 288 1331.5823725933528 846224.8585576818 1126818104.9057124
192 13 243 1331.5823725933528 561888.9684414291 748201445.7312697
193 6 100 225.58275470837765 6696.723465418967 1510665.3268494436
194 2 34 9.541850352986048 161.72412498062124 1543.1473990327004
195 6 120 225.58275470837765 9491.407950004868 2141097.9514230937
196 4 51 75.61186198841948 831.5797944458234 62877.296649995835
197 16 279 1979.1134619514044 1942392.8283766496 3844215795.038091
198 2 10 9.541850352986048 27.685321443873434 264.16919419175593
199 3 44 32.9215577265747 406.27351121486885 13375.156852238497
