0 3 121 32.9215577265747 2024.0241397686736 66634.02755737508
1 0 100 0.0 0.0 0.0
2 3 34 32.9215577265747 269.81820202916316 8882.83551378369
3 0 100 0.0 0.0 0.0
4 3 144 32.9215577265747 406.27351121486885 13375.156852238497
5 0 100 0.0 0.0 0.0
6 2 126 9.541850352986048 109.8359986590007 1048.0386625749609
7 0 100 0.0 0.0 0.0
8 2 109 9.541850352986048 23.78240930402918 226.9281906125095
9 2 41 9.541850352986048 211.85407612585806 2021.4798910630518
10 0 100 0.0 0.0 0.0
11 2 46 9.541850352986048 250.0988923255542 2386.406204018009
12 0 100 0.0 0.0 0.0
13 3 35 32.9215577265747 282.5239294230334 9301.12785163911
14 0 100 0.0 0.0 0.0
15 1 6 1.0 9.55892689827884 9.55892689827884
16 6 49 225.58275470837765 1710.916389083443 385953.23212515353
17 1 11 1.0 20.51504931294799 20.51504931294799
18 0 100 0.0 0.0 0.0
19 0 9 0.0 9.0 0.0
20 1 14 1.0 27.799106543625292 27.799106543625292
21 2 46 9.541850352986048 250.0988923255542 2386.406204018009
22 7 165 332.66880679862265 27225.0 9056908.265092501
23 2 6 9.541850352986048 13.252209915340185 126.45060385853394
24 3 18 32.9215577265747 98.31525163284788 3236.6912320335186
25 1 13 1.0 25.320989780782124 25.320989780782124
26 0 100 0.0 0.0 0.0
27 2 121 9.541850352986048 80.71796600694597 770.1987524356932
28 3 181 32.9215577265747 1070.3630949288454 35238.02041809513
29 0 100 0.0 0.0 0.0
30 1 16 1.0 32.892441635375256 32.892441635375256
31 0 100 0.0 0.0 0.0
32 1 6 1.0 9.55892689827884 9.55892689827884
33 0 100 0.0 0.0 0.0
34 1 11 1.0 20.51504931294799 20.51504931294799
35 0 10 0.0 10.0 0.0
36 0 100 0.0 0.0 0.0
37 0 100 0.0 0.0 0.0
38 1 11 1.0 20.51504931294799 20.51504931294799
39 0 100 0.0 0.0 0.0
40 2 27 9.541850352986048 115.98017876588344 1106.66550969663
41 2 48 9.541850352986048 265.93129728965954 2537.4766429133756
42 0 100 0.0 0.0 0.0
43 2 26 9.541850352986048 109.8359986590007 1048.0386625749609
44 0 100 0.0 0.0 0.0
45 2 23 9.541850352986048 92.0346545141889 878.1809006631623
46 0 100 0.0 0.0 0.0
47 0 100 0.0 0.0 0.0
48 3 39 32.9215577265747 335.47304520277595 11044.29522335299
49 0 100 0.0 0.0 0.0
50 0 6 0.0 6.0 0.0
51 4 48 75.61186198841948 749.6906189831174 56685.50361656424
52 0 100 0.0 0.0 0.0
53 2 22 9.541850352986048 86.31942417916456 823.6470280735138
54 0 100 0.0 0.0 0.0
55 0 100 0.0 0.0 0.0
56 0 7 0.0 7.0 0.0
57 2 20 9.541850352986048 75.23327232919837 717.8646261306569
58 0 100 0.0 0.0 0.0
59 0 100 0.0 0.0 0.0
60 1 103 1.0 3.9914906122521803 3.9914906122521803
61 0 10 0.0 10.0 0.0
62 1 20 1.0 43.57075425423803 43.57075425423803
63 1 18 1.0 38.15436697768484 38.15436697768484
64 0 100 0.0 0.0 0.0
65 0 100 0.0 0.0 0.0
66 1 106 1.0 9.55892689827884 9.55892689827884
67 0 100 0.0 0.0 0.0
68 0 100 0.0 0.0 0.0
69 3 64 32.9215577265747 736.4308795040106 24244.45171122346
70 1 12 1.0 22.891970023971037 22.891970023971037
71 3 15 32.9215577265747 73.60859052492496 2423.3094621381165
72 0 100 0.0 0.0 0.0
73 0 100 0.0 0.0 0.0
74 0 5 0.0 5.0 0.0
75 0 8 0.0 8.0 0.0
76 0 100 0.0 0.0 0.0
77 4 51 75.61186198841948 831.5797944458234 62877.296649995835
78 3 34 32.9215577265747 269.81820202916316 8882.83551378369
79 0 100 0.0 0.0 0.0
80 0 11 0.0 11.0 0.0
81 0 100 0.0 0.0 0.0
82 0 100 0.0 0.0 0.0
83 0 100 0.0 0.0 0.0
84 0 100 0.0 0.0 0.0
85 0 100 0.0 0.0 0.0
86 0 10 0.0 10.0 0.0
87 3 32 32.9215577265747 245.06238675558936 8067.83551218631
88 2 129 9.541850352986048 128.5709592386038 1226.8048527946264
89 0 100 0.0 0.0 0.0
90 1 101 1.0 1.0 1.0
91 1 15 1.0 30.323695983612147 30.323695983612147
92 0 100 0.0 0.0 0.0
93 1 100 1.0 0.0 0.0
94 1 31 1.0 75.68293941204132 75.68293941204132
95 2 25 9.541850352986048 103.79546451213633 990.4007896934788
96 0 100 0.0 0.0 0.0
97 2 11 9.541850352986048 31.76494829034237 303.0963830567869
98 1 12 1.0 22.891970023971037 22.891970023971037
99 5 84 139.6884681067044 3137.9608221632784 438336.940226843
100 4 36 75.61186198841948 458.3949685466225 34660.09709793311
101 1 104 1.0 5.735193251789799 5.735193251789799
102 3 150 32.9215577265747 497.6760852315066 16384.27196908475
103 1 25 1.0 57.71571011139208 57.71571011139208
104 5 58 139.6884681067044 1600.889370701534 223625.7838016033
105 4 186 75.61186198841948 2032.1034843472744 153651.12820465246
106 1 104 1.0 5.735193251789799 5.735193251789799
107 0 6 0.0 6.0 0.0
108 5 66 139.6884681067044 2024.56047903646 282807.7519059787
109 10 147 766.6651705632711 66080.08644124573 50661300.742313355
110 1 107 1.0 11.607984241186918 11.607984241186918
111 0 100 0.0 0.0 0.0
112 1 101 1.0 1.0 1.0
113 1 11 1.0 20.51504931294799 20.51504931294799
114 2 52 9.541850352986048 298.47302352672085 2847.984924895254
115 0 100 0.0 0.0 0.0
116 2 18 9.541850352986048 64.62733255388774 616.6643359418604
117 1 9 1.0 15.931997307697284 15.931997307697284
118 4 44 75.61186198841948 646.0476428878335 48848.86521197858
119 0 100 0.0 0.0 0.0
120 0 100 0.0 0.0 0.0
121 1 57 1.0 163.02855966848514 163.02855966848514
122 3 25 32.9215577265747 165.61186212092687 5452.200479019623
123 5 52 139.6884681067044 1312.7590262571498 183377.29737111018
124 3 31 32.9215577265747 233.0178128969552 7671.309378607293
125 3 32 32.9215577265747 245.06238675558936 8067.83551218631
126 4 78 75.61186198841948 1719.6349352173313 130024.79939211752
127 0 100 0.0 0.0 0.0
128 2 104 9.541850352986048 7.384494371244687 70.4617402228846
129 2 134 9.541850352986048 161.72412498062124 1543.1473990327004
130 8 114 459.67273235884244 18990.417242658223 8729376.98256718
131 4 109 75.61186198841948 3047.546245398672 230430.64611041034
132 5 100 139.6884681067044 4307.65770069211 601730.1053377293
133 0 100 0.0 0.0 0.0
134 9 202 604.9491004987461 21251.9061051131 12856321.48217198
135 0 100 0.0 0.0 0.0
136 0 100 0.0 0.0 0.0
137 0 100 0.0 0.0 0.0
138 1 11 1.0 20.51504931294799 20.51504931294799
139 0 100 0.0 0.0 0.0
140 5 96 139.6884681067044 3999.6858182206656 558709.9848553553
141 2 91 9.541850352986048 669.0007525336273 6383.5050667109235
142 2 18 9.541850352986048 64.62733255388774 616.6643359418604
143 0 100 0.0 0.0 0.0
144 12 139 1131.8354418063404 109381.79250386295 123802189.44417918
145 1 10 1.0 18.1937008646705 18.1937008646705
146 8 139 459.67273235884244 28684.707028409903 13185577.656662071
147 3 123 32.9215577265747 145.08021796711313 4776.266770788355
148 2 114 9.541850352986048 44.97826169706515 429.17584225083993
149 2 21 9.541850352986048 80.71796600694597 770.1987524356932
150 2 108 9.541850352986048 20.066939702021244 191.47573567908114
151 5 111 139.6884681067044 5207.131000429813 727376.1526809717
152 3 48 32.9215577265747 466.4489382157433 15356.225645969067
153 4 43 75.61186198841948 621.143248020611 46965.797544373054
154 3 17 32.9215577265747 89.78750677036001 2955.9445872656233
155 5 97 139.6884681067044 4075.7152237055247 569330.4160385987
156 7 141 332.66880679862265 19881.0 6613788.547963417
157 4 115 75.61186198841948 3339.979032026364 252542.03361379233
158 4 128 75.61186198841948 4011.2373703018793 303297.12644605635
159 4 238 75.61186198841948 4561.858041658262 344930.580656626
160 2 62 9.541850352986048 384.6592176812078 3670.3606920107695
161 4 101 75.61186198841948 2675.1081136005973 202269.90548966953
162 6 169 225.58275470837765 18272.33079534682 4121922.715757057
163 3 64 32.9215577265747 736.4308795040106 24244.45171122346
164 2 39 9.541850352986048 197.11162840858907 1880.8096611081503
165 1 15 1.0 30.323695983612147 30.323695983612147
166 2 162 9.541850352986048 384.6592176812078 3670.3606920107695
167 3 126 32.9215577265747 176.25042831919396 5802.438650243859
168 4 61 75.61186198841948 1129.4605717070829 85400.6168692773
169 2 128 9.541850352986048 122.22584512913716 1166.2607234894754
170 2 121 9.541850352986048 80.71796600694597 770.1987524356932
171 3 187 32.9215577265747 1198.932966405119 39470.74086379957
172 5 148 139.6884681067044 1135.058052192084 158554.52052289192
173 9 193 604.9491004987461 83962.22765060987 50792874.093107395
174 4 159 75.61186198841948 1066.8769814059906 80668.55507669134
175 2 40 9.541850352986048 204.4421003683832 1950.7559275652661
176 0 100 0.0 0.0 0.0
177 4 38 75.61186198841948 502.796158813779 38017.3537685349
178 0 100 0.0 0.0 0.0
179 3 47 32.9215577265747 451.11773253603667 14851.498473166615
180 4 141 75.61186198841948 572.5607883495287 43292.38730866522
181 4 134 75.61186198841948 415.7115691523703 31432.725793738326
182 4 156 75.61186198841948 975.7969952136767 73781.82773081094
183 4 37 75.61186198841948 480.38255499420245 36322.61944986597
184 5 162 139.6884681067044 1807.1402103142602 252436.6476328266
185 3 82 32.9215577265747 1091.4155133611555 35931.098826798436
186 5 93 139.6884681067044 3775.468945982596 527389.4734487426
187 3 68 32.9215577265747 810.8239638778247 26693.587932893923
188 2 26 9.541850352986048 109.8359986590007 1048.0386625749609
189 3 51 32.9215577265747 513.5688732735056 16907.48730804564
190 4 168 75.61186198841948 1360.0227175454593 102833.85002016247
191 2 12 9.541850352986048 36.01211998010309 343.62225974392254
192 2 126 9.541850352986048 109.8359986590007 1048.0386625749609
193 5 160 139.6884681067044 10119.331181408239 1413553.870995324
194 7 211 332.66880679862265 44521.0 14810747.94748148
195 4 129 75.61186198841948 316.71264325745693 23947.232671970367
196 9 250 604.9491004987461 146624.02570092297 88700072.45927839
197 6 114 225.58275470837765 8604.337363813209 1940990.124969204
198 5 73 139.6884681067044 2431.5451615879456 339658.8187544891
199 4 140 75.61186198841948 548.8883970182196 41502.47372238642
