0 3 43 32.9215577265747 391.71440685113555 12895.848457480626
1 0 100 0.0 0.0 0.0
2 0 100 0.0 0.0 0.0
3 0 6 0.0 6.0 0.0
4 1 6 1.0 9.55892689827884 9.55892689827884
5 0 6 0.0 6.0 0.0
6 0 100 0.0 0.0 0.0
7 0 100 0.0 0.0 0.0
8 1 13 1.0 25.320989780782124 25.320989780782124
9 0 100 0.0 0.0 0.0
10 3 174 32.9215577265747 927.3002957027797 30528.17021484885
11 3 55 32.9215577265747 578.9666715492328 19060.48469917088
12 0 100 0.0 0.0 0.0
13 0 100 0.0 0.0 0.0
14 5 86 139.6884681067044 3275.042744200361 457485.7039213258
15 0 100 0.0 0.0 0.0
16 0 100 0.0 0.0 0.0
17 3 36 32.9215577265747 295.444715883087 9726.500268956508
18 1 108 1.0 13.734791927877684 13.734791927877684
19 0 100 0.0 0.0 0.0
20 7 120 332.66880679862265 14400.0 4790430.817900166
21 1 8 1.0 13.734791927877684 13.734791927877684
22 5 136 139.6884681067044 672.9601112794846 94004.76704154853
23 1 20 1.0 43.57075425423803 43.57075425423803
24 0 100 0.0 0.0 0.0
25 0 100 0.0 0.0 0.0
26 0 100 0.0 0.0 0.0
27 1 7 1.0 11.607984241186918 11.607984241186918
28 1 14 1.0 27.799106543625292 27.799106543625292
29 6 79 225.58275470837765 4266.090224510861 962356.3846796412
30 0 100 0.0 0.0 0.0
31 0 100 0.0 0.0 0.0
32 4 204 75.61186198841948 2812.409095796941 212651.48840637392
33 0 100 0.0 0.0 0.0
34 1 28 1.0 66.57403288693754 66.57403288693754
35 5 78 139.6884681067044 2742.610069160227 383110.9991750147
36 0 100 0.0 0.0 0.0
37 0 10 0.0 10.0 0.0
38 0 100 0.0 0.0 0.0
39 0 100 0.0 0.0 0.0
40 6 105 225.58275470837765 7351.839824949449 1658448.2798868536
41 0 100 0.0 0.0 0.0
42 3 130 32.9215577265747 221.1993434691573 7282.2269551002855
43 4 32 75.61186198841948 374.7746947170294 28337.41249369607
44 0 8 0.0 8.0 0.0
45 0 100 0.0 0.0 0.0
46 0 100 0.0 0.0 0.0
47 2 40 9.541850352986048 204.4421003683832 1950.7559275652661
48 2 125 9.541850352986048 103.79546451213633 990.4007896934788
49 0 100 0.0 0.0 0.0
50 0 100 0.0 0.0 0.0
51 0 100 0.0 0.0 0.0
52 1 20 1.0 43.57075425423803 43.57075425423803
53 0 100 0.0 0.0 0.0
54 0 100 0.0 0.0 0.0
55 0 100 0.0 0.0 0.0
56 0 100 0.0 0.0 0.0
57 0 100 0.0 0.0 0.0
58 1 107 1.0 11.607984241186918 11.607984241186918
59 3 42 32.9215577265747 377.3528472077043 12423.04354263576
60 0 100 0.0 0.0 0.0
61 1 107 1.0 11.607984241186918 11.607984241186918
62 0 100 0.0 0.0 0.0
63 0 100 0.0 0.0 0.0
64 4 43 75.61186198841948 621.143248020611 46965.797544373054
65 0 100 0.0 0.0 0.0
66 0 100 0.0 0.0 0.0
67 0 100 0.0 0.0 0.0
68 1 25 1.0 57.71571011139208 57.71571011139208
69 4 160 75.61186198841948 1097.9836363389938 83020.58717640696
70 1 18 1.0 38.15436697768484 38.15436697768484
71 6 115 225.58275470837765 8749.296958158795 1973690.5095830902
72 0 100 0.0 0.0 0.0
73 0 100 0.0 0.0 0.0
74 2 31 9.541850352986048 141.5519192260369 1350.6672304328126
75 0 100 0.0 0.0 0.0
76 0 100 0.0 0.0 0.0
77 0 100 0.0 0.0 0.0
78 7 70 332.66880679862265 4900.0 1630077.153313251
79 0 100 0.0 0.0 0.0
80 7 178 332.66880679862265 31684.0 10540278.47460756
81 2 13 9.541850352986048 40.41888428935346 385.6709453236695
82 4 67 75.61186198841948 1326.001420918201 100261.43643491513
83 4 34 75.61186198841948 415.7115691523703 31432.725793738326
84 0 100 0.0 0.0 0.0
85 1 104 1.0 5.735193251789799 5.735193251789799
86 0 100 0.0 0.0 0.0
87 0 100 0.0 0.0 0.0
88 6 167 225.58275470837765 3112.8302065571443 702200.8129346088
89 0 100 0.0 0.0 0.0
90 1 106 1.0 9.55892689827884 9.55892689827884
91 0 100 0.0 0.0 0.0
92 5 169 139.6884681067044 2194.8788310889477 306599.26159464906
93 3 65 32.9215577265747 754.7803226662346 24848.54396353912
94 2 86 9.541850352986048 616.6369715623467 5883.857704766426
95 0 100 0.0 0.0 0.0
96 0 100 0.0 0.0 0.0
97 7 80 332.66880679862265 6400.0 2129080.363511185
98 0 100 0.0 0.0 0.0
99 1 16 1.0 32.892441635375256 32.892441635375256
100 0 100 0.0 0.0 0.0
101 2 36 9.541850352986048 175.6210676402407 1675.7499462548174
102 0 100 0.0 0.0 0.0
103 2 127 9.541850352986048 115.98017876588344 1106.66550969663
104 0 100 0.0 0.0 0.0
105 0 100 0.0 0.0 0.0
106 1 102 1.0 2.3948263510722025 2.3948263510722025
107 0 100 0.0 0.0 0.0
108 0 100 0.0 0.0 0.0
109 2 21 9.541850352986048 80.71796600694597 770.1987524356932
110 0 100 0.0 0.0 0.0
111 1 11 1.0 20.51504931294799 20.51504931294799
112 0 100 0.0 0.0 0.0
113 0 100 0.0 0.0 0.0
114 3 26 32.9215577265747 176.25042831919396 5802.438650243859
115 1 101 1.0 1.0 1.0
116 3 33 32.9215577265747 257.33012181535685 8471.708460130769
117 1 104 1.0 5.735193251789799 5.735193251789799
118 2 38 9.541850352986048 189.8638195218893 1811.6521533242187
119 0 100 0.0 0.0 0.0
120 4 149 75.61186198841948 776.5950928818146 58719.80098386357
121 4 130 75.61186198841948 4119.004676975325 311445.6131651126
122 5 258 139.6884681067044 9890.655363438167 1381610.4962900372
123 2 18 9.541850352986048 64.62733255388774 616.6643359418604
124 1 106 1.0 9.55892689827884 9.55892689827884
125 5 157 139.6884681067044 9777.199529232137 1365762.0246120286
126 1 11 1.0 20.51504931294799 20.51504931294799
127 5 79 139.6884681067044 2806.8374672292675 392082.8260217585
128 1 12 1.0 22.891970023971037 22.891970023971037
129 2 28 9.541850352986048 122.22584512913716 1166.2607234894754
130 3 40 32.9215577265747 349.23013798641597 11497.20014757944
131 3 38 32.9215577265747 321.92161897300775 10598.16116245226
132 3 158 32.9215577265747 629.8939717412368 20737.090752300537
133 3 35 32.9215577265747 282.5239294230334 9301.12785163911
134 2 27 9.541850352986048 115.98017876588344 1106.66550969663
135 5 64 139.6884681067044 1914.4623288244568 267428.3099614821
136 1 106 1.0 9.55892689827884 9.55892689827884
137 6 49 225.58275470837765 1710.916389083443 385953.23212515353
138 1 106 1.0 9.55892689827884 9.55892689827884
139 5 89 139.6884681067044 3485.593399577667 486897.20242984424
140 0 100 0.0 0.0 0.0
141 1 95 1.0 310.2955884661669 310.2955884661669
142 0 100 0.0 0.0 0.0
143 0 100 0.0 0.0 0.0
144 8 123 459.67273235884244 22242.203710402715 10224134.553242799
145 0 100 0.0 0.0 0.0
146 6 118 225.58275470837765 9191.104391557652 2073354.6474598425
147 3 44 32.9215577265747 406.27351121486885 13375.156852238497
148 2 20 9.541850352986048 75.23327232919837 717.8646261306569
149 1 29 1.0 69.58346013935528 69.58346013935528
150 6 107 225.58275470837765 7622.045029127996 1719401.9141819899
151 5 107 139.6884681067044 4871.189817186799 680449.0434198013
152 0 100 0.0 0.0 0.0
153 6 67 225.58275470837765 3112.8302065571443 702200.8129346088
154 0 100 0.0 0.0 0.0
155 2 70 9.541850352986048 458.2387961897642 4372.446019175203
156 5 66 139.6884681067044 2024.56047903646 282807.7519059787
157 6 255 225.58275470837765 15486.518869997184 3493491.5875372365
158 0 100 0.0 0.0 0.0
159 7 149 332.66880679862265 22201.0 7385580.179736221
160 4 73 75.61186198841948 1535.4556318691968 116098.65932623514
161 2 52 9.541850352986048 298.47302352672085 2847.984924895254
162 0 100 0.0 0.0 0.0
163 5 150 139.6884681067044 1222.4564081968258 170763.0629882387
164 0 100 0.0 0.0 0.0
165 0 100 0.0 0.0 0.0
166 3 26 32.9215577265747 176.25042831919396 5802.438650243859
167 3 136 32.9215577265747 295.444715883087 9726.500268956508
168 4 52 75.61186198841948 859.6554919481086 65000.15241476724
169 4 202 75.61186198841948 2720.557944067154 205706.4517983039
170 7 90 332.66880679862265 8100.0 2694617.3350688433
171 7 164 332.66880679862265 4096.0 1362611.4326471584
172 1 11 1.0 20.51504931294799 20.51504931294799
173 5 61 139.6884681067044 1754.5251914699081 245086.93625105367
174 2 11 9.541850352986048 31.76494829034237 303.0963830567869
175 3 139 32.9215577265747 335.47304520277595 11044.29522335299
176 7 162 332.66880679862265 26244.0 8730560.165623052
177 6 83 225.58275470837765 4688.828251009056 1057718.7932170872
178 3 66 32.9215577265747 773.2963448216119 25458.12025579391
179 3 42 32.9215577265747 377.3528472077043 12423.04354263576
180 6 84 225.58275470837765 4797.4874870676995 1082230.443011704
181 2 40 9.541850352986048 204.4421003683832 1950.7559275652661
182 0 100 0.0 0.0 0.0
183 0 100 0.0 0.0 0.0
184 4 66 75.61186198841948 1292.338741426653 97716.13855903981
185 7 131 332.66880679862265 17161.0 5708929.393471164
186 5 171 139.6884681067044 2311.8500842163953 322938.7967565438
187 7 69 332.66880679862265 4761.0 1583836.1891682425
188 4 80 75.61186198841948 1795.7178600152838 135777.5710016156
189 2 110 9.541850352986048 27.685321443873434 264.16919419175593
190 6 106 225.58275470837765 7486.36063642395 1688793.855104878
191 9 91 604.9491004987461 16619.836032718053 10054154.858429436
192 5 153 139.6884681067044 1358.9929081032851 189835.63750082318
193 5 158 139.6884681067044 1600.889370701534 223625.7838016033
194 4 150 75.61186198841948 803.8922494719358 60783.78982063209
195 3 126 32.9215577265747 176.25042831919396 5802.438650243859
196 6 70 225.58275470837765 3384.897920195671 763574.5972443977
197 8 115 459.67273235884244 19338.564883686733 8889410.959983042
198 6 238 225.58275470837765 12400.563818178562 2797353.3460417576
199 4 49 75.61186198841948 776.5950928818146 58719.80098386357
