0 1 53 1.0 148.74811262526265 148.74811262526265
1 0 100 0.0 0.0 0.0
2 1 5 1.0 7.59708563275366 7.59708563275366
3 2 17 9.541850352986048 59.51335422080222 567.8675199791454
4 7 199 332.66880679862265 9801.0 3260486.9754333007
5 0 100 0.0 0.0 0.0
6 0 100 0.0 0.0 0.0
7 3 43 32.9215577265747 391.71440685113555 12895.848457480626
8 0 100 0.0 0.0 0.0
9 0 100 0.0 0.0 0.0
10 2 16 9.541850352986048 54.53075711894446 520.3243240639966
11 2 73 9.541850352986048 486.8291720253608 4645.251106934094
12 0 13 0.0 13.0 0.0
13 0 100 0.0 0.0 0.0
14 0 100 0.0 0.0 0.0
15 1 101 1.0 1.0 1.0
16 0 100 0.0 0.0 0.0
17 0 100 0.0 0.0 0.0
18 0 100 0.0 0.0 0.0
19 1 11 1.0 20.51504931294799 20.51504931294799
20 1 105 1.0 7.59708563275366 7.59708563275366
21 6 100 225.58275470837765 6696.723465418967 1510665.3268494436
22 2 10 9.541850352986048 27.685321443873434 264.16919419175593
23 0 100 0.0 0.0 0.0
24 2 55 9.541850352986048 323.62148105306557 3087.947743220061
25 7 135 332.66880679862265 18225.0 6062889.003904898
26 0 100 0.0 0.0 0.0
27 0 100 0.0 0.0 0.0
28 0 6 0.0 6.0 0.0
29 2 25 9.541850352986048 103.79546451213633 990.4007896934788
30 0 100 0.0 0.0 0.0
31 0 100 0.0 0.0 0.0
32 4 42 75.61186198841948 596.6466987883373 45113.56784462985
33 1 103 1.0 3.9914906122521803 3.9914906122521803
34 1 13 1.0 25.320989780782124 25.320989780782124
35 2 24 9.541850352986048 97.86086952638261 933.7737724338355
36 0 100 0.0 0.0 0.0
37 0 100 0.0 0.0 0.0
38 0 100 0.0 0.0 0.0
39 0 100 0.0 0.0 0.0
40 0 100 0.0 0.0 0.0
41 0 100 0.0 0.0 0.0
42 0 100 0.0 0.0 0.0
43 0 100 0.0 0.0 0.0
44 1 10 1.0 18.1937008646705 18.1937008646705
45 1 12 1.0 22.891970023971037 22.891970023971037
46 0 100 0.0 0.0 0.0
47 2 37 9.541850352986048 182.69988024795316 1743.2949168344405
48 1 104 1.0 5.735193251789799 5.735193251789799
49 0 100 0.0 0.0 0.0
50 0 11 0.0 11.0 0.0
51 3 28 32.9215577265747 198.25318874016915 6526.8037975869875
52 0 100 0.0 0.0 0.0
53 4 38 75.61186198841948 502.796158813779 38017.3537685349
54 4 116 75.61186198841948 3389.795544335274 256308.752867238
55 0 100 0.0 0.0 0.0
56 0 100 0.0 0.0 0.0
57 1 6 1.0 9.55892689827884 9.55892689827884
58 0 100 0.0 0.0 0.0
59 1 7 1.0 11.607984241186918 11.607984241186918
60 2 29 9.541850352986048 128.5709592386038 1226.8048527946264
61 0 100 0.0 0.0 0.0
62 4 154 75.61186198841948 916.9626779842689 69333.25545627807
63 0 100 0.0 0.0 0.0
64 1 105 1.0 7.59708563275366 7.59708563275366
65 2 159 9.541850352986048 358.10513855020525 3416.9856426813935
66 0 100 0.0 0.0 0.0
67 1 103 1.0 3.9914906122521803 3.9914906122521803
68 0 100 0.0 0.0 0.0
69 0 100 0.0 0.0 0.0
70 0 5 0.0 5.0 0.0
71 1 10 1.0 18.1937008646705 18.1937008646705
72 0 100 0.0 0.0 0.0
73 0 100 0.0 0.0 0.0
74 0 100 0.0 0.0 0.0
75 0 100 0.0 0.0 0.0
76 0 100 0.0 0.0 0.0
77 0 100 0.0 0.0 0.0
78 0 100 0.0 0.0 0.0
79 0 100 0.0 0.0 0.0
80 2 19 9.541850352986048 69.8685662777562 666.6754038000371
81 0 100 0.0 0.0 0.0
82 0 100 0.0 0.0 0.0
83 0 100 0.0 0.0 0.0
84 0 100 0.0 0.0 0.0
85 1 104 1.0 5.735193251789799 5.735193251789799
86 0 10 0.0 10.0 0.0
87 0 100 0.0 0.0 0.0
88 1 33 1.0 81.88562674252243 81.88562674252243
89 0 100 0.0 0.0 0.0
90 1 13 1.0 25.320989780782124 25.320989780782124
91 0 100 0.0 0.0 0.0
92 0 100 0.0 0.0 0.0
93 1 29 1.0 69.58346013935528 69.58346013935528
94 9 80 604.9491004987461 12591.662837695694 7617315.107447499
95 0 100 0.0 0.0 0.0
96 2 47 9.541850352986048 257.9778488812911 2461.586028410529
97 3 88 32.9215577265747 1220.8824175108728 40193.35098544427
98 5 129 139.6884681067044 6842.204111735111 955777.0108416717
99 0 5 0.0 5.0 0.0
100 0 100 0.0 0.0 0.0
101 0 100 0.0 0.0 0.0
102 1 23 1.0 51.960050539976365 51.960050539976365
103 2 15 9.541850352986048 49.68406405407534 474.0779041321602
104 0 100 0.0 0.0 0.0
105 1 105 1.0 7.59708563275366 7.59708563275366
106 1 12 1.0 22.891970023971037 22.891970023971037
107 2 147 9.541850352986048 257.9778488812911 2461.586028410529
108 5 63 139.6884681067044 1860.4532693243248 259883.86717602485
109 2 36 9.541850352986048 175.6210676402407 1675.7499462548174
110 5 231 139.6884681067044 7036.185360595053 982873.9543363424
111 0 6 0.0 6.0 0.0
112 2 46 9.541850352986048 250.0988923255542 2386.406204018009
113 0 100 0.0 0.0 0.0
114 0 100 0.0 0.0 0.0
115 2 132 9.541850352986048 148.1842032776824 1413.95149235211
116 1 37 1.0 94.5824071263594 94.5824071263594
117 1 106 1.0 9.55892689827884 9.55892689827884
118 2 19 9.541850352986048 69.8685662777562 666.6754038000371
119 8 226 459.67273235884244 78839.32221592937 36240286.66031544
120 0 100 0.0 0.0 0.0
121 0 100 0.0 0.0 0.0
122 4 217 75.61186198841948 3439.917895154233 260098.5971398963
123 0 100 0.0 0.0 0.0
124 4 67 75.61186198841948 1326.001420918201 100261.43643491513
125 3 40 32.9215577265747 349.23013798641597 11497.20014757944
126 8 128 459.67273235884244 24164.252749000952 11107648.086542938
127 1 33 1.0 81.88562674252243 81.88562674252243
128 2 15 9.541850352986048 49.68406405407534 474.0779041321602
129 1 13 1.0 25.320989780782124 25.320989780782124
130 8 215 459.67273235884244 71066.92244814246 32667526.422071602
131 1 32 1.0 78.7716859795011 78.7716859795011
132 3 50 32.9215577265747 497.6760852315066 16384.27196908475
133 6 55 225.58275470837765 2133.9982456992793 481393.20280768874
134 3 48 32.9215577265747 466.4489382157433 15356.225645969067
135 0 100 0.0 0.0 0.0
136 0 100 0.0 0.0 0.0
137 4 48 75.61186198841948 749.6906189831174 56685.50361656424
138 3 130 32.9215577265747 221.1993434691573 7282.2269551002855
139 0 100 0.0 0.0 0.0
140 1 105 1.0 7.59708563275366 7.59708563275366
141 3 30 32.9215577265747 221.1993434691573 7282.2269551002855
142 1 11 1.0 20.51504931294799 20.51504931294799
143 2 36 9.541850352986048 175.6210676402407 1675.7499462548174
144 2 21 9.541850352986048 80.71796600694597 770.1987524356932
145 2 82 9.541850352986048 575.7012948373938 5493.255603358711
146 0 100 0.0 0.0 0.0
147 0 100 0.0 0.0 0.0
148 1 15 1.0 30.323695983612147 30.323695983612147
149 0 11 0.0 11.0 0.0
150 2 34 9.541850352986048 161.72412498062124 1543.1473990327004
151 3 30 32.9215577265747 221.1993434691573 7282.2269551002855
152 0 100 0.0 0.0 0.0
153 0 100 0.0 0.0 0.0
154 0 100 0.0 0.0 0.0
155 0 100 0.0 0.0 0.0
156 4 82 75.61186198841948 1873.1633591984112 141633.36939747448
157 0 100 0.0 0.0 0.0
158 0 100 0.0 0.0 0.0
159 2 43 9.541850352986048 226.91812071099523 2165.21875020514
160 1 110 1.0 18.1937008646705 18.1937008646705
161 7 79 332.66880679862265 6241.0 2076186.023230204
162 0 100 0.0 0.0 0.0
163 2 67 9.541850352986048 430.18533333719057 4104.764074752892
164 3 137 32.9215577265747 308.57807572808247 10158.870933237406
165 0 100 0.0 0.0 0.0
166 9 183 604.9491004987461 74869.18614488025 45292046.81341849
167 5 84 139.6884681067044 3137.9608221632784 438336.940226843
168 7 136 332.66880679862265 18496.0 6153042.250547324
169 5 94 139.6884681067044 3849.5614363989175 537739.3399332094
170 2 37 9.541850352986048 182.69988024795316 1743.2949168344405
171 2 48 9.541850352986048 265.93129728965954 2537.4766429133756
172 5 177 139.6884681067044 2679.0520099722326 374232.6712512085
173 1 8 1.0 13.734791927877684 13.734791927877684
174 4 76 75.61186198841948 1644.92462809159 124375.81396061354
175 2 29 9.541850352986048 128.5709592386038 1226.8048527946264
176 0 100 0.0 0.0 0.0
177 4 126 75.61186198841948 3904.658991087879 295238.53674597794
178 0 100 0.0 0.0 0.0
179 3 128 32.9215577265747 2213.0301082390856 72856.39845904091
180 2 29 9.541850352986048 128.5709592386038 1226.8048527946264
181 3 42 32.9215577265747 377.3528472077043 12423.04354263576
182 3 138 32.9215577265747 321.92161897300775 10598.16116245226
183 1 102 1.0 2.3948263510722025 2.3948263510722025
184 4 53 75.61186198841948 888.1171619831025 67152.19228141312
185 0 100 0.0 0.0 0.0
186 5 98 139.6884681067044 4152.387807071904 580040.6917548318
187 3 34 32.9215577265747 269.81820202916316 8882.83551378369
188 2 27 9.541850352986048 115.98017876588344 1106.66550969663
189 0 100 0.0 0.0 0.0
190 3 149 32.9215577265747 481.96892224029307 15867.1676959488
191 3 90 32.9215577265747 1265.2216514357588 41653.0676346545
192 2 117 9.541850352986048 59.51335422080222 567.8675199791454
193 6 104 225.58275470837765 7218.483555423629 1628365.4052495863
194 1 23 1.0 51.960050539976365 51.960050539976365
195 2 20 9.541850352986048 75.23327232919837 717.8646261306569
196 5 106 139.6884681067044 4788.781200314608 668937.5099701327
197 5 130 139.6884681067044 6938.889916019427 969282.9027298124
198 3 34 32.9215577265747 269.81820202916316 8882.83551378369
199 3 64 32.9215577265747 736.4308795040106 24244.45171122346
