0 0 17 0.0 17.0 0.0
1 0 100 0.0 0.0 0.0
2 2 27 9.541850352986048 115.98017876588344 1106.66550969663
3 0 100 0.0 0.0 0.0
4 0 6 0.0 6.0 0.0
5 1 11 1.0 20.51504931294799 20.51504931294799
6 0 6 0.0 6.0 0.0
7 1 11 1.0 20.51504931294799 20.51504931294799
8 0 100 0.0 0.0 0.0
9 9 97 604.9491004987461 19070.84539875929 11536890.769730086
10 16 284 1979.1134619514044 2033163.4029970493 4023861061.2183886
11 10 136 766.6651705632711 55583.77703491517 42614145.901024066
12 0 6 0.0 6.0 0.0
13 1 9 1.0 15.931997307697284 15.931997307697284
14 0 100 0.0 0.0 0.0
15 0 100 0.0 0.0 0.0
16 0 100 0.0 0.0 0.0
17 0 100 0.0 0.0 0.0
18 1 23 1.0 51.960050539976365 51.960050539976365
19 17 237 2206.0678959513543 1673405.8820999332 3691646993.3968196
20 0 100 0.0 0.0 0.0
21 0 6 0.0 6.0 0.0
22 1 12 1.0 22.891970023971037 22.891970023971037
23 0 100 0.0 0.0 0.0
24 17 312 2206.0678959513543 3439807.8883009166 7588449750.620874
25 14 202 1540.4353185285338 484713.7982849717 746670254.2562858
26 0 100 0.0 0.0 0.0
27 4 26 75.61186198841948 262.7667382888815 19868.282350646048
28 3 31 32.9215577265747 233.0178128969552 7671.309378607293
29 1 8 1.0 13.734791927877684 13.734791927877684
30 0 11 0.0 11.0 0.0
31 1 107 1.0 11.607984241186918 11.607984241186918
32 0 11 0.0 11.0 0.0
33 0 100 0.0 0.0 0.0
34 2 19 9.541850352986048 69.8685662777562 666.6754038000371
35 1 111 1.0 20.51504931294799 20.51504931294799
36 18 390 2436.3877014920204 8203535.642296735 19986993347.643208
37 3 15 32.9215577265747 73.60859052492496 2423.3094621381165
38 0 6 0.0 6.0 0.0
39 1 11 1.0 20.51504931294799 20.51504931294799
40 1 15 1.0 30.323695983612147 30.323695983612147
41 1 25 1.0 57.71571011139208 57.71571011139208
42 1 15 1.0 30.323695983612147 30.323695983612147
43 0 6 0.0 6.0 0.0
44 0 100 0.0 0.0 0.0
45 3 47 32.9215577265747 451.11773253603667 14851.498473166615
46 3 14 32.9215577265747 65.97278979840442 2171.9270077313495
47 1 9 1.0 15.931997307697284 15.931997307697284
48 0 100 0.0 0.0 0.0
49 19 262 2668.9360872348193 3666735.8726611305 9786283692.903748
50 3 27 32.9215577265747 187.1321231368427 6160.680994346051
51 1 10 1.0 18.1937008646705 18.1937008646705
52 0 5 0.0 5.0 0.0
53 1 17 1.0 35.503281577765854 35.503281577765854
54 0 100 0.0 0.0 0.0
55 0 100 0.0 0.0 0.0
56 9 222 604.9491004987461 113517.87251009714 68672534.8655146
57 1 11 1.0 20.51504931294799 20.51504931294799
58 2 18 9.541850352986048 64.62733255388774 616.6643359418604
59 1 105 1.0 7.59708563275366 7.59708563275366
60 0 100 0.0 0.0 0.0
61 0 100 0.0 0.0 0.0
62 9 171 604.9491004987461 64691.06231969827 39134799.9606098
63 0 100 0.0 0.0 0.0
64 2 22 9.541850352986048 86.31942417916456 823.6470280735138
65 3 56 32.9215577265747 595.765723501293 19613.535657762357
66 1 9 1.0 15.931997307697284 15.931997307697284
67 0 100 0.0 0.0 0.0
68 0 100 0.0 0.0 0.0
69 1 12 1.0 22.891970023971037 22.891970023971037
70 1 106 1.0 9.55892689827884 9.55892689827884
71 1 5 1.0 7.59708563275366 7.59708563275366
72 1 5 1.0 7.59708563275366 7.59708563275366
73 2 37 9.541850352986048 182.69988024795316 1743.2949168344405
74 1 9 1.0 15.931997307697284 15.931997307697284
75 1 27 1.0 63.59241768810072 63.59241768810072
76 0 100 0.0 0.0 0.0
77 10 164 766.6651705632711 84288.55756198421 64621101.35979072
78 1 37 1.0 94.5824071263594 94.5824071263594
79 1 6 1.0 9.55892689827884 9.55892689827884
80 0 100 0.0 0.0 0.0
81 0 100 0.0 0.0 0.0
82 0 6 0.0 6.0 0.0
83 5 51 139.6884681067044 1267.2460047423704 177019.65311680315
84 0 100 0.0 0.0 0.0
85 0 100 0.0 0.0 0.0
86 1 28 1.0 66.57403288693754 66.57403288693754
87 0 100 0.0 0.0 0.0
88 1 30 1.0 72.61998620345668 72.61998620345668
89 1 108 1.0 13.734791927877684 13.734791927877684
90 0 100 0.0 0.0 0.0
91 0 6 0.0 6.0 0.0
92 3 27 32.9215577265747 187.1321231368427 6160.680994346051
93 0 11 0.0 11.0 0.0
94 0 100 0.0 0.0 0.0
95 0 100 0.0 0.0 0.0
96 1 101 1.0 1.0 1.0
97 2 27 9.541850352986048 115.98017876588344 1106.66550969663
98 0 100 0.0 0.0 0.0
99 0 5 0.0 5.0 0.0
100 2 37 9.541850352986048 182.69988024795316 1743.2949168344405
101 13 287 1331.5823725933528 839160.5127809806 1117411346.5955527
102 2 14 9.541850352986048 44.97826169706515 429.17584225083993
103 1 101 1.0 1.0 1.0
104 25 341 4060.496712466729 31862136.218347337 129376099366.76646
105 19 339 2668.9360872348193 7379358.921199157 19695037325.446636
106 0 100 0.0 0.0 0.0
107 0 100 0.0 0.0 0.0
108 1 100 1.0 0.0 0.0
109 14 232 1540.4353185285338 682016.7329967464 1050602663.335633
110 0 100 0.0 0.0 0.0
111 0 100 0.0 0.0 0.0
112 2 39 9.541850352986048 197.11162840858907 1880.8096611081503
113 2 145 9.541850352986048 242.29532664846576 2311.945748107533
114 5 88 139.6884681067044 3414.7546568712237 477001.8469785762
115 15 324 1756.7778603087352 2119224.71476335 3723007059.9153476
116 20 301 2902.6872563902634 6889330.625601458 19997572211.992516
117 0 100 0.0 0.0 0.0
118 1 8 1.0 13.734791927877684 13.734791927877684
119 1 6 1.0 9.55892689827884 9.55892689827884
120 1 105 1.0 7.59708563275366 7.59708563275366
121 1 18 1.0 38.15436697768484 38.15436697768484
122 1 104 1.0 5.735193251789799 5.735193251789799
123 1 12 1.0 22.891970023971037 22.891970023971037
124 0 7 0.0 7.0 0.0
125 3 142 32.9215577265747 377.3528472077043 12423.04354263576
126 15 268 1756.7778603087352 1313760.7356072676 2307985774.0577655
127 2 31 9.541850352986048 141.5519192260369 1350.6672304328126
128 17 342 2206.0678959513543 4375494.176372939 9652637231.418453
129 0 100 0.0 0.0 0.0
130 15 286 1756.7778603087352 1547585.1108618248 2718763259.7054935
131 10 200 766.6651705632711 131052.37569186091 100473291.96252243
132 1 28 1.0 66.57403288693754 66.57403288693754
133 11 281 942.9223974109915 403773.67481267615 380727241.46581465
134 14 265 1540.4353185285338 946756.3646287718 1458416942.1158388
135 7 131 332.66880679862265 17161.0 5708929.393471164
136 17 239 2206.0678959513543 1710668.3916587061 3773850619.4570093
137 0 100 0.0 0.0 0.0
138 13 155 1331.5823725933528 190112.64245312745 253150643.49772722
139 17 253 2206.0678959513543 1985900.2254718659 4381030731.976039
140 0 100 0.0 0.0 0.0
141 3 22 32.9215577265747 135.19579244279535 4450.856085295499
142 2 20 9.541850352986048 75.23327232919837 717.8646261306569
143 14 345 1540.4353185285338 780171.793783506 1201804185.6638727
144 18 308 2436.3877014920204 4369712.206329453 10646313078.56064
145 1 42 1.0 110.9598727978785 110.9598727978785
146 0 100 0.0 0.0 0.0
147 4 59 75.61186198841948 1066.8769814059906 80668.55507669134
148 6 189 225.58275470837765 5358.570280584671 1208801.0451927343
149 17 400 2206.0678959513543 6596693.855743963 14552754534.576311
150 14 268 1540.4353185285338 973408.977104957 1499473567.7052088
151 7 100 332.66880679862265 10000.0 3326688.0679862266
152 12 226 1131.8354418063404 343002.1415770093 388221980.45233524
153 15 280 1756.7778603087352 1467073.3641547246 2577322005.595675
154 18 402 2436.3877014920204 8894490.870740442 21670428168.505062
155 8 262 459.67273235884244 39443.590245345265 18131142.90212044
156 2 52 9.541850352986048 298.47302352672085 2847.984924895254
157 18 325 2436.3877014920204 5043287.214034844 12287402943.36645
158 17 383 2206.0678959513543 5887026.034362466 12987179137.03685
159 4 92 75.61186198841948 2280.4993308091553 172432.80066582482
160 17 299 2206.0678959513543 3076762.415026566 6787546787.259864
161 10 151 766.6651705632711 70145.74766118835 53778301.594953135
162 3 42 32.9215577265747 377.3528472077043 12423.04354263576
163 12 251 1131.8354418063404 438971.232873907 496843199.3001125
164 11 244 942.9223974109915 292252.52594963956 275571452.41785216
165 11 166 942.9223974109915 120998.14068012842 114091856.8923791
166 3 28 32.9215577265747 198.25318874016915 6526.8037975869875
167 1 8 1.0 13.734791927877684 13.734791927877684
168 9 115 604.9491004987461 27519.39696484649 16647834.440151809
169 19 325 2668.9360872348193 6581129.638966661 17564614388.20878
170 14 230 1540.4353185285338 667608.2663166124 1028407352.375713
171 18 323 2436.3877014920204 4960896.285159671 12086666697.540472
172 6 181 225.58275470837765 20834.531859509367 4699911.089927581
173 19 370 2668.9360872348193 9357762.159001023 24975269121.918243
174 2 13 9.541850352986048 40.41888428935346 385.6709453236695
175 14 214 1540.4353185285338 558849.138813278 860870951.1572288
176 6 128 225.58275470837765 10738.599848141443 2422442.9354547127
177 15 321 1756.7778603087352 2070126.5911588015 3636752563.384175
178 8 116 459.67273235884244 19689.9977613532 9050955.071100716
179 14 265 1540.4353185285338 946756.3646287718 1458416942.1158388
180 16 270 1979.1134619514044 1785339.8012225186 3533390034.7571306
181 1 24 1.0 54.8222930413608 54.8222930413608
182 13 280 1331.5823725933528 790676.804581966 1052851295.399785
183 3 44 32.9215577265747 406.27351121486885 13375.156852238497
184 0 100 0.0 0.0 0.0
185 18 309 2436.3877014920204 4407672.436696957 10738798916.973831
186 14 268 1540.4353185285338 973408.977104957 1499473567.7052088
187 1 104 1.0 5.735193251789799 5.735193251789799
188 0 100 0.0 0.0 0.0
189 5 86 139.6884681067044 3275.042744200361 457485.7039213258
190 9 182 604.9491004987461 73990.54056378055 44760510.95947503
191 4 63 75.61186198841948 1193.5182370479756 90244.13622033325
192 13 178 1331.5823725933528 265358.1065957515 353346177.1676506
193 15 165 1756.7778603087352 386998.6038433894 679870579.2024575
194 6 166 225.58275470837765 3024.560894461153 682288.7783557816
195 16 320 1979.1134619514044 2763414.430200763 5469110699.7611
196 15 276 1756.7778603087352 1414833.9312940382 2485548926.5109363
197 4 55 75.61186198841948 946.1899645328139 71543.18501308264
198 11 170 942.9223974109915 127777.17882671817 120483963.79370208
199 15 376 1756.7778603087352 3083661.840376654 5417308849.852595
