0 0 100 0.0 0.0 0.0
1 1 104 1.0 5.735193251789799 5.735193251789799
2 0 100 0.0 0.0 0.0
3 1 6 1.0 9.55892689827884 9.55892689827884
4 0 100 0.0 0.0 0.0
5 0 100 0.0 0.0 0.0
6 1 9 1.0 15.931997307697284 15.931997307697284
7 1 18 1.0 38.15436697768484 38.15436697768484
8 6 63 225.58275470837765 2767.0349550527303 624195.3675351668
9 0 100 0.0 0.0 0.0
10 4 120 75.61186198841948 3592.1124157284935 271606.3082249509
11 1 105 1.0 7.59708563275366 7.59708563275366
12 9 129 604.9491004987461 35247.44879474361 21322912.44325576
13 2 16 9.541850352986048 54.53075711894446 520.3243240639966
14 0 100 0.0 0.0 0.0
15 0 5 0.0 5.0 0.0
16 5 213 139.6884681067044 5378.870870117234 751366.2319904525
17 1 110 1.0 18.1937008646705 18.1937008646705
18 0 100 0.0 0.0 0.0
19 1 105 1.0 7.59708563275366 7.59708563275366
20 2 3 9.541850352986048 4.87672116324372 46.53294355291162
21 6 106 225.58275470837765 7486.36063642395 1688793.855104878
22 1 28 1.0 66.57403288693754 66.57403288693754
23 0 100 0.0 0.0 0.0
24 0 100 0.0 0.0 0.0
25 0 100 0.0 0.0 0.0
26 2 13 9.541850352986048 40.41888428935346 385.6709453236695
27 0 100 0.0 0.0 0.0
28 0 100 0.0 0.0 0.0
29 3 84 32.9215577265747 1133.9736498594843 37332.17897426362
30 2 56 9.541850352986048 332.1417203303481 3169.2465913755254
31 2 12 9.541850352986048 36.01211998010309 343.62225974392254
32 5 73 139.6884681067044 2431.5451615879456 339658.8187544891
33 0 100 0.0 0.0 0.0
34 0 100 0.0 0.0 0.0
35 6 158 225.58275470837765 16064.961972196956 3623978.375973521
36 0 100 0.0 0.0 0.0
37 0 100 0.0 0.0 0.0
38 0 100 0.0 0.0 0.0
39 1 109 1.0 15.931997307697284 15.931997307697284
40 1 26 1.0 60.63937356224698 60.63937356224698
41 3 54 32.9215577265747 562.3460860297637 18513.309133542207
42 2 111 9.541850352986048 31.76494829034237 303.0963830567869
43 2 24 9.541850352986048 97.86086952638261 933.7737724338355
44 0 100 0.0 0.0 0.0
45 3 20 32.9215577265747 116.21344721391306 3825.92771105708
46 5 169 139.6884681067044 2194.8788310889477 306599.26159464906
47 1 107 1.0 11.607984241186918 11.607984241186918
48 3 74 32.9215577265747 927.3002957027797 30528.17021484885
49 0 100 0.0 0.0 0.0
50 2 65 9.541850352986048 411.78783219395143 3929.2178719752146
51 0 100 0.0 0.0 0.0
52 0 100 0.0 0.0 0.0
53 0 100 0.0 0.0 0.0
54 1 103 1.0 3.9914906122521803 3.9914906122521803
55 0 100 0.0 0.0 0.0
56 0 100 0.0 0.0 0.0
57 4 124 75.61186198841948 229.15430718595061 17326.78384899598
58 0 100 0.0 0.0 0.0
59 3 162 32.9215577265747 700.2360303580608 23052.86089566041
60 1 10 1.0 18.1937008646705 18.1937008646705
61 1 11 1.0 20.51504931294799 20.51504931294799
62 0 100 0.0 0.0 0.0
63 2 57 9.541850352986048 340.72951581223015 3251.1900507256933
64 0 100 0.0 0.0 0.0
65 1 20 1.0 43.57075425423803 43.57075425423803
66 0 100 0.0 0.0 0.0
67 0 100 0.0 0.0 0.0
68 1 25 1.0 57.71571011139208 57.71571011139208
69 0 100 0.0 0.0 0.0
70 5 192 139.6884681067044 3702.0246060004592 517130.14610553003
71 4 32 75.61186198841948 374.7746947170294 28337.41249369607
72 0 100 0.0 0.0 0.0
73 0 100 0.0 0.0 0.0
74 1 11 1.0 20.51504931294799 20.51504931294799
75 0 100 0.0 0.0 0.0
76 0 100 0.0 0.0 0.0
77 3 56 32.9215577265747 595.765723501293 19613.535657762357
78 0 100 0.0 0.0 0.0
79 0 100 0.0 0.0 0.0
80 4 117 75.61186198841948 3439.917895154233 260098.5971398963
81 0 100 0.0 0.0 0.0
82 0 100 0.0 0.0 0.0
83 0 100 0.0 0.0 0.0
84 0 100 0.0 0.0 0.0
85 0 100 0.0 0.0 0.0
86 2 26 9.541850352986048 109.8359986590007 1048.0386625749609
87 0 100 0.0 0.0 0.0
88 4 51 75.61186198841948 831.5797944458234 62877.296649995835
89 0 5 0.0 5.0 0.0
90 0 100 0.0 0.0 0.0
91 5 94 139.6884681067044 3849.5614363989175 537739.3399332094
92 1 102 1.0 2.3948263510722025 2.3948263510722025
93 0 100 0.0 0.0 0.0
94 0 100 0.0 0.0 0.0
95 1 16 1.0 32.892441635375256 32.892441635375256
96 4 109 75.61186198841948 3047.546245398672 230430.64611041034
97 1 14 1.0 27.799106543625292 27.799106543625292
98 0 100 0.0 0.0 0.0
99 1 108 1.0 13.734791927877684 13.734791927877684
100 3 32 32.9215577265747 245.06238675558936 8067.83551218631
101 1 67 1.0 199.85272884066916 199.85272884066916
102 8 143 459.67273235884244 30428.435598390966 13987122.132917445
103 5 68 139.6884681067044 2137.419079796989 298572.7969588832
104 2 56 9.541850352986048 332.1417203303481 3169.2465913755254
105 1 18 1.0 38.15436697768484 38.15436697768484
106 0 100 0.0 0.0 0.0
107 0 100 0.0 0.0 0.0
108 6 120 225.58275470837765 9491.407950004868 2141097.9514230937
109 3 139 32.9215577265747 335.47304520277595 11044.29522335299
110 4 172 75.61186198841948 1499.6637502850892 113392.36851559173
111 0 100 0.0 0.0 0.0
112 2 112 9.541850352986048 902.5760653767381 8612.245748011786
113 5 86 139.6884681067044 3275.042744200361 457485.7039213258
114 0 100 0.0 0.0 0.0
115 1 107 1.0 11.607984241186918 11.607984241186918
116 2 110 9.541850352986048 27.685321443873434 264.16919419175593
117 1 103 1.0 3.9914906122521803 3.9914906122521803
118 2 16 9.541850352986048 54.53075711894446 520.3243240639966
119 1 17 1.0 35.503281577765854 35.503281577765854
120 3 94 32.9215577265747 1355.6426709526093 44629.86844837423
121 0 100 0.0 0.0 0.0
122 0 100 0.0 0.0 0.0
123 2 15 9.541850352986048 49.68406405407534 474.0779041321602
124 6 70 225.58275470837765 3384.897920195671 763574.5972443977
125 0 100 0.0 0.0 0.0
126 5 96 139.6884681067044 3999.6858182206656 558709.9848553553
127 0 100 0.0 0.0 0.0
128 0 100 0.0 0.0 0.0
129 0 100 0.0 0.0 0.0
130 3 74 32.9215577265747 927.3002957027797 30528.17021484885
131 0 100 0.0 0.0 0.0
132 0 100 0.0 0.0 0.0
133 0 100 0.0 0.0 0.0
134 8 162 459.67273235884244 39443.590245345265 18131142.90212044
135 0 100 0.0 0.0 0.0
136 4 93 75.61186198841948 2323.049658002374 175650.1101331206
137 2 5 9.541850352986048 10.188005914414083 97.21242783067595
138 0 100 0.0 0.0 0.0
139 0 100 0.0 0.0 0.0
140 3 91 32.9215577265747 1287.6100774420552 42390.12949382794
141 0 100 0.0 0.0 0.0
142 0 100 0.0 0.0 0.0
143 2 33 9.541850352986048 154.90879557685506 1478.1165457556579
144 0 100 0.0 0.0 0.0
145 1 93 1.0 302.0877421708135 302.0877421708135
146 1 101 1.0 1.0 1.0
147 4 26 75.61186198841948 262.7667382888815 19868.282350646048
148 2 38 9.541850352986048 189.8638195218893 1811.6521533242187
149 2 158 9.541850352986048 349.384203814786 3333.771788497865
150 1 12 1.0 22.891970023971037 22.891970023971037
151 2 16 9.541850352986048 54.53075711894446 520.3243240639966
152 2 163 9.541850352986048 393.6390130800606 3756.0445559070554
153 3 101 32.9215577265747 1519.3640883793698 50019.83254326596
154 1 100 1.0 0.0 0.0
155 1 104 1.0 5.735193251789799 5.735193251789799
156 5 69 139.6884681067044 2194.8788310889477 306599.26159464906
157 6 86 225.58275470837765 5018.366904356723 1132057.0304221432
158 6 126 225.58275470837765 10419.918236435944 2350553.8596112807
159 5 165 139.6884681067044 1969.1653870843556 275069.6963705592
160 6 242 225.58275470837765 13097.231027658581 2954509.454271259
161 5 42 139.6884681067044 890.5118703159138 124394.2389952662
162 6 137 225.58275470837765 12229.238131186143 2758705.225617702
163 5 61 139.6884681067044 1754.5251914699081 245086.93625105367
164 7 137 332.66880679862265 18769.0 6243860.834803348
165 2 124 9.541850352986048 97.86086952638261 933.7737724338355
166 0 100 0.0 0.0 0.0
167 0 100 0.0 0.0 0.0
168 2 127 9.541850352986048 115.98017876588344 1106.66550969663
169 5 150 139.6884681067044 1222.4564081968258 170763.0629882387
170 0 100 0.0 0.0 0.0
171 0 100 0.0 0.0 0.0
172 0 100 0.0 0.0 0.0
173 4 186 75.61186198841948 2032.1034843472744 153651.12820465246
174 2 134 9.541850352986048 161.72412498062124 1543.1473990327004
175 1 28 1.0 66.57403288693754 66.57403288693754
176 5 102 139.6884681067044 4465.486028292682 623776.9026440964
177 1 17 1.0 35.503281577765854 35.503281577765854
178 2 18 9.541850352986048 64.62733255388774 616.6643359418604
179 4 43 75.61186198841948 621.143248020611 46965.797544373054
180 3 65 32.9215577265747 754.7803226662346 24848.54396353912
181 5 130 139.6884681067044 6938.889916019427 969282.9027298124
182 2 42 9.541850352986048 219.34644070399202 2092.9709126576195
183 4 98 75.61186198841948 2540.672540836771 192104.981515517
184 4 71 75.61186198841948 1464.2230773075796 110712.63324163957
185 0 100 0.0 0.0 0.0
186 2 20 9.541850352986048 75.23327232919837 717.8646261306569
187 6 150 225.58275470837765 14544.969872206551 3281094.3709227135
188 4 82 75.61186198841948 1873.1633591984112 141633.36939747448
189 0 100 0.0 0.0 0.0
190 0 100 0.0 0.0 0.0
191 0 100 0.0 0.0 0.0
192 1 103 1.0 3.9914906122521803 3.9914906122521803
193 9 120 604.9491004987461 30162.00470437385 18246477.615149908
194 3 38 32.9215577265747 321.92161897300775 10598.16116245226
195 5 82 139.6884681067044 3003.520233876968 419557.14039776416
196 0 100 0.0 0.0 0.0
197 2 116 9.541850352986048 54.53075711894446 520.3243240639966
198 5 102 139.6884681067044 4465.486028292682 623776.9026440964
199 3 199 32.9215577265747 1471.8833997479187 48456.69431158813
