0 0 100 0.0 0.0 0.0
1 1 11 1.0 20.51504931294799 20.51504931294799
2 0 100 0.0 0.0 0.0
3 8 186 459.67273235884244 52574.74337086476 24167175.938350342
4 0 5 0.0 5.0 0.0
5 0 100 0.0 0.0 0.0
6 0 100 0.0 0.0 0.0
7 0 5 0.0 5.0 0.0
8 0 100 0.0 0.0 0.0
9 1 13 1.0 25.320989780782124 25.320989780782124
10 0 100 0.0 0.0 0.0
11 2 20 9.541850352986048 75.23327232919837 717.8646261306569
12 7 117 332.66880679862265 13689.0 4553903.296266345
13 1 20 1.0 43.57075425423803 43.57075425423803
14 1 106 1.0 9.55892689827884 9.55892689827884
15 0 100 0.0 0.0 0.0
16 0 100 0.0 0.0 0.0
17 0 100 0.0 0.0 0.0
18 1 34 1.0 85.02419427196995 85.02419427196995
19 0 11 0.0 11.0 0.0
20 1 103 1.0 3.9914906122521803 3.9914906122521803
21 0 100 0.0 0.0 0.0
22 2 14 9.541850352986048 44.97826169706515 429.17584225083993
23 2 29 9.541850352986048 128.5709592386038 1226.8048527946264
24 0 100 0.0 0.0 0.0
25 0 100 0.0 0.0 0.0
26 0 100 0.0 0.0 0.0
27 0 5 0.0 5.0 0.0
28 0 100 0.0 0.0 0.0
29 0 100 0.0 0.0 0.0
30 1 49 1.0 134.74529814364382 134.74529814364382
31 0 100 0.0 0.0 0.0
32 1 11 1.0 20.51504931294799 20.51504931294799
33 1 103 1.0 3.9914906122521803 3.9914906122521803
34 0 100 0.0 0.0 0.0
35 1 17 1.0 35.503281577765854 35.503281577765854
36 1 30 1.0 72.61998620345668 72.61998620345668
37 1 9 1.0 15.931997307697284 15.931997307697284
38 0 100 0.0 0.0 0.0
39 0 5 0.0 5.0 0.0
40 13 250 1331.5823725933528 601695.2206696187 801206749.5173318
41 0 100 0.0 0.0 0.0
42 0 100 0.0 0.0 0.0
43 21 374 3136.7198300107975 16191512.598170657 50788238644.55155
44 0 100 0.0 0.0 0.0
45 0 100 0.0 0.0 0.0
46 0 6 0.0 6.0 0.0
47 0 100 0.0 0.0 0.0
48 1 29 1.0 69.58346013935528 69.58346013935528
49 0 100 0.0 0.0 0.0
50 0 100 0.0 0.0 0.0
51 0 100 0.0 0.0 0.0
52 0 100 0.0 0.0 0.0
53 0 100 0.0 0.0 0.0
54 0 100 0.0 0.0 0.0
55 0 100 0.0 0.0 0.0
56 1 11 1.0 20.51504931294799 20.51504931294799
57 15 288 1756.7778603087352 1575000.625354255 2766926228.594768
58 0 100 0.0 0.0 0.0
59 17 325 2206.0678959513543 3828218.357814258 8445309617.865649
60 0 6 0.0 6.0 0.0
61 1 20 1.0 43.57075425423803 43.57075425423803
62 0 10 0.0 10.0 0.0
63 0 100 0.0 0.0 0.0
64 1 24 1.0 54.8222930413608 54.8222930413608
65 1 107 1.0 11.607984241186918 11.607984241186918
66 0 100 0.0 0.0 0.0
67 1 15 1.0 30.323695983612147 30.323695983612147
68 0 100 0.0 0.0 0.0
69 1 14 1.0 27.799106543625292 27.799106543625292
70 0 6 0.0 6.0 0.0
71 2 134 9.541850352986048 161.72412498062124 1543.1473990327004
72 2 11 9.541850352986048 31.76494829034237 303.0963830567869
73 0 100 0.0 0.0 0.0
74 0 100 0.0 0.0 0.0
75 12 273 1131.8354418063404 534852.1389097257 605364606.9439555
76 1 5 1.0 7.59708563275366 7.59708563275366
77 13 197 1331.5823725933528 338836.37386693084 451188542.6346561
78 0 100 0.0 0.0 0.0
79 0 100 0.0 0.0 0.0
80 2 16 9.541850352986048 54.53075711894446 520.3243240639966
81 0 100 0.0 0.0 0.0
82 1 11 1.0 20.51504931294799 20.51504931294799
83 2 33 9.541850352986048 154.90879557685506 1478.1165457556579
84 0 11 0.0 11.0 0.0
85 5 56 139.6884681067044 1501.9949206988383 209811.36957647165
86 0 100 0.0 0.0 0.0
87 2 23 9.541850352986048 92.0346545141889 878.1809006631623
88 0 5 0.0 5.0 0.0
89 2 49 9.541850352986048 273.9583678426836 2614.069748903192
90 0 100 0.0 0.0 0.0
91 0 100 0.0 0.0 0.0
92 0 100 0.0 0.0 0.0
93 2 39 9.541850352986048 197.11162840858907 1880.8096611081503
94 0 100 0.0 0.0 0.0
95 0 100 0.0 0.0 0.0
96 0 100 0.0 0.0 0.0
97 0 100 0.0 0.0 0.0
98 0 100 0.0 0.0 0.0
99 1 26 1.0 60.63937356224698 60.63937356224698
100 19 300 2668.9360872348193 5295921.904875905 14134477087.10067
101 14 291 1540.4353185285338 1192566.592649721 1837071699.0148613
102 0 100 0.0 0.0 0.0
103 6 193 225.58275470837765 5828.709556476301 1314856.3581449701
104 1 9 1.0 15.931997307697284 15.931997307697284
105 13 324 1331.5823725933528 1124011.1909731359 1496713488.4974885
106 0 5 0.0 5.0 0.0
107 13 197 1331.5823725933528 338836.37386693084 451188542.6346561
108 6 83 225.58275470837765 4688.828251009056 1057718.7932170872
109 2 24 9.541850352986048 97.86086952638261 933.7737724338355
110 1 23 1.0 51.960050539976365 51.960050539976365
111 4 129 75.61186198841948 316.71264325745693 23947.232671970367
112 10 223 766.6651705632711 166948.78471592552 127993818.50956586
113 0 100 0.0 0.0 0.0
114 1 20 1.0 43.57075425423803 43.57075425423803
115 12 213 1131.8354418063404 298400.62452988257 337740402.7000675
116 0 100 0.0 0.0 0.0
117 6 126 225.58275470837765 10419.918236435944 2350553.8596112807
118 0 100 0.0 0.0 0.0
119 1 34 1.0 85.02419427196995 85.02419427196995
120 1 8 1.0 13.734791927877684 13.734791927877684
121 1 50 1.0 138.2191034456061 138.2191034456061
122 7 154 332.66880679862265 23716.0 7889573.422036135
123 4 83 75.61186198841948 1912.3940233356846 144599.67295993603
124 0 100 0.0 0.0 0.0
125 0 100 0.0 0.0 0.0
126 12 221 1131.8354418063404 325424.97094098834 368327515.759809
127 0 100 0.0 0.0 0.0
128 0 100 0.0 0.0 0.0
129 0 100 0.0 0.0 0.0
130 2 134 9.541850352986048 161.72412498062124 1543.1473990327004
131 1 7 1.0 11.607984241186918 11.607984241186918
132 2 113 9.541850352986048 40.41888428935346 385.6709453236695
133 7 149 332.66880679862265 22201.0 7385580.179736221
134 1 29 1.0 69.58346013935528 69.58346013935528
135 0 9 0.0 9.0 0.0
136 0 100 0.0 0.0 0.0
137 16 309 1979.1134619514044 2525715.3266363554 4998677204.002999
138 0 100 0.0 0.0 0.0
139 15 299 1756.7778603087352 1731013.6222401606 3041006407.4443426
140 22 404 3370.209833397988 25834609.484197 87068054925.63765
141 18 395 2436.3877014920204 8487190.905589176 20678087542.592392
142 0 100 0.0 0.0 0.0
143 0 100 0.0 0.0 0.0
144 3 68 32.9215577265747 810.8239638778247 26693.587932893923
145 12 218 1131.8354418063404 315132.98931001755 356678686.1834565
146 21 359 3136.7198300107975 14436939.56478862 45284634617.53992
147 0 100 0.0 0.0 0.0
148 0 100 0.0 0.0 0.0
149 6 205 225.58275470837765 7351.839824949449 1658448.2798868536
150 7 121 332.66880679862265 14641.0 4870604.0003386345
151 9 149 604.9491004987461 48082.59347517662 29087521.672454976
152 1 104 1.0 5.735193251789799 5.735193251789799
153 2 47 9.541850352986048 257.9778488812911 2461.586028410529
154 13 185 1331.5823725933528 291210.07940722397 387770208.46017
155 20 456 2902.6872563902634 21671171.47667749 62904633276.39991
156 2 40 9.541850352986048 204.4421003683832 1950.7559275652661
157 0 100 0.0 0.0 0.0
158 1 11 1.0 20.51504931294799 20.51504931294799
159 2 44 9.541850352986048 234.56808185291177 2238.2135346274663
160 0 100 0.0 0.0 0.0
161 0 100 0.0 0.0 0.0
162 4 102 75.61186198841948 2720.557944067154 205706.4517983039
163 4 162 75.61186198841948 1161.3060165688764 87808.51025112707
164 10 174 766.6651705632711 96147.26174298109 73712756.82337406
165 1 104 1.0 5.735193251789799 5.735193251789799
166 2 32 9.541850352986048 148.1842032776824 1413.95149235211
167 15 320 1756.7778603087352 2053914.5981636269 3608271693.018772
168 4 142 75.61186198841948 596.6466987883373 45113.56784462985
169 3 25 32.9215577265747 165.61186212092687 5452.200479019623
170 12 181 1131.8354418063404 203496.96985951904 230325082.78720027
171 12 173 1131.8354418063404 182976.5500999565 207099344.42258427
172 1 107 1.0 11.607984241186918 11.607984241186918
173 17 314 2206.0678959513543 3497895.9541788176 7716595967.892019
174 14 263 1540.4353185285338 929231.8482324303 1431421558.118782
175 3 127 32.9215577265747 187.1321231368427 6160.680994346051
176 16 299 1979.1134619514044 2320853.6274755825 4593232657.355675
177 16 249 1979.1134619514044 1449783.8872366878 2869286808.150366
178 19 367 2668.9360872348193 9153237.801322881 24429406682.99253
179 7 117 332.66880679862265 13689.0 4553903.296266345
180 14 261 1540.4353185285338 911901.6436791396 1404725498.947569
181 0 100 0.0 0.0 0.0
182 0 100 0.0 0.0 0.0
183 14 217 1540.4353185285338 578369.2658744982 890940444.3044969
184 17 239 2206.0678959513543 1710668.3916587061 3773850619.4570093
185 10 139 766.6651705632711 58347.49958109673 44732995.71828191
186 18 317 2436.3877014920204 4718790.0919085 11496802145.848269
187 1 22 1.0 49.12998068819353 49.12998068819353
188 10 142 766.6651705632711 61185.206070824126 46908566.44823727
189 9 203 604.9491004987461 93615.87722311099 56632840.71852205
190 28 540 4724.12231882448 248187167.5717077 1172466537571.3357
191 6 101 225.58275470837765 6825.411756924657 1539695.1861460118
192 15 293 1756.7778603087352 1644814.3427691713 2889573421.695143
193 1 20 1.0 43.57075425423803 43.57075425423803
194 14 311 1540.4353185285338 1404998.2064103112 2164308859.6236863
195 10 151 766.6651705632711 70145.74766118835 53778301.594953135
196 13 237 1331.5823725933528 529031.2851182016 704448733.8138055
197 7 110 332.66880679862265 12100.0 4025292.562263334
198 7 95 332.66880679862265 9025.0 3002335.9813575693
199 14 141 1540.4353185285338 199723.94051415857 307661811.9237018
