0 0 100 0.0 0.0 0.0
1 2 27 9.541850352986048 115.98017876588344 1106.66550969663
2 2 30 9.541850352986048 135.01359299654277 1288.2794999919763
3 0 100 0.0 0.0 0.0
4 0 6 0.0 6.0 0.0
5 1 10 1.0 18.1937008646705 18.1937008646705
6 3 46 32.9215577265747 435.9769523615719 14353.040404627594
7 0 100 0.0 0.0 0.0
8 4 75 75.61186198841948 1608.0874365260645 121590.48531592006
9 0 100 0.0 0.0 0.0
10 0 100 0.0 0.0 0.0
11 1 5 1.0 7.59708563275366 7.59708563275366
12 1 12 1.0 22.891970023971037 22.891970023971037
13 0 100 0.0 0.0 0.0
14 2 28 9.541850352986048 122.22584512913716 1166.2607234894754
15 1 13 1.0 25.320989780782124 25.320989780782124
16 3 94 32.9215577265747 1355.6426709526093 44629.86844837423
17 2 51 9.541850352986048 290.23003402420613 2769.3315526010238
18 2 29 9.541850352986048 128.5709592386038 1226.8048527946264
19 2 20 9.541850352986048 75.23327232919837 717.8646261306569
20 3 52 32.9215577265747 529.6457757489877 17436.763980956737
21 0 100 0.0 0.0 0.0
22 0 100 0.0 0.0 0.0
23 0 15 0.0 15.0 0.0
24 0 100 0.0 0.0 0.0
25 0 100 0.0 0.0 0.0
26 0 100 0.0 0.0 0.0
27 0 100 0.0 0.0 0.0
28 1 67 1.0 199.85272884066916 199.85272884066916
29 3 36 32.9215577265747 295.444715883087 9726.500268956508
30 0 100 0.0 0.0 0.0
31 0 100 0.0 0.0 0.0
32 0 100 0.0 0.0 0.0
33 1 14 1.0 27.799106543625292 27.799106543625292
34 0 100 0.0 0.0 0.0
35 0 100 0.0 0.0 0.0
36 2 68 9.541850352986048 439.47602925740523 4193.414504898678
37 0 100 0.0 0.0 0.0
38 0 100 0.0 0.0 0.0
39 0 100 0.0 0.0 0.0
40 1 17 1.0 35.503281577765854 35.503281577765854
41 1 7 1.0 11.607984241186918 11.607984241186918
42 1 18 1.0 38.15436697768484 38.15436697768484
43 5 129 139.6884681067044 6842.204111735111 955777.0108416717
44 1 103 1.0 3.9914906122521803 3.9914906122521803
45 0 100 0.0 0.0 0.0
46 3 81 32.9215577265747 1070.3630949288454 35238.02041809513
47 0 100 0.0 0.0 0.0
48 1 34 1.0 85.02419427196995 85.02419427196995
49 1 25 1.0 57.71571011139208 57.71571011139208
50 0 100 0.0 0.0 0.0
51 0 100 0.0 0.0 0.0
52 0 100 0.0 0.0 0.0
53 0 11 0.0 11.0 0.0
54 0 100 0.0 0.0 0.0
55 0 100 0.0 0.0 0.0
56 0 100 0.0 0.0 0.0
57 0 100 0.0 0.0 0.0
58 1 75 1.0 230.37171508908972 230.37171508908972
59 0 100 0.0 0.0 0.0
60 0 100 0.0 0.0 0.0
61 0 100 0.0 0.0 0.0
62 2 11 9.541850352986048 31.76494829034237 303.0963830567869
63 0 100 0.0 0.0 0.0
64 0 100 0.0 0.0 0.0
65 2 16 9.541850352986048 54.53075711894446 520.3243240639966
66 2 67 9.541850352986048 430.18533333719057 4104.764074752892
67 0 100 0.0 0.0 0.0
68 1 12 1.0 22.891970023971037 22.891970023971037
69 1 7 1.0 11.607984241186918 11.607984241186918
70 0 100 0.0 0.0 0.0
71 0 100 0.0 0.0 0.0
72 0 100 0.0 0.0 0.0
73 6 213 225.58275470837765 28446.572669505436 6417056.2247990845
74 0 100 0.0 0.0 0.0
75 0 100 0.0 0.0 0.0
76 0 100 0.0 0.0 0.0
77 2 114 9.541850352986048 44.97826169706515 429.17584225083993
78 3 79 32.9215577265747 1028.715399126087 33866.9133965458
79 0 100 0.0 0.0 0.0
80 2 121 9.541850352986048 80.71796600694597 770.1987524356932
81 0 100 0.0 0.0 0.0
82 4 234 75.61186198841948 4338.084839985092 328010.6722150076
83 0 100 0.0 0.0 0.0
84 0 100 0.0 0.0 0.0
85 1 103 1.0 3.9914906122521803 3.9914906122521803
86 3 36 32.9215577265747 295.444715883087 9726.500268956508
87 0 100 0.0 0.0 0.0
88 2 125 9.541850352986048 103.79546451213633 990.4007896934788
89 3 36 32.9215577265747 295.444715883087 9726.500268956508
90 6 174 225.58275470837765 19320.41823902026 4358353.168476173
91 0 100 0.0 0.0 0.0
92 0 100 0.0 0.0 0.0
93 7 161 332.66880679862265 25921.0 8623108.141027099
94 1 104 1.0 5.735193251789799 5.735193251789799
95 0 100 0.0 0.0 0.0
96 3 25 32.9215577265747 165.61186212092687 5452.200479019623
97 3 26 32.9215577265747 176.25042831919396 5802.438650243859
98 0 100 0.0 0.0 0.0
99 1 8 1.0 13.734791927877684 13.734791927877684
100 1 6 1.0 9.55892689827884 9.55892689827884
101 0 100 0.0 0.0 0.0
102 0 100 0.0 0.0 0.0
103 0 100 0.0 0.0 0.0
104 0 100 0.0 0.0 0.0
105 1 10 1.0 18.1937008646705 18.1937008646705
106 0 100 0.0 0.0 0.0
107 0 100 0.0 0.0 0.0
108 6 180 225.58275470837765 4369.987349380403 985793.784313993
109 0 100 0.0 0.0 0.0
110 3 76 32.9215577265747 967.3986454236635 31848.270349925308
111 0 100 0.0 0.0 0.0
112 0 100 0.0 0.0 0.0
113 1 18 1.0 38.15436697768484 38.15436697768484
114 0 100 0.0 0.0 0.0
115 3 52 32.9215577265747 529.6457757489877 17436.763980956737
116 3 25 32.9215577265747 165.61186212092687 5452.200479019623
117 1 12 1.0 22.891970023971037 22.891970023971037
118 0 100 0.0 0.0 0.0
119 2 31 9.541850352986048 141.5519192260369 1350.6672304328126
120 0 100 0.0 0.0 0.0
121 0 100 0.0 0.0 0.0
122 4 70 75.61186198841948 1429.1350405139644 108059.56144615616
123 0 100 0.0 0.0 0.0
124 3 129 32.9215577265747 209.61005902119368 6900.689658136957
125 0 100 0.0 0.0 0.0
126 1 10 1.0 18.1937008646705 18.1937008646705
127 0 100 0.0 0.0 0.0
128 0 100 0.0 0.0 0.0
129 5 86 139.6884681067044 3275.042744200361 457485.7039213258
130 3 69 32.9215577265747 829.8335342600375 27319.412601589327
131 1 10 1.0 18.1937008646705 18.1937008646705
132 0 100 0.0 0.0 0.0
133 0 100 0.0 0.0 0.0
134 8 141 459.67273235884244 29549.892713290425 13583279.924428858
135 3 25 32.9215577265747 165.61186212092687 5452.200479019623
136 0 100 0.0 0.0 0.0
137 0 100 0.0 0.0 0.0
138 3 36 32.9215577265747 295.444715883087 9726.500268956508
139 3 43 32.9215577265747 391.71440685113555 12895.848457480626
140 2 63 9.541850352986048 393.6390130800606 3756.0445559070554
141 1 9 1.0 15.931997307697284 15.931997307697284
142 3 34 32.9215577265747 269.81820202916316 8882.83551378369
143 2 56 9.541850352986048 332.1417203303481 3169.2465913755254
144 1 18 1.0 38.15436697768484 38.15436697768484
145 0 100 0.0 0.0 0.0
146 5 222 139.6884681067044 18348.74258264969 2563107.74305459
147 4 138 75.61186198841948 4561.858041658262 344930.580656626
148 7 122 332.66880679862265 14884.0 4951442.5203907
149 4 104 75.61186198841948 2812.409095796941 212651.48840637392
150 0 100 0.0 0.0 0.0
151 3 99 32.9215577265747 1471.8833997479187 48456.69431158813
152 3 152 32.9215577265747 529.6457757489877 17436.763980956737
153 0 100 0.0 0.0 0.0
154 3 59 32.9215577265747 647.2206215128941 21307.511052966296
155 0 100 0.0 0.0 0.0
156 2 54 9.541850352986048 315.16948038953416 3007.300017705306
157 4 62 75.61186198841948 1161.3060165688764 87808.51025112707
158 3 178 32.9215577265747 1008.1216991286578 33188.93671327668
159 3 73 32.9215577265747 907.48753481702 29875.90326362549
160 3 50 32.9215577265747 497.6760852315066 16384.27196908475
161 0 100 0.0 0.0 0.0
162 4 63 75.61186198841948 1193.5182370479756 90244.13622033325
163 7 122 332.66880679862265 14884.0 4951442.5203907
164 0 100 0.0 0.0 0.0
165 4 39 75.61186198841948 525.6324972119714 39744.05183581987
166 2 129 9.541850352986048 128.5709592386038 1226.8048527946264
167 6 111 225.58275470837765 8176.399536993932 1844454.7311513948
168 4 79 75.61186198841948 1757.505455801544 132888.25996796062
169 3 41 32.9215577265747 363.1907597716439 11956.805563580698
170 1 7 1.0 11.607984241186918 11.607984241186918
171 1 11 1.0 20.51504931294799 20.51504931294799
172 1 26 1.0 60.63937356224698 60.63937356224698
173 0 100 0.0 0.0 0.0
174 8 135 459.67273235884244 26994.34596231654 12408564.76673793
175 1 10 1.0 18.1937008646705 18.1937008646705
176 3 29 32.9215577265747 209.61005902119368 6900.689658136957
177 6 51 225.58275470837765 1846.9886924473915 416648.7971575071
178 4 77 75.61186198841948 1682.1075637745857 127187.28496180048
179 0 100 0.0 0.0 0.0
180 5 78 139.6884681067044 2742.610069160227 383110.9991750147
181 6 254 225.58275470837765 15295.955091199346 3450503.6853683824
182 3 53 32.9215577265747 545.90532331836 17972.053614869816
183 7 136 332.66880679862265 18496.0 6153042.250547324
184 1 11 1.0 20.51504931294799 20.51504931294799
185 10 162 766.6651705632711 82019.5537684662 62881535.179424524
186 1 103 1.0 3.9914906122521803 3.9914906122521803
187 5 35 139.6884681067044 639.3782227857067 89313.76448172252
188 4 45 75.61186198841948 671.3571728121805 50762.565895610074
189 5 175 139.6884681067044 2553.9502583266267 356757.3992063684
190 3 58 32.9215577265747 629.8939717412368 20737.090752300537
191 5 156 139.6884681067044 1501.9949206988383 209811.36957647165
192 4 46 75.61186198841948 697.0692055589992 52706.70056710426
193 5 43 139.6884681067044 929.4139107485241 129828.40542952261
194 2 118 9.541850352986048 64.62733255388774 616.6643359418604
195 5 73 139.6884681067044 2431.5451615879456 339658.8187544891
196 2 105 9.541850352986048 822.3551150782405 7846.789445089191
197 1 28 1.0 66.57403288693754 66.57403288693754
198 5 57 139.6884681067044 1551.0877169304622 216669.0670771418
199 5 64 139.6884681067044 1914.4623288244568 267428.3099614821
