0 0 7 0.0 7.0 0.0
1 0 100 0.0 0.0 0.0
2 1 9 1.0 15.931997307697284 15.931997307697284
3 0 5 0.0 5.0 0.0
4 0 100 0.0 0.0 0.0
5 1 6 1.0 9.55892689827884 9.55892689827884
6 20 360 2902.6872563902634 11288721.829129614 32767628994.349113
7 11 202 942.9223974109915 189643.12073882896 178818746.05955872
8 0 100 0.0 0.0 0.0
9 1 11 1.0 20.51504931294799 20.51504931294799
10 0 8 0.0 8.0 0.0
11 0 11 0.0 11.0 0.0
12 0 100 0.0 0.0 0.0
13 3 20 32.9215577265747 116.21344721391306 3825.92771105708
14 1 7 1.0 11.607984241186918 11.607984241186918
15 0 100 0.0 0.0 0.0
16 0 100 0.0 0.0 0.0
17 0 11 0.0 11.0 0.0
18 12 202 1131.8354418063404 263422.36369249143 298150767.3915615
19 0 100 0.0 0.0 0.0
20 0 7 0.0 7.0 0.0
21 2 27 9.541850352986048 115.98017876588344 1106.66550969663
22 2 11 9.541850352986048 31.76494829034237 303.0963830567869
23 0 100 0.0 0.0 0.0
24 0 6 0.0 6.0 0.0
25 0 6 0.0 6.0 0.0
26 0 100 0.0 0.0 0.0
27 0 100 0.0 0.0 0.0
28 9 174 604.9491004987461 67160.9800884193 40628974.49310345
29 17 361 2206.0678959513543 5041560.579189018 11122024939.24281
30 6 47 225.58275470837765 1579.8219117523295 356380.57880174596
31 0 100 0.0 0.0 0.0
32 0 5 0.0 5.0 0.0
33 14 290 1540.4353185285338 1182485.092224617 1821541799.6962707
34 1 11 1.0 20.51504931294799 20.51504931294799
35 1 11 1.0 20.51504931294799 20.51504931294799
36 1 6 1.0 9.55892689827884 9.55892689827884
37 0 100 0.0 0.0 0.0
38 1 24 1.0 54.8222930413608 54.8222930413608
39 1 104 1.0 5.735193251789799 5.735193251789799
40 0 100 0.0 0.0 0.0
41 0 9 0.0 9.0 0.0
42 0 5 0.0 5.0 0.0
43 0 100 0.0 0.0 0.0
44 16 260 1979.1134619514044 1620229.4116977807 3206617840.140682
45 0 6 0.0 6.0 0.0
46 0 100 0.0 0.0 0.0
47 0 5 0.0 5.0 0.0
48 0 100 0.0 0.0 0.0
49 0 7 0.0 7.0 0.0
50 0 100 0.0 0.0 0.0
51 17 327 2206.0678959513543 3890266.7662725043 8582192619.7602625
52 0 7 0.0 7.0 0.0
53 1 26 1.0 60.63937356224698 60.63937356224698
54 0 100 0.0 0.0 0.0
55 7 140 332.66880679862265 19600.0 6520308.613253004
56 0 100 0.0 0.0 0.0
57 2 16 9.541850352986048 54.53075711894446 520.3243240639966
58 0 9 0.0 9.0 0.0
59 0 100 0.0 0.0 0.0
60 0 100 0.0 0.0 0.0
61 0 100 0.0 0.0 0.0
62 18 396 2436.3877014920204 8544646.829361916 20818072448.650158
63 0 100 0.0 0.0 0.0
64 0 100 0.0 0.0 0.0
65 0 100 0.0 0.0 0.0
66 1 8 1.0 13.734791927877684 13.734791927877684
67 0 7 0.0 7.0 0.0
68 9 208 604.9491004987461 98654.30979932014 59680835.973423354
69 0 100 0.0 0.0 0.0
70 1 104 1.0 5.735193251789799 5.735193251789799
71 16 355 1979.1134619514044 3608736.865240595 7142099710.637972
72 3 62 32.9215577265747 700.2360303580608 23052.86089566041
73 0 5 0.0 5.0 0.0
74 12 222 1131.8354418063404 328897.9287204573 372258332.46250904
75 0 100 0.0 0.0 0.0
76 0 7 0.0 7.0 0.0
77 1 17 1.0 35.503281577765854 35.503281577765854
78 14 195 1540.4353185285338 444335.496698253 684470092.3899076
79 9 157 604.9491004987461 53817.35966039549 32556763.317773756
80 0 11 0.0 11.0 0.0
81 1 104 1.0 5.735193251789799 5.735193251789799
82 0 100 0.0 0.0 0.0
83 16 318 1979.1134619514044 2719222.753287943 5381650357.076731
84 4 60 75.61186198841948 1097.9836363389938 83020.58717640696
85 0 100 0.0 0.0 0.0
86 1 14 1.0 27.799106543625292 27.799106543625292
87 0 100 0.0 0.0 0.0
88 1 11 1.0 20.51504931294799 20.51504931294799
89 0 100 0.0 0.0 0.0
90 0 100 0.0 0.0 0.0
91 0 100 0.0 0.0 0.0
92 1 19 1.0 40.84402933782601 40.84402933782601
93 9 229 604.9491004987461 35247.44879474361 21322912.44325576
94 0 5 0.0 5.0 0.0
95 0 100 0.0 0.0 0.0
96 0 100 0.0 0.0 0.0
97 1 8 1.0 13.734791927877684 13.734791927877684
98 0 7 0.0 7.0 0.0
99 0 100 0.0 0.0 0.0
100 3 40 32.9215577265747 349.23013798641597 11497.20014757944
101 4 150 75.61186198841948 803.8922494719358 60783.78982063209
102 17 227 2206.0678959513543 1494632.7348626808 3297261292.6185327
103 0 100 0.0 0.0 0.0
104 7 112 332.66880679862265 12544.0 4172997.5124819227
105 15 304 1756.7778603087352 1804884.371646597 3170780904.525985
106 4 57 75.61186198841948 1005.7817905983286 76049.03394118624
107 3 54 32.9215577265747 562.3460860297637 18513.309133542207
108 16 231 1979.1134619514044 1195396.4764019994 2365825258.816471
109 1 36 1.0 91.37308344663872 91.37308344663872
110 19 312 2668.9360872348193 5890839.205269608 15722273339.041739
111 0 100 0.0 0.0 0.0
112 10 170 766.6651705632711 91300.67622451171 69997048.51020727
113 4 66 75.61186198841948 1292.338741426653 97716.13855903981
114 10 202 766.6651705632711 133984.8046585531 102721483.11643617
115 12 259 1131.8354418063404 472580.11881639255 534882927.56944454
116 0 100 0.0 0.0 0.0
117 0 100 0.0 0.0 0.0
118 10 182 766.6651705632711 106256.07517273349 81462831.99568747
119 2 47 9.541850352986048 257.9778488812911 2461.586028410529
120 0 100 0.0 0.0 0.0
121 2 23 9.541850352986048 92.0346545141889 878.1809006631623
122 13 240 1331.5823725933528 545315.3356418483 726132288.4455129
123 0 100 0.0 0.0 0.0
124 3 175 32.9215577265747 947.2709566120693 31185.635480811874
125 2 15 9.541850352986048 49.68406405407534 474.0779041321602
126 18 309 2436.3877014920204 4407672.436696957 10738798916.973831
127 0 100 0.0 0.0 0.0
128 3 34 32.9215577265747 269.81820202916316 8882.83551378369
129 17 390 2206.0678959513543 6173198.908189871 13618495926.679626
130 2 31 9.541850352986048 141.5519192260369 1350.6672304328126
131 6 124 225.58275470837765 10105.821436004986 2279699.0381249776
132 3 41 32.9215577265747 363.1907597716439 11956.805563580698
133 17 394 2206.0678959513543 6340512.850037953 13987601842.335752
134 10 160 766.6651705632711 79784.57916828307 61168057.99637055
135 17 263 2206.0678959513543 2198255.6710417396 4849501262.978183
136 2 112 9.541850352986048 36.01211998010309 343.62225974392254
137 3 20 32.9215577265747 116.21344721391306 3825.92771105708
138 12 259 1131.8354418063404 472580.11881639255 534882927.56944454
139 1 102 1.0 2.3948263510722025 2.3948263510722025
140 0 100 0.0 0.0 0.0
141 0 100 0.0 0.0 0.0
142 12 201 1131.8354418063404 260366.30656647639 294691813.6241529
143 1 17 1.0 35.503281577765854 35.503281577765854
144 20 374 2902.6872563902634 12541736.325631611 36404738205.417725
145 21 347 3136.7198300107975 13125114.51279478 41169806963.44589
146 0 100 0.0 0.0 0.0
147 8 165 459.67273235884244 40978.16249196492 18836543.919726145
148 0 100 0.0 0.0 0.0
149 16 249 1979.1134619514044 1449783.8872366878 2869286808.150366
150 16 232 1979.1134619514044 1208747.8329140423 2392249108.2247677
151 20 305 2902.6872563902634 7144879.161736076 20739349691.219654
152 8 64 459.67273235884244 5714.8619697394415 2626966.2166837654
153 10 218 766.6651705632711 158737.91968892005 121698834.27316472
154 12 252 1131.8354418063404 443094.5319892783 501510095.3760584
155 0 100 0.0 0.0 0.0
156 6 119 225.58275470837765 9340.680210924138 2107096.372830297
157 9 78 604.9491004987461 11923.23898440822 7212952.698649337
158 9 125 604.9491004987461 32934.84879335048 19923907.152599588
159 5 88 139.6884681067044 3414.7546568712237 477001.8469785762
160 1 34 1.0 85.02419427196995 85.02419427196995
161 8 142 459.67273235884244 29987.49355902603 13784433.100870684
162 3 82 32.9215577265747 1091.4155133611555 35931.098826798436
163 19 410 2668.9360872348193 12364783.856138902 33000817844.50762
164 6 115 225.58275470837765 8749.296958158795 1973690.5095830902
165 11 233 942.9223974109915 262961.44645937043 247952237.52213165
166 19 374 2668.9360872348193 9634917.542923545 25714979127.84049
167 5 79 139.6884681067044 2806.8374672292675 392082.8260217585
168 0 100 0.0 0.0 0.0
169 9 94 604.9491004987461 17822.765610189945 10781866.024284393
170 13 204 1331.5823725933528 368584.680897397 490800863.89091974
171 1 18 1.0 38.15436697768484 38.15436697768484
172 13 194 1331.5823725933528 326533.42327590974 434806150.49676543
173 14 192 1540.4353185285338 427666.3297945429 658792318.9609857
174 14 220 1540.4353185285338 598289.1109657976 921625677.2227516
175 14 256 1540.4353185285338 869421.7094878121 1339287907.9904802
176 17 279 2206.0678959513543 2566233.4961421206 5661285329.3541355
177 12 269 1131.8354418063404 516607.63282137713 584714828.3349111
178 4 166 75.61186198841948 1292.338741426653 97716.13855903981
179 13 157 1331.5823725933528 196078.76378355332 261095025.4940755
180 15 363 1756.7778603087352 2822022.585983406 4957666800.346851
181 1 107 1.0 11.607984241186918 11.607984241186918
182 6 105 225.58275470837765 7351.839824949449 1658448.2798868536
183 15 246 1756.7778603087352 1058714.6940227023 1859926534.8426201
184 12 229 1131.8354418063404 353804.2348984099 400448172.51919603
185 17 269 2206.0678959513543 2332127.9713618937 5144832646.871634
186 15 340 1756.7778603087352 2392914.326746138 4203818910.8431973
187 19 317 2668.9360872348193 6150626.02479729 16415627756.66713
188 16 271 1979.1134619514044 1802391.5732730776 3567137426.372519
189 12 169 1131.8354418063404 173183.80963665945 196015573.69381362
190 15 217 1756.7778603087352 771808.5793093643 1355896224.5270298
191 7 99 332.66880679862265 9801.0 3260486.9754333007
192 16 342 1979.1134619514044 3278647.124343631 6488814660.77674
193 17 364 2206.0678959513543 5152101.506571393 11365885730.329756
194 8 87 459.67273235884244 10823.372908066605 4975209.3979896465
195 4 81 75.61186198841948 1834.2709028460106 138692.63835536616
196 18 413 2436.3877014920204 9558845.250616442 23289053009.06731
197 12 263 1131.8354418063404 489920.81803539564 554509745.5312158
198 20 329 2902.6872563902634 8805471.576512534 25559530131.649616
199 8 157 459.67273235884244 36953.48006693682 16986507.15253687
