0 0 100 0.0 0.0 0.0
1 1 105 1.0 7.59708563275366 7.59708563275366
2 0 100 0.0 0.0 0.0
3 1 8 1.0 13.734791927877684 13.734791927877684
4 0 7 0.0 7.0 0.0
5 0 100 0.0 0.0 0.0
6 0 100 0.0 0.0 0.0
7 0 100 0.0 0.0 0.0
8 0 100 0.0 0.0 0.0
9 0 100 0.0 0.0 0.0
10 0 100 0.0 0.0 0.0
11 0 100 0.0 0.0 0.0
12 2 18 9.541850352986048 64.62733255388774 616.6643359418604
13 5 213 139.6884681067044 5378.870870117234 751366.2319904525
14 0 100 0.0 0.0 0.0
15 1 20 1.0 43.57075425423803 43.57075425423803
16 0 5 0.0 5.0 0.0
17 2 60 9.541850352986048 366.8916913478798 3500.825614595415
18 4 76 75.61186198841948 1644.92462809159 124375.81396061354
19 5 56 139.6884681067044 1501.9949206988383 209811.36957647165
20 4 73 75.61186198841948 1535.4556318691968 116098.65932623514
21 0 5 0.0 5.0 0.0
22 2 29 9.541850352986048 128.5709592386038 1226.8048527946264
23 0 100 0.0 0.0 0.0
24 1 104 1.0 5.735193251789799 5.735193251789799
25 5 121 139.6884681067044 6090.769816183153 850810.3052131782
26 0 100 0.0 0.0 0.0
27 0 100 0.0 0.0 0.0
28 0 100 0.0 0.0 0.0
29 0 100 0.0 0.0 0.0
30 2 13 9.541850352986048 40.41888428935346 385.6709453236695
31 0 100 0.0 0.0 0.0
32 0 100 0.0 0.0 0.0
33 0 100 0.0 0.0 0.0
34 0 100 0.0 0.0 0.0
35 1 16 1.0 32.892441635375256 32.892441635375256
36 0 100 0.0 0.0 0.0
37 1 29 1.0 69.58346013935528 69.58346013935528
38 1 103 1.0 3.9914906122521803 3.9914906122521803
39 0 100 0.0 0.0 0.0
40 1 18 1.0 38.15436697768484 38.15436697768484
41 3 40 32.9215577265747 349.23013798641597 11497.20014757944
42 0 100 0.0 0.0 0.0
43 0 11 0.0 11.0 0.0
44 1 20 1.0 43.57075425423803 43.57075425423803
45 3 18 32.9215577265747 98.31525163284788 3236.6912320335186
46 0 8 0.0 8.0 0.0
47 2 36 9.541850352986048 175.6210676402407 1675.7499462548174
48 3 56 32.9215577265747 595.765723501293 19613.535657762357
49 1 10 1.0 18.1937008646705 18.1937008646705
50 1 11 1.0 20.51504931294799 20.51504931294799
51 0 100 0.0 0.0 0.0
52 2 80 9.541850352986048 555.5596760452839 5301.067290977507
53 1 27 1.0 63.59241768810072 63.59241768810072
54 1 17 1.0 35.503281577765854 35.503281577765854
55 1 6 1.0 9.55892689827884 9.55892689827884
56 1 27 1.0 63.59241768810072 63.59241768810072
57 0 100 0.0 0.0 0.0
58 1 15 1.0 30.323695983612147 30.323695983612147
59 0 100 0.0 0.0 0.0
60 7 112 332.66880679862265 12544.0 4172997.5124819227
61 0 100 0.0 0.0 0.0
62 4 151 75.61186198841948 831.5797944458234 62877.296649995835
63 0 100 0.0 0.0 0.0
64 0 10 0.0 10.0 0.0
65 0 100 0.0 0.0 0.0
66 1 13 1.0 25.320989780782124 25.320989780782124
67 0 100 0.0 0.0 0.0
68 0 100 0.0 0.0 0.0
69 0 100 0.0 0.0 0.0
70 0 100 0.0 0.0 0.0
71 0 100 0.0 0.0 0.0
72 1 8 1.0 13.734791927877684 13.734791927877684
73 1 100 1.0 0.0 0.0
74 0 10 0.0 10.0 0.0
75 1 9 1.0 15.931997307697284 15.931997307697284
76 0 100 0.0 0.0 0.0
77 0 100 0.0 0.0 0.0
78 0 100 0.0 0.0 0.0
79 0 100 0.0 0.0 0.0
80 0 11 0.0 11.0 0.0
81 1 26 1.0 60.63937356224698 60.63937356224698
82 0 100 0.0 0.0 0.0
83 0 100 0.0 0.0 0.0
84 1 18 1.0 38.15436697768484 38.15436697768484
85 1 47 1.0 127.85310766976465 127.85310766976465
86 0 100 0.0 0.0 0.0
87 1 100 1.0 0.0 0.0
88 0 100 0.0 0.0 0.0
89 5 44 139.6884681067044 969.0623078155637 135366.82927870372
90 0 100 0.0 0.0 0.0
91 0 100 0.0 0.0 0.0
92 0 100 0.0 0.0 0.0
93 2 24 9.541850352986048 97.86086952638261 933.7737724338355
94 0 100 0.0 0.0 0.0
95 7 68 332.66880679862265 4624.0 1538260.562636831
96 0 5 0.0 5.0 0.0
97 0 100 0.0 0.0 0.0
98 1 59 1.0 170.26827089629276 170.26827089629276
99 0 100 0.0 0.0 0.0
100 2 52 9.541850352986048 298.47302352672085 2847.984924895254
101 1 8 1.0 13.734791927877684 13.734791927877684
102 1 105 1.0 7.59708563275366 7.59708563275366
103 7 67 332.66880679862265 4489.0 1493350.2737190172
104 0 100 0.0 0.0 0.0
105 0 100 0.0 0.0 0.0
106 9 146 604.9491004987461 46021.08717513291 27840415.290571038
107 3 48 32.9215577265747 466.4489382157433 15356.225645969067
108 0 10 0.0 10.0 0.0
109 3 44 32.9215577265747 406.27351121486885 13375.156852238497
110 2 11 9.541850352986048 31.76494829034237 303.0963830567869
111 2 22 9.541850352986048 86.31942417916456 823.6470280735138
112 1 7 1.0 11.607984241186918 11.607984241186918
113 0 100 0.0 0.0 0.0
114 1 9 1.0 15.931997307697284 15.931997307697284
115 1 101 1.0 1.0 1.0
116 1 104 1.0 5.735193251789799 5.735193251789799
117 4 143 75.61186198841948 621.143248020611 46965.797544373054
118 2 37 9.541850352986048 182.69988024795316 1743.2949168344405
119 0 100 0.0 0.0 0.0
120 0 100 0.0 0.0 0.0
121 0 10 0.0 10.0 0.0
122 1 22 1.0 49.12998068819353 49.12998068819353
123 0 100 0.0 0.0 0.0
124 4 62 75.61186198841948 1161.3060165688764 87808.51025112707
125 0 100 0.0 0.0 0.0
126 3 42 32.9215577265747 377.3528472077043 12423.04354263576
127 0 100 0.0 0.0 0.0
128 0 100 0.0 0.0 0.0
129 0 100 0.0 0.0 0.0
130 1 15 1.0 30.323695983612147 30.323695983612147
131 1 26 1.0 60.63937356224698 60.63937356224698
132 2 17 9.541850352986048 59.51335422080222 567.8675199791454
133 0 100 0.0 0.0 0.0
134 0 100 0.0 0.0 0.0
135 0 100 0.0 0.0 0.0
136 2 15 9.541850352986048 49.68406405407534 474.0779041321602
137 0 10 0.0 10.0 0.0
138 0 100 0.0 0.0 0.0
139 2 117 9.541850352986048 59.51335422080222 567.8675199791454
140 5 65 139.6884681067044 1969.1653870843556 275069.6963705592
141 3 89 32.9215577265747 1242.9788737846095 40920.80074621283
142 1 6 1.0 9.55892689827884 9.55892689827884
143 5 48 139.6884681067044 1135.058052192084 158554.52052289192
144 3 23 32.9215577265747 145.08021796711313 4776.266770788355
145 1 18 1.0 38.15436697768484 38.15436697768484
146 1 16 1.0 32.892441635375256 32.892441635375256
147 1 18 1.0 38.15436697768484 38.15436697768484
148 0 100 0.0 0.0 0.0
149 0 100 0.0 0.0 0.0
150 1 35 1.0 88.18685030395203 88.18685030395203
151 4 23 75.61186198841948 213.06977413856453 16110.60235606885
152 5 75 139.6884681067044 2553.9502583266267 356757.3992063684
153 2 17 9.541850352986048 59.51335422080222 567.8675199791454
154 0 100 0.0 0.0 0.0
155 4 88 75.61186198841948 2113.579549242958 159811.6851789044
156 1 14 1.0 27.799106543625292 27.799106543625292
157 3 36 32.9215577265747 295.444715883087 9726.500268956508
158 1 101 1.0 1.0 1.0
159 0 100 0.0 0.0 0.0
160 1 104 1.0 5.735193251789799 5.735193251789799
161 7 145 332.66880679862265 21025.0 6994361.662941041
162 0 100 0.0 0.0 0.0
163 0 100 0.0 0.0 0.0
164 0 100 0.0 0.0 0.0
165 4 98 75.61186198841948 2540.672540836771 192104.981515517
166 2 33 9.541850352986048 154.90879557685506 1478.1165457556579
167 1 17 1.0 35.503281577765854 35.503281577765854
168 4 71 75.61186198841948 1464.2230773075796 110712.63324163957
169 3 49 32.9215577265747 481.96892224029307 15867.1676959488
170 3 57 32.9215577265747 612.7419199112477 20172.41848785035
171 2 117 9.541850352986048 59.51335422080222 567.8675199791454
172 2 66 9.541850352986048 420.9557626935435 4016.6968928488986
173 3 53 32.9215577265747 545.90532331836 17972.053614869816
174 3 34 32.9215577265747 269.81820202916316 8882.83551378369
175 4 21 75.61186198841948 182.37411197845725 13789.646185175669
176 0 100 0.0 0.0 0.0
177 8 142 459.67273235884244 29987.49355902603 13784433.100870684
178 4 57 75.61186198841948 1005.7817905983286 76049.03394118624
179 1 13 1.0 25.320989780782124 25.320989780782124
180 1 105 1.0 7.59708563275366 7.59708563275366
181 1 23 1.0 51.960050539976365 51.960050539976365
182 0 100 0.0 0.0 0.0
183 0 100 0.0 0.0 0.0
184 3 73 32.9215577265747 907.48753481702 29875.90326362549
185 4 76 75.61186198841948 1644.92462809159 124375.81396061354
186 2 11 9.541850352986048 31.76494829034237 303.0963830567869
187 5 108 139.6884681067044 4954.230173639048 692048.8236036508
188 0 100 0.0 0.0 0.0
189 0 100 0.0 0.0 0.0
190 3 40 32.9215577265747 349.23013798641597 11497.20014757944
191 4 80 75.61186198841948 1795.7178600152838 135777.5710016156
192 5 42 139.6884681067044 890.5118703159138 124394.2389952662
193 6 147 225.58275470837765 13993.582501768662 3156710.888987926
194 2 19 9.541850352986048 69.8685662777562 666.6754038000371
195 4 70 75.61186198841948 1429.1350405139644 108059.56144615616
196 2 30 9.541850352986048 135.01359299654277 1288.2794999919763
197 1 16 1.0 32.892441635375256 32.892441635375256
198 1 6 1.0 9.55892689827884 9.55892689827884
199 4 81 75.61186198841948 1834.2709028460106 138692.63835536616
