0 1 12 1.0 22.891970023971037 22.891970023971037
1 0 100 0.0 0.0 0.0
2 0 100 0.0 0.0 0.0
3 0 100 0.0 0.0 0.0
4 0 100 0.0 0.0 0.0
5 1 8 1.0 13.734791927877684 13.734791927877684
6 0 100 0.0 0.0 0.0
7 0 100 0.0 0.0 0.0
8 2 17 9.541850352986048 59.51335422080222 567.8675199791454
9 0 100 0.0 0.0 0.0
10 0 100 0.0 0.0 0.0
11 0 100 0.0 0.0 0.0
12 0 100 0.0 0.0 0.0
13 0 100 0.0 0.0 0.0
14 4 43 75.61186198841948 621.143248020611 46965.797544373054
15 0 11 0.0 11.0 0.0
16 0 100 0.0 0.0 0.0
17 1 8 1.0 13.734791927877684 13.734791927877684
18 4 78 75.61186198841948 1719.6349352173313 130024.79939211752
19 0 100 0.0 0.0 0.0
20 0 100 0.0 0.0 0.0
21 0 100 0.0 0.0 0.0
22 2 35 9.541850352986048 168.62869283493262 1609.0297522505775
23 0 100 0.0 0.0 0.0
24 0 100 0.0 0.0 0.0
25 0 100 0.0 0.0 0.0
26 0 100 0.0 0.0 0.0
27 5 108 139.6884681067044 4954.230173639048 692048.8236036508
28 6 110 225.58275470837765 8036.070233330496 1812798.8602646885
29 0 100 0.0 0.0 0.0
30 0 100 0.0 0.0 0.0
31 0 100 0.0 0.0 0.0
32 0 100 0.0 0.0 0.0
33 5 50 139.6884681067044 1222.4564081968258 170763.0629882387
34 0 100 0.0 0.0 0.0
35 0 100 0.0 0.0 0.0
36 0 100 0.0 0.0 0.0
37 3 37 32.9215577265747 308.57807572808247 10158.870933237406
38 0 100 0.0 0.0 0.0
39 3 124 32.9215577265747 155.22039240905832 5110.09710903639
40 0 100 0.0 0.0 0.0
41 1 12 1.0 22.891970023971037 22.891970023971037
42 0 100 0.0 0.0 0.0
43 0 100 0.0 0.0 0.0
44 0 10 0.0 10.0 0.0
45 0 100 0.0 0.0 0.0
46 0 100 0.0 0.0 0.0
47 0 100 0.0 0.0 0.0
48 1 14 1.0 27.799106543625292 27.799106543625292
49 0 100 0.0 0.0 0.0
50 2 32 9.541850352986048 148.1842032776824 1413.95149235211
51 5 55 139.6884681067044 1453.6132803589628 203053.01235290492
52 0 100 0.0 0.0 0.0
53 0 100 0.0 0.0 0.0
54 0 100 0.0 0.0 0.0
55 0 100 0.0 0.0 0.0
56 6 61 225.58275470837765 2601.435802251927 586839.054468988
57 0 100 0.0 0.0 0.0
58 0 100 0.0 0.0 0.0
59 2 29 9.541850352986048 128.5709592386038 1226.8048527946264
60 1 108 1.0 13.734791927877684 13.734791927877684
61 0 100 0.0 0.0 0.0
62 0 100 0.0 0.0 0.0
63 0 100 0.0 0.0 0.0
64 1 101 1.0 1.0 1.0
65 0 100 0.0 0.0 0.0
66 4 60 75.61186198841948 1097.9836363389938 83020.58717640696
67 0 100 0.0 0.0 0.0
68 3 41 32.9215577265747 363.1907597716439 11956.805563580698
69 0 100 0.0 0.0 0.0
70 1 107 1.0 11.607984241186918 11.607984241186918
71 0 100 0.0 0.0 0.0
72 0 100 0.0 0.0 0.0
73 0 9 0.0 9.0 0.0
74 0 100 0.0 0.0 0.0
75 0 100 0.0 0.0 0.0
76 0 100 0.0 0.0 0.0
77 1 10 1.0 18.1937008646705 18.1937008646705
78 0 100 0.0 0.0 0.0
79 0 10 0.0 10.0 0.0
80 0 100 0.0 0.0 0.0
81 5 56 139.6884681067044 1501.9949206988383 209811.36957647165
82 2 108 9.541850352986048 856.4549772726187 8172.165227205394
83 0 100 0.0 0.0 0.0
84 0 100 0.0 0.0 0.0
85 1 12 1.0 22.891970023971037 22.891970023971037
86 0 100 0.0 0.0 0.0
87 0 100 0.0 0.0 0.0
88 0 100 0.0 0.0 0.0
89 4 38 75.61186198841948 502.796158813779 38017.3537685349
90 1 118 1.0 38.15436697768484 38.15436697768484
91 0 100 0.0 0.0 0.0
92 0 11 0.0 11.0 0.0
93 1 11 1.0 20.51504931294799 20.51504931294799
94 0 100 0.0 0.0 0.0
95 3 57 32.9215577265747 612.7419199112477 20172.41848785035
96 2 21 9.541850352986048 80.71796600694597 770.1987524356932
97 0 100 0.0 0.0 0.0
98 0 100 0.0 0.0 0.0
99 2 29 9.541850352986048 128.5709592386038 1226.8048527946264
100 0 100 0.0 0.0 0.0
101 0 100 0.0 0.0 0.0
102 0 100 0.0 0.0 0.0
103 0 100 0.0 0.0 0.0
104 0 100 0.0 0.0 0.0
105 5 91 139.6884681067044 3629.2296992039956 506961.5370891617
106 0 100 0.0 0.0 0.0
107 0 100 0.0 0.0 0.0
108 0 100 0.0 0.0 0.0
109 0 100 0.0 0.0 0.0
110 5 102 139.6884681067044 4465.486028292682 623776.9026440964
111 0 100 0.0 0.0 0.0
112 0 100 0.0 0.0 0.0
113 1 8 1.0 13.734791927877684 13.734791927877684
114 6 100 225.58275470837765 6696.723465418967 1510665.3268494436
115 2 15 9.541850352986048 49.68406405407534 474.0779041321602
116 1 10 1.0 18.1937008646705 18.1937008646705
117 0 100 0.0 0.0 0.0
118 2 22 9.541850352986048 86.31942417916456 823.6470280735138
119 5 136 139.6884681067044 7531.777572563793 1052102.4712318687
120 1 107 1.0 11.607984241186918 11.607984241186918
121 6 71 225.58275470837765 3478.001961782023 784577.2634199304
122 0 100 0.0 0.0 0.0
123 0 100 0.0 0.0 0.0
124 4 70 75.61186198841948 1429.1350405139644 108059.56144615616
125 0 100 0.0 0.0 0.0
126 0 100 0.0 0.0 0.0
127 0 100 0.0 0.0 0.0
128 0 10 0.0 10.0 0.0
129 0 100 0.0 0.0 0.0
130 4 32 75.61186198841948 374.7746947170294 28337.41249369607
131 2 37 9.541850352986048 182.69988024795316 1743.2949168344405
132 0 100 0.0 0.0 0.0
133 2 32 9.541850352986048 148.1842032776824 1413.95149235211
134 0 100 0.0 0.0 0.0
135 4 71 75.61186198841948 1464.2230773075796 110712.63324163957
136 1 103 1.0 3.9914906122521803 3.9914906122521803
137 0 100 0.0 0.0 0.0
138 0 100 0.0 0.0 0.0
139 0 100 0.0 0.0 0.0
140 0 100 0.0 0.0 0.0
141 1 106 1.0 9.55892689827884 9.55892689827884
142 1 28 1.0 66.57403288693754 66.57403288693754
143 0 100 0.0 0.0 0.0
144 0 100 0.0 0.0 0.0
145 1 12 1.0 22.891970023971037 22.891970023971037
146 0 100 0.0 0.0 0.0
147 0 10 0.0 10.0 0.0
148 5 35 139.6884681067044 639.3782227857067 89313.76448172252
149 1 8 1.0 13.734791927877684 13.734791927877684
150 1 14 1.0 27.799106543625292 27.799106543625292
151 0 100 0.0 0.0 0.0
152 0 100 0.0 0.0 0.0
153 3 36 32.9215577265747 295.444715883087 9726.500268956508
154 0 100 0.0 0.0 0.0
155 2 32 9.541850352986048 148.1842032776824 1413.95149235211
156 0 6 0.0 6.0 0.0
157 3 80 32.9215577265747 1049.4627962762117 34549.95002949981
158 1 19 1.0 40.84402933782601 40.84402933782601
159 1 10 1.0 18.1937008646705 18.1937008646705
160 0 100 0.0 0.0 0.0
161 1 105 1.0 7.59708563275366 7.59708563275366
162 1 33 1.0 81.88562674252243 81.88562674252243
163 1 7 1.0 11.607984241186918 11.607984241186918
164 0 100 0.0 0.0 0.0
165 0 100 0.0 0.0 0.0
166 0 100 0.0 0.0 0.0
167 1 107 1.0 11.607984241186918 11.607984241186918
168 0 100 0.0 0.0 0.0
169 0 100 0.0 0.0 0.0
170 2 26 9.541850352986048 109.8359986590007 1048.0386625749609
171 0 100 0.0 0.0 0.0
172 0 100 0.0 0.0 0.0
173 1 11 1.0 20.51504931294799 20.51504931294799
174 2 84 9.541850352986048 596.0613656366125 5687.528352101057
175 2 88 9.541850352986048 637.4253019801232 6082.216842701277
176 0 100 0.0 0.0 0.0
177 0 100 0.0 0.0 0.0
178 2 128 9.541850352986048 122.22584512913716 1166.2607234894754
179 3 25 32.9215577265747 165.61186212092687 5452.200479019623
180 5 58 139.6884681067044 1600.889370701534 223625.7838016033
181 3 41 32.9215577265747 363.1907597716439 11956.805563580698
182 2 65 9.541850352986048 411.78783219395143 3929.2178719752146
183 1 9 1.0 15.931997307697284 15.931997307697284
184 4 41 75.61186198841948 572.5607883495287 43292.38730866522
185 0 100 0.0 0.0 0.0
186 0 100 0.0 0.0 0.0
187 1 44 1.0 117.65777237975428 117.65777237975428
188 1 6 1.0 9.55892689827884 9.55892689827884
189 1 6 1.0 9.55892689827884 9.55892689827884
190 2 21 9.541850352986048 80.71796600694597 770.1987524356932
191 0 100 0.0 0.0 0.0
192 0 11 0.0 11.0 0.0
193 3 24 32.9215577265747 155.22039240905832 5110.09710903639
194 2 120 9.541850352986048 75.23327232919837 717.8646261306569
195 1 24 1.0 54.8222930413608 54.8222930413608
196 3 24 32.9215577265747 155.22039240905832 5110.09710903639
197 0 100 0.0 0.0 0.0
198 3 33 32.9215577265747 257.33012181535685 8471.708460130769
199 4 69 75.61186198841948 1394.4010936602072 105433.26305033677
