0 0 100 0.0 0.0 0.0
1 1 10 1.0 18.1937008646705 18.1937008646705
2 2 136 9.541850352986048 175.6210676402407 1675.7499462548174
3 7 81 332.66880679862265 6561.0 2182640.041405763
4 0 100 0.0 0.0 0.0
5 0 100 0.0 0.0 0.0
6 0 100 0.0 0.0 0.0
7 2 16 9.541850352986048 54.53075711894446 520.3243240639966
8 0 100 0.0 0.0 0.0
9 0 6 0.0 6.0 0.0
10 0 100 0.0 0.0 0.0
11 0 5 0.0 5.0 0.0
12 0 100 0.0 0.0 0.0
13 0 100 0.0 0.0 0.0
14 0 6 0.0 6.0 0.0
15 0 6 0.0 6.0 0.0
16 0 6 0.0 6.0 0.0
17 0 100 0.0 0.0 0.0
18 12 204 1131.8354418063404 269596.0522671843 305138366.9270738
19 1 35 1.0 88.18685030395203 88.18685030395203
20 0 100 0.0 0.0 0.0
21 2 25 9.541850352986048 103.79546451213633 990.4007896934788
22 1 105 1.0 7.59708563275366 7.59708563275366
23 0 100 0.0 0.0 0.0
24 0 6 0.0 6.0 0.0
25 0 100 0.0 0.0 0.0
26 0 100 0.0 0.0 0.0
27 0 100 0.0 0.0 0.0
28 14 201 1540.4353185285338 478817.402515497 737587237.9609648
29 2 21 9.541850352986048 80.71796600694597 770.1987524356932
30 0 100 0.0 0.0 0.0
31 16 255 1979.1134619514044 1541318.755448807 3050444698.0669184
32 0 5 0.0 5.0 0.0
33 1 11 1.0 20.51504931294799 20.51504931294799
34 0 100 0.0 0.0 0.0
35 0 100 0.0 0.0 0.0
36 0 100 0.0 0.0 0.0
37 2 16 9.541850352986048 54.53075711894446 520.3243240639966
38 16 333 1979.1134619514044 3061360.12481094 6058779034.894563
39 0 100 0.0 0.0 0.0
40 0 100 0.0 0.0 0.0
41 0 6 0.0 6.0 0.0
42 0 6 0.0 6.0 0.0
43 0 100 0.0 0.0 0.0
44 1 7 1.0 11.607984241186918 11.607984241186918
45 0 100 0.0 0.0 0.0
46 0 5 0.0 5.0 0.0
47 12 238 1131.8354418063404 387371.65329229925 438440966.3473421
48 16 242 1979.1134619514044 1347288.3860441179 2666436581.950694
49 2 31 9.541850352986048 141.5519192260369 1350.6672304328126
50 0 100 0.0 0.0 0.0
51 0 100 0.0 0.0 0.0
52 0 6 0.0 6.0 0.0
53 0 100 0.0 0.0 0.0
54 1 17 1.0 35.503281577765854 35.503281577765854
55 2 11 9.541850352986048 31.76494829034237 303.0963830567869
56 2 29 9.541850352986048 128.5709592386038 1226.8048527946264
57 0 100 0.0 0.0 0.0
58 0 100 0.0 0.0 0.0
59 0 100 0.0 0.0 0.0
60 1 101 1.0 1.0 1.0
61 0 5 0.0 5.0 0.0
62 0 100 0.0 0.0 0.0
63 0 100 0.0 0.0 0.0
64 0 100 0.0 0.0 0.0
65 8 158 459.67273235884244 37444.75893656286 17212334.652888034
66 3 37 32.9215577265747 308.57807572808247 10158.870933237406
67 0 100 0.0 0.0 0.0
68 0 100 0.0 0.0 0.0
69 2 135 9.541850352986048 168.62869283493262 1609.0297522505775
70 0 100 0.0 0.0 0.0
71 0 11 0.0 11.0 0.0
72 0 100 0.0 0.0 0.0
73 0 100 0.0 0.0 0.0
74 0 100 0.0 0.0 0.0
75 0 100 0.0 0.0 0.0
76 2 21 9.541850352986048 80.71796600694597 770.1987524356932
77 2 45 9.541850352986048 242.29532664846576 2311.945748107533
78 1 37 1.0 94.5824071263594 94.5824071263594
79 0 100 0.0 0.0 0.0
80 10 153 766.6651705632711 72228.7744823091 55375285.708055556
81 0 100 0.0 0.0 0.0
82 0 100 0.0 0.0 0.0
83 1 105 1.0 7.59708563275366 7.59708563275366
84 10 116 766.6651705632711 39022.35413079504 29917079.785466347
85 14 226 1540.4353185285338 639338.2042911381 984859150.3746802
86 0 5 0.0 5.0 0.0
87 10 131 766.6651705632711 51140.99905783681 39208022.76545254
88 0 5 0.0 5.0 0.0
89 0 100 0.0 0.0 0.0
90 0 10 0.0 10.0 0.0
91 0 5 0.0 5.0 0.0
92 0 100 0.0 0.0 0.0
93 0 5 0.0 5.0 0.0
94 0 100 0.0 0.0 0.0
95 0 100 0.0 0.0 0.0
96 15 254 1756.7778603087352 1147628.281289161 2016127956.4329634
97 16 249 1979.1134619514044 1449783.8872366878 2869286808.150366
98 0 100 0.0 0.0 0.0
99 0 6 0.0 6.0 0.0
100 4 91 75.61186198841948 2238.2761103848434 169240.22435039515
101 0 100 0.0 0.0 0.0
102 0 100 0.0 0.0 0.0
103 2 14 9.541850352986048 44.97826169706515 429.17584225083993
104 0 100 0.0 0.0 0.0
105 1 10 1.0 18.1937008646705 18.1937008646705
106 2 34 9.541850352986048 161.72412498062124 1543.1473990327004
107 0 100 0.0 0.0 0.0
108 2 40 9.541850352986048 204.4421003683832 1950.7559275652661
109 1 15 1.0 30.323695983612147 30.323695983612147
110 2 39 9.541850352986048 197.11162840858907 1880.8096611081503
111 0 100 0.0 0.0 0.0
112 0 100 0.0 0.0 0.0
113 1 103 1.0 3.9914906122521803 3.9914906122521803
114 0 5 0.0 5.0 0.0
115 20 319 2902.6872563902634 8086650.02528102 23473015975.27122
116 0 100 0.0 0.0 0.0
117 14 292 1540.4353185285338 1202699.0172221942 1852680043.6886253
118 0 100 0.0 0.0 0.0
119 13 247 1331.5823725933528 584440.1619338142 778230217.4666716
120 2 33 9.541850352986048 154.90879557685506 1478.1165457556579
121 11 314 942.9223974109915 520645.19132628036 490928012.00588065
122 0 100 0.0 0.0 0.0
123 0 100 0.0 0.0 0.0
124 0 5 0.0 5.0 0.0
125 2 53 9.541850352986048 306.7864203576611 2927.3101133810746
126 0 100 0.0 0.0 0.0
127 0 100 0.0 0.0 0.0
128 0 100 0.0 0.0 0.0
129 1 28 1.0 66.57403288693754 66.57403288693754
130 7 143 332.66880679862265 20449.0 6802744.430225034
131 0 100 0.0 0.0 0.0
132 11 187 942.9223974109915 158934.75897945854 149863143.96884915
133 8 119 459.67273235884244 20764.03051150532 9544658.640006023
134 9 135 604.9491004987461 38874.51396153533 23517102.253356747
135 1 42 1.0 110.9598727978785 110.9598727978785
136 0 100 0.0 0.0 0.0
137 1 16 1.0 32.892441635375256 32.892441635375256
138 16 185 1979.1134619514044 675362.4776930851 1336618971.2992396
139 10 162 766.6651705632711 82019.5537684662 62881535.179424524
140 14 350 1540.4353185285338 1880231.5200898575 2896375040.5570087
141 2 110 9.541850352986048 27.685321443873434 264.16919419175593
142 2 10 9.541850352986048 27.685321443873434 264.16919419175593
143 11 214 942.9223974109915 216429.11062204491 204075855.85726726
144 10 180 766.6651705632711 103676.69639096252 79485312.12201375
145 14 219 1540.4353185285338 591604.5906490331 911328606.0393862
146 0 100 0.0 0.0 0.0
147 16 271 1979.1134619514044 1802391.5732730776 3567137426.372519
148 12 207 1131.8354418063404 279011.0535465811 315794599.05974716
149 12 213 1131.8354418063404 298400.62452988257 337740402.7000675
150 1 16 1.0 32.892441635375256 32.892441635375256
151 12 211 1131.8354418063404 291854.20919927256 330330937.81209874
152 8 102 459.67273235884244 15068.038606609061 6926366.477588512
153 5 168 139.6884681067044 2137.419079796989 298572.7969588832
154 9 124 604.9491004987461 32369.82111547107 19582094.16710954
155 4 82 75.61186198841948 1873.1633591984112 141633.36939747448
156 0 100 0.0 0.0 0.0
157 0 100 0.0 0.0 0.0
158 3 47 32.9215577265747 451.11773253603667 14851.498473166615
159 23 386 3602.4235623004615 28907388.384821456 104136657042.0515
160 0 100 0.0 0.0 0.0
161 1 41 1.0 107.64164596635766 107.64164596635766
162 3 145 32.9215577265747 421.0282951259743 13860.907322511091
163 23 350 3602.4235623004615 21795261.67739623 78515764213.15646
164 1 19 1.0 40.84402933782601 40.84402933782601
165 4 111 75.61186198841948 3143.78687811244 237707.57954884192
166 21 472 3136.7198300107975 31080689.740163688 97491415838.38458
167 0 100 0.0 0.0 0.0
168 17 361 2206.0678959513543 5041560.579189018 11122024939.24281
169 9 180 604.9491004987461 72249.91166878767 43707519.07514696
170 2 42 9.541850352986048 219.34644070399202 2092.9709126576195
171 8 152 459.67273235884244 34547.573678850335 15880577.58932556
172 4 116 75.61186198841948 3389.795544335274 256308.752867238
173 14 289 1540.4353185285338 1172454.4342860898 1806090219.9396846
174 1 19 1.0 40.84402933782601 40.84402933782601
175 3 36 32.9215577265747 295.444715883087 9726.500268956508
176 3 150 32.9215577265747 497.6760852315066 16384.27196908475
177 0 100 0.0 0.0 0.0
178 3 53 32.9215577265747 545.90532331836 17972.053614869816
179 17 292 2206.0678959513543 2891551.2313476973 6378958340.974762
180 16 271 1979.1134619514044 1802391.5732730776 3567137426.372519
181 3 159 32.9215577265747 647.2206215128941 21307.511052966296
182 11 209 942.9223974109915 205026.02748631078 193323633.369044
183 8 119 459.67273235884244 20764.03051150532 9544658.640006023
184 7 113 332.66880679862265 12769.0 4247847.994011613
185 1 12 1.0 22.891970023971037 22.891970023971037
186 9 127 604.9491004987461 34080.638090162705 20617051.357067235
187 14 343 1540.4353185285338 1788846.0685333214 2755601663.3796425
188 10 211 766.6651705632711 147624.3184025647 113178423.24738891
189 12 242 1131.8354418063404 402854.0732554629 455964517.9865807
190 18 236 2436.3877014920204 2147248.4652348584 5231529752.745825
191 11 239 942.9223974109915 278722.41952144506 262813612.0273531
192 1 26 1.0 60.63937356224698 60.63937356224698
193 16 339 1979.1134619514044 3205205.6872933367 6343465724.045446
194 12 220 1131.8354418063404 321973.1842669141 364420661.264537
195 2 61 9.541850352986048 375.74324992186104 3585.2858618990344
196 11 233 942.9223974109915 262961.44645937043 247952237.52213165
197 15 253 1756.7778603087352 1136277.115516111 1996186479.714175
198 14 199 1540.4353185285338 467153.07741970307 719619099.6166052
199 0 100 0.0 0.0 0.0
