0 1 18 1.0 38.15436697768484 38.15436697768484
1 0 100 0.0 0.0 0.0
2 0 100 0.0 0.0 0.0
3 6 86 225.58275470837765 5018.366904356723 1132057.0304221432
4 5 84 139.6884681067044 3137.9608221632784 438336.940226843
5 1 105 1.0 7.59708563275366 7.59708563275366
6 0 100 0.0 0.0 0.0
7 1 20 1.0 43.57075425423803 43.57075425423803
8 0 100 0.0 0.0 0.0
9 0 100 0.0 0.0 0.0
10 0 100 0.0 0.0 0.0
11 9 223 604.9491004987461 31810.029433802327 19243448.692817356
12 1 104 1.0 5.735193251789799 5.735193251789799
13 0 100 0.0 0.0 0.0
14 0 100 0.0 0.0 0.0
15 0 100 0.0 0.0 0.0
16 2 57 9.541850352986048 340.72951581223015 3251.1900507256933
17 0 100 0.0 0.0 0.0
18 5 178 139.6884681067044 2742.610069160227 383110.9991750147
19 0 100 0.0 0.0 0.0
20 2 108 9.541850352986048 20.066939702021244 191.47573567908114
21 0 100 0.0 0.0 0.0
22 0 100 0.0 0.0 0.0
23 1 8 1.0 13.734791927877684 13.734791927877684
24 2 24 9.541850352986048 97.86086952638261 933.7737724338355
25 0 100 0.0 0.0 0.0
26 0 100 0.0 0.0 0.0
27 1 8 1.0 13.734791927877684 13.734791927877684
28 0 100 0.0 0.0 0.0
29 0 100 0.0 0.0 0.0
30 2 13 9.541850352986048 40.41888428935346 385.6709453236695
31 0 100 0.0 0.0 0.0
32 4 44 75.61186198841948 646.0476428878335 48848.86521197858
33 0 100 0.0 0.0 0.0
34 0 100 0.0 0.0 0.0
35 4 172 75.61186198841948 6648.135650279673 502677.91526923806
36 0 100 0.0 0.0 0.0
37 1 9 1.0 15.931997307697284 15.931997307697284
38 2 22 9.541850352986048 86.31942417916456 823.6470280735138
39 1 10 1.0 18.1937008646705 18.1937008646705
40 0 100 0.0 0.0 0.0
41 1 5 1.0 7.59708563275366 7.59708563275366
42 1 19 1.0 40.84402933782601 40.84402933782601
43 3 36 32.9215577265747 295.444715883087 9726.500268956508
44 0 100 0.0 0.0 0.0
45 1 13 1.0 25.320989780782124 25.320989780782124
46 0 100 0.0 0.0 0.0
47 2 19 9.541850352986048 69.8685662777562 666.6754038000371
48 0 100 0.0 0.0 0.0
49 0 100 0.0 0.0 0.0
50 4 104 75.61186198841948 2812.409095796941 212651.48840637392
51 0 100 0.0 0.0 0.0
52 0 100 0.0 0.0 0.0
53 0 100 0.0 0.0 0.0
54 1 14 1.0 27.799106543625292 27.799106543625292
55 0 100 0.0 0.0 0.0
56 0 100 0.0 0.0 0.0
57 2 31 9.541850352986048 141.5519192260369 1350.6672304328126
58 0 100 0.0 0.0 0.0
59 0 100 0.0 0.0 0.0
60 0 100 0.0 0.0 0.0
61 0 8 0.0 8.0 0.0
62 3 86 32.9215577265747 1177.1312153238637 38752.99325703761
63 0 10 0.0 10.0 0.0
64 0 100 0.0 0.0 0.0
65 2 17 9.541850352986048 59.51335422080222 567.8675199791454
66 0 100 0.0 0.0 0.0
67 0 100 0.0 0.0 0.0
68 0 100 0.0 0.0 0.0
69 0 100 0.0 0.0 0.0
70 4 57 75.61186198841948 1005.7817905983286 76049.03394118624
71 5 91 139.6884681067044 3629.2296992039956 506961.5370891617
72 0 100 0.0 0.0 0.0
73 1 103 1.0 3.9914906122521803 3.9914906122521803
74 0 5 0.0 5.0 0.0
75 0 100 0.0 0.0 0.0
76 0 100 0.0 0.0 0.0
77 0 100 0.0 0.0 0.0
78 0 100 0.0 0.0 0.0
79 2 166 9.541850352986048 420.9557626935435 4016.6968928488986
80 1 9 1.0 15.931997307697284 15.931997307697284
81 0 100 0.0 0.0 0.0
82 1 15 1.0 30.323695983612147 30.323695983612147
83 0 100 0.0 0.0 0.0
84 0 100 0.0 0.0 0.0
85 0 100 0.0 0.0 0.0
86 0 100 0.0 0.0 0.0
87 1 9 1.0 15.931997307697284 15.931997307697284
88 0 100 0.0 0.0 0.0
89 0 100 0.0 0.0 0.0
90 2 54 9.541850352986048 315.16948038953416 3007.300017705306
91 2 7 9.541850352986048 16.551687764173284 157.9337277350917
92 3 61 32.9215577265747 682.3928350558612 22465.435111492498
93 0 100 0.0 0.0 0.0
94 1 14 1.0 27.799106543625292 27.799106543625292
95 0 100 0.0 0.0 0.0
96 0 100 0.0 0.0 0.0
97 0 100 0.0 0.0 0.0
98 1 8 1.0 13.734791927877684 13.734791927877684
99 0 100 0.0 0.0 0.0
100 2 165 9.541850352986048 411.78783219395143 3929.2178719752146
101 0 100 0.0 0.0 0.0
102 0 12 0.0 12.0 0.0
103 1 11 1.0 20.51504931294799 20.51504931294799
104 0 100 0.0 0.0 0.0
105 0 100 0.0 0.0 0.0
106 1 24 1.0 54.8222930413608 54.8222930413608
107 6 103 225.58275470837765 7086.292798564201 1598545.450170251
108 1 6 1.0 9.55892689827884 9.55892689827884
109 2 75 9.541850352986048 506.1815384350477 4829.908491191481
110 2 120 9.541850352986048 75.23327232919837 717.8646261306569
111 1 34 1.0 85.02419427196995 85.02419427196995
112 0 100 0.0 0.0 0.0
113 3 142 32.9215577265747 377.3528472077043 12423.04354263576
114 1 19 1.0 40.84402933782601 40.84402933782601
115 0 100 0.0 0.0 0.0
116 6 71 225.58275470837765 3478.001961782023 784577.2634199304
117 0 6 0.0 6.0 0.0
118 0 100 0.0 0.0 0.0
119 2 21 9.541850352986048 80.71796600694597 770.1987524356932
120 2 47 9.541850352986048 257.9778488812911 2461.586028410529
121 0 100 0.0 0.0 0.0
122 0 100 0.0 0.0 0.0
123 4 44 75.61186198841948 646.0476428878335 48848.86521197858
124 0 100 0.0 0.0 0.0
125 0 100 0.0 0.0 0.0
126 2 64 9.541850352986048 402.6820690045564 3842.3320422722786
127 1 10 1.0 18.1937008646705 18.1937008646705
128 0 16 0.0 16.0 0.0
129 1 22 1.0 49.12998068819353 49.12998068819353
130 5 60 139.6884681067044 1702.6102917613564 237835.0234388529
131 2 154 9.541850352986048 315.16948038953416 3007.300017705306
132 1 10 1.0 18.1937008646705 18.1937008646705
133 0 100 0.0 0.0 0.0
134 0 100 0.0 0.0 0.0
135 1 20 1.0 43.57075425423803 43.57075425423803
136 2 37 9.541850352986048 182.69988024795316 1743.2949168344405
137 1 8 1.0 13.734791927877684 13.734791927877684
138 0 100 0.0 0.0 0.0
139 1 27 1.0 63.59241768810072 63.59241768810072
140 0 100 0.0 0.0 0.0
141 1 107 1.0 11.607984241186918 11.607984241186918
142 0 100 0.0 0.0 0.0
143 0 8 0.0 8.0 0.0
144 2 30 9.541850352986048 135.01359299654277 1288.2794999919763
145 1 106 1.0 9.55892689827884 9.55892689827884
146 0 100 0.0 0.0 0.0
147 4 55 75.61186198841948 946.1899645328139 71543.18501308264
148 1 13 1.0 25.320989780782124 25.320989780782124
149 1 14 1.0 27.799106543625292 27.799106543625292
150 1 30 1.0 72.61998620345668 72.61998620345668
151 1 105 1.0 7.59708563275366 7.59708563275366
152 0 100 0.0 0.0 0.0
153 0 100 0.0 0.0 0.0
154 1 7 1.0 11.607984241186918 11.607984241186918
155 4 141 75.61186198841948 572.5607883495287 43292.38730866522
156 0 100 0.0 0.0 0.0
157 5 191 139.6884681067044 3629.2296992039956 506961.5370891617
158 0 9 0.0 9.0 0.0
159 0 100 0.0 0.0 0.0
160 4 156 75.61186198841948 975.7969952136767 73781.82773081094
161 0 100 0.0 0.0 0.0
162 1 101 1.0 1.0 1.0
163 4 45 75.61186198841948 671.3571728121805 50762.565895610074
164 3 157 32.9215577265747 612.7419199112477 20172.41848785035
165 0 100 0.0 0.0 0.0
166 5 113 139.6884681067044 5378.870870117234 751366.2319904525
167 2 11 9.541850352986048 31.76494829034237 303.0963830567869
168 2 111 9.541850352986048 31.76494829034237 303.0963830567869
169 1 20 1.0 43.57075425423803 43.57075425423803
170 0 100 0.0 0.0 0.0
171 7 75 332.66880679862265 5625.0 1871262.0382422525
172 4 38 75.61186198841948 502.796158813779 38017.3537685349
173 0 100 0.0 0.0 0.0
174 4 42 75.61186198841948 596.6466987883373 45113.56784462985
175 1 108 1.0 13.734791927877684 13.734791927877684
176 5 46 139.6884681067044 1050.58572833688 146754.71100614508
177 1 18 1.0 38.15436697768484 38.15436697768484
178 4 92 75.61186198841948 2280.4993308091553 172432.80066582482
179 1 29 1.0 69.58346013935528 69.58346013935528
180 0 100 0.0 0.0 0.0
181 7 132 332.66880679862265 17424.0 5796421.289659201
182 1 10 1.0 18.1937008646705 18.1937008646705
183 5 41 139.6884681067044 852.3594055446428 119064.77963687235
184 3 47 32.9215577265747 451.11773253603667 14851.498473166615
185 2 184 9.541850352986048 596.0613656366125 5687.528352101057
186 0 100 0.0 0.0 0.0
187 1 32 1.0 78.7716859795011 78.7716859795011
188 0 100 0.0 0.0 0.0
189 3 137 32.9215577265747 308.57807572808247 10158.870933237406
190 0 100 0.0 0.0 0.0
191 1 20 1.0 43.57075425423803 43.57075425423803
192 0 100 0.0 0.0 0.0
193 2 116 9.541850352986048 54.53075711894446 520.3243240639966
194 6 126 225.58275470837765 10419.918236435944 2350553.8596112807
195 1 33 1.0 81.88562674252243 81.88562674252243
196 1 10 1.0 18.1937008646705 18.1937008646705
197 6 77 225.58275470837765 4061.8785529685815 916289.7532695315
198 1 18 1.0 38.15436697768484 38.15436697768484
199 1 15 1.0 30.323695983612147 30.323695983612147
