0 5 116 139.6884681067044 5641.169189689651 788006.2824384862
1 1 21 1.0 46.33316012586883 46.33316012586883
2 0 100 0.0 0.0 0.0
3 5 132 139.6884681067044 7134.089591711757 996550.0464021995
4 0 100 0.0 0.0 0.0
5 2 14 9.541850352986048 44.97826169706515 429.17584225083993
6 0 5 0.0 5.0 0.0
7 4 76 75.61186198841948 1644.92462809159 124375.81396061354
8 0 6 0.0 6.0 0.0
9 0 9 0.0 9.0 0.0
10 1 14 1.0 27.799106543625292 27.799106543625292
11 0 11 0.0 11.0 0.0
12 0 100 0.0 0.0 0.0
13 0 5 0.0 5.0 0.0
14 9 192 604.9491004987461 83027.7702528687 50227574.930889465
15 0 100 0.0 0.0 0.0
16 0 100 0.0 0.0 0.0
17 0 100 0.0 0.0 0.0
18 6 123 225.58275470837765 9950.49433314188 2244659.9223802467
19 0 100 0.0 0.0 0.0
20 1 24 1.0 54.8222930413608 54.8222930413608
21 0 100 0.0 0.0 0.0
22 0 100 0.0 0.0 0.0
23 0 100 0.0 0.0 0.0
24 0 100 0.0 0.0 0.0
25 1 106 1.0 9.55892689827884 9.55892689827884
26 0 5 0.0 5.0 0.0
27 0 100 0.0 0.0 0.0
28 1 14 1.0 27.799106543625292 27.799106543625292
29 0 100 0.0 0.0 0.0
30 0 100 0.0 0.0 0.0
31 0 5 0.0 5.0 0.0
32 1 18 1.0 38.15436697768484 38.15436697768484
33 1 107 1.0 11.607984241186918 11.607984241186918
34 0 100 0.0 0.0 0.0
35 0 100 0.0 0.0 0.0
36 3 61 32.9215577265747 682.3928350558612 22465.435111492498
37 1 14 1.0 27.799106543625292 27.799106543625292
38 0 9 0.0 9.0 0.0
39 0 6 0.0 6.0 0.0
40 8 148 459.67273235884244 32683.32902098925 15023635.15366118
41 1 12 1.0 22.891970023971037 22.891970023971037
42 0 100 0.0 0.0 0.0
43 1 15 1.0 30.323695983612147 30.323695983612147
44 3 56 32.9215577265747 595.765723501293 19613.535657762357
45 0 100 0.0 0.0 0.0
46 2 22 9.541850352986048 86.31942417916456 823.6470280735138
47 0 11 0.0 11.0 0.0
48 0 100 0.0 0.0 0.0
49 1 22 1.0 49.12998068819353 49.12998068819353
50 0 8 0.0 8.0 0.0
51 0 100 0.0 0.0 0.0
52 16 375 1979.1134619514044 4154886.9585269336 8222992712.506981
53 1 7 1.0 11.607984241186918 11.607984241186918
54 0 100 0.0 0.0 0.0
55 1 12 1.0 22.891970023971037 22.891970023971037
56 0 100 0.0 0.0 0.0
57 0 8 0.0 8.0 0.0
58 10 207 766.6651705632711 141472.4708480404 108462015.99272029
59 0 5 0.0 5.0 0.0
60 0 100 0.0 0.0 0.0
61 3 33 32.9215577265747 257.33012181535685 8471.708460130769
62 0 100 0.0 0.0 0.0
63 0 100 0.0 0.0 0.0
64 0 100 0.0 0.0 0.0
65 0 100 0.0 0.0 0.0
66 0 11 0.0 11.0 0.0
67 0 100 0.0 0.0 0.0
68 1 105 1.0 7.59708563275366 7.59708563275366
69 0 100 0.0 0.0 0.0
70 0 17 0.0 17.0 0.0
71 0 5 0.0 5.0 0.0
72 2 23 9.541850352986048 92.0346545141889 878.1809006631623
73 1 102 1.0 2.3948263510722025 2.3948263510722025
74 3 23 32.9215577265747 145.08021796711313 4776.266770788355
75 0 100 0.0 0.0 0.0
76 0 100 0.0 0.0 0.0
77 2 29 9.541850352986048 128.5709592386038 1226.8048527946264
78 0 6 0.0 6.0 0.0
79 2 10 9.541850352986048 27.685321443873434 264.16919419175593
80 13 339 1331.5823725933528 1253548.753707869 1669203423.6237648
81 1 108 1.0 13.734791927877684 13.734791927877684
82 1 15 1.0 30.323695983612147 30.323695983612147
83 13 187 1331.5823725933528 298855.6518209848 397950917.9147199
84 0 100 0.0 0.0 0.0
85 0 100 0.0 0.0 0.0
86 0 100 0.0 0.0 0.0
87 1 15 1.0 30.323695983612147 30.323695983612147
88 0 100 0.0 0.0 0.0
89 2 43 9.541850352986048 226.91812071099523 2165.21875020514
90 0 100 0.0 0.0 0.0
91 1 9 1.0 15.931997307697284 15.931997307697284
92 2 51 9.541850352986048 290.23003402420613 2769.3315526010238
93 0 11 0.0 11.0 0.0
94 1 16 1.0 32.892441635375256 32.892441635375256
95 0 100 0.0 0.0 0.0
96 0 11 0.0 11.0 0.0
97 0 100 0.0 0.0 0.0
98 1 13 1.0 25.320989780782124 25.320989780782124
99 0 5 0.0 5.0 0.0
100 0 100 0.0 0.0 0.0
101 5 79 139.6884681067044 2806.8374672292675 392082.8260217585
102 2 46 9.541850352986048 250.0988923255542 2386.406204018009
103 17 323 2206.0678959513543 3766785.7321373452 8309785074.595815
104 4 138 75.61186198841948 4561.858041658262 344930.580656626
105 5 101 139.6884681067044 4386.2526434047795 612708.9124861964
106 10 154 766.6651705632711 73282.88036813155 56183431.976801366
107 18 326 2436.3877014920204 5084801.312382443 12388547382.019068
108 1 105 1.0 7.59708563275366 7.59708563275366
109 16 287 1979.1134619514044 2088846.2416839032 4134063716.8632092
110 4 49 75.61186198841948 776.5950928818146 58719.80098386357
111 15 316 1756.7778603087352 1989833.5407413477 3495695510.074139
112 6 198 225.58275470837765 6442.856405219488 1453397.2960799276
113 9 105 604.9491004987461 22621.44489281392 13684822.739889735
114 12 245 1131.8354418063404 414695.27672990534 469366811.752595
115 3 144 32.9215577265747 406.27351121486885 13375.156852238497
116 0 100 0.0 0.0 0.0
117 2 22 9.541850352986048 86.31942417916456 823.6470280735138
118 11 158 942.9223974109915 108060.79638064733 101892945.18938097
119 11 226 942.9223974109915 245223.9691790364 231227172.92093608
120 1 108 1.0 13.734791927877684 13.734791927877684
121 0 100 0.0 0.0 0.0
122 13 302 1331.5823725933528 948788.7983793092 1263390439.2359169
123 17 278 2206.0678959513543 2542197.9604708296 5608261305.747707
124 0 100 0.0 0.0 0.0
125 4 87 75.61186198841948 2072.675291085697 156718.8380563789
126 1 11 1.0 20.51504931294799 20.51504931294799
127 16 358 1979.1134619514044 3687673.0641900375 7298323404.614089
128 9 126 604.9491004987461 33505.118966499955 20268891.580887627
129 0 100 0.0 0.0 0.0
130 19 346 2668.9360872348193 7800328.493780204 20818578209.33601
131 0 100 0.0 0.0 0.0
132 7 68 332.66880679862265 4624.0 1538260.562636831
133 4 43 75.61186198841948 621.143248020611 46965.797544373054
134 0 100 0.0 0.0 0.0
135 0 100 0.0 0.0 0.0
136 1 36 1.0 91.37308344663872 91.37308344663872
137 1 104 1.0 5.735193251789799 5.735193251789799
138 11 217 942.9223974109915 223438.22310636984 210684905.00471026
139 5 87 139.6884681067044 3344.5706484424895 467197.95035557833
140 9 208 604.9491004987461 98654.30979932014 59680835.973423354
141 13 284 1331.5823725933528 818175.0257686881 1089467442.0096972
142 0 100 0.0 0.0 0.0
143 0 100 0.0 0.0 0.0
144 14 148 1540.4353185285338 225074.16465207413 346712192.5183615
145 0 100 0.0 0.0 0.0
146 0 100 0.0 0.0 0.0
147 8 132 459.67273235884244 25761.522721704056 11841869.539210107
148 1 103 1.0 3.9914906122521803 3.9914906122521803
149 20 336 2902.6872563902634 9332081.224172609 27088113245.00468
150 4 108 75.61186198841948 2999.8926316694174 226827.4676458645
151 9 209 604.9491004987461 24518.97583158066 14832732.374465218
152 1 101 1.0 1.0 1.0
153 6 117 225.58275470837765 9042.681338614557 2039872.9663147116
154 7 178 332.66880679862265 6084.0 2023957.0205628201
155 17 223 2206.0678959513543 1426591.9229522045 3147158641.8483663
156 12 133 1131.8354418063404 98602.0705884187 111601318.12746285
157 5 100 139.6884681067044 4307.65770069211 601730.1053377293
158 20 409 2902.6872563902634 16052644.075457212 46595805389.19831
159 0 100 0.0 0.0 0.0
160 12 216 1131.8354418063404 308377.0730000903 349032100.66200334
161 9 194 604.9491004987461 84902.29129124073 51361564.74691861
162 10 215 766.6651705632711 153920.58217438465 118005549.3859226
163 2 71 9.541850352986048 467.7098949010499 4462.817825756651
164 14 219 1540.4353185285338 591604.5906490331 911328606.0393862
165 9 170 604.9491004987461 63878.767860182066 38643403.15798535
166 5 78 139.6884681067044 2742.610069160227 383110.9991750147
167 0 100 0.0 0.0 0.0
168 3 60 32.9215577265747 664.7206420100937 21883.638987981092
169 8 106 459.67273235884244 16323.225002619285 7503341.43786218
170 12 236 1131.8354418063404 379760.94856701704 429826901.00214463
171 17 258 2206.0678959513543 2090410.5594410263 4611587624.540559
172 5 70 139.6884681067044 2253.023098877021 314721.345291151
173 11 252 942.9223974109915 314655.11951385817 296695359.6496492
174 0 100 0.0 0.0 0.0
175 7 116 332.66880679862265 13456.0 4476391.464282267
176 0 100 0.0 0.0 0.0
177 17 256 2206.0678959513543 2048208.5007801168 4518487017.78567
178 3 100 32.9215577265747 1495.5540179272011 49235.96793440108
179 6 214 225.58275470837765 8604.337363813209 1940990.124969204
180 0 6 0.0 6.0 0.0
181 1 7 1.0 11.607984241186918 11.607984241186918
182 12 184 1131.8354418063404 211516.7226194178 239402123.1953779
183 14 299 1540.4353185285338 1275058.6936311622 1964145444.8662956
184 16 316 1979.1134619514044 2675465.6404784503 5295050066.059338
185 7 165 332.66880679862265 27225.0 9056908.265092501
186 10 150 766.6651705632711 69116.80200881512 52989444.80087609
187 9 135 604.9491004987461 38874.51396153533 23517102.253356747
188 13 234 1331.5823725933528 513035.32671345456 683148797.5693078
189 16 272 1979.1134619514044 1819542.5002071268 3601081056.7526407
190 22 357 3370.209833397988 18173929.973126985 61249957506.919
191 7 133 332.66880679862265 17689.0 5884578.523460836
192 13 277 1331.5823725933528 770413.209898135 1025868649.9134194
193 14 229 1540.4353185285338 660472.5308888281 1017415213.4990788
194 21 367 3136.7198300107975 15356603.885005329 48169363927.71707
195 12 268 1131.8354418063404 512103.2920042958 579616655.7561635
196 2 38 9.541850352986048 189.8638195218893 1811.6521533242187
197 10 276 766.6651705632711 98622.37714481588 75610341.59508552
198 9 143 604.9491004987461 44007.90838050506 26622544.58961777
199 23 364 3602.4235623004615 24405895.093416456 87920371543.55667
