0 10 171 766.6651705632711 92499.39491944655 70916064.38291687
1 2 47 9.541850352986048 257.9778488812911 2461.586028410529
2 0 100 0.0 0.0 0.0
3 0 100 0.0 0.0 0.0
4 1 11 1.0 20.51504931294799 20.51504931294799
5 0 100 0.0 0.0 0.0
6 1 14 1.0 27.799106543625292 27.799106543625292
7 0 100 0.0 0.0 0.0
8 2 128 9.541850352986048 122.22584512913716 1166.2607234894754
9 2 9 9.541850352986048 23.78240930402918 226.9281906125095
10 0 100 0.0 0.0 0.0
11 1 101 1.0 1.0 1.0
12 1 11 1.0 20.51504931294799 20.51504931294799
13 0 100 0.0 0.0 0.0
14 0 100 0.0 0.0 0.0
15 0 6 0.0 6.0 0.0
16 1 13 1.0 25.320989780782124 25.320989780782124
17 0 100 0.0 0.0 0.0
18 1 11 1.0 20.51504931294799 20.51504931294799
19 0 100 0.0 0.0 0.0
20 0 100 0.0 0.0 0.0
21 0 100 0.0 0.0 0.0
22 0 100 0.0 0.0 0.0
23 0 100 0.0 0.0 0.0
24 0 100 0.0 0.0 0.0
25 0 6 0.0 6.0 0.0
26 1 102 1.0 2.3948263510722025 2.3948263510722025
27 1 45 1.0 121.03674784737703 121.03674784737703
28 0 100 0.0 0.0 0.0
29 19 291 2668.9360872348193 4875672.594734736 13012858537.629364
30 5 161 139.6884681067044 1754.5251914699081 245086.93625105367
31 10 150 766.6651705632711 69116.80200881512 52989444.80087609
32 0 100 0.0 0.0 0.0
33 0 8 0.0 8.0 0.0
34 14 182 1540.4353185285338 374813.6044445423 577376114.1513565
35 0 100 0.0 0.0 0.0
36 0 100 0.0 0.0 0.0
37 2 11 9.541850352986048 31.76494829034237 303.0963830567869
38 0 100 0.0 0.0 0.0
39 4 59 75.61186198841948 1066.8769814059906 80668.55507669134
40 1 25 1.0 57.71571011139208 57.71571011139208
41 18 360 2436.3877014920204 6625853.170980919 16143147177.669817
42 1 105 1.0 7.59708563275366 7.59708563275366
43 0 100 0.0 0.0 0.0
44 0 100 0.0 0.0 0.0
45 1 24 1.0 54.8222930413608 54.8222930413608
46 0 100 0.0 0.0 0.0
47 0 100 0.0 0.0 0.0
48 6 119 225.58275470837765 9340.680210924138 2107096.372830297
49 3 58 32.9215577265747 629.8939717412368 20737.090752300537
50 0 100 0.0 0.0 0.0
51 8 199 459.67273235884244 60507.20551762382 27813512.487684168
52 0 100 0.0 0.0 0.0
53 13 179 1331.5823725933528 268965.33153854305 358149494.3154509
54 0 100 0.0 0.0 0.0
55 1 26 1.0 60.63937356224698 60.63937356224698
56 0 100 0.0 0.0 0.0
57 0 100 0.0 0.0 0.0
58 4 65 75.61186198841948 1259.0362466163215 95198.07491757096
59 14 321 1540.4353185285338 1519053.169838532 2340003153.5419984
60 0 100 0.0 0.0 0.0
61 0 100 0.0 0.0 0.0
62 0 5 0.0 5.0 0.0
63 0 100 0.0 0.0 0.0
64 6 160 225.58275470837765 2520.4667612931225 568573.8351634055
65 0 100 0.0 0.0 0.0
66 9 168 604.9491004987461 62270.66628220907 37670583.55487998
67 3 39 32.9215577265747 335.47304520277595 11044.29522335299
68 0 5 0.0 5.0 0.0
69 0 100 0.0 0.0 0.0
70 2 13 9.541850352986048 40.41888428935346 385.6709453236695
71 0 100 0.0 0.0 0.0
72 1 106 1.0 9.55892689827884 9.55892689827884
73 0 100 0.0 0.0 0.0
74 2 37 9.541850352986048 182.69988024795316 1743.2949168344405
75 0 7 0.0 7.0 0.0
76 1 12 1.0 22.891970023971037 22.891970023971037
77 14 261 1540.4353185285338 911901.6436791396 1404725498.947569
78 1 18 1.0 38.15436697768484 38.15436697768484
79 1 107 1.0 11.607984241186918 11.607984241186918
80 7 151 332.66880679862265 22801.0 7585181.463815395
81 1 9 1.0 15.931997307697284 15.931997307697284
82 0 100 0.0 0.0 0.0
83 0 5 0.0 5.0 0.0
84 0 100 0.0 0.0 0.0
85 1 29 1.0 69.58346013935528 69.58346013935528
86 1 12 1.0 22.891970023971037 22.891970023971037
87 1 18 1.0 38.15436697768484 38.15436697768484
88 1 14 1.0 27.799106543625292 27.799106543625292
89 2 108 9.541850352986048 20.066939702021244 191.47573567908114
90 15 252 1756.7778603087352 1124993.9350205557 1976364438.025716
91 0 100 0.0 0.0 0.0
92 2 12 9.541850352986048 36.01211998010309 343.62225974392254
93 0 100 0.0 0.0 0.0
94 0 100 0.0 0.0 0.0
95 3 29 32.9215577265747 209.61005902119368 6900.689658136957
96 1 8 1.0 13.734791927877684 13.734791927877684
97 0 11 0.0 11.0 0.0
98 0 6 0.0 6.0 0.0
99 0 100 0.0 0.0 0.0
100 0 100 0.0 0.0 0.0
101 17 247 2206.0678959513543 1864833.014467065 4113948244.5259795
102 2 103 9.541850352986048 799.8593436446243 7632.138160494647
103 12 242 1131.8354418063404 402854.0732554629 455964517.9865807
104 8 121 459.67273235884244 21496.519829988905 9881364.00645704
105 13 195 1331.5823725933528 330604.83694571455 440227573.1710131
106 14 202 1540.4353185285338 484713.7982849717 746670254.2562858
107 14 252 1540.4353185285338 836301.7565706861 1288268762.768937
108 8 152 459.67273235884244 34547.573678850335 15880577.58932556
109 2 23 9.541850352986048 92.0346545141889 878.1809006631623
110 1 25 1.0 57.71571011139208 57.71571011139208
111 1 11 1.0 20.51504931294799 20.51504931294799
112 4 53 75.61186198841948 888.1171619831025 67152.19228141312
113 0 100 0.0 0.0 0.0
114 1 102 1.0 2.3948263510722025 2.3948263510722025
115 16 263 1979.1134619514044 1668736.119595552 3302618118.736106
116 6 96 225.58275470837765 6193.675591281851 1397186.4016513997
117 8 159 459.67273235884244 37939.40769100099 17439711.197398506
118 1 105 1.0 7.59708563275366 7.59708563275366
119 0 100 0.0 0.0 0.0
120 19 222 2668.9360872348193 2338739.4886579765 6241946219.920382
121 0 100 0.0 0.0 0.0
122 7 169 332.66880679862265 28561.0 9501353.79097546
123 17 256 2206.0678959513543 2048208.5007801168 4518487017.78567
124 15 237 1756.7778603087352 963808.7365263248 1693197849.9015822
125 0 6 0.0 6.0 0.0
126 6 159 225.58275470837765 2440.720411610211 550584.4339239968
127 10 195 766.6651705632711 123877.20055911093 94972335.09555133
128 2 51 9.541850352986048 290.23003402420613 2769.3315526010238
129 0 100 0.0 0.0 0.0
130 4 41 75.61186198841948 572.5607883495287 43292.38730866522
131 9 148 604.9491004987461 47390.045546024034 28668565.42566185
132 0 100 0.0 0.0 0.0
133 0 100 0.0 0.0 0.0
134 0 100 0.0 0.0 0.0
135 0 100 0.0 0.0 0.0
136 0 100 0.0 0.0 0.0
137 6 89 225.58275470837765 5358.570280584671 1208801.0451927343
138 1 102 1.0 2.3948263510722025 2.3948263510722025
139 2 45 9.541850352986048 242.29532664846576 2311.945748107533
140 0 100 0.0 0.0 0.0
141 3 40 32.9215577265747 349.23013798641597 11497.20014757944
142 16 314 1979.1134619514044 2632141.5282824785 5209306732.385197
143 3 68 32.9215577265747 810.8239638778247 26693.587932893923
144 0 100 0.0 0.0 0.0
145 0 100 0.0 0.0 0.0
146 3 39 32.9215577265747 335.47304520277595 11044.29522335299
147 10 149 766.6651705632711 68096.21827794517 52206998.800774574
148 0 100 0.0 0.0 0.0
149 19 303 2668.9360872348193 5440910.541569818 14521442491.81203
150 4 102 75.61186198841948 2720.557944067154 205706.4517983039
151 2 7 9.541850352986048 16.551687764173284 157.9337277350917
152 19 369 2668.9360872348193 9289270.093900293 24792468177.68167
153 0 100 0.0 0.0 0.0
154 13 218 1331.5823725933528 432526.60679837584 575944805.2903335
155 0 100 0.0 0.0 0.0
156 2 19 9.541850352986048 69.8685662777562 666.6754038000371
157 14 271 1540.4353185285338 1000502.6462075082 1541209612.4993038
158 13 135 1331.5823725933528 136272.25803487148 181457736.67272776
159 16 282 1979.1134619514044 1996551.0755601001 3951401111.1145496
160 10 132 766.6651705632711 52013.27544633191 39876766.69161645
161 0 100 0.0 0.0 0.0
162 15 320 1756.7778603087352 2053914.5981636269 3608271693.018772
163 1 20 1.0 43.57075425423803 43.57075425423803
164 0 100 0.0 0.0 0.0
165 5 84 139.6884681067044 3137.9608221632784 438336.940226843
166 0 100 0.0 0.0 0.0
167 2 25 9.541850352986048 103.79546451213633 990.4007896934788
168 2 43 9.541850352986048 226.91812071099523 2165.21875020514
169 11 228 942.9223974109915 250220.68273777683 235938686.04891962
170 15 328 1756.7778603087352 2185771.8532773918 3839915599.523715
171 4 147 75.61186198841948 723.181183304868 54681.07582466957
172 1 31 1.0 75.68293941204132 75.68293941204132
173 15 249 1756.7778603087352 1091550.9056324547 1917612464.4150457
174 12 256 1131.8354418063404 459809.7402582212 520428960.51202244
175 2 17 9.541850352986048 59.51335422080222 567.8675199791454
176 24 439 3832.71054120725 53286001.146122046 204229818291.5236
177 15 301 1756.7778603087352 1760338.5619455897 3092523812.273729
178 15 247 1756.7778603087352 1069592.9085283494 1879037141.2458303
179 10 206 766.6651705632711 139957.00179851436 107300158.65538205
180 4 162 75.61186198841948 1161.3060165688764 87808.51025112707
181 1 37 1.0 94.5824071263594 94.5824071263594
182 1 21 1.0 46.33316012586883 46.33316012586883
183 5 51 139.6884681067044 1267.2460047423704 177019.65311680315
184 13 321 1331.5823725933528 1099091.157773447 1463530411.5643415
185 1 33 1.0 81.88562674252243 81.88562674252243
186 10 199 766.6651705632711 129599.54388675165 99359456.41885859
187 2 12 9.541850352986048 36.01211998010309 343.62225974392254
188 3 45 32.9215577265747 421.0282951259743 13860.907322511091
189 5 65 139.6884681067044 1969.1653870843556 275069.6963705592
190 2 40 9.541850352986048 204.4421003683832 1950.7559275652661
191 13 244 1331.5823725933528 567478.1203018626 755643861.8263704
192 6 82 225.58275470837765 4581.357643139669 1033475.277443727
193 4 61 75.61186198841948 1129.4605717070829 85400.6168692773
194 4 69 75.61186198841948 1394.4010936602072 105433.26305033677
195 16 239 1979.1134619514044 1304760.3121149486 2582268698.326611
196 14 314 1540.4353185285338 1438659.5959622187 2216162052.960192
197 13 220 1331.5823725933528 442152.3154039866 588762229.193285
198 11 258 942.9223974109915 332070.923593502 313117111.38526714
199 14 276 1540.4353185285338 1046645.1143396281 1612289100.0940988
