0 1 104 1.0 5.735193251789799 5.735193251789799
1 0 6 0.0 6.0 0.0
2 3 130 32.9215577265747 221.1993434691573 7282.2269551002855
3 0 100 0.0 0.0 0.0
4 0 100 0.0 0.0 0.0
5 0 100 0.0 0.0 0.0
6 1 17 1.0 35.503281577765854 35.503281577765854
7 0 100 0.0 0.0 0.0
8 0 100 0.0 0.0 0.0
9 0 100 0.0 0.0 0.0
10 0 100 0.0 0.0 0.0
11 0 6 0.0 6.0 0.0
12 1 12 1.0 22.891970023971037 22.891970023971037
13 0 100 0.0 0.0 0.0
14 2 34 9.541850352986048 161.72412498062124 1543.1473990327004
15 0 100 0.0 0.0 0.0
16 0 6 0.0 6.0 0.0
17 5 112 139.6884681067044 5292.687692718977 739327.4359631217
18 0 100 0.0 0.0 0.0
19 0 6 0.0 6.0 0.0
20 1 102 1.0 2.3948263510722025 2.3948263510722025
21 0 100 0.0 0.0 0.0
22 0 100 0.0 0.0 0.0
23 1 18 1.0 38.15436697768484 38.15436697768484
24 0 100 0.0 0.0 0.0
25 4 34 75.61186198841948 415.7115691523703 31432.725793738326
26 1 8 1.0 13.734791927877684 13.734791927877684
27 0 8 0.0 8.0 0.0
28 1 20 1.0 43.57075425423803 43.57075425423803
29 1 28 1.0 66.57403288693754 66.57403288693754
30 1 100 1.0 0.0 0.0
31 1 15 1.0 30.323695983612147 30.323695983612147
32 0 100 0.0 0.0 0.0
33 0 100 0.0 0.0 0.0
34 0 11 0.0 11.0 0.0
35 1 7 1.0 11.607984241186918 11.607984241186918
36 12 144 1131.8354418063404 118859.14348227819 134528991.17598754
37 0 100 0.0 0.0 0.0
38 0 100 0.0 0.0 0.0
39 2 31 9.541850352986048 141.5519192260369 1350.6672304328126
40 0 6 0.0 6.0 0.0
41 0 100 0.0 0.0 0.0
42 0 6 0.0 6.0 0.0
43 0 11 0.0 11.0 0.0
44 0 100 0.0 0.0 0.0
45 0 100 0.0 0.0 0.0
46 0 11 0.0 11.0 0.0
47 0 100 0.0 0.0 0.0
48 0 100 0.0 0.0 0.0
49 0 100 0.0 0.0 0.0
50 1 10 1.0 18.1937008646705 18.1937008646705
51 0 100 0.0 0.0 0.0
52 0 100 0.0 0.0 0.0
53 0 100 0.0 0.0 0.0
54 0 100 0.0 0.0 0.0
55 0 6 0.0 6.0 0.0
56 0 100 0.0 0.0 0.0
57 1 103 1.0 3.9914906122521803 3.9914906122521803
58 0 100 0.0 0.0 0.0
59 1 8 1.0 13.734791927877684 13.734791927877684
60 0 100 0.0 0.0 0.0
61 4 30 75.61186198841948 335.61535000671915 25376.501525903146
62 3 21 32.9215577265747 125.57185196799401 4134.020973397207
63 2 19 9.541850352986048 69.8685662777562 666.6754038000371
64 4 37 75.61186198841948 480.38255499420245 36322.61944986597
65 0 100 0.0 0.0 0.0
66 0 100 0.0 0.0 0.0
67 0 100 0.0 0.0 0.0
68 0 100 0.0 0.0 0.0
69 2 21 9.541850352986048 80.71796600694597 770.1987524356932
70 2 141 9.541850352986048 211.85407612585806 2021.4798910630518
71 0 100 0.0 0.0 0.0
72 4 69 75.61186198841948 1394.4010936602072 105433.26305033677
73 1 12 1.0 22.891970023971037 22.891970023971037
74 2 20 9.541850352986048 75.23327232919837 717.8646261306569
75 3 14 32.9215577265747 65.97278979840442 2171.9270077313495
76 1 107 1.0 11.607984241186918 11.607984241186918
77 1 16 1.0 32.892441635375256 32.892441635375256
78 1 14 1.0 27.799106543625292 27.799106543625292
79 0 11 0.0 11.0 0.0
80 1 13 1.0 25.320989780782124 25.320989780782124
81 0 100 0.0 0.0 0.0
82 1 107 1.0 11.607984241186918 11.607984241186918
83 2 32 9.541850352986048 148.1842032776824 1413.95149235211
84 0 6 0.0 6.0 0.0
85 0 100 0.0 0.0 0.0
86 2 25 9.541850352986048 103.79546451213633 990.4007896934788
87 3 133 32.9215577265747 257.33012181535685 8471.708460130769
88 0 12 0.0 12.0 0.0
89 2 40 9.541850352986048 204.4421003683832 1950.7559275652661
90 0 100 0.0 0.0 0.0
91 3 16 32.9215577265747 81.54950460903234 2684.7367235598276
92 0 100 0.0 0.0 0.0
93 2 29 9.541850352986048 128.5709592386038 1226.8048527946264
94 0 100 0.0 0.0 0.0
95 2 14 9.541850352986048 44.97826169706515 429.17584225083993
96 1 16 1.0 32.892441635375256 32.892441635375256
97 0 10 0.0 10.0 0.0
98 3 83 32.9215577265747 1112.6192833663745 36629.15996504627
99 1 101 1.0 1.0 1.0
100 0 100 0.0 0.0 0.0
101 0 6 0.0 6.0 0.0
102 0 100 0.0 0.0 0.0
103 0 100 0.0 0.0 0.0
104 2 46 9.541850352986048 250.0988923255542 2386.406204018009
105 1 20 1.0 43.57075425423803 43.57075425423803
106 1 105 1.0 7.59708563275366 7.59708563275366
107 2 10 9.541850352986048 27.685321443873434 264.16919419175593
108 0 100 0.0 0.0 0.0
109 0 100 0.0 0.0 0.0
110 2 23 9.541850352986048 92.0346545141889 878.1809006631623
111 0 100 0.0 0.0 0.0
112 0 100 0.0 0.0 0.0
113 0 100 0.0 0.0 0.0
114 0 100 0.0 0.0 0.0
115 14 246 1540.4353185285338 788048.6512575328 1213937975.1158788
116 0 100 0.0 0.0 0.0
117 0 100 0.0 0.0 0.0
118 1 108 1.0 13.734791927877684 13.734791927877684
119 2 106 9.541850352986048 13.252209915340185 126.45060385853394
120 1 104 1.0 5.735193251789799 5.735193251789799
121 3 22 32.9215577265747 135.19579244279535 4450.856085295499
122 0 11 0.0 11.0 0.0
123 1 24 1.0 54.8222930413608 54.8222930413608
124 0 100 0.0 0.0 0.0
125 3 46 32.9215577265747 435.9769523615719 14353.040404627594
126 6 68 225.58275470837765 3202.3105181925803 722386.0281254946
127 0 100 0.0 0.0 0.0
128 2 25 9.541850352986048 103.79546451213633 990.4007896934788
129 2 19 9.541850352986048 69.8685662777562 666.6754038000371
130 2 115 9.541850352986048 49.68406405407534 474.0779041321602
131 2 15 9.541850352986048 49.68406405407534 474.0779041321602
132 1 16 1.0 32.892441635375256 32.892441635375256
133 5 70 139.6884681067044 2253.023098877021 314721.345291151
134 0 100 0.0 0.0 0.0
135 2 46 9.541850352986048 250.0988923255542 2386.406204018009
136 0 100 0.0 0.0 0.0
137 1 103 1.0 3.9914906122521803 3.9914906122521803
138 2 31 9.541850352986048 141.5519192260369 1350.6672304328126
139 1 10 1.0 18.1937008646705 18.1937008646705
140 0 100 0.0 0.0 0.0
141 7 111 332.66880679862265 12321.0 4098812.36856583
142 3 146 32.9215577265747 435.9769523615719 14353.040404627594
143 1 103 1.0 3.9914906122521803 3.9914906122521803
144 1 105 1.0 7.59708563275366 7.59708563275366
145 1 17 1.0 35.503281577765854 35.503281577765854
146 1 105 1.0 7.59708563275366 7.59708563275366
147 1 20 1.0 43.57075425423803 43.57075425423803
148 13 243 1331.5823725933528 561888.9684414291 748201445.7312697
149 2 29 9.541850352986048 128.5709592386038 1226.8048527946264
150 1 7 1.0 11.607984241186918 11.607984241186918
151 0 5 0.0 5.0 0.0
152 2 25 9.541850352986048 103.79546451213633 990.4007896934788
153 1 105 1.0 7.59708563275366 7.59708563275366
154 4 35 75.61186198841948 436.83679879622173 33030.043742042886
155 3 37 32.9215577265747 308.57807572808247 10158.870933237406
156 0 100 0.0 0.0 0.0
157 1 107 1.0 11.607984241186918 11.607984241186918
158 0 11 0.0 11.0 0.0
159 1 10 1.0 18.1937008646705 18.1937008646705
160 1 26 1.0 60.63937356224698 60.63937356224698
161 5 81 139.6884681067044 2937.2940727723303 410306.1094044695
162 3 62 32.9215577265747 700.2360303580608 23052.86089566041
163 0 100 0.0 0.0 0.0
164 8 155 459.67273235884244 35981.02511980672 16539496.129893702
165 0 100 0.0 0.0 0.0
166 0 100 0.0 0.0 0.0
167 13 238 1331.5823725933528 534427.2179083251 711633862.8008324
168 0 100 0.0 0.0 0.0
169 4 176 75.61186198841948 1644.92462809159 124375.81396061354
170 0 100 0.0 0.0 0.0
171 1 105 1.0 7.59708563275366 7.59708563275366
172 3 79 32.9215577265747 1028.715399126087 33866.9133965458
173 11 180 942.9223974109915 145641.49049735971 137328623.38228056
174 15 263 1756.7778603087352 1252871.0515300073 2201016125.149641
175 1 107 1.0 11.607984241186918 11.607984241186918
176 2 18 9.541850352986048 64.62733255388774 616.6643359418604
177 10 183 766.6651705632711 107558.85724916201 82461629.63851932
178 4 83 75.61186198841948 1912.3940233356846 144599.67295993603
179 10 181 766.6651705632711 104962.02514306911 80470728.90897743
180 2 31 9.541850352986048 141.5519192260369 1350.6672304328126
181 13 199 1331.5823725933528 347186.6030127656 462307560.57236487
182 1 16 1.0 32.892441635375256 32.892441635375256
183 0 100 0.0 0.0 0.0
184 3 21 32.9215577265747 125.57185196799401 4134.020973397207
185 3 115 32.9215577265747 73.60859052492496 2423.3094621381165
186 0 100 0.0 0.0 0.0
187 0 100 0.0 0.0 0.0
188 8 107 459.67273235884244 16645.17504715694 7651333.094517854
189 10 141 766.6651705632711 60231.061452958435 46177057.00203924
190 8 57 459.67273235884244 4491.246405045097 2064503.5067039083
191 2 8 9.541850352986048 20.066939702021244 191.47573567908114
192 13 193 1331.5823725933528 322491.4965359615 429423992.0985367
193 4 51 75.61186198841948 831.5797944458234 62877.296649995835
194 0 100 0.0 0.0 0.0
195 1 31 1.0 75.68293941204132 75.68293941204132
196 3 61 32.9215577265747 682.3928350558612 22465.435111492498
197 1 11 1.0 20.51504931294799 20.51504931294799
198 2 45 9.541850352986048 242.29532664846576 2311.945748107533
199 6 72 225.58275470837765 3572.3109038912485 805851.7343745624
