0 0 100 0.0 0.0 0.0
1 0 100 0.0 0.0 0.0
2 0 100 0.0 0.0 0.0
3 0 100 0.0 0.0 0.0
4 0 10 0.0 10.0 0.0
5 5 37 139.6884681067044 707.3130102314473 98803.4708711726
6 0 100 0.0 0.0 0.0
7 0 100 0.0 0.0 0.0
8 0 100 0.0 0.0 0.0
9 1 102 1.0 2.3948263510722025 2.3948263510722025
10 2 10 9.541850352986048 27.685321443873434 264.16919419175593
11 0 100 0.0 0.0 0.0
12 1 104 1.0 5.735193251789799 5.735193251789799
13 0 100 0.0 0.0 0.0
14 1 101 1.0 1.0 1.0
15 0 100 0.0 0.0 0.0
16 1 8 1.0 13.734791927877684 13.734791927877684
17 0 100 0.0 0.0 0.0
18 0 100 0.0 0.0 0.0
19 0 6 0.0 6.0 0.0
20 0 100 0.0 0.0 0.0
21 0 6 0.0 6.0 0.0
22 2 6 9.541850352986048 13.252209915340185 126.45060385853394
23 0 6 0.0 6.0 0.0
24 1 12 1.0 22.891970023971037 22.891970023971037
25 0 17 0.0 17.0 0.0
26 0 6 0.0 6.0 0.0
27 2 35 9.541850352986048 168.62869283493262 1609.0297522505775
28 1 107 1.0 11.607984241186918 11.607984241186918
29 0 100 0.0 0.0 0.0
30 1 102 1.0 2.3948263510722025 2.3948263510722025
31 3 40 32.9215577265747 349.23013798641597 11497.20014757944
32 0 100 0.0 0.0 0.0
33 0 11 0.0 11.0 0.0
34 0 100 0.0 0.0 0.0
35 0 100 0.0 0.0 0.0
36 0 100 0.0 0.0 0.0
37 1 12 1.0 22.891970023971037 22.891970023971037
38 0 10 0.0 10.0 0.0
39 0 11 0.0 11.0 0.0
40 0 100 0.0 0.0 0.0
41 0 100 0.0 0.0 0.0
42 12 218 1131.8354418063404 315132.98931001755 356678686.1834565
43 4 33 75.61186198841948 395.0229353848392 29868.419672578806
44 2 53 9.541850352986048 306.7864203576611 2927.3101133810746
45 0 100 0.0 0.0 0.0
46 0 100 0.0 0.0 0.0
47 0 100 0.0 0.0 0.0
48 0 100 0.0 0.0 0.0
49 0 5 0.0 5.0 0.0
50 1 11 1.0 20.51504931294799 20.51504931294799
51 0 6 0.0 6.0 0.0
52 0 100 0.0 0.0 0.0
53 0 100 0.0 0.0 0.0
54 0 100 0.0 0.0 0.0
55 0 100 0.0 0.0 0.0
56 10 167 766.6651705632711 87756.07261047284 67279524.37587096
57 0 100 0.0 0.0 0.0
58 0 100 0.0 0.0 0.0
59 0 6 0.0 6.0 0.0
60 10 164 766.6651705632711 84288.55756198421 64621101.35979072
61 0 100 0.0 0.0 0.0
62 0 100 0.0 0.0 0.0
63 0 6 0.0 6.0 0.0
64 7 171 332.66880679862265 5041.0 1676983.4550718567
65 0 100 0.0 0.0 0.0
66 0 100 0.0 0.0 0.0
67 2 19 9.541850352986048 69.8685662777562 666.6754038000371
68 0 100 0.0 0.0 0.0
69 0 100 0.0 0.0 0.0
70 0 100 0.0 0.0 0.0
71 0 100 0.0 0.0 0.0
72 0 100 0.0 0.0 0.0
73 6 188 225.58275470837765 5243.986173197856 1182952.846602616
74 0 100 0.0 0.0 0.0
75 13 201 1331.5823725933528 355656.01713656815 473585283.12581354
76 2 42 9.541850352986048 219.34644070399202 2092.9709126576195
77 0 10 0.0 10.0 0.0
78 0 100 0.0 0.0 0.0
79 0 7 0.0 7.0 0.0
80 0 100 0.0 0.0 0.0
81 0 100 0.0 0.0 0.0
82 2 25 9.541850352986048 103.79546451213633 990.4007896934788
83 2 10 9.541850352986048 27.685321443873434 264.16919419175593
84 0 100 0.0 0.0 0.0
85 2 47 9.541850352986048 257.9778488812911 2461.586028410529
86 0 6 0.0 6.0 0.0
87 0 100 0.0 0.0 0.0
88 0 11 0.0 11.0 0.0
89 2 13 9.541850352986048 40.41888428935346 385.6709453236695
90 0 100 0.0 0.0 0.0
91 0 100 0.0 0.0 0.0
92 1 6 1.0 9.55892689827884 9.55892689827884
93 0 100 0.0 0.0 0.0
94 1 23 1.0 51.960050539976365 51.960050539976365
95 1 101 1.0 1.0 1.0
96 0 100 0.0 0.0 0.0
97 3 34 32.9215577265747 269.81820202916316 8882.83551378369
98 0 100 0.0 0.0 0.0
99 0 6 0.0 6.0 0.0
100 0 100 0.0 0.0 0.0
101 0 100 0.0 0.0 0.0
102 0 100 0.0 0.0 0.0
103 0 100 0.0 0.0 0.0
104 5 110 139.6884681067044 5122.201821660722 715512.5258011569
105 0 6 0.0 6.0 0.0
106 0 100 0.0 0.0 0.0
107 2 28 9.541850352986048 122.22584512913716 1166.2607234894754
108 0 100 0.0 0.0 0.0
109 14 195 1540.4353185285338 444335.496698253 684470092.3899076
110 1 14 1.0 27.799106543625292 27.799106543625292
111 1 11 1.0 20.51504931294799 20.51504931294799
112 1 16 1.0 32.892441635375256 32.892441635375256
113 1 10 1.0 18.1937008646705 18.1937008646705
114 1 13 1.0 25.320989780782124 25.320989780782124
115 0 100 0.0 0.0 0.0
116 8 122 459.67273235884244 21867.711360392437 10051990.63146609
117 0 100 0.0 0.0 0.0
118 3 35 32.9215577265747 282.5239294230334 9301.12785163911
119 1 11 1.0 20.51504931294799 20.51504931294799
120 2 118 9.541850352986048 64.62733255388774 616.6643359418604
121 5 46 139.6884681067044 1050.58572833688 146754.71100614508
122 1 104 1.0 5.735193251789799 5.735193251789799
123 4 47 75.61186198841948 723.181183304868 54681.07582466957
124 0 100 0.0 0.0 0.0
125 1 24 1.0 54.8222930413608 54.8222930413608
126 4 66 75.61186198841948 1292.338741426653 97716.13855903981
127 0 100 0.0 0.0 0.0
128 12 203 1131.8354418063404 266498.93371917546 301632938.3869616
129 0 100 0.0 0.0 0.0
130 0 100 0.0 0.0 0.0
131 4 65 75.61186198841948 1259.0362466163215 95198.07491757096
132 3 65 32.9215577265747 754.7803226662346 24848.54396353912
133 0 100 0.0 0.0 0.0
134 0 100 0.0 0.0 0.0
135 0 100 0.0 0.0 0.0
136 0 100 0.0 0.0 0.0
137 3 57 32.9215577265747 612.7419199112477 20172.41848785035
138 12 134 1131.8354418063404 100354.1407571716 113584373.24098898
139 2 16 9.541850352986048 54.53075711894446 520.3243240639966
140 1 14 1.0 27.799106543625292 27.799106543625292
141 0 100 0.0 0.0 0.0
142 1 29 1.0 69.58346013935528 69.58346013935528
143 0 100 0.0 0.0 0.0
144 0 100 0.0 0.0 0.0
145 3 48 32.9215577265747 466.4489382157433 15356.225645969067
146 0 100 0.0 0.0 0.0
147 3 122 32.9215577265747 135.19579244279535 4450.856085295499
148 1 104 1.0 5.735193251789799 5.735193251789799
149 11 138 942.9223974109915 79268.40782369916 74743957.1440746
150 3 83 32.9215577265747 1112.6192833663745 36629.15996504627
151 12 163 1131.8354418063404 159071.89323840395 180043206.56245995
152 0 100 0.0 0.0 0.0
153 1 11 1.0 20.51504931294799 20.51504931294799
154 0 100 0.0 0.0 0.0
155 3 17 32.9215577265747 89.78750677036001 2955.9445872656233
156 5 109 139.6884681067044 5037.901195841188 703736.7005199897
157 1 105 1.0 7.59708563275366 7.59708563275366
158 0 100 0.0 0.0 0.0
159 1 14 1.0 27.799106543625292 27.799106543625292
160 2 42 9.541850352986048 219.34644070399202 2092.9709126576195
161 4 151 75.61186198841948 831.5797944458234 62877.296649995835
162 2 45 9.541850352986048 242.29532664846576 2311.945748107533
163 0 100 0.0 0.0 0.0
164 1 106 1.0 9.55892689827884 9.55892689827884
165 11 227 942.9223974109915 247715.2302592055 233576238.79122585
166 1 16 1.0 32.892441635375256 32.892441635375256
167 0 100 0.0 0.0 0.0
168 9 203 604.9491004987461 93615.87722311099 56632840.71852205
169 0 100 0.0 0.0 0.0
170 1 11 1.0 20.51504931294799 20.51504931294799
171 1 105 1.0 7.59708563275366 7.59708563275366
172 5 47 139.6884681067044 1092.4547337912052 152603.328239211
173 5 47 139.6884681067044 1092.4547337912052 152603.328239211
174 0 100 0.0 0.0 0.0
175 7 73 332.66880679862265 5329.0 1772792.07142986
176 5 160 139.6884681067044 1702.6102917613564 237835.0234388529
177 0 100 0.0 0.0 0.0
178 1 105 1.0 7.59708563275366 7.59708563275366
179 4 169 75.61186198841948 1394.4010936602072 105433.26305033677
180 0 100 0.0 0.0 0.0
181 3 67 32.9215577265747 791.9778998728451 26073.146148835265
182 2 17 9.541850352986048 59.51335422080222 567.8675199791454
183 11 193 942.9223974109915 170851.97661382865 161100155.39111796
184 0 100 0.0 0.0 0.0
185 5 48 139.6884681067044 1135.058052192084 158554.52052289192
186 2 38 9.541850352986048 189.8638195218893 1811.6521533242187
187 3 23 32.9215577265747 145.08021796711313 4776.266770788355
188 0 100 0.0 0.0 0.0
189 5 52 139.6884681067044 1312.7590262571498 183377.29737111018
190 3 20 32.9215577265747 116.21344721391306 3825.92771105708
191 12 116 1131.8354418063404 71487.75873760521 80912378.99452247
192 1 106 1.0 9.55892689827884 9.55892689827884
193 1 19 1.0 40.84402933782601 40.84402933782601
194 2 21 9.541850352986048 80.71796600694597 770.1987524356932
195 10 144 766.6651705632711 63118.28799319142 48390593.029961765
196 9 147 604.9491004987461 46702.87865638875 28252864.433884464
197 11 182 942.9223974109915 149372.90046118762 140847053.41109642
198 2 41 9.541850352986048 211.85407612585806 2021.4798910630518
199 0 100 0.0 0.0 0.0
