0 2 33 9.541850352986048 154.90879557685506 1478.1165457556579
1 0 100 0.0 0.0 0.0
2 2 19 9.541850352986048 69.8685662777562 666.6754038000371
3 0 100 0.0 0.0 0.0
4 0 100 0.0 0.0 0.0
5 13 205 1331.5823725933528 372954.3568141739 496619447.3156456
6 0 5 0.0 5.0 0.0
7 0 10 0.0 10.0 0.0
8 0 100 0.0 0.0 0.0
9 3 39 32.9215577265747 335.47304520277595 11044.29522335299
10 0 100 0.0 0.0 0.0
11 1 108 1.0 13.734791927877684 13.734791927877684
12 0 10 0.0 10.0 0.0
13 0 100 0.0 0.0 0.0
14 0 13 0.0 13.0 0.0
15 1 103 1.0 3.9914906122521803 3.9914906122521803
16 1 105 1.0 7.59708563275366 7.59708563275366
17 2 124 9.541850352986048 97.86086952638261 933.7737724338355
18 0 100 0.0 0.0 0.0
19 3 132 32.9215577265747 245.06238675558936 8067.83551218631
20 1 12 1.0 22.891970023971037 22.891970023971037
21 7 78 332.66880679862265 6084.0 2023957.0205628201
22 2 34 9.541850352986048 161.72412498062124 1543.1473990327004
23 0 100 0.0 0.0 0.0
24 0 100 0.0 0.0 0.0
25 0 100 0.0 0.0 0.0
26 1 10 1.0 18.1937008646705 18.1937008646705
27 10 180 766.6651705632711 103676.69639096252 79485312.12201375
28 1 6 1.0 9.55892689827884 9.55892689827884
29 4 54 75.61186198841948 916.9626779842689 69333.25545627807
30 0 5 0.0 5.0 0.0
31 1 11 1.0 20.51504931294799 20.51504931294799
32 0 5 0.0 5.0 0.0
33 13 212 1331.5823725933528 404389.97349520394 538478560.3597068
34 0 100 0.0 0.0 0.0
35 3 23 32.9215577265747 145.08021796711313 4776.266770788355
36 0 100 0.0 0.0 0.0
37 0 5 0.0 5.0 0.0
38 13 209 1331.5823725933528 390735.2774924319 520296207.8592946
39 1 103 1.0 3.9914906122521803 3.9914906122521803
40 0 5 0.0 5.0 0.0
41 20 372 2902.6872563902634 12357569.546037748 35870159641.24019
42 1 6 1.0 9.55892689827884 9.55892689827884
43 0 100 0.0 0.0 0.0
44 0 100 0.0 0.0 0.0
45 6 115 225.58275470837765 8749.296958158795 1973690.5095830902
46 3 39 32.9215577265747 335.47304520277595 11044.29522335299
47 0 100 0.0 0.0 0.0
48 1 103 1.0 3.9914906122521803 3.9914906122521803
49 2 7 9.541850352986048 16.551687764173284 157.9337277350917
50 2 40 9.541850352986048 204.4421003683832 1950.7559275652661
51 0 6 0.0 6.0 0.0
52 0 100 0.0 0.0 0.0
53 0 100 0.0 0.0 0.0
54 16 224 1979.1134619514044 1104458.6554188346 2185848993.108163
55 1 15 1.0 30.323695983612147 30.323695983612147
56 1 14 1.0 27.799106543625292 27.799106543625292
57 0 6 0.0 6.0 0.0
58 0 100 0.0 0.0 0.0
59 0 6 0.0 6.0 0.0
60 0 100 0.0 0.0 0.0
61 0 100 0.0 0.0 0.0
62 1 12 1.0 22.891970023971037 22.891970023971037
63 1 8 1.0 13.734791927877684 13.734791927877684
64 1 33 1.0 81.88562674252243 81.88562674252243
65 0 5 0.0 5.0 0.0
66 0 100 0.0 0.0 0.0
67 1 24 1.0 54.8222930413608 54.8222930413608
68 9 193 604.9491004987461 83962.22765060987 50792874.093107395
69 1 17 1.0 35.503281577765854 35.503281577765854
70 0 100 0.0 0.0 0.0
71 0 100 0.0 0.0 0.0
72 1 24 1.0 54.8222930413608 54.8222930413608
73 1 23 1.0 51.960050539976365 51.960050539976365
74 0 100 0.0 0.0 0.0
75 0 100 0.0 0.0 0.0
76 0 100 0.0 0.0 0.0
77 1 107 1.0 11.607984241186918 11.607984241186918
78 15 293 1756.7778603087352 1644814.3427691713 2889573421.695143
79 0 100 0.0 0.0 0.0
80 4 111 75.61186198841948 3143.78687811244 237707.57954884192
81 6 79 225.58275470837765 4266.090224510861 962356.3846796412
82 1 16 1.0 32.892441635375256 32.892441635375256
83 1 29 1.0 69.58346013935528 69.58346013935528
84 0 100 0.0 0.0 0.0
85 0 100 0.0 0.0 0.0
86 1 16 1.0 32.892441635375256 32.892441635375256
87 0 100 0.0 0.0 0.0
88 1 14 1.0 27.799106543625292 27.799106543625292
89 0 100 0.0 0.0 0.0
90 1 123 1.0 51.960050539976365 51.960050539976365
91 13 176 1331.5823725933528 258228.9833600467 343853162.33494043
92 1 106 1.0 9.55892689827884 9.55892689827884
93 2 49 9.541850352986048 273.9583678426836 2614.069748903192
94 0 6 0.0 6.0 0.0
95 3 19 32.9215577265747 107.12598084817145 3526.754162509012
96 10 153 766.6651705632711 72228.7744823091 55375285.708055556
97 0 6 0.0 6.0 0.0
98 0 100 0.0 0.0 0.0
99 1 17 1.0 35.503281577765854 35.503281577765854
100 0 100 0.0 0.0 0.0
101 1 102 1.0 2.3948263510722025 2.3948263510722025
102 1 16 1.0 32.892441635375256 32.892441635375256
103 0 11 0.0 11.0 0.0
104 0 100 0.0 0.0 0.0
105 1 109 1.0 15.931997307697284 15.931997307697284
106 0 5 0.0 5.0 0.0
107 0 5 0.0 5.0 0.0
108 0 7 0.0 7.0 0.0
109 0 100 0.0 0.0 0.0
110 1 101 1.0 1.0 1.0
111 0 100 0.0 0.0 0.0
112 1 104 1.0 5.735193251789799 5.735193251789799
113 1 17 1.0 35.503281577765854 35.503281577765854
114 0 100 0.0 0.0 0.0
115 1 10 1.0 18.1937008646705 18.1937008646705
116 1 11 1.0 20.51504931294799 20.51504931294799
117 0 100 0.0 0.0 0.0
118 0 100 0.0 0.0 0.0
119 4 39 75.61186198841948 525.6324972119714 39744.05183581987
120 2 21 9.541850352986048 80.71796600694597 770.1987524356932
121 0 100 0.0 0.0 0.0
122 3 69 32.9215577265747 829.8335342600375 27319.412601589327
123 2 8 9.541850352986048 20.066939702021244 191.47573567908114
124 1 14 1.0 27.799106543625292 27.799106543625292
125 0 100 0.0 0.0 0.0
126 5 94 139.6884681067044 3849.5614363989175 537739.3399332094
127 11 211 942.9223974109915 209545.5587766108 197585200.6484677
128 2 16 9.541850352986048 54.53075711894446 520.3243240639966
129 1 105 1.0 7.59708563275366 7.59708563275366
130 0 100 0.0 0.0 0.0
131 2 37 9.541850352986048 182.69988024795316 1743.2949168344405
132 0 100 0.0 0.0 0.0
133 2 21 9.541850352986048 80.71796600694597 770.1987524356932
134 3 42 32.9215577265747 377.3528472077043 12423.04354263576
135 1 24 1.0 54.8222930413608 54.8222930413608
136 2 22 9.541850352986048 86.31942417916456 823.6470280735138
137 1 106 1.0 9.55892689827884 9.55892689827884
138 2 5 9.541850352986048 10.188005914414083 97.21242783067595
139 14 266 1540.4353185285338 955591.7047239607 1472027212.049679
140 1 6 1.0 9.55892689827884 9.55892689827884
141 1 18 1.0 38.15436697768484 38.15436697768484
142 1 20 1.0 43.57075425423803 43.57075425423803
143 0 100 0.0 0.0 0.0
144 2 10 9.541850352986048 27.685321443873434 264.16919419175593
145 1 104 1.0 5.735193251789799 5.735193251789799
146 11 221 942.9223974109915 232979.898453666 219681964.3985001
147 2 11 9.541850352986048 31.76494829034237 303.0963830567869
148 4 51 75.61186198841948 831.5797944458234 62877.296649995835
149 0 100 0.0 0.0 0.0
150 0 100 0.0 0.0 0.0
151 2 30 9.541850352986048 135.01359299654277 1288.2794999919763
152 0 7 0.0 7.0 0.0
153 1 11 1.0 20.51504931294799 20.51504931294799
154 1 104 1.0 5.735193251789799 5.735193251789799
155 1 105 1.0 7.59708563275366 7.59708563275366
156 11 215 942.9223974109915 218751.50513045487 206265693.6548713
157 3 123 32.9215577265747 145.08021796711313 4776.266770788355
158 17 323 2206.0678959513543 3766785.7321373452 8309785074.595815
159 0 100 0.0 0.0 0.0
160 4 162 75.61186198841948 1161.3060165688764 87808.51025112707
161 0 100 0.0 0.0 0.0
162 1 20 1.0 43.57075425423803 43.57075425423803
163 4 60 75.61186198841948 1097.9836363389938 83020.58717640696
164 4 59 75.61186198841948 1066.8769814059906 80668.55507669134
165 12 143 1131.8354418063404 116927.42578684344 132342604.62473002
166 1 104 1.0 5.735193251789799 5.735193251789799
167 3 35 32.9215577265747 282.5239294230334 9301.12785163911
168 9 172 604.9491004987461 65508.859210178634 39629525.45389657
169 1 17 1.0 35.503281577765854 35.503281577765854
170 0 100 0.0 0.0 0.0
171 2 113 9.541850352986048 40.41888428935346 385.6709453236695
172 0 100 0.0 0.0 0.0
173 2 29 9.541850352986048 128.5709592386038 1226.8048527946264
174 3 44 32.9215577265747 406.27351121486885 13375.156852238497
175 2 33 9.541850352986048 154.90879557685506 1478.1165457556579
176 1 22 1.0 49.12998068819353 49.12998068819353
177 1 8 1.0 13.734791927877684 13.734791927877684
178 11 177 942.9223974109915 140143.84535523065 132144770.64474933
179 1 22 1.0 49.12998068819353 49.12998068819353
180 0 100 0.0 0.0 0.0
181 1 17 1.0 35.503281577765854 35.503281577765854
182 1 19 1.0 40.84402933782601 40.84402933782601
183 1 102 1.0 2.3948263510722025 2.3948263510722025
184 1 16 1.0 32.892441635375256 32.892441635375256
185 4 94 75.61186198841948 2365.92606792603 178892.07532282695
186 3 26 32.9215577265747 176.25042831919396 5802.438650243859
187 2 8 9.541850352986048 20.066939702021244 191.47573567908114
188 2 36 9.541850352986048 175.6210676402407 1675.7499462548174
189 3 60 32.9215577265747 664.7206420100937 21883.638987981092
190 1 8 1.0 13.734791927877684 13.734791927877684
191 1 100 1.0 0.0 0.0
192 3 33 32.9215577265747 257.33012181535685 8471.708460130769
193 1 35 1.0 88.18685030395203 88.18685030395203
194 9 133 604.9491004987461 37644.33692394514 22772907.76101235
195 20 425 2902.6872563902634 17845378.511694934 51799552791.35753
196 16 241 1979.1134619514044 1333019.7077807642 2638197248.7154374
197 17 215 2206.0678959513543 1296337.3119897486 2859808126.304459
198 6 92 225.58275470837765 5709.4065807799225 1287943.6642424744
199 1 26 1.0 60.63937356224698 60.63937356224698
