0 0 100 0.0 0.0 0.0
1 0 100 0.0 0.0 0.0
2 7 108 332.66880679862265 11664.0 3880248.9624991347
3 1 16 1.0 32.892441635375256 32.892441635375256
4 12 197 1131.8354418063404 248346.49062615685 281087359.9389104
5 0 100 0.0 0.0 0.0
6 0 5 0.0 5.0 0.0
7 0 100 0.0 0.0 0.0
8 0 100 0.0 0.0 0.0
9 0 5 0.0 5.0 0.0
10 0 100 0.0 0.0 0.0
11 1 11 1.0 20.51504931294799 20.51504931294799
12 2 11 9.541850352986048 31.76494829034237 303.0963830567869
13 5 56 139.6884681067044 1501.9949206988383 209811.36957647165
14 0 100 0.0 0.0 0.0
15 9 121 604.9491004987461 30706.127839836652 18575644.41650869
16 1 22 1.0 49.12998068819353 49.12998068819353
17 0 5 0.0 5.0 0.0
18 0 6 0.0 6.0 0.0
19 0 100 0.0 0.0 0.0
20 1 12 1.0 22.891970023971037 22.891970023971037
21 11 192 942.9223974109915 168832.0419378618 159195513.7438417
22 8 112 459.67273235884244 18303.96846388381 8413835.196803555
23 0 100 0.0 0.0 0.0
24 0 8 0.0 8.0 0.0
25 0 10 0.0 10.0 0.0
26 0 100 0.0 0.0 0.0
27 0 100 0.0 0.0 0.0
28 1 27 1.0 63.59241768810072 63.59241768810072
29 1 5 1.0 7.59708563275366 7.59708563275366
30 3 22 32.9215577265747 135.19579244279535 4450.856085295499
31 0 100 0.0 0.0 0.0
32 0 10 0.0 10.0 0.0
33 1 7 1.0 11.607984241186918 11.607984241186918
34 12 298 1131.8354418063404 657219.6301098579 743864470.4091907
35 12 227 1131.8354418063404 346581.45704656374 392273176.55818266
36 12 190 1131.8354418063404 228093.22550877134 258163996.66675344
37 3 45 32.9215577265747 421.0282951259743 13860.907322511091
38 1 15 1.0 30.323695983612147 30.323695983612147
39 1 9 1.0 15.931997307697284 15.931997307697284
40 0 5 0.0 5.0 0.0
41 13 236 1331.5823725933528 523667.36265542824 697306229.2144189
42 1 15 1.0 30.323695983612147 30.323695983612147
43 0 100 0.0 0.0 0.0
44 0 100 0.0 0.0 0.0
45 0 100 0.0 0.0 0.0
46 0 100 0.0 0.0 0.0
47 1 19 1.0 40.84402933782601 40.84402933782601
48 2 22 9.541850352986048 86.31942417916456 823.6470280735138
49 0 10 0.0 10.0 0.0
50 0 11 0.0 11.0 0.0
51 0 100 0.0 0.0 0.0
52 0 100 0.0 0.0 0.0
53 0 100 0.0 0.0 0.0
54 0 5 0.0 5.0 0.0
55 1 105 1.0 7.59708563275366 7.59708563275366
56 1 16 1.0 32.892441635375256 32.892441635375256
57 1 106 1.0 9.55892689827884 9.55892689827884
58 1 9 1.0 15.931997307697284 15.931997307697284
59 15 289 1756.7778603087352 1588817.4003228187 2791199232.9604087
60 2 20 9.541850352986048 75.23327232919837 717.8646261306569
61 0 100 0.0 0.0 0.0
62 3 52 32.9215577265747 529.6457757489877 17436.763980956737
63 1 11 1.0 20.51504931294799 20.51504931294799
64 2 37 9.541850352986048 182.69988024795316 1743.2949168344405
65 1 11 1.0 20.51504931294799 20.51504931294799
66 1 19 1.0 40.84402933782601 40.84402933782601
67 1 18 1.0 38.15436697768484 38.15436697768484
68 2 118 9.541850352986048 64.62733255388774 616.6643359418604
69 0 11 0.0 11.0 0.0
70 0 100 0.0 0.0 0.0
71 5 34 139.6884681067044 606.571327772905 84731.01957404678
72 0 100 0.0 0.0 0.0
73 0 100 0.0 0.0 0.0
74 1 28 1.0 66.57403288693754 66.57403288693754
75 0 10 0.0 10.0 0.0
76 12 302 1131.8354418063404 678150.9129671411 767555238.1895373
77 2 15 9.541850352986048 49.68406405407534 474.0779041321602
78 17 401 2206.0678959513543 6640002.034371136 14648295317.077845
79 0 100 0.0 0.0 0.0
80 1 20 1.0 43.57075425423803 43.57075425423803
81 4 26 75.61186198841948 262.7667382888815 19868.282350646048
82 1 20 1.0 43.57075425423803 43.57075425423803
83 1 12 1.0 22.891970023971037 22.891970023971037
84 3 28 32.9215577265747 198.25318874016915 6526.8037975869875
85 0 100 0.0 0.0 0.0
86 0 100 0.0 0.0 0.0
87 1 105 1.0 7.59708563275366 7.59708563275366
88 0 100 0.0 0.0 0.0
89 1 22 1.0 49.12998068819353 49.12998068819353
90 0 100 0.0 0.0 0.0
91 0 5 0.0 5.0 0.0
92 0 100 0.0 0.0 0.0
93 0 100 0.0 0.0 0.0
94 0 100 0.0 0.0 0.0
95 1 18 1.0 38.15436697768484 38.15436697768484
96 0 100 0.0 0.0 0.0
97 1 105 1.0 7.59708563275366 7.59708563275366
98 2 39 9.541850352986048 197.11162840858907 1880.8096611081503
99 2 17 9.541850352986048 59.51335422080222 567.8675199791454
100 9 233 604.9491004987461 125983.5146244236 76213613.84971568
101 3 92 32.9215577265747 1310.1434892630975 43131.96451187106
102 6 222 225.58275470837765 9796.315838838276 2209879.91291845
103 1 29 1.0 69.58346013935528 69.58346013935528
104 9 119 604.9491004987461 29623.09111740326 17920462.325465497
105 0 100 0.0 0.0 0.0
106 1 33 1.0 81.88562674252243 81.88562674252243
107 1 104 1.0 5.735193251789799 5.735193251789799
108 0 100 0.0 0.0 0.0
109 6 139 225.58275470837765 12573.026663212622 2836257.9897093847
110 15 285 1756.7778603087352 1533986.1083700403 2694872833.205643
111 5 59 139.6884681067044 1651.3976308733363 230681.20529173722
112 1 17 1.0 35.503281577765854 35.503281577765854
113 0 100 0.0 0.0 0.0
114 1 17 1.0 35.503281577765854 35.503281577765854
115 3 53 32.9215577265747 545.90532331836 17972.053614869816
116 1 6 1.0 9.55892689827884 9.55892689827884
117 1 6 1.0 9.55892689827884 9.55892689827884
118 1 20 1.0 43.57075425423803 43.57075425423803
119 2 39 9.541850352986048 197.11162840858907 1880.8096611081503
120 20 354 2902.6872563902634 10777219.426532751 31282897488.7182
121 1 108 1.0 13.734791927877684 13.734791927877684
122 0 100 0.0 0.0 0.0
123 0 100 0.0 0.0 0.0
124 0 100 0.0 0.0 0.0
125 12 247 1131.8354418063404 422699.119720831 478425844.9203779
126 1 105 1.0 7.59708563275366 7.59708563275366
127 1 14 1.0 27.799106543625292 27.799106543625292
128 0 100 0.0 0.0 0.0
129 4 45 75.61186198841948 671.3571728121805 50762.565895610074
130 9 160 604.9491004987461 56057.34846745083 33911842.53172915
131 3 136 32.9215577265747 295.444715883087 9726.500268956508
132 5 144 139.6884681067044 8356.125061128 1167254.3090970118
133 7 148 332.66880679862265 21904.0 7286777.544117031
134 1 41 1.0 107.64164596635766 107.64164596635766
135 12 209 1131.8354418063404 285391.11164615024 323015774.9376231
136 12 207 1131.8354418063404 279011.0535465811 315794599.05974716
137 13 231 1331.5823725933528 497325.9591017296 662230480.5729458
138 12 221 1131.8354418063404 325424.97094098834 368327515.759809
139 17 279 2206.0678959513543 2566233.4961421206 5661285329.3541355
140 16 312 1979.1134619514044 2589248.8489619996 5124417253.322872
141 18 392 2436.3877014920204 8316274.518079817 20261668958.081146
142 21 402 3136.7198300107975 19821833.62974322 62175538613.590454
143 15 334 1756.7778603087352 2287929.280007916 4019383505.0700116
144 8 86 459.67273235884244 10566.202609933729 4856995.224365369
145 0 100 0.0 0.0 0.0
146 8 138 459.67273235884244 28257.118371009565 12989026.81018921
147 17 288 2206.0678959513543 2788892.004903823 6152485117.293732
148 0 100 0.0 0.0 0.0
149 2 45 9.541850352986048 242.29532664846576 2311.945748107533
150 12 184 1131.8354418063404 211516.7226194178 239402123.1953779
151 13 224 1331.5823725933528 461776.76854868385 614893805.072548
152 16 297 1979.1134619514044 2281146.2837971402 4514647318.943339
153 11 238 942.9223974109915 276059.68146551965 260302856.67598245
154 0 100 0.0 0.0 0.0
155 12 189 1131.8354418063404 225280.5021079264 254980456.6336791
156 8 153 459.67273235884244 35022.02902356311 16098671.774011938
157 1 13 1.0 25.320989780782124 25.320989780782124
158 0 6 0.0 6.0 0.0
159 3 40 32.9215577265747 349.23013798641597 11497.20014757944
160 3 35 32.9215577265747 282.5239294230334 9301.12785163911
161 16 252 1979.1134619514044 1495123.27495047 2959018600.731346
162 2 16 9.541850352986048 54.53075711894446 520.3243240639966
163 3 152 32.9215577265747 529.6457757489877 17436.763980956737
164 15 193 1756.7778603087352 574438.4857657645 1009160813.9025695
165 16 241 1979.1134619514044 1333019.7077807642 2638197248.7154374
166 2 33 9.541850352986048 154.90879557685506 1478.1165457556579
167 2 11 9.541850352986048 31.76494829034237 303.0963830567869
168 2 8 9.541850352986048 20.066939702021244 191.47573567908114
169 8 121 459.67273235884244 21496.519829988905 9881364.00645704
170 3 63 32.9215577265747 718.2490844189361 23645.87869475743
171 2 36 9.541850352986048 175.6210676402407 1675.7499462548174
172 4 73 75.61186198841948 1535.4556318691968 116098.65932623514
173 12 214 1131.8354418063404 301705.1628707397 341480596.3130576
174 18 307 2436.3877014920204 4331957.0464325 10554326871.31984
175 3 49 32.9215577265747 481.96892224029307 15867.1676959488
176 1 107 1.0 11.607984241186918 11.607984241186918
177 13 209 1331.5823725933528 390735.2774924319 520296207.8592946
178 1 106 1.0 9.55892689827884 9.55892689827884
179 16 200 1979.1134619514044 825270.017799204 1633303001.9712796
180 6 93 225.58275470837765 5828.709556476301 1314856.3581449701
181 17 334 2206.0678959513543 4112319.3575623785 9072055712.617662
182 0 100 0.0 0.0 0.0
183 8 134 459.67273235884244 26580.07983342708 12218137.923347592
184 4 50 75.61186198841948 803.8922494719358 60783.78982063209
185 15 346 1756.7778603087352 2500753.2869535033 4393268008.614212
186 12 265 1131.8354418063404 498726.0809052681 564475854.1217588
187 6 146 225.58275470837765 13812.047662904135 3115759.7599613243
188 16 273 1979.1134619514044 1836792.7908832894 3635221339.252409
189 17 376 2206.0678959513543 5609205.911533021 12374289083.21355
190 9 161 604.9491004987461 56814.89680416015 34370120.71660577
191 13 184 1331.5823725933528 287430.702209323 382737656.40406376
192 21 390 3136.7198300107975 18208112.882262025 57113748744.86635
193 1 103 1.0 3.9914906122521803 3.9914906122521803
194 10 179 766.6651705632711 102400.07810093557 78506573.34294605
195 13 249 1331.5823725933528 595910.8869723005 793504432.7287852
196 15 273 1756.7778603087352 1376401.6987329584 2418032031.225395
197 7 249 332.66880679862265 22201.0 7385580.179736221
198 10 191 766.6651705632711 118296.7449298396 90693994.12871525
199 20 311 2902.6872563902634 7539402.047786283 21884526244.9119
