0 0 100 0.0 0.0 0.0
1 0 100 0.0 0.0 0.0
2 2 28 9.541850352986048 122.22584512913716 1166.2607234894754
3 0 100 0.0 0.0 0.0
4 0 100 0.0 0.0 0.0
5 0 100 0.0 0.0 0.0
6 3 29 32.9215577265747 209.61005902119368 6900.689658136957
7 0 100 0.0 0.0 0.0
8 0 100 0.0 0.0 0.0
9 2 75 9.541850352986048 506.1815384350477 4829.908491191481
10 1 22 1.0 49.12998068819353 49.12998068819353
11 0 10 0.0 10.0 0.0
12 0 10 0.0 10.0 0.0
13 1 106 1.0 9.55892689827884 9.55892689827884
14 0 7 0.0 7.0 0.0
15 1 101 1.0 1.0 1.0
16 0 100 0.0 0.0 0.0
17 2 78 9.541850352986048 535.6395391463575 5110.992325676955
18 2 60 9.541850352986048 366.8916913478798 3500.825614595415
19 1 11 1.0 20.51504931294799 20.51504931294799
20 2 22 9.541850352986048 86.31942417916456 823.6470280735138
21 0 100 0.0 0.0 0.0
22 0 100 0.0 0.0 0.0
23 1 22 1.0 49.12998068819353 49.12998068819353
24 2 23 9.541850352986048 92.0346545141889 878.1809006631623
25 1 6 1.0 9.55892689827884 9.55892689827884
26 0 100 0.0 0.0 0.0
27 0 100 0.0 0.0 0.0
28 0 100 0.0 0.0 0.0
29 2 16 9.541850352986048 54.53075711894446 520.3243240639966
30 1 16 1.0 32.892441635375256 32.892441635375256
31 1 100 1.0 0.0 0.0
32 0 100 0.0 0.0 0.0
33 0 100 0.0 0.0 0.0
34 5 94 139.6884681067044 3849.5614363989175 537739.3399332094
35 0 100 0.0 0.0 0.0
36 0 100 0.0 0.0 0.0
37 0 100 0.0 0.0 0.0
38 2 10 9.541850352986048 27.685321443873434 264.16919419175593
39 0 100 0.0 0.0 0.0
40 1 104 1.0 5.735193251789799 5.735193251789799
41 0 100 0.0 0.0 0.0
42 0 100 0.0 0.0 0.0
43 0 100 0.0 0.0 0.0
44 1 22 1.0 49.12998068819353 49.12998068819353
45 0 100 0.0 0.0 0.0
46 2 16 9.541850352986048 54.53075711894446 520.3243240639966
47 1 15 1.0 30.323695983612147 30.323695983612147
48 0 100 0.0 0.0 0.0
49 0 6 0.0 6.0 0.0
50 1 31 1.0 75.68293941204132 75.68293941204132
51 1 7 1.0 11.607984241186918 11.607984241186918
52 3 19 32.9215577265747 107.12598084817145 3526.754162509012
53 3 26 32.9215577265747 176.25042831919396 5802.438650243859
54 1 10 1.0 18.1937008646705 18.1937008646705
55 4 62 75.61186198841948 1161.3060165688764 87808.51025112707
56 0 100 0.0 0.0 0.0
57 1 11 1.0 20.51504931294799 20.51504931294799
58 1 11 1.0 20.51504931294799 20.51504931294799
59 0 100 0.0 0.0 0.0
60 0 100 0.0 0.0 0.0
61 0 100 0.0 0.0 0.0
62 0 100 0.0 0.0 0.0
63 0 100 0.0 0.0 0.0
64 1 100 1.0 0.0 0.0
65 2 47 9.541850352986048 257.9778488812911 2461.586028410529
66 0 100 0.0 0.0 0.0
67 3 42 32.9215577265747 377.3528472077043 12423.04354263576
68 2 36 9.541850352986048 175.6210676402407 1675.7499462548174
69 0 6 0.0 6.0 0.0
70 0 100 0.0 0.0 0.0
71 0 100 0.0 0.0 0.0
72 0 11 0.0 11.0 0.0
73 0 100 0.0 0.0 0.0
74 3 47 32.9215577265747 451.11773253603667 14851.498473166615
75 0 100 0.0 0.0 0.0
76 0 100 0.0 0.0 0.0
77 0 100 0.0 0.0 0.0
78 0 100 0.0 0.0 0.0
79 2 112 9.541850352986048 36.01211998010309 343.62225974392254
80 0 100 0.0 0.0 0.0
81 1 39 1.0 101.06849300292524 101.06849300292524
82 0 100 0.0 0.0 0.0
83 4 32 75.61186198841948 374.7746947170294 28337.41249369607
84 3 39 32.9215577265747 335.47304520277595 11044.29522335299
85 0 100 0.0 0.0 0.0
86 1 13 1.0 25.320989780782124 25.320989780782124
87 0 11 0.0 11.0 0.0
88 1 111 1.0 20.51504931294799 20.51504931294799
89 1 100 1.0 0.0 0.0
90 1 26 1.0 60.63937356224698 60.63937356224698
91 0 100 0.0 0.0 0.0
92 0 10 0.0 10.0 0.0
93 0 100 0.0 0.0 0.0
94 1 25 1.0 57.71571011139208 57.71571011139208
95 1 22 1.0 49.12998068819353 49.12998068819353
96 3 75 32.9215577265747 947.2709566120693 31185.635480811874
97 0 100 0.0 0.0 0.0
98 0 100 0.0 0.0 0.0
99 1 107 1.0 11.607984241186918 11.607984241186918
100 0 100 0.0 0.0 0.0
101 0 100 0.0 0.0 0.0
102 0 100 0.0 0.0 0.0
103 0 100 0.0 0.0 0.0
104 2 31 9.541850352986048 141.5519192260369 1350.6672304328126
105 3 76 32.9215577265747 967.3986454236635 31848.270349925308
106 0 100 0.0 0.0 0.0
107 1 20 1.0 43.57075425423803 43.57075425423803
108 0 100 0.0 0.0 0.0
109 2 13 9.541850352986048 40.41888428935346 385.6709453236695
110 1 17 1.0 35.503281577765854 35.503281577765854
111 1 13 1.0 25.320989780782124 25.320989780782124
112 1 36 1.0 91.37308344663872 91.37308344663872
113 2 34 9.541850352986048 161.72412498062124 1543.1473990327004
114 0 100 0.0 0.0 0.0
115 2 36 9.541850352986048 175.6210676402407 1675.7499462548174
116 0 100 0.0 0.0 0.0
117 2 92 9.541850352986048 679.6293882194773 6484.921917881711
118 1 29 1.0 69.58346013935528 69.58346013935528
119 2 18 9.541850352986048 64.62733255388774 616.6643359418604
120 0 100 0.0 0.0 0.0
121 1 14 1.0 27.799106543625292 27.799106543625292
122 0 100 0.0 0.0 0.0
123 2 55 9.541850352986048 323.62148105306557 3087.947743220061
124 0 100 0.0 0.0 0.0
125 2 89 9.541850352986048 647.8983880633936 6182.149462841783
126 1 102 1.0 2.3948263510722025 2.3948263510722025
127 1 10 1.0 18.1937008646705 18.1937008646705
128 4 55 75.61186198841948 946.1899645328139 71543.18501308264
129 0 100 0.0 0.0 0.0
130 1 18 1.0 38.15436697768484 38.15436697768484
131 0 100 0.0 0.0 0.0
132 2 32 9.541850352986048 148.1842032776824 1413.95149235211
133 1 5 1.0 7.59708563275366 7.59708563275366
134 0 100 0.0 0.0 0.0
135 0 100 0.0 0.0 0.0
136 0 100 0.0 0.0 0.0
137 1 11 1.0 20.51504931294799 20.51504931294799
138 2 29 9.541850352986048 128.5709592386038 1226.8048527946264
139 4 47 75.61186198841948 723.181183304868 54681.07582466957
140 3 80 32.9215577265747 1049.4627962762117 34549.95002949981
141 1 24 1.0 54.8222930413608 54.8222930413608
142 4 80 75.61186198841948 1795.7178600152838 135777.5710016156
143 4 144 75.61186198841948 4906.230474234356 370969.22150118597
144 1 18 1.0 38.15436697768484 38.15436697768484
145 0 100 0.0 0.0 0.0
146 1 24 1.0 54.8222930413608 54.8222930413608
147 6 112 225.58275470837765 8317.887761606735 1876372.0346183486
148 4 134 75.61186198841948 4338.084839985092 328010.6722150076
149 1 8 1.0 13.734791927877684 13.734791927877684
150 0 100 0.0 0.0 0.0
151 0 100 0.0 0.0 0.0
152 6 128 225.58275470837765 10738.599848141443 2422442.9354547127
153 5 67 139.6884681067044 2080.6456750556 290642.2070213566
154 1 17 1.0 35.503281577765854 35.503281577765854
155 5 161 139.6884681067044 10234.549813446893 1429648.5852021535
156 0 100 0.0 0.0 0.0
157 0 100 0.0 0.0 0.0
158 1 18 1.0 38.15436697768484 38.15436697768484
159 1 18 1.0 38.15436697768484 38.15436697768484
160 4 85 75.61186198841948 1991.8652456125124 150608.64005078256
161 4 35 75.61186198841948 436.83679879622173 33030.043742042886
162 1 60 1.0 173.91225657453782 173.91225657453782
163 1 12 1.0 22.891970023971037 22.891970023971037
164 1 104 1.0 5.735193251789799 5.735193251789799
165 0 100 0.0 0.0 0.0
166 0 100 0.0 0.0 0.0
167 0 100 0.0 0.0 0.0
168 4 69 75.61186198841948 1394.4010936602072 105433.26305033677
169 5 80 139.6884681067044 2871.732646582133 401147.9342130701
170 0 100 0.0 0.0 0.0
171 0 100 0.0 0.0 0.0
172 0 100 0.0 0.0 0.0
173 0 100 0.0 0.0 0.0
174 1 105 1.0 7.59708563275366 7.59708563275366
175 1 27 1.0 63.59241768810072 63.59241768810072
176 2 99 9.541850352986048 755.4470017622442 7208.362240427321
177 2 51 9.541850352986048 290.23003402420613 2769.3315526010238
178 2 48 9.541850352986048 265.93129728965954 2537.4766429133756
179 3 27 32.9215577265747 187.1321231368427 6160.680994346051
180 4 49 75.61186198841948 776.5950928818146 58719.80098386357
181 3 30 32.9215577265747 221.1993434691573 7282.2269551002855
182 2 11 9.541850352986048 31.76494829034237 303.0963830567869
183 2 14 9.541850352986048 44.97826169706515 429.17584225083993
184 4 81 75.61186198841948 1834.2709028460106 138692.63835536616
185 1 18 1.0 38.15436697768484 38.15436697768484
186 3 29 32.9215577265747 209.61005902119368 6900.689658136957
187 2 37 9.541850352986048 182.69988024795316 1743.2949168344405
188 7 128 332.66880679862265 16384.0 5450445.730588634
189 4 41 75.61186198841948 572.5607883495287 43292.38730866522
190 3 69 32.9215577265747 829.8335342600375 27319.412601589327
191 3 137 32.9215577265747 308.57807572808247 10158.870933237406
192 5 72 139.6884681067044 2371.3580183097592 331251.36891024053
193 2 106 9.541850352986048 13.252209915340185 126.45060385853394
194 0 100 0.0 0.0 0.0
195 3 78 32.9215577265747 1008.1216991286578 33188.93671327668
196 3 61 32.9215577265747 682.3928350558612 22465.435111492498
197 2 13 9.541850352986048 40.41888428935346 385.6709453236695
198 1 11 1.0 20.51504931294799 20.51504931294799
199 4 161 75.61186198841948 1129.4605717070829 85400.6168692773
