0 5 140 139.6884681067044 7939.139781704323 1109006.2741912722
1 1 101 1.0 1.0 1.0
2 1 39 1.0 101.06849300292524 101.06849300292524
3 0 5 0.0 5.0 0.0
4 1 9 1.0 15.931997307697284 15.931997307697284
5 0 100 0.0 0.0 0.0
6 0 100 0.0 0.0 0.0
7 1 101 1.0 1.0 1.0
8 0 100 0.0 0.0 0.0
9 0 100 0.0 0.0 0.0
10 0 100 0.0 0.0 0.0
11 17 246 2206.0678959513543 1845111.4590874605 4070441154.3448076
12 1 11 1.0 20.51504931294799 20.51504931294799
13 0 100 0.0 0.0 0.0
14 0 6 0.0 6.0 0.0
15 0 9 0.0 9.0 0.0
16 0 5 0.0 5.0 0.0
17 0 100 0.0 0.0 0.0
18 0 100 0.0 0.0 0.0
19 12 263 1131.8354418063404 489920.81803539564 554509745.5312158
20 0 100 0.0 0.0 0.0
21 0 6 0.0 6.0 0.0
22 0 100 0.0 0.0 0.0
23 0 100 0.0 0.0 0.0
24 0 100 0.0 0.0 0.0
25 0 100 0.0 0.0 0.0
26 0 100 0.0 0.0 0.0
27 4 113 75.61186198841948 3241.266607422014 245078.20338806594
28 2 120 9.541850352986048 75.23327232919837 717.8646261306569
29 0 11 0.0 11.0 0.0
30 1 30 1.0 72.61998620345668 72.61998620345668
31 0 100 0.0 0.0 0.0
32 1 37 1.0 94.5824071263594 94.5824071263594
33 0 6 0.0 6.0 0.0
34 13 214 1331.5823725933528 413645.90394894715 550803594.1938611
35 0 100 0.0 0.0 0.0
36 0 100 0.0 0.0 0.0
37 0 100 0.0 0.0 0.0
38 1 102 1.0 2.3948263510722025 2.3948263510722025
39 13 221 1331.5823725933528 447011.7125487216 595232916.7726445
40 0 100 0.0 0.0 0.0
41 0 100 0.0 0.0 0.0
42 17 281 2206.0678959513543 2614724.9731380623 5768260819.982146
43 0 100 0.0 0.0 0.0
44 0 5 0.0 5.0 0.0
45 1 10 1.0 18.1937008646705 18.1937008646705
46 0 100 0.0 0.0 0.0
47 0 100 0.0 0.0 0.0
48 0 6 0.0 6.0 0.0
49 0 100 0.0 0.0 0.0
50 0 6 0.0 6.0 0.0
51 3 36 32.9215577265747 295.444715883087 9726.500268956508
52 13 243 1331.5823725933528 561888.9684414291 748201445.7312697
53 1 16 1.0 32.892441635375256 32.892441635375256
54 4 25 75.61186198841948 245.72185754407212 18579.487180160453
55 13 210 1331.5823725933528 395256.36191619065 526316404.1829781
56 19 324 2668.9360872348193 6526308.557540577 17418300425.649464
57 1 103 1.0 3.9914906122521803 3.9914906122521803
58 1 107 1.0 11.607984241186918 11.607984241186918
59 14 212 1540.4353185285338 546056.5101359754 841164734.1258909
60 0 100 0.0 0.0 0.0
61 0 11 0.0 11.0 0.0
62 0 10 0.0 10.0 0.0
63 1 104 1.0 5.735193251789799 5.735193251789799
64 0 5 0.0 5.0 0.0
65 0 100 0.0 0.0 0.0
66 0 100 0.0 0.0 0.0
67 1 20 1.0 43.57075425423803 43.57075425423803
68 0 100 0.0 0.0 0.0
69 0 100 0.0 0.0 0.0
70 14 273 1540.4353185285338 1018811.257612624 1569412844.1409585
71 0 19 0.0 19.0 0.0
72 17 364 2206.0678959513543 5152101.506571393 11365885730.329756
73 10 159 766.6651705632711 78679.82330363935 60321080.15297269
74 0 100 0.0 0.0 0.0
75 1 14 1.0 27.799106543625292 27.799106543625292
76 0 100 0.0 0.0 0.0
77 1 10 1.0 18.1937008646705 18.1937008646705
78 0 10 0.0 10.0 0.0
79 12 159 1131.8354418063404 150044.96268779706 169826206.63455865
80 0 100 0.0 0.0 0.0
81 16 304 1979.1134619514044 2421960.954801773 4793335529.968866
82 0 100 0.0 0.0 0.0
83 0 100 0.0 0.0 0.0
84 1 104 1.0 5.735193251789799 5.735193251789799
85 1 6 1.0 9.55892689827884 9.55892689827884
86 0 100 0.0 0.0 0.0
87 0 100 0.0 0.0 0.0
88 0 100 0.0 0.0 0.0
89 13 227 1331.5823725933528 476823.32726528787 634929537.4277687
90 0 100 0.0 0.0 0.0
91 0 100 0.0 0.0 0.0
92 1 23 1.0 51.960050539976365 51.960050539976365
93 1 11 1.0 20.51504931294799 20.51504931294799
94 2 18 9.541850352986048 64.62733255388774 616.6643359418604
95 2 29 9.541850352986048 128.5709592386038 1226.8048527946264
96 5 71 139.6884681067044 2311.8500842163953 322938.7967565438
97 2 37 9.541850352986048 182.69988024795316 1743.2949168344405
98 0 100 0.0 0.0 0.0
99 0 100 0.0 0.0 0.0
100 17 355 2206.0678959513543 4824907.6976362355 10644073972.683863
101 18 446 2436.3877014920204 11735173.233733602 28591431741.54689
102 3 127 32.9215577265747 187.1321231368427 6160.680994346051
103 2 56 9.541850352986048 332.1417203303481 3169.2465913755254
104 10 298 766.6651705632711 128155.62053704208 98252450.6776732
105 2 9 9.541850352986048 23.78240930402918 226.9281906125095
106 0 10 0.0 10.0 0.0
107 0 100 0.0 0.0 0.0
108 6 102 225.58275470837765 6955.268535289175 1568988.635927035
109 0 100 0.0 0.0 0.0
110 1 11 1.0 20.51504931294799 20.51504931294799
111 0 100 0.0 0.0 0.0
112 2 25 9.541850352986048 103.79546451213633 990.4007896934788
113 1 9 1.0 15.931997307697284 15.931997307697284
114 0 100 0.0 0.0 0.0
115 9 235 604.9491004987461 38874.51396153533 23517102.253356747
116 2 8 9.541850352986048 20.066939702021244 191.47573567908114
117 5 137 139.6884681067044 7632.713194384114 1066202.013621347
118 2 110 9.541850352986048 27.685321443873434 264.16919419175593
119 15 289 1756.7778603087352 1588817.4003228187 2791199232.9604087
120 16 319 1979.1134619514044 2741264.173678224 5425272828.891665
121 11 155 942.9223974109915 103420.77350456103 97517763.69501984
122 17 306 2206.0678959513543 3269136.366752304 7211936786.179311
123 0 100 0.0 0.0 0.0
124 20 418 2902.6872563902634 17046162.112109292 49479677533.18218
125 4 45 75.61186198841948 671.3571728121805 50762.565895610074
126 0 100 0.0 0.0 0.0
127 1 31 1.0 75.68293941204132 75.68293941204132
128 1 17 1.0 35.503281577765854 35.503281577765854
129 3 39 32.9215577265747 335.47304520277595 11044.29522335299
130 3 52 32.9215577265747 529.6457757489877 17436.763980956737
131 0 100 0.0 0.0 0.0
132 3 36 32.9215577265747 295.444715883087 9726.500268956508
133 16 344 1979.1134619514044 3328174.026710203 6586834019.979176
134 18 370 2436.3877014920204 7128427.135633949 17367612204.240543
135 14 274 1540.4353185285338 1028039.6669067617 1583628611.7514853
136 5 52 139.6884681067044 1312.7590262571498 183377.29737111018
137 0 100 0.0 0.0 0.0
138 8 270 459.67273235884244 43603.43660138131 20043310.842792507
139 14 288 1540.4353185285338 1162474.5370228994 1790716833.7201798
140 2 39 9.541850352986048 197.11162840858907 1880.8096611081503
141 13 242 1331.5823725933528 556332.1568343635 740802093.347479
142 1 8 1.0 13.734791927877684 13.734791927877684
143 5 119 139.6884681067044 5909.069866509522 825428.9175882034
144 13 231 1331.5823725933528 497325.9591017296 662230480.5729458
145 2 117 9.541850352986048 59.51335422080222 567.8675199791454
146 1 103 1.0 3.9914906122521803 3.9914906122521803
147 0 100 0.0 0.0 0.0
148 2 19 9.541850352986048 69.8685662777562 666.6754038000371
149 0 100 0.0 0.0 0.0
150 6 74 225.58275470837765 3764.5376458742294 849214.7723596997
151 10 107 766.6651705632711 32606.87042819775 24998551.87836871
152 0 100 0.0 0.0 0.0
153 10 146 766.6651705632711 65084.513101468925 49898029.33796512
154 2 14 9.541850352986048 44.97826169706515 429.17584225083993
155 9 118 604.9491004987461 29089.380350657248 17597594.477196
156 13 284 1331.5823725933528 818175.0257686881 1089467442.0096972
157 2 14 9.541850352986048 44.97826169706515 429.17584225083993
158 14 235 1540.4353185285338 703973.305306163 1084425342.794884
159 10 201 766.6651705632711 132514.12595962713 101593964.98088032
160 14 193 1540.4353185285338 433180.6334596087 667286747.0837444
161 15 261 1756.7778603087352 1229001.7193264086 2159083010.794005
162 10 110 766.6651705632711 34675.01749185232 26584128.199675366
163 4 64 75.61186198841948 1226.095534977771 92707.36637535656
164 10 214 766.6651705632711 152332.9437676605 116788362.31603862
165 13 276 1331.5823725933528 763726.9951302845 1016965404.1891762
166 3 69 32.9215577265747 829.8335342600375 27319.412601589327
167 11 212 942.9223974109915 211826.15637676563 199735627.20513543
168 2 60 9.541850352986048 366.8916913478798 3500.825614595415
169 16 380 1979.1134619514044 4298828.009043774 8507868383.312285
170 4 80 75.61186198841948 1795.7178600152838 135777.5710016156
171 16 216 1979.1134619514044 1005860.9650159811 1990712976.7145588
172 3 64 32.9215577265747 736.4308795040106 24244.45171122346
173 0 100 0.0 0.0 0.0
174 1 105 1.0 7.59708563275366 7.59708563275366
175 6 184 225.58275470837765 21500.107774808504 4850053.53836831
176 16 310 1979.1134619514044 2546786.030492052 5040378517.6566
177 19 349 2668.9360872348193 7985279.738815311 21312201261.58922
178 14 255 1540.4353185285338 861069.9838108779 1326422614.787069
179 9 197 604.9491004987461 87756.16433554704 53088012.67800933
180 8 215 459.67273235884244 19338.564883686733 8889410.959983042
181 1 22 1.0 49.12998068819353 49.12998068819353
182 17 251 2206.0678959513543 1945020.81997725 4290847987.9087896
183 16 208 1979.1134619514044 912837.723374365 1806609426.9072778
184 7 138 332.66880679862265 19044.0 6335344.75667297
185 4 39 75.61186198841948 525.6324972119714 39744.05183581987
186 11 239 942.9223974109915 278722.41952144506 262813612.0273531
187 4 76 75.61186198841948 1644.92462809159 124375.81396061354
188 25 492 4060.496712466729 94392183.68260573 383279151525.7762
189 3 21 32.9215577265747 125.57185196799401 4134.020973397207
190 7 129 332.66880679862265 16641.0 5535941.613935879
191 9 144 604.9491004987461 44673.607750369876 27025258.82462007
192 13 207 1331.5823725933528 381784.2534940421 508377182.08637863
193 17 284 2206.0678959513543 2688517.866585235 5931052953.165314
194 24 469 3832.71054120725 64648250.10695937 247778029655.54593
195 10 208 766.6651705632711 142996.92734471612 109630763.69276047
196 14 308 1540.4353185285338 1371809.5585168663 2113183894.2344162
197 8 149 459.67273235884244 33144.35724984052 15235557.2593118
198 14 270 1540.4353185285338 991422.2749362324 1527221887.8876786
199 12 244 1131.8354418063404 410726.2989583608 464874582.04301935
