0 0 100 0.0 0.0 0.0
1 0 100 0.0 0.0 0.0
2 3 47 32.9215577265747 451.11773253603667 14851.498473166615
3 0 11 0.0 11.0 0.0
4 10 180 766.6651705632711 103676.69639096252 79485312.12201375
5 0 5 0.0 5.0 0.0
6 0 100 0.0 0.0 0.0
7 0 5 0.0 5.0 0.0
8 0 100 0.0 0.0 0.0
9 4 84 75.61186198841948 1951.9617083430758 147591.45929791615
10 0 5 0.0 5.0 0.0
11 7 146 332.66880679862265 21316.0 7091168.28571944
12 1 32 1.0 78.7716859795011 78.7716859795011
13 0 100 0.0 0.0 0.0
14 0 6 0.0 6.0 0.0
15 1 11 1.0 20.51504931294799 20.51504931294799
16 1 103 1.0 3.9914906122521803 3.9914906122521803
17 0 100 0.0 0.0 0.0
18 0 100 0.0 0.0 0.0
19 1 8 1.0 13.734791927877684 13.734791927877684
20 2 19 9.541850352986048 69.8685662777562 666.6754038000371
21 2 20 9.541850352986048 75.23327232919837 717.8646261306569
22 3 31 32.9215577265747 233.0178128969552 7671.309378607293
23 0 100 0.0 0.0 0.0
24 0 6 0.0 6.0 0.0
25 3 23 32.9215577265747 145.08021796711313 4776.266770788355
26 0 100 0.0 0.0 0.0
27 1 105 1.0 7.59708563275366 7.59708563275366
28 0 6 0.0 6.0 0.0
29 1 7 1.0 11.607984241186918 11.607984241186918
30 2 23 9.541850352986048 92.0346545141889 878.1809006631623
31 0 100 0.0 0.0 0.0
32 1 102 1.0 2.3948263510722025 2.3948263510722025
33 5 126 139.6884681067044 6555.813195992822 915771.5025419551
34 1 11 1.0 20.51504931294799 20.51504931294799
35 6 101 225.58275470837765 6825.411756924657 1539695.1861460118
36 0 100 0.0 0.0 0.0
37 2 28 9.541850352986048 122.22584512913716 1166.2607234894754
38 8 154 459.67273235884244 35499.84558585349 16318311.018766263
39 2 35 9.541850352986048 168.62869283493262 1609.0297522505775
40 7 91 332.66880679862265 8281.0 2754830.389099394
41 1 24 1.0 54.8222930413608 54.8222930413608
42 0 100 0.0 0.0 0.0
43 3 27 32.9215577265747 187.1321231368427 6160.680994346051
44 0 100 0.0 0.0 0.0
45 1 18 1.0 38.15436697768484 38.15436697768484
46 0 10 0.0 10.0 0.0
47 0 11 0.0 11.0 0.0
48 1 14 1.0 27.799106543625292 27.799106543625292
49 0 7 0.0 7.0 0.0
50 0 10 0.0 10.0 0.0
51 13 134 1331.5823725933528 133852.09558174116 178235091.01132715
52 0 6 0.0 6.0 0.0
53 3 150 32.9215577265747 497.6760852315066 16384.27196908475
54 0 100 0.0 0.0 0.0
55 4 74 75.61186198841948 1571.597319835911 118831.39964880285
56 3 41 32.9215577265747 363.1907597716439 11956.805563580698
57 0 6 0.0 6.0 0.0
58 2 64 9.541850352986048 402.6820690045564 3842.3320422722786
59 0 5 0.0 5.0 0.0
60 1 103 1.0 3.9914906122521803 3.9914906122521803
61 0 100 0.0 0.0 0.0
62 2 29 9.541850352986048 128.5709592386038 1226.8048527946264
63 2 8 9.541850352986048 20.066939702021244 191.47573567908114
64 1 101 1.0 1.0 1.0
65 0 100 0.0 0.0 0.0
66 0 100 0.0 0.0 0.0
67 7 108 332.66880679862265 11664.0 3880248.9624991347
68 2 119 9.541850352986048 69.8685662777562 666.6754038000371
69 0 10 0.0 10.0 0.0
70 0 8 0.0 8.0 0.0
71 0 100 0.0 0.0 0.0
72 0 9 0.0 9.0 0.0
73 1 107 1.0 11.607984241186918 11.607984241186918
74 0 100 0.0 0.0 0.0
75 1 7 1.0 11.607984241186918 11.607984241186918
76 1 105 1.0 7.59708563275366 7.59708563275366
77 1 9 1.0 15.931997307697284 15.931997307697284
78 9 138 604.9491004987461 40759.58337596822 24657473.29999562
79 0 100 0.0 0.0 0.0
80 13 194 1331.5823725933528 326533.42327590974 434806150.49676543
81 0 100 0.0 0.0 0.0
82 0 100 0.0 0.0 0.0
83 3 40 32.9215577265747 349.23013798641597 11497.20014757944
84 0 10 0.0 10.0 0.0
85 0 100 0.0 0.0 0.0
86 0 6 0.0 6.0 0.0
87 0 100 0.0 0.0 0.0
88 0 5 0.0 5.0 0.0
89 1 10 1.0 18.1937008646705 18.1937008646705
90 0 5 0.0 5.0 0.0
91 3 27 32.9215577265747 187.1321231368427 6160.680994346051
92 2 10 9.541850352986048 27.685321443873434 264.16919419175593
93 0 100 0.0 0.0 0.0
94 0 5 0.0 5.0 0.0
95 1 33 1.0 81.88562674252243 81.88562674252243
96 1 27 1.0 63.59241768810072 63.59241768810072
97 1 107 1.0 11.607984241186918 11.607984241186918
98 0 100 0.0 0.0 0.0
99 4 43 75.61186198841948 621.143248020611 46965.797544373054
100 1 104 1.0 5.735193251789799 5.735193251789799
101 1 28 1.0 66.57403288693754 66.57403288693754
102 2 39 9.541850352986048 197.11162840858907 1880.8096611081503
103 0 5 0.0 5.0 0.0
104 0 100 0.0 0.0 0.0
105 0 100 0.0 0.0 0.0
106 10 164 766.6651705632711 84288.55756198421 64621101.35979072
107 15 227 1756.7778603087352 864595.8430902208 1518902835.255865
108 0 100 0.0 0.0 0.0
109 0 100 0.0 0.0 0.0
110 12 181 1131.8354418063404 203496.96985951904 230325082.78720027
111 0 100 0.0 0.0 0.0
112 0 100 0.0 0.0 0.0
113 1 102 1.0 2.3948263510722025 2.3948263510722025
114 0 100 0.0 0.0 0.0
115 14 235 1540.4353185285338 703973.305306163 1084425342.794884
116 0 100 0.0 0.0 0.0
117 5 52 139.6884681067044 1312.7590262571498 183377.29737111018
118 5 61 139.6884681067044 1754.5251914699081 245086.93625105367
119 1 16 1.0 32.892441635375256 32.892441635375256
120 8 97 459.67273235884244 13572.24668173896 6238791.71644318
121 1 22 1.0 49.12998068819353 49.12998068819353
122 0 100 0.0 0.0 0.0
123 0 100 0.0 0.0 0.0
124 1 19 1.0 40.84402933782601 40.84402933782601
125 1 103 1.0 3.9914906122521803 3.9914906122521803
126 13 228 1331.5823725933528 481901.6695597634 641691768.5090877
127 8 157 459.67273235884244 36953.48006693682 16986507.15253687
128 1 13 1.0 25.320989780782124 25.320989780782124
129 2 27 9.541850352986048 115.98017876588344 1106.66550969663
130 0 100 0.0 0.0 0.0
131 13 263 1331.5823725933528 679888.3927997081 905327399.1829166
132 8 152 459.67273235884244 34547.573678850335 15880577.58932556
133 9 163 604.9491004987461 58346.35307910868 35296573.81258904
134 0 100 0.0 0.0 0.0
135 12 256 1131.8354418063404 459809.7402582212 520428960.51202244
136 5 177 139.6884681067044 2679.0520099722326 374232.6712512085
137 2 45 9.541850352986048 242.29532664846576 2311.945748107533
138 2 30 9.541850352986048 135.01359299654277 1288.2794999919763
139 10 179 766.6651705632711 102400.07810093557 78506573.34294605
140 3 59 32.9215577265747 647.2206215128941 21307.511052966296
141 0 100 0.0 0.0 0.0
142 2 32 9.541850352986048 148.1842032776824 1413.95149235211
143 14 252 1540.4353185285338 836301.7565706861 1288268762.768937
144 2 17 9.541850352986048 59.51335422080222 567.8675199791454
145 4 158 75.61186198841948 1036.142416344768 78344.65738500807
146 13 193 1331.5823725933528 322491.4965359615 429423992.0985367
147 3 54 32.9215577265747 562.3460860297637 18513.309133542207
148 2 41 9.541850352986048 211.85407612585806 2021.4798910630518
149 4 44 75.61186198841948 646.0476428878335 48848.86521197858
150 0 100 0.0 0.0 0.0
151 1 8 1.0 13.734791927877684 13.734791927877684
152 6 235 225.58275470837765 11890.001118337372 2682179.2057602354
153 12 224 1131.8354418063404 335907.49192777043 380192004.5321278
154 12 216 1131.8354418063404 308377.0730000903 349032100.66200334
155 2 143 9.541850352986048 226.91812071099523 2165.21875020514
156 1 105 1.0 7.59708563275366 7.59708563275366
157 1 7 1.0 11.607984241186918 11.607984241186918
158 3 53 32.9215577265747 545.90532331836 17972.053614869816
159 11 256 942.9223974109915 326206.92438399093 307587815.1922187
160 2 14 9.541850352986048 44.97826169706515 429.17584225083993
161 2 41 9.541850352986048 211.85407612585806 2021.4798910630518
162 1 12 1.0 22.891970023971037 22.891970023971037
163 16 245 1979.1134619514044 1390652.9767282873 2752260027.145746
164 11 198 942.9223974109915 181155.15933402994 170815257.14261368
165 10 146 766.6651705632711 65084.513101468925 49898029.33796512
166 4 62 75.61186198841948 1161.3060165688764 87808.51025112707
167 9 190 604.9491004987461 81175.65618270171 49107140.19012088
168 2 37 9.541850352986048 182.69988024795316 1743.2949168344405
169 15 239 1756.7778603087352 984435.2604830556 1729434070.5238948
170 11 158 942.9223974109915 108060.79638064733 101892945.18938097
171 9 145 604.9491004987461 45344.665438633376 27431214.569517843
172 3 131 32.9215577265747 233.0178128969552 7671.309378607293
173 13 280 1331.5823725933528 790676.804581966 1052851295.399785
174 0 100 0.0 0.0 0.0
175 0 100 0.0 0.0 0.0
176 14 268 1540.4353185285338 973408.977104957 1499473567.7052088
177 1 104 1.0 5.735193251789799 5.735193251789799
178 3 45 32.9215577265747 421.0282951259743 13860.907322511091
179 0 100 0.0 0.0 0.0
180 1 10 1.0 18.1937008646705 18.1937008646705
181 11 221 942.9223974109915 232979.898453666 219681964.3985001
182 3 58 32.9215577265747 629.8939717412368 20737.090752300537
183 15 240 1756.7778603087352 994847.4549542126 1747725983.2480526
184 0 100 0.0 0.0 0.0
185 1 106 1.0 9.55892689827884 9.55892689827884
186 1 103 1.0 3.9914906122521803 3.9914906122521803
187 5 116 139.6884681067044 5641.169189689651 788006.2824384862
188 17 322 2206.0678959513543 3736299.602115112 8242530601.881968
189 16 343 1979.1134619514044 3303353.8549748245 6537712083.969742
190 8 98 459.67273235884244 13864.912977319558 6373322.432202054
191 12 185 1131.8354418063404 214229.6252136221 242472682.5016667
192 3 88 32.9215577265747 1220.8824175108728 40193.35098544427
193 0 100 0.0 0.0 0.0
194 11 220 942.9223974109915 230573.40317476977 217412826.10076502
195 15 195 1756.7778603087352 589556.7603124293 1035720263.9122194
196 13 147 1331.5823725933528 167318.1709274266 222797927.02152288
197 13 141 1331.5823725933528 151329.57708991828 201507797.30494207
198 12 280 1131.8354418063404 567659.0491780122 642496630.7217625
199 14 228 1540.4353185285338 653382.3373284853 1006493228.9235232
