0 21 392 3136.7198300107975 18470963.726188287 57938238199.34493
1 0 11 0.0 11.0 0.0
2 1 24 1.0 54.8222930413608 54.8222930413608
3 26 400 4285.277943143774 64000000.0 274257788361.20154
4 1 11 1.0 20.51504931294799 20.51504931294799
5 15 256 1756.7778603087352 1170535.1266363002 2056370195.188334
6 0 100 0.0 0.0 0.0
7 0 8 0.0 8.0 0.0
8 0 100 0.0 0.0 0.0
9 0 5 0.0 5.0 0.0
10 1 103 1.0 3.9914906122521803 3.9914906122521803
11 0 100 0.0 0.0 0.0
12 3 68 32.9215577265747 810.8239638778247 26693.587932893923
13 3 25 32.9215577265747 165.61186212092687 5452.200479019623
14 1 11 1.0 20.51504931294799 20.51504931294799
15 2 14 9.541850352986048 44.97826169706515 429.17584225083993
16 0 5 0.0 5.0 0.0
17 5 58 139.6884681067044 1600.889370701534 223625.7838016033
18 0 100 0.0 0.0 0.0
19 0 19 0.0 19.0 0.0
20 0 100 0.0 0.0 0.0
21 1 14 1.0 27.799106543625292 27.799106543625292
22 7 152 332.66880679862265 23104.0 7685980.112275378
23 22 267 3370.209833397988 7955642.376994174 26812184169.94351
24 0 100 0.0 0.0 0.0
25 2 27 9.541850352986048 115.98017876588344 1106.66550969663
26 0 100 0.0 0.0 0.0
27 0 5 0.0 5.0 0.0
28 1 11 1.0 20.51504931294799 20.51504931294799
29 3 74 32.9215577265747 927.3002957027797 30528.17021484885
30 14 273 1540.4353185285338 1018811.257612624 1569412844.1409585
31 1 13 1.0 25.320989780782124 25.320989780782124
32 0 100 0.0 0.0 0.0
33 1 103 1.0 3.9914906122521803 3.9914906122521803
34 0 5 0.0 5.0 0.0
35 0 100 0.0 0.0 0.0
36 0 100 0.0 0.0 0.0
37 1 10 1.0 18.1937008646705 18.1937008646705
38 13 174 1331.5823725933528 251213.18992329275 334511055.46480274
39 0 100 0.0 0.0 0.0
40 0 100 0.0 0.0 0.0
41 0 11 0.0 11.0 0.0
42 10 181 766.6651705632711 104962.02514306911 80470728.90897743
43 4 41 75.61186198841948 572.5607883495287 43292.38730866522
44 1 17 1.0 35.503281577765854 35.503281577765854
45 1 7 1.0 11.607984241186918 11.607984241186918
46 2 32 9.541850352986048 148.1842032776824 1413.95149235211
47 2 24 9.541850352986048 97.86086952638261 933.7737724338355
48 0 6 0.0 6.0 0.0
49 0 6 0.0 6.0 0.0
50 0 7 0.0 7.0 0.0
51 0 100 0.0 0.0 0.0
52 0 100 0.0 0.0 0.0
53 14 321 1540.4353185285338 1519053.169838532 2340003153.5419984
54 0 100 0.0 0.0 0.0
55 0 100 0.0 0.0 0.0
56 1 11 1.0 20.51504931294799 20.51504931294799
57 0 5 0.0 5.0 0.0
58 2 15 9.541850352986048 49.68406405407534 474.0779041321602
59 1 11 1.0 20.51504931294799 20.51504931294799
60 0 100 0.0 0.0 0.0
61 13 228 1331.5823725933528 481901.6695597634 641691768.5090877
62 0 100 0.0 0.0 0.0
63 3 56 32.9215577265747 595.765723501293 19613.535657762357
64 11 264 942.9223974109915 350016.89658172324 330038771.25919354
65 0 100 0.0 0.0 0.0
66 0 6 0.0 6.0 0.0
67 10 103 766.6651705632711 29957.799739783 22967601.647201054
68 13 139 1331.5823725933528 146207.80018442628 194687729.4612332
69 0 100 0.0 0.0 0.0
70 0 100 0.0 0.0 0.0
71 0 100 0.0 0.0 0.0
72 0 100 0.0 0.0 0.0
73 0 100 0.0 0.0 0.0
74 1 8 1.0 13.734791927877684 13.734791927877684
75 2 10 9.541850352986048 27.685321443873434 264.16919419175593
76 0 100 0.0 0.0 0.0
77 0 100 0.0 0.0 0.0
78 0 100 0.0 0.0 0.0
79 7 103 332.66880679862265 10609.0 3529283.3713265876
80 3 93 32.9215577265747 1332.8212345645688 43878.55121292201
81 1 29 1.0 69.58346013935528 69.58346013935528
82 0 6 0.0 6.0 0.0
83 2 84 9.541850352986048 596.0613656366125 5687.528352101057
84 0 100 0.0 0.0 0.0
85 3 58 32.9215577265747 629.8939717412368 20737.090752300537
86 1 13 1.0 25.320989780782124 25.320989780782124
87 0 100 0.0 0.0 0.0
88 0 100 0.0 0.0 0.0
89 1 17 1.0 35.503281577765854 35.503281577765854
90 1 9 1.0 15.931997307697284 15.931997307697284
91 0 100 0.0 0.0 0.0
92 0 100 0.0 0.0 0.0
93 6 67 225.58275470837765 3112.8302065571443 702200.8129346088
94 0 6 0.0 6.0 0.0
95 1 10 1.0 18.1937008646705 18.1937008646705
96 0 100 0.0 0.0 0.0
97 1 19 1.0 40.84402933782601 40.84402933782601
98 0 100 0.0 0.0 0.0
99 0 6 0.0 6.0 0.0
100 0 100 0.0 0.0 0.0
101 0 100 0.0 0.0 0.0
102 1 104 1.0 5.735193251789799 5.735193251789799
103 17 413 2206.0678959513543 7173458.423951596 15825136332.021416
104 1 106 1.0 9.55892689827884 9.55892689827884
105 9 118 604.9491004987461 29089.380350657248 17597594.477196
106 11 162 942.9223974109915 114426.4995589995 107895309.29151957
107 2 21 9.541850352986048 80.71796600694597 770.1987524356932
108 0 100 0.0 0.0 0.0
109 0 100 0.0 0.0 0.0
110 1 103 1.0 3.9914906122521803 3.9914906122521803
111 1 104 1.0 5.735193251789799 5.735193251789799
112 1 112 1.0 22.891970023971037 22.891970023971037
113 10 165 766.6651705632711 85435.8497069907 65500690.28782802
114 0 100 0.0 0.0 0.0
115 0 100 0.0 0.0 0.0
116 1 29 1.0 69.58346013935528 69.58346013935528
117 0 100 0.0 0.0 0.0
118 2 19 9.541850352986048 69.8685662777562 666.6754038000371
119 0 100 0.0 0.0 0.0
120 0 100 0.0 0.0 0.0
121 4 85 75.61186198841948 1991.8652456125124 150608.64005078256
122 1 11 1.0 20.51504931294799 20.51504931294799
123 0 11 0.0 11.0 0.0
124 1 107 1.0 11.607984241186918 11.607984241186918
125 20 359 2902.6872563902634 11202419.895714488 32517121472.02319
126 19 320 2668.9360872348193 6309910.995802914 16840749163.93819
127 1 109 1.0 15.931997307697284 15.931997307697284
128 5 110 139.6884681067044 5122.201821660722 715512.5258011569
129 19 285 2668.9360872348193 4607593.256776979 12297371918.31189
130 2 21 9.541850352986048 80.71796600694597 770.1987524356932
131 0 100 0.0 0.0 0.0
132 3 61 32.9215577265747 682.3928350558612 22465.435111492498
133 22 360 3370.209833397988 18611624.098453023 62725078552.11334
134 1 20 1.0 43.57075425423803 43.57075425423803
135 17 223 2206.0678959513543 1426591.9229522045 3147158641.8483663
136 1 108 1.0 13.734791927877684 13.734791927877684
137 17 315 2206.0678959513543 3527165.8735808763 7781167397.401984
138 13 252 1331.5823725933528 613362.0991290607 816742159.217114
139 3 47 32.9215577265747 451.11773253603667 14851.498473166615
140 23 407 3602.4235623004615 33680058.0032658 121329834530.61095
141 5 54 139.6884681067044 1405.9451433371921 196394.3233148333
142 9 156 604.9491004987461 53081.564462536255 32111644.674677517
143 3 60 32.9215577265747 664.7206420100937 21883.638987981092
144 3 143 32.9215577265747 391.71440685113555 12895.848457480626
145 6 110 225.58275470837765 8036.070233330496 1812798.8602646885
146 0 100 0.0 0.0 0.0
147 20 374 2902.6872563902634 12541736.325631611 36404738205.417725
148 14 286 1540.4353185285338 1142666.6965205264 1760204136.6265445
149 16 256 1979.1134619514044 1556908.4964091864 3081298564.2699404
150 18 377 2436.3877014920204 7493996.856067757 18258281775.14335
151 3 76 32.9215577265747 967.3986454236635 31848.270349925308
152 0 100 0.0 0.0 0.0
153 0 100 0.0 0.0 0.0
154 4 85 75.61186198841948 1991.8652456125124 150608.64005078256
155 2 16 9.541850352986048 54.53075711894446 520.3243240639966
156 17 380 2206.0678959513543 5766943.011344674 12722267835.108513
157 0 100 0.0 0.0 0.0
158 12 234 1131.8354418063404 372236.9047172307 421310921.50725144
159 0 100 0.0 0.0 0.0
160 3 60 32.9215577265747 664.7206420100937 21883.638987981092
161 12 167 1131.8354418063404 168403.19994789627 190604710.21462867
162 6 97 225.58275470837765 6317.679695554275 1425159.589088318
163 21 326 3136.7198300107975 11018806.635725688 34562909277.33533
164 24 479 3832.71054120725 68762013.54847 263544894161.85675
165 2 44 9.541850352986048 234.56808185291177 2238.2135346274663
166 11 372 942.9223974109915 374775.67743166024 353384380.2551895
167 20 279 2902.6872563902634 5587744.789743108 16219475593.14841
168 6 109 225.58275470837765 7896.900764171442 1781404.6280404862
169 18 323 2436.3877014920204 4960896.285159671 12086666697.540472
170 13 307 1331.5823725933528 987091.2805406506 1314393349.3085303
171 17 304 2206.0678959513543 3213435.4257543245 7089056728.469387
172 17 288 2206.0678959513543 2788892.004903823 6152485117.293732
173 4 96 75.61186198841948 2452.6531100077354 185449.6684593727
174 8 172 459.67273235884244 44677.262865761426 20536919.4958188
175 16 264 1979.1134619514044 1685099.6835025016 3335003468.3498516
176 2 56 9.541850352986048 332.1417203303481 3169.2465913755254
177 6 108 225.58275470837765 7758.892052145152 1750272.2426078406
178 0 100 0.0 0.0 0.0
179 17 330 2206.0678959513543 3984499.109773183 8790075567.51737
180 12 238 1131.8354418063404 387371.65329229925 438440966.3473421
181 18 321 2436.3877014920204 4879352.128495992 11887993517.116547
182 8 138 459.67273235884244 28257.118371009565 12989026.81018921
183 11 119 942.9223974109915 56469.811181865436 53246649.74095057
184 18 340 2436.3877014920204 5688562.263133302 13859543137.069592
185 14 253 1540.4353185285338 844510.0950808555 1300913177.31644
186 8 142 459.67273235884244 29987.49355902603 13784433.100870684
187 8 140 459.67273235884244 29115.631170703473 13383661.734589547
188 18 372 2436.3877014920204 7231710.279578148 17619249985.91762
189 12 235 1131.8354418063404 375988.1101704417 425556668.7886929
190 17 283 2206.0678959513543 2663779.0645129196 5876477476.129284
191 17 246 2206.0678959513543 1845111.4590874605 4070441154.3448076
192 15 362 1756.7778603087352 1240901.7694593216 2179988755.4040704
193 7 138 332.66880679862265 19044.0 6335344.75667297
194 11 352 942.9223974109915 314655.11951385817 296695359.6496492
195 14 287 1540.4353185285338 1152545.3184725586 1775421514.7798462
196 13 277 1331.5823725933528 770413.209898135 1025868649.9134194
197 17 231 2206.0678959513543 1564644.7799730715 3451712617.666464
198 11 221 942.9223974109915 232979.898453666 219681964.3985001
199 15 312 1756.7778603087352 1926973.531820381 3385264438.1029754
