0 0 6 0.0 6.0 0.0
1 0 6 0.0 6.0 0.0
2 0 8 0.0 8.0 0.0
3 0 6 0.0 6.0 0.0
4 0 5 0.0 5.0 0.0
5 0 100 0.0 0.0 0.0
6 0 100 0.0 0.0 0.0
7 0 7 0.0 7.0 0.0
8 1 101 1.0 1.0 1.0
9 0 10 0.0 10.0 0.0
10 0 6 0.0 6.0 0.0
11 1 12 1.0 22.891970023971037 22.891970023971037
12 0 100 0.0 0.0 0.0
13 0 100 0.0 0.0 0.0
14 0 6 0.0 6.0 0.0
15 0 5 0.0 5.0 0.0
16 0 100 0.0 0.0 0.0
17 0 10 0.0 10.0 0.0
18 0 100 0.0 0.0 0.0
19 0 6 0.0 6.0 0.0
20 1 16 1.0 32.892441635375256 32.892441635375256
21 0 6 0.0 6.0 0.0
22 0 6 0.0 6.0 0.0
23 1 18 1.0 38.15436697768484 38.15436697768484
24 1 12 1.0 22.891970023971037 22.891970023971037
25 1 10 1.0 18.1937008646705 18.1937008646705
26 0 6 0.0 6.0 0.0
27 2 8 9.541850352986048 20.066939702021244 191.47573567908114
28 0 11 0.0 11.0 0.0
29 2 22 9.541850352986048 86.31942417916456 823.6470280735138
30 0 100 0.0 0.0 0.0
31 0 100 0.0 0.0 0.0
32 1 11 1.0 20.51504931294799 20.51504931294799
33 3 26 32.9215577265747 176.25042831919396 5802.438650243859
34 0 10 0.0 10.0 0.0
35 0 11 0.0 11.0 0.0
36 1 11 1.0 20.51504931294799 20.51504931294799
37 0 6 0.0 6.0 0.0
38 0 100 0.0 0.0 0.0
39 2 30 9.541850352986048 135.01359299654277 1288.2794999919763
40 0 10 0.0 10.0 0.0
41 0 100 0.0 0.0 0.0
42 0 6 0.0 6.0 0.0
43 0 7 0.0 7.0 0.0
44 0 100 0.0 0.0 0.0
45 0 6 0.0 6.0 0.0
46 0 5 0.0 5.0 0.0
47 0 6 0.0 6.0 0.0
48 0 7 0.0 7.0 0.0
49 0 100 0.0 0.0 0.0
50 0 5 0.0 5.0 0.0
51 0 5 0.0 5.0 0.0
52 0 10 0.0 10.0 0.0
53 0 6 0.0 6.0 0.0
54 1 12 1.0 22.891970023971037 22.891970023971037
55 1 22 1.0 49.12998068819353 49.12998068819353
56 1 22 1.0 49.12998068819353 49.12998068819353
57 0 10 0.0 10.0 0.0
58 0 14 0.0 14.0 0.0
59 0 100 0.0 0.0 0.0
60 0 100 0.0 0.0 0.0
61 1 103 1.0 3.9914906122521803 3.9914906122521803
62 0 6 0.0 6.0 0.0
63 0 6 0.0 6.0 0.0
64 1 8 1.0 13.734791927877684 13.734791927877684
65 1 6 1.0 9.55892689827884 9.55892689827884
66 1 6 1.0 9.55892689827884 9.55892689827884
67 0 6 0.0 6.0 0.0
68 0 100 0.0 0.0 0.0
69 0 20 0.0 20.0 0.0
70 1 104 1.0 5.735193251789799 5.735193251789799
71 0 6 0.0 6.0 0.0
72 0 100 0.0 0.0 0.0
73 0 100 0.0 0.0 0.0
74 1 22 1.0 49.12998068819353 49.12998068819353
75 0 100 0.0 0.0 0.0
76 0 10 0.0 10.0 0.0
77 2 8 9.541850352986048 20.066939702021244 191.47573567908114
78 0 100 0.0 0.0 0.0
79 0 100 0.0 0.0 0.0
80 1 25 1.0 57.71571011139208 57.71571011139208
81 0 11 0.0 11.0 0.0
82 0 13 0.0 13.0 0.0
83 0 100 0.0 0.0 0.0
84 0 100 0.0 0.0 0.0
85 0 6 0.0 6.0 0.0
86 0 6 0.0 6.0 0.0
87 0 5 0.0 5.0 0.0
88 1 17 1.0 35.503281577765854 35.503281577765854
89 1 13 1.0 25.320989780782124 25.320989780782124
90 1 103 1.0 3.9914906122521803 3.9914906122521803
91 2 11 9.541850352986048 31.76494829034237 303.0963830567869
92 0 100 0.0 0.0 0.0
93 0 5 0.0 5.0 0.0
94 1 20 1.0 43.57075425423803 43.57075425423803
95 0 6 0.0 6.0 0.0
96 0 100 0.0 0.0 0.0
97 0 100 0.0 0.0 0.0
98 1 15 1.0 30.323695983612147 30.323695983612147
99 0 100 0.0 0.0 0.0
100 0 100 0.0 0.0 0.0
101 0 100 0.0 0.0 0.0
102 1 10 1.0 18.1937008646705 18.1937008646705
103 1 12 1.0 22.891970023971037 22.891970023971037
104 3 117 32.9215577265747 89.78750677036001 2955.9445872656233
105 2 15 9.541850352986048 49.68406405407534 474.0779041321602
106 2 20 9.541850352986048 75.23327232919837 717.8646261306569
107 0 5 0.0 5.0 0.0
108 0 100 0.0 0.0 0.0
109 0 100 0.0 0.0 0.0
110 2 9 9.541850352986048 23.78240930402918 226.9281906125095
111 1 6 1.0 9.55892689827884 9.55892689827884
112 2 7 9.541850352986048 16.551687764173284 157.9337277350917
113 1 9 1.0 15.931997307697284 15.931997307697284
114 2 20 9.541850352986048 75.23327232919837 717.8646261306569
115 0 9 0.0 9.0 0.0
116 0 10 0.0 10.0 0.0
117 0 11 0.0 11.0 0.0
118 1 19 1.0 40.84402933782601 40.84402933782601
119 1 102 1.0 2.3948263510722025 2.3948263510722025
120 0 5 0.0 5.0 0.0
121 0 10 0.0 10.0 0.0
122 0 100 0.0 0.0 0.0
123 0 100 0.0 0.0 0.0
124 0 100 0.0 0.0 0.0
125 0 100 0.0 0.0 0.0
126 1 8 1.0 13.734791927877684 13.734791927877684
127 1 20 1.0 43.57075425423803 43.57075425423803
128 0 10 0.0 10.0 0.0
129 0 100 0.0 0.0 0.0
130 0 100 0.0 0.0 0.0
131 0 100 0.0 0.0 0.0
132 1 11 1.0 20.51504931294799 20.51504931294799
133 1 10 1.0 18.1937008646705 18.1937008646705
134 1 12 1.0 22.891970023971037 22.891970023971037
135 1 32 1.0 78.7716859795011 78.7716859795011
136 0 6 0.0 6.0 0.0
137 1 10 1.0 18.1937008646705 18.1937008646705
138 0 100 0.0 0.0 0.0
139 2 13 9.541850352986048 40.41888428935346 385.6709453236695
140 1 16 1.0 32.892441635375256 32.892441635375256
141 1 104 1.0 5.735193251789799 5.735193251789799
142 2 18 9.541850352986048 64.62733255388774 616.6643359418604
143 1 7 1.0 11.607984241186918 11.607984241186918
144 2 15 9.541850352986048 49.68406405407534 474.0779041321602
145 1 9 1.0 15.931997307697284 15.931997307697284
146 0 100 0.0 0.0 0.0
147 1 11 1.0 20.51504931294799 20.51504931294799
148 0 100 0.0 0.0 0.0
149 0 7 0.0 7.0 0.0
150 0 100 0.0 0.0 0.0
151 1 105 1.0 7.59708563275366 7.59708563275366
152 0 6 0.0 6.0 0.0
153 1 17 1.0 35.503281577765854 35.503281577765854
154 1 16 1.0 32.892441635375256 32.892441635375256
155 1 11 1.0 20.51504931294799 20.51504931294799
156 1 101 1.0 1.0 1.0
157 0 100 0.0 0.0 0.0
158 0 100 0.0 0.0 0.0
159 3 109 32.9215577265747 32.71640406476307 1077.0749850240404
160 2 11 9.541850352986048 31.76494829034237 303.0963830567869
161 1 18 1.0 38.15436697768484 38.15436697768484
162 0 7 0.0 7.0 0.0
163 2 10 9.541850352986048 27.685321443873434 264.16919419175593
164 2 26 9.541850352986048 109.8359986590007 1048.0386625749609
165 2 26 9.541850352986048 109.8359986590007 1048.0386625749609
166 1 22 1.0 49.12998068819353 49.12998068819353
167 2 21 9.541850352986048 80.71796600694597 770.1987524356932
168 1 12 1.0 22.891970023971037 22.891970023971037
169 1 28 1.0 66.57403288693754 66.57403288693754
170 1 8 1.0 13.734791927877684 13.734791927877684
171 0 100 0.0 0.0 0.0
172 1 18 1.0 38.15436697768484 38.15436697768484
173 0 100 0.0 0.0 0.0
174 1 19 1.0 40.84402933782601 40.84402933782601
175 1 18 1.0 38.15436697768484 38.15436697768484
176 1 101 1.0 1.0 1.0
177 1 20 1.0 43.57075425423803 43.57075425423803
178 1 20 1.0 43.57075425423803 43.57075425423803
179 1 9 1.0 15.931997307697284 15.931997307697284
180 1 106 1.0 9.55892689827884 9.55892689827884
181 2 7 9.541850352986048 16.551687764173284 157.9337277350917
182 0 10 0.0 10.0 0.0
183 1 103 1.0 3.9914906122521803 3.9914906122521803
184 0 100 0.0 0.0 0.0
185 1 13 1.0 25.320989780782124 25.320989780782124
186 0 100 0.0 0.0 0.0
187 2 31 9.541850352986048 141.5519192260369 1350.6672304328126
188 1 21 1.0 46.33316012586883 46.33316012586883
189 4 33 75.61186198841948 395.0229353848392 29868.419672578806
190 0 100 0.0 0.0 0.0
191 1 16 1.0 32.892441635375256 32.892441635375256
192 2 15 9.541850352986048 49.68406405407534 474.0779041321602
193 1 19 1.0 40.84402933782601 40.84402933782601
194 2 12 9.541850352986048 36.01211998010309 343.62225974392254
195 1 10 1.0 18.1937008646705 18.1937008646705
196 1 9 1.0 15.931997307697284 15.931997307697284
197 2 15 9.541850352986048 49.68406405407534 474.0779041321602
198 2 22 9.541850352986048 86.31942417916456 823.6470280735138
199 1 8 1.0 13.734791927877684 13.734791927877684
