0 1 105 1.0 7.59708563275366 7.59708563275366
1 1 23 1.0 51.960050539976365 51.960050539976365
2 0 5 0.0 5.0 0.0
3 0 100 0.0 0.0 0.0
4 0 100 0.0 0.0 0.0
5 1 101 1.0 1.0 1.0
6 0 100 0.0 0.0 0.0
7 2 14 9.541850352986048 44.97826169706515 429.17584225083993
8 0 100 0.0 0.0 0.0
9 0 6 0.0 6.0 0.0
10 0 100 0.0 0.0 0.0
11 0 5 0.0 5.0 0.0
12 15 259 1756.7778603087352 1205408.7646549423 2117635430.3679054
13 3 15 32.9215577265747 73.60859052492496 2423.3094621381165
14 0 100 0.0 0.0 0.0
15 0 100 0.0 0.0 0.0
16 0 100 0.0 0.0 0.0
17 0 100 0.0 0.0 0.0
18 8 93 459.67273235884244 12433.962042190109 5715553.30597966
19 0 11 0.0 11.0 0.0
20 0 100 0.0 0.0 0.0
21 2 120 9.541850352986048 75.23327232919837 717.8646261306569
22 0 100 0.0 0.0 0.0
23 1 28 1.0 66.57403288693754 66.57403288693754
24 1 18 1.0 38.15436697768484 38.15436697768484
25 2 17 9.541850352986048 59.51335422080222 567.8675199791454
26 2 13 9.541850352986048 40.41888428935346 385.6709453236695
27 1 19 1.0 40.84402933782601 40.84402933782601
28 0 11 0.0 11.0 0.0
29 3 21 32.9215577265747 125.57185196799401 4134.020973397207
30 0 5 0.0 5.0 0.0
31 9 179 604.9491004987461 71387.91888231963 43186057.31433672
32 5 78 139.6884681067044 2742.610069160227 383110.9991750147
33 0 100 0.0 0.0 0.0
34 2 21 9.541850352986048 80.71796600694597 770.1987524356932
35 1 104 1.0 5.735193251789799 5.735193251789799
36 1 103 1.0 3.9914906122521803 3.9914906122521803
37 3 20 32.9215577265747 116.21344721391306 3825.92771105708
38 0 100 0.0 0.0 0.0
39 0 100 0.0 0.0 0.0
40 0 5 0.0 5.0 0.0
41 1 45 1.0 121.03674784737703 121.03674784737703
42 0 100 0.0 0.0 0.0
43 2 26 9.541850352986048 109.8359986590007 1048.0386625749609
44 4 175 75.61186198841948 1608.0874365260645 121590.48531592006
45 4 26 75.61186198841948 262.7667382888815 19868.282350646048
46 0 6 0.0 6.0 0.0
47 1 14 1.0 27.799106543625292 27.799106543625292
48 1 19 1.0 40.84402933782601 40.84402933782601
49 4 64 75.61186198841948 1226.095534977771 92707.36637535656
50 2 21 9.541850352986048 80.71796600694597 770.1987524356932
51 0 5 0.0 5.0 0.0
52 0 100 0.0 0.0 0.0
53 1 9 1.0 15.931997307697284 15.931997307697284
54 18 224 2436.3877014920204 1868123.944601683 4551474203.490301
55 1 115 1.0 30.323695983612147 30.323695983612147
56 1 21 1.0 46.33316012586883 46.33316012586883
57 1 23 1.0 51.960050539976365 51.960050539976365
58 0 100 0.0 0.0 0.0
59 0 8 0.0 8.0 0.0
60 0 100 0.0 0.0 0.0
61 2 30 9.541850352986048 135.01359299654277 1288.2794999919763
62 0 6 0.0 6.0 0.0
63 3 46 32.9215577265747 435.9769523615719 14353.040404627594
64 1 9 1.0 15.931997307697284 15.931997307697284
65 2 40 9.541850352986048 204.4421003683832 1950.7559275652661
66 1 32 1.0 78.7716859795011 78.7716859795011
67 2 17 9.541850352986048 59.51335422080222 567.8675199791454
68 0 100 0.0 0.0 0.0
69 2 24 9.541850352986048 97.86086952638261 933.7737724338355
70 1 5 1.0 7.59708563275366 7.59708563275366
71 0 100 0.0 0.0 0.0
72 0 100 0.0 0.0 0.0
73 0 100 0.0 0.0 0.0
74 1 11 1.0 20.51504931294799 20.51504931294799
75 0 100 0.0 0.0 0.0
76 0 100 0.0 0.0 0.0
77 1 23 1.0 51.960050539976365 51.960050539976365
78 3 124 32.9215577265747 155.22039240905832 5110.09710903639
79 1 104 1.0 5.735193251789799 5.735193251789799
80 0 100 0.0 0.0 0.0
81 0 100 0.0 0.0 0.0
82 0 100 0.0 0.0 0.0
83 0 5 0.0 5.0 0.0
84 1 6 1.0 9.55892689827884 9.55892689827884
85 2 132 9.541850352986048 148.1842032776824 1413.95149235211
86 12 185 1131.8354418063404 214229.6252136221 242472682.5016667
87 0 6 0.0 6.0 0.0
88 13 217 1331.5823725933528 427760.1792612994 569597914.401719
89 0 100 0.0 0.0 0.0
90 0 8 0.0 8.0 0.0
91 0 10 0.0 10.0 0.0
92 0 100 0.0 0.0 0.0
93 0 100 0.0 0.0 0.0
94 8 171 459.67273235884244 44138.65408801346 20289335.72727894
95 1 106 1.0 9.55892689827884 9.55892689827884
96 0 100 0.0 0.0 0.0
97 0 5 0.0 5.0 0.0
98 10 207 766.6651705632711 141472.4708480404 108462015.99272029
99 3 131 32.9215577265747 233.0178128969552 7671.309378607293
100 13 233 1331.5823725933528 507767.10188706696 676133722.2556313
101 15 225 1756.7778603087352 845529.0542821898 1485406722.8107338
102 2 26 9.541850352986048 109.8359986590007 1048.0386625749609
103 1 35 1.0 88.18685030395203 88.18685030395203
104 1 27 1.0 63.59241768810072 63.59241768810072
105 12 239 1131.8354418063404 391209.5839510121 442784872.29006845
106 5 89 139.6884681067044 3485.593399577667 486897.20242984424
107 4 42 75.61186198841948 596.6466987883373 45113.56784462985
108 1 19 1.0 40.84402933782601 40.84402933782601
109 2 42 9.541850352986048 219.34644070399202 2092.9709126576195
110 3 131 32.9215577265747 233.0178128969552 7671.309378607293
111 7 174 332.66880679862265 5476.0 1821694.3860292577
112 3 33 32.9215577265747 257.33012181535685 8471.708460130769
113 1 19 1.0 40.84402933782601 40.84402933782601
114 2 23 9.541850352986048 92.0346545141889 878.1809006631623
115 2 9 9.541850352986048 23.78240930402918 226.9281906125095
116 1 105 1.0 7.59708563275366 7.59708563275366
117 2 34 9.541850352986048 161.72412498062124 1543.1473990327004
118 1 6 1.0 9.55892689827884 9.55892689827884
119 3 36 32.9215577265747 295.444715883087 9726.500268956508
120 2 139 9.541850352986048 197.11162840858907 1880.8096611081503
121 13 234 1331.5823725933528 513035.32671345456 683148797.5693078
122 1 100 1.0 0.0 0.0
123 8 145 459.67273235884244 31320.350759055804 14397111.211852526
124 2 21 9.541850352986048 80.71796600694597 770.1987524356932
125 1 7 1.0 11.607984241186918 11.607984241186918
126 1 46 1.0 124.43529823617882 124.43529823617882
127 1 28 1.0 66.57403288693754 66.57403288693754
128 7 78 332.66880679862265 6084.0 2023957.0205628201
129 5 127 139.6884681067044 6650.664878194386 929021.1887260355
130 0 100 0.0 0.0 0.0
131 7 117 332.66880679862265 13689.0 4553903.296266345
132 5 148 139.6884681067044 8782.683953762982 1226839.6673664846
133 4 56 75.61186198841948 975.7969952136767 73781.82773081094
134 0 100 0.0 0.0 0.0
135 2 64 9.541850352986048 402.6820690045564 3842.3320422722786
136 0 100 0.0 0.0 0.0
137 0 100 0.0 0.0 0.0
138 1 112 1.0 22.891970023971037 22.891970023971037
139 4 51 75.61186198841948 831.5797944458234 62877.296649995835
140 2 22 9.541850352986048 86.31942417916456 823.6470280735138
141 5 149 139.6884681067044 8890.81391188304 1241944.1755727178
142 1 9 1.0 15.931997307697284 15.931997307697284
143 13 208 1331.5823725933528 386244.5945999156 514316493.6787133
144 0 5 0.0 5.0 0.0
145 5 90 139.6884681067044 3557.085524945249 496883.82790413423
146 9 181 604.9491004987461 73117.4506468244 44232335.99955789
147 13 223 1331.5823725933528 456823.8815468923 608298628.0475156
148 1 17 1.0 35.503281577765854 35.503281577765854
149 5 124 139.6884681067044 6367.950129749906 889529.1986046539
150 13 248 1331.5823725933528 590159.2186833756 785845612.6222486
151 13 151 1331.5823725933528 178502.55358571856 237690853.81764323
152 0 100 0.0 0.0 0.0
153 4 72 75.61186198841948 1499.6637502850892 113392.36851559173
154 1 108 1.0 13.734791927877684 13.734791927877684
155 3 73 32.9215577265747 907.48753481702 29875.90326362549
156 2 37 9.541850352986048 182.69988024795316 1743.2949168344405
157 11 216 942.9223974109915 221087.86970014448 208468704.13614914
158 3 169 32.9215577265747 829.8335342600375 27319.412601589327
159 6 69 225.58275470837765 3293.0002682054314 742844.0717572076
160 0 5 0.0 5.0 0.0
161 1 106 1.0 9.55892689827884 9.55892689827884
162 1 15 1.0 30.323695983612147 30.323695983612147
163 1 24 1.0 54.8222930413608 54.8222930413608
164 3 58 32.9215577265747 629.8939717412368 20737.090752300537
165 1 17 1.0 35.503281577765854 35.503281577765854
166 15 241 1756.7778603087352 1005325.7957397868 1766134100.3529193
167 1 15 1.0 30.323695983612147 30.323695983612147
168 2 27 9.541850352986048 115.98017876588344 1106.66550969663
169 0 100 0.0 0.0 0.0
170 1 27 1.0 63.59241768810072 63.59241768810072
171 2 8 9.541850352986048 20.066939702021244 191.47573567908114
172 2 12 9.541850352986048 36.01211998010309 343.62225974392254
173 6 132 225.58275470837765 11389.69248070312 2569318.205078305
174 3 35 32.9215577265747 282.5239294230334 9301.12785163911
175 5 86 139.6884681067044 3275.042744200361 457485.7039213258
176 11 186 942.9223974109915 156995.63646857248 148034701.92201084
177 15 297 1756.7778603087352 1701985.2950652083 2990010084.941588
178 1 108 1.0 13.734791927877684 13.734791927877684
179 2 9 9.541850352986048 23.78240930402918 226.9281906125095
180 5 108 139.6884681067044 4954.230173639048 692048.8236036508
181 13 216 1331.5823725933528 423024.6252555632 563292134.1632168
182 12 160 1131.8354418063404 152273.30401110792 172348322.32072353
183 9 152 604.9491004987461 50192.57933226694 30363955.718766842
184 3 27 32.9215577265747 187.1321231368427 6160.680994346051
185 3 65 32.9215577265747 754.7803226662346 24848.54396353912
186 16 309 1979.1134619514044 2525715.3266363554 4998677204.002999
187 9 273 604.9491004987461 66332.16348879764 40127582.6366839
188 7 217 332.66880679862265 13689.0 4553903.296266345
189 10 189 766.6651705632711 115559.52004722142 88595459.14721276
190 4 53 75.61186198841948 888.1171619831025 67152.19228141312
191 3 92 32.9215577265747 1310.1434892630975 43131.96451187106
192 11 188 942.9223974109915 160887.29862578577 151704237.33320403
193 10 156 766.6651705632711 75416.33841413441 57819079.95352973
194 9 84 604.9491004987461 13987.305071332752 8461607.621304298
195 3 53 32.9215577265747 545.90532331836 17972.053614869816
196 0 100 0.0 0.0 0.0
197 2 43 9.541850352986048 226.91812071099523 2165.21875020514
198 12 223 1131.8354418063404 332392.0912128828 376213149.41086656
199 10 134 766.6651705632711 53782.219657512425 41232954.60699808
