0 1 20 1.0 43.57075425423803 43.57075425423803
1 3 44 32.9215577265747 406.27351121486885 13375.156852238497
2 0 100 0.0 0.0 0.0
3 0 100 0.0 0.0 0.0
4 0 7 0.0 7.0 0.0
5 2 27 9.541850352986048 115.98017876588344 1106.66550969663
6 2 10 9.541850352986048 27.685321443873434 264.16919419175593
7 1 10 1.0 18.1937008646705 18.1937008646705
8 13 247 1331.5823725933528 584440.1619338142 778230217.4666716
9 1 20 1.0 43.57075425423803 43.57075425423803
10 1 21 1.0 46.33316012586883 46.33316012586883
11 0 5 0.0 5.0 0.0
12 1 15 1.0 30.323695983612147 30.323695983612147
13 0 100 0.0 0.0 0.0
14 0 7 0.0 7.0 0.0
15 2 17 9.541850352986048 59.51335422080222 567.8675199791454
16 0 11 0.0 11.0 0.0
17 1 23 1.0 51.960050539976365 51.960050539976365
18 5 65 139.6884681067044 1969.1653870843556 275069.6963705592
19 2 20 9.541850352986048 75.23327232919837 717.8646261306569
20 0 100 0.0 0.0 0.0
21 1 11 1.0 20.51504931294799 20.51504931294799
22 0 100 0.0 0.0 0.0
23 1 18 1.0 38.15436697768484 38.15436697768484
24 0 100 0.0 0.0 0.0
25 0 11 0.0 11.0 0.0
26 18 404 2436.3877014920204 9013061.446133219 21959312060.150856
27 1 103 1.0 3.9914906122521803 3.9914906122521803
28 1 35 1.0 88.18685030395203 88.18685030395203
29 0 100 0.0 0.0 0.0
30 0 6 0.0 6.0 0.0
31 0 100 0.0 0.0 0.0
32 0 100 0.0 0.0 0.0
33 0 100 0.0 0.0 0.0
34 20 260 2902.6872563902634 4599687.797131067 13351455152.106152
35 1 22 1.0 49.12998068819353 49.12998068819353
36 0 100 0.0 0.0 0.0
37 0 100 0.0 0.0 0.0
38 1 7 1.0 11.607984241186918 11.607984241186918
39 2 19 9.541850352986048 69.8685662777562 666.6754038000371
40 0 6 0.0 6.0 0.0
41 4 75 75.61186198841948 1608.0874365260645 121590.48531592006
42 0 100 0.0 0.0 0.0
43 0 100 0.0 0.0 0.0
44 3 26 32.9215577265747 176.25042831919396 5802.438650243859
45 0 100 0.0 0.0 0.0
46 0 100 0.0 0.0 0.0
47 1 21 1.0 46.33316012586883 46.33316012586883
48 13 196 1331.5823725933528 334705.799790386 445688343.00563794
49 1 36 1.0 91.37308344663872 91.37308344663872
50 0 11 0.0 11.0 0.0
51 1 9 1.0 15.931997307697284 15.931997307697284
52 1 11 1.0 20.51504931294799 20.51504931294799
53 0 100 0.0 0.0 0.0
54 0 100 0.0 0.0 0.0
55 0 100 0.0 0.0 0.0
56 0 100 0.0 0.0 0.0
57 1 21 1.0 46.33316012586883 46.33316012586883
58 8 154 459.67273235884244 35499.84558585349 16318311.018766263
59 2 8 9.541850352986048 20.066939702021244 191.47573567908114
60 0 100 0.0 0.0 0.0
61 12 144 1131.8354418063404 118859.14348227819 134528991.17598754
62 1 105 1.0 7.59708563275366 7.59708563275366
63 1 11 1.0 20.51504931294799 20.51504931294799
64 0 100 0.0 0.0 0.0
65 2 11 9.541850352986048 31.76494829034237 303.0963830567869
66 2 31 9.541850352986048 141.5519192260369 1350.6672304328126
67 0 100 0.0 0.0 0.0
68 1 9 1.0 15.931997307697284 15.931997307697284
69 0 5 0.0 5.0 0.0
70 2 16 9.541850352986048 54.53075711894446 520.3243240639966
71 12 155 1131.8354418063404 141319.76270431234 159950716.05640253
72 3 80 32.9215577265747 1049.4627962762117 34549.95002949981
73 0 6 0.0 6.0 0.0
74 1 12 1.0 22.891970023971037 22.891970023971037
75 0 5 0.0 5.0 0.0
76 0 100 0.0 0.0 0.0
77 1 105 1.0 7.59708563275366 7.59708563275366
78 0 100 0.0 0.0 0.0
79 1 21 1.0 46.33316012586883 46.33316012586883
80 1 112 1.0 22.891970023971037 22.891970023971037
81 18 252 2436.3877014920204 2558003.6643008813 6232288668.07419
82 0 100 0.0 0.0 0.0
83 0 100 0.0 0.0 0.0
84 14 266 1540.4353185285338 955591.7047239607 1472027212.049679
85 0 6 0.0 6.0 0.0
86 1 10 1.0 18.1937008646705 18.1937008646705
87 0 100 0.0 0.0 0.0
88 12 222 1131.8354418063404 328897.9287204573 372258332.46250904
89 0 11 0.0 11.0 0.0
90 2 31 9.541850352986048 141.5519192260369 1350.6672304328126
91 0 100 0.0 0.0 0.0
92 2 9 9.541850352986048 23.78240930402918 226.9281906125095
93 1 26 1.0 60.63937356224698 60.63937356224698
94 1 107 1.0 11.607984241186918 11.607984241186918
95 2 20 9.541850352986048 75.23327232919837 717.8646261306569
96 0 100 0.0 0.0 0.0
97 1 14 1.0 27.799106543625292 27.799106543625292
98 0 100 0.0 0.0 0.0
99 0 6 0.0 6.0 0.0
100 4 91 75.61186198841948 2238.2761103848434 169240.22435039515
101 3 45 32.9215577265747 421.0282951259743 13860.907322511091
102 3 37 32.9215577265747 308.57807572808247 10158.870933237406
103 17 283 2206.0678959513543 2663779.0645129196 5876477476.129284
104 4 172 75.61186198841948 1499.6637502850892 113392.36851559173
105 1 108 1.0 13.734791927877684 13.734791927877684
106 22 293 3370.209833397988 10361994.780496987 34922096702.84957
107 19 363 2668.9360872348193 8884963.33225435 23713399271.211765
108 1 103 1.0 3.9914906122521803 3.9914906122521803
109 8 260 459.67273235884244 38437.428033367876 17668637.56894458
110 3 51 32.9215577265747 513.5688732735056 16907.48730804564
111 4 34 75.61186198841948 415.7115691523703 31432.725793738326
112 5 78 139.6884681067044 2742.610069160227 383110.9991750147
113 0 100 0.0 0.0 0.0
114 11 196 942.9223974109915 176993.10367369323 166890761.64121097
115 7 165 332.66880679862265 27225.0 9056908.265092501
116 4 69 75.61186198841948 1394.4010936602072 105433.26305033677
117 18 370 2436.3877014920204 7128427.135633949 17367612204.240543
118 3 43 32.9215577265747 391.71440685113555 12895.848457480626
119 19 363 2668.9360872348193 8884963.33225435 23713399271.211765
120 1 102 1.0 2.3948263510722025 2.3948263510722025
121 8 149 459.67273235884244 33144.35724984052 15235557.2593118
122 0 100 0.0 0.0 0.0
123 0 100 0.0 0.0 0.0
124 0 100 0.0 0.0 0.0
125 13 262 1331.5823725933528 673674.5636254904 897053173.7882222
126 15 315 1756.7778603087352 1974004.3791972483 3467887189.526215
127 7 95 332.66880679862265 9025.0 3002335.9813575693
128 5 95 139.6884681067044 3924.3008107112732 548179.5686381559
129 5 160 139.6884681067044 1702.6102917613564 237835.0234388529
130 0 6 0.0 6.0 0.0
131 9 135 604.9491004987461 38874.51396153533 23517102.253356747
132 0 100 0.0 0.0 0.0
133 4 183 75.61186198841948 1912.3940233356846 144599.67295993603
134 0 100 0.0 0.0 0.0
135 0 100 0.0 0.0 0.0
136 7 151 332.66880679862265 22801.0 7585181.463815395
137 11 168 942.9223974109915 124361.6449123442 117263380.36672203
138 5 124 139.6884681067044 6367.950129749906 889529.1986046539
139 13 227 1331.5823725933528 476823.32726528787 634929537.4277687
140 7 87 332.66880679862265 7569.0 2517970.198658775
141 17 350 2206.0678959513543 4648838.225940067 10255652763.71783
142 1 111 1.0 20.51504931294799 20.51504931294799
143 7 148 332.66880679862265 21904.0 7286777.544117031
144 14 311 1540.4353185285338 1404998.2064103112 2164308859.6236863
145 7 87 332.66880679862265 7569.0 2517970.198658775
146 2 18 9.541850352986048 64.62733255388774 616.6643359418604
147 3 71 32.9215577265747 868.3392862126454 28587.081937302275
148 22 379 3370.209833397988 21543035.75164036 72604550931.42276
149 14 225 1540.4353185285338 632384.0785092266 974146769.4107337
150 16 336 1979.1134619514044 3132778.3997556516 6200123904.266988
151 18 288 2436.3877014920204 3652977.264034573 8900068879.923803
152 13 381 1331.5823725933528 797499.8208255961 1061936703.557721
153 15 329 1756.7778603087352 2202602.8512196797 3869483924.0756283
154 1 103 1.0 3.9914906122521803 3.9914906122521803
155 11 151 942.9223974109915 97411.87247104548 91851836.32669197
156 13 279 1331.5823725933528 783888.0642039899 1043811528.3803594
157 16 236 1979.1134619514044 1263062.8148243069 2499744620.1090198
158 5 94 139.6884681067044 3849.5614363989175 537739.3399332094
159 13 234 1331.5823725933528 513035.32671345456 683148797.5693078
160 0 100 0.0 0.0 0.0
161 2 19 9.541850352986048 69.8685662777562 666.6754038000371
162 11 94 942.9223974109915 32910.547917491844 31032092.742470723
163 12 198 1131.8354418063404 251320.85466166472 284453850.57113236
164 9 108 604.9491004987461 24036.912268699078 14541108.455716783
165 15 233 1756.7778603087352 923343.1145988388 1622108741.1957514
166 15 275 1756.7778603087352 1401952.2349622357 2462918647.5920057
167 13 271 1331.5823725933528 730806.0186361094 973128412.2009726
168 4 138 75.61186198841948 502.796158813779 38017.3537685349
169 4 161 75.61186198841948 1129.4605717070829 85400.6168692773
170 18 290 2436.3877014920204 3721061.75277559 9065949090.954788
171 23 359 3602.4235623004615 23451344.20888826 84481674945.71754
172 13 257 1331.5823725933528 643104.6864199162 856346864.1689363
173 14 282 1540.4353185285338 1103656.527037045 1700111493.7724059
174 13 203 1331.5823725933528 364245.1060790388 485022362.558244
175 7 105 332.66880679862265 11025.0 3667673.5949548148
176 12 138 1131.8354418063404 107540.46831044725 121718113.46221581
177 5 89 139.6884681067044 3485.593399577667 486897.20242984424
178 0 100 0.0 0.0 0.0
179 3 74 32.9215577265747 927.3002957027797 30528.17021484885
180 14 279 1540.4353185285338 1074926.1176771463 1655854156.478635
181 6 151 225.58275470837765 14731.024405213999 3323065.065004514
182 15 329 1756.7778603087352 2202602.8512196797 3869483924.0756283
183 7 126 332.66880679862265 15876.0 5281449.976734933
184 13 252 1331.5823725933528 613362.0991290607 816742159.217114
185 11 168 942.9223974109915 124361.6449123442 117263380.36672203
186 11 182 942.9223974109915 149372.90046118762 140847053.41109642
187 2 9 9.541850352986048 23.78240930402918 226.9281906125095
188 12 179 1131.8354418063404 198249.2157972227 224385488.7496101
189 19 311 2668.9360872348193 5839729.273344736 15585864197.311333
190 6 159 225.58275470837765 16260.024842230365 3667981.1955369795
191 3 33 32.9215577265747 257.33012181535685 8471.708460130769
192 1 20 1.0 43.57075425423803 43.57075425423803
193 2 32 9.541850352986048 148.1842032776824 1413.95149235211
194 17 275 2206.0678959513543 2470928.422295235 5451035865.619248
195 10 263 766.6651705632711 83149.79614194512 63748052.641465575
196 6 177 225.58275470837765 4061.8785529685815 916289.7532695315
197 19 306 2668.9360872348193 5588381.290410277 14915032495.203876
198 6 101 225.58275470837765 6825.411756924657 1539695.1861460118
199 13 204 1331.5823725933528 368584.680897397 490800863.89091974
