0 0 6 0.0 6.0 0.0
1 0 100 0.0 0.0 0.0
2 1 8 1.0 13.734791927877684 13.734791927877684
3 0 7 0.0 7.0 0.0
4 0 8 0.0 8.0 0.0
5 0 6 0.0 6.0 0.0
6 0 6 0.0 6.0 0.0
7 0 6 0.0 6.0 0.0
8 0 20 0.0 20.0 0.0
9 0 100 0.0 0.0 0.0
10 0 5 0.0 5.0 0.0
11 0 100 0.0 0.0 0.0
12 0 10 0.0 10.0 0.0
13 0 6 0.0 6.0 0.0
14 0 100 0.0 0.0 0.0
15 0 5 0.0 5.0 0.0
16 0 6 0.0 6.0 0.0
17 0 20 0.0 20.0 0.0
18 0 6 0.0 6.0 0.0
19 0 9 0.0 9.0 0.0
20 0 100 0.0 0.0 0.0
21 0 5 0.0 5.0 0.0
22 0 6 0.0 6.0 0.0
23 0 100 0.0 0.0 0.0
24 2 19 9.541850352986048 69.8685662777562 666.6754038000371
25 1 27 1.0 63.59241768810072 63.59241768810072
26 1 8 1.0 13.734791927877684 13.734791927877684
27 0 6 0.0 6.0 0.0
28 1 11 1.0 20.51504931294799 20.51504931294799
29 0 6 0.0 6.0 0.0
30 0 6 0.0 6.0 0.0
31 0 6 0.0 6.0 0.0
32 0 15 0.0 15.0 0.0
33 1 101 1.0 1.0 1.0
34 1 100 1.0 0.0 0.0
35 0 9 0.0 9.0 0.0
36 0 6 0.0 6.0 0.0
37 1 10 1.0 18.1937008646705 18.1937008646705
38 0 5 0.0 5.0 0.0
39 0 100 0.0 0.0 0.0
40 0 5 0.0 5.0 0.0
41 0 6 0.0 6.0 0.0
42 0 100 0.0 0.0 0.0
43 0 100 0.0 0.0 0.0
44 0 6 0.0 6.0 0.0
45 0 100 0.0 0.0 0.0
46 0 100 0.0 0.0 0.0
47 1 8 1.0 13.734791927877684 13.734791927877684
48 1 100 1.0 0.0 0.0
49 0 6 0.0 6.0 0.0
50 0 100 0.0 0.0 0.0
51 0 100 0.0 0.0 0.0
52 0 12 0.0 12.0 0.0
53 0 18 0.0 18.0 0.0
54 0 6 0.0 6.0 0.0
55 0 100 0.0 0.0 0.0
56 1 13 1.0 25.320989780782124 25.320989780782124
57 0 5 0.0 5.0 0.0
58 0 100 0.0 0.0 0.0
59 0 20 0.0 20.0 0.0
60 0 6 0.0 6.0 0.0
61 0 10 0.0 10.0 0.0
62 0 10 0.0 10.0 0.0
63 0 10 0.0 10.0 0.0
64 1 101 1.0 1.0 1.0
65 0 6 0.0 6.0 0.0
66 0 5 0.0 5.0 0.0
67 0 6 0.0 6.0 0.0
68 0 100 0.0 0.0 0.0
69 0 10 0.0 10.0 0.0
70 0 6 0.0 6.0 0.0
71 0 10 0.0 10.0 0.0
72 0 10 0.0 10.0 0.0
73 0 5 0.0 5.0 0.0
74 0 6 0.0 6.0 0.0
75 0 6 0.0 6.0 0.0
76 0 100 0.0 0.0 0.0
77 0 100 0.0 0.0 0.0
78 1 16 1.0 32.892441635375256 32.892441635375256
79 0 10 0.0 10.0 0.0
80 0 5 0.0 5.0 0.0
81 0 6 0.0 6.0 0.0
82 0 6 0.0 6.0 0.0
83 0 100 0.0 0.0 0.0
84 1 8 1.0 13.734791927877684 13.734791927877684
85 1 20 1.0 43.57075425423803 43.57075425423803
86 1 17 1.0 35.503281577765854 35.503281577765854
87 0 8 0.0 8.0 0.0
88 0 7 0.0 7.0 0.0
89 0 8 0.0 8.0 0.0
90 0 100 0.0 0.0 0.0
91 0 100 0.0 0.0 0.0
92 0 100 0.0 0.0 0.0
93 1 16 1.0 32.892441635375256 32.892441635375256
94 0 5 0.0 5.0 0.0
95 0 100 0.0 0.0 0.0
96 0 6 0.0 6.0 0.0
97 1 10 1.0 18.1937008646705 18.1937008646705
98 0 100 0.0 0.0 0.0
99 0 5 0.0 5.0 0.0
100 0 18 0.0 18.0 0.0
101 0 5 0.0 5.0 0.0
102 1 102 1.0 2.3948263510722025 2.3948263510722025
103 0 6 0.0 6.0 0.0
104 0 5 0.0 5.0 0.0
105 0 10 0.0 10.0 0.0
106 1 100 1.0 0.0 0.0
107 0 100 0.0 0.0 0.0
108 0 100 0.0 0.0 0.0
109 0 5 0.0 5.0 0.0
110 0 5 0.0 5.0 0.0
111 0 6 0.0 6.0 0.0
112 0 10 0.0 10.0 0.0
113 0 6 0.0 6.0 0.0
114 1 6 1.0 9.55892689827884 9.55892689827884
115 0 10 0.0 10.0 0.0
116 0 100 0.0 0.0 0.0
117 1 5 1.0 7.59708563275366 7.59708563275366
118 0 9 0.0 9.0 0.0
119 0 9 0.0 9.0 0.0
120 0 6 0.0 6.0 0.0
121 0 5 0.0 5.0 0.0
122 1 103 1.0 3.9914906122521803 3.9914906122521803
123 0 6 0.0 6.0 0.0
124 0 5 0.0 5.0 0.0
125 0 6 0.0 6.0 0.0
126 0 5 0.0 5.0 0.0
127 0 6 0.0 6.0 0.0
128 0 5 0.0 5.0 0.0
129 0 5 0.0 5.0 0.0
130 0 10 0.0 10.0 0.0
131 0 7 0.0 7.0 0.0
132 1 18 1.0 38.15436697768484 38.15436697768484
133 0 6 0.0 6.0 0.0
134 0 6 0.0 6.0 0.0
135 0 6 0.0 6.0 0.0
136 0 100 0.0 0.0 0.0
137 1 14 1.0 27.799106543625292 27.799106543625292
138 0 6 0.0 6.0 0.0
139 0 100 0.0 0.0 0.0
140 0 5 0.0 5.0 0.0
141 0 100 0.0 0.0 0.0
142 0 100 0.0 0.0 0.0
143 0 8 0.0 8.0 0.0
144 0 13 0.0 13.0 0.0
145 1 8 1.0 13.734791927877684 13.734791927877684
146 0 100 0.0 0.0 0.0
147 1 9 1.0 15.931997307697284 15.931997307697284
148 1 103 1.0 3.9914906122521803 3.9914906122521803
149 0 7 0.0 7.0 0.0
150 0 8 0.0 8.0 0.0
151 0 7 0.0 7.0 0.0
152 0 6 0.0 6.0 0.0
153 0 6 0.0 6.0 0.0
154 0 100 0.0 0.0 0.0
155 0 100 0.0 0.0 0.0
156 0 6 0.0 6.0 0.0
157 0 100 0.0 0.0 0.0
158 0 6 0.0 6.0 0.0
159 0 6 0.0 6.0 0.0
160 0 10 0.0 10.0 0.0
161 1 7 1.0 11.607984241186918 11.607984241186918
162 0 10 0.0 10.0 0.0
163 0 8 0.0 8.0 0.0
164 0 100 0.0 0.0 0.0
165 0 100 0.0 0.0 0.0
166 1 9 1.0 15.931997307697284 15.931997307697284
167 0 10 0.0 10.0 0.0
168 0 6 0.0 6.0 0.0
169 0 6 0.0 6.0 0.0
170 0 8 0.0 8.0 0.0
171 0 11 0.0 11.0 0.0
172 0 100 0.0 0.0 0.0
173 0 9 0.0 9.0 0.0
174 0 100 0.0 0.0 0.0
175 0 100 0.0 0.0 0.0
176 0 6 0.0 6.0 0.0
177 1 10 1.0 18.1937008646705 18.1937008646705
178 0 100 0.0 0.0 0.0
179 0 100 0.0 0.0 0.0
180 2 22 9.541850352986048 86.31942417916456 823.6470280735138
181 1 8 1.0 13.734791927877684 13.734791927877684
182 0 10 0.0 10.0 0.0
183 0 9 0.0 9.0 0.0
184 0 6 0.0 6.0 0.0
185 0 100 0.0 0.0 0.0
186 0 14 0.0 14.0 0.0
187 0 5 0.0 5.0 0.0
188 0 100 0.0 0.0 0.0
189 1 7 1.0 11.607984241186918 11.607984241186918
190 0 12 0.0 12.0 0.0
191 1 10 1.0 18.1937008646705 18.1937008646705
192 0 6 0.0 6.0 0.0
193 1 11 1.0 20.51504931294799 20.51504931294799
194 1 7 1.0 11.607984241186918 11.607984241186918
195 0 100 0.0 0.0 0.0
196 0 100 0.0 0.0 0.0
197 0 100 0.0 0.0 0.0
198 0 100 0.0 0.0 0.0
199 1 13 1.0 25.320989780782124 25.320989780782124
