0 0 9 0.0 9.0 0.0
1 0 100 0.0 0.0 0.0
2 2 29 9.541850352986048 128.5709592386038 1226.8048527946264
3 0 100 0.0 0.0 0.0
4 0 100 0.0 0.0 0.0
5 0 6 0.0 6.0 0.0
6 0 100 0.0 0.0 0.0
7 0 100 0.0 0.0 0.0
8 2 20 9.541850352986048 75.23327232919837 717.8646261306569
9 0 5 0.0 5.0 0.0
10 8 262 459.67273235884244 39443.590245345265 18131142.90212044
11 0 5 0.0 5.0 0.0
12 0 5 0.0 5.0 0.0
13 1 25 1.0 57.71571011139208 57.71571011139208
14 0 9 0.0 9.0 0.0
15 1 35 1.0 88.18685030395203 88.18685030395203
16 0 10 0.0 10.0 0.0
17 1 19 1.0 40.84402933782601 40.84402933782601
18 0 7 0.0 7.0 0.0
19 0 5 0.0 5.0 0.0
20 0 6 0.0 6.0 0.0
21 1 9 1.0 15.931997307697284 15.931997307697284
22 1 11 1.0 20.51504931294799 20.51504931294799
23 1 10 1.0 18.1937008646705 18.1937008646705
24 10 272 766.6651705632711 93706.72457701275 71841681.98076095
25 0 6 0.0 6.0 0.0
26 0 100 0.0 0.0 0.0
27 0 100 0.0 0.0 0.0
28 0 100 0.0 0.0 0.0
29 0 6 0.0 6.0 0.0
30 0 6 0.0 6.0 0.0
31 1 104 1.0 5.735193251789799 5.735193251789799
32 1 6 1.0 9.55892689827884 9.55892689827884
33 0 100 0.0 0.0 0.0
34 6 247 225.58275470837765 13993.582501768662 3156710.888987926
35 11 257 942.9223974109915 329131.5687372534 310345527.8573715
36 1 17 1.0 35.503281577765854 35.503281577765854
37 0 100 0.0 0.0 0.0
38 1 37 1.0 94.5824071263594 94.5824071263594
39 1 8 1.0 13.734791927877684 13.734791927877684
40 0 5 0.0 5.0 0.0
41 1 12 1.0 22.891970023971037 22.891970023971037
42 0 100 0.0 0.0 0.0
43 1 37 1.0 94.5824071263594 94.5824071263594
44 0 100 0.0 0.0 0.0
45 0 11 0.0 11.0 0.0
46 0 100 0.0 0.0 0.0
47 3 137 32.9215577265747 308.57807572808247 10158.870933237406
48 4 98 75.61186198841948 2540.672540836771 192104.981515517
49 8 111 459.67273235884244 17965.662675976404 8258325.250903347
50 5 48 139.6884681067044 1135.058052192084 158554.52052289192
51 13 295 1331.5823725933528 896648.9117016012 1193961885.226866
52 2 17 9.541850352986048 59.51335422080222 567.8675199791454
53 1 18 1.0 38.15436697768484 38.15436697768484
54 4 42 75.61186198841948 596.6466987883373 45113.56784462985
55 10 294 766.6651705632711 122468.81017110687 93892571.23851252
56 0 6 0.0 6.0 0.0
57 0 100 0.0 0.0 0.0
58 13 277 1331.5823725933528 770413.209898135 1025868649.9134194
59 0 100 0.0 0.0 0.0
60 12 206 1131.8354418063404 275852.07684250775 312219157.26623636
61 1 31 1.0 75.68293941204132 75.68293941204132
62 0 5 0.0 5.0 0.0
63 0 100 0.0 0.0 0.0
64 1 7 1.0 11.607984241186918 11.607984241186918
65 1 18 1.0 38.15436697768484 38.15436697768484
66 1 103 1.0 3.9914906122521803 3.9914906122521803
67 0 100 0.0 0.0 0.0
68 3 116 32.9215577265747 81.54950460903234 2684.7367235598276
69 1 36 1.0 91.37308344663872 91.37308344663872
70 0 100 0.0 0.0 0.0
71 2 139 9.541850352986048 197.11162840858907 1880.8096611081503
72 1 9 1.0 15.931997307697284 15.931997307697284
73 0 100 0.0 0.0 0.0
74 1 11 1.0 20.51504931294799 20.51504931294799
75 13 208 1331.5823725933528 386244.5945999156 514316493.6787133
76 1 107 1.0 11.607984241186918 11.607984241186918
77 10 173 766.6651705632711 94922.67645061052 72773909.93132952
78 2 6 9.541850352986048 13.252209915340185 126.45060385853394
79 2 63 9.541850352986048 393.6390130800606 3756.0445559070554
80 0 100 0.0 0.0 0.0
81 1 38 1.0 97.81435774219185 97.81435774219185
82 0 100 0.0 0.0 0.0
83 0 100 0.0 0.0 0.0
84 0 100 0.0 0.0 0.0
85 1 103 1.0 3.9914906122521803 3.9914906122521803
86 2 7 9.541850352986048 16.551687764173284 157.9337277350917
87 0 100 0.0 0.0 0.0
88 17 272 2206.0678959513543 2400907.9178461796 5296565878.6958685
89 1 20 1.0 43.57075425423803 43.57075425423803
90 2 33 9.541850352986048 154.90879557685506 1478.1165457556579
91 0 100 0.0 0.0 0.0
92 1 15 1.0 30.323695983612147 30.323695983612147
93 0 5 0.0 5.0 0.0
94 0 100 0.0 0.0 0.0
95 1 106 1.0 9.55892689827884 9.55892689827884
96 3 66 32.9215577265747 773.2963448216119 25458.12025579391
97 8 116 459.67273235884244 19689.9977613532 9050955.071100716
98 0 9 0.0 9.0 0.0
99 0 6 0.0 6.0 0.0
100 12 282 1131.8354418063404 577239.0748257453 653339643.2832806
101 12 224 1131.8354418063404 335907.49192777043 380192004.5321278
102 19 308 2668.9360872348193 5688082.73418224 15181129276.436281
103 2 25 9.541850352986048 103.79546451213633 990.4007896934788
104 9 216 604.9491004987461 107010.93131990137 64736166.64550743
105 0 100 0.0 0.0 0.0
106 1 107 1.0 11.607984241186918 11.607984241186918
107 19 376 2668.9360872348193 9775416.092988798 26089960778.31381
108 4 90 75.61186198841948 2196.381035229248 166072.4597097358
109 0 100 0.0 0.0 0.0
110 0 100 0.0 0.0 0.0
111 14 284 1540.4353185285338 1123060.91318807 1730002695.5338109
112 14 200 1540.4353185285338 472963.862071704 728570237.5229108
113 18 361 2436.3877014920204 6675079.372143912 16263081288.774504
114 10 180 766.6651705632711 103676.69639096252 79485312.12201375
115 16 174 1979.1134619514044 576876.7489831664 1141704539.7993457
116 2 105 9.541850352986048 10.188005914414083 97.21242783067595
117 7 133 332.66880679862265 17689.0 5884578.523460836
118 12 256 1131.8354418063404 459809.7402582212 520428960.51202244
119 0 100 0.0 0.0 0.0
120 0 100 0.0 0.0 0.0
121 1 21 1.0 46.33316012586883 46.33316012586883
122 4 88 75.61186198841948 2113.579549242958 159811.6851789044
123 0 100 0.0 0.0 0.0
124 16 381 1979.1134619514044 4327976.3290645825 8565556215.858736
125 0 100 0.0 0.0 0.0
126 18 298 2436.3877014920204 4001315.149074396 9748755018.99857
127 0 100 0.0 0.0 0.0
128 12 384 1131.8354418063404 586911.3564387984 664287074.4160659
129 11 181 942.9223974109915 147500.54993418368 139081572.16338015
130 0 100 0.0 0.0 0.0
131 15 305 1756.7778603087352 1819882.3946090278 3197129099.214785
132 11 185 942.9223974109915 155069.9102871652 146218891.5742812
133 13 163 1331.5823725933528 214628.2288246865 285795166.16388506
134 0 100 0.0 0.0 0.0
135 12 195 1131.8354418063404 242458.72541212823 274423378.5966383
136 1 104 1.0 5.735193251789799 5.735193251789799
137 16 238 1979.1134619514044 1290769.1543151694 2554578609.5767813
138 0 100 0.0 0.0 0.0
139 15 250 1756.7778603087352 1102630.9703026707 1937077676.7184703
140 18 278 2436.3877014920204 3324246.0622140295 8099152222.711539
141 4 49 75.61186198841948 776.5950928818146 58719.80098386357
142 25 414 4060.496712466729 56604794.96080986 229843583848.2217
143 0 100 0.0 0.0 0.0
144 14 267 1540.4353185285338 964475.8803802376 1485712710.0066195
145 13 247 1331.5823725933528 584440.1619338142 778230217.4666716
146 10 236 766.6651705632711 189369.07215354725 145182672.0020077
147 15 316 1756.7778603087352 1989833.5407413477 3495695510.074139
148 8 245 459.67273235884244 31320.350759055804 14397111.211852526
149 11 205 942.9223974109915 196153.083719731 184957135.96056768
150 15 211 1756.7778603087352 719158.772822779 1263402210.1418574
151 7 167 332.66880679862265 27889.0 9277800.352806788
152 20 365 2902.6872563902634 11726589.720755808 34038622543.354942
153 13 212 1331.5823725933528 404389.97349520394 538478560.3597068
154 20 266 2902.6872563902634 4898516.465187902 14218861318.718801
155 13 172 1331.5823725933528 244310.19630067714 325319150.8388034
156 15 278 1756.7778603087352 1440810.8508489362 2531184603.6640024
157 9 276 604.9491004987461 68835.16986212213 41641774.09076918
158 0 100 0.0 0.0 0.0
159 22 486 3370.209833397988 43695445.64494817 147262820587.3116
160 15 300 1756.7778603087352 628394.3274030525 1103949241.9252813
161 1 102 1.0 2.3948263510722025 2.3948263510722025
162 11 339 942.9223974109915 278722.41952144506 262813612.0273531
163 12 163 1131.8354418063404 159071.89323840395 180043206.56245995
164 13 279 1331.5823725933528 783888.0642039899 1043811528.3803594
165 6 109 225.58275470837765 7896.900764171442 1781404.6280404862
166 16 267 1979.1134619514044 1734777.320814899 3433321149.1127567
167 13 210 1331.5823725933528 395256.36191619065 526316404.1829781
168 13 322 1331.5823725933528 1107361.522066571 1474543082.8719912
169 8 116 459.67273235884244 19689.9977613532 9050955.071100716
170 18 294 2436.3877014920204 3859598.119143505 9403477390.18297
171 0 100 0.0 0.0 0.0
172 14 246 1540.4353185285338 788048.6512575328 1213937975.1158788
173 3 33 32.9215577265747 257.33012181535685 8471.708460130769
174 0 100 0.0 0.0 0.0
175 15 249 1756.7778603087352 1091550.9056324547 1917612464.4150457
176 10 128 766.6651705632711 48572.78656303952 37239063.695086055
177 11 254 942.9223974109915 320401.70078163146 302113939.8355751
178 18 318 2436.3877014920204 4758615.915315257 11593833292.198286
179 16 281 1979.1134619514044 1978397.1662811837 3915472464.873602
180 9 176 604.9491004987461 68835.16986212213 41641774.09076918
181 14 220 1540.4353185285338 598289.1109657976 921625677.2227516
182 14 306 1540.4353185285338 1349945.3753509228 2079503534.2748199
183 18 339 2436.3877014920204 5644026.527050734 13751036817.401127
184 12 203 1131.8354418063404 266498.93371917546 301632938.3869616
185 0 100 0.0 0.0 0.0
186 11 298 942.9223974109915 181155.15933402994 170815257.14261368
187 14 199 1540.4353185285338 467153.07741970307 719619099.6166052
188 13 355 1331.5823725933528 631108.7468210144 840373282.456344
189 9 292 604.9491004987461 83027.7702528687 50227574.930889465
190 6 234 225.58275470837765 11722.091250421281 2644301.6352130035
191 10 155 766.6651705632711 74345.3976110817 56998026.94009416
192 18 277 2436.3877014920204 3292433.7336776685 8021645056.709725
193 8 171 459.67273235884244 44138.65408801346 20289335.72727894
194 13 195 1331.5823725933528 330604.83694571455 440227573.1710131
195 13 239 1331.5823725933528 539855.2163528436 718861689.8480172
196 5 94 139.6884681067044 3849.5614363989175 537739.3399332094
197 12 219 1131.8354418063404 318542.5349918841 360537730.8266508
198 7 233 332.66880679862265 17689.0 5884578.523460836
199 16 342 1979.1134619514044 3278647.124343631 6488814660.77674
