0 1 28 1.0 66.57403288693754 66.57403288693754
1 1 101 1.0 1.0 1.0
2 2 29 9.541850352986048 128.5709592386038 1226.8048527946264
3 0 100 0.0 0.0 0.0
4 1 17 1.0 35.503281577765854 35.503281577765854
5 3 25 32.9215577265747 165.61186212092687 5452.200479019623
6 0 100 0.0 0.0 0.0
7 0 9 0.0 9.0 0.0
8 1 9 1.0 15.931997307697284 15.931997307697284
9 15 321 1756.7778603087352 2070126.5911588015 3636752563.384175
10 2 10 9.541850352986048 27.685321443873434 264.16919419175593
11 14 212 1540.4353185285338 546056.5101359754 841164734.1258909
12 0 100 0.0 0.0 0.0
13 9 139 604.9491004987461 41398.5782979627 25044032.703279447
14 0 100 0.0 0.0 0.0
15 11 193 942.9223974109915 170851.97661382865 161100155.39111796
16 1 103 1.0 3.9914906122521803 3.9914906122521803
17 1 21 1.0 46.33316012586883 46.33316012586883
18 0 100 0.0 0.0 0.0
19 1 11 1.0 20.51504931294799 20.51504931294799
20 2 125 9.541850352986048 103.79546451213633 990.4007896934788
21 0 100 0.0 0.0 0.0
22 0 100 0.0 0.0 0.0
23 4 61 75.61186198841948 1129.4605717070829 85400.6168692773
24 0 100 0.0 0.0 0.0
25 11 177 942.9223974109915 140143.84535523065 132144770.64474933
26 1 9 1.0 15.931997307697284 15.931997307697284
27 9 122 604.9491004987461 31255.467204814257 18907966.771220442
28 1 16 1.0 32.892441635375256 32.892441635375256
29 13 186 1331.5823725933528 295018.3746080933 392841267.2192794
30 0 100 0.0 0.0 0.0
31 0 100 0.0 0.0 0.0
32 0 100 0.0 0.0 0.0
33 16 190 1979.1134619514044 723297.8660146263 1431488543.6302702
34 1 15 1.0 30.323695983612147 30.323695983612147
35 0 100 0.0 0.0 0.0
36 1 11 1.0 20.51504931294799 20.51504931294799
37 4 82 75.61186198841948 1873.1633591984112 141633.36939747448
38 2 10 9.541850352986048 27.685321443873434 264.16919419175593
39 0 5 0.0 5.0 0.0
40 0 5 0.0 5.0 0.0
41 0 100 0.0 0.0 0.0
42 0 100 0.0 0.0 0.0
43 0 5 0.0 5.0 0.0
44 0 8 0.0 8.0 0.0
45 2 13 9.541850352986048 40.41888428935346 385.6709453236695
46 1 101 1.0 1.0 1.0
47 0 100 0.0 0.0 0.0
48 1 9 1.0 15.931997307697284 15.931997307697284
49 0 100 0.0 0.0 0.0
50 2 30 9.541850352986048 135.01359299654277 1288.2794999919763
51 3 37 32.9215577265747 308.57807572808247 10158.870933237406
52 9 290 604.9491004987461 81175.65618270171 49107140.19012088
53 12 156 1131.8354418063404 143472.92176020972 162387737.7877135
54 0 100 0.0 0.0 0.0
55 5 103 139.6884681067044 4545.356706035842 634933.9152646826
56 2 35 9.541850352986048 168.62869283493262 1609.0297522505775
57 0 100 0.0 0.0 0.0
58 0 100 0.0 0.0 0.0
59 0 5 0.0 5.0 0.0
60 0 11 0.0 11.0 0.0
61 0 9 0.0 9.0 0.0
62 13 158 1331.5823725933528 199102.34251479528 265121169.63474548
63 0 100 0.0 0.0 0.0
64 0 100 0.0 0.0 0.0
65 0 100 0.0 0.0 0.0
66 3 28 32.9215577265747 198.25318874016915 6526.8037975869875
67 0 100 0.0 0.0 0.0
68 3 73 32.9215577265747 907.48753481702 29875.90326362549
69 1 16 1.0 32.892441635375256 32.892441635375256
70 2 27 9.541850352986048 115.98017876588344 1106.66550969663
71 0 5 0.0 5.0 0.0
72 0 5 0.0 5.0 0.0
73 0 100 0.0 0.0 0.0
74 0 100 0.0 0.0 0.0
75 0 11 0.0 11.0 0.0
76 1 116 1.0 32.892441635375256 32.892441635375256
77 0 100 0.0 0.0 0.0
78 0 5 0.0 5.0 0.0
79 8 155 459.67273235884244 35981.02511980672 16539496.129893702
80 1 108 1.0 13.734791927877684 13.734791927877684
81 0 100 0.0 0.0 0.0
82 0 100 0.0 0.0 0.0
83 2 32 9.541850352986048 148.1842032776824 1413.95149235211
84 0 100 0.0 0.0 0.0
85 1 6 1.0 9.55892689827884 9.55892689827884
86 1 103 1.0 3.9914906122521803 3.9914906122521803
87 0 100 0.0 0.0 0.0
88 0 100 0.0 0.0 0.0
89 1 104 1.0 5.735193251789799 5.735193251789799
90 2 48 9.541850352986048 265.93129728965954 2537.4766429133756
91 0 100 0.0 0.0 0.0
92 0 100 0.0 0.0 0.0
93 2 17 9.541850352986048 59.51335422080222 567.8675199791454
94 2 21 9.541850352986048 80.71796600694597 770.1987524356932
95 2 30 9.541850352986048 135.01359299654277 1288.2794999919763
96 0 100 0.0 0.0 0.0
97 0 5 0.0 5.0 0.0
98 0 100 0.0 0.0 0.0
99 0 100 0.0 0.0 0.0
100 1 106 1.0 9.55892689827884 9.55892689827884
101 14 233 1540.4353185285338 689289.6488249365 1061806119.7460623
102 0 7 0.0 7.0 0.0
103 0 7 0.0 7.0 0.0
104 1 15 1.0 30.323695983612147 30.323695983612147
105 0 100 0.0 0.0 0.0
106 0 100 0.0 0.0 0.0
107 3 22 32.9215577265747 135.19579244279535 4450.856085295499
108 14 230 1540.4353185285338 667608.2663166124 1028407352.375713
109 0 11 0.0 11.0 0.0
110 0 100 0.0 0.0 0.0
111 6 244 225.58275470837765 13452.37343883357 3034623.457697888
112 1 108 1.0 13.734791927877684 13.734791927877684
113 0 100 0.0 0.0 0.0
114 1 9 1.0 15.931997307697284 15.931997307697284
115 4 82 75.61186198841948 1873.1633591984112 141633.36939747448
116 0 100 0.0 0.0 0.0
117 1 108 1.0 13.734791927877684 13.734791927877684
118 1 22 1.0 49.12998068819353 49.12998068819353
119 1 103 1.0 3.9914906122521803 3.9914906122521803
120 3 45 32.9215577265747 421.0282951259743 13860.907322511091
121 1 106 1.0 9.55892689827884 9.55892689827884
122 1 10 1.0 18.1937008646705 18.1937008646705
123 7 97 332.66880679862265 9409.0 3130080.8031682405
124 2 24 9.541850352986048 97.86086952638261 933.7737724338355
125 14 210 1540.4353185285338 533439.6140318888 821729221.7569507
126 9 137 604.9491004987461 40125.91166909431 24274134.170910746
127 5 68 139.6884681067044 2137.419079796989 298572.7969588832
128 0 100 0.0 0.0 0.0
129 1 109 1.0 15.931997307697284 15.931997307697284
130 2 111 9.541850352986048 31.76494829034237 303.0963830567869
131 11 157 942.9223974109915 106501.37495943412 100422531.80431657
132 11 206 942.9223974109915 198350.6029859777 187029226.09545386
133 7 150 332.66880679862265 22500.0 7485048.15296901
134 2 22 9.541850352986048 86.31942417916456 823.6470280735138
135 4 73 75.61186198841948 1535.4556318691968 116098.65932623514
136 2 58 9.541850352986048 349.384203814786 3333.771788497865
137 9 152 604.9491004987461 50192.57933226694 30363955.718766842
138 0 100 0.0 0.0 0.0
139 0 100 0.0 0.0 0.0
140 2 34 9.541850352986048 161.72412498062124 1543.1473990327004
141 0 100 0.0 0.0 0.0
142 1 12 1.0 22.891970023971037 22.891970023971037
143 8 151 459.67273235884244 34076.47778705137 15664027.653539306
144 6 229 225.58275470837765 10899.657990727621 2458774.8749275175
145 12 139 1131.8354418063404 109381.79250386295 123802189.44417918
146 2 113 9.541850352986048 40.41888428935346 385.6709453236695
147 6 78 225.58275470837765 4163.386850757332 939188.274710476
148 1 30 1.0 72.61998620345668 72.61998620345668
149 1 13 1.0 25.320989780782124 25.320989780782124
150 11 172 942.9223974109915 131244.92094536053 123753775.5058154
151 1 32 1.0 78.7716859795011 78.7716859795011
152 13 170 1331.5823725933528 237519.46890166547 316276737.9371928
153 0 100 0.0 0.0 0.0
154 2 19 9.541850352986048 69.8685662777562 666.6754038000371
155 7 111 332.66880679862265 12321.0 4098812.36856583
156 15 273 1756.7778603087352 1376401.6987329584 2418032031.225395
157 3 47 32.9215577265747 451.11773253603667 14851.498473166615
158 7 221 332.66880679862265 14641.0 4870604.0003386345
159 1 17 1.0 35.503281577765854 35.503281577765854
160 0 100 0.0 0.0 0.0
161 8 110 459.67273235884244 17630.632823740572 8104321.163304322
162 4 132 75.61186198841948 374.7746947170294 28337.41249369607
163 2 9 9.541850352986048 23.78240930402918 226.9281906125095
164 1 26 1.0 60.63937356224698 60.63937356224698
165 1 101 1.0 1.0 1.0
166 17 298 2206.0678959513543 3049867.566321232 6728214924.964558
167 10 152 766.6651705632711 71183.06768899111 54573578.73099724
168 14 177 1540.4353185285338 349928.0948298758 539041596.2213427
169 0 100 0.0 0.0 0.0
170 2 53 9.541850352986048 306.7864203576611 2927.3101133810746
171 16 325 1979.1134619514044 2875805.0629486707 5691544514.02972
172 2 22 9.541850352986048 86.31942417916456 823.6470280735138
173 1 18 1.0 38.15436697768484 38.15436697768484
174 0 100 0.0 0.0 0.0
175 0 100 0.0 0.0 0.0
176 2 14 9.541850352986048 44.97826169706515 429.17584225083993
177 12 219 1131.8354418063404 318542.5349918841 360537730.8266508
178 14 254 1540.4353185285338 852766.1415540116 1313631082.8951027
179 5 164 139.6884681067044 1914.4623288244568 267428.3099614821
180 0 100 0.0 0.0 0.0
181 8 259 459.67273235884244 37939.40769100099 17439711.197398506
182 4 207 75.61186198841948 2952.551261146638 223247.89847155346
183 0 100 0.0 0.0 0.0
184 2 16 9.541850352986048 54.53075711894446 520.3243240639966
185 3 17 32.9215577265747 89.78750677036001 2955.9445872656233
186 0 100 0.0 0.0 0.0
187 7 111 332.66880679862265 12321.0 4098812.36856583
188 10 160 766.6651705632711 79784.57916828307 61168057.99637055
189 3 51 32.9215577265747 513.5688732735056 16907.48730804564
190 3 73 32.9215577265747 907.48753481702 29875.90326362549
191 1 34 1.0 85.02419427196995 85.02419427196995
192 0 100 0.0 0.0 0.0
193 5 61 139.6884681067044 1754.5251914699081 245086.93625105367
194 12 240 1131.8354418063404 395069.27621432603 447153408.7881529
195 10 160 766.6651705632711 79784.57916828307 61168057.99637055
196 11 233 942.9223974109915 262961.44645937043 247952237.52213165
197 1 102 1.0 2.3948263510722025 2.3948263510722025
198 10 161 766.6651705632711 80897.81870740736 62021539.97751105
199 1 103 1.0 3.9914906122521803 3.9914906122521803
