0 0 6 0.0 6.0 0.0
1 1 9 1.0 15.931997307697284 15.931997307697284
2 0 6 0.0 6.0 0.0
3 0 6 0.0 6.0 0.0
4 1 17 1.0 35.503281577765854 35.503281577765854
5 1 6 1.0 9.55892689827884 9.55892689827884
6 0 9 0.0 9.0 0.0
7 0 100 0.0 0.0 0.0
8 0 6 0.0 6.0 0.0
9 0 6 0.0 6.0 0.0
10 0 6 0.0 6.0 0.0
11 0 10 0.0 10.0 0.0
12 0 100 0.0 0.0 0.0
13 0 5 0.0 5.0 0.0
14 0 100 0.0 0.0 0.0
15 1 17 1.0 35.503281577765854 35.503281577765854
16 2 14 9.541850352986048 44.97826169706515 429.17584225083993
17 0 100 0.0 0.0 0.0
18 1 12 1.0 22.891970023971037 22.891970023971037
19 0 9 0.0 9.0 0.0
20 2 11 9.541850352986048 31.76494829034237 303.0963830567869
21 0 6 0.0 6.0 0.0
22 1 9 1.0 15.931997307697284 15.931997307697284
23 0 9 0.0 9.0 0.0
24 2 5 9.541850352986048 10.188005914414083 97.21242783067595
25 1 13 1.0 25.320989780782124 25.320989780782124
26 0 10 0.0 10.0 0.0
27 1 8 1.0 13.734791927877684 13.734791927877684
28 2 11 9.541850352986048 31.76494829034237 303.0963830567869
29 0 7 0.0 7.0 0.0
30 0 5 0.0 5.0 0.0
31 0 6 0.0 6.0 0.0
32 0 10 0.0 10.0 0.0
33 0 100 0.0 0.0 0.0
34 0 6 0.0 6.0 0.0
35 0 100 0.0 0.0 0.0
36 1 102 1.0 2.3948263510722025 2.3948263510722025
37 1 10 1.0 18.1937008646705 18.1937008646705
38 0 100 0.0 0.0 0.0
39 1 9 1.0 15.931997307697284 15.931997307697284
40 0 6 0.0 6.0 0.0
41 1 11 1.0 20.51504931294799 20.51504931294799
42 0 6 0.0 6.0 0.0
43 0 6 0.0 6.0 0.0
44 0 6 0.0 6.0 0.0
45 0 9 0.0 9.0 0.0
46 0 100 0.0 0.0 0.0
47 0 100 0.0 0.0 0.0
48 0 6 0.0 6.0 0.0
49 0 6 0.0 6.0 0.0
50 0 8 0.0 8.0 0.0
51 0 6 0.0 6.0 0.0
52 0 100 0.0 0.0 0.0
53 1 20 1.0 43.57075425423803 43.57075425423803
54 1 101 1.0 1.0 1.0
55 0 10 0.0 10.0 0.0
56 0 7 0.0 7.0 0.0
57 0 10 0.0 10.0 0.0
58 0 100 0.0 0.0 0.0
59 0 9 0.0 9.0 0.0
60 0 6 0.0 6.0 0.0
61 0 5 0.0 5.0 0.0
62 0 100 0.0 0.0 0.0
63 1 16 1.0 32.892441635375256 32.892441635375256
64 1 18 1.0 38.15436697768484 38.15436697768484
65 0 11 0.0 11.0 0.0
66 0 10 0.0 10.0 0.0
67 0 100 0.0 0.0 0.0
68 0 6 0.0 6.0 0.0
69 0 6 0.0 6.0 0.0
70 2 18 9.541850352986048 64.62733255388774 616.6643359418604
71 0 6 0.0 6.0 0.0
72 0 10 0.0 10.0 0.0
73 0 100 0.0 0.0 0.0
74 0 10 0.0 10.0 0.0
75 0 5 0.0 5.0 0.0
76 1 11 1.0 20.51504931294799 20.51504931294799
77 0 15 0.0 15.0 0.0
78 2 9 9.541850352986048 23.78240930402918 226.9281906125095
79 1 24 1.0 54.8222930413608 54.8222930413608
80 0 100 0.0 0.0 0.0
81 1 9 1.0 15.931997307697284 15.931997307697284
82 0 11 0.0 11.0 0.0
83 1 7 1.0 11.607984241186918 11.607984241186918
84 0 100 0.0 0.0 0.0
85 0 6 0.0 6.0 0.0
86 0 5 0.0 5.0 0.0
87 2 6 9.541850352986048 13.252209915340185 126.45060385853394
88 2 26 9.541850352986048 109.8359986590007 1048.0386625749609
89 0 7 0.0 7.0 0.0
90 0 10 0.0 10.0 0.0
91 0 100 0.0 0.0 0.0
92 0 8 0.0 8.0 0.0
93 0 6 0.0 6.0 0.0
94 0 5 0.0 5.0 0.0
95 0 6 0.0 6.0 0.0
96 0 100 0.0 0.0 0.0
97 0 6 0.0 6.0 0.0
98 0 100 0.0 0.0 0.0
99 0 10 0.0 10.0 0.0
100 0 100 0.0 0.0 0.0
101 0 5 0.0 5.0 0.0
102 1 24 1.0 54.8222930413608 54.8222930413608
103 0 6 0.0 6.0 0.0
104 0 100 0.0 0.0 0.0
105 0 100 0.0 0.0 0.0
106 0 9 0.0 9.0 0.0
107 1 9 1.0 15.931997307697284 15.931997307697284
108 0 100 0.0 0.0 0.0
109 0 10 0.0 10.0 0.0
110 0 6 0.0 6.0 0.0
111 0 100 0.0 0.0 0.0
112 0 100 0.0 0.0 0.0
113 1 103 1.0 3.9914906122521803 3.9914906122521803
114 0 100 0.0 0.0 0.0
115 0 100 0.0 0.0 0.0
116 1 11 1.0 20.51504931294799 20.51504931294799
117 1 11 1.0 20.51504931294799 20.51504931294799
118 1 12 1.0 22.891970023971037 22.891970023971037
119 0 100 0.0 0.0 0.0
120 0 6 0.0 6.0 0.0
121 1 20 1.0 43.57075425423803 43.57075425423803
122 0 6 0.0 6.0 0.0
123 1 17 1.0 35.503281577765854 35.503281577765854
124 0 10 0.0 10.0 0.0
125 0 6 0.0 6.0 0.0
126 0 100 0.0 0.0 0.0
127 1 10 1.0 18.1937008646705 18.1937008646705
128 1 14 1.0 27.799106543625292 27.799106543625292
129 0 6 0.0 6.0 0.0
130 0 100 0.0 0.0 0.0
131 0 100 0.0 0.0 0.0
132 2 12 9.541850352986048 36.01211998010309 343.62225974392254
133 1 14 1.0 27.799106543625292 27.799106543625292
134 0 100 0.0 0.0 0.0
135 0 100 0.0 0.0 0.0
136 0 10 0.0 10.0 0.0
137 0 5 0.0 5.0 0.0
138 1 18 1.0 38.15436697768484 38.15436697768484
139 0 100 0.0 0.0 0.0
140 0 100 0.0 0.0 0.0
141 0 100 0.0 0.0 0.0
142 0 100 0.0 0.0 0.0
143 2 10 9.541850352986048 27.685321443873434 264.16919419175593
144 2 9 9.541850352986048 23.78240930402918 226.9281906125095
145 1 15 1.0 30.323695983612147 30.323695983612147
146 0 8 0.0 8.0 0.0
147 0 100 0.0 0.0 0.0
148 1 11 1.0 20.51504931294799 20.51504931294799
149 0 9 0.0 9.0 0.0
150 1 8 1.0 13.734791927877684 13.734791927877684
151 1 13 1.0 25.320989780782124 25.320989780782124
152 0 100 0.0 0.0 0.0
153 0 6 0.0 6.0 0.0
154 1 9 1.0 15.931997307697284 15.931997307697284
155 1 10 1.0 18.1937008646705 18.1937008646705
156 1 102 1.0 2.3948263510722025 2.3948263510722025
157 1 12 1.0 22.891970023971037 22.891970023971037
158 0 100 0.0 0.0 0.0
159 0 6 0.0 6.0 0.0
160 1 8 1.0 13.734791927877684 13.734791927877684
161 0 100 0.0 0.0 0.0
162 0 100 0.0 0.0 0.0
163 1 11 1.0 20.51504931294799 20.51504931294799
164 0 5 0.0 5.0 0.0
165 2 12 9.541850352986048 36.01211998010309 343.62225974392254
166 1 105 1.0 7.59708563275366 7.59708563275366
167 0 100 0.0 0.0 0.0
168 0 6 0.0 6.0 0.0
169 1 12 1.0 22.891970023971037 22.891970023971037
170 0 10 0.0 10.0 0.0
171 1 16 1.0 32.892441635375256 32.892441635375256
172 1 10 1.0 18.1937008646705 18.1937008646705
173 0 100 0.0 0.0 0.0
174 0 10 0.0 10.0 0.0
175 0 100 0.0 0.0 0.0
176 0 100 0.0 0.0 0.0
177 0 100 0.0 0.0 0.0
178 0 7 0.0 7.0 0.0
179 0 100 0.0 0.0 0.0
180 0 100 0.0 0.0 0.0
181 0 100 0.0 0.0 0.0
182 0 11 0.0 11.0 0.0
183 0 6 0.0 6.0 0.0
184 0 100 0.0 0.0 0.0
185 1 11 1.0 20.51504931294799 20.51504931294799
186 1 9 1.0 15.931997307697284 15.931997307697284
187 0 100 0.0 0.0 0.0
188 1 12 1.0 22.891970023971037 22.891970023971037
189 2 9 9.541850352986048 23.78240930402918 226.9281906125095
190 1 8 1.0 13.734791927877684 13.734791927877684
191 0 100 0.0 0.0 0.0
192 0 8 0.0 8.0 0.0
193 2 20 9.541850352986048 75.23327232919837 717.8646261306569
194 0 9 0.0 9.0 0.0
195 0 9 0.0 9.0 0.0
196 2 11 9.541850352986048 31.76494829034237 303.0963830567869
197 1 24 1.0 54.8222930413608 54.8222930413608
198 0 100 0.0 0.0 0.0
199 1 103 1.0 3.9914906122521803 3.9914906122521803
