0 1 10 1.0 18.1937008646705 18.1937008646705
1 2 10 9.541850352986048 27.685321443873434 264.16919419175593
2 0 5 0.0 5.0 0.0
3 0 100 0.0 0.0 0.0
4 0 100 0.0 0.0 0.0
5 0 100 0.0 0.0 0.0
6 0 10 0.0 10.0 0.0
7 1 14 1.0 27.799106543625292 27.799106543625292
8 1 11 1.0 20.51504931294799 20.51504931294799
9 0 100 0.0 0.0 0.0
10 0 100 0.0 0.0 0.0
11 2 42 9.541850352986048 219.34644070399202 2092.9709126576195
12 0 10 0.0 10.0 0.0
13 1 19 1.0 40.84402933782601 40.84402933782601
14 1 10 1.0 18.1937008646705 18.1937008646705
15 0 11 0.0 11.0 0.0
16 0 100 0.0 0.0 0.0
17 0 100 0.0 0.0 0.0
18 0 100 0.0 0.0 0.0
19 0 100 0.0 0.0 0.0
20 0 5 0.0 5.0 0.0
21 0 100 0.0 0.0 0.0
22 0 8 0.0 8.0 0.0
23 0 10 0.0 10.0 0.0
24 1 6 1.0 9.55892689827884 9.55892689827884
25 0 8 0.0 8.0 0.0
26 0 100 0.0 0.0 0.0
27 2 40 9.541850352986048 204.4421003683832 1950.7559275652661
28 0 100 0.0 0.0 0.0
29 0 100 0.0 0.0 0.0
30 1 8 1.0 13.734791927877684 13.734791927877684
31 0 100 0.0 0.0 0.0
32 0 100 0.0 0.0 0.0
33 0 100 0.0 0.0 0.0
34 4 41 75.61186198841948 572.5607883495287 43292.38730866522
35 0 10 0.0 10.0 0.0
36 2 28 9.541850352986048 122.22584512913716 1166.2607234894754
37 0 100 0.0 0.0 0.0
38 1 19 1.0 40.84402933782601 40.84402933782601
39 2 17 9.541850352986048 59.51335422080222 567.8675199791454
40 0 100 0.0 0.0 0.0
41 2 29 9.541850352986048 128.5709592386038 1226.8048527946264
42 0 100 0.0 0.0 0.0
43 2 17 9.541850352986048 59.51335422080222 567.8675199791454
44 1 102 1.0 2.3948263510722025 2.3948263510722025
45 1 14 1.0 27.799106543625292 27.799106543625292
46 0 100 0.0 0.0 0.0
47 1 7 1.0 11.607984241186918 11.607984241186918
48 0 100 0.0 0.0 0.0
49 0 100 0.0 0.0 0.0
50 0 100 0.0 0.0 0.0
51 4 58 75.61186198841948 1036.142416344768 78344.65738500807
52 1 17 1.0 35.503281577765854 35.503281577765854
53 0 10 0.0 10.0 0.0
54 0 7 0.0 7.0 0.0
55 3 62 32.9215577265747 700.2360303580608 23052.86089566041
56 1 12 1.0 22.891970023971037 22.891970023971037
57 0 100 0.0 0.0 0.0
58 5 50 139.6884681067044 1222.4564081968258 170763.0629882387
59 0 100 0.0 0.0 0.0
60 0 100 0.0 0.0 0.0
61 0 100 0.0 0.0 0.0
62 0 100 0.0 0.0 0.0
63 3 39 32.9215577265747 335.47304520277595 11044.29522335299
64 0 100 0.0 0.0 0.0
65 3 50 32.9215577265747 497.6760852315066 16384.27196908475
66 0 5 0.0 5.0 0.0
67 1 100 1.0 0.0 0.0
68 2 7 9.541850352986048 16.551687764173284 157.9337277350917
69 0 100 0.0 0.0 0.0
70 0 100 0.0 0.0 0.0
71 0 11 0.0 11.0 0.0
72 0 100 0.0 0.0 0.0
73 0 100 0.0 0.0 0.0
74 0 9 0.0 9.0 0.0
75 0 100 0.0 0.0 0.0
76 0 100 0.0 0.0 0.0
77 0 100 0.0 0.0 0.0
78 1 9 1.0 15.931997307697284 15.931997307697284
79 0 10 0.0 10.0 0.0
80 0 5 0.0 5.0 0.0
81 0 100 0.0 0.0 0.0
82 0 5 0.0 5.0 0.0
83 0 5 0.0 5.0 0.0
84 2 12 9.541850352986048 36.01211998010309 343.62225974392254
85 0 100 0.0 0.0 0.0
86 0 100 0.0 0.0 0.0
87 2 20 9.541850352986048 75.23327232919837 717.8646261306569
88 2 24 9.541850352986048 97.86086952638261 933.7737724338355
89 0 5 0.0 5.0 0.0
90 0 100 0.0 0.0 0.0
91 2 16 9.541850352986048 54.53075711894446 520.3243240639966
92 0 100 0.0 0.0 0.0
93 0 100 0.0 0.0 0.0
94 0 100 0.0 0.0 0.0
95 0 10 0.0 10.0 0.0
96 0 6 0.0 6.0 0.0
97 0 100 0.0 0.0 0.0
98 1 102 1.0 2.3948263510722025 2.3948263510722025
99 0 9 0.0 9.0 0.0
100 0 100 0.0 0.0 0.0
101 1 7 1.0 11.607984241186918 11.607984241186918
102 0 100 0.0 0.0 0.0
103 0 100 0.0 0.0 0.0
104 0 100 0.0 0.0 0.0
105 1 14 1.0 27.799106543625292 27.799106543625292
106 0 100 0.0 0.0 0.0
107 0 100 0.0 0.0 0.0
108 0 100 0.0 0.0 0.0
109 0 100 0.0 0.0 0.0
110 1 103 1.0 3.9914906122521803 3.9914906122521803
111 2 13 9.541850352986048 40.41888428935346 385.6709453236695
112 0 100 0.0 0.0 0.0
113 0 100 0.0 0.0 0.0
114 3 21 32.9215577265747 125.57185196799401 4134.020973397207
115 2 11 9.541850352986048 31.76494829034237 303.0963830567869
116 0 100 0.0 0.0 0.0
117 0 100 0.0 0.0 0.0
118 0 100 0.0 0.0 0.0
119 2 24 9.541850352986048 97.86086952638261 933.7737724338355
120 1 103 1.0 3.9914906122521803 3.9914906122521803
121 0 100 0.0 0.0 0.0
122 1 10 1.0 18.1937008646705 18.1937008646705
123 1 103 1.0 3.9914906122521803 3.9914906122521803
124 1 9 1.0 15.931997307697284 15.931997307697284
125 0 100 0.0 0.0 0.0
126 0 7 0.0 7.0 0.0
127 0 10 0.0 10.0 0.0
128 0 100 0.0 0.0 0.0
129 2 45 9.541850352986048 242.29532664846576 2311.945748107533
130 0 100 0.0 0.0 0.0
131 0 100 0.0 0.0 0.0
132 0 100 0.0 0.0 0.0
133 0 100 0.0 0.0 0.0
134 4 44 75.61186198841948 646.0476428878335 48848.86521197858
135 1 16 1.0 32.892441635375256 32.892441635375256
136 1 6 1.0 9.55892689827884 9.55892689827884
137 1 105 1.0 7.59708563275366 7.59708563275366
138 0 100 0.0 0.0 0.0
139 1 8 1.0 13.734791927877684 13.734791927877684
140 0 7 0.0 7.0 0.0
141 1 27 1.0 63.59241768810072 63.59241768810072
142 1 9 1.0 15.931997307697284 15.931997307697284
143 0 100 0.0 0.0 0.0
144 7 76 332.66880679862265 5776.0 1921495.0280688445
145 0 100 0.0 0.0 0.0
146 0 100 0.0 0.0 0.0
147 4 42 75.61186198841948 596.6466987883373 45113.56784462985
148 0 100 0.0 0.0 0.0
149 0 100 0.0 0.0 0.0
150 0 100 0.0 0.0 0.0
151 3 49 32.9215577265747 481.96892224029307 15867.1676959488
152 1 11 1.0 20.51504931294799 20.51504931294799
153 1 18 1.0 38.15436697768484 38.15436697768484
154 0 100 0.0 0.0 0.0
155 2 12 9.541850352986048 36.01211998010309 343.62225974392254
156 0 100 0.0 0.0 0.0
157 2 37 9.541850352986048 182.69988024795316 1743.2949168344405
158 2 74 9.541850352986048 496.47644052360766 4737.303899259442
159 2 20 9.541850352986048 75.23327232919837 717.8646261306569
160 1 27 1.0 63.59241768810072 63.59241768810072
161 1 12 1.0 22.891970023971037 22.891970023971037
162 1 107 1.0 11.607984241186918 11.607984241186918
163 3 36 32.9215577265747 295.444715883087 9726.500268956508
164 1 36 1.0 91.37308344663872 91.37308344663872
165 0 10 0.0 10.0 0.0
166 2 32 9.541850352986048 148.1842032776824 1413.95149235211
167 1 30 1.0 72.61998620345668 72.61998620345668
168 1 14 1.0 27.799106543625292 27.799106543625292
169 1 10 1.0 18.1937008646705 18.1937008646705
170 2 36 9.541850352986048 175.6210676402407 1675.7499462548174
171 0 100 0.0 0.0 0.0
172 1 13 1.0 25.320989780782124 25.320989780782124
173 0 100 0.0 0.0 0.0
174 0 100 0.0 0.0 0.0
175 2 22 9.541850352986048 86.31942417916456 823.6470280735138
176 1 106 1.0 9.55892689827884 9.55892689827884
177 1 103 1.0 3.9914906122521803 3.9914906122521803
178 2 113 9.541850352986048 40.41888428935346 385.6709453236695
179 0 100 0.0 0.0 0.0
180 1 101 1.0 1.0 1.0
181 1 24 1.0 54.8222930413608 54.8222930413608
182 3 74 32.9215577265747 927.3002957027797 30528.17021484885
183 2 28 9.541850352986048 122.22584512913716 1166.2607234894754
184 3 35 32.9215577265747 282.5239294230334 9301.12785163911
185 1 9 1.0 15.931997307697284 15.931997307697284
186 3 50 32.9215577265747 497.6760852315066 16384.27196908475
187 1 15 1.0 30.323695983612147 30.323695983612147
188 1 103 1.0 3.9914906122521803 3.9914906122521803
189 2 8 9.541850352986048 20.066939702021244 191.47573567908114
190 4 55 75.61186198841948 946.1899645328139 71543.18501308264
191 3 16 32.9215577265747 81.54950460903234 2684.7367235598276
192 2 25 9.541850352986048 103.79546451213633 990.4007896934788
193 1 105 1.0 7.59708563275366 7.59708563275366
194 1 10 1.0 18.1937008646705 18.1937008646705
195 3 21 32.9215577265747 125.57185196799401 4134.020973397207
196 2 23 9.541850352986048 92.0346545141889 878.1809006631623
197 2 21 9.541850352986048 80.71796600694597 770.1987524356932
198 1 107 1.0 11.607984241186918 11.607984241186918
199 1 14 1.0 27.799106543625292 27.799106543625292
