0 0 5 0.0 5.0 0.0
1 0 100 0.0 0.0 0.0
2 2 10 9.541850352986048 27.685321443873434 264.16919419175593
3 0 100 0.0 0.0 0.0
4 0 100 0.0 0.0 0.0
5 2 56 9.541850352986048 332.1417203303481 3169.2465913755254
6 1 10 1.0 18.1937008646705 18.1937008646705
7 0 100 0.0 0.0 0.0
8 0 100 0.0 0.0 0.0
9 0 100 0.0 0.0 0.0
10 1 15 1.0 30.323695983612147 30.323695983612147
11 0 6 0.0 6.0 0.0
12 0 100 0.0 0.0 0.0
13 1 10 1.0 18.1937008646705 18.1937008646705
14 2 19 9.541850352986048 69.8685662777562 666.6754038000371
15 5 161 139.6884681067044 1754.5251914699081 245086.93625105367
16 1 8 1.0 13.734791927877684 13.734791927877684
17 1 105 1.0 7.59708563275366 7.59708563275366
18 3 23 32.9215577265747 145.08021796711313 4776.266770788355
19 0 100 0.0 0.0 0.0
20 0 11 0.0 11.0 0.0
21 0 100 0.0 0.0 0.0
22 1 14 1.0 27.799106543625292 27.799106543625292
23 0 6 0.0 6.0 0.0
24 2 9 9.541850352986048 23.78240930402918 226.9281906125095
25 0 100 0.0 0.0 0.0
26 0 100 0.0 0.0 0.0
27 0 100 0.0 0.0 0.0
28 0 6 0.0 6.0 0.0
29 0 6 0.0 6.0 0.0
30 0 100 0.0 0.0 0.0
31 0 100 0.0 0.0 0.0
32 0 6 0.0 6.0 0.0
33 0 100 0.0 0.0 0.0
34 0 100 0.0 0.0 0.0
35 2 17 9.541850352986048 59.51335422080222 567.8675199791454
36 0 100 0.0 0.0 0.0
37 5 37 139.6884681067044 707.3130102314473 98803.4708711726
38 0 100 0.0 0.0 0.0
39 1 5 1.0 7.59708563275366 7.59708563275366
40 0 100 0.0 0.0 0.0
41 0 100 0.0 0.0 0.0
42 0 100 0.0 0.0 0.0
43 1 105 1.0 7.59708563275366 7.59708563275366
44 0 100 0.0 0.0 0.0
45 0 100 0.0 0.0 0.0
46 0 100 0.0 0.0 0.0
47 0 100 0.0 0.0 0.0
48 3 128 32.9215577265747 198.25318874016915 6526.8037975869875
49 0 100 0.0 0.0 0.0
50 1 10 1.0 18.1937008646705 18.1937008646705
51 0 100 0.0 0.0 0.0
52 1 107 1.0 11.607984241186918 11.607984241186918
53 2 10 9.541850352986048 27.685321443873434 264.16919419175593
54 0 11 0.0 11.0 0.0
55 0 100 0.0 0.0 0.0
56 1 20 1.0 43.57075425423803 43.57075425423803
57 0 100 0.0 0.0 0.0
58 5 76 139.6884681067044 2616.164871066153 365448.0631538047
59 0 100 0.0 0.0 0.0
60 5 118 139.6884681067044 5819.148784232864 812867.97935448
61 0 100 0.0 0.0 0.0
62 3 95 32.9215577265747 1378.6071657178634 45385.89538845017
63 0 100 0.0 0.0 0.0
64 0 100 0.0 0.0 0.0
65 0 100 0.0 0.0 0.0
66 0 100 0.0 0.0 0.0
67 0 100 0.0 0.0 0.0
68 0 6 0.0 6.0 0.0
69 0 100 0.0 0.0 0.0
70 2 26 9.541850352986048 109.8359986590007 1048.0386625749609
71 0 100 0.0 0.0 0.0
72 0 100 0.0 0.0 0.0
73 1 19 1.0 40.84402933782601 40.84402933782601
74 1 17 1.0 35.503281577765854 35.503281577765854
75 1 7 1.0 11.607984241186918 11.607984241186918
76 0 6 0.0 6.0 0.0
77 0 100 0.0 0.0 0.0
78 0 5 0.0 5.0 0.0
79 2 40 9.541850352986048 204.4421003683832 1950.7559275652661
80 1 22 1.0 49.12998068819353 49.12998068819353
81 0 100 0.0 0.0 0.0
82 0 100 0.0 0.0 0.0
83 0 100 0.0 0.0 0.0
84 0 100 0.0 0.0 0.0
85 0 100 0.0 0.0 0.0
86 0 100 0.0 0.0 0.0
87 0 6 0.0 6.0 0.0
88 1 9 1.0 15.931997307697284 15.931997307697284
89 0 100 0.0 0.0 0.0
90 0 100 0.0 0.0 0.0
91 1 11 1.0 20.51504931294799 20.51504931294799
92 5 63 139.6884681067044 1860.4532693243248 259883.86717602485
93 1 12 1.0 22.891970023971037 22.891970023971037
94 0 100 0.0 0.0 0.0
95 0 6 0.0 6.0 0.0
96 0 100 0.0 0.0 0.0
97 3 184 32.9215577265747 1133.9736498594843 37332.17897426362
98 6 156 225.58275470837765 15678.208362466174 3536733.431297042
99 3 38 32.9215577265747 321.92161897300775 10598.16116245226
100 0 100 0.0 0.0 0.0
101 1 6 1.0 9.55892689827884 9.55892689827884
102 0 11 0.0 11.0 0.0
103 3 48 32.9215577265747 466.4489382157433 15356.225645969067
104 1 10 1.0 18.1937008646705 18.1937008646705
105 0 100 0.0 0.0 0.0
106 0 6 0.0 6.0 0.0
107 1 90 1.0 289.86199319298015 289.86199319298015
108 0 100 0.0 0.0 0.0
109 0 100 0.0 0.0 0.0
110 2 47 9.541850352986048 257.9778488812911 2461.586028410529
111 1 7 1.0 11.607984241186918 11.607984241186918
112 0 100 0.0 0.0 0.0
113 0 100 0.0 0.0 0.0
114 0 100 0.0 0.0 0.0
115 0 10 0.0 10.0 0.0
116 0 100 0.0 0.0 0.0
117 3 58 32.9215577265747 629.8939717412368 20737.090752300537
118 1 104 1.0 5.735193251789799 5.735193251789799
119 1 19 1.0 40.84402933782601 40.84402933782601
120 1 102 1.0 2.3948263510722025 2.3948263510722025
121 0 9 0.0 9.0 0.0
122 2 51 9.541850352986048 290.23003402420613 2769.3315526010238
123 1 104 1.0 5.735193251789799 5.735193251789799
124 0 100 0.0 0.0 0.0
125 1 8 1.0 13.734791927877684 13.734791927877684
126 4 88 75.61186198841948 2113.579549242958 159811.6851789044
127 3 132 32.9215577265747 245.06238675558936 8067.83551218631
128 3 92 32.9215577265747 1310.1434892630975 43131.96451187106
129 7 242 332.66880679862265 58564.0 19482416.001354538
130 0 100 0.0 0.0 0.0
131 1 8 1.0 13.734791927877684 13.734791927877684
132 0 100 0.0 0.0 0.0
133 0 9 0.0 9.0 0.0
134 0 100 0.0 0.0 0.0
135 1 107 1.0 11.607984241186918 11.607984241186918
136 0 100 0.0 0.0 0.0
137 0 100 0.0 0.0 0.0
138 2 24 9.541850352986048 97.86086952638261 933.7737724338355
139 0 100 0.0 0.0 0.0
140 0 100 0.0 0.0 0.0
141 1 9 1.0 15.931997307697284 15.931997307697284
142 0 100 0.0 0.0 0.0
143 0 100 0.0 0.0 0.0
144 2 54 9.541850352986048 315.16948038953416 3007.300017705306
145 7 85 332.66880679862265 7225.0 2403532.1291200486
146 1 18 1.0 38.15436697768484 38.15436697768484
147 0 100 0.0 0.0 0.0
148 0 100 0.0 0.0 0.0
149 1 13 1.0 25.320989780782124 25.320989780782124
150 0 100 0.0 0.0 0.0
151 2 24 9.541850352986048 97.86086952638261 933.7737724338355
152 0 100 0.0 0.0 0.0
153 0 100 0.0 0.0 0.0
154 1 106 1.0 9.55892689827884 9.55892689827884
155 2 98 9.541850352986048 744.4661437850972 7103.584536861991
156 0 100 0.0 0.0 0.0
157 2 11 9.541850352986048 31.76494829034237 303.0963830567869
158 1 73 1.0 222.65871287806598 222.65871287806598
159 7 100 332.66880679862265 10000.0 3326688.0679862266
160 0 100 0.0 0.0 0.0
161 0 100 0.0 0.0 0.0
162 0 100 0.0 0.0 0.0
163 1 16 1.0 32.892441635375256 32.892441635375256
164 6 97 225.58275470837765 6317.679695554275 1425159.589088318
165 1 104 1.0 5.735193251789799 5.735193251789799
166 5 139 139.6884681067044 7836.395098108471 1094654.0267336597
167 3 57 32.9215577265747 612.7419199112477 20172.41848785035
168 0 100 0.0 0.0 0.0
169 4 55 75.61186198841948 946.1899645328139 71543.18501308264
170 3 152 32.9215577265747 529.6457757489877 17436.763980956737
171 4 161 75.61186198841948 1129.4605717070829 85400.6168692773
172 5 120 139.6884681067044 5999.610526318716 838076.40365832
173 8 118 459.67273235884244 20402.728323412415 9378577.87599813
174 3 56 32.9215577265747 595.765723501293 19613.535657762357
175 2 48 9.541850352986048 265.93129728965954 2537.4766429133756
176 3 14 32.9215577265747 65.97278979840442 2171.9270077313495
177 2 38 9.541850352986048 189.8638195218893 1811.6521533242187
178 0 100 0.0 0.0 0.0
179 4 61 75.61186198841948 1129.4605717070829 85400.6168692773
180 4 72 75.61186198841948 1499.6637502850892 113392.36851559173
181 5 193 139.6884681067044 3775.468945982596 527389.4734487426
182 2 67 9.541850352986048 430.18533333719057 4104.764074752892
183 4 103 75.61186198841948 2766.3252371383346 209167.00204558554
184 5 112 139.6884681067044 5292.687692718977 739327.4359631217
185 5 40 139.6884681067044 814.9598274436516 113840.48986410785
186 1 22 1.0 49.12998068819353 49.12998068819353
187 5 55 139.6884681067044 1453.6132803589628 203053.01235290492
188 2 139 9.541850352986048 197.11162840858907 1880.8096611081503
189 7 124 332.66880679862265 15376.0 5115115.5733356215
190 0 100 0.0 0.0 0.0
191 0 100 0.0 0.0 0.0
192 4 38 75.61186198841948 502.796158813779 38017.3537685349
193 2 84 9.541850352986048 596.0613656366125 5687.528352101057
194 4 71 75.61186198841948 1464.2230773075796 110712.63324163957
195 2 32 9.541850352986048 148.1842032776824 1413.95149235211
196 1 105 1.0 7.59708563275366 7.59708563275366
197 2 47 9.541850352986048 257.9778488812911 2461.586028410529
198 1 23 1.0 51.960050539976365 51.960050539976365
199 2 25 9.541850352986048 103.79546451213633 990.4007896934788
