0 0 100 0.0 0.0 0.0
1 0 100 0.0 0.0 0.0
2 1 11 1.0 20.51504931294799 20.51504931294799
3 2 13 9.541850352986048 40.41888428935346 385.6709453236695
4 1 106 1.0 9.55892689827884 9.55892689827884
5 0 5 0.0 5.0 0.0
6 0 5 0.0 5.0 0.0
7 0 6 0.0 6.0 0.0
8 0 100 0.0 0.0 0.0
9 4 60 75.61186198841948 1097.9836363389938 83020.58717640696
10 0 100 0.0 0.0 0.0
11 0 100 0.0 0.0 0.0
12 0 100 0.0 0.0 0.0
13 1 10 1.0 18.1937008646705 18.1937008646705
14 0 100 0.0 0.0 0.0
15 0 100 0.0 0.0 0.0
16 0 100 0.0 0.0 0.0
17 0 5 0.0 5.0 0.0
18 10 142 766.6651705632711 61185.206070824126 46908566.44823727
19 0 5 0.0 5.0 0.0
20 11 161 942.9223974109915 112815.8246369091 106376567.83253233
21 0 100 0.0 0.0 0.0
22 1 29 1.0 69.58346013935528 69.58346013935528
23 13 274 1331.5823725933528 750456.7374587537 999294962.9939942
24 15 267 1756.7778603087352 1301443.2402378954 2286346670.898397
25 4 80 75.61186198841948 1795.7178600152838 135777.5710016156
26 0 100 0.0 0.0 0.0
27 0 100 0.0 0.0 0.0
28 5 170 139.6884681067044 2253.023098877021 314721.345291151
29 0 100 0.0 0.0 0.0
30 0 100 0.0 0.0 0.0
31 0 100 0.0 0.0 0.0
32 0 100 0.0 0.0 0.0
33 0 7 0.0 7.0 0.0
34 0 100 0.0 0.0 0.0
35 1 11 1.0 20.51504931294799 20.51504931294799
36 0 100 0.0 0.0 0.0
37 0 100 0.0 0.0 0.0
38 0 5 0.0 5.0 0.0
39 2 11 9.541850352986048 31.76494829034237 303.0963830567869
40 6 74 225.58275470837765 3764.5376458742294 849214.7723596997
41 0 100 0.0 0.0 0.0
42 0 6 0.0 6.0 0.0
43 3 133 32.9215577265747 257.33012181535685 8471.708460130769
44 1 102 1.0 2.3948263510722025 2.3948263510722025
45 4 102 75.61186198841948 2720.557944067154 205706.4517983039
46 0 100 0.0 0.0 0.0
47 0 11 0.0 11.0 0.0
48 0 100 0.0 0.0 0.0
49 1 11 1.0 20.51504931294799 20.51504931294799
50 7 72 332.66880679862265 5184.0 1724555.0944440598
51 13 252 1331.5823725933528 613362.0991290607 816742159.217114
52 0 100 0.0 0.0 0.0
53 0 5 0.0 5.0 0.0
54 1 6 1.0 9.55892689827884 9.55892689827884
55 3 166 32.9215577265747 773.2963448216119 25458.12025579391
56 1 20 1.0 43.57075425423803 43.57075425423803
57 9 134 604.9491004987461 38256.77589826959 23143402.1676403
58 0 100 0.0 0.0 0.0
59 1 12 1.0 22.891970023971037 22.891970023971037
60 0 100 0.0 0.0 0.0
61 0 100 0.0 0.0 0.0
62 0 100 0.0 0.0 0.0
63 0 100 0.0 0.0 0.0
64 0 6 0.0 6.0 0.0
65 0 100 0.0 0.0 0.0
66 0 100 0.0 0.0 0.0
67 0 100 0.0 0.0 0.0
68 0 100 0.0 0.0 0.0
69 0 100 0.0 0.0 0.0
70 1 21 1.0 46.33316012586883 46.33316012586883
71 0 100 0.0 0.0 0.0
72 0 100 0.0 0.0 0.0
73 0 100 0.0 0.0 0.0
74 0 100 0.0 0.0 0.0
75 0 11 0.0 11.0 0.0
76 0 100 0.0 0.0 0.0
77 4 182 75.61186198841948 1873.1633591984112 141633.36939747448
78 2 22 9.541850352986048 86.31942417916456 823.6470280735138
79 0 100 0.0 0.0 0.0
80 0 100 0.0 0.0 0.0
81 0 100 0.0 0.0 0.0
82 0 100 0.0 0.0 0.0
83 0 100 0.0 0.0 0.0
84 1 33 1.0 81.88562674252243 81.88562674252243
85 0 100 0.0 0.0 0.0
86 1 105 1.0 7.59708563275366 7.59708563275366
87 1 10 1.0 18.1937008646705 18.1937008646705
88 0 100 0.0 0.0 0.0
89 0 100 0.0 0.0 0.0
90 0 100 0.0 0.0 0.0
91 1 17 1.0 35.503281577765854 35.503281577765854
92 2 136 9.541850352986048 175.6210676402407 1675.7499462548174
93 0 100 0.0 0.0 0.0
94 0 100 0.0 0.0 0.0
95 2 49 9.541850352986048 273.9583678426836 2614.069748903192
96 15 175 1756.7778603087352 448850.49297726335 788530608.6511177
97 1 101 1.0 1.0 1.0
98 0 100 0.0 0.0 0.0
99 0 5 0.0 5.0 0.0
100 0 100 0.0 0.0 0.0
101 3 111 32.9215577265747 44.98915580191157 1481.1130898024949
102 1 11 1.0 20.51504931294799 20.51504931294799
103 9 151 604.9491004987461 49483.85481657476 29935213.46049745
104 4 43 75.61186198841948 621.143248020611 46965.797544373054
105 0 100 0.0 0.0 0.0
106 1 38 1.0 97.81435774219185 97.81435774219185
107 1 105 1.0 7.59708563275366 7.59708563275366
108 12 195 1131.8354418063404 242458.72541212823 274423378.5966383
109 9 175 604.9491004987461 67995.31391785582 41133703.99273675
110 4 136 75.61186198841948 458.3949685466225 34660.09709793311
111 0 100 0.0 0.0 0.0
112 0 11 0.0 11.0 0.0
113 1 107 1.0 11.607984241186918 11.607984241186918
114 4 130 75.61186198841948 335.61535000671915 25376.501525903146
115 11 210 942.9223974109915 207278.85551015017 195447875.3702373
116 1 8 1.0 13.734791927877684 13.734791927877684
117 1 17 1.0 35.503281577765854 35.503281577765854
118 0 100 0.0 0.0 0.0
119 15 272 1756.7778603087352 1363732.5899489343 2395775221.4037786
120 2 117 9.541850352986048 59.51335422080222 567.8675199791454
121 2 36 9.541850352986048 175.6210676402407 1675.7499462548174
122 2 15 9.541850352986048 49.68406405407534 474.0779041321602
123 0 100 0.0 0.0 0.0
124 1 6 1.0 9.55892689827884 9.55892689827884
125 1 9 1.0 15.931997307697284 15.931997307697284
126 0 100 0.0 0.0 0.0
127 3 45 32.9215577265747 421.0282951259743 13860.907322511091
128 1 8 1.0 13.734791927877684 13.734791927877684
129 0 100 0.0 0.0 0.0
130 0 100 0.0 0.0 0.0
131 14 207 1540.4353185285338 514842.0723364665 793080911.6915152
132 1 104 1.0 5.735193251789799 5.735193251789799
133 1 11 1.0 20.51504931294799 20.51504931294799
134 1 104 1.0 5.735193251789799 5.735193251789799
135 0 100 0.0 0.0 0.0
136 0 100 0.0 0.0 0.0
137 0 100 0.0 0.0 0.0
138 2 18 9.541850352986048 64.62733255388774 616.6643359418604
139 0 100 0.0 0.0 0.0
140 14 175 1540.4353185285338 340257.35278297117 524144443.6159119
141 1 19 1.0 40.84402933782601 40.84402933782601
142 12 218 1131.8354418063404 315132.98931001755 356678686.1834565
143 12 171 1131.8354418063404 178041.48661609797 201513664.6639889
144 0 100 0.0 0.0 0.0
145 0 100 0.0 0.0 0.0
146 9 188 604.9491004987461 79345.91287443922 48000238.621643886
147 1 9 1.0 15.931997307697284 15.931997307697284
148 7 218 332.66880679862265 13924.0 4632080.465864022
149 1 13 1.0 25.320989780782124 25.320989780782124
150 2 11 9.541850352986048 31.76494829034237 303.0963830567869
151 0 100 0.0 0.0 0.0
152 2 24 9.541850352986048 97.86086952638261 933.7737724338355
153 11 158 942.9223974109915 108060.79638064733 101892945.18938097
154 0 6 0.0 6.0 0.0
155 1 105 1.0 7.59708563275366 7.59708563275366
156 11 223 942.9223974109915 237835.15281631702 224260092.48217118
157 1 100 1.0 0.0 0.0
158 1 17 1.0 35.503281577765854 35.503281577765854
159 0 100 0.0 0.0 0.0
160 0 100 0.0 0.0 0.0
161 0 100 0.0 0.0 0.0
162 1 17 1.0 35.503281577765854 35.503281577765854
163 1 14 1.0 27.799106543625292 27.799106543625292
164 14 282 1540.4353185285338 1103656.527037045 1700111493.7724059
165 0 100 0.0 0.0 0.0
166 10 183 766.6651705632711 107558.85724916201 82461629.63851932
167 2 29 9.541850352986048 128.5709592386038 1226.8048527946264
168 10 163 766.6651705632711 83149.79614194512 63748052.641465575
169 1 105 1.0 7.59708563275366 7.59708563275366
170 3 51 32.9215577265747 513.5688732735056 16907.48730804564
171 2 127 9.541850352986048 115.98017876588344 1106.66550969663
172 0 100 0.0 0.0 0.0
173 1 101 1.0 1.0 1.0
174 0 100 0.0 0.0 0.0
175 3 131 32.9215577265747 233.0178128969552 7671.309378607293
176 0 100 0.0 0.0 0.0
177 5 80 139.6884681067044 2871.732646582133 401147.9342130701
178 2 63 9.541850352986048 393.6390130800606 3756.0445559070554
179 2 108 9.541850352986048 20.066939702021244 191.47573567908114
180 12 187 1131.8354418063404 219715.13514294155 248681377.05605105
181 3 34 32.9215577265747 269.81820202916316 8882.83551378369
182 0 100 0.0 0.0 0.0
183 12 239 1131.8354418063404 391209.5839510121 442784872.29006845
184 10 198 766.6651705632711 128155.62053704208 98252450.6776732
185 1 6 1.0 9.55892689827884 9.55892689827884
186 5 79 139.6884681067044 2806.8374672292675 392082.8260217585
187 1 103 1.0 3.9914906122521803 3.9914906122521803
188 1 103 1.0 3.9914906122521803 3.9914906122521803
189 1 104 1.0 5.735193251789799 5.735193251789799
190 3 25 32.9215577265747 165.61186212092687 5452.200479019623
191 11 190 942.9223974109915 164832.7121547771 155424456.11673832
192 11 147 942.9223974109915 91604.76025632706 86376180.15515503
193 1 107 1.0 11.607984241186918 11.607984241186918
194 1 108 1.0 13.734791927877684 13.734791927877684
195 12 157 1131.8354418063404 145644.81340415878 164845961.72609806
196 0 100 0.0 0.0 0.0
197 14 221 1540.4353185285338 605018.3297633114 931991603.5245482
198 3 41 32.9215577265747 363.1907597716439 11956.805563580698
199 4 52 75.61186198841948 859.6554919481086 65000.15241476724
