0 0 100 0.0 0.0 0.0
1 0 100 0.0 0.0 0.0
2 0 5 0.0 5.0 0.0
3 3 14 32.9215577265747 65.97278979840442 2171.9270077313495
4 0 10 0.0 10.0 0.0
5 0 100 0.0 0.0 0.0
6 0 100 0.0 0.0 0.0
7 0 100 0.0 0.0 0.0
8 1 14 1.0 27.799106543625292 27.799106543625292
9 1 16 1.0 32.892441635375256 32.892441635375256
10 0 100 0.0 0.0 0.0
11 0 100 0.0 0.0 0.0
12 3 36 32.9215577265747 295.444715883087 9726.500268956508
13 0 10 0.0 10.0 0.0
14 0 100 0.0 0.0 0.0
15 0 100 0.0 0.0 0.0
16 0 10 0.0 10.0 0.0
17 0 100 0.0 0.0 0.0
18 0 100 0.0 0.0 0.0
19 2 11 9.541850352986048 31.76494829034237 303.0963830567869
20 0 100 0.0 0.0 0.0
21 0 100 0.0 0.0 0.0
22 2 28 9.541850352986048 122.22584512913716 1166.2607234894754
23 1 13 1.0 25.320989780782124 25.320989780782124
24 0 100 0.0 0.0 0.0
25 0 100 0.0 0.0 0.0
26 0 5 0.0 5.0 0.0
27 0 100 0.0 0.0 0.0
28 1 24 1.0 54.8222930413608 54.8222930413608
29 0 5 0.0 5.0 0.0
30 1 9 1.0 15.931997307697284 15.931997307697284
31 0 100 0.0 0.0 0.0
32 0 100 0.0 0.0 0.0
33 0 100 0.0 0.0 0.0
34 0 100 0.0 0.0 0.0
35 2 17 9.541850352986048 59.51335422080222 567.8675199791454
36 1 9 1.0 15.931997307697284 15.931997307697284
37 0 100 0.0 0.0 0.0
38 0 100 0.0 0.0 0.0
39 1 14 1.0 27.799106543625292 27.799106543625292
40 0 100 0.0 0.0 0.0
41 0 100 0.0 0.0 0.0
42 0 5 0.0 5.0 0.0
43 0 100 0.0 0.0 0.0
44 0 100 0.0 0.0 0.0
45 0 100 0.0 0.0 0.0
46 1 28 1.0 66.57403288693754 66.57403288693754
47 0 100 0.0 0.0 0.0
48 0 10 0.0 10.0 0.0
49 0 6 0.0 6.0 0.0
50 0 5 0.0 5.0 0.0
51 2 9 9.541850352986048 23.78240930402918 226.9281906125095
52 3 19 32.9215577265747 107.12598084817145 3526.754162509012
53 0 100 0.0 0.0 0.0
54 0 5 0.0 5.0 0.0
55 0 100 0.0 0.0 0.0
56 1 9 1.0 15.931997307697284 15.931997307697284
57 0 10 0.0 10.0 0.0
58 0 100 0.0 0.0 0.0
59 0 100 0.0 0.0 0.0
60 0 14 0.0 14.0 0.0
61 0 100 0.0 0.0 0.0
62 0 100 0.0 0.0 0.0
63 1 10 1.0 18.1937008646705 18.1937008646705
64 0 100 0.0 0.0 0.0
65 0 10 0.0 10.0 0.0
66 3 49 32.9215577265747 481.96892224029307 15867.1676959488
67 0 100 0.0 0.0 0.0
68 2 21 9.541850352986048 80.71796600694597 770.1987524356932
69 0 10 0.0 10.0 0.0
70 0 100 0.0 0.0 0.0
71 0 100 0.0 0.0 0.0
72 0 100 0.0 0.0 0.0
73 0 100 0.0 0.0 0.0
74 0 100 0.0 0.0 0.0
75 0 100 0.0 0.0 0.0
76 0 100 0.0 0.0 0.0
77 1 106 1.0 9.55892689827884 9.55892689827884
78 0 100 0.0 0.0 0.0
79 0 100 0.0 0.0 0.0
80 1 20 1.0 43.57075425423803 43.57075425423803
81 4 27 75.61186198841948 280.28354879760207 21192.761009308724
82 2 17 9.541850352986048 59.51335422080222 567.8675199791454
83 0 8 0.0 8.0 0.0
84 3 19 32.9215577265747 107.12598084817145 3526.754162509012
85 0 100 0.0 0.0 0.0
86 4 44 75.61186198841948 646.0476428878335 48848.86521197858
87 2 23 9.541850352986048 92.0346545141889 878.1809006631623
88 0 5 0.0 5.0 0.0
89 0 100 0.0 0.0 0.0
90 0 100 0.0 0.0 0.0
91 0 100 0.0 0.0 0.0
92 0 100 0.0 0.0 0.0
93 0 5 0.0 5.0 0.0
94 0 100 0.0 0.0 0.0
95 0 18 0.0 18.0 0.0
96 0 6 0.0 6.0 0.0
97 0 10 0.0 10.0 0.0
98 0 100 0.0 0.0 0.0
99 0 100 0.0 0.0 0.0
100 0 100 0.0 0.0 0.0
101 0 100 0.0 0.0 0.0
102 1 14 1.0 27.799106543625292 27.799106543625292
103 0 100 0.0 0.0 0.0
104 2 28 9.541850352986048 122.22584512913716 1166.2607234894754
105 2 12 9.541850352986048 36.01211998010309 343.62225974392254
106 1 18 1.0 38.15436697768484 38.15436697768484
107 1 107 1.0 11.607984241186918 11.607984241186918
108 1 14 1.0 27.799106543625292 27.799106543625292
109 0 6 0.0 6.0 0.0
110 4 35 75.61186198841948 436.83679879622173 33030.043742042886
111 0 100 0.0 0.0 0.0
112 0 11 0.0 11.0 0.0
113 0 100 0.0 0.0 0.0
114 0 5 0.0 5.0 0.0
115 2 12 9.541850352986048 36.01211998010309 343.62225974392254
116 0 100 0.0 0.0 0.0
117 0 12 0.0 12.0 0.0
118 1 16 1.0 32.892441635375256 32.892441635375256
119 4 53 75.61186198841948 888.1171619831025 67152.19228141312
120 2 18 9.541850352986048 64.62733255388774 616.6643359418604
121 1 6 1.0 9.55892689827884 9.55892689827884
122 0 10 0.0 10.0 0.0
123 0 100 0.0 0.0 0.0
124 1 12 1.0 22.891970023971037 22.891970023971037
125 1 106 1.0 9.55892689827884 9.55892689827884
126 1 29 1.0 69.58346013935528 69.58346013935528
127 1 17 1.0 35.503281577765854 35.503281577765854
128 1 16 1.0 32.892441635375256 32.892441635375256
129 0 100 0.0 0.0 0.0
130 1 13 1.0 25.320989780782124 25.320989780782124
131 1 16 1.0 32.892441635375256 32.892441635375256
132 0 100 0.0 0.0 0.0
133 1 104 1.0 5.735193251789799 5.735193251789799
134 2 31 9.541850352986048 141.5519192260369 1350.6672304328126
135 1 16 1.0 32.892441635375256 32.892441635375256
136 0 10 0.0 10.0 0.0
137 1 11 1.0 20.51504931294799 20.51504931294799
138 1 104 1.0 5.735193251789799 5.735193251789799
139 0 100 0.0 0.0 0.0
140 0 100 0.0 0.0 0.0
141 0 10 0.0 10.0 0.0
142 1 14 1.0 27.799106543625292 27.799106543625292
143 1 103 1.0 3.9914906122521803 3.9914906122521803
144 1 26 1.0 60.63937356224698 60.63937356224698
145 1 10 1.0 18.1937008646705 18.1937008646705
146 0 14 0.0 14.0 0.0
147 1 11 1.0 20.51504931294799 20.51504931294799
148 0 10 0.0 10.0 0.0
149 1 19 1.0 40.84402933782601 40.84402933782601
150 2 34 9.541850352986048 161.72412498062124 1543.1473990327004
151 0 9 0.0 9.0 0.0
152 1 35 1.0 88.18685030395203 88.18685030395203
153 1 14 1.0 27.799106543625292 27.799106543625292
154 3 28 32.9215577265747 198.25318874016915 6526.8037975869875
155 1 16 1.0 32.892441635375256 32.892441635375256
156 2 29 9.541850352986048 128.5709592386038 1226.8048527946264
157 0 10 0.0 10.0 0.0
158 1 10 1.0 18.1937008646705 18.1937008646705
159 1 16 1.0 32.892441635375256 32.892441635375256
160 1 19 1.0 40.84402933782601 40.84402933782601
161 3 44 32.9215577265747 406.27351121486885 13375.156852238497
162 1 18 1.0 38.15436697768484 38.15436697768484
163 4 29 75.61186198841948 316.71264325745693 23947.232671970367
164 2 31 9.541850352986048 141.5519192260369 1350.6672304328126
165 2 12 9.541850352986048 36.01211998010309 343.62225974392254
166 2 15 9.541850352986048 49.68406405407534 474.0779041321602
167 2 15 9.541850352986048 49.68406405407534 474.0779041321602
168 5 53 139.6884681067044 1358.9929081032851 189835.63750082318
169 0 100 0.0 0.0 0.0
170 0 100 0.0 0.0 0.0
171 0 10 0.0 10.0 0.0
172 1 20 1.0 43.57075425423803 43.57075425423803
173 1 10 1.0 18.1937008646705 18.1937008646705
174 1 10 1.0 18.1937008646705 18.1937008646705
175 0 10 0.0 10.0 0.0
176 2 31 9.541850352986048 141.5519192260369 1350.6672304328126
177 0 100 0.0 0.0 0.0
178 1 13 1.0 25.320989780782124 25.320989780782124
179 3 25 32.9215577265747 165.61186212092687 5452.200479019623
180 1 17 1.0 35.503281577765854 35.503281577765854
181 2 38 9.541850352986048 189.8638195218893 1811.6521533242187
182 1 14 1.0 27.799106543625292 27.799106543625292
183 2 24 9.541850352986048 97.86086952638261 933.7737724338355
184 2 27 9.541850352986048 115.98017876588344 1106.66550969663
185 2 21 9.541850352986048 80.71796600694597 770.1987524356932
186 2 21 9.541850352986048 80.71796600694597 770.1987524356932
187 1 42 1.0 110.9598727978785 110.9598727978785
188 0 100 0.0 0.0 0.0
189 1 12 1.0 22.891970023971037 22.891970023971037
190 4 29 75.61186198841948 316.71264325745693 23947.232671970367
191 2 28 9.541850352986048 122.22584512913716 1166.2607234894754
192 0 100 0.0 0.0 0.0
193 2 17 9.541850352986048 59.51335422080222 567.8675199791454
194 1 10 1.0 18.1937008646705 18.1937008646705
195 1 14 1.0 27.799106543625292 27.799106543625292
196 2 24 9.541850352986048 97.86086952638261 933.7737724338355
197 0 100 0.0 0.0 0.0
198 1 12 1.0 22.891970023971037 22.891970023971037
199 2 22 9.541850352986048 86.31942417916456 823.6470280735138
