0 0 100 0.0 0.0 0.0
1 0 100 0.0 0.0 0.0
2 3 32 32.9215577265747 245.06238675558936 8067.83551218631
3 3 20 32.9215577265747 116.21344721391306 3825.92771105708
4 0 100 0.0 0.0 0.0
5 0 100 0.0 0.0 0.0
6 0 100 0.0 0.0 0.0
7 0 100 0.0 0.0 0.0
8 0 100 0.0 0.0 0.0
9 2 109 9.541850352986048 23.78240930402918 226.9281906125095
10 3 61 32.9215577265747 682.3928350558612 22465.435111492498
11 2 20 9.541850352986048 75.23327232919837 717.8646261306569
12 0 100 0.0 0.0 0.0
13 1 8 1.0 13.734791927877684 13.734791927877684
14 0 100 0.0 0.0 0.0
15 0 100 0.0 0.0 0.0
16 1 6 1.0 9.55892689827884 9.55892689827884
17 0 100 0.0 0.0 0.0
18 0 100 0.0 0.0 0.0
19 1 105 1.0 7.59708563275366 7.59708563275366
20 0 100 0.0 0.0 0.0
21 1 105 1.0 7.59708563275366 7.59708563275366
22 0 10 0.0 10.0 0.0
23 0 100 0.0 0.0 0.0
24 0 11 0.0 11.0 0.0
25 0 100 0.0 0.0 0.0
26 6 79 225.58275470837765 4266.090224510861 962356.3846796412
27 0 6 0.0 6.0 0.0
28 0 100 0.0 0.0 0.0
29 0 100 0.0 0.0 0.0
30 2 40 9.541850352986048 204.4421003683832 1950.7559275652661
31 0 100 0.0 0.0 0.0
32 0 100 0.0 0.0 0.0
33 0 100 0.0 0.0 0.0
34 0 6 0.0 6.0 0.0
35 0 100 0.0 0.0 0.0
36 0 100 0.0 0.0 0.0
37 0 100 0.0 0.0 0.0
38 0 100 0.0 0.0 0.0
39 3 40 32.9215577265747 349.23013798641597 11497.20014757944
40 2 25 9.541850352986048 103.79546451213633 990.4007896934788
41 0 100 0.0 0.0 0.0
42 4 104 75.61186198841948 2812.409095796941 212651.48840637392
43 1 104 1.0 5.735193251789799 5.735193251789799
44 0 100 0.0 0.0 0.0
45 0 6 0.0 6.0 0.0
46 0 100 0.0 0.0 0.0
47 0 100 0.0 0.0 0.0
48 1 29 1.0 69.58346013935528 69.58346013935528
49 0 100 0.0 0.0 0.0
50 0 100 0.0 0.0 0.0
51 3 26 32.9215577265747 176.25042831919396 5802.438650243859
52 1 7 1.0 11.607984241186918 11.607984241186918
53 0 6 0.0 6.0 0.0
54 1 15 1.0 30.323695983612147 30.323695983612147
55 0 100 0.0 0.0 0.0
56 2 19 9.541850352986048 69.8685662777562 666.6754038000371
57 0 100 0.0 0.0 0.0
58 1 11 1.0 20.51504931294799 20.51504931294799
59 1 102 1.0 2.3948263510722025 2.3948263510722025
60 0 100 0.0 0.0 0.0
61 0 100 0.0 0.0 0.0
62 2 16 9.541850352986048 54.53075711894446 520.3243240639966
63 0 6 0.0 6.0 0.0
64 0 100 0.0 0.0 0.0
65 0 100 0.0 0.0 0.0
66 0 100 0.0 0.0 0.0
67 1 7 1.0 11.607984241186918 11.607984241186918
68 1 101 1.0 1.0 1.0
69 0 100 0.0 0.0 0.0
70 0 100 0.0 0.0 0.0
71 2 32 9.541850352986048 148.1842032776824 1413.95149235211
72 1 18 1.0 38.15436697768484 38.15436697768484
73 0 6 0.0 6.0 0.0
74 0 9 0.0 9.0 0.0
75 0 6 0.0 6.0 0.0
76 3 60 32.9215577265747 664.7206420100937 21883.638987981092
77 0 100 0.0 0.0 0.0
78 0 11 0.0 11.0 0.0
79 1 18 1.0 38.15436697768484 38.15436697768484
80 0 100 0.0 0.0 0.0
81 0 100 0.0 0.0 0.0
82 2 129 9.541850352986048 128.5709592386038 1226.8048527946264
83 0 100 0.0 0.0 0.0
84 0 100 0.0 0.0 0.0
85 2 13 9.541850352986048 40.41888428935346 385.6709453236695
86 1 15 1.0 30.323695983612147 30.323695983612147
87 0 100 0.0 0.0 0.0
88 0 100 0.0 0.0 0.0
89 0 100 0.0 0.0 0.0
90 0 6 0.0 6.0 0.0
91 1 21 1.0 46.33316012586883 46.33316012586883
92 0 100 0.0 0.0 0.0
93 0 100 0.0 0.0 0.0
94 0 100 0.0 0.0 0.0
95 0 100 0.0 0.0 0.0
96 0 100 0.0 0.0 0.0
97 0 9 0.0 9.0 0.0
98 3 16 32.9215577265747 81.54950460903234 2684.7367235598276
99 0 100 0.0 0.0 0.0
100 1 103 1.0 3.9914906122521803 3.9914906122521803
101 0 100 0.0 0.0 0.0
102 0 100 0.0 0.0 0.0
103 4 32 75.61186198841948 374.7746947170294 28337.41249369607
104 0 100 0.0 0.0 0.0
105 1 107 1.0 11.607984241186918 11.607984241186918
106 7 101 332.66880679862265 10201.0 3393554.4981527496
107 0 100 0.0 0.0 0.0
108 5 145 139.6884681067044 1009.4539298642129 141009.0730870245
109 0 100 0.0 0.0 0.0
110 0 100 0.0 0.0 0.0
111 3 64 32.9215577265747 736.4308795040106 24244.45171122346
112 2 38 9.541850352986048 189.8638195218893 1811.6521533242187
113 3 18 32.9215577265747 98.31525163284788 3236.6912320335186
114 6 118 225.58275470837765 9191.104391557652 2073354.6474598425
115 3 42 32.9215577265747 377.3528472077043 12423.04354263576
116 1 20 1.0 43.57075425423803 43.57075425423803
117 0 100 0.0 0.0 0.0
118 0 100 0.0 0.0 0.0
119 0 100 0.0 0.0 0.0
120 0 100 0.0 0.0 0.0
121 0 100 0.0 0.0 0.0
122 0 100 0.0 0.0 0.0
123 3 55 32.9215577265747 578.9666715492328 19060.48469917088
124 5 191 139.6884681067044 3629.2296992039956 506961.5370891617
125 0 100 0.0 0.0 0.0
126 3 108 32.9215577265747 1689.8922278658968 55633.88453137704
127 0 100 0.0 0.0 0.0
128 0 100 0.0 0.0 0.0
129 0 100 0.0 0.0 0.0
130 0 100 0.0 0.0 0.0
131 4 55 75.61186198841948 946.1899645328139 71543.18501308264
132 6 55 225.58275470837765 2133.9982456992793 481393.20280768874
133 2 43 9.541850352986048 226.91812071099523 2165.21875020514
134 0 100 0.0 0.0 0.0
135 5 55 139.6884681067044 1453.6132803589628 203053.01235290492
136 2 85 9.541850352986048 606.3224047881533 5785.43765215119
137 1 100 1.0 0.0 0.0
138 2 10 9.541850352986048 27.685321443873434 264.16919419175593
139 0 6 0.0 6.0 0.0
140 1 12 1.0 22.891970023971037 22.891970023971037
141 0 100 0.0 0.0 0.0
142 10 158 766.6651705632711 77583.53920841981 59480597.3201254
143 0 100 0.0 0.0 0.0
144 6 96 225.58275470837765 6193.675591281851 1397186.4016513997
145 2 10 9.541850352986048 27.685321443873434 264.16919419175593
146 0 100 0.0 0.0 0.0
147 3 84 32.9215577265747 1133.9736498594843 37332.17897426362
148 2 18 9.541850352986048 64.62733255388774 616.6643359418604
149 2 32 9.541850352986048 148.1842032776824 1413.95149235211
150 2 29 9.541850352986048 128.5709592386038 1226.8048527946264
151 1 18 1.0 38.15436697768484 38.15436697768484
152 1 14 1.0 27.799106543625292 27.799106543625292
153 4 46 75.61186198841948 697.0692055589992 52706.70056710426
154 3 56 32.9215577265747 595.765723501293 19613.535657762357
155 3 33 32.9215577265747 257.33012181535685 8471.708460130769
156 1 25 1.0 57.71571011139208 57.71571011139208
157 6 77 225.58275470837765 4061.8785529685815 916289.7532695315
158 0 100 0.0 0.0 0.0
159 8 66 459.67273235884244 6092.617388755455 2800610.082306216
160 3 57 32.9215577265747 612.7419199112477 20172.41848785035
161 0 100 0.0 0.0 0.0
162 2 19 9.541850352986048 69.8685662777562 666.6754038000371
163 0 100 0.0 0.0 0.0
164 3 16 32.9215577265747 81.54950460903234 2684.7367235598276
165 2 37 9.541850352986048 182.69988024795316 1743.2949168344405
166 1 12 1.0 22.891970023971037 22.891970023971037
167 1 19 1.0 40.84402933782601 40.84402933782601
168 4 65 75.61186198841948 1259.0362466163215 95198.07491757096
169 3 67 32.9215577265747 791.9778998728451 26073.146148835265
170 2 43 9.541850352986048 226.91812071099523 2165.21875020514
171 7 96 332.66880679862265 9216.0 3065875.723456106
172 0 100 0.0 0.0 0.0
173 3 123 32.9215577265747 145.08021796711313 4776.266770788355
174 3 65 32.9215577265747 754.7803226662346 24848.54396353912
175 5 79 139.6884681067044 2806.8374672292675 392082.8260217585
176 0 100 0.0 0.0 0.0
177 3 184 32.9215577265747 1133.9736498594843 37332.17897426362
178 5 176 139.6884681067044 2616.164871066153 365448.0631538047
179 5 213 139.6884681067044 5378.870870117234 751366.2319904525
180 4 45 75.61186198841948 671.3571728121805 50762.565895610074
181 7 180 332.66880679862265 32400.0 10778469.340275373
182 1 19 1.0 40.84402933782601 40.84402933782601
183 1 102 1.0 2.3948263510722025 2.3948263510722025
184 1 26 1.0 60.63937356224698 60.63937356224698
185 3 98 32.9215577265747 1448.352813330803 47682.0307525169
186 1 112 1.0 22.891970023971037 22.891970023971037
187 4 76 75.61186198841948 1644.92462809159 124375.81396061354
188 5 84 139.6884681067044 3137.9608221632784 438336.940226843
189 1 103 1.0 3.9914906122521803 3.9914906122521803
190 1 11 1.0 20.51504931294799 20.51504931294799
191 6 97 225.58275470837765 6317.679695554275 1425159.589088318
192 3 30 32.9215577265747 221.1993434691573 7282.2269551002855
193 1 107 1.0 11.607984241186918 11.607984241186918
194 0 100 0.0 0.0 0.0
195 3 36 32.9215577265747 295.444715883087 9726.500268956508
196 2 112 9.541850352986048 36.01211998010309 343.62225974392254
197 0 100 0.0 0.0 0.0
198 5 69 139.6884681067044 2194.8788310889477 306599.26159464906
199 4 82 75.61186198841948 1873.1633591984112 141633.36939747448
