0 1 7 1.0 11.607984241186918 11.607984241186918
1 2 19 9.541850352986048 69.8685662777562 666.6754038000371
2 0 100 0.0 0.0 0.0
3 0 100 0.0 0.0 0.0
4 0 6 0.0 6.0 0.0
5 0 100 0.0 0.0 0.0
6 0 100 0.0 0.0 0.0
7 2 98 9.541850352986048 744.4661437850972 7103.584536861991
8 1 22 1.0 49.12998068819353 49.12998068819353
9 0 100 0.0 0.0 0.0
10 0 100 0.0 0.0 0.0
11 2 118 9.541850352986048 64.62733255388774 616.6643359418604
12 0 100 0.0 0.0 0.0
13 0 100 0.0 0.0 0.0
14 1 104 1.0 5.735193251789799 5.735193251789799
15 0 100 0.0 0.0 0.0
16 3 23 32.9215577265747 145.08021796711313 4776.266770788355
17 4 58 75.61186198841948 1036.142416344768 78344.65738500807
18 0 100 0.0 0.0 0.0
19 0 100 0.0 0.0 0.0
20 0 100 0.0 0.0 0.0
21 0 100 0.0 0.0 0.0
22 0 100 0.0 0.0 0.0
23 0 11 0.0 11.0 0.0
24 1 9 1.0 15.931997307697284 15.931997307697284
25 6 150 225.58275470837765 14544.969872206551 3281094.3709227135
26 0 100 0.0 0.0 0.0
27 4 154 75.61186198841948 916.9626779842689 69333.25545627807
28 0 100 0.0 0.0 0.0
29 0 100 0.0 0.0 0.0
30 0 5 0.0 5.0 0.0
31 0 100 0.0 0.0 0.0
32 0 5 0.0 5.0 0.0
33 0 5 0.0 5.0 0.0
34 0 10 0.0 10.0 0.0
35 6 156 225.58275470837765 15678.208362466174 3536733.431297042
36 1 6 1.0 9.55892689827884 9.55892689827884
37 0 9 0.0 9.0 0.0
38 1 10 1.0 18.1937008646705 18.1937008646705
39 6 151 225.58275470837765 14731.024405213999 3323065.065004514
40 3 41 32.9215577265747 363.1907597716439 11956.805563580698
41 8 143 459.67273235884244 30428.435598390966 13987122.132917445
42 0 100 0.0 0.0 0.0
43 0 100 0.0 0.0 0.0
44 0 5 0.0 5.0 0.0
45 0 100 0.0 0.0 0.0
46 3 32 32.9215577265747 245.06238675558936 8067.83551218631
47 0 100 0.0 0.0 0.0
48 0 6 0.0 6.0 0.0
49 1 107 1.0 11.607984241186918 11.607984241186918
50 0 100 0.0 0.0 0.0
51 0 6 0.0 6.0 0.0
52 0 100 0.0 0.0 0.0
53 0 100 0.0 0.0 0.0
54 0 100 0.0 0.0 0.0
55 0 100 0.0 0.0 0.0
56 2 21 9.541850352986048 80.71796600694597 770.1987524356932
57 1 107 1.0 11.607984241186918 11.607984241186918
58 0 100 0.0 0.0 0.0
59 3 42 32.9215577265747 377.3528472077043 12423.04354263576
60 0 100 0.0 0.0 0.0
61 3 35 32.9215577265747 282.5239294230334 9301.12785163911
62 1 14 1.0 27.799106543625292 27.799106543625292
63 0 100 0.0 0.0 0.0
64 0 100 0.0 0.0 0.0
65 1 8 1.0 13.734791927877684 13.734791927877684
66 0 100 0.0 0.0 0.0
67 0 100 0.0 0.0 0.0
68 2 123 9.541850352986048 1033.153256562418 9858.193765818793
69 1 16 1.0 32.892441635375256 32.892441635375256
70 0 11 0.0 11.0 0.0
71 0 100 0.0 0.0 0.0
72 0 100 0.0 0.0 0.0
73 0 5 0.0 5.0 0.0
74 0 100 0.0 0.0 0.0
75 0 7 0.0 7.0 0.0
76 1 5 1.0 7.59708563275366 7.59708563275366
77 0 100 0.0 0.0 0.0
78 1 16 1.0 32.892441635375256 32.892441635375256
79 0 100 0.0 0.0 0.0
80 0 100 0.0 0.0 0.0
81 0 100 0.0 0.0 0.0
82 0 10 0.0 10.0 0.0
83 1 6 1.0 9.55892689827884 9.55892689827884
84 0 100 0.0 0.0 0.0
85 0 100 0.0 0.0 0.0
86 1 5 1.0 7.59708563275366 7.59708563275366
87 3 23 32.9215577265747 145.08021796711313 4776.266770788355
88 0 100 0.0 0.0 0.0
89 0 100 0.0 0.0 0.0
90 1 20 1.0 43.57075425423803 43.57075425423803
91 0 100 0.0 0.0 0.0
92 1 6 1.0 9.55892689827884 9.55892689827884
93 0 10 0.0 10.0 0.0
94 0 100 0.0 0.0 0.0
95 0 100 0.0 0.0 0.0
96 0 100 0.0 0.0 0.0
97 0 100 0.0 0.0 0.0
98 2 18 9.541850352986048 64.62733255388774 616.6643359418604
99 0 100 0.0 0.0 0.0
100 2 172 9.541850352986048 477.2401734727425 4553.754317710011
101 4 106 75.61186198841948 2905.522977389894 219692.00237058633
102 1 19 1.0 40.84402933782601 40.84402933782601
103 0 100 0.0 0.0 0.0
104 3 72 32.9215577265747 887.8335628861327 29228.863892146303
105 1 12 1.0 22.891970023971037 22.891970023971037
106 0 100 0.0 0.0 0.0
107 0 100 0.0 0.0 0.0
108 1 13 1.0 25.320989780782124 25.320989780782124
109 2 24 9.541850352986048 97.86086952638261 933.7737724338355
110 1 101 1.0 1.0 1.0
111 1 8 1.0 13.734791927877684 13.734791927877684
112 0 100 0.0 0.0 0.0
113 1 16 1.0 32.892441635375256 32.892441635375256
114 0 100 0.0 0.0 0.0
115 1 5 1.0 7.59708563275366 7.59708563275366
116 0 100 0.0 0.0 0.0
117 4 160 75.61186198841948 1097.9836363389938 83020.58717640696
118 3 37 32.9215577265747 308.57807572808247 10158.870933237406
119 3 36 32.9215577265747 295.444715883087 9726.500268956508
120 0 100 0.0 0.0 0.0
121 1 107 1.0 11.607984241186918 11.607984241186918
122 0 100 0.0 0.0 0.0
123 1 103 1.0 3.9914906122521803 3.9914906122521803
124 0 10 0.0 10.0 0.0
125 2 33 9.541850352986048 154.90879557685506 1478.1165457556579
126 1 8 1.0 13.734791927877684 13.734791927877684
127 0 100 0.0 0.0 0.0
128 1 105 1.0 7.59708563275366 7.59708563275366
129 1 19 1.0 40.84402933782601 40.84402933782601
130 0 100 0.0 0.0 0.0
131 3 48 32.9215577265747 466.4489382157433 15356.225645969067
132 3 33 32.9215577265747 257.33012181535685 8471.708460130769
133 1 103 1.0 343.5705969041738 343.5705969041738
134 4 143 75.61186198841948 621.143248020611 46965.797544373054
135 4 82 75.61186198841948 1873.1633591984112 141633.36939747448
136 2 47 9.541850352986048 257.9778488812911 2461.586028410529
137 1 63 1.0 184.93837367838248 184.93837367838248
138 0 100 0.0 0.0 0.0
139 5 85 139.6884681067044 3206.1723328082135 447865.30165607814
140 5 81 139.6884681067044 2937.2940727723303 410306.1094044695
141 0 100 0.0 0.0 0.0
142 0 100 0.0 0.0 0.0
143 0 100 0.0 0.0 0.0
144 0 100 0.0 0.0 0.0
145 6 110 225.58275470837765 8036.070233330496 1812798.8602646885
146 3 48 32.9215577265747 466.4489382157433 15356.225645969067
147 0 100 0.0 0.0 0.0
148 1 23 1.0 51.960050539976365 51.960050539976365
149 0 100 0.0 0.0 0.0
150 1 104 1.0 5.735193251789799 5.735193251789799
151 2 87 9.541850352986048 627.0047178974448 5982.785188793651
152 0 100 0.0 0.0 0.0
153 2 51 9.541850352986048 290.23003402420613 2769.3315526010238
154 0 100 0.0 0.0 0.0
155 2 60 9.541850352986048 366.8916913478798 3500.825614595415
156 10 82 766.6651705632711 18041.96785690145 13832148.364308406
157 1 5 1.0 7.59708563275366 7.59708563275366
158 1 14 1.0 27.799106543625292 27.799106543625292
159 1 104 1.0 5.735193251789799 5.735193251789799
160 0 100 0.0 0.0 0.0
161 0 100 0.0 0.0 0.0
162 2 111 9.541850352986048 31.76494829034237 303.0963830567869
163 0 100 0.0 0.0 0.0
164 0 100 0.0 0.0 0.0
165 1 102 1.0 339.37327325087364 339.37327325087364
166 2 17 9.541850352986048 59.51335422080222 567.8675199791454
167 1 21 1.0 46.33316012586883 46.33316012586883
168 2 16 9.541850352986048 54.53075711894446 520.3243240639966
169 1 26 1.0 60.63937356224698 60.63937356224698
170 2 37 9.541850352986048 182.69988024795316 1743.2949168344405
171 3 15 32.9215577265747 73.60859052492496 2423.3094621381165
172 1 6 1.0 9.55892689827884 9.55892689827884
173 0 100 0.0 0.0 0.0
174 2 23 9.541850352986048 92.0346545141889 878.1809006631623
175 2 20 9.541850352986048 75.23327232919837 717.8646261306569
176 2 30 9.541850352986048 135.01359299654277 1288.2794999919763
177 5 131 139.6884681067044 7036.185360595053 982873.9543363424
178 1 6 1.0 9.55892689827884 9.55892689827884
179 1 20 1.0 43.57075425423803 43.57075425423803
180 1 26 1.0 60.63937356224698 60.63937356224698
181 3 101 32.9215577265747 1519.3640883793698 50019.83254326596
182 2 22 9.541850352986048 86.31942417916456 823.6470280735138
183 4 69 75.61186198841948 1394.4010936602072 105433.26305033677
184 2 27 9.541850352986048 115.98017876588344 1106.66550969663
185 4 80 75.61186198841948 1795.7178600152838 135777.5710016156
186 8 241 459.67273235884244 90114.59111778522 41423220.324512206
187 1 5 1.0 7.59708563275366 7.59708563275366
188 5 70 139.6884681067044 2253.023098877021 314721.345291151
189 2 41 9.541850352986048 211.85407612585806 2021.4798910630518
190 2 29 9.541850352986048 128.5709592386038 1226.8048527946264
191 1 107 1.0 11.607984241186918 11.607984241186918
192 6 66 225.58275470837765 3024.560894461153 682288.7783557816
193 1 10 1.0 18.1937008646705 18.1937008646705
194 1 20 1.0 43.57075425423803 43.57075425423803
195 3 68 32.9215577265747 810.8239638778247 26693.587932893923
196 2 10 9.541850352986048 27.685321443873434 264.16919419175593
197 3 80 32.9215577265747 1049.4627962762117 34549.95002949981
198 2 11 9.541850352986048 31.76494829034237 303.0963830567869
199 3 55 32.9215577265747 578.9666715492328 19060.48469917088
