0 2 23 9.541850352986048 92.0346545141889 878.1809006631623
1 0 100 0.0 0.0 0.0
2 0 100 0.0 0.0 0.0
3 0 5 0.0 5.0 0.0
4 1 9 1.0 15.931997307697284 15.931997307697284
5 2 25 9.541850352986048 103.79546451213633 990.4007896934788
6 0 100 0.0 0.0 0.0
7 1 103 1.0 3.9914906122521803 3.9914906122521803
8 2 37 9.541850352986048 182.69988024795316 1743.2949168344405
9 1 102 1.0 2.3948263510722025 2.3948263510722025
10 0 100 0.0 0.0 0.0
11 2 110 9.541850352986048 27.685321443873434 264.16919419175593
12 0 100 0.0 0.0 0.0
13 0 100 0.0 0.0 0.0
14 1 14 1.0 27.799106543625292 27.799106543625292
15 2 42 9.541850352986048 219.34644070399202 2092.9709126576195
16 0 100 0.0 0.0 0.0
17 0 100 0.0 0.0 0.0
18 1 9 1.0 15.931997307697284 15.931997307697284
19 1 9 1.0 15.931997307697284 15.931997307697284
20 0 7 0.0 7.0 0.0
21 0 100 0.0 0.0 0.0
22 1 103 1.0 3.9914906122521803 3.9914906122521803
23 3 53 32.9215577265747 545.90532331836 17972.053614869816
24 0 5 0.0 5.0 0.0
25 2 91 9.541850352986048 669.0007525336273 6383.5050667109235
26 1 12 1.0 22.891970023971037 22.891970023971037
27 1 110 1.0 18.1937008646705 18.1937008646705
28 0 100 0.0 0.0 0.0
29 1 26 1.0 60.63937356224698 60.63937356224698
30 1 5 1.0 7.59708563275366 7.59708563275366
31 2 46 9.541850352986048 250.0988923255542 2386.406204018009
32 1 25 1.0 57.71571011139208 57.71571011139208
33 1 102 1.0 2.3948263510722025 2.3948263510722025
34 0 100 0.0 0.0 0.0
35 1 28 1.0 66.57403288693754 66.57403288693754
36 0 100 0.0 0.0 0.0
37 0 100 0.0 0.0 0.0
38 2 10 9.541850352986048 27.685321443873434 264.16919419175593
39 0 100 0.0 0.0 0.0
40 2 49 9.541850352986048 273.9583678426836 2614.069748903192
41 1 7 1.0 11.607984241186918 11.607984241186918
42 1 15 1.0 30.323695983612147 30.323695983612147
43 0 100 0.0 0.0 0.0
44 1 23 1.0 51.960050539976365 51.960050539976365
45 0 100 0.0 0.0 0.0
46 0 100 0.0 0.0 0.0
47 0 7 0.0 7.0 0.0
48 3 89 32.9215577265747 1242.9788737846095 40920.80074621283
49 4 36 75.61186198841948 458.3949685466225 34660.09709793311
50 0 100 0.0 0.0 0.0
51 0 100 0.0 0.0 0.0
52 3 82 32.9215577265747 1091.4155133611555 35931.098826798436
53 0 100 0.0 0.0 0.0
54 0 100 0.0 0.0 0.0
55 1 8 1.0 13.734791927877684 13.734791927877684
56 0 100 0.0 0.0 0.0
57 0 5 0.0 5.0 0.0
58 0 100 0.0 0.0 0.0
59 0 100 0.0 0.0 0.0
60 0 100 0.0 0.0 0.0
61 0 100 0.0 0.0 0.0
62 0 100 0.0 0.0 0.0
63 0 100 0.0 0.0 0.0
64 0 100 0.0 0.0 0.0
65 1 106 1.0 9.55892689827884 9.55892689827884
66 1 12 1.0 22.891970023971037 22.891970023971037
67 4 36 75.61186198841948 458.3949685466225 34660.09709793311
68 1 100 1.0 0.0 0.0
69 0 100 0.0 0.0 0.0
70 1 107 1.0 11.607984241186918 11.607984241186918
71 1 101 1.0 1.0 1.0
72 0 100 0.0 0.0 0.0
73 1 20 1.0 43.57075425423803 43.57075425423803
74 1 108 1.0 13.734791927877684 13.734791927877684
75 2 13 9.541850352986048 40.41888428935346 385.6709453236695
76 3 43 32.9215577265747 391.71440685113555 12895.848457480626
77 7 95 332.66880679862265 9025.0 3002335.9813575693
78 1 9 1.0 15.931997307697284 15.931997307697284
79 2 41 9.541850352986048 211.85407612585806 2021.4798910630518
80 1 7 1.0 11.607984241186918 11.607984241186918
81 0 100 0.0 0.0 0.0
82 2 29 9.541850352986048 128.5709592386038 1226.8048527946264
83 0 100 0.0 0.0 0.0
84 1 106 1.0 9.55892689827884 9.55892689827884
85 0 100 0.0 0.0 0.0
86 1 28 1.0 66.57403288693754 66.57403288693754
87 0 100 0.0 0.0 0.0
88 0 100 0.0 0.0 0.0
89 0 100 0.0 0.0 0.0
90 3 25 32.9215577265747 165.61186212092687 5452.200479019623
91 3 76 32.9215577265747 967.3986454236635 31848.270349925308
92 0 100 0.0 0.0 0.0
93 0 100 0.0 0.0 0.0
94 0 100 0.0 0.0 0.0
95 0 100 0.0 0.0 0.0
96 0 100 0.0 0.0 0.0
97 0 100 0.0 0.0 0.0
98 0 6 0.0 6.0 0.0
99 1 25 1.0 57.71571011139208 57.71571011139208
100 0 100 0.0 0.0 0.0
101 0 5 0.0 5.0 0.0
102 1 14 1.0 27.799106543625292 27.799106543625292
103 1 23 1.0 51.960050539976365 51.960050539976365
104 2 20 9.541850352986048 75.23327232919837 717.8646261306569
105 0 100 0.0 0.0 0.0
106 4 57 75.61186198841948 1005.7817905983286 76049.03394118624
107 3 132 32.9215577265747 2323.813600584006 76503.56359742575
108 0 100 0.0 0.0 0.0
109 1 13 1.0 25.320989780782124 25.320989780782124
110 1 102 1.0 2.3948263510722025 2.3948263510722025
111 7 171 332.66880679862265 29241.0 9727568.579598526
112 2 51 9.541850352986048 290.23003402420613 2769.3315526010238
113 1 15 1.0 30.323695983612147 30.323695983612147
114 0 100 0.0 0.0 0.0
115 0 100 0.0 0.0 0.0
116 0 100 0.0 0.0 0.0
117 0 100 0.0 0.0 0.0
118 2 32 9.541850352986048 148.1842032776824 1413.95149235211
119 0 100 0.0 0.0 0.0
120 1 16 1.0 32.892441635375256 32.892441635375256
121 0 100 0.0 0.0 0.0
122 0 100 0.0 0.0 0.0
123 1 19 1.0 40.84402933782601 40.84402933782601
124 1 106 1.0 9.55892689827884 9.55892689827884
125 3 193 32.9215577265747 1332.8212345645688 43878.55121292201
126 1 103 1.0 3.9914906122521803 3.9914906122521803
127 2 65 9.541850352986048 411.78783219395143 3929.2178719752146
128 2 11 9.541850352986048 31.76494829034237 303.0963830567869
129 2 114 9.541850352986048 44.97826169706515 429.17584225083993
130 5 126 139.6884681067044 6555.813195992822 915771.5025419551
131 1 6 1.0 9.55892689827884 9.55892689827884
132 1 8 1.0 13.734791927877684 13.734791927877684
133 0 100 0.0 0.0 0.0
134 1 7 1.0 11.607984241186918 11.607984241186918
135 1 15 1.0 30.323695983612147 30.323695983612147
136 0 100 0.0 0.0 0.0
137 0 100 0.0 0.0 0.0
138 2 7 9.541850352986048 16.551687764173284 157.9337277350917
139 0 100 0.0 0.0 0.0
140 2 10 9.541850352986048 27.685321443873434 264.16919419175593
141 1 28 1.0 66.57403288693754 66.57403288693754
142 4 100 75.61186198841948 2629.9766541734707 198857.43180812968
143 1 12 1.0 22.891970023971037 22.891970023971037
144 2 28 9.541850352986048 122.22584512913716 1166.2607234894754
145 4 45 75.61186198841948 671.3571728121805 50762.565895610074
146 1 6 1.0 9.55892689827884 9.55892689827884
147 1 28 1.0 66.57403288693754 66.57403288693754
148 1 6 1.0 9.55892689827884 9.55892689827884
149 1 100 1.0 0.0 0.0
150 7 70 332.66880679862265 4900.0 1630077.153313251
151 0 100 0.0 0.0 0.0
152 1 11 1.0 20.51504931294799 20.51504931294799
153 2 26 9.541850352986048 109.8359986590007 1048.0386625749609
154 4 70 75.61186198841948 1429.1350405139644 108059.56144615616
155 0 100 0.0 0.0 0.0
156 2 16 9.541850352986048 54.53075711894446 520.3243240639966
157 5 99 139.6884681067044 4229.702363015084 590840.6436368847
158 1 48 1.0 131.28987200165307 131.28987200165307
159 0 100 0.0 0.0 0.0
160 1 27 1.0 63.59241768810072 63.59241768810072
161 1 8 1.0 13.734791927877684 13.734791927877684
162 5 83 139.6884681067044 3070.409639894098 428900.8190568644
163 1 48 1.0 131.28987200165307 131.28987200165307
164 2 117 9.541850352986048 59.51335422080222 567.8675199791454
165 2 33 9.541850352986048 154.90879557685506 1478.1165457556579
166 2 20 9.541850352986048 75.23327232919837 717.8646261306569
167 1 15 1.0 30.323695983612147 30.323695983612147
168 2 80 9.541850352986048 555.5596760452839 5301.067290977507
169 0 100 0.0 0.0 0.0
170 3 84 32.9215577265747 1133.9736498594843 37332.17897426362
171 0 100 0.0 0.0 0.0
172 1 12 1.0 22.891970023971037 22.891970023971037
173 0 100 0.0 0.0 0.0
174 1 17 1.0 35.503281577765854 35.503281577765854
175 1 102 1.0 2.3948263510722025 2.3948263510722025
176 3 40 32.9215577265747 349.23013798641597 11497.20014757944
177 0 100 0.0 0.0 0.0
178 1 11 1.0 20.51504931294799 20.51504931294799
179 4 83 75.61186198841948 1912.3940233356846 144599.67295993603
180 0 100 0.0 0.0 0.0
181 3 25 32.9215577265747 165.61186212092687 5452.200479019623
182 2 40 9.541850352986048 204.4421003683832 1950.7559275652661
183 2 28 9.541850352986048 122.22584512913716 1166.2607234894754
184 4 33 75.61186198841948 395.0229353848392 29868.419672578806
185 2 28 9.541850352986048 122.22584512913716 1166.2607234894754
186 6 200 225.58275470837765 6696.723465418967 1510665.3268494436
187 3 58 32.9215577265747 629.8939717412368 20737.090752300537
188 2 39 9.541850352986048 197.11162840858907 1880.8096611081503
189 2 105 9.541850352986048 822.3551150782405 7846.789445089191
190 1 24 1.0 54.8222930413608 54.8222930413608
191 6 71 225.58275470837765 3478.001961782023 784577.2634199304
192 3 121 32.9215577265747 125.57185196799401 4134.020973397207
193 0 100 0.0 0.0 0.0
194 3 59 32.9215577265747 647.2206215128941 21307.511052966296
195 7 82 332.66880679862265 6724.0 2236865.056913939
196 4 141 75.61186198841948 572.5607883495287 43292.38730866522
197 2 114 9.541850352986048 44.97826169706515 429.17584225083993
198 5 48 139.6884681067044 1135.058052192084 158554.52052289192
199 2 13 9.541850352986048 40.41888428935346 385.6709453236695
