0 0 100 0.0 0.0 0.0
1 0 100 0.0 0.0 0.0
2 1 9 1.0 15.931997307697284 15.931997307697284
3 4 39 75.61186198841948 525.6324972119714 39744.05183581987
4 0 100 0.0 0.0 0.0
5 1 11 1.0 20.51504931294799 20.51504931294799
6 0 100 0.0 0.0 0.0
7 0 100 0.0 0.0 0.0
8 0 100 0.0 0.0 0.0
9 0 100 0.0 0.0 0.0
10 0 6 0.0 6.0 0.0
11 2 26 9.541850352986048 109.8359986590007 1048.0386625749609
12 6 129 225.58275470837765 10899.657990727621 2458774.8749275175
13 1 11 1.0 20.51504931294799 20.51504931294799
14 1 9 1.0 15.931997307697284 15.931997307697284
15 1 10 1.0 18.1937008646705 18.1937008646705
16 0 100 0.0 0.0 0.0
17 0 100 0.0 0.0 0.0
18 0 100 0.0 0.0 0.0
19 1 25 1.0 57.71571011139208 57.71571011139208
20 0 100 0.0 0.0 0.0
21 0 11 0.0 11.0 0.0
22 0 6 0.0 6.0 0.0
23 2 12 9.541850352986048 36.01211998010309 343.62225974392254
24 0 100 0.0 0.0 0.0
25 1 15 1.0 30.323695983612147 30.323695983612147
26 3 47 32.9215577265747 451.11773253603667 14851.498473166615
27 1 19 1.0 40.84402933782601 40.84402933782601
28 1 17 1.0 35.503281577765854 35.503281577765854
29 0 100 0.0 0.0 0.0
30 5 114 139.6884681067044 5465.679515018471 763492.3986151252
31 0 100 0.0 0.0 0.0
32 2 155 9.541850352986048 323.62148105306557 3087.947743220061
33 0 100 0.0 0.0 0.0
34 0 100 0.0 0.0 0.0
35 0 100 0.0 0.0 0.0
36 3 50 32.9215577265747 497.6760852315066 16384.27196908475
37 0 100 0.0 0.0 0.0
38 0 100 0.0 0.0 0.0
39 0 100 0.0 0.0 0.0
40 3 71 32.9215577265747 868.3392862126454 28587.081937302275
41 0 100 0.0 0.0 0.0
42 0 100 0.0 0.0 0.0
43 2 43 9.541850352986048 226.91812071099523 2165.21875020514
44 5 139 139.6884681067044 7836.395098108471 1094654.0267336597
45 3 13 32.9215577265747 58.65092275827274 1930.8797393033497
46 0 100 0.0 0.0 0.0
47 0 100 0.0 0.0 0.0
48 3 90 32.9215577265747 1265.2216514357588 41653.0676346545
49 5 70 139.6884681067044 2253.023098877021 314721.345291151
50 3 102 32.9215577265747 1543.3130397440127 50808.269328107985
51 1 57 1.0 163.02855966848514 163.02855966848514
52 0 6 0.0 6.0 0.0
53 4 29 75.61186198841948 316.71264325745693 23947.232671970367
54 1 101 1.0 1.0 1.0
55 0 100 0.0 0.0 0.0
56 3 115 32.9215577265747 73.60859052492496 2423.3094621381165
57 1 23 1.0 51.960050539976365 51.960050539976365
58 2 26 9.541850352986048 109.8359986590007 1048.0386625749609
59 3 52 32.9215577265747 529.6457757489877 17436.763980956737
60 0 100 0.0 0.0 0.0
61 0 100 0.0 0.0 0.0
62 0 100 0.0 0.0 0.0
63 0 100 0.0 0.0 0.0
64 1 108 1.0 13.734791927877684 13.734791927877684
65 5 97 139.6884681067044 4075.7152237055247 569330.4160385987
66 1 27 1.0 63.59241768810072 63.59241768810072
67 0 100 0.0 0.0 0.0
68 0 100 0.0 0.0 0.0
69 0 6 0.0 6.0 0.0
70 1 105 1.0 7.59708563275366 7.59708563275366
71 0 100 0.0 0.0 0.0
72 1 8 1.0 13.734791927877684 13.734791927877684
73 1 35 1.0 88.18685030395203 88.18685030395203
74 4 37 75.61186198841948 480.38255499420245 36322.61944986597
75 0 100 0.0 0.0 0.0
76 0 100 0.0 0.0 0.0
77 0 100 0.0 0.0 0.0
78 1 103 1.0 3.9914906122521803 3.9914906122521803
79 4 74 75.61186198841948 1571.597319835911 118831.39964880285
80 0 100 0.0 0.0 0.0
81 0 100 0.0 0.0 0.0
82 1 31 1.0 75.68293941204132 75.68293941204132
83 0 100 0.0 0.0 0.0
84 1 19 1.0 40.84402933782601 40.84402933782601
85 4 167 75.61186198841948 6321.086042040881 477949.0854277198
86 0 11 0.0 11.0 0.0
87 1 27 1.0 63.59241768810072 63.59241768810072
88 2 26 9.541850352986048 109.8359986590007 1048.0386625749609
89 0 100 0.0 0.0 0.0
90 0 100 0.0 0.0 0.0
91 0 11 0.0 11.0 0.0
92 0 100 0.0 0.0 0.0
93 8 178 459.67273235884244 47980.22076250186 22055199.177079692
94 0 100 0.0 0.0 0.0
95 0 100 0.0 0.0 0.0
96 2 79 9.541850352986048 545.5717283799165 5205.7637890211145
97 0 100 0.0 0.0 0.0
98 0 100 0.0 0.0 0.0
99 0 100 0.0 0.0 0.0
100 0 100 0.0 0.0 0.0
101 0 100 0.0 0.0 0.0
102 1 104 1.0 5.735193251789799 5.735193251789799
103 2 8 9.541850352986048 20.066939702021244 191.47573567908114
104 0 100 0.0 0.0 0.0
105 1 105 1.0 7.59708563275366 7.59708563275366
106 5 108 139.6884681067044 4954.230173639048 692048.8236036508
107 0 100 0.0 0.0 0.0
108 1 102 1.0 2.3948263510722025 2.3948263510722025
109 2 32 9.541850352986048 148.1842032776824 1413.95149235211
110 0 100 0.0 0.0 0.0
111 0 11 0.0 11.0 0.0
112 3 51 32.9215577265747 513.5688732735056 16907.48730804564
113 2 47 9.541850352986048 257.9778488812911 2461.586028410529
114 4 72 75.61186198841948 1499.6637502850892 113392.36851559173
115 0 100 0.0 0.0 0.0
116 1 20 1.0 43.57075425423803 43.57075425423803
117 0 100 0.0 0.0 0.0
118 0 100 0.0 0.0 0.0
119 0 100 0.0 0.0 0.0
120 0 100 0.0 0.0 0.0
121 1 10 1.0 18.1937008646705 18.1937008646705
122 0 100 0.0 0.0 0.0
123 1 19 1.0 40.84402933782601 40.84402933782601
124 0 100 0.0 0.0 0.0
125 0 100 0.0 0.0 0.0
126 0 100 0.0 0.0 0.0
127 1 11 1.0 20.51504931294799 20.51504931294799
128 0 100 0.0 0.0 0.0
129 0 100 0.0 0.0 0.0
130 4 112 75.61186198841948 3192.372259230475 241381.21068059356
131 0 100 0.0 0.0 0.0
132 0 11 0.0 11.0 0.0
133 0 100 0.0 0.0 0.0
134 0 100 0.0 0.0 0.0
135 0 100 0.0 0.0 0.0
136 7 99 332.66880679862265 9801.0 3260486.9754333007
137 0 9 0.0 9.0 0.0
138 2 37 9.541850352986048 182.69988024795316 1743.2949168344405
139 7 127 332.66880679862265 16129.0 5365615.184854985
140 1 8 1.0 13.734791927877684 13.734791927877684
141 0 100 0.0 0.0 0.0
142 2 20 9.541850352986048 75.23327232919837 717.8646261306569
143 2 12 9.541850352986048 36.01211998010309 343.62225974392254
144 1 103 1.0 3.9914906122521803 3.9914906122521803
145 0 100 0.0 0.0 0.0
146 5 64 139.6884681067044 1914.4623288244568 267428.3099614821
147 0 100 0.0 0.0 0.0
148 3 32 32.9215577265747 245.06238675558936 8067.83551218631
149 0 100 0.0 0.0 0.0
150 3 150 32.9215577265747 497.6760852315066 16384.27196908475
151 1 6 1.0 9.55892689827884 9.55892689827884
152 1 21 1.0 46.33316012586883 46.33316012586883
153 4 90 75.61186198841948 2196.381035229248 166072.4597097358
154 0 100 0.0 0.0 0.0
155 1 24 1.0 54.8222930413608 54.8222930413608
156 1 13 1.0 25.320989780782124 25.320989780782124
157 4 105 75.61186198841948 2858.808634191098 216159.8438997593
158 3 175 32.9215577265747 3635.808143884173 119696.46769163321
159 0 100 0.0 0.0 0.0
160 6 136 225.58275470837765 12059.050322553525 2720313.7909285743
161 5 106 139.6884681067044 4788.781200314608 668937.5099701327
162 2 38 9.541850352986048 189.8638195218893 1811.6521533242187
163 6 108 225.58275470837765 7758.892052145152 1750272.2426078406
164 6 87 225.58275470837765 5130.584655325767 1157371.4198129189
165 2 50 9.541850352986048 282.0582186126376 2691.3573128316116
166 1 11 1.0 20.51504931294799 20.51504931294799
167 3 54 32.9215577265747 562.3460860297637 18513.309133542207
168 0 100 0.0 0.0 0.0
169 5 229 139.6884681067044 6842.204111735111 955777.0108416717
170 2 20 9.541850352986048 75.23327232919837 717.8646261306569
171 5 83 139.6884681067044 3070.409639894098 428900.8190568644
172 1 26 1.0 60.63937356224698 60.63937356224698
173 3 141 32.9215577265747 363.1907597716439 11956.805563580698
174 5 45 139.6884681067044 1009.4539298642129 141009.0730870245
175 1 107 1.0 11.607984241186918 11.607984241186918
176 6 230 225.58275470837765 11061.859988496359 2495364.8484033914
177 2 52 9.541850352986048 298.47302352672085 2847.984924895254
178 2 19 9.541850352986048 69.8685662777562 666.6754038000371
179 5 82 139.6884681067044 3003.520233876968 419557.14039776416
180 2 12 9.541850352986048 36.01211998010309 343.62225974392254
181 2 53 9.541850352986048 306.7864203576611 2927.3101133810746
182 2 42 9.541850352986048 219.34644070399202 2092.9709126576195
183 2 32 9.541850352986048 148.1842032776824 1413.95149235211
184 1 104 1.0 5.735193251789799 5.735193251789799
185 2 19 9.541850352986048 69.8685662777562 666.6754038000371
186 6 172 225.58275470837765 18897.836013364253 4263025.905921893
187 1 8 1.0 13.734791927877684 13.734791927877684
188 8 114 459.67273235884244 18990.417242658223 8729376.98256718
189 4 101 75.61186198841948 2675.1081136005973 202269.90548966953
190 2 23 9.541850352986048 92.0346545141889 878.1809006631623
191 1 106 1.0 9.55892689827884 9.55892689827884
192 1 10 1.0 18.1937008646705 18.1937008646705
193 5 89 139.6884681067044 3485.593399577667 486897.20242984424
194 0 100 0.0 0.0 0.0
195 1 22 1.0 49.12998068819353 49.12998068819353
196 2 9 9.541850352986048 23.78240930402918 226.9281906125095
197 1 18 1.0 38.15436697768484 38.15436697768484
198 2 49 9.541850352986048 273.9583678426836 2614.069748903192
199 1 20 1.0 43.57075425423803 43.57075425423803
