0 0 100 0.0 0.0 0.0
1 0 100 0.0 0.0 0.0
2 0 10 0.0 10.0 0.0
3 0 100 0.0 0.0 0.0
4 1 107 1.0 11.607984241186918 11.607984241186918
5 0 100 0.0 0.0 0.0
6 3 12 32.9215577265747 51.65274962739505 1700.488978594596
7 0 100 0.0 0.0 0.0
8 1 16 1.0 32.892441635375256 32.892441635375256
9 0 9 0.0 9.0 0.0
10 0 100 0.0 0.0 0.0
11 3 123 32.9215577265747 145.08021796711313 4776.266770788355
12 0 100 0.0 0.0 0.0
13 1 15 1.0 30.323695983612147 30.323695983612147
14 0 100 0.0 0.0 0.0
15 1 103 1.0 3.9914906122521803 3.9914906122521803
16 0 100 0.0 0.0 0.0
17 0 100 0.0 0.0 0.0
18 0 5 0.0 5.0 0.0
19 0 6 0.0 6.0 0.0
20 0 5 0.0 5.0 0.0
21 1 6 1.0 9.55892689827884 9.55892689827884
22 1 13 1.0 25.320989780782124 25.320989780782124
23 0 9 0.0 9.0 0.0
24 1 100 1.0 0.0 0.0
25 0 100 0.0 0.0 0.0
26 0 100 0.0 0.0 0.0
27 0 5 0.0 5.0 0.0
28 0 100 0.0 0.0 0.0
29 0 100 0.0 0.0 0.0
30 0 5 0.0 5.0 0.0
31 0 100 0.0 0.0 0.0
32 1 105 1.0 7.59708563275366 7.59708563275366
33 0 100 0.0 0.0 0.0
34 1 11 1.0 20.51504931294799 20.51504931294799
35 0 100 0.0 0.0 0.0
36 0 10 0.0 10.0 0.0
37 0 100 0.0 0.0 0.0
38 1 11 1.0 20.51504931294799 20.51504931294799
39 1 11 1.0 20.51504931294799 20.51504931294799
40 1 21 1.0 46.33316012586883 46.33316012586883
41 0 100 0.0 0.0 0.0
42 0 13 0.0 13.0 0.0
43 0 100 0.0 0.0 0.0
44 0 100 0.0 0.0 0.0
45 0 100 0.0 0.0 0.0
46 0 100 0.0 0.0 0.0
47 2 30 9.541850352986048 135.01359299654277 1288.2794999919763
48 3 26 32.9215577265747 176.25042831919396 5802.438650243859
49 0 5 0.0 5.0 0.0
50 1 14 1.0 27.799106543625292 27.799106543625292
51 0 100 0.0 0.0 0.0
52 2 20 9.541850352986048 75.23327232919837 717.8646261306569
53 0 100 0.0 0.0 0.0
54 0 12 0.0 12.0 0.0
55 0 11 0.0 11.0 0.0
56 0 6 0.0 6.0 0.0
57 2 21 9.541850352986048 80.71796600694597 770.1987524356932
58 0 100 0.0 0.0 0.0
59 1 102 1.0 2.3948263510722025 2.3948263510722025
60 1 7 1.0 11.607984241186918 11.607984241186918
61 0 6 0.0 6.0 0.0
62 1 8 1.0 13.734791927877684 13.734791927877684
63 0 10 0.0 10.0 0.0
64 4 27 75.61186198841948 280.28354879760207 21192.761009308724
65 1 6 1.0 9.55892689827884 9.55892689827884
66 3 58 32.9215577265747 629.8939717412368 20737.090752300537
67 1 7 1.0 11.607984241186918 11.607984241186918
68 3 49 32.9215577265747 481.96892224029307 15867.1676959488
69 0 100 0.0 0.0 0.0
70 0 100 0.0 0.0 0.0
71 0 6 0.0 6.0 0.0
72 1 106 1.0 9.55892689827884 9.55892689827884
73 3 63 32.9215577265747 718.2490844189361 23645.87869475743
74 1 21 1.0 46.33316012586883 46.33316012586883
75 1 100 1.0 0.0 0.0
76 0 5 0.0 5.0 0.0
77 0 100 0.0 0.0 0.0
78 0 100 0.0 0.0 0.0
79 2 35 9.541850352986048 168.62869283493262 1609.0297522505775
80 0 100 0.0 0.0 0.0
81 0 5 0.0 5.0 0.0
82 3 54 32.9215577265747 562.3460860297637 18513.309133542207
83 0 100 0.0 0.0 0.0
84 0 100 0.0 0.0 0.0
85 1 10 1.0 18.1937008646705 18.1937008646705
86 1 9 1.0 15.931997307697284 15.931997307697284
87 0 100 0.0 0.0 0.0
88 2 34 9.541850352986048 161.72412498062124 1543.1473990327004
89 0 100 0.0 0.0 0.0
90 0 100 0.0 0.0 0.0
91 0 8 0.0 8.0 0.0
92 0 6 0.0 6.0 0.0
93 2 17 9.541850352986048 59.51335422080222 567.8675199791454
94 2 35 9.541850352986048 168.62869283493262 1609.0297522505775
95 0 100 0.0 0.0 0.0
96 1 11 1.0 20.51504931294799 20.51504931294799
97 0 100 0.0 0.0 0.0
98 0 100 0.0 0.0 0.0
99 0 100 0.0 0.0 0.0
100 0 100 0.0 0.0 0.0
101 0 100 0.0 0.0 0.0
102 1 45 1.0 121.03674784737703 121.03674784737703
103 0 100 0.0 0.0 0.0
104 0 100 0.0 0.0 0.0
105 1 103 1.0 3.9914906122521803 3.9914906122521803
106 0 100 0.0 0.0 0.0
107 0 100 0.0 0.0 0.0
108 1 104 1.0 5.735193251789799 5.735193251789799
109 2 6 9.541850352986048 13.252209915340185 126.45060385853394
110 1 19 1.0 40.84402933782601 40.84402933782601
111 0 100 0.0 0.0 0.0
112 1 19 1.0 40.84402933782601 40.84402933782601
113 1 49 1.0 134.74529814364382 134.74529814364382
114 2 20 9.541850352986048 75.23327232919837 717.8646261306569
115 1 31 1.0 75.68293941204132 75.68293941204132
116 0 100 0.0 0.0 0.0
117 0 100 0.0 0.0 0.0
118 0 100 0.0 0.0 0.0
119 1 8 1.0 13.734791927877684 13.734791927877684
120 0 100 0.0 0.0 0.0
121 0 100 0.0 0.0 0.0
122 0 100 0.0 0.0 0.0
123 3 41 32.9215577265747 363.1907597716439 11956.805563580698
124 3 44 32.9215577265747 406.27351121486885 13375.156852238497
125 0 10 0.0 10.0 0.0
126 0 100 0.0 0.0 0.0
127 2 53 9.541850352986048 306.7864203576611 2927.3101133810746
128 0 100 0.0 0.0 0.0
129 3 28 32.9215577265747 198.25318874016915 6526.8037975869875
130 2 28 9.541850352986048 122.22584512913716 1166.2607234894754
131 4 44 75.61186198841948 646.0476428878335 48848.86521197858
132 0 100 0.0 0.0 0.0
133 3 58 32.9215577265747 629.8939717412368 20737.090752300537
134 0 100 0.0 0.0 0.0
135 1 7 1.0 11.607984241186918 11.607984241186918
136 1 8 1.0 13.734791927877684 13.734791927877684
137 0 100 0.0 0.0 0.0
138 0 100 0.0 0.0 0.0
139 0 100 0.0 0.0 0.0
140 0 5 0.0 5.0 0.0
141 1 19 1.0 40.84402933782601 40.84402933782601
142 0 100 0.0 0.0 0.0
143 2 17 9.541850352986048 59.51335422080222 567.8675199791454
144 2 21 9.541850352986048 80.71796600694597 770.1987524356932
145 2 47 9.541850352986048 257.9778488812911 2461.586028410529
146 0 100 0.0 0.0 0.0
147 2 23 9.541850352986048 92.0346545141889 878.1809006631623
148 2 20 9.541850352986048 75.23327232919837 717.8646261306569
149 4 40 75.61186198841948 548.8883970182196 41502.47372238642
150 0 100 0.0 0.0 0.0
151 1 107 1.0 11.607984241186918 11.607984241186918
152 1 12 1.0 22.891970023971037 22.891970023971037
153 2 116 9.541850352986048 54.53075711894446 520.3243240639966
154 0 100 0.0 0.0 0.0
155 0 10 0.0 10.0 0.0
156 0 16 0.0 16.0 0.0
157 0 100 0.0 0.0 0.0
158 1 12 1.0 22.891970023971037 22.891970023971037
159 0 100 0.0 0.0 0.0
160 2 28 9.541850352986048 122.22584512913716 1166.2607234894754
161 0 100 0.0 0.0 0.0
162 1 29 1.0 69.58346013935528 69.58346013935528
163 0 100 0.0 0.0 0.0
164 1 7 1.0 11.607984241186918 11.607984241186918
165 1 104 1.0 5.735193251789799 5.735193251789799
166 2 109 9.541850352986048 23.78240930402918 226.9281906125095
167 1 12 1.0 22.891970023971037 22.891970023971037
168 1 20 1.0 43.57075425423803 43.57075425423803
169 1 19 1.0 40.84402933782601 40.84402933782601
170 1 12 1.0 22.891970023971037 22.891970023971037
171 1 10 1.0 18.1937008646705 18.1937008646705
172 1 11 1.0 20.51504931294799 20.51504931294799
173 1 100 1.0 0.0 0.0
174 0 100 0.0 0.0 0.0
175 2 34 9.541850352986048 161.72412498062124 1543.1473990327004
176 2 18 9.541850352986048 64.62733255388774 616.6643359418604
177 0 5 0.0 5.0 0.0
178 0 100 0.0 0.0 0.0
179 0 100 0.0 0.0 0.0
180 1 8 1.0 13.734791927877684 13.734791927877684
181 1 7 1.0 11.607984241186918 11.607984241186918
182 1 104 1.0 5.735193251789799 5.735193251789799
183 2 32 9.541850352986048 148.1842032776824 1413.95149235211
184 1 104 1.0 5.735193251789799 5.735193251789799
185 2 17 9.541850352986048 59.51335422080222 567.8675199791454
186 2 33 9.541850352986048 154.90879557685506 1478.1165457556579
187 1 23 1.0 51.960050539976365 51.960050539976365
188 5 52 139.6884681067044 1312.7590262571498 183377.29737111018
189 2 14 9.541850352986048 44.97826169706515 429.17584225083993
190 1 10 1.0 18.1937008646705 18.1937008646705
191 0 10 0.0 10.0 0.0
192 0 5 0.0 5.0 0.0
193 3 37 32.9215577265747 308.57807572808247 10158.870933237406
194 1 12 1.0 22.891970023971037 22.891970023971037
195 1 103 1.0 3.9914906122521803 3.9914906122521803
196 1 15 1.0 30.323695983612147 30.323695983612147
197 5 92 139.6884681067044 3702.0246060004592 517130.14610553003
198 2 24 9.541850352986048 97.86086952638261 933.7737724338355
199 1 7 1.0 11.607984241186918 11.607984241186918
