0 0 100 0.0 0.0 0.0
1 0 100 0.0 0.0 0.0
2 5 57 139.6884681067044 1551.0877169304622 216669.0670771418
3 1 107 1.0 11.607984241186918 11.607984241186918
4 4 149 75.61186198841948 776.5950928818146 58719.80098386357
5 0 100 0.0 0.0 0.0
6 0 100 0.0 0.0 0.0
7 0 11 0.0 11.0 0.0
8 0 100 0.0 0.0 0.0
9 0 100 0.0 0.0 0.0
10 0 100 0.0 0.0 0.0
11 0 11 0.0 11.0 0.0
12 2 16 9.541850352986048 54.53075711894446 520.3243240639966
13 2 37 9.541850352986048 182.69988024795316 1743.2949168344405
14 0 100 0.0 0.0 0.0
15 6 177 225.58275470837765 4061.8785529685815 916289.7532695315
16 0 6 0.0 6.0 0.0
17 1 6 1.0 9.55892689827884 9.55892689827884
18 0 8 0.0 8.0 0.0
19 0 100 0.0 0.0 0.0
20 0 100 0.0 0.0 0.0
21 0 100 0.0 0.0 0.0
22 0 100 0.0 0.0 0.0
23 0 100 0.0 0.0 0.0
24 0 100 0.0 0.0 0.0
25 0 11 0.0 11.0 0.0
26 0 100 0.0 0.0 0.0
27 0 5 0.0 5.0 0.0
28 2 30 9.541850352986048 135.01359299654277 1288.2794999919763
29 5 69 139.6884681067044 2194.8788310889477 306599.26159464906
30 0 100 0.0 0.0 0.0
31 0 11 0.0 11.0 0.0
32 7 168 332.66880679862265 28224.0 9389244.403084327
33 0 100 0.0 0.0 0.0
34 0 100 0.0 0.0 0.0
35 0 100 0.0 0.0 0.0
36 4 161 75.61186198841948 1129.4605717070829 85400.6168692773
37 0 100 0.0 0.0 0.0
38 0 11 0.0 11.0 0.0
39 0 100 0.0 0.0 0.0
40 2 93 9.541850352986048 690.3092401873796 6586.827467151478
41 1 11 1.0 20.51504931294799 20.51504931294799
42 0 100 0.0 0.0 0.0
43 0 100 0.0 0.0 0.0
44 3 166 32.9215577265747 773.2963448216119 25458.12025579391
45 0 100 0.0 0.0 0.0
46 2 10 9.541850352986048 27.685321443873434 264.16919419175593
47 2 41 9.541850352986048 211.85407612585806 2021.4798910630518
48 0 100 0.0 0.0 0.0
49 1 16 1.0 32.892441635375256 32.892441635375256
50 0 100 0.0 0.0 0.0
51 0 100 0.0 0.0 0.0
52 4 76 75.61186198841948 1644.92462809159 124375.81396061354
53 0 11 0.0 11.0 0.0
54 0 100 0.0 0.0 0.0
55 1 15 1.0 30.323695983612147 30.323695983612147
56 0 100 0.0 0.0 0.0
57 1 8 1.0 13.734791927877684 13.734791927877684
58 0 100 0.0 0.0 0.0
59 3 71 32.9215577265747 868.3392862126454 28587.081937302275
60 8 157 459.67273235884244 36953.48006693682 16986507.15253687
61 5 226 139.6884681067044 6555.813195992822 915771.5025419551
62 1 19 1.0 40.84402933782601 40.84402933782601
63 0 100 0.0 0.0 0.0
64 3 35 32.9215577265747 282.5239294230334 9301.12785163911
65 1 21 1.0 46.33316012586883 46.33316012586883
66 1 107 1.0 11.607984241186918 11.607984241186918
67 1 12 1.0 22.891970023971037 22.891970023971037
68 0 100 0.0 0.0 0.0
69 1 16 1.0 32.892441635375256 32.892441635375256
70 3 50 32.9215577265747 497.6760852315066 16384.27196908475
71 2 29 9.541850352986048 128.5709592386038 1226.8048527946264
72 2 51 9.541850352986048 290.23003402420613 2769.3315526010238
73 1 108 1.0 13.734791927877684 13.734791927877684
74 0 100 0.0 0.0 0.0
75 0 100 0.0 0.0 0.0
76 0 100 0.0 0.0 0.0
77 2 28 9.541850352986048 122.22584512913716 1166.2607234894754
78 0 100 0.0 0.0 0.0
79 0 100 0.0 0.0 0.0
80 2 35 9.541850352986048 168.62869283493262 1609.0297522505775
81 1 13 1.0 25.320989780782124 25.320989780782124
82 0 100 0.0 0.0 0.0
83 0 100 0.0 0.0 0.0
84 2 37 9.541850352986048 182.69988024795316 1743.2949168344405
85 1 5 1.0 7.59708563275366 7.59708563275366
86 1 15 1.0 30.323695983612147 30.323695983612147
87 0 100 0.0 0.0 0.0
88 0 100 0.0 0.0 0.0
89 0 100 0.0 0.0 0.0
90 1 11 1.0 20.51504931294799 20.51504931294799
91 1 11 1.0 20.51504931294799 20.51504931294799
92 0 100 0.0 0.0 0.0
93 0 100 0.0 0.0 0.0
94 3 127 32.9215577265747 187.1321231368427 6160.680994346051
95 0 11 0.0 11.0 0.0
96 0 6 0.0 6.0 0.0
97 1 8 1.0 13.734791927877684 13.734791927877684
98 4 81 75.61186198841948 1834.2709028460106 138692.63835536616
99 0 100 0.0 0.0 0.0
100 0 100 0.0 0.0 0.0
101 0 100 0.0 0.0 0.0
102 0 100 0.0 0.0 0.0
103 0 100 0.0 0.0 0.0
104 0 100 0.0 0.0 0.0
105 0 100 0.0 0.0 0.0
106 2 43 9.541850352986048 226.91812071099523 2165.21875020514
107 0 100 0.0 0.0 0.0
108 0 100 0.0 0.0 0.0
109 0 100 0.0 0.0 0.0
110 0 100 0.0 0.0 0.0
111 0 100 0.0 0.0 0.0
112 0 100 0.0 0.0 0.0
113 7 130 332.66880679862265 16900.0 5622102.834896723
114 0 100 0.0 0.0 0.0
115 0 100 0.0 0.0 0.0
116 4 119 75.61186198841948 153.68727113727346 11620.580734608324
117 5 85 139.6884681067044 3206.1723328082135 447865.30165607814
118 3 31 32.9215577265747 233.0178128969552 7671.309378607293
119 2 18 9.541850352986048 64.62733255388774 616.6643359418604
120 3 66 32.9215577265747 773.2963448216119 25458.12025579391
121 0 100 0.0 0.0 0.0
122 0 100 0.0 0.0 0.0
123 0 100 0.0 0.0 0.0
124 2 52 9.541850352986048 298.47302352672085 2847.984924895254
125 0 100 0.0 0.0 0.0
126 0 100 0.0 0.0 0.0
127 7 181 332.66880679862265 32761.0 10898562.779529678
128 0 100 0.0 0.0 0.0
129 0 100 0.0 0.0 0.0
130 5 92 139.6884681067044 3702.0246060004592 517130.14610553003
131 7 83 332.66880679862265 6889.0 2291755.4100357112
132 1 8 1.0 13.734791927877684 13.734791927877684
133 0 100 0.0 0.0 0.0
134 1 25 1.0 57.71571011139208 57.71571011139208
135 4 65 75.61186198841948 1259.0362466163215 95198.07491757096
136 1 7 1.0 11.607984241186918 11.607984241186918
137 7 163 332.66880679862265 26569.0 8838677.527832605
138 7 82 332.66880679862265 6724.0 2236865.056913939
139 0 100 0.0 0.0 0.0
140 2 109 9.541850352986048 23.78240930402918 226.9281906125095
141 1 66 1.0 196.10185669705535 196.10185669705535
142 0 100 0.0 0.0 0.0
143 7 164 332.66880679862265 26896.0 8947460.227655755
144 0 100 0.0 0.0 0.0
145 5 109 139.6884681067044 5037.901195841188 703736.7005199897
146 0 100 0.0 0.0 0.0
147 0 100 0.0 0.0 0.0
148 1 17 1.0 35.503281577765854 35.503281577765854
149 3 60 32.9215577265747 664.7206420100937 21883.638987981092
150 0 10 0.0 10.0 0.0
151 2 23 9.541850352986048 92.0346545141889 878.1809006631623
152 4 82 75.61186198841948 1873.1633591984112 141633.36939747448
153 4 82 75.61186198841948 1873.1633591984112 141633.36939747448
154 2 62 9.541850352986048 384.6592176812078 3670.3606920107695
155 4 96 75.61186198841948 2452.6531100077354 185449.6684593727
156 5 65 139.6884681067044 1969.1653870843556 275069.6963705592
157 3 81 32.9215577265747 1070.3630949288454 35238.02041809513
158 0 100 0.0 0.0 0.0
159 1 19 1.0 40.84402933782601 40.84402933782601
160 4 165 75.61186198841948 1259.0362466163215 95198.07491757096
161 1 52 1.0 145.22076971938012 145.22076971938012
162 3 178 32.9215577265747 1008.1216991286578 33188.93671327668
163 0 100 0.0 0.0 0.0
164 1 10 1.0 18.1937008646705 18.1937008646705
165 3 58 32.9215577265747 629.8939717412368 20737.090752300537
166 0 100 0.0 0.0 0.0
167 4 114 75.61186198841948 3290.469127179636 248798.49752146174
168 2 106 9.541850352986048 833.6744926895333 7954.797252345087
169 1 104 1.0 5.735193251789799 5.735193251789799
170 3 30 32.9215577265747 221.1993434691573 7282.2269551002855
171 3 83 32.9215577265747 1112.6192833663745 36629.15996504627
172 6 121 225.58275470837765 9643.286769790522 2175359.1939721988
173 0 100 0.0 0.0 0.0
174 6 169 225.58275470837765 3293.0002682054314 742844.0717572076
175 3 121 32.9215577265747 125.57185196799401 4134.020973397207
176 0 100 0.0 0.0 0.0
177 2 103 9.541850352986048 799.8593436446243 7632.138160494647
178 0 100 0.0 0.0 0.0
179 2 83 9.541850352986048 585.8542086076759 5590.1331872015135
180 1 18 1.0 38.15436697768484 38.15436697768484
181 2 24 9.541850352986048 97.86086952638261 933.7737724338355
182 6 144 225.58275470837765 13452.37343883357 3034623.457697888
183 5 136 139.6884681067044 7531.777572563793 1052102.4712318687
184 2 30 9.541850352986048 135.01359299654277 1288.2794999919763
185 1 12 1.0 22.891970023971037 22.891970023971037
186 0 100 0.0 0.0 0.0
187 2 17 9.541850352986048 59.51335422080222 567.8675199791454
188 7 112 332.66880679862265 12544.0 4172997.5124819227
189 4 154 75.61186198841948 5503.10520525825 416100.03128773964
190 0 100 0.0 0.0 0.0
191 5 170 139.6884681067044 11297.82039388973 1578175.22376714
192 2 22 9.541850352986048 86.31942417916456 823.6470280735138
193 6 84 225.58275470837765 4797.4874870676995 1082230.443011704
194 0 100 0.0 0.0 0.0
195 3 107 32.9215577265747 21.953790612108268 722.752984953656
196 4 130 75.61186198841948 335.61535000671915 25376.501525903146
197 0 100 0.0 0.0 0.0
198 4 149 75.61186198841948 776.5950928818146 58719.80098386357
199 4 46 75.61186198841948 697.0692055589992 52706.70056710426
