0 1 19 1.0 40.84402933782601 40.84402933782601
1 2 34 9.541850352986048 161.72412498062124 1543.1473990327004
2 0 6 0.0 6.0 0.0
3 0 100 0.0 0.0 0.0
4 1 12 1.0 22.891970023971037 22.891970023971037
5 0 100 0.0 0.0 0.0
6 4 123 75.61186198841948 3747.0325985436466 283320.111707191
7 0 100 0.0 0.0 0.0
8 0 100 0.0 0.0 0.0
9 0 100 0.0 0.0 0.0
10 0 100 0.0 0.0 0.0
11 0 100 0.0 0.0 0.0
12 0 100 0.0 0.0 0.0
13 1 106 1.0 9.55892689827884 9.55892689827884
14 12 183 1131.8354418063404 208823.67119914887 236354032.15131062
15 1 10 1.0 18.1937008646705 18.1937008646705
16 6 47 225.58275470837765 1579.8219117523295 356380.57880174596
17 1 105 1.0 7.59708563275366 7.59708563275366
18 1 11 1.0 20.51504931294799 20.51504931294799
19 11 233 942.9223974109915 262961.44645937043 247952237.52213165
20 1 13 1.0 25.320989780782124 25.320989780782124
21 5 59 139.6884681067044 1651.3976308733363 230681.20529173722
22 0 100 0.0 0.0 0.0
23 0 100 0.0 0.0 0.0
24 0 100 0.0 0.0 0.0
25 0 100 0.0 0.0 0.0
26 0 100 0.0 0.0 0.0
27 15 244 1756.7778603087352 1037159.1258669969 1822058189.940301
28 2 30 9.541850352986048 135.01359299654277 1288.2794999919763
29 0 100 0.0 0.0 0.0
30 0 100 0.0 0.0 0.0
31 0 100 0.0 0.0 0.0
32 0 100 0.0 0.0 0.0
33 2 8 9.541850352986048 20.066939702021244 191.47573567908114
34 4 36 75.61186198841948 458.3949685466225 34660.09709793311
35 0 100 0.0 0.0 0.0
36 5 68 139.6884681067044 2137.419079796989 298572.7969588832
37 3 47 32.9215577265747 451.11773253603667 14851.498473166615
38 2 20 9.541850352986048 75.23327232919837 717.8646261306569
39 0 8 0.0 8.0 0.0
40 1 9 1.0 15.931997307697284 15.931997307697284
41 0 5 0.0 5.0 0.0
42 1 15 1.0 30.323695983612147 30.323695983612147
43 1 105 1.0 7.59708563275366 7.59708563275366
44 0 100 0.0 0.0 0.0
45 2 23 9.541850352986048 92.0346545141889 878.1809006631623
46 0 100 0.0 0.0 0.0
47 0 10 0.0 10.0 0.0
48 1 5 1.0 7.59708563275366 7.59708563275366
49 2 7 9.541850352986048 16.551687764173284 157.9337277350917
50 0 100 0.0 0.0 0.0
51 3 41 32.9215577265747 363.1907597716439 11956.805563580698
52 0 5 0.0 5.0 0.0
53 0 100 0.0 0.0 0.0
54 0 100 0.0 0.0 0.0
55 2 9 9.541850352986048 23.78240930402918 226.9281906125095
56 1 38 1.0 97.81435774219185 97.81435774219185
57 2 34 9.541850352986048 161.72412498062124 1543.1473990327004
58 0 100 0.0 0.0 0.0
59 0 100 0.0 0.0 0.0
60 0 5 0.0 5.0 0.0
61 0 100 0.0 0.0 0.0
62 20 362 2902.6872563902634 11462594.670269134 33272327474.557167
63 1 13 1.0 25.320989780782124 25.320989780782124
64 1 6 1.0 9.55892689827884 9.55892689827884
65 1 22 1.0 49.12998068819353 49.12998068819353
66 1 16 1.0 32.892441635375256 32.892441635375256
67 2 66 9.541850352986048 420.9557626935435 4016.6968928488986
68 0 5 0.0 5.0 0.0
69 2 19 9.541850352986048 69.8685662777562 666.6754038000371
70 1 12 1.0 22.891970023971037 22.891970023971037
71 0 100 0.0 0.0 0.0
72 2 37 9.541850352986048 182.69988024795316 1743.2949168344405
73 1 10 1.0 18.1937008646705 18.1937008646705
74 13 231 1331.5823725933528 497325.9591017296 662230480.5729458
75 0 11 0.0 11.0 0.0
76 2 43 9.541850352986048 226.91812071099523 2165.21875020514
77 1 107 1.0 11.607984241186918 11.607984241186918
78 1 108 1.0 13.734791927877684 13.734791927877684
79 0 9 0.0 9.0 0.0
80 0 100 0.0 0.0 0.0
81 0 100 0.0 0.0 0.0
82 15 376 1756.7778603087352 1414833.9312940382 2485548926.5109363
83 0 100 0.0 0.0 0.0
84 3 45 32.9215577265747 421.0282951259743 13860.907322511091
85 1 17 1.0 35.503281577765854 35.503281577765854
86 0 11 0.0 11.0 0.0
87 0 100 0.0 0.0 0.0
88 3 49 32.9215577265747 481.96892224029307 15867.1676959488
89 1 20 1.0 43.57075425423803 43.57075425423803
90 12 193 1131.8354418063404 236652.0012546562 267851122.39441845
91 0 6 0.0 6.0 0.0
92 0 5 0.0 5.0 0.0
93 5 36 139.6884681067044 672.9601112794846 94004.76704154853
94 0 100 0.0 0.0 0.0
95 0 100 0.0 0.0 0.0
96 6 194 225.58275470837765 5949.1894450157 1342034.543288646
97 5 67 139.6884681067044 2080.6456750556 290642.2070213566
98 1 102 1.0 2.3948263510722025 2.3948263510722025
99 0 100 0.0 0.0 0.0
100 0 100 0.0 0.0 0.0
101 5 200 139.6884681067044 4307.65770069211 601730.1053377293
102 0 100 0.0 0.0 0.0
103 0 100 0.0 0.0 0.0
104 2 58 9.541850352986048 349.384203814786 3333.771788497865
105 0 100 0.0 0.0 0.0
106 11 170 942.9223974109915 127777.17882671817 120483963.79370208
107 1 107 1.0 11.607984241186918 11.607984241186918
108 9 211 604.9491004987461 101745.39241512935 61550783.621424444
109 10 210 766.6651705632711 146072.84146951008 111988959.91988361
110 3 38 32.9215577265747 321.92161897300775 10598.16116245226
111 14 158 1540.4353185285338 264456.7492210006 407378516.7232726
112 16 269 1979.1134619514044 1768386.974866151 3499838467.8971195
113 1 103 1.0 3.9914906122521803 3.9914906122521803
114 12 253 1131.8354418063404 447240.00145493436 506202084.64021397
115 0 100 0.0 0.0 0.0
116 0 100 0.0 0.0 0.0
117 7 198 332.66880679862265 9604.0 3194951.220493972
118 0 100 0.0 0.0 0.0
119 1 31 1.0 75.68293941204132 75.68293941204132
120 2 55 9.541850352986048 323.62148105306557 3087.947743220061
121 2 6 9.541850352986048 13.252209915340185 126.45060385853394
122 3 155 32.9215577265747 578.9666715492328 19060.48469917088
123 3 63 32.9215577265747 718.2490844189361 23645.87869475743
124 17 253 2206.0678959513543 1985900.2254718659 4381030731.976039
125 5 67 139.6884681067044 2080.6456750556 290642.2070213566
126 2 16 9.541850352986048 54.53075711894446 520.3243240639966
127 0 100 0.0 0.0 0.0
128 0 100 0.0 0.0 0.0
129 4 158 75.61186198841948 1036.142416344768 78344.65738500807
130 3 51 32.9215577265747 513.5688732735056 16907.48730804564
131 3 43 32.9215577265747 391.71440685113555 12895.848457480626
132 9 186 604.9491004987461 77538.50379806156 46906848.12665595
133 5 81 139.6884681067044 2937.2940727723303 410306.1094044695
134 2 36 9.541850352986048 175.6210676402407 1675.7499462548174
135 1 20 1.0 43.57075425423803 43.57075425423803
136 5 39 139.6884681067044 778.3165439750189 108721.84572997481
137 14 239 1540.4353185285338 733894.4795303408 1130516976.341653
138 11 194 942.9223974109915 172885.45162861623 163017564.5271368
139 16 246 1979.1134619514044 1405294.7550427103 2781237767.7147293
140 7 116 332.66880679862265 13456.0 4476391.464282267
141 4 83 75.61186198841948 1912.3940233356846 144599.67295993603
142 1 104 1.0 5.735193251789799 5.735193251789799
143 10 156 766.6651705632711 75416.33841413441 57819079.95352973
144 11 190 942.9223974109915 164832.7121547771 155424456.11673832
145 25 445 4060.496712466729 70106150.40698564 284665793251.26324
146 2 47 9.541850352986048 257.9778488812911 2461.586028410529
147 0 100 0.0 0.0 0.0
148 14 154 1540.4353185285338 248250.4329472246 382413734.7519043
149 1 29 1.0 69.58346013935528 69.58346013935528
150 3 36 32.9215577265747 295.444715883087 9726.500268956508
151 17 284 2206.0678959513543 2688517.866585235 5931052953.165314
152 0 100 0.0 0.0 0.0
153 2 105 9.541850352986048 10.188005914414083 97.21242783067595
154 0 100 0.0 0.0 0.0
155 1 14 1.0 27.799106543625292 27.799106543625292
156 4 54 75.61186198841948 916.9626779842689 69333.25545627807
157 16 337 1979.1134619514044 3156808.4623465315 6247682124.6321335
158 9 155 604.9491004987461 52351.194230734116 31669807.859917752
159 11 203 942.9223974109915 191799.3621175754 180851914.3498031
160 14 211 1540.4353185285338 539726.1438499829 831413214.3197256
161 3 58 32.9215577265747 629.8939717412368 20737.090752300537
162 4 106 75.61186198841948 2905.522977389894 219692.00237058633
163 13 294 1331.5823725933528 889340.8141919043 1184230551.40576
164 13 191 1331.5823725933528 314495.85391629714 418777135.32863545
165 16 305 1979.1134619514044 2442499.2699785414 4833983186.0210085
166 2 142 9.541850352986048 219.34644070399202 2092.9709126576195
167 0 100 0.0 0.0 0.0
168 13 184 1331.5823725933528 287430.702209323 382737656.40406376
169 2 20 9.541850352986048 75.23327232919837 717.8646261306569
170 13 266 1331.5823725933528 698730.5276528657 930417253.8154083
171 17 367 2206.0678959513543 5264128.922156751 11613025815.319016
172 4 57 75.61186198841948 1005.7817905983286 76049.03394118624
173 8 123 459.67273235884244 22242.203710402715 10224134.553242799
174 10 157 766.6651705632711 76495.71491932069 58646600.32598036
175 16 269 1979.1134619514044 1768386.974866151 3499838467.8971195
176 20 355 2902.6872563902634 10861421.27029272 31527309107.564823
177 3 67 32.9215577265747 791.9778998728451 26073.146148835265
178 16 308 1979.1134619514044 2504751.4965214226 4957187405.608474
179 5 118 139.6884681067044 5819.148784232864 812867.97935448
180 2 53 9.541850352986048 306.7864203576611 2927.3101133810746
181 6 161 225.58275470837765 16653.51962660728 3756746.832960103
182 26 462 4285.277943143774 98611128.0 422576091766.9274
183 12 241 1131.8354418063404 398950.76202897466 451546612.0000407
184 5 122 139.6884681067044 6182.546797919655 863630.491199407
185 15 295 1756.7778603087352 1673252.5473727717 2939533029.9296784
186 9 100 604.9491004987461 20364.295018889265 12319361.953968156
187 10 195 766.6651705632711 123877.20055911093 94972335.09555133
188 22 407 3370.209833397988 26383923.022032 88919356812.4678
189 16 215 1979.1134619514044 993930.6273588623 1967101484.8517292
190 10 196 766.6651705632711 125294.45897893675 96058897.76371932
191 0 100 0.0 0.0 0.0
192 15 341 1756.7778603087352 2410688.5915364297 4235044345.7100472
193 18 329 2436.3877014920204 5210623.385138517 12695098732.658203
194 14 233 1540.4353185285338 689289.6488249365 1061806119.7460623
195 18 373 2436.3877014920204 7283700.620526351 17745918613.2002
196 16 309 1979.1134619514044 2525715.3266363554 4998677204.002999
197 14 310 1540.4353185285338 1393882.9019627823 2147186452.0765154
198 19 390 2668.9360872348193 10795217.952565381 28811746763.166927
199 3 143 32.9215577265747 391.71440685113555 12895.848457480626
