0 2 30 9.541850352986048 135.01359299654277 1288.2794999919763
1 3 45 32.9215577265747 421.0282951259743 13860.907322511091
2 0 100 0.0 0.0 0.0
3 1 105 1.0 7.59708563275366 7.59708563275366
4 3 13 32.9215577265747 58.65092275827274 1930.8797393033497
5 1 17 1.0 35.503281577765854 35.503281577765854
6 0 100 0.0 0.0 0.0
7 0 100 0.0 0.0 0.0
8 2 32 9.541850352986048 148.1842032776824 1413.95149235211
9 0 10 0.0 10.0 0.0
10 1 29 1.0 69.58346013935528 69.58346013935528
11 0 11 0.0 11.0 0.0
12 2 26 9.541850352986048 109.8359986590007 1048.0386625749609
13 0 100 0.0 0.0 0.0
14 1 102 1.0 2.3948263510722025 2.3948263510722025
15 0 100 0.0 0.0 0.0
16 2 42 9.541850352986048 219.34644070399202 2092.9709126576195
17 14 215 1540.4353185285338 565311.5939489864 870825945.29268
18 15 274 1756.7778603087352 1389141.5355503673 2440413094.490165
19 4 76 75.61186198841948 1644.92462809159 124375.81396061354
20 0 100 0.0 0.0 0.0
21 0 100 0.0 0.0 0.0
22 0 100 0.0 0.0 0.0
23 12 218 1131.8354418063404 315132.98931001755 356678686.1834565
24 0 10 0.0 10.0 0.0
25 2 18 9.541850352986048 64.62733255388774 616.6643359418604
26 0 100 0.0 0.0 0.0
27 1 9 1.0 15.931997307697284 15.931997307697284
28 2 30 9.541850352986048 135.01359299654277 1288.2794999919763
29 2 11 9.541850352986048 31.76494829034237 303.0963830567869
30 0 100 0.0 0.0 0.0
31 1 103 1.0 3.9914906122521803 3.9914906122521803
32 1 25 1.0 57.71571011139208 57.71571011139208
33 1 18 1.0 38.15436697768484 38.15436697768484
34 0 100 0.0 0.0 0.0
35 1 20 1.0 43.57075425423803 43.57075425423803
36 0 100 0.0 0.0 0.0
37 1 105 1.0 7.59708563275366 7.59708563275366
38 0 100 0.0 0.0 0.0
39 0 100 0.0 0.0 0.0
40 0 100 0.0 0.0 0.0
41 1 6 1.0 9.55892689827884 9.55892689827884
42 1 107 1.0 11.607984241186918 11.607984241186918
43 0 100 0.0 0.0 0.0
44 3 68 32.9215577265747 810.8239638778247 26693.587932893923
45 0 100 0.0 0.0 0.0
46 0 100 0.0 0.0 0.0
47 1 106 1.0 9.55892689827884 9.55892689827884
48 0 100 0.0 0.0 0.0
49 0 100 0.0 0.0 0.0
50 1 11 1.0 20.51504931294799 20.51504931294799
51 1 32 1.0 78.7716859795011 78.7716859795011
52 18 286 2436.3877014920204 3585677.0593904736 8736099489.021023
53 0 100 0.0 0.0 0.0
54 0 100 0.0 0.0 0.0
55 2 52 9.541850352986048 298.47302352672085 2847.984924895254
56 12 180 1131.8354418063404 200863.24359139695 227344138.05292335
57 3 174 32.9215577265747 927.3002957027797 30528.17021484885
58 5 39 139.6884681067044 778.3165439750189 108721.84572997481
59 0 100 0.0 0.0 0.0
60 1 6 1.0 9.55892689827884 9.55892689827884
61 0 100 0.0 0.0 0.0
62 0 100 0.0 0.0 0.0
63 2 17 9.541850352986048 59.51335422080222 567.8675199791454
64 1 19 1.0 40.84402933782601 40.84402933782601
65 0 5 0.0 5.0 0.0
66 0 100 0.0 0.0 0.0
67 1 14 1.0 27.799106543625292 27.799106543625292
68 1 11 1.0 20.51504931294799 20.51504931294799
69 16 239 1979.1134619514044 1304760.3121149486 2582268698.326611
70 3 40 32.9215577265747 349.23013798641597 11497.20014757944
71 0 100 0.0 0.0 0.0
72 0 100 0.0 0.0 0.0
73 0 6 0.0 6.0 0.0
74 1 103 1.0 3.9914906122521803 3.9914906122521803
75 0 6 0.0 6.0 0.0
76 0 100 0.0 0.0 0.0
77 1 104 1.0 5.735193251789799 5.735193251789799
78 2 44 9.541850352986048 234.56808185291177 2238.2135346274663
79 1 11 1.0 20.51504931294799 20.51504931294799
80 1 20 1.0 43.57075425423803 43.57075425423803
81 0 100 0.0 0.0 0.0
82 2 14 9.541850352986048 44.97826169706515 429.17584225083993
83 0 100 0.0 0.0 0.0
84 0 100 0.0 0.0 0.0
85 0 100 0.0 0.0 0.0
86 0 6 0.0 6.0 0.0
87 1 11 1.0 20.51504931294799 20.51504931294799
88 2 19 9.541850352986048 69.8685662777562 666.6754038000371
89 3 55 32.9215577265747 578.9666715492328 19060.48469917088
90 0 5 0.0 5.0 0.0
91 0 11 0.0 11.0 0.0
92 11 208 942.9223974109915 202787.05554931142 191212456.58247262
93 2 108 9.541850352986048 20.066939702021244 191.47573567908114
94 0 100 0.0 0.0 0.0
95 0 100 0.0 0.0 0.0
96 0 6 0.0 6.0 0.0
97 0 8 0.0 8.0 0.0
98 1 17 1.0 35.503281577765854 35.503281577765854
99 0 11 0.0 11.0 0.0
100 0 100 0.0 0.0 0.0
101 10 134 766.6651705632711 53782.219657512425 41232954.60699808
102 1 26 1.0 60.63937356224698 60.63937356224698
103 15 260 1756.7778603087352 1217170.7636398226 2138298649.7775168
104 1 102 1.0 2.3948263510722025 2.3948263510722025
105 0 100 0.0 0.0 0.0
106 0 100 0.0 0.0 0.0
107 19 298 2668.9360872348193 5200633.0844898345 13880157315.662249
108 0 100 0.0 0.0 0.0
109 13 249 1331.5823725933528 595910.8869723005 793504432.7287852
110 0 100 0.0 0.0 0.0
111 22 326 3370.209833397988 14036426.181159463 47305701541.50859
112 0 100 0.0 0.0 0.0
113 3 121 32.9215577265747 125.57185196799401 4134.020973397207
114 1 13 1.0 25.320989780782124 25.320989780782124
115 10 172 766.6651705632711 93706.72457701275 71841681.98076095
116 0 100 0.0 0.0 0.0
117 1 15 1.0 30.323695983612147 30.323695983612147
118 0 100 0.0 0.0 0.0
119 6 58 225.58275470837765 2362.1985438616953 532871.2546924397
120 18 334 2436.3877014920204 5424618.90292605 13216474780.370165
121 0 100 0.0 0.0 0.0
122 10 166 766.6651705632711 86591.68420024101 66386828.33673868
123 0 100 0.0 0.0 0.0
124 1 14 1.0 27.799106543625292 27.799106543625292
125 4 59 75.61186198841948 1066.8769814059906 80668.55507669134
126 2 34 9.541850352986048 161.72412498062124 1543.1473990327004
127 19 352 2668.9360872348193 8172976.819445875 21813152773.55275
128 1 103 1.0 3.9914906122521803 3.9914906122521803
129 16 342 1979.1134619514044 3278647.124343631 6488814660.77674
130 14 224 1540.4353185285338 625475.121981982 963503968.761988
131 2 11 9.541850352986048 31.76494829034237 303.0963830567869
132 5 90 139.6884681067044 3557.085524945249 496883.82790413423
133 12 186 1131.8354418063404 216962.41681964806 245565752.89643776
134 8 132 459.67273235884244 25761.522721704056 11841869.539210107
135 15 252 1756.7778603087352 1124993.9350205557 1976364438.025716
136 0 100 0.0 0.0 0.0
137 4 61 75.61186198841948 1129.4605717070829 85400.6168692773
138 0 100 0.0 0.0 0.0
139 5 170 139.6884681067044 2253.023098877021 314721.345291151
140 4 39 75.61186198841948 525.6324972119714 39744.05183581987
141 20 328 2902.6872563902634 8731827.995473778 25345765847.453472
142 10 163 766.6651705632711 83149.79614194512 63748052.641465575
143 0 100 0.0 0.0 0.0
144 11 211 942.9223974109915 209545.5587766108 197585200.6484677
145 0 100 0.0 0.0 0.0
146 12 166 1131.8354418063404 166041.6949118759 187931875.11885667
147 14 292 1540.4353185285338 1202699.0172221942 1852680043.6886253
148 2 51 9.541850352986048 290.23003402420613 2769.3315526010238
149 6 188 225.58275470837765 22403.06631361294 5053745.412939266
150 3 123 32.9215577265747 145.08021796711313 4776.266770788355
151 18 284 2436.3877014920204 3519157.4942347417 8574032038.567
152 15 285 1756.7778603087352 1533986.1083700403 2694872833.205643
153 17 378 2206.0678959513543 5687736.300451254 12547532453.062637
154 14 296 1540.4353185285338 1243739.584980112 1915900383.7553854
155 24 429 3832.71054120725 49814045.9969658 190922819192.75366
156 2 15 9.541850352986048 49.68406405407534 474.0779041321602
157 11 179 942.9223974109915 143795.70085563886 135588186.98819277
158 2 122 9.541850352986048 86.31942417916456 823.6470280735138
159 12 240 1131.8354418063404 395069.27621432603 447153408.7881529
160 1 107 1.0 11.607984241186918 11.607984241186918
161 13 229 1331.5823725933528 487011.5179200852 648495952.5123173
162 12 253 1131.8354418063404 447240.00145493436 506202084.64021397
163 0 100 0.0 0.0 0.0
164 7 141 332.66880679862265 19881.0 6613788.547963417
165 11 200 942.9223974109915 185371.77870547093 174791201.98930243
166 7 142 332.66880679862265 20164.0 6707933.820287427
167 15 277 1756.7778603087352 1427786.7586369168 2508304166.815307
168 0 100 0.0 0.0 0.0
169 12 176 1131.8354418063404 190524.93737518354 215642876.6691662
170 5 64 139.6884681067044 1914.4623288244568 267428.3099614821
171 13 283 1331.5823725933528 811248.8814220636 1080244710.287695
172 15 264 1756.7778603087352 1264909.7027781648 2222165361.1303825
173 9 161 604.9491004987461 56814.89680416015 34370120.71660577
174 7 126 332.66880679862265 15876.0 5281449.976734933
175 19 394 2668.9360872348193 11098407.540284887 29620940395.105362
176 1 101 1.0 1.0 1.0
177 21 382 3136.7198300107975 17180788.718992885 53891320670.09079
178 7 215 332.66880679862265 13225.0 4399544.969911785
179 18 344 2436.3877014920204 5868900.278254742 14298916459.22295
180 8 117 459.67273235884244 20044.718154360755 9214010.3633779
181 7 128 332.66880679862265 16384.0 5450445.730588634
182 15 262 1756.7778603087352 1240901.7694593216 2179988755.4040704
183 7 275 332.66880679862265 30625.0 10187982.20820782
184 17 283 2206.0678959513543 2663779.0645129196 5876477476.129284
185 23 302 3602.4235623004615 14242226.743520442 51306533200.48381
186 11 216 942.9223974109915 221087.86970014448 208468704.13614914
187 21 462 3136.7198300107975 29270599.51226866 91813669926.43748
188 1 103 1.0 3.9914906122521803 3.9914906122521803
189 11 179 942.9223974109915 143795.70085563886 135588186.98819277
190 16 293 1979.1134619514044 2202983.776159344 4359954847.857496
191 0 100 0.0 0.0 0.0
192 0 100 0.0 0.0 0.0
193 14 351 1540.4353185285338 1893507.996375706 2916826593.5333366
194 21 361 3136.7198300107975 14663436.68118662 45995092613.98579
195 2 25 9.541850352986048 103.79546451213633 990.4007896934788
196 14 320 1540.4353185285338 1507409.0716344407 2322066173.416001
197 23 457 3602.4235623004615 47046356.28687297 169480902408.21362
198 7 161 332.66880679862265 25921.0 8623108.141027099
199 15 283 1756.7778603087352 1507004.9538188628 2647472938.244566
