0 0 100 0.0 0.0 0.0
1 0 10 0.0 10.0 0.0
2 0 10 0.0 10.0 0.0
3 1 23 1.0 51.960050539976365 51.960050539976365
4 0 100 0.0 0.0 0.0
5 0 100 0.0 0.0 0.0
6 0 100 0.0 0.0 0.0
7 1 11 1.0 20.51504931294799 20.51504931294799
8 2 36 9.541850352986048 175.6210676402407 1675.7499462548174
9 0 100 0.0 0.0 0.0
10 0 100 0.0 0.0 0.0
11 2 109 9.541850352986048 23.78240930402918 226.9281906125095
12 0 100 0.0 0.0 0.0
13 0 100 0.0 0.0 0.0
14 0 100 0.0 0.0 0.0
15 1 9 1.0 15.931997307697284 15.931997307697284
16 2 35 9.541850352986048 168.62869283493262 1609.0297522505775
17 0 100 0.0 0.0 0.0
18 0 100 0.0 0.0 0.0
19 0 100 0.0 0.0 0.0
20 1 104 1.0 5.735193251789799 5.735193251789799
21 0 100 0.0 0.0 0.0
22 0 100 0.0 0.0 0.0
23 0 100 0.0 0.0 0.0
24 0 100 0.0 0.0 0.0
25 0 100 0.0 0.0 0.0
26 0 100 0.0 0.0 0.0
27 0 100 0.0 0.0 0.0
28 0 100 0.0 0.0 0.0
29 0 100 0.0 0.0 0.0
30 6 156 225.58275470837765 15678.208362466174 3536733.431297042
31 0 100 0.0 0.0 0.0
32 0 100 0.0 0.0 0.0
33 0 100 0.0 0.0 0.0
34 0 100 0.0 0.0 0.0
35 0 100 0.0 0.0 0.0
36 2 53 9.541850352986048 306.7864203576611 2927.3101133810746
37 0 6 0.0 6.0 0.0
38 3 31 32.9215577265747 233.0178128969552 7671.309378607293
39 0 100 0.0 0.0 0.0
40 0 11 0.0 11.0 0.0
41 0 100 0.0 0.0 0.0
42 0 100 0.0 0.0 0.0
43 0 100 0.0 0.0 0.0
44 0 100 0.0 0.0 0.0
45 2 129 9.541850352986048 128.5709592386038 1226.8048527946264
46 2 117 9.541850352986048 961.2584497815984 9172.184278359366
47 0 5 0.0 5.0 0.0
48 1 49 1.0 134.74529814364382 134.74529814364382
49 0 10 0.0 10.0 0.0
50 0 11 0.0 11.0 0.0
51 1 106 1.0 9.55892689827884 9.55892689827884
52 4 71 75.61186198841948 1464.2230773075796 110712.63324163957
53 0 100 0.0 0.0 0.0
54 1 18 1.0 38.15436697768484 38.15436697768484
55 0 100 0.0 0.0 0.0
56 0 100 0.0 0.0 0.0
57 0 100 0.0 0.0 0.0
58 0 100 0.0 0.0 0.0
59 6 278 225.58275470837765 20178.95151123013 4552023.469030073
60 0 11 0.0 11.0 0.0
61 5 167 139.6884681067044 2080.6456750556 290642.2070213566
62 1 13 1.0 25.320989780782124 25.320989780782124
63 0 100 0.0 0.0 0.0
64 0 100 0.0 0.0 0.0
65 1 11 1.0 20.51504931294799 20.51504931294799
66 0 100 0.0 0.0 0.0
67 0 100 0.0 0.0 0.0
68 0 100 0.0 0.0 0.0
69 4 150 75.61186198841948 803.8922494719358 60783.78982063209
70 7 221 332.66880679862265 14641.0 4870604.0003386345
71 1 106 1.0 9.55892689827884 9.55892689827884
72 0 100 0.0 0.0 0.0
73 0 100 0.0 0.0 0.0
74 1 11 1.0 20.51504931294799 20.51504931294799
75 1 105 1.0 7.59708563275366 7.59708563275366
76 2 16 9.541850352986048 54.53075711894446 520.3243240639966
77 0 11 0.0 11.0 0.0
78 0 8 0.0 8.0 0.0
79 2 14 9.541850352986048 44.97826169706515 429.17584225083993
80 0 100 0.0 0.0 0.0
81 0 100 0.0 0.0 0.0
82 0 10 0.0 10.0 0.0
83 3 32 32.9215577265747 245.06238675558936 8067.83551218631
84 8 157 459.67273235884244 36953.48006693682 16986507.15253687
85 2 41 9.541850352986048 211.85407612585806 2021.4798910630518
86 0 100 0.0 0.0 0.0
87 1 105 1.0 7.59708563275366 7.59708563275366
88 0 100 0.0 0.0 0.0
89 0 100 0.0 0.0 0.0
90 0 100 0.0 0.0 0.0
91 0 7 0.0 7.0 0.0
92 0 100 0.0 0.0 0.0
93 1 105 1.0 7.59708563275366 7.59708563275366
94 2 54 9.541850352986048 315.16948038953416 3007.300017705306
95 0 100 0.0 0.0 0.0
96 1 28 1.0 66.57403288693754 66.57403288693754
97 0 100 0.0 0.0 0.0
98 0 100 0.0 0.0 0.0
99 0 100 0.0 0.0 0.0
100 0 100 0.0 0.0 0.0
101 1 18 1.0 38.15436697768484 38.15436697768484
102 0 100 0.0 0.0 0.0
103 0 100 0.0 0.0 0.0
104 4 75 75.61186198841948 1608.0874365260645 121590.48531592006
105 5 116 139.6884681067044 5641.169189689651 788006.2824384862
106 0 100 0.0 0.0 0.0
107 0 100 0.0 0.0 0.0
108 1 103 1.0 3.9914906122521803 3.9914906122521803
109 5 259 139.6884681067044 10004.69947362246 1397541.1433382733
110 1 15 1.0 30.323695983612147 30.323695983612147
111 5 72 139.6884681067044 2371.3580183097592 331251.36891024053
112 0 100 0.0 0.0 0.0
113 2 15 9.541850352986048 49.68406405407534 474.0779041321602
114 2 9 9.541850352986048 23.78240930402918 226.9281906125095
115 1 11 1.0 20.51504931294799 20.51504931294799
116 0 10 0.0 10.0 0.0
117 1 19 1.0 40.84402933782601 40.84402933782601
118 0 100 0.0 0.0 0.0
119 0 100 0.0 0.0 0.0
120 0 100 0.0 0.0 0.0
121 5 41 139.6884681067044 852.3594055446428 119064.77963687235
122 1 15 1.0 30.323695983612147 30.323695983612147
123 0 100 0.0 0.0 0.0
124 0 100 0.0 0.0 0.0
125 0 100 0.0 0.0 0.0
126 1 9 1.0 15.931997307697284 15.931997307697284
127 0 100 0.0 0.0 0.0
128 3 38 32.9215577265747 321.92161897300775 10598.16116245226
129 4 174 75.61186198841948 6780.868494276839 512714.0927508821
130 2 12 9.541850352986048 36.01211998010309 343.62225974392254
131 0 100 0.0 0.0 0.0
132 0 100 0.0 0.0 0.0
133 0 100 0.0 0.0 0.0
134 2 13 9.541850352986048 40.41888428935346 385.6709453236695
135 1 6 1.0 9.55892689827884 9.55892689827884
136 1 108 1.0 13.734791927877684 13.734791927877684
137 0 100 0.0 0.0 0.0
138 5 92 139.6884681067044 3702.0246060004592 517130.14610553003
139 0 100 0.0 0.0 0.0
140 3 56 32.9215577265747 595.765723501293 19613.535657762357
141 1 6 1.0 9.55892689827884 9.55892689827884
142 6 126 225.58275470837765 10419.918236435944 2350553.8596112807
143 6 125 225.58275470837765 10262.29633791766 2314997.077541162
144 1 37 1.0 94.5824071263594 94.5824071263594
145 0 100 0.0 0.0 0.0
146 1 12 1.0 22.891970023971037 22.891970023971037
147 3 45 32.9215577265747 421.0282951259743 13860.907322511091
148 5 198 139.6884681067044 4152.387807071904 580040.6917548318
149 0 10 0.0 10.0 0.0
150 1 104 1.0 5.735193251789799 5.735193251789799
151 0 100 0.0 0.0 0.0
152 1 15 1.0 30.323695983612147 30.323695983612147
153 4 145 75.61186198841948 671.3571728121805 50762.565895610074
154 1 11 1.0 20.51504931294799 20.51504931294799
155 0 100 0.0 0.0 0.0
156 1 11 1.0 20.51504931294799 20.51504931294799
157 1 10 1.0 18.1937008646705 18.1937008646705
158 2 27 9.541850352986048 115.98017876588344 1106.66550969663
159 0 100 0.0 0.0 0.0
160 1 8 1.0 13.734791927877684 13.734791927877684
161 0 100 0.0 0.0 0.0
162 0 100 0.0 0.0 0.0
163 5 54 139.6884681067044 1405.9451433371921 196394.3233148333
164 2 40 9.541850352986048 204.4421003683832 1950.7559275652661
165 1 106 1.0 9.55892689827884 9.55892689827884
166 0 100 0.0 0.0 0.0
167 0 100 0.0 0.0 0.0
168 2 107 9.541850352986048 16.551687764173284 157.9337277350917
169 1 102 1.0 2.3948263510722025 2.3948263510722025
170 0 100 0.0 0.0 0.0
171 1 27 1.0 63.59241768810072 63.59241768810072
172 0 100 0.0 0.0 0.0
173 1 26 1.0 60.63937356224698 60.63937356224698
174 3 58 32.9215577265747 629.8939717412368 20737.090752300537
175 0 100 0.0 0.0 0.0
176 0 7 0.0 7.0 0.0
177 5 46 139.6884681067044 1050.58572833688 146754.71100614508
178 2 23 9.541850352986048 92.0346545141889 878.1809006631623
179 2 151 9.541850352986048 290.23003402420613 2769.3315526010238
180 2 121 9.541850352986048 80.71796600694597 770.1987524356932
181 1 10 1.0 18.1937008646705 18.1937008646705
182 1 106 1.0 9.55892689827884 9.55892689827884
183 6 82 225.58275470837765 4581.357643139669 1033475.277443727
184 2 121 9.541850352986048 80.71796600694597 770.1987524356932
185 5 202 139.6884681067044 4465.486028292682 623776.9026440964
186 4 55 75.61186198841948 946.1899645328139 71543.18501308264
187 2 14 9.541850352986048 44.97826169706515 429.17584225083993
188 3 145 32.9215577265747 421.0282951259743 13860.907322511091
189 1 10 1.0 18.1937008646705 18.1937008646705
190 2 26 9.541850352986048 109.8359986590007 1048.0386625749609
191 6 57 225.58275470837765 2284.902982010436 515434.70892330084
192 1 17 1.0 35.503281577765854 35.503281577765854
193 1 17 1.0 35.503281577765854 35.503281577765854
194 7 100 332.66880679862265 10000.0 3326688.0679862266
195 3 41 32.9215577265747 363.1907597716439 11956.805563580698
196 1 17 1.0 35.503281577765854 35.503281577765854
197 3 28 32.9215577265747 198.25318874016915 6526.8037975869875
198 5 164 139.6884681067044 1914.4623288244568 267428.3099614821
199 3 122 32.9215577265747 135.19579244279535 4450.856085295499
