0 0 100 0.0 0.0 0.0
1 1 10 1.0 18.1937008646705 18.1937008646705
2 0 100 0.0 0.0 0.0
3 0 100 0.0 0.0 0.0
4 1 11 1.0 20.51504931294799 20.51504931294799
5 1 107 1.0 11.607984241186918 11.607984241186918
6 0 100 0.0 0.0 0.0
7 1 53 1.0 148.74811262526265 148.74811262526265
8 0 100 0.0 0.0 0.0
9 0 100 0.0 0.0 0.0
10 0 100 0.0 0.0 0.0
11 1 19 1.0 40.84402933782601 40.84402933782601
12 3 65 32.9215577265747 754.7803226662346 24848.54396353912
13 0 10 0.0 10.0 0.0
14 0 100 0.0 0.0 0.0
15 0 100 0.0 0.0 0.0
16 0 100 0.0 0.0 0.0
17 0 100 0.0 0.0 0.0
18 4 30 75.61186198841948 335.61535000671915 25376.501525903146
19 3 88 32.9215577265747 1220.8824175108728 40193.35098544427
20 1 9 1.0 15.931997307697284 15.931997307697284
21 0 5 0.0 5.0 0.0
22 0 100 0.0 0.0 0.0
23 0 100 0.0 0.0 0.0
24 0 100 0.0 0.0 0.0
25 0 100 0.0 0.0 0.0
26 0 100 0.0 0.0 0.0
27 8 138 459.67273235884244 28257.118371009565 12989026.81018921
28 0 100 0.0 0.0 0.0
29 1 9 1.0 15.931997307697284 15.931997307697284
30 0 100 0.0 0.0 0.0
31 3 122 32.9215577265747 135.19579244279535 4450.856085295499
32 1 102 1.0 2.3948263510722025 2.3948263510722025
33 0 100 0.0 0.0 0.0
34 0 100 0.0 0.0 0.0
35 0 100 0.0 0.0 0.0
36 1 24 1.0 54.8222930413608 54.8222930413608
37 0 100 0.0 0.0 0.0
38 0 100 0.0 0.0 0.0
39 0 100 0.0 0.0 0.0
40 2 8 9.541850352986048 20.066939702021244 191.47573567908114
41 0 11 0.0 11.0 0.0
42 0 8 0.0 8.0 0.0
43 0 100 0.0 0.0 0.0
44 0 100 0.0 0.0 0.0
45 6 109 225.58275470837765 7896.900764171442 1781404.6280404862
46 0 100 0.0 0.0 0.0
47 0 100 0.0 0.0 0.0
48 5 125 139.6884681067044 6461.574648467654 902607.4642015635
49 0 100 0.0 0.0 0.0
50 0 100 0.0 0.0 0.0
51 1 10 1.0 18.1937008646705 18.1937008646705
52 0 100 0.0 0.0 0.0
53 0 10 0.0 10.0 0.0
54 2 57 9.541850352986048 340.72951581223015 3251.1900507256933
55 0 100 0.0 0.0 0.0
56 0 100 0.0 0.0 0.0
57 1 10 1.0 18.1937008646705 18.1937008646705
58 1 18 1.0 38.15436697768484 38.15436697768484
59 0 100 0.0 0.0 0.0
60 0 100 0.0 0.0 0.0
61 0 100 0.0 0.0 0.0
62 5 158 139.6884681067044 9890.655363438167 1381610.4962900372
63 5 129 139.6884681067044 6842.204111735111 955777.0108416717
64 2 23 9.541850352986048 92.0346545141889 878.1809006631623
65 1 14 1.0 27.799106543625292 27.799106543625292
66 2 31 9.541850352986048 141.5519192260369 1350.6672304328126
67 0 10 0.0 10.0 0.0
68 2 9 9.541850352986048 23.78240930402918 226.9281906125095
69 1 13 1.0 25.320989780782124 25.320989780782124
70 0 100 0.0 0.0 0.0
71 1 5 1.0 7.59708563275366 7.59708563275366
72 0 100 0.0 0.0 0.0
73 0 100 0.0 0.0 0.0
74 0 100 0.0 0.0 0.0
75 1 14 1.0 27.799106543625292 27.799106543625292
76 0 100 0.0 0.0 0.0
77 0 100 0.0 0.0 0.0
78 0 10 0.0 10.0 0.0
79 0 100 0.0 0.0 0.0
80 6 92 225.58275470837765 5709.4065807799225 1287943.6642424744
81 0 100 0.0 0.0 0.0
82 0 10 0.0 10.0 0.0
83 0 100 0.0 0.0 0.0
84 5 52 139.6884681067044 1312.7590262571498 183377.29737111018
85 0 100 0.0 0.0 0.0
86 1 6 1.0 9.55892689827884 9.55892689827884
87 2 25 9.541850352986048 103.79546451213633 990.4007896934788
88 1 104 1.0 5.735193251789799 5.735193251789799
89 0 6 0.0 6.0 0.0
90 1 8 1.0 13.734791927877684 13.734791927877684
91 1 11 1.0 20.51504931294799 20.51504931294799
92 1 104 1.0 5.735193251789799 5.735193251789799
93 0 100 0.0 0.0 0.0
94 0 100 0.0 0.0 0.0
95 0 5 0.0 5.0 0.0
96 2 26 9.541850352986048 109.8359986590007 1048.0386625749609
97 0 100 0.0 0.0 0.0
98 0 100 0.0 0.0 0.0
99 2 10 9.541850352986048 27.685321443873434 264.16919419175593
100 0 100 0.0 0.0 0.0
101 0 100 0.0 0.0 0.0
102 1 16 1.0 32.892441635375256 32.892441635375256
103 1 50 1.0 138.2191034456061 138.2191034456061
104 0 5 0.0 5.0 0.0
105 1 9 1.0 15.931997307697284 15.931997307697284
106 1 23 1.0 51.960050539976365 51.960050539976365
107 1 28 1.0 66.57403288693754 66.57403288693754
108 0 10 0.0 10.0 0.0
109 5 65 139.6884681067044 1969.1653870843556 275069.6963705592
110 3 27 32.9215577265747 187.1321231368427 6160.680994346051
111 1 38 1.0 97.81435774219185 97.81435774219185
112 1 11 1.0 20.51504931294799 20.51504931294799
113 2 59 9.541850352986048 358.10513855020525 3416.9856426813935
114 0 100 0.0 0.0 0.0
115 1 19 1.0 40.84402933782601 40.84402933782601
116 0 100 0.0 0.0 0.0
117 1 102 1.0 2.3948263510722025 2.3948263510722025
118 0 100 0.0 0.0 0.0
119 1 10 1.0 18.1937008646705 18.1937008646705
120 4 72 75.61186198841948 1499.6637502850892 113392.36851559173
121 0 100 0.0 0.0 0.0
122 0 100 0.0 0.0 0.0
123 0 100 0.0 0.0 0.0
124 4 63 75.61186198841948 1193.5182370479756 90244.13622033325
125 1 13 1.0 25.320989780782124 25.320989780782124
126 0 100 0.0 0.0 0.0
127 0 100 0.0 0.0 0.0
128 0 100 0.0 0.0 0.0
129 0 5 0.0 5.0 0.0
130 1 103 1.0 3.9914906122521803 3.9914906122521803
131 0 11 0.0 11.0 0.0
132 2 15 9.541850352986048 49.68406405407534 474.0779041321602
133 1 21 1.0 46.33316012586883 46.33316012586883
134 0 5 0.0 5.0 0.0
135 1 13 1.0 25.320989780782124 25.320989780782124
136 1 13 1.0 25.320989780782124 25.320989780782124
137 4 116 75.61186198841948 3389.795544335274 256308.752867238
138 1 8 1.0 13.734791927877684 13.734791927877684
139 4 30 75.61186198841948 335.61535000671915 25376.501525903146
140 3 11 32.9215577265747 44.98915580191157 1481.1130898024949
141 0 100 0.0 0.0 0.0
142 5 84 139.6884681067044 3137.9608221632784 438336.940226843
143 9 249 604.9491004987461 145363.37496265714 87937442.92912139
144 0 100 0.0 0.0 0.0
145 0 100 0.0 0.0 0.0
146 0 100 0.0 0.0 0.0
147 1 13 1.0 25.320989780782124 25.320989780782124
148 1 6 1.0 9.55892689827884 9.55892689827884
149 2 14 9.541850352986048 44.97826169706515 429.17584225083993
150 1 16 1.0 32.892441635375256 32.892441635375256
151 0 100 0.0 0.0 0.0
152 2 66 9.541850352986048 420.9557626935435 4016.6968928488986
153 2 89 9.541850352986048 647.8983880633936 6182.149462841783
154 6 140 225.58275470837765 12746.625951622225 2875418.9954042374
155 1 10 1.0 18.1937008646705 18.1937008646705
156 2 99 9.541850352986048 755.4470017622442 7208.362240427321
157 0 100 0.0 0.0 0.0
158 1 19 1.0 40.84402933782601 40.84402933782601
159 0 100 0.0 0.0 0.0
160 0 100 0.0 0.0 0.0
161 1 20 1.0 43.57075425423803 43.57075425423803
162 3 97 32.9215577265747 1424.9628464935386 46911.99660906123
163 0 100 0.0 0.0 0.0
164 4 79 75.61186198841948 1757.505455801544 132888.25996796062
165 5 73 139.6884681067044 2431.5451615879456 339658.8187544891
166 1 8 1.0 13.734791927877684 13.734791927877684
167 0 100 0.0 0.0 0.0
168 4 111 75.61186198841948 3143.78687811244 237707.57954884192
169 6 139 225.58275470837765 12573.026663212622 2836257.9897093847
170 2 17 9.541850352986048 59.51335422080222 567.8675199791454
171 8 138 459.67273235884244 28257.118371009565 12989026.81018921
172 6 53 225.58275470837765 1988.0215081420156 448463.36822617933
173 6 101 225.58275470837765 6825.411756924657 1539695.1861460118
174 2 22 9.541850352986048 86.31942417916456 823.6470280735138
175 6 144 225.58275470837765 13452.37343883357 3034623.457697888
176 5 54 139.6884681067044 1405.9451433371921 196394.3233148333
177 4 62 75.61186198841948 1161.3060165688764 87808.51025112707
178 6 124 225.58275470837765 10105.821436004986 2279699.0381249776
179 2 66 9.541850352986048 420.9557626935435 4016.6968928488986
180 8 133 459.67273235884244 26169.13941804069 12029239.819770252
181 1 10 1.0 18.1937008646705 18.1937008646705
182 1 32 1.0 78.7716859795011 78.7716859795011
183 1 15 1.0 30.323695983612147 30.323695983612147
184 8 113 459.67273235884244 18645.55254126269 8570852.082982577
185 4 107 75.61186198841948 2952.551261146638 223247.89847155346
186 1 7 1.0 11.607984241186918 11.607984241186918
187 8 119 459.67273235884244 20764.03051150532 9544658.640006023
188 6 112 225.58275470837765 8317.887761606735 1876372.0346183486
189 4 70 75.61186198841948 1429.1350405139644 108059.56144615616
190 1 31 1.0 75.68293941204132 75.68293941204132
191 2 36 9.541850352986048 175.6210676402407 1675.7499462548174
192 2 18 9.541850352986048 64.62733255388774 616.6643359418604
193 1 21 1.0 46.33316012586883 46.33316012586883
194 5 74 139.6884681067044 2492.4098028308917 348160.9072515804
195 4 60 75.61186198841948 1097.9836363389938 83020.58717640696
196 1 31 1.0 75.68293941204132 75.68293941204132
197 5 76 139.6884681067044 2616.164871066153 365448.0631538047
198 5 72 139.6884681067044 2371.3580183097592 331251.36891024053
199 2 34 9.541850352986048 161.72412498062124 1543.1473990327004
