0 0 5 0.0 5.0 0.0
1 0 100 0.0 0.0 0.0
2 0 5 0.0 5.0 0.0
3 1 7 1.0 11.607984241186918 11.607984241186918
4 0 8 0.0 8.0 0.0
5 1 10 1.0 18.1937008646705 18.1937008646705
6 0 14 0.0 14.0 0.0
7 0 5 0.0 5.0 0.0
8 0 10 0.0 10.0 0.0
9 0 8 0.0 8.0 0.0
10 0 5 0.0 5.0 0.0
11 0 6 0.0 6.0 0.0
12 0 100 0.0 0.0 0.0
13 0 5 0.0 5.0 0.0
14 0 5 0.0 5.0 0.0
15 0 6 0.0 6.0 0.0
16 0 6 0.0 6.0 0.0
17 0 5 0.0 5.0 0.0
18 0 100 0.0 0.0 0.0
19 0 5 0.0 5.0 0.0
20 0 100 0.0 0.0 0.0
21 0 5 0.0 5.0 0.0
22 0 5 0.0 5.0 0.0
23 1 10 1.0 18.1937008646705 18.1937008646705
24 0 5 0.0 5.0 0.0
25 0 10 0.0 10.0 0.0
26 0 100 0.0 0.0 0.0
27 0 5 0.0 5.0 0.0
28 0 100 0.0 0.0 0.0
29 0 5 0.0 5.0 0.0
30 0 7 0.0 7.0 0.0
31 1 10 1.0 18.1937008646705 18.1937008646705
32 0 6 0.0 6.0 0.0
33 0 6 0.0 6.0 0.0
34 0 6 0.0 6.0 0.0
35 0 10 0.0 10.0 0.0
36 0 100 0.0 0.0 0.0
37 1 10 1.0 18.1937008646705 18.1937008646705
38 0 5 0.0 5.0 0.0
39 0 100 0.0 0.0 0.0
40 0 5 0.0 5.0 0.0
41 0 5 0.0 5.0 0.0
42 1 9 1.0 15.931997307697284 15.931997307697284
43 0 100 0.0 0.0 0.0
44 0 5 0.0 5.0 0.0
45 1 10 1.0 18.1937008646705 18.1937008646705
46 0 10 0.0 10.0 0.0
47 0 100 0.0 0.0 0.0
48 0 8 0.0 8.0 0.0
49 0 5 0.0 5.0 0.0
50 0 10 0.0 10.0 0.0
51 0 10 0.0 10.0 0.0
52 1 6 1.0 9.55892689827884 9.55892689827884
53 1 12 1.0 22.891970023971037 22.891970023971037
54 0 6 0.0 6.0 0.0
55 0 10 0.0 10.0 0.0
56 0 5 0.0 5.0 0.0
57 0 6 0.0 6.0 0.0
58 0 10 0.0 10.0 0.0
59 0 5 0.0 5.0 0.0
60 0 100 0.0 0.0 0.0
61 1 13 1.0 25.320989780782124 25.320989780782124
62 1 9 1.0 15.931997307697284 15.931997307697284
63 0 11 0.0 11.0 0.0
64 0 5 0.0 5.0 0.0
65 0 100 0.0 0.0 0.0
66 0 5 0.0 5.0 0.0
67 0 5 0.0 5.0 0.0
68 0 10 0.0 10.0 0.0
69 0 100 0.0 0.0 0.0
70 1 9 1.0 15.931997307697284 15.931997307697284
71 0 7 0.0 7.0 0.0
72 0 5 0.0 5.0 0.0
73 0 5 0.0 5.0 0.0
74 0 100 0.0 0.0 0.0
75 0 6 0.0 6.0 0.0
76 0 100 0.0 0.0 0.0
77 0 8 0.0 8.0 0.0
78 0 5 0.0 5.0 0.0
79 0 9 0.0 9.0 0.0
80 0 100 0.0 0.0 0.0
81 1 100 1.0 0.0 0.0
82 0 100 0.0 0.0 0.0
83 0 100 0.0 0.0 0.0
84 0 5 0.0 5.0 0.0
85 0 100 0.0 0.0 0.0
86 0 5 0.0 5.0 0.0
87 0 8 0.0 8.0 0.0
88 0 100 0.0 0.0 0.0
89 0 100 0.0 0.0 0.0
90 0 100 0.0 0.0 0.0
91 0 100 0.0 0.0 0.0
92 0 5 0.0 5.0 0.0
93 0 5 0.0 5.0 0.0
94 0 100 0.0 0.0 0.0
95 1 7 1.0 11.607984241186918 11.607984241186918
96 0 5 0.0 5.0 0.0
97 0 5 0.0 5.0 0.0
98 0 5 0.0 5.0 0.0
99 0 5 0.0 5.0 0.0
100 0 7 0.0 7.0 0.0
101 0 100 0.0 0.0 0.0
102 0 9 0.0 9.0 0.0
103 0 5 0.0 5.0 0.0
104 0 100 0.0 0.0 0.0
105 0 6 0.0 6.0 0.0
106 0 5 0.0 5.0 0.0
107 1 10 1.0 18.1937008646705 18.1937008646705
108 0 5 0.0 5.0 0.0
109 1 9 1.0 15.931997307697284 15.931997307697284
110 0 100 0.0 0.0 0.0
111 0 100 0.0 0.0 0.0
112 0 100 0.0 0.0 0.0
113 1 7 1.0 11.607984241186918 11.607984241186918
114 0 10 0.0 10.0 0.0
115 0 5 0.0 5.0 0.0
116 0 9 0.0 9.0 0.0
117 0 100 0.0 0.0 0.0
118 0 100 0.0 0.0 0.0
119 0 5 0.0 5.0 0.0
120 0 11 0.0 11.0 0.0
121 0 5 0.0 5.0 0.0
122 0 6 0.0 6.0 0.0
123 0 10 0.0 10.0 0.0
124 0 6 0.0 6.0 0.0
125 0 5 0.0 5.0 0.0
126 0 5 0.0 5.0 0.0
127 0 100 0.0 0.0 0.0
128 0 100 0.0 0.0 0.0
129 0 10 0.0 10.0 0.0
130 0 100 0.0 0.0 0.0
131 0 100 0.0 0.0 0.0
132 0 100 0.0 0.0 0.0
133 0 10 0.0 10.0 0.0
134 0 6 0.0 6.0 0.0
135 0 6 0.0 6.0 0.0
136 0 5 0.0 5.0 0.0
137 0 5 0.0 5.0 0.0
138 0 100 0.0 0.0 0.0
139 0 8 0.0 8.0 0.0
140 0 6 0.0 6.0 0.0
141 0 9 0.0 9.0 0.0
142 0 10 0.0 10.0 0.0
143 0 100 0.0 0.0 0.0
144 0 5 0.0 5.0 0.0
145 0 6 0.0 6.0 0.0
146 0 5 0.0 5.0 0.0
147 1 13 1.0 25.320989780782124 25.320989780782124
148 0 9 0.0 9.0 0.0
149 0 5 0.0 5.0 0.0
150 0 100 0.0 0.0 0.0
151 0 11 0.0 11.0 0.0
152 0 100 0.0 0.0 0.0
153 0 10 0.0 10.0 0.0
154 0 14 0.0 14.0 0.0
155 0 100 0.0 0.0 0.0
156 1 101 1.0 1.0 1.0
157 0 5 0.0 5.0 0.0
158 1 6 1.0 9.55892689827884 9.55892689827884
159 0 100 0.0 0.0 0.0
160 1 12 1.0 22.891970023971037 22.891970023971037
161 1 10 1.0 18.1937008646705 18.1937008646705
162 0 10 0.0 10.0 0.0
163 1 9 1.0 15.931997307697284 15.931997307697284
164 0 100 0.0 0.0 0.0
165 0 8 0.0 8.0 0.0
166 2 12 9.541850352986048 36.01211998010309 343.62225974392254
167 0 100 0.0 0.0 0.0
168 1 14 1.0 27.799106543625292 27.799106543625292
169 0 9 0.0 9.0 0.0
170 0 10 0.0 10.0 0.0
171 0 7 0.0 7.0 0.0
172 0 100 0.0 0.0 0.0
173 0 5 0.0 5.0 0.0
174 0 6 0.0 6.0 0.0
175 1 5 1.0 7.59708563275366 7.59708563275366
176 1 9 1.0 15.931997307697284 15.931997307697284
177 0 5 0.0 5.0 0.0
178 0 100 0.0 0.0 0.0
179 0 10 0.0 10.0 0.0
180 0 100 0.0 0.0 0.0
181 1 6 1.0 9.55892689827884 9.55892689827884
182 0 5 0.0 5.0 0.0
183 0 100 0.0 0.0 0.0
184 0 100 0.0 0.0 0.0
185 0 10 0.0 10.0 0.0
186 1 100 1.0 0.0 0.0
187 1 9 1.0 15.931997307697284 15.931997307697284
188 2 10 9.541850352986048 27.685321443873434 264.16919419175593
189 0 10 0.0 10.0 0.0
190 0 100 0.0 0.0 0.0
191 0 6 0.0 6.0 0.0
192 0 6 0.0 6.0 0.0
193 0 10 0.0 10.0 0.0
194 1 13 1.0 25.320989780782124 25.320989780782124
195 0 5 0.0 5.0 0.0
196 0 11 0.0 11.0 0.0
197 0 100 0.0 0.0 0.0
198 0 5 0.0 5.0 0.0
199 0 5 0.0 5.0 0.0
