0 0 100 0.0 0.0 0.0
1 2 12 9.541850352986048 36.01211998010309 343.62225974392254
2 0 100 0.0 0.0 0.0
3 0 100 0.0 0.0 0.0
4 2 166 9.541850352986048 420.9557626935435 4016.6968928488986
5 1 11 1.0 20.51504931294799 20.51504931294799
6 0 100 0.0 0.0 0.0
7 3 100 32.9215577265747 1495.5540179272011 49235.96793440108
8 0 11 0.0 11.0 0.0
9 0 10 0.0 10.0 0.0
10 1 11 1.0 20.51504931294799 20.51504931294799
11 1 24 1.0 54.8222930413608 54.8222930413608
12 0 100 0.0 0.0 0.0
13 1 7 1.0 11.607984241186918 11.607984241186918
14 1 106 1.0 9.55892689827884 9.55892689827884
15 0 100 0.0 0.0 0.0
16 4 46 75.61186198841948 697.0692055589992 52706.70056710426
17 0 100 0.0 0.0 0.0
18 1 19 1.0 40.84402933782601 40.84402933782601
19 0 100 0.0 0.0 0.0
20 1 7 1.0 11.607984241186918 11.607984241186918
21 1 18 1.0 38.15436697768484 38.15436697768484
22 1 19 1.0 40.84402933782601 40.84402933782601
23 1 11 1.0 20.51504931294799 20.51504931294799
24 0 10 0.0 10.0 0.0
25 0 100 0.0 0.0 0.0
26 0 100 0.0 0.0 0.0
27 0 100 0.0 0.0 0.0
28 0 100 0.0 0.0 0.0
29 1 107 1.0 11.607984241186918 11.607984241186918
30 1 9 1.0 15.931997307697284 15.931997307697284
31 0 100 0.0 0.0 0.0
32 0 100 0.0 0.0 0.0
33 0 100 0.0 0.0 0.0
34 0 100 0.0 0.0 0.0
35 0 100 0.0 0.0 0.0
36 1 12 1.0 22.891970023971037 22.891970023971037
37 0 100 0.0 0.0 0.0
38 0 100 0.0 0.0 0.0
39 0 100 0.0 0.0 0.0
40 0 100 0.0 0.0 0.0
41 0 100 0.0 0.0 0.0
42 2 33 9.541850352986048 154.90879557685506 1478.1165457556579
43 0 100 0.0 0.0 0.0
44 1 17 1.0 35.503281577765854 35.503281577765854
45 0 100 0.0 0.0 0.0
46 0 100 0.0 0.0 0.0
47 1 24 1.0 54.8222930413608 54.8222930413608
48 0 100 0.0 0.0 0.0
49 0 100 0.0 0.0 0.0
50 1 6 1.0 9.55892689827884 9.55892689827884
51 0 100 0.0 0.0 0.0
52 0 100 0.0 0.0 0.0
53 0 100 0.0 0.0 0.0
54 0 100 0.0 0.0 0.0
55 0 100 0.0 0.0 0.0
56 1 6 1.0 9.55892689827884 9.55892689827884
57 2 45 9.541850352986048 242.29532664846576 2311.945748107533
58 0 100 0.0 0.0 0.0
59 1 20 1.0 43.57075425423803 43.57075425423803
60 0 100 0.0 0.0 0.0
61 5 67 139.6884681067044 2080.6456750556 290642.2070213566
62 3 30 32.9215577265747 221.1993434691573 7282.2269551002855
63 0 100 0.0 0.0 0.0
64 1 18 1.0 38.15436697768484 38.15436697768484
65 2 14 9.541850352986048 44.97826169706515 429.17584225083993
66 1 14 1.0 27.799106543625292 27.799106543625292
67 0 100 0.0 0.0 0.0
68 0 100 0.0 0.0 0.0
69 0 100 0.0 0.0 0.0
70 0 100 0.0 0.0 0.0
71 0 100 0.0 0.0 0.0
72 3 66 32.9215577265747 773.2963448216119 25458.12025579391
73 0 100 0.0 0.0 0.0
74 0 100 0.0 0.0 0.0
75 5 86 139.6884681067044 3275.042744200361 457485.7039213258
76 1 17 1.0 35.503281577765854 35.503281577765854
77 0 100 0.0 0.0 0.0
78 1 23 1.0 51.960050539976365 51.960050539976365
79 1 33 1.0 81.88562674252243 81.88562674252243
80 1 102 1.0 2.3948263510722025 2.3948263510722025
81 0 100 0.0 0.0 0.0
82 0 100 0.0 0.0 0.0
83 0 100 0.0 0.0 0.0
84 0 10 0.0 10.0 0.0
85 0 100 0.0 0.0 0.0
86 0 100 0.0 0.0 0.0
87 0 100 0.0 0.0 0.0
88 0 100 0.0 0.0 0.0
89 0 100 0.0 0.0 0.0
90 0 6 0.0 6.0 0.0
91 0 100 0.0 0.0 0.0
92 5 99 139.6884681067044 4229.702363015084 590840.6436368847
93 2 18 9.541850352986048 64.62733255388774 616.6643359418604
94 2 14 9.541850352986048 44.97826169706515 429.17584225083993
95 0 100 0.0 0.0 0.0
96 1 105 1.0 7.59708563275366 7.59708563275366
97 0 100 0.0 0.0 0.0
98 3 25 32.9215577265747 165.61186212092687 5452.200479019623
99 0 100 0.0 0.0 0.0
100 1 17 1.0 35.503281577765854 35.503281577765854
101 0 100 0.0 0.0 0.0
102 0 100 0.0 0.0 0.0
103 0 100 0.0 0.0 0.0
104 4 52 75.61186198841948 859.6554919481086 65000.15241476724
105 3 66 32.9215577265747 773.2963448216119 25458.12025579391
106 1 16 1.0 32.892441635375256 32.892441635375256
107 1 10 1.0 18.1937008646705 18.1937008646705
108 1 101 1.0 1.0 1.0
109 1 33 1.0 81.88562674252243 81.88562674252243
110 5 65 139.6884681067044 1969.1653870843556 275069.6963705592
111 4 48 75.61186198841948 749.6906189831174 56685.50361656424
112 0 100 0.0 0.0 0.0
113 0 100 0.0 0.0 0.0
114 1 24 1.0 54.8222930413608 54.8222930413608
115 1 17 1.0 35.503281577765854 35.503281577765854
116 3 43 32.9215577265747 391.71440685113555 12895.848457480626
117 1 8 1.0 13.734791927877684 13.734791927877684
118 0 100 0.0 0.0 0.0
119 1 8 1.0 13.734791927877684 13.734791927877684
120 3 53 32.9215577265747 545.90532331836 17972.053614869816
121 0 100 0.0 0.0 0.0
122 1 105 1.0 7.59708563275366 7.59708563275366
123 5 80 139.6884681067044 2871.732646582133 401147.9342130701
124 0 100 0.0 0.0 0.0
125 0 6 0.0 6.0 0.0
126 1 106 1.0 9.55892689827884 9.55892689827884
127 0 100 0.0 0.0 0.0
128 1 32 1.0 78.7716859795011 78.7716859795011
129 0 100 0.0 0.0 0.0
130 1 18 1.0 38.15436697768484 38.15436697768484
131 1 19 1.0 40.84402933782601 40.84402933782601
132 2 32 9.541850352986048 148.1842032776824 1413.95149235211
133 0 10 0.0 10.0 0.0
134 0 100 0.0 0.0 0.0
135 2 57 9.541850352986048 340.72951581223015 3251.1900507256933
136 0 100 0.0 0.0 0.0
137 1 10 1.0 18.1937008646705 18.1937008646705
138 1 38 1.0 97.81435774219185 97.81435774219185
139 1 107 1.0 11.607984241186918 11.607984241186918
140 2 12 9.541850352986048 36.01211998010309 343.62225974392254
141 2 10 9.541850352986048 27.685321443873434 264.16919419175593
142 0 100 0.0 0.0 0.0
143 0 100 0.0 0.0 0.0
144 5 126 139.6884681067044 6555.813195992822 915771.5025419551
145 0 100 0.0 0.0 0.0
146 1 103 1.0 3.9914906122521803 3.9914906122521803
147 1 21 1.0 46.33316012586883 46.33316012586883
148 1 18 1.0 38.15436697768484 38.15436697768484
149 4 40 75.61186198841948 548.8883970182196 41502.47372238642
150 2 17 9.541850352986048 59.51335422080222 567.8675199791454
151 0 8 0.0 8.0 0.0
152 1 11 1.0 20.51504931294799 20.51504931294799
153 3 68 32.9215577265747 810.8239638778247 26693.587932893923
154 1 12 1.0 22.891970023971037 22.891970023971037
155 2 30 9.541850352986048 135.01359299654277 1288.2794999919763
156 0 100 0.0 0.0 0.0
157 1 108 1.0 13.734791927877684 13.734791927877684
158 0 100 0.0 0.0 0.0
159 4 100 75.61186198841948 2629.9766541734707 198857.43180812968
160 1 18 1.0 38.15436697768484 38.15436697768484
161 5 60 139.6884681067044 1702.6102917613564 237835.0234388529
162 1 20 1.0 43.57075425423803 43.57075425423803
163 4 122 75.61186198841948 3695.090899744704 279392.70314616134
164 1 21 1.0 46.33316012586883 46.33316012586883
165 0 100 0.0 0.0 0.0
166 0 100 0.0 0.0 0.0
167 2 14 9.541850352986048 44.97826169706515 429.17584225083993
168 2 19 9.541850352986048 69.8685662777562 666.6754038000371
169 1 14 1.0 27.799106543625292 27.799106543625292
170 3 60 32.9215577265747 664.7206420100937 21883.638987981092
171 2 18 9.541850352986048 64.62733255388774 616.6643359418604
172 1 23 1.0 51.960050539976365 51.960050539976365
173 3 57 32.9215577265747 612.7419199112477 20172.41848785035
174 0 100 0.0 0.0 0.0
175 0 100 0.0 0.0 0.0
176 3 59 32.9215577265747 647.2206215128941 21307.511052966296
177 1 19 1.0 40.84402933782601 40.84402933782601
178 1 14 1.0 27.799106543625292 27.799106543625292
179 0 100 0.0 0.0 0.0
180 5 55 139.6884681067044 1453.6132803589628 203053.01235290492
181 5 86 139.6884681067044 3275.042744200361 457485.7039213258
182 5 78 139.6884681067044 2742.610069160227 383110.9991750147
183 7 194 332.66880679862265 37636.0 12520323.212672962
184 0 100 0.0 0.0 0.0
185 3 80 32.9215577265747 1049.4627962762117 34549.95002949981
186 5 147 139.6884681067044 8675.149348013505 1211818.323020882
187 4 99 75.61186198841948 2585.1644858987506 195469.10032513973
188 0 100 0.0 0.0 0.0
189 2 53 9.541850352986048 306.7864203576611 2927.3101133810746
190 1 15 1.0 30.323695983612147 30.323695983612147
191 0 100 0.0 0.0 0.0
192 3 66 32.9215577265747 773.2963448216119 25458.12025579391
193 4 93 75.61186198841948 2323.049658002374 175650.1101331206
194 1 16 1.0 32.892441635375256 32.892441635375256
195 4 39 75.61186198841948 525.6324972119714 39744.05183581987
196 1 103 1.0 3.9914906122521803 3.9914906122521803
197 0 100 0.0 0.0 0.0
198 2 36 9.541850352986048 175.6210676402407 1675.7499462548174
199 1 11 1.0 20.51504931294799 20.51504931294799
