0 0 100 0.0 0.0 0.0
1 0 6 0.0 6.0 0.0
2 0 100 0.0 0.0 0.0
3 3 93 32.9215577265747 1332.8212345645688 43878.55121292201
4 0 100 0.0 0.0 0.0
5 0 100 0.0 0.0 0.0
6 0 100 0.0 0.0 0.0
7 0 10 0.0 10.0 0.0
8 0 7 0.0 7.0 0.0
9 0 100 0.0 0.0 0.0
10 0 100 0.0 0.0 0.0
11 14 246 1540.4353185285338 788048.6512575328 1213937975.1158788
12 0 100 0.0 0.0 0.0
13 0 100 0.0 0.0 0.0
14 2 28 9.541850352986048 122.22584512913716 1166.2607234894754
15 0 100 0.0 0.0 0.0
16 0 100 0.0 0.0 0.0
17 0 5 0.0 5.0 0.0
18 0 100 0.0 0.0 0.0
19 0 100 0.0 0.0 0.0
20 0 6 0.0 6.0 0.0
21 1 36 1.0 91.37308344663872 91.37308344663872
22 1 103 1.0 3.9914906122521803 3.9914906122521803
23 0 100 0.0 0.0 0.0
24 0 100 0.0 0.0 0.0
25 17 362 2206.0678959513543 5078242.859310338 11202948539.768747
26 8 121 459.67273235884244 21496.519829988905 9881364.00645704
27 0 100 0.0 0.0 0.0
28 0 5 0.0 5.0 0.0
29 2 23 9.541850352986048 92.0346545141889 878.1809006631623
30 7 145 332.66880679862265 21025.0 6994361.662941041
31 0 100 0.0 0.0 0.0
32 0 6 0.0 6.0 0.0
33 25 375 4060.496712466729 42223818.94190935 171449678001.41333
34 0 100 0.0 0.0 0.0
35 0 7 0.0 7.0 0.0
36 0 100 0.0 0.0 0.0
37 0 5 0.0 5.0 0.0
38 1 14 1.0 27.799106543625292 27.799106543625292
39 0 100 0.0 0.0 0.0
40 0 100 0.0 0.0 0.0
41 0 100 0.0 0.0 0.0
42 0 100 0.0 0.0 0.0
43 2 17 9.541850352986048 59.51335422080222 567.8675199791454
44 1 101 1.0 1.0 1.0
45 1 13 1.0 25.320989780782124 25.320989780782124
46 1 10 1.0 18.1937008646705 18.1937008646705
47 0 100 0.0 0.0 0.0
48 2 22 9.541850352986048 86.31942417916456 823.6470280735138
49 0 5 0.0 5.0 0.0
50 1 20 1.0 43.57075425423803 43.57075425423803
51 0 100 0.0 0.0 0.0
52 0 100 0.0 0.0 0.0
53 1 5 1.0 7.59708563275366 7.59708563275366
54 0 100 0.0 0.0 0.0
55 0 100 0.0 0.0 0.0
56 1 25 1.0 57.71571011139208 57.71571011139208
57 0 100 0.0 0.0 0.0
58 0 5 0.0 5.0 0.0
59 1 107 1.0 11.607984241186918 11.607984241186918
60 0 100 0.0 0.0 0.0
61 0 100 0.0 0.0 0.0
62 0 100 0.0 0.0 0.0
63 0 11 0.0 11.0 0.0
64 0 100 0.0 0.0 0.0
65 2 59 9.541850352986048 358.10513855020525 3416.9856426813935
66 2 10 9.541850352986048 27.685321443873434 264.16919419175593
67 0 100 0.0 0.0 0.0
68 0 100 0.0 0.0 0.0
69 1 8 1.0 13.734791927877684 13.734791927877684
70 0 100 0.0 0.0 0.0
71 1 9 1.0 15.931997307697284 15.931997307697284
72 2 30 9.541850352986048 135.01359299654277 1288.2794999919763
73 0 100 0.0 0.0 0.0
74 9 245 604.9491004987461 45344.665438633376 27431214.569517843
75 0 100 0.0 0.0 0.0
76 0 100 0.0 0.0 0.0
77 0 100 0.0 0.0 0.0
78 1 12 1.0 22.891970023971037 22.891970023971037
79 0 100 0.0 0.0 0.0
80 3 71 32.9215577265747 868.3392862126454 28587.081937302275
81 0 9 0.0 9.0 0.0
82 1 23 1.0 51.960050539976365 51.960050539976365
83 1 20 1.0 43.57075425423803 43.57075425423803
84 12 131 1131.8354418063404 95151.01837705584 107695294.9231182
85 0 100 0.0 0.0 0.0
86 1 101 1.0 1.0 1.0
87 2 27 9.541850352986048 115.98017876588344 1106.66550969663
88 0 100 0.0 0.0 0.0
89 2 28 9.541850352986048 122.22584512913716 1166.2607234894754
90 1 104 1.0 5.735193251789799 5.735193251789799
91 0 100 0.0 0.0 0.0
92 0 100 0.0 0.0 0.0
93 1 26 1.0 60.63937356224698 60.63937356224698
94 0 6 0.0 6.0 0.0
95 3 21 32.9215577265747 125.57185196799401 4134.020973397207
96 0 6 0.0 6.0 0.0
97 0 100 0.0 0.0 0.0
98 0 5 0.0 5.0 0.0
99 13 190 1331.5823725933528 310542.0125925511 413512269.9179041
100 1 11 1.0 20.51504931294799 20.51504931294799
101 0 100 0.0 0.0 0.0
102 1 10 1.0 18.1937008646705 18.1937008646705
103 1 21 1.0 46.33316012586883 46.33316012586883
104 2 42 9.541850352986048 219.34644070399202 2092.9709126576195
105 2 38 9.541850352986048 189.8638195218893 1811.6521533242187
106 17 315 2206.0678959513543 3527165.8735808763 7781167397.401984
107 1 10 1.0 18.1937008646705 18.1937008646705
108 0 5 0.0 5.0 0.0
109 0 100 0.0 0.0 0.0
110 0 100 0.0 0.0 0.0
111 17 364 2206.0678959513543 5152101.506571393 11365885730.329756
112 0 100 0.0 0.0 0.0
113 0 100 0.0 0.0 0.0
114 4 81 75.61186198841948 1834.2709028460106 138692.63835536616
115 0 100 0.0 0.0 0.0
116 0 100 0.0 0.0 0.0
117 1 10 1.0 18.1937008646705 18.1937008646705
118 0 6 0.0 6.0 0.0
119 2 12 9.541850352986048 36.01211998010309 343.62225974392254
120 2 27 9.541850352986048 115.98017876588344 1106.66550969663
121 1 101 1.0 1.0 1.0
122 1 9 1.0 15.931997307697284 15.931997307697284
123 22 476 3370.209833397988 41186794.975256 138808141431.7546
124 18 331 2436.3877014920204 5295575.60794222 12902075283.511553
125 2 17 9.541850352986048 59.51335422080222 567.8675199791454
126 14 222 1540.4353185285338 611792.3416496987 942426530.6824712
127 1 12 1.0 22.891970023971037 22.891970023971037
128 2 112 9.541850352986048 36.01211998010309 343.62225974392254
129 0 100 0.0 0.0 0.0
130 2 18 9.541850352986048 64.62733255388774 616.6643359418604
131 3 11 32.9215577265747 44.98915580191157 1481.1130898024949
132 0 100 0.0 0.0 0.0
133 1 105 1.0 7.59708563275366 7.59708563275366
134 1 103 1.0 3.9914906122521803 3.9914906122521803
135 17 241 2206.0678959513543 1748439.7248994939 3857176745.106791
136 3 44 32.9215577265747 406.27351121486885 13375.156852238497
137 0 100 0.0 0.0 0.0
138 19 266 2668.9360872348193 3820686.7532019024 10197168753.64059
139 10 233 766.6651705632711 52893.67773024879 40551740.45877988
140 13 202 1331.5823725933528 359935.57175293716 479283862.6155211
141 1 101 1.0 1.0 1.0
142 0 100 0.0 0.0 0.0
143 1 13 1.0 25.320989780782124 25.320989780782124
144 0 100 0.0 0.0 0.0
145 0 19 0.0 19.0 0.0
146 15 258 1756.7778603087352 1193715.5843725286 2097093110.1311622
147 0 100 0.0 0.0 0.0
148 4 160 75.61186198841948 1097.9836363389938 83020.58717640696
149 0 100 0.0 0.0 0.0
150 6 111 225.58275470837765 8176.399536993932 1844454.7311513948
151 1 34 1.0 85.02419427196995 85.02419427196995
152 1 14 1.0 27.799106543625292 27.799106543625292
153 17 297 2206.0678959513543 3023118.594423324 6669204876.810878
154 1 7 1.0 11.607984241186918 11.607984241186918
155 0 100 0.0 0.0 0.0
156 4 172 75.61186198841948 1499.6637502850892 113392.36851559173
157 0 100 0.0 0.0 0.0
158 1 10 1.0 18.1937008646705 18.1937008646705
159 18 265 2436.3877014920204 2925454.078418944 7127540337.939588
160 5 181 139.6884681067044 2937.2940727723303 410306.1094044695
161 1 107 1.0 11.607984241186918 11.607984241186918
162 0 5 0.0 5.0 0.0
163 0 6 0.0 6.0 0.0
164 2 23 9.541850352986048 92.0346545141889 878.1809006631623
165 0 100 0.0 0.0 0.0
166 2 37 9.541850352986048 182.69988024795316 1743.2949168344405
167 1 22 1.0 49.12998068819353 49.12998068819353
168 1 102 1.0 2.3948263510722025 2.3948263510722025
169 0 6 0.0 6.0 0.0
170 0 7 0.0 7.0 0.0
171 2 22 9.541850352986048 86.31942417916456 823.6470280735138
172 2 38 9.541850352986048 189.8638195218893 1811.6521533242187
173 0 100 0.0 0.0 0.0
174 2 12 9.541850352986048 36.01211998010309 343.62225974392254
175 19 354 2668.9360872348193 8299641.989459035 22151214016.796608
176 2 13 9.541850352986048 40.41888428935346 385.6709453236695
177 0 100 0.0 0.0 0.0
178 15 297 1756.7778603087352 1701985.2950652083 2990010084.941588
179 16 334 1979.1134619514044 3085054.421850656 6105672737.137341
180 1 15 1.0 30.323695983612147 30.323695983612147
181 0 100 0.0 0.0 0.0
182 13 279 1331.5823725933528 783888.0642039899 1043811528.3803594
183 5 135 139.6884681067044 7431.446581170135 1038087.3887404618
184 1 8 1.0 13.734791927877684 13.734791927877684
185 14 329 1540.4353185285338 1614131.515114461 2486465194.63229
186 0 100 0.0 0.0 0.0
187 15 234 1756.7778603087352 933361.45310503 1639708736.4805064
188 2 17 9.541850352986048 59.51335422080222 567.8675199791454
189 0 100 0.0 0.0 0.0
190 13 234 1331.5823725933528 513035.32671345456 683148797.5693078
191 14 300 1540.4353185285338 1285601.433375647 1980385853.5227544
192 1 37 1.0 94.5824071263594 94.5824071263594
193 1 13 1.0 25.320989780782124 25.320989780782124
194 4 33 75.61186198841948 395.0229353848392 29868.419672578806
195 11 282 942.9223974109915 407070.9438833857 383836310.3228772
196 3 31 32.9215577265747 233.0178128969552 7671.309378607293
197 2 17 9.541850352986048 59.51335422080222 567.8675199791454
198 10 146 766.6651705632711 65084.513101468925 49898029.33796512
199 12 253 1131.8354418063404 447240.00145493436 506202084.64021397
