0 1 108 1.0 13.734791927877684 13.734791927877684
1 0 100 0.0 0.0 0.0
2 0 100 0.0 0.0 0.0
3 0 100 0.0 0.0 0.0
4 5 52 139.6884681067044 1312.7590262571498 183377.29737111018
5 1 18 1.0 38.15436697768484 38.15436697768484
6 0 100 0.0 0.0 0.0
7 0 100 0.0 0.0 0.0
8 1 10 1.0 18.1937008646705 18.1937008646705
9 0 100 0.0 0.0 0.0
10 0 100 0.0 0.0 0.0
11 0 5 0.0 5.0 0.0
12 0 100 0.0 0.0 0.0
13 0 100 0.0 0.0 0.0
14 1 28 1.0 66.57403288693754 66.57403288693754
15 0 100 0.0 0.0 0.0
16 7 141 332.66880679862265 19881.0 6613788.547963417
17 1 10 1.0 18.1937008646705 18.1937008646705
18 3 75 32.9215577265747 947.2709566120693 31185.635480811874
19 0 100 0.0 0.0 0.0
20 0 10 0.0 10.0 0.0
21 0 100 0.0 0.0 0.0
22 0 100 0.0 0.0 0.0
23 0 100 0.0 0.0 0.0
24 0 11 0.0 11.0 0.0
25 0 100 0.0 0.0 0.0
26 1 18 1.0 38.15436697768484 38.15436697768484
27 0 11 0.0 11.0 0.0
28 0 10 0.0 10.0 0.0
29 1 107 1.0 11.607984241186918 11.607984241186918
30 1 15 1.0 30.323695983612147 30.323695983612147
31 0 100 0.0 0.0 0.0
32 0 100 0.0 0.0 0.0
33 0 100 0.0 0.0 0.0
34 2 23 9.541850352986048 92.0346545141889 878.1809006631623
35 1 11 1.0 20.51504931294799 20.51504931294799
36 0 100 0.0 0.0 0.0
37 0 100 0.0 0.0 0.0
38 0 100 0.0 0.0 0.0
39 1 106 1.0 9.55892689827884 9.55892689827884
40 0 10 0.0 10.0 0.0
41 6 162 225.58275470837765 16851.950319124262 3801509.375196775
42 1 27 1.0 63.59241768810072 63.59241768810072
43 0 100 0.0 0.0 0.0
44 0 100 0.0 0.0 0.0
45 0 100 0.0 0.0 0.0
46 0 11 0.0 11.0 0.0
47 2 16 9.541850352986048 54.53075711894446 520.3243240639966
48 1 38 1.0 97.81435774219185 97.81435774219185
49 0 100 0.0 0.0 0.0
50 2 117 9.541850352986048 59.51335422080222 567.8675199791454
51 0 100 0.0 0.0 0.0
52 0 100 0.0 0.0 0.0
53 0 100 0.0 0.0 0.0
54 2 19 9.541850352986048 69.8685662777562 666.6754038000371
55 2 11 9.541850352986048 31.76494829034237 303.0963830567869
56 0 100 0.0 0.0 0.0
57 2 4 9.541850352986048 7.384494371244687 70.4617402228846
58 0 100 0.0 0.0 0.0
59 0 100 0.0 0.0 0.0
60 5 78 139.6884681067044 2742.610069160227 383110.9991750147
61 1 11 1.0 20.51504931294799 20.51504931294799
62 0 100 0.0 0.0 0.0
63 0 100 0.0 0.0 0.0
64 0 100 0.0 0.0 0.0
65 4 43 75.61186198841948 621.143248020611 46965.797544373054
66 1 11 1.0 20.51504931294799 20.51504931294799
67 0 100 0.0 0.0 0.0
68 0 11 0.0 11.0 0.0
69 0 100 0.0 0.0 0.0
70 0 100 0.0 0.0 0.0
71 1 9 1.0 15.931997307697284 15.931997307697284
72 0 100 0.0 0.0 0.0
73 2 111 9.541850352986048 31.76494829034237 303.0963830567869
74 1 100 1.0 0.0 0.0
75 1 19 1.0 40.84402933782601 40.84402933782601
76 0 100 0.0 0.0 0.0
77 0 100 0.0 0.0 0.0
78 0 100 0.0 0.0 0.0
79 1 18 1.0 38.15436697768484 38.15436697768484
80 3 40 32.9215577265747 349.23013798641597 11497.20014757944
81 6 67 225.58275470837765 3112.8302065571443 702200.8129346088
82 0 100 0.0 0.0 0.0
83 3 61 32.9215577265747 682.3928350558612 22465.435111492498
84 1 32 1.0 78.7716859795011 78.7716859795011
85 2 33 9.541850352986048 154.90879557685506 1478.1165457556579
86 0 100 0.0 0.0 0.0
87 0 100 0.0 0.0 0.0
88 1 106 1.0 9.55892689827884 9.55892689827884
89 0 11 0.0 11.0 0.0
90 0 100 0.0 0.0 0.0
91 2 40 9.541850352986048 204.4421003683832 1950.7559275652661
92 0 100 0.0 0.0 0.0
93 4 82 75.61186198841948 1873.1633591984112 141633.36939747448
94 0 100 0.0 0.0 0.0
95 0 100 0.0 0.0 0.0
96 0 100 0.0 0.0 0.0
97 0 5 0.0 5.0 0.0
98 2 13 9.541850352986048 40.41888428935346 385.6709453236695
99 0 100 0.0 0.0 0.0
100 1 5 1.0 7.59708563275366 7.59708563275366
101 8 125 459.67273235884244 23001.09948770076 10572978.24876898
102 0 100 0.0 0.0 0.0
103 0 100 0.0 0.0 0.0
104 9 169 604.9491004987461 63071.970849882 38155332.03231925
105 0 100 0.0 0.0 0.0
106 0 100 0.0 0.0 0.0
107 0 100 0.0 0.0 0.0
108 0 100 0.0 0.0 0.0
109 1 8 1.0 13.734791927877684 13.734791927877684
110 1 104 1.0 5.735193251789799 5.735193251789799
111 1 11 1.0 20.51504931294799 20.51504931294799
112 3 40 32.9215577265747 349.23013798641597 11497.20014757944
113 5 46 139.6884681067044 1050.58572833688 146754.71100614508
114 3 62 32.9215577265747 700.2360303580608 23052.86089566041
115 0 100 0.0 0.0 0.0
116 6 79 225.58275470837765 4266.090224510861 962356.3846796412
117 1 10 1.0 18.1937008646705 18.1937008646705
118 1 8 1.0 13.734791927877684 13.734791927877684
119 0 100 0.0 0.0 0.0
120 0 100 0.0 0.0 0.0
121 0 100 0.0 0.0 0.0
122 3 150 32.9215577265747 497.6760852315066 16384.27196908475
123 0 100 0.0 0.0 0.0
124 1 105 1.0 7.59708563275366 7.59708563275366
125 1 11 1.0 20.51504931294799 20.51504931294799
126 0 100 0.0 0.0 0.0
127 1 11 1.0 20.51504931294799 20.51504931294799
128 0 100 0.0 0.0 0.0
129 0 100 0.0 0.0 0.0
130 1 106 1.0 9.55892689827884 9.55892689827884
131 0 100 0.0 0.0 0.0
132 0 100 0.0 0.0 0.0
133 0 100 0.0 0.0 0.0
134 5 95 139.6884681067044 3924.3008107112732 548179.5686381559
135 0 100 0.0 0.0 0.0
136 1 22 1.0 49.12998068819353 49.12998068819353
137 4 59 75.61186198841948 1066.8769814059906 80668.55507669134
138 0 100 0.0 0.0 0.0
139 0 100 0.0 0.0 0.0
140 1 21 1.0 46.33316012586883 46.33316012586883
141 0 100 0.0 0.0 0.0
142 1 102 1.0 2.3948263510722025 2.3948263510722025
143 5 99 139.6884681067044 4229.702363015084 590840.6436368847
144 0 100 0.0 0.0 0.0
145 0 100 0.0 0.0 0.0
146 0 100 0.0 0.0 0.0
147 7 69 332.66880679862265 4761.0 1583836.1891682425
148 1 48 1.0 131.28987200165307 131.28987200165307
149 3 102 32.9215577265747 1543.3130397440127 50808.269328107985
150 0 100 0.0 0.0 0.0
151 0 100 0.0 0.0 0.0
152 5 178 139.6884681067044 2742.610069160227 383110.9991750147
153 5 77 139.6884681067044 2679.0520099722326 374232.6712512085
154 2 63 9.541850352986048 393.6390130800606 3756.0445559070554
155 6 120 225.58275470837765 9491.407950004868 2141097.9514230937
156 7 120 332.66880679862265 14400.0 4790430.817900166
157 1 15 1.0 30.323695983612147 30.323695983612147
158 1 104 1.0 5.735193251789799 5.735193251789799
159 0 100 0.0 0.0 0.0
160 1 7 1.0 11.607984241186918 11.607984241186918
161 4 47 75.61186198841948 723.181183304868 54681.07582466957
162 0 100 0.0 0.0 0.0
163 2 42 9.541850352986048 219.34644070399202 2092.9709126576195
164 2 39 9.541850352986048 197.11162840858907 1880.8096611081503
165 3 32 32.9215577265747 245.06238675558936 8067.83551218631
166 0 100 0.0 0.0 0.0
167 1 11 1.0 20.51504931294799 20.51504931294799
168 1 13 1.0 25.320989780782124 25.320989780782124
169 0 100 0.0 0.0 0.0
170 0 100 0.0 0.0 0.0
171 1 106 1.0 9.55892689827884 9.55892689827884
172 1 20 1.0 43.57075425423803 43.57075425423803
173 0 100 0.0 0.0 0.0
174 0 100 0.0 0.0 0.0
175 2 10 9.541850352986048 27.685321443873434 264.16919419175593
176 2 19 9.541850352986048 69.8685662777562 666.6754038000371
177 1 20 1.0 43.57075425423803 43.57075425423803
178 0 100 0.0 0.0 0.0
179 0 100 0.0 0.0 0.0
180 4 54 75.61186198841948 916.9626779842689 69333.25545627807
181 0 100 0.0 0.0 0.0
182 3 42 32.9215577265747 377.3528472077043 12423.04354263576
183 1 18 1.0 38.15436697768484 38.15436697768484
184 0 100 0.0 0.0 0.0
185 1 99 1.0 326.84571042116437 326.84571042116437
186 4 18 75.61186198841948 140.11537396227234 10594.38431849112
187 3 97 32.9215577265747 1424.9628464935386 46911.99660906123
188 2 22 9.541850352986048 86.31942417916456 823.6470280735138
189 1 28 1.0 66.57403288693754 66.57403288693754
190 3 86 32.9215577265747 1177.1312153238637 38752.99325703761
191 5 60 139.6884681067044 1702.6102917613564 237835.0234388529
192 2 33 9.541850352986048 154.90879557685506 1478.1165457556579
193 1 19 1.0 40.84402933782601 40.84402933782601
194 4 80 75.61186198841948 1795.7178600152838 135777.5710016156
195 5 75 139.6884681067044 2553.9502583266267 356757.3992063684
196 0 100 0.0 0.0 0.0
197 2 67 9.541850352986048 430.18533333719057 4104.764074752892
198 3 57 32.9215577265747 612.7419199112477 20172.41848785035
199 1 33 1.0 81.88562674252243 81.88562674252243
