0 0 100 0.0 0.0 0.0
1 0 100 0.0 0.0 0.0
2 0 100 0.0 0.0 0.0
3 0 100 0.0 0.0 0.0
4 0 100 0.0 0.0 0.0
5 5 94 139.6884681067044 3849.5614363989175 537739.3399332094
6 0 10 0.0 10.0 0.0
7 1 104 1.0 5.735193251789799 5.735193251789799
8 0 100 0.0 0.0 0.0
9 0 100 0.0 0.0 0.0
10 0 100 0.0 0.0 0.0
11 0 100 0.0 0.0 0.0
12 2 43 9.541850352986048 226.91812071099523 2165.21875020514
13 0 10 0.0 10.0 0.0
14 0 100 0.0 0.0 0.0
15 0 5 0.0 5.0 0.0
16 1 9 1.0 15.931997307697284 15.931997307697284
17 0 100 0.0 0.0 0.0
18 0 100 0.0 0.0 0.0
19 0 100 0.0 0.0 0.0
20 0 5 0.0 5.0 0.0
21 1 79 1.0 245.957639940483 245.957639940483
22 1 38 1.0 97.81435774219185 97.81435774219185
23 0 5 0.0 5.0 0.0
24 4 57 75.61186198841948 1005.7817905983286 76049.03394118624
25 1 10 1.0 18.1937008646705 18.1937008646705
26 1 14 1.0 27.799106543625292 27.799106543625292
27 0 6 0.0 6.0 0.0
28 0 100 0.0 0.0 0.0
29 0 100 0.0 0.0 0.0
30 1 107 1.0 11.607984241186918 11.607984241186918
31 1 10 1.0 18.1937008646705 18.1937008646705
32 0 100 0.0 0.0 0.0
33 1 32 1.0 78.7716859795011 78.7716859795011
34 1 106 1.0 9.55892689827884 9.55892689827884
35 0 100 0.0 0.0 0.0
36 0 100 0.0 0.0 0.0
37 0 8 0.0 8.0 0.0
38 0 6 0.0 6.0 0.0
39 0 100 0.0 0.0 0.0
40 0 9 0.0 9.0 0.0
41 1 25 1.0 57.71571011139208 57.71571011139208
42 0 100 0.0 0.0 0.0
43 0 100 0.0 0.0 0.0
44 0 100 0.0 0.0 0.0
45 0 100 0.0 0.0 0.0
46 4 38 75.61186198841948 502.796158813779 38017.3537685349
47 3 21 32.9215577265747 125.57185196799401 4134.020973397207
48 0 100 0.0 0.0 0.0
49 0 100 0.0 0.0 0.0
50 3 38 32.9215577265747 321.92161897300775 10598.16116245226
51 1 25 1.0 57.71571011139208 57.71571011139208
52 1 104 1.0 5.735193251789799 5.735193251789799
53 2 28 9.541850352986048 122.22584512913716 1166.2607234894754
54 0 5 0.0 5.0 0.0
55 2 106 9.541850352986048 13.252209915340185 126.45060385853394
56 1 104 1.0 5.735193251789799 5.735193251789799
57 1 11 1.0 20.51504931294799 20.51504931294799
58 0 100 0.0 0.0 0.0
59 0 100 0.0 0.0 0.0
60 0 9 0.0 9.0 0.0
61 0 100 0.0 0.0 0.0
62 3 114 32.9215577265747 65.97278979840442 2171.9270077313495
63 3 115 32.9215577265747 73.60859052492496 2423.3094621381165
64 2 27 9.541850352986048 115.98017876588344 1106.66550969663
65 4 40 75.61186198841948 548.8883970182196 41502.47372238642
66 1 104 1.0 5.735193251789799 5.735193251789799
67 1 16 1.0 32.892441635375256 32.892441635375256
68 0 100 0.0 0.0 0.0
69 0 100 0.0 0.0 0.0
70 2 14 9.541850352986048 44.97826169706515 429.17584225083993
71 0 100 0.0 0.0 0.0
72 0 100 0.0 0.0 0.0
73 0 100 0.0 0.0 0.0
74 1 17 1.0 35.503281577765854 35.503281577765854
75 0 100 0.0 0.0 0.0
76 3 105 32.9215577265747 1615.987583636619 53200.828520120915
77 0 100 0.0 0.0 0.0
78 0 100 0.0 0.0 0.0
79 2 9 9.541850352986048 23.78240930402918 226.9281906125095
80 1 9 1.0 15.931997307697284 15.931997307697284
81 1 5 1.0 7.59708563275366 7.59708563275366
82 1 15 1.0 30.323695983612147 30.323695983612147
83 3 39 32.9215577265747 335.47304520277595 11044.29522335299
84 5 147 139.6884681067044 8675.149348013505 1211818.323020882
85 0 8 0.0 8.0 0.0
86 0 5 0.0 5.0 0.0
87 3 38 32.9215577265747 321.92161897300775 10598.16116245226
88 12 202 1131.8354418063404 263422.36369249143 298150767.3915615
89 1 103 1.0 3.9914906122521803 3.9914906122521803
90 0 100 0.0 0.0 0.0
91 0 100 0.0 0.0 0.0
92 1 10 1.0 18.1937008646705 18.1937008646705
93 0 100 0.0 0.0 0.0
94 0 100 0.0 0.0 0.0
95 0 5 0.0 5.0 0.0
96 8 123 459.67273235884244 22242.203710402715 10224134.553242799
97 0 7 0.0 7.0 0.0
98 1 31 1.0 75.68293941204132 75.68293941204132
99 0 100 0.0 0.0 0.0
100 0 100 0.0 0.0 0.0
101 0 100 0.0 0.0 0.0
102 1 15 1.0 30.323695983612147 30.323695983612147
103 0 100 0.0 0.0 0.0
104 0 100 0.0 0.0 0.0
105 3 24 32.9215577265747 155.22039240905832 5110.09710903639
106 0 100 0.0 0.0 0.0
107 0 100 0.0 0.0 0.0
108 0 100 0.0 0.0 0.0
109 2 45 9.541850352986048 242.29532664846576 2311.945748107533
110 0 100 0.0 0.0 0.0
111 3 31 32.9215577265747 233.0178128969552 7671.309378607293
112 1 8 1.0 13.734791927877684 13.734791927877684
113 0 100 0.0 0.0 0.0
114 0 100 0.0 0.0 0.0
115 0 11 0.0 11.0 0.0
116 1 105 1.0 7.59708563275366 7.59708563275366
117 0 100 0.0 0.0 0.0
118 10 193 766.6651705632711 121069.27760859807 92819598.36776786
119 0 100 0.0 0.0 0.0
120 0 100 0.0 0.0 0.0
121 0 100 0.0 0.0 0.0
122 0 100 0.0 0.0 0.0
123 2 16 9.541850352986048 54.53075711894446 520.3243240639966
124 0 100 0.0 0.0 0.0
125 0 100 0.0 0.0 0.0
126 0 100 0.0 0.0 0.0
127 2 22 9.541850352986048 86.31942417916456 823.6470280735138
128 0 100 0.0 0.0 0.0
129 0 100 0.0 0.0 0.0
130 5 53 139.6884681067044 1358.9929081032851 189835.63750082318
131 0 100 0.0 0.0 0.0
132 0 100 0.0 0.0 0.0
133 1 104 1.0 5.735193251789799 5.735193251789799
134 2 138 9.541850352986048 189.8638195218893 1811.6521533242187
135 4 54 75.61186198841948 916.9626779842689 69333.25545627807
136 1 107 1.0 11.607984241186918 11.607984241186918
137 0 100 0.0 0.0 0.0
138 11 179 942.9223974109915 143795.70085563886 135588186.98819277
139 0 100 0.0 0.0 0.0
140 0 100 0.0 0.0 0.0
141 3 84 32.9215577265747 1133.9736498594843 37332.17897426362
142 0 100 0.0 0.0 0.0
143 6 57 225.58275470837765 2284.902982010436 515434.70892330084
144 1 100 1.0 0.0 0.0
145 3 47 32.9215577265747 451.11773253603667 14851.498473166615
146 0 100 0.0 0.0 0.0
147 0 100 0.0 0.0 0.0
148 2 119 9.541850352986048 69.8685662777562 666.6754038000371
149 0 100 0.0 0.0 0.0
150 2 132 9.541850352986048 148.1842032776824 1413.95149235211
151 0 100 0.0 0.0 0.0
152 3 21 32.9215577265747 125.57185196799401 4134.020973397207
153 0 100 0.0 0.0 0.0
154 4 51 75.61186198841948 831.5797944458234 62877.296649995835
155 0 100 0.0 0.0 0.0
156 2 32 9.541850352986048 148.1842032776824 1413.95149235211
157 0 100 0.0 0.0 0.0
158 0 100 0.0 0.0 0.0
159 3 64 32.9215577265747 736.4308795040106 24244.45171122346
160 0 100 0.0 0.0 0.0
161 3 41 32.9215577265747 363.1907597716439 11956.805563580698
162 0 100 0.0 0.0 0.0
163 1 7 1.0 11.607984241186918 11.607984241186918
164 9 133 604.9491004987461 37644.33692394514 22772907.76101235
165 4 90 75.61186198841948 2196.381035229248 166072.4597097358
166 0 100 0.0 0.0 0.0
167 2 30 9.541850352986048 135.01359299654277 1288.2794999919763
168 0 100 0.0 0.0 0.0
169 3 72 32.9215577265747 887.8335628861327 29228.863892146303
170 1 105 1.0 7.59708563275366 7.59708563275366
171 0 100 0.0 0.0 0.0
172 2 28 9.541850352986048 122.22584512913716 1166.2607234894754
173 4 22 75.61186198841948 197.47425973648444 14931.396473460363
174 2 18 9.541850352986048 64.62733255388774 616.6643359418604
175 0 100 0.0 0.0 0.0
176 0 100 0.0 0.0 0.0
177 1 28 1.0 66.57403288693754 66.57403288693754
178 2 113 9.541850352986048 40.41888428935346 385.6709453236695
179 1 14 1.0 27.799106543625292 27.799106543625292
180 11 149 942.9223974109915 94483.18968962383 89090315.73717758
181 10 111 766.6651705632711 35379.980043554126 27124598.43461655
182 0 100 0.0 0.0 0.0
183 1 18 1.0 38.15436697768484 38.15436697768484
184 0 100 0.0 0.0 0.0
185 1 26 1.0 60.63937356224698 60.63937356224698
186 2 15 9.541850352986048 49.68406405407534 474.0779041321602
187 0 100 0.0 0.0 0.0
188 1 16 1.0 32.892441635375256 32.892441635375256
189 1 17 1.0 35.503281577765854 35.503281577765854
190 3 133 32.9215577265747 257.33012181535685 8471.708460130769
191 13 227 1331.5823725933528 476823.32726528787 634929537.4277687
192 0 6 0.0 6.0 0.0
193 4 96 75.61186198841948 2452.6531100077354 185449.6684593727
194 7 69 332.66880679862265 4761.0 1583836.1891682425
195 1 18 1.0 38.15436697768484 38.15436697768484
196 2 35 9.541850352986048 168.62869283493262 1609.0297522505775
197 3 119 32.9215577265747 107.12598084817145 3526.754162509012
198 2 20 9.541850352986048 75.23327232919837 717.8646261306569
199 3 118 32.9215577265747 98.31525163284788 3236.6912320335186
