0 2 8 9.541850352986048 20.066939702021244 191.47573567908114
1 4 135 75.61186198841948 4393.589751482692 332207.5019228435
2 0 100 0.0 0.0 0.0
3 0 100 0.0 0.0 0.0
4 1 18 1.0 38.15436697768484 38.15436697768484
5 0 100 0.0 0.0 0.0
6 1 18 1.0 38.15436697768484 38.15436697768484
7 0 100 0.0 0.0 0.0
8 7 77 332.66880679862265 5929.0 1972393.3555090337
9 1 13 1.0 25.320989780782124 25.320989780782124
10 0 100 0.0 0.0 0.0
11 4 31 75.61186198841948 354.97079584466536 26840.002825326264
12 1 104 1.0 5.735193251789799 5.735193251789799
13 0 11 0.0 11.0 0.0
14 0 100 0.0 0.0 0.0
15 0 100 0.0 0.0 0.0
16 0 100 0.0 0.0 0.0
17 0 10 0.0 10.0 0.0
18 0 10 0.0 10.0 0.0
19 1 105 1.0 7.59708563275366 7.59708563275366
20 1 10 1.0 18.1937008646705 18.1937008646705
21 2 18 9.541850352986048 64.62733255388774 616.6643359418604
22 3 61 32.9215577265747 682.3928350558612 22465.435111492498
23 0 100 0.0 0.0 0.0
24 1 11 1.0 20.51504931294799 20.51504931294799
25 0 100 0.0 0.0 0.0
26 0 100 0.0 0.0 0.0
27 0 6 0.0 6.0 0.0
28 1 105 1.0 7.59708563275366 7.59708563275366
29 0 100 0.0 0.0 0.0
30 0 100 0.0 0.0 0.0
31 0 100 0.0 0.0 0.0
32 2 20 9.541850352986048 75.23327232919837 717.8646261306569
33 1 5 1.0 7.59708563275366 7.59708563275366
34 0 100 0.0 0.0 0.0
35 0 100 0.0 0.0 0.0
36 0 100 0.0 0.0 0.0
37 0 100 0.0 0.0 0.0
38 3 84 32.9215577265747 1133.9736498594843 37332.17897426362
39 0 100 0.0 0.0 0.0
40 0 10 0.0 10.0 0.0
41 2 126 9.541850352986048 109.8359986590007 1048.0386625749609
42 1 104 1.0 5.735193251789799 5.735193251789799
43 2 11 9.541850352986048 31.76494829034237 303.0963830567869
44 0 100 0.0 0.0 0.0
45 8 111 459.67273235884244 17965.662675976404 8258325.250903347
46 0 100 0.0 0.0 0.0
47 1 27 1.0 63.59241768810072 63.59241768810072
48 0 10 0.0 10.0 0.0
49 0 100 0.0 0.0 0.0
50 0 100 0.0 0.0 0.0
51 3 17 32.9215577265747 89.78750677036001 2955.9445872656233
52 0 100 0.0 0.0 0.0
53 0 100 0.0 0.0 0.0
54 0 100 0.0 0.0 0.0
55 0 100 0.0 0.0 0.0
56 6 203 225.58275470837765 7086.292798564201 1598545.450170251
57 0 10 0.0 10.0 0.0
58 0 100 0.0 0.0 0.0
59 4 160 75.61186198841948 1097.9836363389938 83020.58717640696
60 0 100 0.0 0.0 0.0
61 2 66 9.541850352986048 420.9557626935435 4016.6968928488986
62 1 11 1.0 20.51504931294799 20.51504931294799
63 0 100 0.0 0.0 0.0
64 5 57 139.6884681067044 1551.0877169304622 216669.0670771418
65 5 116 139.6884681067044 5641.169189689651 788006.2824384862
66 0 100 0.0 0.0 0.0
67 1 21 1.0 46.33316012586883 46.33316012586883
68 0 100 0.0 0.0 0.0
69 0 100 0.0 0.0 0.0
70 0 100 0.0 0.0 0.0
71 0 100 0.0 0.0 0.0
72 0 100 0.0 0.0 0.0
73 0 100 0.0 0.0 0.0
74 0 100 0.0 0.0 0.0
75 0 100 0.0 0.0 0.0
76 0 10 0.0 10.0 0.0
77 0 100 0.0 0.0 0.0
78 1 47 1.0 127.85310766976465 127.85310766976465
79 0 100 0.0 0.0 0.0
80 2 11 9.541850352986048 31.76494829034237 303.0963830567869
81 0 100 0.0 0.0 0.0
82 0 100 0.0 0.0 0.0
83 1 29 1.0 69.58346013935528 69.58346013935528
84 0 100 0.0 0.0 0.0
85 0 100 0.0 0.0 0.0
86 9 112 604.9491004987461 25995.992049909724 15726252.007165443
87 4 65 75.61186198841948 1259.0362466163215 95198.07491757096
88 0 100 0.0 0.0 0.0
89 1 106 1.0 9.55892689827884 9.55892689827884
90 0 100 0.0 0.0 0.0
91 0 100 0.0 0.0 0.0
92 0 100 0.0 0.0 0.0
93 0 100 0.0 0.0 0.0
94 0 100 0.0 0.0 0.0
95 0 100 0.0 0.0 0.0
96 2 67 9.541850352986048 430.18533333719057 4104.764074752892
97 0 100 0.0 0.0 0.0
98 0 100 0.0 0.0 0.0
99 0 10 0.0 10.0 0.0
100 0 100 0.0 0.0 0.0
101 2 15 9.541850352986048 49.68406405407534 474.0779041321602
102 0 100 0.0 0.0 0.0
103 0 100 0.0 0.0 0.0
104 0 100 0.0 0.0 0.0
105 0 100 0.0 0.0 0.0
106 0 100 0.0 0.0 0.0
107 0 100 0.0 0.0 0.0
108 0 100 0.0 0.0 0.0
109 1 6 1.0 9.55892689827884 9.55892689827884
110 0 100 0.0 0.0 0.0
111 5 138 139.6884681067044 7734.252637092071 1080385.90282563
112 0 100 0.0 0.0 0.0
113 1 15 1.0 30.323695983612147 30.323695983612147
114 1 39 1.0 101.06849300292524 101.06849300292524
115 1 18 1.0 38.15436697768484 38.15436697768484
116 1 20 1.0 43.57075425423803 43.57075425423803
117 3 28 32.9215577265747 198.25318874016915 6526.8037975869875
118 0 100 0.0 0.0 0.0
119 0 100 0.0 0.0 0.0
120 2 106 9.541850352986048 13.252209915340185 126.45060385853394
121 0 100 0.0 0.0 0.0
122 0 100 0.0 0.0 0.0
123 0 100 0.0 0.0 0.0
124 0 100 0.0 0.0 0.0
125 0 100 0.0 0.0 0.0
126 1 11 1.0 20.51504931294799 20.51504931294799
127 2 41 9.541850352986048 211.85407612585806 2021.4798910630518
128 0 100 0.0 0.0 0.0
129 1 18 1.0 38.15436697768484 38.15436697768484
130 2 89 9.541850352986048 647.8983880633936 6182.149462841783
131 1 13 1.0 25.320989780782124 25.320989780782124
132 4 46 75.61186198841948 697.0692055589992 52706.70056710426
133 2 14 9.541850352986048 44.97826169706515 429.17584225083993
134 1 22 1.0 49.12998068819353 49.12998068819353
135 3 123 32.9215577265747 145.08021796711313 4776.266770788355
136 0 100 0.0 0.0 0.0
137 0 100 0.0 0.0 0.0
138 0 100 0.0 0.0 0.0
139 9 193 604.9491004987461 83962.22765060987 50792874.093107395
140 1 47 1.0 127.85310766976465 127.85310766976465
141 6 74 225.58275470837765 3764.5376458742294 849214.7723596997
142 3 85 32.9215577265747 1155.4778704989785 38040.13141541172
143 5 99 139.6884681067044 4229.702363015084 590840.6436368847
144 1 76 1.0 234.2484014342043 234.2484014342043
145 4 92 75.61186198841948 2280.4993308091553 172432.80066582482
146 1 106 1.0 9.55892689827884 9.55892689827884
147 6 51 225.58275470837765 1846.9886924473915 416648.7971575071
148 3 99 32.9215577265747 1471.8833997479187 48456.69431158813
149 7 220 332.66880679862265 14400.0 4790430.817900166
150 0 100 0.0 0.0 0.0
151 6 122 225.58275470837765 9796.315838838276 2209879.91291845
152 3 42 32.9215577265747 377.3528472077043 12423.04354263576
153 0 100 0.0 0.0 0.0
154 0 100 0.0 0.0 0.0
155 1 11 1.0 20.51504931294799 20.51504931294799
156 2 105 9.541850352986048 10.188005914414083 97.21242783067595
157 0 100 0.0 0.0 0.0
158 0 100 0.0 0.0 0.0
159 5 171 139.6884681067044 2311.8500842163953 322938.7967565438
160 1 14 1.0 27.799106543625292 27.799106543625292
161 8 84 459.67273235884244 10061.48800945777 4624991.684903184
162 1 17 1.0 35.503281577765854 35.503281577765854
163 3 110 32.9215577265747 1739.8383357693572 57278.188205938546
164 1 7 1.0 11.607984241186918 11.607984241186918
165 2 38 9.541850352986048 189.8638195218893 1811.6521533242187
166 0 100 0.0 0.0 0.0
167 6 93 225.58275470837765 5828.709556476301 1314856.3581449701
168 2 50 9.541850352986048 282.0582186126376 2691.3573128316116
169 0 100 0.0 0.0 0.0
170 0 11 0.0 11.0 0.0
171 1 11 1.0 20.51504931294799 20.51504931294799
172 4 95 75.61186198841948 2409.1275506493207 182158.6198721955
173 7 161 332.66880679862265 25921.0 8623108.141027099
174 0 100 0.0 0.0 0.0
175 3 54 32.9215577265747 562.3460860297637 18513.309133542207
176 2 51 9.541850352986048 290.23003402420613 2769.3315526010238
177 0 100 0.0 0.0 0.0
178 2 90 9.541850352986048 658.4236462918141 6282.579901783906
179 2 83 9.541850352986048 585.8542086076759 5590.1331872015135
180 5 182 139.6884681067044 12788.578109232241 1786416.8853415858
181 3 30 32.9215577265747 221.1993434691573 7282.2269551002855
182 4 91 75.61186198841948 2238.2761103848434 169240.22435039515
183 0 100 0.0 0.0 0.0
184 0 100 0.0 0.0 0.0
185 6 84 225.58275470837765 4797.4874870676995 1082230.443011704
186 6 242 225.58275470837765 13097.231027658581 2954509.454271259
187 2 18 9.541850352986048 64.62733255388774 616.6643359418604
188 7 111 332.66880679862265 12321.0 4098812.36856583
189 1 24 1.0 54.8222930413608 54.8222930413608
190 9 116 604.9491004987461 28037.540124113097 16961284.67827972
191 2 68 9.541850352986048 439.47602925740523 4193.414504898678
192 6 162 225.58275470837765 16851.950319124262 3801509.375196775
193 7 111 332.66880679862265 12321.0 4098812.36856583
194 5 78 139.6884681067044 2742.610069160227 383110.9991750147
195 7 259 332.66880679862265 67081.0 22315756.228858408
196 3 18 32.9215577265747 98.31525163284788 3236.6912320335186
197 6 59 225.58275470837765 2440.720411610211 550584.4339239968
198 1 30 1.0 72.61998620345668 72.61998620345668
199 5 97 139.6884681067044 4075.7152237055247 569330.4160385987
