0 2 131 9.541850352986048 141.5519192260369 1350.6672304328126
1 0 100 0.0 0.0 0.0
2 0 10 0.0 10.0 0.0
3 1 12 1.0 22.891970023971037 22.891970023971037
4 0 100 0.0 0.0 0.0
5 0 100 0.0 0.0 0.0
6 0 100 0.0 0.0 0.0
7 7 82 332.66880679862265 6724.0 2236865.056913939
8 5 85 139.6884681067044 3206.1723328082135 447865.30165607814
9 0 100 0.0 0.0 0.0
10 0 100 0.0 0.0 0.0
11 0 100 0.0 0.0 0.0
12 0 100 0.0 0.0 0.0
13 6 165 225.58275470837765 2937.504168606418 662650.2823215784
14 0 100 0.0 0.0 0.0
15 0 9 0.0 9.0 0.0
16 0 100 0.0 0.0 0.0
17 3 59 32.9215577265747 647.2206215128941 21307.511052966296
18 2 124 9.541850352986048 97.86086952638261 933.7737724338355
19 3 141 32.9215577265747 363.1907597716439 11956.805563580698
20 1 15 1.0 30.323695983612147 30.323695983612147
21 1 16 1.0 32.892441635375256 32.892441635375256
22 1 20 1.0 43.57075425423803 43.57075425423803
23 1 20 1.0 43.57075425423803 43.57075425423803
24 0 100 0.0 0.0 0.0
25 4 48 75.61186198841948 749.6906189831174 56685.50361656424
26 0 100 0.0 0.0 0.0
27 1 76 1.0 234.2484014342043 234.2484014342043
28 0 100 0.0 0.0 0.0
29 0 100 0.0 0.0 0.0
30 0 100 0.0 0.0 0.0
31 3 76 32.9215577265747 967.3986454236635 31848.270349925308
32 0 100 0.0 0.0 0.0
33 1 104 1.0 5.735193251789799 5.735193251789799
34 0 10 0.0 10.0 0.0
35 0 100 0.0 0.0 0.0
36 2 30 9.541850352986048 135.01359299654277 1288.2794999919763
37 0 100 0.0 0.0 0.0
38 4 23 75.61186198841948 213.06977413856453 16110.60235606885
39 0 100 0.0 0.0 0.0
40 0 10 0.0 10.0 0.0
41 5 47 139.6884681067044 1092.4547337912052 152603.328239211
42 0 100 0.0 0.0 0.0
43 6 118 225.58275470837765 9191.104391557652 2073354.6474598425
44 4 53 75.61186198841948 888.1171619831025 67152.19228141312
45 0 100 0.0 0.0 0.0
46 2 24 9.541850352986048 97.86086952638261 933.7737724338355
47 0 100 0.0 0.0 0.0
48 0 100 0.0 0.0 0.0
49 0 10 0.0 10.0 0.0
50 0 100 0.0 0.0 0.0
51 2 122 9.541850352986048 86.31942417916456 823.6470280735138
52 1 11 1.0 20.51504931294799 20.51504931294799
53 0 100 0.0 0.0 0.0
54 1 17 1.0 35.503281577765854 35.503281577765854
55 0 100 0.0 0.0 0.0
56 0 100 0.0 0.0 0.0
57 0 10 0.0 10.0 0.0
58 0 100 0.0 0.0 0.0
59 2 21 9.541850352986048 80.71796600694597 770.1987524356932
60 0 100 0.0 0.0 0.0
61 8 186 459.67273235884244 52574.74337086476 24167175.938350342
62 1 108 1.0 13.734791927877684 13.734791927877684
63 4 96 75.61186198841948 2452.6531100077354 185449.6684593727
64 0 100 0.0 0.0 0.0
65 2 115 9.541850352986048 49.68406405407534 474.0779041321602
66 0 100 0.0 0.0 0.0
67 1 10 1.0 18.1937008646705 18.1937008646705
68 0 100 0.0 0.0 0.0
69 0 100 0.0 0.0 0.0
70 1 105 1.0 7.59708563275366 7.59708563275366
71 0 100 0.0 0.0 0.0
72 0 100 0.0 0.0 0.0
73 0 100 0.0 0.0 0.0
74 0 100 0.0 0.0 0.0
75 0 100 0.0 0.0 0.0
76 0 100 0.0 0.0 0.0
77 0 100 0.0 0.0 0.0
78 5 86 139.6884681067044 3275.042744200361 457485.7039213258
79 0 100 0.0 0.0 0.0
80 0 100 0.0 0.0 0.0
81 1 102 1.0 2.3948263510722025 2.3948263510722025
82 6 68 225.58275470837765 3202.3105181925803 722386.0281254946
83 0 100 0.0 0.0 0.0
84 0 100 0.0 0.0 0.0
85 1 9 1.0 15.931997307697284 15.931997307697284
86 1 102 1.0 2.3948263510722025 2.3948263510722025
87 1 104 1.0 5.735193251789799 5.735193251789799
88 0 100 0.0 0.0 0.0
89 0 100 0.0 0.0 0.0
90 0 100 0.0 0.0 0.0
91 1 15 1.0 30.323695983612147 30.323695983612147
92 0 100 0.0 0.0 0.0
93 0 100 0.0 0.0 0.0
94 0 5 0.0 5.0 0.0
95 0 100 0.0 0.0 0.0
96 6 203 225.58275470837765 7086.292798564201 1598545.450170251
97 9 203 604.9491004987461 93615.87722311099 56632840.71852205
98 0 100 0.0 0.0 0.0
99 1 6 1.0 9.55892689827884 9.55892689827884
100 2 24 9.541850352986048 97.86086952638261 933.7737724338355
101 1 47 1.0 127.85310766976465 127.85310766976465
102 2 11 9.541850352986048 31.76494829034237 303.0963830567869
103 2 31 9.541850352986048 141.5519192260369 1350.6672304328126
104 0 100 0.0 0.0 0.0
105 2 128 9.541850352986048 122.22584512913716 1166.2607234894754
106 1 18 1.0 38.15436697768484 38.15436697768484
107 1 100 1.0 0.0 0.0
108 2 83 9.541850352986048 585.8542086076759 5590.1331872015135
109 0 100 0.0 0.0 0.0
110 2 8 9.541850352986048 20.066939702021244 191.47573567908114
111 0 10 0.0 10.0 0.0
112 0 100 0.0 0.0 0.0
113 2 30 9.541850352986048 135.01359299654277 1288.2794999919763
114 3 38 32.9215577265747 321.92161897300775 10598.16116245226
115 0 10 0.0 10.0 0.0
116 2 164 9.541850352986048 402.6820690045564 3842.3320422722786
117 1 12 1.0 22.891970023971037 22.891970023971037
118 1 101 1.0 1.0 1.0
119 1 19 1.0 40.84402933782601 40.84402933782601
120 5 71 139.6884681067044 2311.8500842163953 322938.7967565438
121 2 13 9.541850352986048 40.41888428935346 385.6709453236695
122 0 100 0.0 0.0 0.0
123 0 100 0.0 0.0 0.0
124 3 20 32.9215577265747 116.21344721391306 3825.92771105708
125 1 12 1.0 22.891970023971037 22.891970023971037
126 0 100 0.0 0.0 0.0
127 0 11 0.0 11.0 0.0
128 0 100 0.0 0.0 0.0
129 0 100 0.0 0.0 0.0
130 0 100 0.0 0.0 0.0
131 1 6 1.0 9.55892689827884 9.55892689827884
132 3 66 32.9215577265747 773.2963448216119 25458.12025579391
133 0 100 0.0 0.0 0.0
134 0 100 0.0 0.0 0.0
135 1 107 1.0 11.607984241186918 11.607984241186918
136 1 104 1.0 5.735193251789799 5.735193251789799
137 6 169 225.58275470837765 3293.0002682054314 742844.0717572076
138 4 35 75.61186198841948 436.83679879622173 33030.043742042886
139 0 100 0.0 0.0 0.0
140 0 100 0.0 0.0 0.0
141 0 100 0.0 0.0 0.0
142 0 100 0.0 0.0 0.0
143 6 79 225.58275470837765 4266.090224510861 962356.3846796412
144 0 100 0.0 0.0 0.0
145 3 23 32.9215577265747 145.08021796711313 4776.266770788355
146 0 100 0.0 0.0 0.0
147 2 35 9.541850352986048 168.62869283493262 1609.0297522505775
148 2 19 9.541850352986048 69.8685662777562 666.6754038000371
149 4 105 75.61186198841948 2858.808634191098 216159.8438997593
150 4 48 75.61186198841948 749.6906189831174 56685.50361656424
151 3 130 32.9215577265747 221.1993434691573 7282.2269551002855
152 1 10 1.0 18.1937008646705 18.1937008646705
153 6 121 225.58275470837765 9643.286769790522 2175359.1939721988
154 3 29 32.9215577265747 209.61005902119368 6900.689658136957
155 2 40 9.541850352986048 204.4421003683832 1950.7559275652661
156 2 33 9.541850352986048 154.90879557685506 1478.1165457556579
157 0 100 0.0 0.0 0.0
158 0 100 0.0 0.0 0.0
159 3 46 32.9215577265747 435.9769523615719 14353.040404627594
160 0 100 0.0 0.0 0.0
161 0 100 0.0 0.0 0.0
162 1 35 1.0 88.18685030395203 88.18685030395203
163 0 100 0.0 0.0 0.0
164 2 15 9.541850352986048 49.68406405407534 474.0779041321602
165 3 135 32.9215577265747 282.5239294230334 9301.12785163911
166 3 137 32.9215577265747 308.57807572808247 10158.870933237406
167 0 100 0.0 0.0 0.0
168 2 36 9.541850352986048 175.6210676402407 1675.7499462548174
169 1 103 1.0 3.9914906122521803 3.9914906122521803
170 1 69 1.0 207.3980539424645 207.3980539424645
171 0 100 0.0 0.0 0.0
172 0 100 0.0 0.0 0.0
173 3 100 32.9215577265747 1495.5540179272011 49235.96793440108
174 5 154 139.6884681067044 1405.9451433371921 196394.3233148333
175 1 15 1.0 30.323695983612147 30.323695983612147
176 4 91 75.61186198841948 2238.2761103848434 169240.22435039515
177 6 54 225.58275470837765 2060.392896912961 464789.10546720016
178 0 100 0.0 0.0 0.0
179 3 151 32.9215577265747 513.5688732735056 16907.48730804564
180 0 100 0.0 0.0 0.0
181 4 32 75.61186198841948 374.7746947170294 28337.41249369607
182 4 33 75.61186198841948 395.0229353848392 29868.419672578806
183 0 100 0.0 0.0 0.0
184 3 99 32.9215577265747 1471.8833997479187 48456.69431158813
185 7 117 332.66880679862265 13689.0 4553903.296266345
186 1 14 1.0 27.799106543625292 27.799106543625292
187 4 107 75.61186198841948 2952.551261146638 223247.89847155346
188 3 55 32.9215577265747 578.9666715492328 19060.48469917088
189 2 15 9.541850352986048 49.68406405407534 474.0779041321602
190 4 49 75.61186198841948 776.5950928818146 58719.80098386357
191 2 10 9.541850352986048 27.685321443873434 264.16919419175593
192 2 45 9.541850352986048 242.29532664846576 2311.945748107533
193 4 68 75.61186198841948 1360.0227175454593 102833.85002016247
194 0 100 0.0 0.0 0.0
195 5 53 139.6884681067044 1358.9929081032851 189835.63750082318
196 1 17 1.0 35.503281577765854 35.503281577765854
197 2 35 9.541850352986048 168.62869283493262 1609.0297522505775
198 4 25 75.61186198841948 245.72185754407212 18579.487180160453
199 2 9 9.541850352986048 23.78240930402918 226.9281906125095
