0 0 5 0.0 5.0 0.0
1 4 49 75.61186198841948 776.5950928818146 58719.80098386357
2 2 21 9.541850352986048 80.71796600694597 770.1987524356932
3 0 100 0.0 0.0 0.0
4 2 35 9.541850352986048 168.62869283493262 1609.0297522505775
5 2 36 9.541850352986048 175.6210676402407 1675.7499462548174
6 1 103 1.0 3.9914906122521803 3.9914906122521803
7 0 100 0.0 0.0 0.0
8 0 5 0.0 5.0 0.0
9 0 100 0.0 0.0 0.0
10 20 397 2902.6872563902634 14786519.435579019 42920641532.02217
11 2 9 9.541850352986048 23.78240930402918 226.9281906125095
12 1 12 1.0 22.891970023971037 22.891970023971037
13 3 23 32.9215577265747 145.08021796711313 4776.266770788355
14 1 30 1.0 72.61998620345668 72.61998620345668
15 0 100 0.0 0.0 0.0
16 0 100 0.0 0.0 0.0
17 0 100 0.0 0.0 0.0
18 1 11 1.0 20.51504931294799 20.51504931294799
19 4 52 75.61186198841948 859.6554919481086 65000.15241476724
20 0 100 0.0 0.0 0.0
21 3 39 32.9215577265747 335.47304520277595 11044.29522335299
22 0 100 0.0 0.0 0.0
23 11 208 942.9223974109915 202787.05554931142 191212456.58247262
24 0 100 0.0 0.0 0.0
25 0 100 0.0 0.0 0.0
26 1 23 1.0 51.960050539976365 51.960050539976365
27 2 37 9.541850352986048 182.69988024795316 1743.2949168344405
28 0 100 0.0 0.0 0.0
29 0 100 0.0 0.0 0.0
30 0 100 0.0 0.0 0.0
31 0 6 0.0 6.0 0.0
32 1 28 1.0 66.57403288693754 66.57403288693754
33 0 100 0.0 0.0 0.0
34 2 31 9.541850352986048 141.5519192260369 1350.6672304328126
35 2 10 9.541850352986048 27.685321443873434 264.16919419175593
36 1 103 1.0 3.9914906122521803 3.9914906122521803
37 0 100 0.0 0.0 0.0
38 19 388 2668.9360872348193 10645607.316489683 28412445537.51034
39 2 38 9.541850352986048 189.8638195218893 1811.6521533242187
40 12 156 1131.8354418063404 143472.92176020972 162387737.7877135
41 1 9 1.0 15.931997307697284 15.931997307697284
42 1 11 1.0 20.51504931294799 20.51504931294799
43 2 15 9.541850352986048 49.68406405407534 474.0779041321602
44 1 100 1.0 0.0 0.0
45 2 13 9.541850352986048 40.41888428935346 385.6709453236695
46 1 17 1.0 35.503281577765854 35.503281577765854
47 0 100 0.0 0.0 0.0
48 0 5 0.0 5.0 0.0
49 0 5 0.0 5.0 0.0
50 0 5 0.0 5.0 0.0
51 5 58 139.6884681067044 1600.889370701534 223625.7838016033
52 1 34 1.0 85.02419427196995 85.02419427196995
53 0 100 0.0 0.0 0.0
54 0 100 0.0 0.0 0.0
55 0 100 0.0 0.0 0.0
56 1 6 1.0 9.55892689827884 9.55892689827884
57 0 5 0.0 5.0 0.0
58 1 14 1.0 27.799106543625292 27.799106543625292
59 0 100 0.0 0.0 0.0
60 0 100 0.0 0.0 0.0
61 0 100 0.0 0.0 0.0
62 0 100 0.0 0.0 0.0
63 2 12 9.541850352986048 36.01211998010309 343.62225974392254
64 11 241 942.9223974109915 284091.1267628438 267875886.33041057
65 0 5 0.0 5.0 0.0
66 3 80 32.9215577265747 1049.4627962762117 34549.95002949981
67 0 100 0.0 0.0 0.0
68 1 8 1.0 13.734791927877684 13.734791927877684
69 0 100 0.0 0.0 0.0
70 0 100 0.0 0.0 0.0
71 0 6 0.0 6.0 0.0
72 0 11 0.0 11.0 0.0
73 0 100 0.0 0.0 0.0
74 20 290 2902.6872563902634 6216835.390701198 18045528863.664352
75 0 100 0.0 0.0 0.0
76 1 10 1.0 18.1937008646705 18.1937008646705
77 15 240 1756.7778603087352 994847.4549542126 1747725983.2480526
78 2 41 9.541850352986048 211.85407612585806 2021.4798910630518
79 0 100 0.0 0.0 0.0
80 14 256 1540.4353185285338 869421.7094878121 1339287907.9904802
81 0 11 0.0 11.0 0.0
82 4 156 75.61186198841948 975.7969952136767 73781.82773081094
83 0 100 0.0 0.0 0.0
84 1 18 1.0 38.15436697768484 38.15436697768484
85 0 100 0.0 0.0 0.0
86 1 18 1.0 38.15436697768484 38.15436697768484
87 0 100 0.0 0.0 0.0
88 0 100 0.0 0.0 0.0
89 1 28 1.0 66.57403288693754 66.57403288693754
90 0 100 0.0 0.0 0.0
91 0 11 0.0 11.0 0.0
92 17 273 2206.0678959513543 2424109.826939973 5347750865.472468
93 3 33 32.9215577265747 257.33012181535685 8471.708460130769
94 0 100 0.0 0.0 0.0
95 0 5 0.0 5.0 0.0
96 1 11 1.0 20.51504931294799 20.51504931294799
97 15 238 1756.7778603087352 974089.068909004 1711258110.2280881
98 11 217 942.9223974109915 223438.22310636984 210684905.00471026
99 7 133 332.66880679862265 17689.0 5884578.523460836
100 18 373 2436.3877014920204 7283700.620526351 17745918613.2002
101 13 238 1331.5823725933528 534427.2179083251 711633862.8008324
102 0 100 0.0 0.0 0.0
103 2 143 9.541850352986048 226.91812071099523 2165.21875020514
104 15 288 1756.7778603087352 1575000.625354255 2766926228.594768
105 1 19 1.0 40.84402933782601 40.84402933782601
106 0 100 0.0 0.0 0.0
107 2 6 9.541850352986048 13.252209915340185 126.45060385853394
108 0 100 0.0 0.0 0.0
109 0 100 0.0 0.0 0.0
110 16 275 1979.1134619514044 1871592.2972534716 3704093510.7789
111 12 262 1131.8354418063404 485551.9600965678 549564917.2758334
112 0 100 0.0 0.0 0.0
113 1 22 1.0 49.12998068819353 49.12998068819353
114 2 43 9.541850352986048 226.91812071099523 2165.21875020514
115 17 356 2206.0678959513543 4860608.308751754 10722831944.731653
116 0 100 0.0 0.0 0.0
117 0 100 0.0 0.0 0.0
118 14 206 1540.4353185285338 508729.9161000203 783665530.352529
119 15 187 1756.7778603087352 530496.0129291953 931963650.4960668
120 10 269 766.6651705632711 90110.55718762161 69084625.69579932
121 9 148 604.9491004987461 47390.045546024034 28668565.42566185
122 14 248 1540.4353185285338 803943.7192296556 1238423299.2105486
123 13 292 1331.5823725933528 874829.4763397519 1164907509.7190871
124 18 290 2436.3877014920204 3721061.75277559 9065949090.954788
125 1 18 1.0 38.15436697768484 38.15436697768484
126 11 163 942.9223974109915 116050.04572860713 109426187.33807343
127 0 100 0.0 0.0 0.0
128 7 237 332.66880679862265 18769.0 6243860.834803348
129 9 218 604.9491004987461 109157.05018253595 66034459.32102162
130 2 49 9.541850352986048 273.9583678426836 2614.069748903192
131 15 290 1756.7778603087352 1602707.028719395 2815600224.6154294
132 22 310 3370.209833397988 12164695.880413907 40997577676.46694
133 6 140 225.58275470837765 12746.625951622225 2875418.9954042374
134 15 213 1756.7778603087352 736459.6361503325 1293795983.7999308
135 14 242 1540.4353185285338 756822.8547786536 1165836655.3706295
136 14 269 1540.4353185285338 982391.0802346964 1513309916.600925
137 17 358 2206.0678959513543 4932498.523171589 10881426638.796309
138 1 11 1.0 20.51504931294799 20.51504931294799
139 3 38 32.9215577265747 321.92161897300775 10598.16116245226
140 7 140 332.66880679862265 19600.0 6520308.613253004
141 13 192 1331.5823725933528 318478.99429131305 424081014.8395715
142 10 155 766.6651705632711 74345.3976110817 56998026.94009416
143 21 468 3136.7198300107975 30348267.458371043 95194012343.14383
144 13 291 1331.5823725933528 867626.1382352317 1155315671.6752782
145 15 305 1756.7778603087352 1819882.3946090278 3197129099.214785
146 1 19 1.0 40.84402933782601 40.84402933782601
147 13 210 1331.5823725933528 395256.36191619065 526316404.1829781
148 10 191 766.6651705632711 118296.7449298396 90693994.12871525
149 3 49 32.9215577265747 481.96892224029307 15867.1676959488
150 18 324 2436.3877014920204 5001985.684092617 12186776403.762402
151 3 35 32.9215577265747 282.5239294230334 9301.12785163911
152 6 212 225.58275470837765 8317.887761606735 1876372.0346183486
153 12 195 1131.8354418063404 242458.72541212823 274423378.5966383
154 11 285 942.9223974109915 417053.47962719476 393249066.8586706
155 10 117 766.6651705632711 39774.44974103781 30493685.294773005
156 16 263 1979.1134619514044 1668736.119595552 3302618118.736106
157 14 245 1540.4353185285338 780171.793783506 1201804185.6638727
158 4 82 75.61186198841948 1873.1633591984112 141633.36939747448
159 11 221 942.9223974109915 232979.898453666 219681964.3985001
160 11 265 942.9223974109915 353059.6856598175 332907885.23152614
161 21 328 3136.7198300107975 11209273.376395466 35160350079.75175
162 15 286 1756.7778603087352 1547585.1108618248 2718763259.7054935
163 1 18 1.0 38.15436697768484 38.15436697768484
164 12 219 1131.8354418063404 318542.5349918841 360537730.8266508
165 17 351 2206.0678959513543 4683728.592295987 10332623280.813606
166 0 100 0.0 0.0 0.0
167 14 199 1540.4353185285338 467153.07741970307 719619099.6166052
168 1 104 1.0 5.735193251789799 5.735193251789799
169 4 97 75.61186198841948 2496.5017632734202 188765.14677847573
170 3 36 32.9215577265747 295.444715883087 9726.500268956508
171 18 328 2436.3877014920204 5168468.9616496805 12592394213.706514
172 0 100 0.0 0.0 0.0
173 5 78 139.6884681067044 2742.610069160227 383110.9991750147
174 4 56 75.61186198841948 975.7969952136767 73781.82773081094
175 12 179 1131.8354418063404 198249.2157972227 224385488.7496101
176 17 309 2206.0678959513543 3353800.745205272 7398712153.415078
177 7 61 332.66880679862265 3721.0 1237860.630097675
178 15 294 1756.7778603087352 1658996.69209108 2914488658.991037
179 6 131 225.58275470837765 11225.205072627472 2532212.6824497594
180 3 58 32.9215577265747 629.8939717412368 20737.090752300537
181 1 32 1.0 78.7716859795011 78.7716859795011
182 0 5 0.0 5.0 0.0
183 14 229 1540.4353185285338 660472.5308888281 1017415213.4990788
184 14 301 1540.4353185285338 1296195.8255729612 1996705829.4418404
185 20 408 2902.6872563902634 15944593.084384663 46282167154.37169
186 3 32 32.9215577265747 245.06238675558936 8067.83551218631
187 4 102 75.61186198841948 2720.557944067154 205706.4517983039
188 5 79 139.6884681067044 2806.8374672292675 392082.8260217585
189 24 329 3832.71054120725 22925850.506621677 87868148902.87048
190 13 275 1331.5823725933528 757074.8545469204 1008107531.0483557
191 2 34 9.541850352986048 161.72412498062124 1543.1473990327004
192 14 215 1540.4353185285338 565311.5939489864 870825945.29268
193 15 383 1756.7778603087352 3230375.6112799435 5675052354.377902
194 11 138 942.9223974109915 79268.40782369916 74743957.1440746
195 12 234 1131.8354418063404 372236.9047172307 421310921.50725144
196 21 330 3136.7198300107975 11401844.515856873 35764391791.58811
197 15 239 1756.7778603087352 984435.2604830556 1729434070.5238948
198 11 149 942.9223974109915 94483.18968962383 89090315.73717758
199 24 379 3832.71054120725 34672630.41840937 132890156096.02074
