0 0 7 0.0 7.0 0.0
1 0 100 0.0 0.0 0.0
2 0 10 0.0 10.0 0.0
3 0 100 0.0 0.0 0.0
4 0 100 0.0 0.0 0.0
5 0 100 0.0 0.0 0.0
6 0 6 0.0 6.0 0.0
7 2 30 9.541850352986048 135.01359299654277 1288.2794999919763
8 0 100 0.0 0.0 0.0
9 0 10 0.0 10.0 0.0
10 2 11 9.541850352986048 31.76494829034237 303.0963830567869
11 0 5 0.0 5.0 0.0
12 0 8 0.0 8.0 0.0
13 0 6 0.0 6.0 0.0
14 1 10 1.0 18.1937008646705 18.1937008646705
15 0 6 0.0 6.0 0.0
16 0 100 0.0 0.0 0.0
17 2 12 9.541850352986048 36.01211998010309 343.62225974392254
18 1 103 1.0 3.9914906122521803 3.9914906122521803
19 0 9 0.0 9.0 0.0
20 2 21 9.541850352986048 80.71796600694597 770.1987524356932
21 1 19 1.0 40.84402933782601 40.84402933782601
22 3 38 32.9215577265747 321.92161897300775 10598.16116245226
23 0 10 0.0 10.0 0.0
24 1 100 1.0 0.0 0.0
25 0 100 0.0 0.0 0.0
26 0 100 0.0 0.0 0.0
27 0 10 0.0 10.0 0.0
28 0 6 0.0 6.0 0.0
29 0 100 0.0 0.0 0.0
30 0 5 0.0 5.0 0.0
31 2 17 9.541850352986048 59.51335422080222 567.8675199791454
32 0 100 0.0 0.0 0.0
33 0 100 0.0 0.0 0.0
34 1 9 1.0 15.931997307697284 15.931997307697284
35 0 6 0.0 6.0 0.0
36 0 7 0.0 7.0 0.0
37 0 6 0.0 6.0 0.0
38 1 9 1.0 15.931997307697284 15.931997307697284
39 0 10 0.0 10.0 0.0
40 0 100 0.0 0.0 0.0
41 0 100 0.0 0.0 0.0
42 1 14 1.0 27.799106543625292 27.799106543625292
43 0 5 0.0 5.0 0.0
44 0 100 0.0 0.0 0.0
45 0 10 0.0 10.0 0.0
46 0 100 0.0 0.0 0.0
47 0 100 0.0 0.0 0.0
48 1 14 1.0 27.799106543625292 27.799106543625292
49 1 8 1.0 13.734791927877684 13.734791927877684
50 0 6 0.0 6.0 0.0
51 0 10 0.0 10.0 0.0
52 0 10 0.0 10.0 0.0
53 0 9 0.0 9.0 0.0
54 0 100 0.0 0.0 0.0
55 0 100 0.0 0.0 0.0
56 0 10 0.0 10.0 0.0
57 0 100 0.0 0.0 0.0
58 0 10 0.0 10.0 0.0
59 0 100 0.0 0.0 0.0
60 0 6 0.0 6.0 0.0
61 0 100 0.0 0.0 0.0
62 0 100 0.0 0.0 0.0
63 0 100 0.0 0.0 0.0
64 0 100 0.0 0.0 0.0
65 0 8 0.0 8.0 0.0
66 0 5 0.0 5.0 0.0
67 1 107 1.0 11.607984241186918 11.607984241186918
68 0 5 0.0 5.0 0.0
69 0 5 0.0 5.0 0.0
70 1 6 1.0 9.55892689827884 9.55892689827884
71 0 6 0.0 6.0 0.0
72 0 11 0.0 11.0 0.0
73 0 100 0.0 0.0 0.0
74 0 10 0.0 10.0 0.0
75 0 100 0.0 0.0 0.0
76 0 100 0.0 0.0 0.0
77 0 6 0.0 6.0 0.0
78 0 100 0.0 0.0 0.0
79 1 10 1.0 18.1937008646705 18.1937008646705
80 1 102 1.0 2.3948263510722025 2.3948263510722025
81 1 10 1.0 18.1937008646705 18.1937008646705
82 1 11 1.0 20.51504931294799 20.51504931294799
83 0 10 0.0 10.0 0.0
84 0 10 0.0 10.0 0.0
85 0 100 0.0 0.0 0.0
86 1 14 1.0 27.799106543625292 27.799106543625292
87 0 100 0.0 0.0 0.0
88 1 12 1.0 22.891970023971037 22.891970023971037
89 0 8 0.0 8.0 0.0
90 0 100 0.0 0.0 0.0
91 1 103 1.0 3.9914906122521803 3.9914906122521803
92 0 100 0.0 0.0 0.0
93 0 100 0.0 0.0 0.0
94 0 100 0.0 0.0 0.0
95 1 9 1.0 15.931997307697284 15.931997307697284
96 1 8 1.0 13.734791927877684 13.734791927877684
97 3 39 32.9215577265747 335.47304520277595 11044.29522335299
98 0 100 0.0 0.0 0.0
99 0 100 0.0 0.0 0.0
100 0 10 0.0 10.0 0.0
101 0 100 0.0 0.0 0.0
102 0 6 0.0 6.0 0.0
103 0 6 0.0 6.0 0.0
104 1 105 1.0 7.59708563275366 7.59708563275366
105 0 100 0.0 0.0 0.0
106 0 10 0.0 10.0 0.0
107 0 5 0.0 5.0 0.0
108 0 100 0.0 0.0 0.0
109 0 5 0.0 5.0 0.0
110 0 10 0.0 10.0 0.0
111 1 104 1.0 5.735193251789799 5.735193251789799
112 1 9 1.0 15.931997307697284 15.931997307697284
113 0 100 0.0 0.0 0.0
114 2 109 9.541850352986048 23.78240930402918 226.9281906125095
115 0 9 0.0 9.0 0.0
116 1 105 1.0 7.59708563275366 7.59708563275366
117 1 105 1.0 7.59708563275366 7.59708563275366
118 0 100 0.0 0.0 0.0
119 1 106 1.0 9.55892689827884 9.55892689827884
120 1 105 1.0 7.59708563275366 7.59708563275366
121 1 106 1.0 9.55892689827884 9.55892689827884
122 1 20 1.0 43.57075425423803 43.57075425423803
123 0 100 0.0 0.0 0.0
124 2 17 9.541850352986048 59.51335422080222 567.8675199791454
125 1 11 1.0 20.51504931294799 20.51504931294799
126 1 103 1.0 3.9914906122521803 3.9914906122521803
127 1 103 1.0 3.9914906122521803 3.9914906122521803
128 1 24 1.0 54.8222930413608 54.8222930413608
129 0 100 0.0 0.0 0.0
130 2 10 9.541850352986048 27.685321443873434 264.16919419175593
131 0 100 0.0 0.0 0.0
132 0 100 0.0 0.0 0.0
133 2 12 9.541850352986048 36.01211998010309 343.62225974392254
134 1 9 1.0 15.931997307697284 15.931997307697284
135 0 6 0.0 6.0 0.0
136 0 100 0.0 0.0 0.0
137 3 18 32.9215577265747 98.31525163284788 3236.6912320335186
138 1 9 1.0 15.931997307697284 15.931997307697284
139 1 101 1.0 1.0 1.0
140 1 9 1.0 15.931997307697284 15.931997307697284
141 2 109 9.541850352986048 23.78240930402918 226.9281906125095
142 2 19 9.541850352986048 69.8685662777562 666.6754038000371
143 2 26 9.541850352986048 109.8359986590007 1048.0386625749609
144 2 111 9.541850352986048 31.76494829034237 303.0963830567869
145 0 100 0.0 0.0 0.0
146 0 10 0.0 10.0 0.0
147 0 100 0.0 0.0 0.0
148 1 12 1.0 22.891970023971037 22.891970023971037
149 0 100 0.0 0.0 0.0
150 0 6 0.0 6.0 0.0
151 1 103 1.0 3.9914906122521803 3.9914906122521803
152 1 105 1.0 7.59708563275366 7.59708563275366
153 0 100 0.0 0.0 0.0
154 1 10 1.0 18.1937008646705 18.1937008646705
155 0 100 0.0 0.0 0.0
156 1 104 1.0 5.735193251789799 5.735193251789799
157 1 12 1.0 22.891970023971037 22.891970023971037
158 0 100 0.0 0.0 0.0
159 0 100 0.0 0.0 0.0
160 2 12 9.541850352986048 36.01211998010309 343.62225974392254
161 1 11 1.0 20.51504931294799 20.51504931294799
162 0 100 0.0 0.0 0.0
163 1 10 1.0 18.1937008646705 18.1937008646705
164 1 103 1.0 3.9914906122521803 3.9914906122521803
165 0 100 0.0 0.0 0.0
166 2 18 9.541850352986048 64.62733255388774 616.6643359418604
167 2 23 9.541850352986048 92.0346545141889 878.1809006631623
168 2 20 9.541850352986048 75.23327232919837 717.8646261306569
169 0 100 0.0 0.0 0.0
170 1 107 1.0 11.607984241186918 11.607984241186918
171 1 11 1.0 20.51504931294799 20.51504931294799
172 0 6 0.0 6.0 0.0
173 2 7 9.541850352986048 16.551687764173284 157.9337277350917
174 2 112 9.541850352986048 36.01211998010309 343.62225974392254
175 0 100 0.0 0.0 0.0
176 0 100 0.0 0.0 0.0
177 3 22 32.9215577265747 135.19579244279535 4450.856085295499
178 4 43 75.61186198841948 621.143248020611 46965.797544373054
179 1 16 1.0 32.892441635375256 32.892441635375256
180 1 105 1.0 7.59708563275366 7.59708563275366
181 2 22 9.541850352986048 86.31942417916456 823.6470280735138
182 1 10 1.0 18.1937008646705 18.1937008646705
183 1 13 1.0 25.320989780782124 25.320989780782124
184 1 14 1.0 27.799106543625292 27.799106543625292
185 0 10 0.0 10.0 0.0
186 1 20 1.0 43.57075425423803 43.57075425423803
187 0 100 0.0 0.0 0.0
188 2 15 9.541850352986048 49.68406405407534 474.0779041321602
189 2 16 9.541850352986048 54.53075711894446 520.3243240639966
190 3 18 32.9215577265747 98.31525163284788 3236.6912320335186
191 1 105 1.0 7.59708563275366 7.59708563275366
192 2 36 9.541850352986048 175.6210676402407 1675.7499462548174
193 5 58 139.6884681067044 1600.889370701534 223625.7838016033
194 3 123 32.9215577265747 145.08021796711313 4776.266770788355
195 2 13 9.541850352986048 40.41888428935346 385.6709453236695
196 2 15 9.541850352986048 49.68406405407534 474.0779041321602
197 2 15 9.541850352986048 49.68406405407534 474.0779041321602
198 2 26 9.541850352986048 109.8359986590007 1048.0386625749609
199 1 101 1.0 1.0 1.0
